{
    "accessors": {
        "attrbute_1": {
            "bufferView": "bufferView_37",
            "byteOffset": 0,
            "byteStride": 12,
            "count": 2241,
            "max": [
                54.950050354003906,
                75.1161117553711,
                206.17018127441406,
                0
            ],
            "min": [
                -53.86356735229492,
                -44.60614013671875,
                -0.49678897857666016,
                0
            ],
            "type": 35665
        },
        "attrbute_10": {
            "bufferView": "bufferView_37",
            "byteOffset": 142972,
            "byteStride": 16,
            "count": 266,
            "max": [
                2,
                -1,
                -1,
                -1
            ],
            "min": [
                0,
                -1,
                -1,
                -1
            ],
            "type": 35666
        },
        "attrbute_11": {
            "bufferView": "bufferView_37",
            "byteOffset": 147228,
            "byteStride": 12,
            "count": 266,
            "max": [
                1,
                0,
                0
            ],
            "min": [
                1,
                0,
                0
            ],
            "type": 35665
        },
        "attrbute_13": {
            "bufferView": "bufferView_37",
            "byteOffset": 150420,
            "byteStride": 12,
            "count": 294,
            "max": [
                33.057098388671875,
                16.31330108642578,
                136.608642578125,
                0
            ],
            "min": [
                -33.05710220336914,
                -43.3989143371582,
                67.24283599853516,
                0
            ],
            "type": 35665
        },
        "attrbute_14": {
            "bufferView": "bufferView_37",
            "byteOffset": 153948,
            "byteStride": 12,
            "count": 294,
            "max": [
                0.9961814284324646,
                0.8197150230407715,
                0.9989616274833679,
                0
            ],
            "min": [
                -0.9959420561790466,
                -0.9960147142410278,
                -0.9989616274833679,
                0
            ],
            "type": 35665
        },
        "attrbute_15": {
            "bufferView": "bufferView_37",
            "byteOffset": 157476,
            "byteStride": 8,
            "count": 294,
            "max": [
                1.9865200519561768,
                0.9917219877243042
            ],
            "min": [
                0.0125644002109766,
                0.013610601425170898
            ],
            "type": 35664
        },
        "attrbute_16": {
            "bufferView": "bufferView_37",
            "byteOffset": 159828,
            "byteStride": 16,
            "count": 294,
            "max": [
                10,
                10,
                8,
                -1
            ],
            "min": [
                0,
                -1,
                -1,
                -1
            ],
            "type": 35666
        },
        "attrbute_17": {
            "bufferView": "bufferView_37",
            "byteOffset": 164532,
            "byteStride": 12,
            "count": 294,
            "max": [
                1,
                0.9615402817726135,
                0.14400839805603027
            ],
            "min": [
                0.03845970332622528,
                0,
                0
            ],
            "type": 35665
        },
        "attrbute_19": {
            "bufferView": "bufferView_37",
            "byteOffset": 168060,
            "byteStride": 12,
            "count": 1085,
            "max": [
                12.42659854888916,
                33.0878791809082,
                217.09217834472656,
                0
            ],
            "min": [
                -12.426602363586426,
                -31.62143325805664,
                160.57720947265625,
                0
            ],
            "type": 35665
        },
        "attrbute_2": {
            "bufferView": "bufferView_37",
            "byteOffset": 26892,
            "byteStride": 12,
            "count": 2241,
            "max": [
                0.999912679195404,
                0.9998040199279785,
                0.9994824528694153,
                0
            ],
            "min": [
                -0.9994298815727234,
                -0.9997724294662476,
                -0.9998816251754761,
                0
            ],
            "type": 35665
        },
        "attrbute_20": {
            "bufferView": "bufferView_37",
            "byteOffset": 181080,
            "byteStride": 12,
            "count": 1085,
            "max": [
                0.9959356188774109,
                0.9983731508255005,
                0.9995648860931396,
                0
            ],
            "min": [
                -0.9959355592727661,
                -0.9925875067710876,
                -0.9998079538345337,
                0
            ],
            "type": 35665
        },
        "attrbute_21": {
            "bufferView": "bufferView_37",
            "byteOffset": 194100,
            "byteStride": 8,
            "count": 1085,
            "max": [
                1.9908499717712402,
                0.9836900234222412
            ],
            "min": [
                0.01319899968802929,
                0.005316972732543945
            ],
            "type": 35664
        },
        "attrbute_22": {
            "bufferView": "bufferView_37",
            "byteOffset": 202780,
            "byteStride": 16,
            "count": 1085,
            "max": [
                3,
                3,
                3,
                -1
            ],
            "min": [
                0,
                -1,
                -1,
                -1
            ],
            "type": 35666
        },
        "attrbute_23": {
            "bufferView": "bufferView_37",
            "byteOffset": 220140,
            "byteStride": 12,
            "count": 1085,
            "max": [
                1,
                0.6780146360397339,
                0.3898530602455139
            ],
            "min": [
                0.3219853639602661,
                0,
                0
            ],
            "type": 35665
        },
        "attrbute_25": {
            "bufferView": "bufferView_37",
            "byteOffset": 233160,
            "byteStride": 12,
            "count": 142,
            "max": [
                14.242335319519043,
                3.6774041652679443,
                178.3712921142578,
                0
            ],
            "min": [
                -38.79483413696289,
                -40.83399200439453,
                155.0205535888672,
                0
            ],
            "type": 35665
        },
        "attrbute_26": {
            "bufferView": "bufferView_37",
            "byteOffset": 234864,
            "byteStride": 12,
            "count": 142,
            "max": [
                0.45393508672714233,
                0.9828498959541321,
                0.9917855858802795,
                0
            ],
            "min": [
                -0.9944952130317688,
                -0.971572756767273,
                -0.2053527981042862,
                0
            ],
            "type": 35665
        },
        "attrbute_27": {
            "bufferView": "bufferView_37",
            "byteOffset": 236568,
            "byteStride": 8,
            "count": 142,
            "max": [
                1.7399499416351318,
                0.976269006729126
            ],
            "min": [
                0.011690500192344189,
                0.0319133996963501
            ],
            "type": 35664
        },
        "attrbute_28": {
            "bufferView": "bufferView_37",
            "byteOffset": 237704,
            "byteStride": 16,
            "count": 142,
            "max": [
                4,
                4,
                3,
                -1
            ],
            "min": [
                0,
                -1,
                -1,
                -1
            ],
            "type": 35666
        },
        "attrbute_29": {
            "bufferView": "bufferView_37",
            "byteOffset": 239976,
            "byteStride": 12,
            "count": 142,
            "max": [
                1,
                0.949999988079071,
                0.5385224223136902
            ],
            "min": [
                0.05000000074505806,
                0,
                0
            ],
            "type": 35665
        },
        "attrbute_3": {
            "bufferView": "bufferView_37",
            "byteOffset": 53784,
            "byteStride": 8,
            "count": 2241,
            "max": [
                1.991070032119751,
                0.9926289916038513
            ],
            "min": [
                0.009482000023126602,
                0.007892012596130371
            ],
            "type": 35664
        },
        "attrbute_31": {
            "bufferView": "bufferView_37",
            "byteOffset": 241680,
            "byteStride": 12,
            "count": 369,
            "max": [
                8.538924217224121,
                85.23371124267578,
                12.3397798538208,
                0
            ],
            "min": [
                -7.704932689666748,
                -85.21903228759766,
                -12.339851379394531,
                0
            ],
            "type": 35665
        },
        "attrbute_32": {
            "bufferView": "bufferView_37",
            "byteOffset": 246108,
            "byteStride": 12,
            "count": 369,
            "max": [
                0.9995856285095215,
                0.9972015023231506,
                0.9992906451225281,
                0
            ],
            "min": [
                -0.9996261596679688,
                -0.9999722838401794,
                -0.9993783235549927,
                0
            ],
            "type": 35665
        },
        "attrbute_33": {
            "bufferView": "bufferView_37",
            "byteOffset": 250536,
            "byteStride": 8,
            "count": 369,
            "max": [
                1.9673000574111938,
                0.9884999990463257
            ],
            "min": [
                0.015599999576807022,
                0.01690000295639038
            ],
            "type": 35664
        },
        "attrbute_34": {
            "bufferView": "bufferView_37",
            "byteOffset": 253488,
            "byteStride": 16,
            "count": 369,
            "max": [
                0,
                -1,
                -1,
                -1
            ],
            "min": [
                0,
                -1,
                -1,
                -1
            ],
            "type": 35666
        },
        "attrbute_35": {
            "bufferView": "bufferView_37",
            "byteOffset": 259392,
            "byteStride": 12,
            "count": 369,
            "max": [
                1,
                0,
                0
            ],
            "min": [
                1,
                0,
                0
            ],
            "type": 35665
        },
        "attrbute_4": {
            "bufferView": "bufferView_37",
            "byteOffset": 71712,
            "byteStride": 16,
            "count": 2241,
            "max": [
                43,
                43,
                34,
                -1
            ],
            "min": [
                0,
                -1,
                -1,
                -1
            ],
            "type": 35666
        },
        "attrbute_5": {
            "bufferView": "bufferView_37",
            "byteOffset": 107568,
            "byteStride": 12,
            "count": 2241,
            "max": [
                1,
                0.9998923540115356,
                0.9638834595680237
            ],
            "min": [
                0.0001076720654964447,
                0,
                0
            ],
            "type": 35665
        },
        "attrbute_7": {
            "bufferView": "bufferView_37",
            "byteOffset": 134460,
            "byteStride": 12,
            "count": 266,
            "max": [
                31.680522918701172,
                -4.7868804931640625,
                156.4468536376953,
                0
            ],
            "min": [
                -49.88319396972656,
                -28.778627395629883,
                29.369544982910156,
                0
            ],
            "type": 35665
        },
        "attrbute_8": {
            "bufferView": "bufferView_37",
            "byteOffset": 137652,
            "byteStride": 12,
            "count": 266,
            "max": [
                0.9905634522438049,
                0.9569385051727295,
                0.9798138737678528,
                0
            ],
            "min": [
                -0.9800291061401367,
                -0.98189777135849,
                -0.9808473587036133,
                0
            ],
            "type": 35665
        },
        "attrbute_9": {
            "bufferView": "bufferView_37",
            "byteOffset": 140844,
            "byteStride": 8,
            "count": 266,
            "max": [
                0.9903510212898254,
                0.9842730164527893
            ],
            "min": [
                0.007414550054818392,
                0.02213531732559204
            ],
            "type": 35664
        },
        "indices_12": {
            "bufferView": "bufferView_39",
            "byteOffset": 21324,
            "count": 1128,
            "type": 5123
        },
        "indices_18": {
            "bufferView": "bufferView_39",
            "byteOffset": 23580,
            "count": 1242,
            "type": 5123
        },
        "indices_24": {
            "bufferView": "bufferView_39",
            "byteOffset": 26064,
            "count": 4266,
            "type": 5123
        },
        "indices_30": {
            "bufferView": "bufferView_39",
            "byteOffset": 34596,
            "count": 396,
            "type": 5123
        },
        "indices_36": {
            "bufferView": "bufferView_39",
            "byteOffset": 35388,
            "count": 1308,
            "type": 5123
        },
        "indices_6": {
            "bufferView": "bufferView_39",
            "byteOffset": 0,
            "count": 10662,
            "type": 5123
        }
    },
    "animations": {},
    "asset": {},
    "bufferViews": {
        "bufferView_37": {
            "buffer": "enchantress.bin",
            "byteLength": 263820,
            "byteOffset": 0,
            "target": 34962
        },
        "bufferView_38": {
            "buffer": "enchantress.bin",
            "byteLength": 5888,
            "byteOffset": 263820
        },
        "bufferView_39": {
            "buffer": "enchantress.bin",
            "byteLength": 38004,
            "byteOffset": 269708,
            "target": 34963
        }
    },
    "buffers": {
        "enchantress.bin": {
            "byteLength": 307712,
            "path": "enchantress.bin"
        }
    },
    "cameras": {},
    "images": {
        "image_0": {
            "path": "textures/enchantress_body_color.png"
        },
        "image_1": {
            "path": "textures/enchantress_bracers_color.png"
        },
        "image_2": {
            "path": "textures/enchantress_dress_color.png"
        },
        "image_3": {
            "path": "textures/enchantress_hair_color.png"
        },
        "image_4": {
            "path": "textures/enchantress_necklace_color.png"
        },
        "image_5": {
            "path": "textures/enchantress_weapon_color_1.png"
        }
    },
    "lights": {},
    "materials": {
        "Material #35": {
            "instanceTechnique": {
                "technique": "technique_0",
                "values": {
                    "ambient": [
                        0.5879999995231628,
                        0.5879999995231628,
                        0.5879999995231628
                    ],
                    "diffuse": "Map #7",
                    "emission": [
                        0,
                        0,
                        0
                    ],
                    "shininess": 2,
                    "specular": [
                        0.8999999761581421,
                        0.8999999761581421,
                        0.8999999761581421
                    ],
                    "transparency": 1
                }
            },
            "name": "Material #35"
        },
        "Material #46": {
            "instanceTechnique": {
                "technique": "technique_0",
                "values": {
                    "ambient": [
                        0.5879999995231628,
                        0.5879999995231628,
                        0.5879999995231628
                    ],
                    "diffuse": "Map #8",
                    "emission": [
                        0,
                        0,
                        0
                    ],
                    "shininess": 2,
                    "specular": [
                        0.8999999761581421,
                        0.8999999761581421,
                        0.8999999761581421
                    ],
                    "transparency": 1
                }
            },
            "name": "Material #46"
        },
        "Material #57": {
            "instanceTechnique": {
                "technique": "technique_0",
                "values": {
                    "ambient": [
                        0.5879999995231628,
                        0.5879999995231628,
                        0.5879999995231628
                    ],
                    "diffuse": "Map #9",
                    "emission": [
                        0,
                        0,
                        0
                    ],
                    "shininess": 2,
                    "specular": [
                        0.8999999761581421,
                        0.8999999761581421,
                        0.8999999761581421
                    ],
                    "transparency": 1
                }
            },
            "name": "Material #57"
        },
        "Material #68": {
            "instanceTechnique": {
                "technique": "technique_0",
                "values": {
                    "ambient": [
                        0.5879999995231628,
                        0.5879999995231628,
                        0.5879999995231628
                    ],
                    "diffuse": "Map #10",
                    "emission": [
                        0,
                        0,
                        0
                    ],
                    "shininess": 2,
                    "specular": [
                        0.8999999761581421,
                        0.8999999761581421,
                        0.8999999761581421
                    ],
                    "transparency": 1
                }
            },
            "name": "Material #68"
        },
        "Material #79": {
            "instanceTechnique": {
                "technique": "technique_0",
                "values": {
                    "ambient": [
                        0.5879999995231628,
                        0.5879999995231628,
                        0.5879999995231628
                    ],
                    "diffuse": "Map #11",
                    "emission": [
                        0,
                        0,
                        0
                    ],
                    "shininess": 2,
                    "specular": [
                        0.8999999761581421,
                        0.8999999761581421,
                        0.8999999761581421
                    ],
                    "transparency": 1
                }
            },
            "name": "Material #79"
        },
        "Material #90": {
            "instanceTechnique": {
                "technique": "technique_0",
                "values": {
                    "ambient": [
                        0.5879999995231628,
                        0.5879999995231628,
                        0.5879999995231628
                    ],
                    "diffuse": "Map #13",
                    "emission": [
                        0,
                        0,
                        0
                    ],
                    "shininess": 2,
                    "specular": [
                        0.8999999761581421,
                        0.8999999761581421,
                        0.8999999761581421
                    ],
                    "transparency": 1
                }
            },
            "name": "Material #90"
        }
    },
    "meshes": {
        "enchantress_bracers_model_LOD0-mesh": {
            "name": "enchantress_bracers_model_LOD0-mesh",
            "primitives": [
                {
                    "attributes": {
                        "JOINT": "attrbute_10",
                        "NORMAL": "attrbute_8",
                        "POSITION": "attrbute_7",
                        "TEXCOORD_0": "attrbute_9",
                        "WEIGHT": "attrbute_11"
                    },
                    "indices": "indices_12",
                    "material": "Material #46"
                }
            ]
        },
        "enchantress_dress_model_LOD0-mesh": {
            "name": "enchantress_dress_model_LOD0-mesh",
            "primitives": [
                {
                    "attributes": {
                        "JOINT": "attrbute_16",
                        "NORMAL": "attrbute_14",
                        "POSITION": "attrbute_13",
                        "TEXCOORD_0": "attrbute_15",
                        "WEIGHT": "attrbute_17"
                    },
                    "indices": "indices_18",
                    "material": "Material #57"
                }
            ]
        },
        "enchantress_hair_model_LOD0-mesh": {
            "name": "enchantress_hair_model_LOD0-mesh",
            "primitives": [
                {
                    "attributes": {
                        "JOINT": "attrbute_22",
                        "NORMAL": "attrbute_20",
                        "POSITION": "attrbute_19",
                        "TEXCOORD_0": "attrbute_21",
                        "WEIGHT": "attrbute_23"
                    },
                    "indices": "indices_24",
                    "material": "Material #68"
                }
            ]
        },
        "enchantress_model_LOD0-mesh": {
            "name": "enchantress_model_LOD0-mesh",
            "primitives": [
                {
                    "attributes": {
                        "JOINT": "attrbute_4",
                        "NORMAL": "attrbute_2",
                        "POSITION": "attrbute_1",
                        "TEXCOORD_0": "attrbute_3",
                        "WEIGHT": "attrbute_5"
                    },
                    "indices": "indices_6",
                    "material": "Material #35"
                }
            ]
        },
        "enchantress_necklace_model_LOD0-mesh": {
            "name": "enchantress_necklace_model_LOD0-mesh",
            "primitives": [
                {
                    "attributes": {
                        "JOINT": "attrbute_28",
                        "NORMAL": "attrbute_26",
                        "POSITION": "attrbute_25",
                        "TEXCOORD_0": "attrbute_27",
                        "WEIGHT": "attrbute_29"
                    },
                    "indices": "indices_30",
                    "material": "Material #79"
                }
            ]
        },
        "enchantress_weapon_model_LOD0-mesh": {
            "name": "enchantress_weapon_model_LOD0-mesh",
            "primitives": [
                {
                    "attributes": {
                        "JOINT": "attrbute_34",
                        "NORMAL": "attrbute_32",
                        "POSITION": "attrbute_31",
                        "TEXCOORD_0": "attrbute_33",
                        "WEIGHT": "attrbute_35"
                    },
                    "indices": "indices_36",
                    "material": "Material #90"
                }
            ]
        }
    },
    "nodes": {
        "Ear_L2_0": {
            "children": [],
            "jointId": "Ear_L2_0",
            "matrix": [
                -0.7494494318962097,
                0.33824822306632973,
                0.569133758544922,
                0,
                0.2693778552301781,
                0.9410569490227737,
                -0.2045666040636188,
                0,
                -0.6047815962549238,
                -2.939845083270272e-7,
                -0.7963912129437013,
                0,
                0.9690017700195277,
                7.485729217529298,
                2.59820556640625,
                1
            ],
            "name": "Ear_L2_0"
        },
        "Ear_R3_0": {
            "children": [],
            "jointId": "Ear_R3_0",
            "matrix": [
                -0.7494483590126041,
                -0.3382330238819123,
                0.5691443681716921,
                0,
                -0.2693642495003528,
                0.9410622620940163,
                0.20455924070461767,
                0,
                -0.604788955615872,
                -5.583229604846776e-7,
                -0.7963854243775842,
                0,
                0.9689960479736364,
                -7.485998153686523,
                2.597991943359375,
                1
            ],
            "name": "Ear_R3_0"
        },
        "Hair1_0": {
            "children": [
                "Hair1_1"
            ],
            "jointId": "Hair1_0",
            "matrix": [
                -0.9902666211128233,
                1.495260588765425e-7,
                0.13918316364288333,
                0,
                -2.173634660134414e-7,
                -0.9999999999999999,
                -4.7219594989656365e-7,
                0,
                0.13918316364280967,
                -4.978532226673522e-7,
                0.9902666211128339,
                0,
                -12.508190155029297,
                -0.0000028662798285949975,
                13.159591674804688,
                1
            ],
            "name": "Hair1_0"
        },
        "Hair1_1": {
            "children": [
                "Hair1_2"
            ],
            "jointId": "Hair1_1",
            "matrix": [
                0.847811222076416,
                2.1293371332831162e-7,
                -0.5302984714508057,
                0,
                -3.978066861683496e-8,
                0.9999999999999998,
                3.379365125510838e-7,
                0,
                0.5302984714508536,
                -2.65410739929366e-7,
                0.847811222076386,
                0,
                15.746528625488274,
                0.0000014522229321300848,
                2.842170943040401e-14,
                1
            ],
            "name": "Hair1_1"
        },
        "Hair1_2": {
            "children": [],
            "jointId": "Hair1_2",
            "matrix": [
                1,
                -1.776356834768039e-14,
                -5.551115123125783e-17,
                0,
                1.776356812930471e-14,
                1.0000000000000002,
                -1.7763568473411843e-14,
                0,
                -1.6653345369377348e-16,
                1.7763568341062945e-14,
                1,
                0,
                8.580879211425781,
                3.983413989772038e-7,
                0.00001525878909092171,
                1
            ],
            "name": "Hair1_2"
        },
        "Index_0_L": {
            "children": [
                "Index_1_L"
            ],
            "jointId": "Index_0_L",
            "matrix": [
                0.9432696104049685,
                0.31874373555183416,
                -0.09297814965248108,
                0,
                0.12415860625541059,
                -0.07889857222414312,
                0.9891207219575101,
                0,
                0.3079401405445811,
                -0.9445514020646472,
                -0.11399738492200708,
                0,
                11.11428833007811,
                -1.6268234252929616,
                1.042053222656257,
                1
            ],
            "name": "Index_0_L"
        },
        "Index_0_R": {
            "children": [
                "Index_1_R"
            ],
            "jointId": "Index_0_R",
            "matrix": [
                0.9432693719863895,
                0.3187446892261505,
                -0.09297830611467361,
                0,
                0.12415880036671831,
                -0.07889842163675904,
                0.9891204153582803,
                0,
                0.3079411338971862,
                -0.9445513627160065,
                -0.11399745843941693,
                0,
                -11.114295959472656,
                1.626831054687507,
                -1.04205322265625,
                1
            ],
            "name": "Index_0_R"
        },
        "Index_1_L": {
            "children": [],
            "jointId": "Index_1_L",
            "matrix": [
                1.000000357627868,
                -5.215406417291568e-7,
                -1.192092896062924e-7,
                0,
                5.215406391201327e-7,
                1.0000004768371582,
                -5.438923834991116e-7,
                0,
                1.192095732682752e-7,
                5.438922566214366e-7,
                1.0000003576278125,
                0,
                4.880485534667969,
                -0.00000762939453125,
                -0.000005722045894884786,
                1
            ],
            "name": "Index_1_L"
        },
        "Index_1_R": {
            "children": [],
            "jointId": "Index_1_R",
            "matrix": [
                0.9999998211860658,
                7.450580541412677e-9,
                2.980232227667301e-8,
                0,
                -7.450568592637374e-9,
                1.0000000000000042,
                -4.4703483585706305e-7,
                0,
                -2.980232755023238e-8,
                4.47034782295741e-7,
                0.9999998807907239,
                0,
                -4.880462646484361,
                0.000011444091796875,
                3.552713678800501e-15,
                1
            ],
            "name": "Index_1_R"
        },
        "Staff4_0": {
            "children": [],
            "jointId": "Staff4_0",
            "matrix": [
                -0.26757505536079407,
                -0.4874784350395203,
                -0.8311251401901247,
                0,
                -0.9507931942737128,
                -0.006243079573832159,
                0.3097631100366431,
                0,
                -0.15619162714223417,
                0.8731130676914775,
                -0.46182071749570336,
                0,
                102.52320098876955,
                55.64686965942384,
                -36.97206878662109,
                1
            ],
            "name": "Staff4_0"
        },
        "Tail0_0": {
            "children": [
                "Tail0_1"
            ],
            "jointId": "Tail0_0",
            "matrix": [
                -0.8232020139694215,
                -4.644999191981162e-7,
                0.5677486062049867,
                0,
                -4.785322870235839e-7,
                1,
                1.2430004406814687e-7,
                0,
                -0.567748606204922,
                -1.6936199236830157e-7,
                -0.8232020139694661,
                0,
                -10.152637481689453,
                0,
                4.909538269042969,
                1
            ],
            "name": "Tail0_0"
        },
        "Tail0_1": {
            "children": [],
            "jointId": "Tail0_1",
            "matrix": [
                0.9999999999999996,
                1.1900503693595952e-7,
                0,
                0,
                -1.1900503693595965e-7,
                1,
                -3.552713606008607e-15,
                0,
                -1.1102230246251565e-16,
                3.5527136390958315e-15,
                0.9999999999999998,
                0,
                12.376754760742188,
                0,
                -0.000007629394524144573,
                1
            ],
            "name": "Tail0_1"
        },
        "Thumb_0_L": {
            "children": [
                "Thumb_1_L"
            ],
            "jointId": "Thumb_0_L",
            "matrix": [
                0.9584708809852599,
                0.12246530503034593,
                -0.25755709409713745,
                0,
                0.2777872480846102,
                -0.1964652982450579,
                0.9403383221482003,
                0,
                0.06455779618913998,
                -0.9728330976408056,
                -0.22232559525900522,
                0,
                3.1253509521484375,
                1.1875076293945384,
                -5.005155563354489,
                1
            ],
            "name": "Thumb_0_L"
        },
        "Thumb_0_R": {
            "children": [
                "Thumb_1_R"
            ],
            "jointId": "Thumb_0_R",
            "matrix": [
                0.9584707617759709,
                0.12246521562337875,
                -0.25755769014358537,
                0,
                0.2777877981109544,
                -0.1964655522609941,
                0.9403380116984608,
                0,
                0.06455750533943762,
                -0.9728332027072534,
                -0.2223259052453689,
                0,
                -3.1253509521484517,
                -1.1874923706054759,
                5.005142211914066,
                1
            ],
            "name": "Thumb_0_R"
        },
        "Thumb_1_L": {
            "children": [],
            "jointId": "Thumb_1_L",
            "matrix": [
                1.0000004768371582,
                7.45058058304604e-9,
                4.470348363705412e-8,
                0,
                -7.450602839548237e-9,
                1.0000003576278687,
                5.171168596896855e-7,
                0,
                -4.47034690931325e-8,
                -5.171167982505505e-7,
                1.0000002384186086,
                0,
                6.7018356323242045,
                0.0000019073486292597863,
                -0.000011444091796875,
                1
            ],
            "name": "Thumb_1_L"
        },
        "Thumb_1_R": {
            "children": [],
            "jointId": "Thumb_1_R",
            "matrix": [
                0.9999997615814208,
                1.7881393443719418e-7,
                -4.880130291123885e-7,
                0,
                -1.788141048009173e-7,
                0.9999994635581967,
                -4.582107067004071e-7,
                0,
                4.880130053674936e-7,
                4.5821098520332226e-7,
                0.9999998807907338,
                0,
                -6.7018508911132955,
                0.00003051757813210543,
                0.00000762939453125,
                1
            ],
            "name": "Thumb_1_R"
        },
        "ankle_A_L": {
            "children": [
                "toeBall_A_L"
            ],
            "jointId": "ankle_A_L",
            "matrix": [
                0.8423963785171509,
                -4.0168595205614116e-7,
                0.5388584136962893,
                0,
                -2.940059546619706e-7,
                0.9999999999999997,
                0.000001205057742481222,
                0,
                -0.5388584136966864,
                -0.0000011735638605164583,
                0.8423963785168966,
                0,
                34.45112991333008,
                -0.00000858306884765625,
                -0.00000762939453125,
                1
            ],
            "name": "ankle_A_L"
        },
        "ankle_A_R": {
            "children": [
                "toeBall_A_R"
            ],
            "jointId": "ankle_A_R",
            "matrix": [
                0.8423962593078614,
                1.7763568420472284e-14,
                0.5388583540916445,
                0,
                -1.8814374806926128e-14,
                1,
                -3.5527136026998846e-15,
                0,
                -0.5388583540916444,
                -7.145490494407393e-15,
                0.8423962593078613,
                0,
                -34.451164245605476,
                -0.000003814697267401357,
                0,
                1
            ],
            "name": "ankle_A_R"
        },
        "ankle_L": {
            "children": [
                "toeBall_L"
            ],
            "jointId": "ankle_L",
            "matrix": [
                0.9796664714813235,
                -0.06556656956672671,
                -0.1896186769008637,
                0,
                0.0000056374195390503555,
                0.9451040614522179,
                -0.32677007041078276,
                0,
                0.20063453248445662,
                0.32012454631323095,
                0.9258869380903776,
                0,
                38.64182662963867,
                -0.0000019073486292597863,
                -0.000014305114747870107,
                1
            ],
            "name": "ankle_L"
        },
        "ankle_R": {
            "children": [
                "toeBall_R"
            ],
            "jointId": "ankle_R",
            "matrix": [
                0.9796663522720337,
                -0.0703331977128983,
                -0.18790259957313532,
                0,
                0.000005826692542610969,
                0.9365523939664093,
                -0.350527436173456,
                0,
                0.20063435808540706,
                0.34339886242457235,
                0.9175093374563856,
                0,
                -38.64179229736329,
                -0.000003814697265625,
                0.000003814697263848643,
                1
            ],
            "name": "ankle_R"
        },
        "bicep_L": {
            "children": [
                "elbow_L"
            ],
            "jointId": "bicep_L",
            "matrix": [
                0.6278732419013977,
                0.3321186304092407,
                -0.7038981914520261,
                0,
                -0.7669680879813987,
                0.11014593913245861,
                -0.6321613363831364,
                0,
                -0.13242104243850322,
                0.9367847265103121,
                0.3238821095346035,
                0,
                9.678377151489258,
                0.000007629394524144573,
                -0.000030517578125,
                1
            ],
            "name": "bicep_L"
        },
        "bicep_R": {
            "children": [
                "elbow_R"
            ],
            "jointId": "bicep_R",
            "matrix": [
                0.6278733015060427,
                0.3321194946765901,
                -0.7038979530334475,
                0,
                -0.7669683151501537,
                0.11014670213183365,
                -0.632161322836511,
                0,
                -0.13242102227106978,
                0.9367843704411188,
                0.3238832082224524,
