{
    "animations": {},
    "asset": {},
    "attributes": {
        "attribute_1": {
            "bufferView": "bufferView_37",
            "byteOffset": 0,
            "byteStride": 12,
            "count": 1800,
            "max": [
                1,
                1,
                1
            ],
            "min": [
                0,
                0,
                0
            ],
            "type": "FLOAT_VEC3"
        },
        "attribute_10": {
            "bufferView": "bufferView_37",
            "byteOffset": 114432,
            "byteStride": 16,
            "count": 201,
            "max": [
                1,
                1,
                1
            ],
            "min": [
                0,
                0,
                0
            ],
            "type": "FLOAT_VEC4"
        },
        "attribute_11": {
            "bufferView": "bufferView_37",
            "byteOffset": 117648,
            "byteStride": 12,
            "count": 201,
            "max": [
                1,
                1,
                1
            ],
            "min": [
                0,
                0,
                0
            ],
            "type": "FLOAT_VEC3"
        },
        "attribute_13": {
            "bufferView": "bufferView_37",
            "byteOffset": 120060,
            "byteStride": 12,
            "count": 281,
            "max": [
                1,
                1,
                1
            ],
            "min": [
                0,
                0,
                0
            ],
            "type": "FLOAT_VEC3"
        },
        "attribute_14": {
            "bufferView": "bufferView_37",
            "byteOffset": 123432,
            "byteStride": 12,
            "count": 281,
            "max": [
                1,
                1,
                1
            ],
            "min": [
                0,
                0,
                0
            ],
            "type": "FLOAT_VEC3"
        },
        "attribute_15": {
            "bufferView": "bufferView_37",
            "byteOffset": 126804,
            "byteStride": 8,
            "count": 281,
            "max": [
                1,
                1,
                1
            ],
            "min": [
                0,
                0,
                0
            ],
            "type": "FLOAT_VEC2"
        },
        "attribute_16": {
            "bufferView": "bufferView_37",
            "byteOffset": 129052,
            "byteStride": 16,
            "count": 281,
            "max": [
                1,
                1,
                1
            ],
            "min": [
                0,
                0,
                0
            ],
            "type": "FLOAT_VEC4"
        },
        "attribute_17": {
            "bufferView": "bufferView_37",
            "byteOffset": 133548,
            "byteStride": 12,
            "count": 281,
            "max": [
                1,
                1,
                1
            ],
            "min": [
                0,
                0,
                0
            ],
            "type": "FLOAT_VEC3"
        },
        "attribute_19": {
            "bufferView": "bufferView_37",
            "byteOffset": 136920,
            "byteStride": 12,
            "count": 790,
            "max": [
                1,
                1,
                1
            ],
            "min": [
                0,
                0,
                0
            ],
            "type": "FLOAT_VEC3"
        },
        "attribute_2": {
            "bufferView": "bufferView_37",
            "byteOffset": 21600,
            "byteStride": 12,
            "count": 1800,
            "max": [
                1,
                1,
                1
            ],
            "min": [
                0,
                0,
                0
            ],
            "type": "FLOAT_VEC3"
        },
        "attribute_20": {
            "bufferView": "bufferView_37",
            "byteOffset": 146400,
            "byteStride": 12,
            "count": 790,
            "max": [
                1,
                1,
                1
            ],
            "min": [
                0,
                0,
                0
            ],
            "type": "FLOAT_VEC3"
        },
        "attribute_21": {
            "bufferView": "bufferView_37",
            "byteOffset": 155880,
            "byteStride": 8,
            "count": 790,
            "max": [
                1,
                1,
                1
            ],
            "min": [
                0,
                0,
                0
            ],
            "type": "FLOAT_VEC2"
        },
        "attribute_22": {
            "bufferView": "bufferView_37",
            "byteOffset": 162200,
            "byteStride": 16,
            "count": 790,
            "max": [
                1,
                1,
                1
            ],
            "min": [
                0,
                0,
                0
            ],
            "type": "FLOAT_VEC4"
        },
        "attribute_23": {
            "bufferView": "bufferView_37",
            "byteOffset": 174840,
            "byteStride": 12,
            "count": 790,
            "max": [
                1,
                1,
                1
            ],
            "min": [
                0,
                0,
                0
            ],
            "type": "FLOAT_VEC3"
        },
        "attribute_25": {
            "bufferView": "bufferView_37",
            "byteOffset": 184320,
            "byteStride": 12,
            "count": 138,
            "max": [
                1,
                1,
                1
            ],
            "min": [
                0,
                0,
                0
            ],
            "type": "FLOAT_VEC3"
        },
        "attribute_26": {
            "bufferView": "bufferView_37",
            "byteOffset": 185976,
            "byteStride": 12,
            "count": 138,
            "max": [
                1,
                1,
                1
            ],
            "min": [
                0,
                0,
                0
            ],
            "type": "FLOAT_VEC3"
        },
        "attribute_27": {
            "bufferView": "bufferView_37",
            "byteOffset": 187632,
            "byteStride": 8,
            "count": 138,
            "max": [
                1,
                1,
                1
            ],
            "min": [
                0,
                0,
                0
            ],
            "type": "FLOAT_VEC2"
        },
        "attribute_28": {
            "bufferView": "bufferView_37",
            "byteOffset": 188736,
            "byteStride": 16,
            "count": 138,
            "max": [
                1,
                1,
                1
            ],
            "min": [
                0,
                0,
                0
            ],
            "type": "FLOAT_VEC4"
        },
        "attribute_29": {
            "bufferView": "bufferView_37",
            "byteOffset": 190944,
            "byteStride": 12,
            "count": 138,
            "max": [
                1,
                1,
                1
            ],
            "min": [
                0,
                0,
                0
            ],
            "type": "FLOAT_VEC3"
        },
        "attribute_3": {
            "bufferView": "bufferView_37",
            "byteOffset": 43200,
            "byteStride": 8,
            "count": 1800,
            "max": [
                1,
                1,
                1
            ],
            "min": [
                0,
                0,
                0
            ],
            "type": "FLOAT_VEC2"
        },
        "attribute_31": {
            "bufferView": "bufferView_37",
            "byteOffset": 192600,
            "byteStride": 12,
            "count": 224,
            "max": [
                1,
                1,
                1
            ],
            "min": [
                0,
                0,
                0
            ],
            "type": "FLOAT_VEC3"
        },
        "attribute_32": {
            "bufferView": "bufferView_37",
            "byteOffset": 195288,
            "byteStride": 12,
            "count": 224,
            "max": [
                1,
                1,
                1
            ],
            "min": [
                0,
                0,
                0
            ],
            "type": "FLOAT_VEC3"
        },
        "attribute_33": {
            "bufferView": "bufferView_37",
            "byteOffset": 197976,
            "byteStride": 8,
            "count": 224,
            "max": [
                1,
                1,
                1
            ],
            "min": [
                0,
                0,
                0
            ],
            "type": "FLOAT_VEC2"
        },
        "attribute_34": {
            "bufferView": "bufferView_37",
            "byteOffset": 199768,
            "byteStride": 16,
            "count": 224,
            "max": [
                1,
                1,
                1
            ],
            "min": [
                0,
                0,
                0
            ],
            "type": "FLOAT_VEC4"
        },
        "attribute_35": {
            "bufferView": "bufferView_37",
            "byteOffset": 203352,
            "byteStride": 12,
            "count": 224,
            "max": [
                1,
                1,
                1
            ],
            "min": [
                0,
                0,
                0
            ],
            "type": "FLOAT_VEC3"
        },
        "attribute_4": {
            "bufferView": "bufferView_37",
            "byteOffset": 57600,
            "byteStride": 16,
            "count": 1800,
            "max": [
                1,
                1,
                1
            ],
            "min": [
                0,
                0,
                0
            ],
            "type": "FLOAT_VEC4"
        },
        "attribute_5": {
            "bufferView": "bufferView_37",
            "byteOffset": 86400,
            "byteStride": 12,
            "count": 1800,
            "max": [
                1,
                1,
                1
            ],
            "min": [
                0,
                0,
                0
            ],
            "type": "FLOAT_VEC3"
        },
        "attribute_7": {
            "bufferView": "bufferView_37",
            "byteOffset": 108000,
            "byteStride": 12,
            "count": 201,
            "max": [
                1,
                1,
                1
            ],
            "min": [
                0,
                0,
                0
            ],
            "type": "FLOAT_VEC3"
        },
        "attribute_8": {
            "bufferView": "bufferView_37",
            "byteOffset": 110412,
            "byteStride": 12,
            "count": 201,
            "max": [
                1,
                1,
                1
            ],
            "min": [
                0,
                0,
                0
            ],
            "type": "FLOAT_VEC3"
        },
        "attribute_9": {
            "bufferView": "bufferView_37",
            "byteOffset": 112824,
            "byteStride": 8,
            "count": 201,
            "max": [
                1,
                1,
                1
            ],
            "min": [
                0,
                0,
                0
            ],
            "type": "FLOAT_VEC2"
        }
    },
    "bufferViews": {
        "bufferView_37": {
            "buffer": "enchantress.bin",
            "byteLength": 206040,
            "byteOffset": 0,
            "target": "ARRAY_BUFFER"
        },
        "bufferView_38": {
            "buffer": "enchantress.bin",
            "byteLength": 38004,
            "byteOffset": 206040,
            "target": "ELEMENT_ARRAY_BUFFER"
        }
    },
    "buffers": {
        "enchantress.bin": {
            "byteLength": 244044,
            "path": "enchantress.bin"
        }
    },
    "cameras": {},
    "images": {
        "image_0": {
            "path": "textures/enchantress_body_color.png"
        },
        "image_1": {
            "path": "textures/enchantress_bracers_color.png"
        },
        "image_2": {
            "path": "textures/enchantress_dress_color.png"
        },
        "image_3": {
            "path": "textures/enchantress_hair_color.png"
        },
        "image_4": {
            "path": "textures/enchantress_necklace_color.png"
        },
        "image_5": {
            "path": "textures/enchantress_weapon_color_1.png"
        }
    },
    "indices": {
        "indices_12": {
            "bufferView": "bufferView_38",
            "byteOffset": 21324,
            "count": 1128,
            "type": "UNSIGNED_SHORT"
        },
        "indices_18": {
            "bufferView": "bufferView_38",
            "byteOffset": 23580,
            "count": 1242,
            "type": "UNSIGNED_SHORT"
        },
        "indices_24": {
            "bufferView": "bufferView_38",
            "byteOffset": 26064,
            "count": 4266,
            "type": "UNSIGNED_SHORT"
        },
        "indices_30": {
            "bufferView": "bufferView_38",
            "byteOffset": 34596,
            "count": 396,
            "type": "UNSIGNED_SHORT"
        },
        "indices_36": {
            "bufferView": "bufferView_38",
            "byteOffset": 35388,
            "count": 1308,
            "type": "UNSIGNED_SHORT"
        },
        "indices_6": {
            "bufferView": "bufferView_38",
            "byteOffset": 0,
            "count": 10662,
            "type": "UNSIGNED_SHORT"
        }
    },
    "lights": {},
    "materials": {
        "Material #35": {
            "instanceTechnique": {
                "technique": "technique_0",
                "values": [
                    {
                        "parameter": "ambient",
                        "value": [
                            0.5879999995231628,
                            0.5879999995231628,
                            0.5879999995231628
                        ]
                    },
                    {
                        "parameter": "emission",
                        "value": [
                            0,
                            0,
                            0
                        ]
                    },
                    {
                        "parameter": "diffuse",
                        "value": "Map #7"
                    },
                    {
                        "parameter": "shininess",
                        "value": 2
                    },
                    {
                        "parameter": "specular",
                        "value": [
                            0.8999999761581421,
                            0.8999999761581421,
                            0.8999999761581421
                        ]
                    }
                ]
            },
            "name": "Material #35"
        },
        "Material #46": {
            "instanceTechnique": {
                "technique": "technique_0",
                "values": [
                    {
                        "parameter": "ambient",
                        "value": [
                            0.5879999995231628,
                            0.5879999995231628,
                            0.5879999995231628
                        ]
                    },
                    {
                        "parameter": "emission",
                        "value": [
                            0,
                            0,
                            0
                        ]
                    },
                    {
                        "parameter": "diffuse",
                        "value": "Map #8"
                    },
                    {
                        "parameter": "shininess",
                        "value": 2
                    },
                    {
                        "parameter": "specular",
                        "value": [
                            0.8999999761581421,
                            0.8999999761581421,
                            0.8999999761581421
                        ]
                    }
                ]
            },
            "name": "Material #46"
        },
        "Material #57": {
            "instanceTechnique": {
                "technique": "technique_0",
                "values": [
                    {
                        "parameter": "ambient",
                        "value": [
                            0.5879999995231628,
                            0.5879999995231628,
                            0.5879999995231628
                        ]
                    },
                    {
                        "parameter": "emission",
                        "value": [
                            0,
                            0,
                            0
                        ]
                    },
                    {
                        "parameter": "diffuse",
                        "value": "Map #9"
                    },
                    {
                        "parameter": "shininess",
                        "value": 2
                    },
                    {
                        "parameter": "specular",
                        "value": [
                            0.8999999761581421,
                            0.8999999761581421,
                            0.8999999761581421
                        ]
                    }
                ]
            },
            "name": "Material #57"
        },
        "Material #68": {
            "instanceTechnique": {
                "technique": "technique_0",
                "values": [
                    {
                        "parameter": "ambient",
                        "value": [
                            0.5879999995231628,
                            0.5879999995231628,
                            0.5879999995231628
                        ]
                    },
                    {
                        "parameter": "emission",
                        "value": [
                            0,
                            0,
                            0
                        ]
                    },
                    {
                        "parameter": "diffuse",
                        "value": "Map #10"
                    },
                    {
                        "parameter": "shininess",
                        "value": 2
                    },
                    {
                        "parameter": "specular",
                        "value": [
                            0.8999999761581421,
                            0.8999999761581421,
                            0.8999999761581421
                        ]
                    }
                ]
            },
            "name": "Material #68"
        },
        "Material #79": {
            "instanceTechnique": {
                "technique": "technique_0",
                "values": [
                    {
                        "parameter": "ambient",
                        "value": [
                            0.5879999995231628,
                            0.5879999995231628,
                            0.5879999995231628
                        ]
                    },
                    {
                        "parameter": "emission",
                        "value": [
                            0,
                            0,
                            0
                        ]
                    },
                    {
                        "parameter": "diffuse",
                        "value": "Map #11"
                    },
                    {
                        "parameter": "shininess",
                        "value": 2
                    },
                    {
                        "parameter": "specular",
                        "value": [
                            0.8999999761581421,
                            0.8999999761581421,
                            0.8999999761581421
                        ]
                    }
                ]
            },
            "name": "Material #79"
        },
        "Material #90": {
            "instanceTechnique": {
                "technique": "technique_0",
                "values": [
                    {
                        "parameter": "ambient",
                        "value": [
                            0.5879999995231628,
                            0.5879999995231628,
                            0.5879999995231628
                        ]
                    },
                    {
                        "parameter": "emission",
                        "value": [
                            0,
                            0,
                            0
                        ]
                    },
                    {
                        "parameter": "diffuse",
                        "value": "Map #13"
                    },
                    {
                        "parameter": "shininess",
                        "value": 2
                    },
                    {
                        "parameter": "specular",
                        "value": [
                            0.8999999761581421,
                            0.8999999761581421,
                            0.8999999761581421
                        ]
                    }
                ]
            },
            "name": "Material #90"
        }
    },
    "meshes": {
        "enchantress_bracers_model_LOD0-mesh": {
            "name": "enchantress_bracers_model_LOD0-mesh",
            "primitives": [
                {
                    "indices": "indices_12",
                    "material": "Material #46",
                    "semantics": {
                        "JOINT": "attribute_10",
                        "NORMAL": "attribute_8",
                        "POSITION": "attribute_7",
                        "TEXCOORD_0": "attribute_9",
                        "WEIGHT": "attribute_11"
                    },
                    "skin": "skin_1"
                }
            ]
        },
        "enchantress_dress_model_LOD0-mesh": {
            "name": "enchantress_dress_model_LOD0-mesh",
            "primitives": [
                {
                    "indices": "indices_18",
                    "material": "Material #57",
                    "semantics": {
                        "JOINT": "attribute_16",
                        "NORMAL": "attribute_14",
                        "POSITION": "attribute_13",
                        "TEXCOORD_0": "attribute_15",
                        "WEIGHT": "attribute_17"
                    },
                    "skin": "skin_2"
                }
            ]
        },
        "enchantress_hair_model_LOD0-mesh": {
            "name": "enchantress_hair_model_LOD0-mesh",
            "primitives": [
                {
                    "indices": "indices_24",
                    "material": "Material #68",
                    "semantics": {
                        "JOINT": "attribute_22",
                        "NORMAL": "attribute_20",
                        "POSITION": "attribute_19",
                        "TEXCOORD_0": "attribute_21",
                        "WEIGHT": "attribute_23"
                    },
                    "skin": "skin_3"
                }
            ]
        },
        "enchantress_model_LOD0-mesh": {
            "name": "enchantress_model_LOD0-mesh",
            "primitives": [
                {
                    "indices": "indices_6",
                    "material": "Material #35",
                    "semantics": {
                        "JOINT": "attribute_4",
                        "NORMAL": "attribute_2",
                        "POSITION": "attribute_1",
                        "TEXCOORD_0": "attribute_3",
                        "WEIGHT": "attribute_5"
                    },
                    "skin": "skin_0"
                }
            ]
        },
        "enchantress_necklace_model_LOD0-mesh": {
            "name": "enchantress_necklace_model_LOD0-mesh",
            "primitives": [
                {
                    "indices": "indices_30",
                    "material": "Material #79",
                    "semantics": {
                        "JOINT": "attribute_28",
                        "NORMAL": "attribute_26",
                        "POSITION": "attribute_25",
                        "TEXCOORD_0": "attribute_27",
                        "WEIGHT": "attribute_29"
                    },
                    "skin": "skin_4"
                }
            ]
        },
        "enchantress_weapon_model_LOD0-mesh": {
            "name": "enchantress_weapon_model_LOD0-mesh",
            "primitives": [
                {
                    "indices": "indices_36",
                    "material": "Material #90",
                    "semantics": {
                        "JOINT": "attribute_34",
                        "NORMAL": "attribute_32",
                        "POSITION": "attribute_31",
                        "TEXCOORD_0": "attribute_33",
                        "WEIGHT": "attribute_35"
                    },
                    "skin": "skin_5"
                }
            ]
        }
    },
    "nodes": {
        "Ear_L2_0": {
            "children": [],
            "matrix": [
                -0.7494494318962097,
                0.3382482230663298,
                0.569133758544922,
                0,
                0.2693778552301781,
                0.9410569490227737,
                -0.2045666040636188,
                0,
                -0.6047815962549238,
                -2.9398450835314676e-7,
                -0.7963912129437013,
                0,
                0.9690017700195277,
                7.485729217529298,
                2.59820556640625,
                1
            ],
            "name": "Ear_L2_0"
        },
        "Ear_R3_0": {
            "children": [],
            "matrix": [
                -0.7494483590126041,
                -0.3382330238819123,
                0.5691443681716921,
                0,
                -0.2693642495003528,
                0.9410622620940163,
                0.20455924070461767,
                0,
                -0.604788955615872,
                -5.583229604846776e-7,
                -0.7963854243775842,
                0,
                0.9689960479736328,
                -7.485998153686523,
                2.597991943359375,
                1
            ],
            "name": "Ear_R3_0"
        },
        "Hair1_0": {
            "children": [
                "Hair1_1"
            ],
            "matrix": [
                -0.9902666211128233,
                1.4952605887654253e-7,
                0.13918316364288333,
                0,
                -2.173634660134414e-7,
                -0.9999999999999999,
                -4.7219594989656355e-7,
                0,
                0.13918316364280967,
                -4.978532226673523e-7,
                0.9902666211128339,
                0,
                -12.5081901550293,
                -0.000002866279828594994,
                13.159591674804688,
                1
            ],
            "name": "Hair1_0"
        },
        "Hair1_1": {
            "children": [
                "Hair1_2"
            ],
            "matrix": [
                0.847811222076416,
                2.1293371332831167e-7,
                -0.5302984714508057,
                0,
                -3.978066861683514e-8,
                0.9999999999999998,
                3.3793651255108384e-7,
                0,
                0.5302984714508536,
                -2.654107399293659e-7,
                0.847811222076386,
                0,
                15.746528625488285,
                0.0000014522229321300983,
                2.842170943040401e-14,
                1
            ],
            "name": "Hair1_1"
        },
        "Hair1_2": {
            "children": [],
            "matrix": [
                1,
                -1.7763568367532725e-14,
                -5.551115123125783e-17,
                0,
                1.776356823849255e-14,
                1.0000000000000002,
                -1.776356840061995e-14,
                0,
                -1.6653345369377348e-16,
                1.776356836091528e-14,
                1,
                0,
                8.580879211425781,
                3.983413989772089e-7,
                0.00001525878909092171,
                1
            ],
            "name": "Hair1_2"
        },
        "Index_0_L": {
            "children": [
                "Index_1_L"
            ],
            "matrix": [
                0.9432696104049684,
                0.31874373555183416,
                -0.09297814965248102,
                0,
                0.12415860625541064,
                -0.07889857222414329,
                0.9891207219575103,
                0,
                0.3079401405445811,
                -0.9445514020646474,
                -0.11399738492200712,
                0,
                11.11428833007811,
                -1.6268234252929616,
                1.042053222656257,
                1
            ],
            "name": "Index_0_L"
        },
        "Index_0_R": {
            "children": [
                "Index_1_R"
            ],
            "matrix": [
                0.9432693719863895,
                0.3187446892261505,
                -0.0929783061146736,
                0,
                0.12415880036671831,
                -0.07889842163675902,
                0.9891204153582802,
                0,
                0.30794113389718636,
                -0.9445513627160067,
                -0.11399745843941696,
                0,
                -11.114295959472642,
                1.6268310546875,
                -1.042053222656257,
                1
            ],
            "name": "Index_0_R"
        },
        "Index_1_L": {
            "children": [],
            "matrix": [
                1.0000003576278684,
                -5.21540641784668e-7,
                -1.192092896062924e-7,
                0,
                5.215406390646216e-7,
                1.0000004768371582,
                -5.438923835754395e-7,
                0,
                1.192095731572529e-7,
                5.438922566491922e-7,
                1.0000003576278125,
                0,
                4.880485534667969,
                -0.000007629394538355427,
                -0.000005722045894884786,
                1
            ],
            "name": "Index_1_L"
        },
        "Index_1_R": {
            "children": [],
            "matrix": [
                0.9999998211860656,
                7.450580596923828e-9,
                2.9802322387695312e-8,
                0,
                -7.45056862039295e-9,
                1.0000000000000042,
                -4.470348358293075e-7,
                0,
                -2.9802327439210075e-8,
                4.470347822749243e-7,
                0.9999998807907237,
                0,
                -4.880462646484375,
                0.000011444091796875,
                1.0658141036401503e-14,
                1
            ],
            "name": "Index_1_R"
        },
        "Staff4_0": {
            "children": [],
            "matrix": [
                -0.2675750553607942,
                -0.48747843503952043,
                -0.831125140190125,
                0,
                -0.950793194273713,
                -0.006243079573832192,
                0.3097631100366431,
                0,
                -0.1561916271422341,
                0.8731130676914776,
                -0.46182071749570336,
                0,
                102.52320098876955,
                55.64686965942384,
                -36.97206878662109,
                1
            ],
            "name": "Staff4_0"
        },
        "Tail0_0": {
            "children": [
                "Tail0_1"
            ],
            "matrix": [
                -0.8232020139694215,
                -4.644999191981162e-7,
                0.5677486062049867,
                0,
                -4.785322870235839e-7,
                1,
                1.2430004406814687e-7,
                0,
                -0.567748606204922,
                -1.6936199236830157e-7,
                -0.8232020139694661,
                0,
                -10.152637481689453,
                0,
                4.909538269042969,
                1
            ],
            "name": "Tail0_0"
        },
        "Tail0_1": {
            "children": [],
            "matrix": [
                0.9999999999999996,
                1.1900503693595952e-7,
                0,
                0,
                -1.1900503693595965e-7,
                1,
                -3.552713606008607e-15,
                0,
                -1.1102230246251565e-16,
                3.5527136390958315e-15,
                0.9999999999999998,
                0,
                12.376754760742188,
                0,
                -0.000007629394524144573,
                1
            ],
            "name": "Tail0_1"
        },
        "Thumb_0_L": {
            "children": [
                "Thumb_1_L"
            ],
            "matrix": [
                0.9584708809852601,
                0.122465305030346,
                -0.2575570940971375,
                0,
                0.27778724808461025,
                -0.1964652982450579,
                0.9403383221482006,
                0,
                0.06455779618914007,
                -0.9728330976408058,
                -0.22232559525900525,
                0,
                3.1253509521484375,
                1.1875076293945384,
                -5.005155563354489,
                1
            ],
            "name": "Thumb_0_L"
        },
        "Thumb_0_R": {
            "children": [
                "Thumb_1_R"
            ],
            "matrix": [
                0.9584707617759707,
                0.1224652156233787,
                -0.2575576901435851,
                0,
                0.2777877981109545,
                -0.19646555226099413,
                0.9403380116984605,
                0,
                0.06455750533943758,
                -0.9728332027072532,
                -0.22232590524536894,
                0,
                -3.1253509521484375,
                -1.1874923706054759,
                5.0051422119140625,
                1
            ],
            "name": "Thumb_0_R"
        },
        "Thumb_1_L": {
            "children": [],
            "matrix": [
                1.000000476837158,
                7.450580576107146e-9,
                4.470348358154297e-8,
                0,
                -7.450602839548237e-9,
                1.0000003576278687,
                5.17116859633307e-7,
                0,
                -4.4703469107010285e-8,
                -5.171167982015445e-7,
                1.0000002384186084,
                0,
                6.7018356323242045,
                0.0000019073486292597863,
                -0.000011444091803980427,
                1
            ],
            "name": "Thumb_1_L"
        },
        "Thumb_1_R": {
            "children": [],
            "matrix": [
                0.9999997615814209,
                1.7881393432617188e-7,
                -4.88013029084633e-7,
                0,
                -1.7881410463438385e-7,
                0.9999994635581966,
                -4.5821070676979603e-7,
                0,
                4.880130053536158e-7,
                4.5821098510617775e-7,
                0.9999998807907339,
                0,
                -6.701850891113281,
                0.000030517578125,
                0.000007629394538355427,
                1
            ],
            "name": "Thumb_1_R"
        },
        "ankle_A_L": {
            "children": [
                "toeBall_A_L"
            ],
            "matrix": [
                0.8423963785171509,
                -4.016859520561411e-7,
                0.5388584136962893,
                0,
                -2.940059546619704e-7,
                0.9999999999999999,
                0.0000012050577424812218,
                0,
                -0.5388584136966863,
                -0.0000011735638605164583,
                0.8423963785168967,
                0,
                34.45112991333008,
                -0.00000858306884765625,
                -0.00000762939453125,
                1
            ],
            "name": "ankle_A_L"
        },
        "ankle_A_R": {
            "children": [
                "toeBall_A_R"
            ],
            "matrix": [
                0.8423962593078619,
                1.776356842708973e-14,
                0.5388583540916445,
                0,
                -1.881437479699996e-14,
                1.0000000000000002,
                -3.552713665565611e-15,
                0,
                -0.5388583540916446,
                -7.145490433196028e-15,
                0.8423962593078617,
                0,
                -34.451164245605476,
                -0.000003814697267401357,
                1.4210854715202004e-14,
                1
            ],
            "name": "ankle_A_R"
        },
        "ankle_L": {
            "children": [
                "toeBall_L"
            ],
            "matrix": [
                0.9796664714813234,
                -0.06556656956672668,
                -0.18961867690086373,
                0,
                0.0000056374195390765644,
                0.9451040614522181,
                -0.32677007041078276,
                0,
                0.2006345324844566,
                0.32012454631323084,
                0.9258869380903777,
                0,
                38.641826629638665,
                -0.0000019073486292597863,
                -0.000014305114747870107,
                1
            ],
            "name": "ankle_L"
        },
        "ankle_R": {
            "children": [
                "toeBall_R"
            ],
            "matrix": [
                0.9796663522720334,
                -0.07033319771289825,
                -0.18790259957313526,
                0,
                0.000005826692542607062,
                0.9365523939664093,
                -0.35052743617345583,
                0,
                0.20063435808540697,
                0.3433988624245723,
                0.9175093374563855,
                0,
                -38.641792297363274,
                -0.0000038146972620722863,
                0.000003814697269177714,
                1
            ],
            "name": "ankle_R"
        },
        "bicep_L": {
            "children": [
                "elbow_L"
            ],
            "matrix": [
                0.6278732419013977,
                0.3321186304092407,
                -0.7038981914520261,
                0,
                -0.7669680879813987,
                0.11014593913245861,
                -0.6321613363831364,
                0,
                -0.13242104243850322,
                0.9367847265103121,
                0.3238821095346035,
                0,
                9.678377151489258,
                0.000007629394524144573,
                -0.000030517578125,
                1
            ],
            "name": "bicep_L"
        },
        "bicep_R": {
            "children": [
                "elbow_R"
            ],
            "matrix": [
                0.6278733015060427,
                0.33211949467659,
