{
    "accessors": {
        "attrbute_1": {
            "bufferView": "bufferView_37",
            "byteOffset": 0,
            "byteStride": 12,
            "count": 2562,
            "max": [
                64.6672134399414,
                21.94839096069336,
                215.35020446777344,
                0
            ],
            "min": [
                -64.66717529296875,
                -50.74750900268555,
                77.83667755126953,
                0
            ],
            "type": 35665
        },
        "attrbute_10": {
            "bufferView": "bufferView_37",
            "byteOffset": 171576,
            "byteStride": 16,
            "count": 558,
            "max": [
                7,
                8,
                8,
                -1
            ],
            "min": [
                0,
                -1,
                -1,
                -1
            ],
            "type": 35666
        },
        "attrbute_11": {
            "bufferView": "bufferView_37",
            "byteOffset": 180504,
            "byteStride": 12,
            "count": 558,
            "max": [
                1,
                0.9993541240692139,
                0.9045542478561401
            ],
            "min": [
                0.0005523929139599204,
                0,
                0
            ],
            "type": 35665
        },
        "attrbute_13": {
            "bufferView": "bufferView_37",
            "byteOffset": 187200,
            "byteStride": 12,
            "count": 1138,
            "max": [
                28.213394165039062,
                63.27777862548828,
                196.48782348632812,
                0
            ],
            "min": [
                -28.213394165039062,
                -118.85762786865234,
                -0.4989355504512787,
                0
            ],
            "type": 35665
        },
        "attrbute_14": {
            "bufferView": "bufferView_37",
            "byteOffset": 200856,
            "byteStride": 12,
            "count": 1138,
            "max": [
                0.9997304081916809,
                0.9993841648101807,
                0.9994325637817383,
                0
            ],
            "min": [
                -0.9997304677963257,
                -0.9995992183685303,
                -0.9999966621398926,
                0
            ],
            "type": 35665
        },
        "attrbute_15": {
            "bufferView": "bufferView_37",
            "byteOffset": 214512,
            "byteStride": 8,
            "count": 1138,
            "max": [
                1.991310715675354,
                0.987788736820221
            ],
            "min": [
                0.005540654994547367,
                0.008873224258422852
            ],
            "type": 35664
        },
        "attrbute_16": {
            "bufferView": "bufferView_37",
            "byteOffset": 223616,
            "byteStride": 16,
            "count": 1138,
            "max": [
                22,
                21,
                15,
                -1
            ],
            "min": [
                0,
                -1,
                -1,
                -1
            ],
            "type": 35666
        },
        "attrbute_17": {
            "bufferView": "bufferView_37",
            "byteOffset": 241824,
            "byteStride": 12,
            "count": 1138,
            "max": [
                1,
                0.9773546457290649,
                0.6300185918807983
            ],
            "min": [
                0.02264537662267685,
                0,
                0
            ],
            "type": 35665
        },
        "attrbute_19": {
            "bufferView": "bufferView_37",
            "byteOffset": 255480,
            "byteStride": 12,
            "count": 999,
            "max": [
                31.336055755615234,
                84.50088500976562,
                208.63455200195312,
                0
            ],
            "min": [
                -31.33605194091797,
                -121.56758880615234,
                40.136478424072266,
                0
            ],
            "type": 35665
        },
        "attrbute_2": {
            "bufferView": "bufferView_37",
            "byteOffset": 30744,
            "byteStride": 12,
            "count": 2562,
            "max": [
                0.9994997978210449,
                0.9999446868896484,
                0.9984319806098938,
                0
            ],
            "min": [
                -0.9994997978210449,
                -0.9991268515586853,
                -0.9954886436462402,
                0
            ],
            "type": 35665
        },
        "attrbute_20": {
            "bufferView": "bufferView_37",
            "byteOffset": 267468,
            "byteStride": 12,
            "count": 999,
            "max": [
                0.9957687854766846,
                0.998052716255188,
                0.9986526966094971,
                0
            ],
            "min": [
                -0.9957690238952637,
                -0.9993689060211182,
                -0.9998704195022583,
                0
            ],
            "type": 35665
        },
        "attrbute_21": {
            "bufferView": "bufferView_37",
            "byteOffset": 279456,
            "byteStride": 8,
            "count": 999,
            "max": [
                1.9852139949798584,
                0.9922276735305786
            ],
            "min": [
                0.010576295666396618,
                0.011861085891723633
            ],
            "type": 35664
        },
        "attrbute_22": {
            "bufferView": "bufferView_37",
            "byteOffset": 287448,
            "byteStride": 16,
            "count": 999,
            "max": [
                18,
                18,
                18,
                -1
            ],
            "min": [
                0,
                -1,
                -1,
                -1
            ],
            "type": 35666
        },
        "attrbute_23": {
            "bufferView": "bufferView_37",
            "byteOffset": 303432,
            "byteStride": 12,
            "count": 999,
            "max": [
                1,
                0.9998430609703064,
                0.8500000238418579
            ],
            "min": [
                0.00015699547657277435,
                0,
                0
            ],
            "type": 35665
        },
        "attrbute_25": {
            "bufferView": "bufferView_37",
            "byteOffset": 315420,
            "byteStride": 12,
            "count": 200,
            "max": [
                60.99595642089844,
                104.4693374633789,
                173.68783569335938,
                0
            ],
            "min": [
                -60.99595642089844,
                -20.49155616760254,
                42.24417495727539,
                0
            ],
            "type": 35665
        },
        "attrbute_26": {
            "bufferView": "bufferView_37",
            "byteOffset": 317820,
            "byteStride": 12,
            "count": 200,
            "max": [
                0.9505550861358643,
                0.47706183791160583,
                0.9968871474266052,
                0
            ],
            "min": [
                -0.9505549669265747,
                -0.3254653811454773,
                0.3097754120826721,
                0
            ],
            "type": 35665
        },
        "attrbute_27": {
            "bufferView": "bufferView_37",
            "byteOffset": 320220,
            "byteStride": 8,
            "count": 200,
            "max": [
                1.9876079559326172,
                0.984378457069397
            ],
            "min": [
                0.012706803157925606,
                0.016999125480651855
            ],
            "type": 35664
        },
        "attrbute_28": {
            "bufferView": "bufferView_37",
            "byteOffset": 321820,
            "byteStride": 16,
            "count": 200,
            "max": [
                22,
                22,
                22,
                -1
            ],
            "min": [
                0,
                -1,
                -1,
                -1
            ],
            "type": 35666
        },
        "attrbute_29": {
            "bufferView": "bufferView_37",
            "byteOffset": 325020,
            "byteStride": 12,
            "count": 200,
            "max": [
                1,
                0.9927682280540466,
                0.5
            ],
            "min": [
                0.007231822237372398,
                0,
                0
            ],
            "type": 35665
        },
        "attrbute_3": {
            "bufferView": "bufferView_37",
            "byteOffset": 61488,
            "byteStride": 8,
            "count": 2562,
            "max": [
                1.9892746210098267,
                0.9942846894264221
            ],
            "min": [
                0.003877311944961548,
                0.0019996166229248047
            ],
            "type": 35664
        },
        "attrbute_31": {
            "bufferView": "bufferView_37",
            "byteOffset": 327420,
            "byteStride": 12,
            "count": 725,
            "max": [
                -17.12065315246582,
                113.17244720458984,
                309.58721923828125,
                0
            ],
            "min": [
                -96.63227844238281,
                -26.42989158630371,
                54.71681213378906,
                0
            ],
            "type": 35665
        },
        "attrbute_32": {
            "bufferView": "bufferView_37",
            "byteOffset": 336120,
            "byteStride": 12,
            "count": 725,
            "max": [
                0.9999954104423523,
                0.9999998807907104,
                0.9999998807907104,
                0
            ],
            "min": [
                -0.9999954104423523,
                -0.9999998807907104,
                -0.9999751448631287,
                0
            ],
            "type": 35665
        },
        "attrbute_33": {
            "bufferView": "bufferView_37",
            "byteOffset": 344820,
            "byteStride": 8,
            "count": 725,
            "max": [
                1.832867980003357,
                0.9918429851531982
            ],
            "min": [
                0.005638999864459038,
                0.006196022033691406
            ],
            "type": 35664
        },
        "attrbute_34": {
            "bufferView": "bufferView_37",
            "byteOffset": 350620,
            "byteStride": 16,
            "count": 725,
            "max": [
                10,
                10,
                10,
                -1
            ],
            "min": [
                0,
                -1,
                -1,
                -1
            ],
            "type": 35666
        },
        "attrbute_35": {
            "bufferView": "bufferView_37",
            "byteOffset": 362220,
            "byteStride": 12,
            "count": 725,
            "max": [
                1,
                0.9995368719100952,
                0.9873329401016235
            ],
            "min": [
                0.00010056317114504054,
                0,
                0
            ],
            "type": 35665
        },
        "attrbute_4": {
            "bufferView": "bufferView_37",
            "byteOffset": 81984,
            "byteStride": 16,
            "count": 2562,
            "max": [
                25,
                25,
                25,
                -1
            ],
            "min": [
                0,
                -1,
                -1,
                -1
            ],
            "type": 35666
        },
        "attrbute_5": {
            "bufferView": "bufferView_37",
            "byteOffset": 122976,
            "byteStride": 12,
            "count": 2562,
            "max": [
                1,
                0.9998956322669983,
                0.7086359858512878
            ],
            "min": [
                0.00010437529999762774,
                0,
                0
            ],
            "type": 35665
        },
        "attrbute_7": {
            "bufferView": "bufferView_37",
            "byteOffset": 153720,
            "byteStride": 12,
            "count": 558,
            "max": [
                19.4060115814209,
                40.41929626464844,
                227.440673828125,
                0
            ],
            "min": [
                -16.44365692138672,
                -10.284680366516113,
                178.67410278320312,
                0
            ],
            "type": 35665
        },
        "attrbute_8": {
            "bufferView": "bufferView_37",
            "byteOffset": 160416,
            "byteStride": 12,
            "count": 558,
            "max": [
                0.9991726279258728,
                0.9937483668327332,
                0.9998994469642639,
                0
            ],
            "min": [
                -0.9991726279258728,
                -0.9977670311927795,
                -0.9757638573646545,
                0
            ],
            "type": 35665
        },
        "attrbute_9": {
            "bufferView": "bufferView_37",
            "byteOffset": 167112,
            "byteStride": 8,
            "count": 558,
            "max": [
                1.991661787033081,
                0.9910783171653748
            ],
            "min": [
                0.011725783348083496,
                0.014379382133483887
            ],
            "type": 35664
        },
        "indices_12": {
            "bufferView": "bufferView_39",
            "byteOffset": 22110,
            "count": 2298,
            "type": 5123
        },
        "indices_18": {
            "bufferView": "bufferView_39",
            "byteOffset": 26706,
            "count": 5352,
            "type": 5123
        },
        "indices_24": {
            "bufferView": "bufferView_39",
            "byteOffset": 37410,
            "count": 4086,
            "type": 5123
        },
        "indices_30": {
            "bufferView": "bufferView_39",
            "byteOffset": 45582,
            "count": 702,
            "type": 5123
        },
        "indices_36": {
            "bufferView": "bufferView_39",
            "byteOffset": 46986,
            "count": 2304,
            "type": 5123
        },
        "indices_6": {
            "bufferView": "bufferView_39",
            "byteOffset": 0,
            "count": 11055,
            "type": 5123
        }
    },
    "animations": {},
    "asset": {},
    "bufferViews": {
        "bufferView_37": {
            "buffer": "keeper_of_the_light.bin",
            "byteLength": 370920,
            "byteOffset": 0,
            "target": 34962
        },
        "bufferView_38": {
            "buffer": "keeper_of_the_light.bin",
            "byteLength": 7936,
            "byteOffset": 370920
        },
        "bufferView_39": {
            "buffer": "keeper_of_the_light.bin",
            "byteLength": 51594,
            "byteOffset": 378856,
            "target": 34963
        }
    },
    "buffers": {
        "keeper_of_the_light.bin": {
            "byteLength": 430450,
            "path": "keeper_of_the_light.bin"
        }
    },
    "cameras": {},
    "images": {
        "image_0": {
            "path": "textures/keeper_body_color.png"
        },
        "image_1": {
            "path": "textures/keeper_hood_color.png"
        },
        "image_2": {
            "path": "textures/horse_color.png"
        },
        "image_3": {
            "path": "textures/horse_gear_color.png"
        },
        "image_4": {
            "path": "textures/keeper_skirt_color.png"
        },
        "image_5": {
            "path": "textures/keeper_staff_color.png"
        }
    },
    "lights": {},
    "materials": {
        "Material #35": {
            "instanceTechnique": {
                "technique": "technique_0",
                "values": {
                    "ambient": [
                        0.5879999995231628,
                        0.5879999995231628,
                        0.5879999995231628
                    ],
                    "diffuse": "Map #13",
                    "emission": [
                        0,
                        0,
                        0
                    ],
                    "shininess": 2,
                    "specular": [
                        0.8999999761581421,
                        0.8999999761581421,
                        0.8999999761581421
                    ],
                    "transparency": 1
                }
            },
            "name": "Material #35"
        },
        "Material #46": {
            "instanceTechnique": {
                "technique": "technique_0",
                "values": {
                    "ambient": [
                        0.5879999995231628,
                        0.5879999995231628,
                        0.5879999995231628
                    ],
                    "diffuse": "Map #8",
                    "emission": [
                        0,
                        0,
                        0
                    ],
                    "shininess": 2,
                    "specular": [
                        0.8999999761581421,
                        0.8999999761581421,
                        0.8999999761581421
                    ],
                    "transparency": 1
                }
            },
            "name": "Material #46"
        },
        "Material #57": {
            "instanceTechnique": {
                "technique": "technique_0",
                "values": {
                    "ambient": [
                        0.5879999995231628,
                        0.5879999995231628,
                        0.5879999995231628
                    ],
                    "diffuse": "Map #9",
                    "emission": [
                        0,
                        0,
                        0
                    ],
                    "shininess": 2,
                    "specular": [
                        0.8999999761581421,
                        0.8999999761581421,
                        0.8999999761581421
                    ],
                    "transparency": 1
                }
            },
            "name": "Material #57"
        },
        "Material #68": {
            "instanceTechnique": {
                "technique": "technique_0",
                "values": {
                    "ambient": [
                        0.5879999995231628,
                        0.5879999995231628,
                        0.5879999995231628
                    ],
                    "diffuse": "Map #10",
                    "emission": [
                        0,
                        0,
                        0
                    ],
                    "shininess": 2,
                    "specular": [
                        0.8999999761581421,
                        0.8999999761581421,
                        0.8999999761581421
                    ],
                    "transparency": 1
                }
            },
            "name": "Material #68"
        },
        "Material #79": {
            "instanceTechnique": {
                "technique": "technique_0",
                "values": {
                    "ambient": [
                        0.5879999995231628,
                        0.5879999995231628,
                        0.5879999995231628
                    ],
                    "diffuse": "Map #11",
                    "emission": [
                        0,
                        0,
                        0
                    ],
                    "shininess": 2,
                    "specular": [
                        0.8999999761581421,
                        0.8999999761581421,
                        0.8999999761581421
                    ],
                    "transparency": 1
                }
            },
            "name": "Material #79"
        },
        "Material #90": {
            "instanceTechnique": {
                "technique": "technique_0",
                "values": {
                    "ambient": [
                        0.5879999995231628,
                        0.5879999995231628,
                        0.5879999995231628
                    ],
                    "diffuse": "Map #12",
                    "emission": [
                        0,
                        0,
                        0
                    ],
                    "shininess": 2,
                    "specular": [
                        0.8999999761581421,
                        0.8999999761581421,
                        0.8999999761581421
                    ],
                    "transparency": 1
                }
            },
            "name": "Material #90"
        }
    },
    "meshes": {
        "keeper_of_the_light_model_LOD0-mesh": {
            "name": "keeper_of_the_light_model_LOD0-mesh",
            "primitives": [
                {
                    "attributes": {
                        "JOINT": "attrbute_4",
                        "NORMAL": "attrbute_2",
                        "POSITION": "attrbute_1",
                        "TEXCOORD_0": "attrbute_3",
                        "WEIGHT": "attrbute_5"
                    },
                    "indices": "indices_6",
                    "material": "Material #35"
                }
            ]
        },
        "kotl_hood_model_LOD0-mesh": {
            "name": "kotl_hood_model_LOD0-mesh",
            "primitives": [
                {
                    "attributes": {
                        "JOINT": "attrbute_10",
                        "NORMAL": "attrbute_8",
                        "POSITION": "attrbute_7",
                        "TEXCOORD_0": "attrbute_9",
                        "WEIGHT": "attrbute_11"
                    },
                    "indices": "indices_12",
                    "material": "Material #46"
                }
            ]
        },
        "kotl_horse_accesories_model_LOD0-mesh": {
            "name": "kotl_horse_accesories_model_LOD0-mesh",
            "primitives": [
                {
                    "attributes": {
                        "JOINT": "attrbute_22",
                        "NORMAL": "attrbute_20",
                        "POSITION": "attrbute_19",
                        "TEXCOORD_0": "attrbute_21",
                        "WEIGHT": "attrbute_23"
                    },
                    "indices": "indices_24",
                    "material": "Material #68"
                }
            ]
        },
        "kotl_horse_model_LOD0-mesh": {
            "name": "kotl_horse_model_LOD0-mesh",
            "primitives": [
                {
                    "attributes": {
                        "JOINT": "attrbute_16",
                        "NORMAL": "attrbute_14",
                        "POSITION": "attrbute_13",
                        "TEXCOORD_0": "attrbute_15",
                        "WEIGHT": "attrbute_17"
                    },
                    "indices": "indices_18",
                    "material": "Material #57"
                }
            ]
        },
        "kotl_skirt_model_LOD0-mesh": {
            "name": "kotl_skirt_model_LOD0-mesh",
            "primitives": [
                {
                    "attributes": {
                        "JOINT": "attrbute_28",
                        "NORMAL": "attrbute_26",
                        "POSITION": "attrbute_25",
                        "TEXCOORD_0": "attrbute_27",
                        "WEIGHT": "attrbute_29"
                    },
                    "indices": "indices_30",
                    "material": "Material #79"
                }
            ]
        },
        "kotl_staff_model_LOD0-mesh": {
            "name": "kotl_staff_model_LOD0-mesh",
            "primitives": [
                {
                    "attributes": {
                        "JOINT": "attrbute_34",
                        "NORMAL": "attrbute_32",
                        "POSITION": "attrbute_31",
                        "TEXCOORD_0": "attrbute_33",
                        "WEIGHT": "attrbute_35"
                    },
                    "indices": "indices_36",
                    "material": "Material #90"
                }
            ]
        }
    },
    "nodes": {
        "BeardHelper10_0": {
            "children": [],
            "jointId": "BeardHelper10_0",
            "matrix": [
                -0.14346224069595295,
                0.061367306858301024,
                0.9877513647079467,
                0,
                0.008819744549308187,
                0.9981154797304526,
                -0.06073022093668863,
                0,
                -0.9896164542238727,
                -7.788583286968553e-7,
                -0.1437330802353084,
                0,
                28.009857177734375,
                -0.000011444091796875,
                -11.523207664489746,
                1
            ],
            "name": "BeardHelper10_0"
        },
        "CapeBackL_R0C0": {
            "children": [
                "CapeBackL_R1C0"
            ],
            "jointId": "CapeBackL_R0C0",
            "matrix": [
                0.3181850016117098,
                0.3577533066272736,
                0.877935588359833,
                0,
                0.3788078789899061,
                -0.8969016118818842,
                0.22819274493407687,
                0,
                0.8690587772178066,
                0.2599614761592172,
                -0.4209005205173795,
                0,
                12.097412109375014,
                18.06295967102051,
                38.2509880065918,
                1
            ],
            "name": "CapeBackL_R0C0"
        },
        "CapeBackL_R1C0": {
            "children": [
                "CapeBackL_R2C0"
            ],
            "jointId": "CapeBackL_R1C0",
            "matrix": [
                0.8784826993942259,
                -5.551115123125783e-17,
                -0.4777748584747317,
                0,
                0.4489614780330672,
                0.34202013702737843,
                0.8255036533433866,
                0,
                0.16340856302216314,
                -0.9396928419784366,
                0.3004586637440938,
                0,
                23.84560775756836,
                -9.536743128535363e-7,
                0.000007629394517039145,
                1
            ],
            "name": "CapeBackL_R1C0"
        },
        "CapeBackL_R2C0": {
            "children": [
                "CapeBackL_R3C0"
            ],
            "jointId": "CapeBackL_R2C0",
            "matrix": [
                0.9999997615814209,
                -8.940696710757479e-8,
                1.3877787807814457e-17,
                0,
                8.940696732961939e-8,
                0.9999997615814188,
                -5.96046448031462e-8,
                0,
                5.315192730392937e-15,
                5.96046553918983e-8,
                0.999999940395355,
                0,
                36.45115661621093,
                -0.000030517578125,
                0,
                1
            ],
            "name": "CapeBackL_R2C0"
        },
        "CapeBackL_R3C0": {
            "children": [],
            "jointId": "CapeBackL_R3C0",
            "matrix": [
                1.0000002384185795,
                -2.980232227667301e-8,
                -2.3096799849076088e-7,
                0,
                1.7427365661681904e-8,
                0.9985734224125288,
                -0.05339457130982962,
                0,
                2.3222976093528747e-7,
                0.05339457804822227,
                0.9985735484325283,
                0,
                31.73202514648436,
                0.000022888183579539145,
                0.0000057220458984375,
                1
            ],
            "name": "CapeBackL_R3C0"
        },
        "CapeBackR_R0C0": {
            "children": [
                "CapeBackR_R1C0"
            ],
            "jointId": "CapeBackR_R0C0",
            "matrix": [
                0.12024566531181347,
                -0.3121908307075501,
                0.942378878593445,
                0,
                -0.5092812071555013,
                -0.8342364112222992,
                -0.21138217883032243,
                0,
                0.8521583774462755,
                -0.45451807589427323,
                -0.25930624325623886,
                0,
                15.567207336425781,
                -19.871234893798825,
                40.64157104492186,
                1
            ],
            "name": "CapeBackR_R0C0"
        },
        "CapeBackR_R1C0": {
            "children": [
                "CapeBackR_R2C0"
            ],
            "jointId": "CapeBackR_R1C0",
            "matrix": [
                0.8680400848388672,
                0.08735530823469163,
                -0.4887486696243288,
                0,
                0.43093185007786816,
                -0.621463354732808,
                0.6542790122332334,
                0,
                -0.24658466525556094,
                -0.778557847788475,
                -0.5770993397021436,
                0,
                27.831020355224616,
                -1.0658141036401503e-14,
                -0.000007629394517039145,
                1
            ],
            "name": "CapeBackR_R1C0"
        },
        "CapeBackR_R2C0": {
            "children": [
                "CapeBackR_R3C0"
            ],
            "jointId": "CapeBackR_R2C0",
            "matrix": [
                0.9961176514625549,
                0.08666464686393743,
                -0.015460863709449754,
                0,
                -0.08670049324619528,
                0.9353515785060929,
                -0.3429289312567769,
                0,
                -0.015258475158369197,
                0.34293810945362585,
                0.9392343135044093,
                0,
                31.525299072265618,
                -0.000015258789076710855,
                -0.00000762939453125,
                1
            ],
            "name": "CapeBackR_R2C0"
        },
        "CapeBackR_R3C0": {
            "children": [],
            "jointId": "CapeBackR_R3C0",
            "matrix": [
                0.9999999999999994,
                -1.192092894952701e-7,
                3.911554814078899e-8,
                0,
                1.2385655573377008e-7,
                0.9877192964285119,
                -0.1562355818749406,
                0,
                -2.0010454654384446e-8,
                0.1562356259416249,
                0.9877195750174944,
                0,
                30.172302246093743,
                -0.000015258789076710855,
                -0.000004768371578478536,
                1
            ],
            "name": "CapeBackR_R3C0"
        },
        "CapeFrontL_R0C0": {
            "children": [
                "CapeFrontL_R1C0"
            ],
            "jointId": "CapeFrontL_R0C0",
            "matrix": [
                -0.7402959465980532,
                0.3356922864913942,
                0.5824711918830874,
                0,
                0.14028563422193024,
                0.9244729516929409,
                -0.35449916742709076,
                0,
                -0.6574815455703263,
                -0.18072196919498967,
                -0.7314764369942632,
                0,
                -6.804000854492202,
                28.57295227050782,
                3.266815185546861,
                1
            ],
            "name": "CapeFrontL_R0C0"
        },
        "CapeFrontL_R1C0": {
            "children": [
                "CapeFrontL_R2C0"
            ],
            "jointId": "CapeFrontL_R1C0",
            "matrix": [
                0.9999998807907103,
                -0.0003122389316558283,
                0.00005387148485172608,
                0,
                0.00005391789094069474,
                0.00014860306295193978,
                -0.9999999999976329,
                0,
                0.0003122309438983728,
                0.9999999404164617,
                0.0001486198889320437,
                0,
                33.982391357421875,
                0,
                -0.0000041574239730557405,
                1
            ],
            "name": "CapeFrontL_R1C0"
        },
        "CapeFrontL_R2C0": {
            "children": [
                "CapeFrontL_R3C0"
            ],
            "jointId": "CapeFrontL_R2C0",
            "matrix": [
                0.9999166727066042,
                0.002201345982030025,
                0.01273506879806513,
                0,
                -0.012747728019031013,
                0.005835712573040718,
                0.9999018901937912,
                0,
                0.0021268114533018715,
                -0.999980747827204,
                0.0058632874828470185,
                0,
                27.61974716186524,
                -6.854534148337255e-7,
                0.000030517578110789145,
                1
            ],
            "name": "CapeFrontL_R2C0"
        },
        "CapeFrontL_R3C0": {
            "children": [],
            "jointId": "CapeFrontL_R3C0",
            "matrix": [
                0.9999998211860659,
                5.551115123125783e-17,
                -5.845802777907708e-8,
                0,
                -2.220446049250313e-16,
                0.9999998807907179,
                -5.249191336621191e-9,
                0,
                5.845802425250972e-8,
                5.249190600925523e-9,
                0.999999761581423,
                0,
                35.8206672668457,
                0.00000762939453125,
                0.000010669231415849634,
                1
            ],
            "name": "CapeFrontL_R3C0"
        },
        "CapeFrontR_R0C0": {
            "children": [
                "CapeFrontR_R1C0"
            ],
            "jointId": "CapeFrontR_R0C0",
            "matrix": [
                -0.7473763823509219,
                -0.3452945053577419,
                0.5676267743110659,
                0,
                0.12633483061606945,
                -0.9126135896850687,
                -0.388813212044431,
                0,
                0.652278957673709,
                -0.21887877401925218,
                0.7256885480102161,
                0,
                -5.010696411132827,
                -26.55664443969727,
                0.923316955566392,
                1
            ],
            "name": "CapeFrontR_R0C0"
        },
        "CapeFrontR_R1C0": {
            "children": [
                "CapeFrontR_R2C0"
            ],
            "jointId": "CapeFrontR_R1C0",
            "matrix": [
                0.9999310374259947,
                -0.011100441217422485,
                -0.003891130443662414,
                0,
                0.0040087790356583015,
                0.010596044516982822,
                0.9999361026245266,
                0,
                -0.01105849820653132,
                -0.999882460093489,
                0.010639809990611147,
                0,
                33.982414245605455,
                -0.0000152587890625,
                0.000005174195393171412,
                1
            ],
            "name": "CapeFrontR_R1C0"
        },
        "CapeFrontR_R2C0": {
            "children": [
                "CapeFrontR_R3C0"
            ],
            "jointId": "CapeFrontR_R2C0",
            "matrix": [
                0.9996424317359929,
                0.026229003444314027,
                -0.005173295736312755,
                0,
                -0.0048282481027170365,
                -0.013201500439951365,
                -0.9999010570041528,
                0,
                -0.026294705763933026,
                0.9995685868403412,
                -0.013070140974622283,
                0,
                30.250106811523438,
                -0.000003933906556286004,
                -0.000007629394517039145,
                1
            ],
            "name": "CapeFrontR_R2C0"
        },
        "CapeFrontR_R3C0": {
            "children": [],
            "jointId": "CapeFrontR_R3C0",
            "matrix": [
                0.9999997615814208,
                8.940696710757479e-8,
                -6.705522539313113e-8,
                0,
                -8.94070216195253e-8,
                0.9999998807907133,
                -6.537884473991479e-7,
                0,
                6.705518290281431e-8,
                6.537885313424169e-7,
                0.9999999999998351,
                0,
                34.83067321777344,
                0,
                9.5367431640625e-7,
                1
            ],
            "name": "CapeFrontR_R3C0"
        },
        "Flap2_0": {
            "children": [
                "Flap2_1"
            ],
            "jointId": "Flap2_0",
            "matrix": [
                -0.13730977475643155,
                0.49753674864769,
                0.8565065860748291,
                0,
                0.0787568253837305,
                0.8674429805116215,
                -0.49126379767298256,
                0,
                -0.9873922533534941,
                4.182349741547176e-7,
                -0.15829278863202806,
                0,
                24.4608154296875,
                7.332480430603027,
                14.188044548034666,
                1
            ],
            "name": "Flap2_0"
        },
        "Flap2_1": {
            "children": [],
            "jointId": "Flap2_1",
            "matrix": [
                0.9867678284645077,
                0.01528091542422783,
                -0.16141723096370694,
                0,
                -1.673944247304257e-7,
                0.9955489040035286,
                0.09424479240848796,
                0,
                0.16213893051078937,
                -0.09299772302697704,
                0.9823758534497588,
                0,
                11.589873313903803,
                0.0000028610229518832853,
                0.00001525878903407829,
                1
            ],
            "name": "Flap2_1"
        },
        "HeadBridle2_0_A_L": {
            "children": [
                "HeadBridle2_1_A_L"
            ],
            "jointId": "HeadBridle2_0_A_L",
            "matrix": [
                -0.06018096208572388,
                0.17343302071094557,
                -0.9830054044723511,
                0,
                -0.320422530151845,
                0.9293163258350923,
                0.18357729561102643,
                0,
                0.94536123028171,
                0.32602490077517227,
                -0.0003553032230376729,
                0,
                26.680755615234375,
                8.498175621032717,
                1.2895355224609375,
                1
            ],
            "name": "HeadBridle2_0_A_L"
        },
        "HeadBridle2_1_A_L": {
            "children": [
                "HeadBridle2_3_A_L"
            ],
            "jointId": "HeadBridle2_1_A_L",
            "matrix": [
                0.5049623250961304,
                -4.3213367462158203e-7,
                -0.8631411790847779,
                0,
                -4.687078534182376e-7,
                0.9999999999999594,
                -7.748598935819473e-7,
                0,
                0.863141246145922,
                7.958361645798995e-7,
                0.5049623643284232,
