{
    "animations": {},
    "asset": {},
    "attributes": {
        "attribute_1": {
            "bufferView": "bufferView_37",
            "byteOffset": 0,
            "byteStride": 12,
            "count": 2099,
            "max": [
                1,
                1,
                1
            ],
            "min": [
                0,
                0,
                0
            ],
            "type": "FLOAT_VEC3"
        },
        "attribute_10": {
            "bufferView": "bufferView_37",
            "byteOffset": 139188,
            "byteStride": 16,
            "count": 414,
            "max": [
                1,
                1,
                1
            ],
            "min": [
                0,
                0,
                0
            ],
            "type": "FLOAT_VEC4"
        },
        "attribute_11": {
            "bufferView": "bufferView_37",
            "byteOffset": 145812,
            "byteStride": 12,
            "count": 414,
            "max": [
                1,
                1,
                1
            ],
            "min": [
                0,
                0,
                0
            ],
            "type": "FLOAT_VEC3"
        },
        "attribute_13": {
            "bufferView": "bufferView_37",
            "byteOffset": 150780,
            "byteStride": 12,
            "count": 933,
            "max": [
                1,
                1,
                1
            ],
            "min": [
                0,
                0,
                0
            ],
            "type": "FLOAT_VEC3"
        },
        "attribute_14": {
            "bufferView": "bufferView_37",
            "byteOffset": 161976,
            "byteStride": 12,
            "count": 933,
            "max": [
                1,
                1,
                1
            ],
            "min": [
                0,
                0,
                0
            ],
            "type": "FLOAT_VEC3"
        },
        "attribute_15": {
            "bufferView": "bufferView_37",
            "byteOffset": 173172,
            "byteStride": 8,
            "count": 933,
            "max": [
                1,
                1,
                1
            ],
            "min": [
                0,
                0,
                0
            ],
            "type": "FLOAT_VEC2"
        },
        "attribute_16": {
            "bufferView": "bufferView_37",
            "byteOffset": 180636,
            "byteStride": 16,
            "count": 933,
            "max": [
                1,
                1,
                1
            ],
            "min": [
                0,
                0,
                0
            ],
            "type": "FLOAT_VEC4"
        },
        "attribute_17": {
            "bufferView": "bufferView_37",
            "byteOffset": 195564,
            "byteStride": 12,
            "count": 933,
            "max": [
                1,
                1,
                1
            ],
            "min": [
                0,
                0,
                0
            ],
            "type": "FLOAT_VEC3"
        },
        "attribute_19": {
            "bufferView": "bufferView_37",
            "byteOffset": 206760,
            "byteStride": 12,
            "count": 800,
            "max": [
                1,
                1,
                1
            ],
            "min": [
                0,
                0,
                0
            ],
            "type": "FLOAT_VEC3"
        },
        "attribute_2": {
            "bufferView": "bufferView_37",
            "byteOffset": 25188,
            "byteStride": 12,
            "count": 2099,
            "max": [
                1,
                1,
                1
            ],
            "min": [
                0,
                0,
                0
            ],
            "type": "FLOAT_VEC3"
        },
        "attribute_20": {
            "bufferView": "bufferView_37",
            "byteOffset": 216360,
            "byteStride": 12,
            "count": 800,
            "max": [
                1,
                1,
                1
            ],
            "min": [
                0,
                0,
                0
            ],
            "type": "FLOAT_VEC3"
        },
        "attribute_21": {
            "bufferView": "bufferView_37",
            "byteOffset": 225960,
            "byteStride": 8,
            "count": 800,
            "max": [
                1,
                1,
                1
            ],
            "min": [
                0,
                0,
                0
            ],
            "type": "FLOAT_VEC2"
        },
        "attribute_22": {
            "bufferView": "bufferView_37",
            "byteOffset": 232360,
            "byteStride": 16,
            "count": 800,
            "max": [
                1,
                1,
                1
            ],
            "min": [
                0,
                0,
                0
            ],
            "type": "FLOAT_VEC4"
        },
        "attribute_23": {
            "bufferView": "bufferView_37",
            "byteOffset": 245160,
            "byteStride": 12,
            "count": 800,
            "max": [
                1,
                1,
                1
            ],
            "min": [
                0,
                0,
                0
            ],
            "type": "FLOAT_VEC3"
        },
        "attribute_25": {
            "bufferView": "bufferView_37",
            "byteOffset": 254760,
            "byteStride": 12,
            "count": 186,
            "max": [
                1,
                1,
                1
            ],
            "min": [
                0,
                0,
                0
            ],
            "type": "FLOAT_VEC3"
        },
        "attribute_26": {
            "bufferView": "bufferView_37",
            "byteOffset": 256992,
            "byteStride": 12,
            "count": 186,
            "max": [
                1,
                1,
                1
            ],
            "min": [
                0,
                0,
                0
            ],
            "type": "FLOAT_VEC3"
        },
        "attribute_27": {
            "bufferView": "bufferView_37",
            "byteOffset": 259224,
            "byteStride": 8,
            "count": 186,
            "max": [
                1,
                1,
                1
            ],
            "min": [
                0,
                0,
                0
            ],
            "type": "FLOAT_VEC2"
        },
        "attribute_28": {
            "bufferView": "bufferView_37",
            "byteOffset": 260712,
            "byteStride": 16,
            "count": 186,
            "max": [
                1,
                1,
                1
            ],
            "min": [
                0,
                0,
                0
            ],
            "type": "FLOAT_VEC4"
        },
        "attribute_29": {
            "bufferView": "bufferView_37",
            "byteOffset": 263688,
            "byteStride": 12,
            "count": 186,
            "max": [
                1,
                1,
                1
            ],
            "min": [
                0,
                0,
                0
            ],
            "type": "FLOAT_VEC3"
        },
        "attribute_3": {
            "bufferView": "bufferView_37",
            "byteOffset": 50376,
            "byteStride": 8,
            "count": 2099,
            "max": [
                1,
                1,
                1
            ],
            "min": [
                0,
                0,
                0
            ],
            "type": "FLOAT_VEC2"
        },
        "attribute_31": {
            "bufferView": "bufferView_37",
            "byteOffset": 265920,
            "byteStride": 12,
            "count": 657,
            "max": [
                1,
                1,
                1
            ],
            "min": [
                0,
                0,
                0
            ],
            "type": "FLOAT_VEC3"
        },
        "attribute_32": {
            "bufferView": "bufferView_37",
            "byteOffset": 273804,
            "byteStride": 12,
            "count": 657,
            "max": [
                1,
                1,
                1
            ],
            "min": [
                0,
                0,
                0
            ],
            "type": "FLOAT_VEC3"
        },
        "attribute_33": {
            "bufferView": "bufferView_37",
            "byteOffset": 281688,
            "byteStride": 8,
            "count": 657,
            "max": [
                1,
                1,
                1
            ],
            "min": [
                0,
                0,
                0
            ],
            "type": "FLOAT_VEC2"
        },
        "attribute_34": {
            "bufferView": "bufferView_37",
            "byteOffset": 286944,
            "byteStride": 16,
            "count": 657,
            "max": [
                1,
                1,
                1
            ],
            "min": [
                0,
                0,
                0
            ],
            "type": "FLOAT_VEC4"
        },
        "attribute_35": {
            "bufferView": "bufferView_37",
            "byteOffset": 297456,
            "byteStride": 12,
            "count": 657,
            "max": [
                1,
                1,
                1
            ],
            "min": [
                0,
                0,
                0
            ],
            "type": "FLOAT_VEC3"
        },
        "attribute_4": {
            "bufferView": "bufferView_37",
            "byteOffset": 67168,
            "byteStride": 16,
            "count": 2099,
            "max": [
                1,
                1,
                1
            ],
            "min": [
                0,
                0,
                0
            ],
            "type": "FLOAT_VEC4"
        },
        "attribute_5": {
            "bufferView": "bufferView_37",
            "byteOffset": 100752,
            "byteStride": 12,
            "count": 2099,
            "max": [
                1,
                1,
                1
            ],
            "min": [
                0,
                0,
                0
            ],
            "type": "FLOAT_VEC3"
        },
        "attribute_7": {
            "bufferView": "bufferView_37",
            "byteOffset": 125940,
            "byteStride": 12,
            "count": 414,
            "max": [
                1,
                1,
                1
            ],
            "min": [
                0,
                0,
                0
            ],
            "type": "FLOAT_VEC3"
        },
        "attribute_8": {
            "bufferView": "bufferView_37",
            "byteOffset": 130908,
            "byteStride": 12,
            "count": 414,
            "max": [
                1,
                1,
                1
            ],
            "min": [
                0,
                0,
                0
            ],
            "type": "FLOAT_VEC3"
        },
        "attribute_9": {
            "bufferView": "bufferView_37",
            "byteOffset": 135876,
            "byteStride": 8,
            "count": 414,
            "max": [
                1,
                1,
                1
            ],
            "min": [
                0,
                0,
                0
            ],
            "type": "FLOAT_VEC2"
        }
    },
    "bufferViews": {
        "bufferView_37": {
            "buffer": "keeper_of_the_light.bin",
            "byteLength": 305340,
            "byteOffset": 0,
            "target": "ARRAY_BUFFER"
        },
        "bufferView_38": {
            "buffer": "keeper_of_the_light.bin",
            "byteLength": 51594,
            "byteOffset": 305340,
            "target": "ELEMENT_ARRAY_BUFFER"
        }
    },
    "buffers": {
        "keeper_of_the_light.bin": {
            "byteLength": 356934,
            "path": "keeper_of_the_light.bin"
        }
    },
    "cameras": {},
    "images": {
        "image_0": {
            "path": "textures/keeper_body_color.png"
        },
        "image_1": {
            "path": "textures/keeper_hood_color.png"
        },
        "image_2": {
            "path": "textures/horse_color.png"
        },
        "image_3": {
            "path": "textures/horse_gear_color.png"
        },
        "image_4": {
            "path": "textures/keeper_skirt_color.png"
        },
        "image_5": {
            "path": "textures/keeper_staff_color.png"
        }
    },
    "indices": {
        "indices_12": {
            "bufferView": "bufferView_38",
            "byteOffset": 22110,
            "count": 2298,
            "type": "UNSIGNED_SHORT"
        },
        "indices_18": {
            "bufferView": "bufferView_38",
            "byteOffset": 26706,
            "count": 5352,
            "type": "UNSIGNED_SHORT"
        },
        "indices_24": {
            "bufferView": "bufferView_38",
            "byteOffset": 37410,
            "count": 4086,
            "type": "UNSIGNED_SHORT"
        },
        "indices_30": {
            "bufferView": "bufferView_38",
            "byteOffset": 45582,
            "count": 702,
            "type": "UNSIGNED_SHORT"
        },
        "indices_36": {
            "bufferView": "bufferView_38",
            "byteOffset": 46986,
            "count": 2304,
            "type": "UNSIGNED_SHORT"
        },
        "indices_6": {
            "bufferView": "bufferView_38",
            "byteOffset": 0,
            "count": 11055,
            "type": "UNSIGNED_SHORT"
        }
    },
    "lights": {},
    "materials": {
        "Material #35": {
            "instanceTechnique": {
                "technique": "technique_0",
                "values": [
                    {
                        "parameter": "ambient",
                        "value": [
                            0.5879999995231628,
                            0.5879999995231628,
                            0.5879999995231628
                        ]
                    },
                    {
                        "parameter": "emission",
                        "value": [
                            0,
                            0,
                            0
                        ]
                    },
                    {
                        "parameter": "diffuse",
                        "value": "Map #13"
                    },
                    {
                        "parameter": "shininess",
                        "value": 2
                    },
                    {
                        "parameter": "specular",
                        "value": [
                            0.8999999761581421,
                            0.8999999761581421,
                            0.8999999761581421
                        ]
                    }
                ]
            },
            "name": "Material #35"
        },
        "Material #46": {
            "instanceTechnique": {
                "technique": "technique_0",
                "values": [
                    {
                        "parameter": "ambient",
                        "value": [
                            0.5879999995231628,
                            0.5879999995231628,
                            0.5879999995231628
                        ]
                    },
                    {
                        "parameter": "emission",
                        "value": [
                            0,
                            0,
                            0
                        ]
                    },
                    {
                        "parameter": "diffuse",
                        "value": "Map #8"
                    },
                    {
                        "parameter": "shininess",
                        "value": 2
                    },
                    {
                        "parameter": "specular",
                        "value": [
                            0.8999999761581421,
                            0.8999999761581421,
                            0.8999999761581421
                        ]
                    }
                ]
            },
            "name": "Material #46"
        },
        "Material #57": {
            "instanceTechnique": {
                "technique": "technique_0",
                "values": [
                    {
                        "parameter": "ambient",
                        "value": [
                            0.5879999995231628,
                            0.5879999995231628,
                            0.5879999995231628
                        ]
                    },
                    {
                        "parameter": "emission",
                        "value": [
                            0,
                            0,
                            0
                        ]
                    },
                    {
                        "parameter": "diffuse",
                        "value": "Map #9"
                    },
                    {
                        "parameter": "shininess",
                        "value": 2
                    },
                    {
                        "parameter": "specular",
                        "value": [
                            0.8999999761581421,
                            0.8999999761581421,
                            0.8999999761581421
                        ]
                    }
                ]
            },
            "name": "Material #57"
        },
        "Material #68": {
            "instanceTechnique": {
                "technique": "technique_0",
                "values": [
                    {
                        "parameter": "ambient",
                        "value": [
                            0.5879999995231628,
                            0.5879999995231628,
                            0.5879999995231628
                        ]
                    },
                    {
                        "parameter": "emission",
                        "value": [
                            0,
                            0,
                            0
                        ]
                    },
                    {
                        "parameter": "diffuse",
                        "value": "Map #10"
                    },
                    {
                        "parameter": "shininess",
                        "value": 2
                    },
                    {
                        "parameter": "specular",
                        "value": [
                            0.8999999761581421,
                            0.8999999761581421,
                            0.8999999761581421
                        ]
                    }
                ]
            },
            "name": "Material #68"
        },
        "Material #79": {
            "instanceTechnique": {
                "technique": "technique_0",
                "values": [
                    {
                        "parameter": "ambient",
                        "value": [
                            0.5879999995231628,
                            0.5879999995231628,
                            0.5879999995231628
                        ]
                    },
                    {
                        "parameter": "emission",
                        "value": [
                            0,
                            0,
                            0
                        ]
                    },
                    {
                        "parameter": "diffuse",
                        "value": "Map #11"
                    },
                    {
                        "parameter": "shininess",
                        "value": 2
                    },
                    {
                        "parameter": "specular",
                        "value": [
                            0.8999999761581421,
                            0.8999999761581421,
                            0.8999999761581421
                        ]
                    }
                ]
            },
            "name": "Material #79"
        },
        "Material #90": {
            "instanceTechnique": {
                "technique": "technique_0",
                "values": [
                    {
                        "parameter": "ambient",
                        "value": [
                            0.5879999995231628,
                            0.5879999995231628,
                            0.5879999995231628
                        ]
                    },
                    {
                        "parameter": "emission",
                        "value": [
                            0,
                            0,
                            0
                        ]
                    },
                    {
                        "parameter": "diffuse",
                        "value": "Map #12"
                    },
                    {
                        "parameter": "shininess",
                        "value": 2
                    },
                    {
                        "parameter": "specular",
                        "value": [
                            0.8999999761581421,
                            0.8999999761581421,
                            0.8999999761581421
                        ]
                    }
                ]
            },
            "name": "Material #90"
        }
    },
    "meshes": {
        "keeper_of_the_light_model_LOD0-mesh": {
            "name": "keeper_of_the_light_model_LOD0-mesh",
            "primitives": [
                {
                    "indices": "indices_6",
                    "material": "Material #35",
                    "semantics": {
                        "JOINT": "attribute_4",
                        "NORMAL": "attribute_2",
                        "POSITION": "attribute_1",
                        "TEXCOORD_0": "attribute_3",
                        "WEIGHT": "attribute_5"
                    },
                    "skin": "skin_0"
                }
            ]
        },
        "kotl_hood_model_LOD0-mesh": {
            "name": "kotl_hood_model_LOD0-mesh",
            "primitives": [
                {
                    "indices": "indices_12",
                    "material": "Material #46",
                    "semantics": {
                        "JOINT": "attribute_10",
                        "NORMAL": "attribute_8",
                        "POSITION": "attribute_7",
                        "TEXCOORD_0": "attribute_9",
                        "WEIGHT": "attribute_11"
                    },
                    "skin": "skin_1"
                }
            ]
        },
        "kotl_horse_accesories_model_LOD0-mesh": {
            "name": "kotl_horse_accesories_model_LOD0-mesh",
            "primitives": [
                {
                    "indices": "indices_24",
                    "material": "Material #68",
                    "semantics": {
                        "JOINT": "attribute_22",
                        "NORMAL": "attribute_20",
                        "POSITION": "attribute_19",
                        "TEXCOORD_0": "attribute_21",
                        "WEIGHT": "attribute_23"
                    },
                    "skin": "skin_3"
                }
            ]
        },
        "kotl_horse_model_LOD0-mesh": {
            "name": "kotl_horse_model_LOD0-mesh",
            "primitives": [
                {
                    "indices": "indices_18",
                    "material": "Material #57",
                    "semantics": {
                        "JOINT": "attribute_16",
                        "NORMAL": "attribute_14",
                        "POSITION": "attribute_13",
                        "TEXCOORD_0": "attribute_15",
                        "WEIGHT": "attribute_17"
                    },
                    "skin": "skin_2"
                }
            ]
        },
        "kotl_skirt_model_LOD0-mesh": {
            "name": "kotl_skirt_model_LOD0-mesh",
            "primitives": [
                {
                    "indices": "indices_30",
                    "material": "Material #79",
                    "semantics": {
                        "JOINT": "attribute_28",
                        "NORMAL": "attribute_26",
                        "POSITION": "attribute_25",
                        "TEXCOORD_0": "attribute_27",
                        "WEIGHT": "attribute_29"
                    },
                    "skin": "skin_4"
                }
            ]
        },
        "kotl_staff_model_LOD0-mesh": {
            "name": "kotl_staff_model_LOD0-mesh",
            "primitives": [
                {
                    "indices": "indices_36",
                    "material": "Material #90",
                    "semantics": {
                        "JOINT": "attribute_34",
                        "NORMAL": "attribute_32",
                        "POSITION": "attribute_31",
                        "TEXCOORD_0": "attribute_33",
                        "WEIGHT": "attribute_35"
                    },
                    "skin": "skin_5"
                }
            ]
        }
    },
    "nodes": {
        "BeardHelper10_0": {
            "children": [],
            "matrix": [
                -0.14346224069595295,
                0.06136730685830102,
                0.9877513647079466,
                0,
                0.008819744549308187,
                0.9981154797304526,
                -0.060730220936688624,
                0,
                -0.9896164542238726,
                -7.788583286964339e-7,
                -0.14373308023530834,
                0,
                28.009857177734375,
                -0.000011444091796875007,
                -11.523207664489744,
                1
            ],
            "name": "BeardHelper10_0"
        },
        "CapeBackL_R0C0": {
            "children": [
                "CapeBackL_R1C0"
            ],
            "matrix": [
                0.3181850016117098,
                0.3577533066272736,
                0.877935588359833,
                0,
                0.3788078789899061,
                -0.8969016118818842,
                0.22819274493407687,
                0,
                0.8690587772178066,
                0.2599614761592172,
                -0.4209005205173795,
                0,
                12.097412109375014,
                18.06295967102051,
                38.2509880065918,
                1
            ],
            "name": "CapeBackL_R0C0"
        },
        "CapeBackL_R1C0": {
            "children": [
                "CapeBackL_R2C0"
            ],
            "matrix": [
                0.8784826993942259,
                -5.551115123125783e-17,
                -0.4777748584747317,
                0,
                0.4489614780330672,
                0.34202013702737843,
                0.8255036533433866,
                0,
                0.16340856302216314,
                -0.9396928419784366,
                0.3004586637440938,
                0,
                23.84560775756836,
                -9.536743128535363e-7,
                0.000007629394517039145,
                1
            ],
            "name": "CapeBackL_R1C0"
        },
        "CapeBackL_R2C0": {
            "children": [
                "CapeBackL_R3C0"
            ],
            "matrix": [
                0.9999997615814209,
                -8.940696710757479e-8,
                1.3877787807814457e-17,
                0,
                8.940696732961939e-8,
                0.9999997615814188,
                -5.96046448031462e-8,
                0,
                5.315192730392937e-15,
                5.96046553918983e-8,
                0.999999940395355,
                0,
                36.45115661621093,
                -0.000030517578125,
                0,
                1
            ],
            "name": "CapeBackL_R2C0"
        },
        "CapeBackL_R3C0": {
            "children": [],
            "matrix": [
                1.0000002384185795,
                -2.980232227667301e-8,
                -2.3096799849076088e-7,
                0,
                1.7427365661681904e-8,
                0.9985734224125288,
                -0.05339457130982962,
                0,
                2.3222976093528747e-7,
                0.05339457804822227,
                0.9985735484325283,
                0,
                31.73202514648436,
                0.000022888183579539145,
                0.0000057220458984375,
                1
            ],
            "name": "CapeBackL_R3C0"
        },
        "CapeBackR_R0C0": {
            "children": [
                "CapeBackR_R1C0"
            ],
            "matrix": [
                0.12024566531181347,
                -0.3121908307075501,
                0.942378878593445,
                0,
                -0.5092812071555013,
                -0.8342364112222992,
                -0.21138217883032243,
                0,
                0.8521583774462755,
                -0.45451807589427323,
                -0.25930624325623886,
                0,
                15.567207336425781,
                -19.871234893798825,
                40.64157104492186,
                1
            ],
            "name": "CapeBackR_R0C0"
        },
        "CapeBackR_R1C0": {
            "children": [
                "CapeBackR_R2C0"
            ],
            "matrix": [
                0.868040084838867,
                0.0873553082346918,
                -0.48874866962432856,
                0,
                0.4309318500778684,
                -0.6214633547328079,
                0.6542790122332333,
                0,
                -0.24658466525556108,
                -0.7785578477884751,
                -0.5770993397021434,
                0,
                27.831020355224616,
                -1.0658141036401503e-14,
                -0.000007629394517039145,
                1
            ],
            "name": "CapeBackR_R1C0"
        },
        "CapeBackR_R2C0": {
            "children": [
                "CapeBackR_R3C0"
            ],
            "matrix": [
                0.9961176514625549,
                0.08666464686393743,
                -0.01546086370944981,
                0,
                -0.08670049324619539,
                0.9353515785060929,
                -0.34292893125677687,
                0,
                -0.015258475158369256,
                0.34293810945362596,
                0.9392343135044097,
                0,
                31.52529907226564,
                -0.0000152587890625,
                -0.00000762939453125,
                1
            ],
            "name": "CapeBackR_R2C0"
        },
        "CapeBackR_R3C0": {
            "children": [],
            "matrix": [
                0.9999999999999993,
                -1.192092896062924e-7,
                3.9115548147727885e-8,
                0,
                1.23856556066837e-7,
                0.9877192964285118,
                -0.15623558187494047,
                0,
                -2.0010454529484356e-8,
                0.15623562594162474,
                0.9877195750174943,
                0,
                30.17230224609375,
                -0.000015258789076710855,
                -0.000004768371580254893,
                1
            ],
            "name": "CapeBackR_R3C0"
        },
        "CapeFrontL_R0C0": {
            "children": [
                "CapeFrontL_R1C0"
            ],
            "matrix": [
                -0.7402959465980532,
                0.3356922864913942,
                0.5824711918830874,
                0,
                0.14028563422193024,
                0.9244729516929409,
                -0.35449916742709076,
                0,
                -0.6574815455703263,
                -0.18072196919498967,
                -0.7314764369942632,
                0,
                -6.804000854492202,
                28.57295227050782,
                3.266815185546861,
                1
            ],
            "name": "CapeFrontL_R0C0"
        },
        "CapeFrontL_R1C0": {
            "children": [
                "CapeFrontL_R2C0"
            ],
            "matrix": [
                0.9999998807907103,
                -0.0003122389316558283,
                0.000053871484851719144,
                0,
                0.000053917890940701686,
                0.00014860306295196753,
                -0.9999999999976327,
                0,
                0.0003122309438983173,
                0.9999999404164617,
                0.00014861988893201595,
                0,
                33.982391357421875,
                0,
                -0.0000041574239730557405,
                1
            ],
            "name": "CapeFrontL_R1C0"
        },
        "CapeFrontL_R2C0": {
            "children": [
                "CapeFrontL_R3C0"
            ],
            "matrix": [
                0.9999166727066043,
                0.002201345982030059,
                0.01273506879806513,
                0,
                -0.012747728019031013,
                0.005835712573040796,
                0.999901890193791,
                0,
                0.00212681145330188,
                -0.999980747827204,
                0.005863287482847078,
                0,
                27.61974716186525,
                -6.854534153610814e-7,
                0.000030517578125,
                1
            ],
            "name": "CapeFrontL_R2C0"
        },
        "CapeFrontL_R3C0": {
            "children": [],
            "matrix": [
                0.9999998211860656,
                5.551115123125783e-17,
                -5.845802777124499e-8,
                0,
                -2.7755575615628914e-16,
                0.9999998807907178,
                -5.24919133172272e-9,
                0,
                5.845802425281005e-8,
                5.249190666794193e-9,
                0.9999997615814228,
                0,
                35.82066726684569,
                0.000007629394545460855,
                0.000010669231415405545,
                1
            ],
            "name": "CapeFrontL_R3C0"
        },
        "CapeFrontR_R0C0": {
            "children": [
                "CapeFrontR_R1C0"
            ],
            "matrix": [
                -0.7473763823509219,
                -0.3452945053577419,
                0.5676267743110659,
                0,
                0.12633483061606945,
                -0.9126135896850687,
                -0.388813212044431,
                0,
                0.652278957673709,
                -0.21887877401925218,
                0.7256885480102161,
                0,
                -5.010696411132827,
                -26.55664443969727,
                0.923316955566392,
                1
            ],
            "name": "CapeFrontR_R0C0"
        },
        "CapeFrontR_R1C0": {
            "children": [
                "CapeFrontR_R2C0"
            ],
            "matrix": [
                0.9999310374259947,
                -0.011100441217422485,
                -0.003891130443662414,
                0,
                0.0040087790356583015,
                0.010596044516982822,
                0.9999361026245266,
                0,
                -0.01105849820653132,
                -0.999882460093489,
                0.010639809990611147,
                0,
                33.982414245605455,
                -0.0000152587890625,
                0.000005174195393171412,
                1
            ],
            "name": "CapeFrontR_R1C0"
        },
        "CapeFrontR_R2C0": {
            "children": [
                "CapeFrontR_R3C0"
            ],
            "matrix": [
                0.9996424317359925,
                0.026229003444314013,
                -0.005173295736312866,
                0,
                -0.004828248102717092,
                -0.013201500439951393,
                -0.9999010570041528,
                0,
                -0.026294705763933026,
                0.9995685868403413,
                -0.01307014097462222,
                0,
                30.250106811523438,
                -0.000003933906556286004,
                -0.000007629394517039145,
                1
            ],
            "name": "CapeFrontR_R2C0"
        },
        "CapeFrontR_R3C0": {
            "children": [],
            "matrix": [
                0.9999997615814207,
                8.940696721859709e-8,
                -6.705522539313113e-8,
                0,
                -8.940702156401414e-8,
                0.9999998807907134,
                -6.537884473974132e-7,
                0,
                6.705518289240597e-8,
                6.537885313129266e-7,
                0.9999999999998355,
                0,
                34.83067321777343,
                -1.4210854715202004e-14,
                9.536743172944284e-7,
                1
            ],
            "name": "CapeFrontR_R3C0"
        },
        "Flap2_0": {
            "children": [
                "Flap2_1"
            ],
            "matrix": [
                -0.13730977475643158,
                0.49753674864769,
                0.856506586074829,
                0,
                0.0787568253837305,
                0.8674429805116216,
                -0.49126379767298245,
                0,
                -0.9873922533534942,
                4.182349741419572e-7,
                -0.15829278863202806,
                0,
                24.4608154296875,
                7.332480430603027,
                14.188044548034672,
                1
            ],
            "name": "Flap2_0"
        },
        "Flap2_1": {
            "children": [],
            "matrix": [
                0.9867678284645076,
                0.015280915424227829,
                -0.16141723096370691,
                0,
                -1.6739442461983708e-7,
                0.9955489040035288,
                0.09424479240848792,
                0,
                0.16213893051078937,
                -0.09299772302697704,
                0.9823758534497585,
                0,
                11.589873313903807,
                0.000002861022947442393,
                0.0000152587890625,
                1
            ],
            "name": "Flap2_1"
        },
        "HeadBridle2_0_A_L": {
            "children": [
                "HeadBridle2_1_A_L"
            ],
            "matrix": [
                -0.06018096208572382,
                0.17343302071094555,
                -0.9830054044723511,
                0,
                -0.32042253015184496,
                0.9293163258350923,
                0.18357729561102643,
                0,
                0.9453612302817099,
                0.32602490077517227,
                -0.00035530322303772843,
                0,
                26.680755615234347,
                8.498175621032717,
                1.289535522460909,
                1
            ],
            "name": "HeadBridle2_0_A_L"
        },
        "HeadBridle2_1_A_L": {
            "children": [
                "HeadBridle2_3_A_L"
            ],
            "matrix": [
                0.5049623250961306,
                -4.321336745660709e-7,
                -0.863141179084778,
                0,
                -4.687078534182376e-7,
                0.9999999999999595,
                -7.748598935264361e-7,
                0,
                0.8631412461459222,
                7.958361646354106e-7,
