{
    "accessors": {
        "attrbute_1": {
            "bufferView": "bufferView_37",
            "byteOffset": 0,
            "byteStride": 12,
            "count": 2346,
            "max": [
                58.705894470214844,
                38.052799224853516,
                190.96275329589844,
                0
            ],
            "min": [
                -72.52035522460938,
                -52.07777786254883,
                -1.1109637022018433,
                0
            ],
            "type": 35665
        },
        "attrbute_10": {
            "bufferView": "bufferView_37",
            "byteOffset": 154648,
            "byteStride": 16,
            "count": 434,
            "max": [
                12,
                12,
                12,
                -1
            ],
            "min": [
                0,
                -1,
                -1,
                -1
            ],
            "type": 35666
        },
        "attrbute_11": {
            "bufferView": "bufferView_37",
            "byteOffset": 161592,
            "byteStride": 12,
            "count": 434,
            "max": [
                1,
                0.9881736040115356,
                0.9536973237991333
            ],
            "min": [
                0.00019183378026355058,
                0,
                0
            ],
            "type": 35665
        },
        "attrbute_13": {
            "bufferView": "bufferView_37",
            "byteOffset": 166800,
            "byteStride": 12,
            "count": 511,
            "max": [
                89.87440490722656,
                35.66421890258789,
                108.06099700927734,
                0
            ],
            "min": [
                33.92633056640625,
                -57.41923522949219,
                26.861112594604492,
                0
            ],
            "type": 35665
        },
        "attrbute_14": {
            "bufferView": "bufferView_37",
            "byteOffset": 172932,
            "byteStride": 12,
            "count": 511,
            "max": [
                0.9960269927978516,
                0.9997165203094482,
                0.9985038042068481,
                0
            ],
            "min": [
                -0.9950079917907715,
                -0.9948729276657104,
                -0.9738268852233887,
                0
            ],
            "type": 35665
        },
        "attrbute_15": {
            "bufferView": "bufferView_37",
            "byteOffset": 179064,
            "byteStride": 8,
            "count": 511,
            "max": [
                0.9768030047416687,
                0.9736679792404175
            ],
            "min": [
                0.017694000154733658,
                0.017747998237609863
            ],
            "type": 35664
        },
        "attrbute_16": {
            "bufferView": "bufferView_37",
            "byteOffset": 183152,
            "byteStride": 16,
            "count": 511,
            "max": [
                12,
                13,
                13,
                -1
            ],
            "min": [
                0,
                -1,
                -1,
                -1
            ],
            "type": 35666
        },
        "attrbute_17": {
            "bufferView": "bufferView_37",
            "byteOffset": 191328,
            "byteStride": 12,
            "count": 511,
            "max": [
                1,
                0.9594325423240662,
                0.875
            ],
            "min": [
                0.035635173320770264,
                0,
                0
            ],
            "type": 35665
        },
        "attrbute_19": {
            "bufferView": "bufferView_37",
            "byteOffset": 197460,
            "byteStride": 12,
            "count": 281,
            "max": [
                30.328096389770508,
                16.418582916259766,
                186.46499633789062,
                0
            ],
            "min": [
                -30.32810401916504,
                -22.09011459350586,
                166,
                0
            ],
            "type": 35665
        },
        "attrbute_2": {
            "bufferView": "bufferView_37",
            "byteOffset": 28152,
            "byteStride": 12,
            "count": 2346,
            "max": [
                0.9999129772186279,
                0.9991815686225891,
                0.9904893636703491,
                0
            ],
            "min": [
                -0.9999130368232727,
                -0.9995262026786804,
                -0.9950765371322632,
                0
            ],
            "type": 35665
        },
        "attrbute_20": {
            "bufferView": "bufferView_37",
            "byteOffset": 200832,
            "byteStride": 12,
            "count": 281,
            "max": [
                0.9821299910545349,
                0.955001950263977,
                0.998589038848877,
                0
            ],
            "min": [
                -0.9821298718452454,
                -0.9999645948410034,
                -0.9503636360168457,
                0
            ],
            "type": 35665
        },
        "attrbute_21": {
            "bufferView": "bufferView_37",
            "byteOffset": 204204,
            "byteStride": 8,
            "count": 281,
            "max": [
                0.992272675037384,
                0.9926948547363281
            ],
            "min": [
                0.008976459503173828,
                0.011962890625
            ],
            "type": 35664
        },
        "attrbute_22": {
            "bufferView": "bufferView_37",
            "byteOffset": 206452,
            "byteStride": 16,
            "count": 281,
            "max": [
                0,
                -1,
                -1,
                -1
            ],
            "min": [
                0,
                -1,
                -1,
                -1
            ],
            "type": 35666
        },
        "attrbute_23": {
            "bufferView": "bufferView_37",
            "byteOffset": 210948,
            "byteStride": 12,
            "count": 281,
            "max": [
                1,
                0,
                0
            ],
            "min": [
                1,
                0,
                0
            ],
            "type": 35665
        },
        "attrbute_25": {
            "bufferView": "bufferView_37",
            "byteOffset": 214320,
            "byteStride": 12,
            "count": 237,
            "max": [
                51.193702697753906,
                38.695499420166016,
                160.0749969482422,
                0
            ],
            "min": [
                -52.12950897216797,
                -10.2984037399292,
                106.05000305175781,
                0
            ],
            "type": 35665
        },
        "attrbute_26": {
            "bufferView": "bufferView_37",
            "byteOffset": 217164,
            "byteStride": 12,
            "count": 237,
            "max": [
                0.9996238350868225,
                0.9991001486778259,
                0.991177499294281,
                0
            ],
            "min": [
                -0.999657928943634,
                -0.9967645406723022,
                -0.9988974332809448,
                0
            ],
            "type": 35665
        },
        "attrbute_27": {
            "bufferView": "bufferView_37",
            "byteOffset": 220008,
            "byteStride": 8,
            "count": 237,
            "max": [
                0.990098237991333,
                0.9951092004776001
            ],
            "min": [
                0.008552104234695435,
                0.00701671838760376
            ],
            "type": 35664
        },
        "attrbute_28": {
            "bufferView": "bufferView_37",
            "byteOffset": 221904,
            "byteStride": 16,
            "count": 237,
            "max": [
                9,
                11,
                12,
                -1
            ],
            "min": [
                0,
                -1,
                -1,
                -1
            ],
            "type": 35666
        },
        "attrbute_29": {
            "bufferView": "bufferView_37",
            "byteOffset": 225696,
            "byteStride": 12,
            "count": 237,
            "max": [
                1,
                0.8799999952316284,
                0.35991525650024414
            ],
            "min": [
                0.0654260516166687,
                0,
                0
            ],
            "type": 35665
        },
        "attrbute_3": {
            "bufferView": "bufferView_37",
            "byteOffset": 56304,
            "byteStride": 8,
            "count": 2346,
            "max": [
                0.9934020042419434,
                0.9953780174255371
            ],
            "min": [
                -0.9908239841461182,
                0.005980014801025391
            ],
            "type": 35664
        },
        "attrbute_31": {
            "bufferView": "bufferView_37",
            "byteOffset": 228540,
            "byteStride": 12,
            "count": 970,
            "max": [
                -30.97287368774414,
                18.603796005249023,
                88.84257507324219,
                0
            ],
            "min": [
                -105.50042724609375,
                -89.13299560546875,
                -5.082521438598633,
                0
            ],
            "type": 35665
        },
        "attrbute_32": {
            "bufferView": "bufferView_37",
            "byteOffset": 240180,
            "byteStride": 12,
            "count": 970,
            "max": [
                0.9955069422721863,
                0.997381329536438,
                0.9985736012458801,
                0
            ],
            "min": [
                -0.9988732933998108,
                -0.9975799918174744,
                -0.9984412789344788,
                0
            ],
            "type": 35665
        },
        "attrbute_33": {
            "bufferView": "bufferView_37",
            "byteOffset": 251820,
            "byteStride": 8,
            "count": 970,
            "max": [
                0.9802460074424744,
                0.9839410185813904
            ],
            "min": [
                0.01082600001245737,
                0.0108259916305542
            ],
            "type": 35664
        },
        "attrbute_34": {
            "bufferView": "bufferView_37",
            "byteOffset": 259580,
            "byteStride": 16,
            "count": 970,
            "max": [
                0,
                -1,
                -1,
                -1
            ],
            "min": [
                0,
                -1,
                -1,
                -1
            ],
            "type": 35666
        },
        "attrbute_35": {
            "bufferView": "bufferView_37",
            "byteOffset": 275100,
            "byteStride": 12,
            "count": 970,
            "max": [
                1,
                0,
                0
            ],
            "min": [
                1,
                0,
                0
            ],
            "type": 35665
        },
        "attrbute_4": {
            "bufferView": "bufferView_37",
            "byteOffset": 75072,
            "byteStride": 16,
            "count": 2346,
            "max": [
                39,
                39,
                38,
                -1
            ],
            "min": [
                0,
                -1,
                -1,
                -1
            ],
            "type": 35666
        },
        "attrbute_5": {
            "bufferView": "bufferView_37",
            "byteOffset": 112608,
            "byteStride": 12,
            "count": 2346,
            "max": [
                1,
                0.9998421669006348,
                0.9930664896965027
            ],
            "min": [
                0.00012365046131890267,
                0,
                0
            ],
            "type": 35665
        },
        "attrbute_7": {
            "bufferView": "bufferView_37",
            "byteOffset": 140760,
            "byteStride": 12,
            "count": 434,
            "max": [
                58.67589569091797,
                48.588478088378906,
                191.60403442382812,
                0
            ],
            "min": [
                -56.05720901489258,
                -25.36041259765625,
                69.78132629394531,
                0
            ],
            "type": 35665
        },
        "attrbute_8": {
            "bufferView": "bufferView_37",
            "byteOffset": 145968,
            "byteStride": 12,
            "count": 434,
            "max": [
                0.9917640089988708,
                0.9995246529579163,
                0.9997977614402771,
                0
            ],
            "min": [
                -0.9923976063728333,
                -0.9995246529579163,
                -0.9795094132423401,
                0
            ],
            "type": 35665
        },
        "attrbute_9": {
            "bufferView": "bufferView_37",
            "byteOffset": 151176,
            "byteStride": 8,
            "count": 434,
            "max": [
                0.9900278449058533,
                0.9917415380477905
            ],
            "min": [
                0.0053987205028533936,
                0.011921882629394531
            ],
            "type": 35664
        },
        "indices_12": {
            "bufferView": "bufferView_39",
            "byteOffset": 21066,
            "count": 1893,
            "type": 5123
        },
        "indices_18": {
            "bufferView": "bufferView_39",
            "byteOffset": 24852,
            "count": 2544,
            "type": 5123
        },
        "indices_24": {
            "bufferView": "bufferView_39",
            "byteOffset": 29940,
            "count": 1434,
            "type": 5123
        },
        "indices_30": {
            "bufferView": "bufferView_39",
            "byteOffset": 32808,
            "count": 972,
            "type": 5123
        },
        "indices_36": {
            "bufferView": "bufferView_39",
            "byteOffset": 34752,
            "count": 4896,
            "type": 5123
        },
        "indices_6": {
            "bufferView": "bufferView_39",
            "byteOffset": 0,
            "count": 10533,
            "type": 5123
        }
    },
    "animations": {},
    "asset": {},
    "bufferViews": {
        "bufferView_37": {
            "buffer": "lion.bin",
            "byteLength": 286740,
            "byteOffset": 0,
            "target": 34962
        },
        "bufferView_38": {
            "buffer": "lion.bin",
            "byteLength": 7168,
            "byteOffset": 286740
        },
        "bufferView_39": {
            "buffer": "lion.bin",
            "byteLength": 44544,
            "byteOffset": 293908,
            "target": 34963
        }
    },
    "buffers": {
        "lion.bin": {
            "byteLength": 338452,
            "path": "lion.bin"
        }
    },
    "cameras": {},
    "images": {
        "image_0": {
            "path": "textures/lion_body_color.png"
        },
        "image_1": {
            "path": "textures/lion_cape_color.png"
        },
        "image_2": {
            "path": "textures/lion_arm_color.png"
        },
        "image_3": {
            "path": "textures/lion_hat_color.png"
        },
        "image_4": {
            "path": "textures/lion_shoulder_color.png"
        },
        "image_5": {
            "path": "textures/lion_weapon_diffuse.png"
        }
    },
    "lights": {},
    "materials": {
        "Material #35": {
            "instanceTechnique": {
                "technique": "technique_0",
                "values": {
                    "ambient": [
                        0.5879999995231628,
                        0.5879999995231628,
                        0.5879999995231628
                    ],
                    "diffuse": "Map #7",
                    "emission": [
                        0,
                        0,
                        0
                    ],
                    "shininess": 2,
                    "specular": [
                        0.8999999761581421,
                        0.8999999761581421,
                        0.8999999761581421
                    ],
                    "transparency": 1
                }
            },
            "name": "Material #35"
        },
        "Material #46": {
            "instanceTechnique": {
                "technique": "technique_0",
                "values": {
                    "ambient": [
                        0.5879999995231628,
                        0.5879999995231628,
                        0.5879999995231628
                    ],
                    "diffuse": "Map #8",
                    "emission": [
                        0,
                        0,
                        0
                    ],
                    "shininess": 2,
                    "specular": [
                        0.8999999761581421,
                        0.8999999761581421,
                        0.8999999761581421
                    ],
                    "transparency": 1
                }
            },
            "name": "Material #46"
        },
        "Material #57": {
            "instanceTechnique": {
                "technique": "technique_0",
                "values": {
                    "ambient": [
                        0.5879999995231628,
                        0.5879999995231628,
                        0.5879999995231628
                    ],
                    "diffuse": "Map #9",
                    "emission": [
                        0,
                        0,
                        0
                    ],
                    "shininess": 2,
                    "specular": [
                        0.8999999761581421,
                        0.8999999761581421,
                        0.8999999761581421
                    ],
                    "transparency": 1
                }
            },
            "name": "Material #57"
        },
        "Material #68": {
            "instanceTechnique": {
                "technique": "technique_0",
                "values": {
                    "ambient": [
                        0.5879999995231628,
                        0.5879999995231628,
                        0.5879999995231628
                    ],
                    "diffuse": "Map #10",
                    "emission": [
                        0,
                        0,
                        0
                    ],
                    "shininess": 2,
                    "specular": [
                        0.8999999761581421,
                        0.8999999761581421,
                        0.8999999761581421
                    ],
                    "transparency": 1
                }
            },
            "name": "Material #68"
        },
        "Material #79": {
            "instanceTechnique": {
                "technique": "technique_0",
                "values": {
                    "ambient": [
                        0.5879999995231628,
                        0.5879999995231628,
                        0.5879999995231628
                    ],
                    "diffuse": "Map #11",
                    "emission": [
                        0,
                        0,
                        0
                    ],
                    "shininess": 2,
                    "specular": [
                        0.8999999761581421,
                        0.8999999761581421,
                        0.8999999761581421
                    ],
                    "transparency": 1
                }
            },
            "name": "Material #79"
        },
        "Material #90": {
            "instanceTechnique": {
                "technique": "technique_0",
                "values": {
                    "ambient": [
                        0.5879999995231628,
                        0.5879999995231628,
                        0.5879999995231628
                    ],
                    "diffuse": "Map #13",
                    "emission": [
                        0,
                        0,
                        0
                    ],
                    "shininess": 2,
                    "specular": [
                        0.8999999761581421,
                        0.8999999761581421,
                        0.8999999761581421
                    ],
                    "transparency": 1
                }
            },
            "name": "Material #90"
        }
    },
    "meshes": {
        "lion_body_model_LOD0-mesh": {
            "name": "lion_body_model_LOD0-mesh",
            "primitives": [
                {
                    "attributes": {
                        "JOINT": "attrbute_4",
                        "NORMAL": "attrbute_2",
                        "POSITION": "attrbute_1",
                        "TEXCOORD_0": "attrbute_3",
                        "WEIGHT": "attrbute_5"
                    },
                    "indices": "indices_6",
                    "material": "Material #35"
                }
            ]
        },
        "lion_cape_model_LOD0-mesh": {
            "name": "lion_cape_model_LOD0-mesh",
            "primitives": [
                {
                    "attributes": {
                        "JOINT": "attrbute_10",
                        "NORMAL": "attrbute_8",
                        "POSITION": "attrbute_7",
                        "TEXCOORD_0": "attrbute_9",
                        "WEIGHT": "attrbute_11"
                    },
                    "indices": "indices_12",
                    "material": "Material #46"
                }
            ]
        },
        "lion_demonarm_model_LOD0-mesh": {
            "name": "lion_demonarm_model_LOD0-mesh",
            "primitives": [
                {
                    "attributes": {
                        "JOINT": "attrbute_16",
                        "NORMAL": "attrbute_14",
                        "POSITION": "attrbute_13",
                        "TEXCOORD_0": "attrbute_15",
                        "WEIGHT": "attrbute_17"
                    },
                    "indices": "indices_18",
                    "material": "Material #57"
                }
            ]
        },
        "lion_hat_model_LOD0-mesh": {
            "name": "lion_hat_model_LOD0-mesh",
            "primitives": [
                {
                    "attributes": {
                        "JOINT": "attrbute_22",
                        "NORMAL": "attrbute_20",
                        "POSITION": "attrbute_19",
                        "TEXCOORD_0": "attrbute_21",
                        "WEIGHT": "attrbute_23"
                    },
                    "indices": "indices_24",
                    "material": "Material #68"
                }
            ]
        },
        "lion_shoulder_model_LOD0-mesh": {
            "name": "lion_shoulder_model_LOD0-mesh",
            "primitives": [
                {
                    "attributes": {
                        "JOINT": "attrbute_28",
                        "NORMAL": "attrbute_26",
                        "POSITION": "attrbute_25",
                        "TEXCOORD_0": "attrbute_27",
                        "WEIGHT": "attrbute_29"
                    },
                    "indices": "indices_30",
                    "material": "Material #79"
                }
            ]
        },
        "lion_weapon_model_LOD0-mesh": {
            "name": "lion_weapon_model_LOD0-mesh",
            "primitives": [
                {
                    "attributes": {
                        "JOINT": "attrbute_34",
                        "NORMAL": "attrbute_32",
                        "POSITION": "attrbute_31",
                        "TEXCOORD_0": "attrbute_33",
                        "WEIGHT": "attrbute_35"
                    },
                    "indices": "indices_36",
                    "material": "Material #90"
                }
            ]
        }
    },
    "nodes": {
        "Head_0": {
            "children": [
                "Head_1"
            ],
            "jointId": "Head_0",
            "matrix": [
                0.9962297677993774,
                1.13070100837831e-7,
                0.08675333857536316,
                0,
                -1.2012960106150395e-7,
                0.9999999999999998,
                7.615365404944901e-8,
                0,
                -0.08675333857535367,
                -8.62881810445676e-8,
                0.9962297677993784,
                0,
                7.1765289306640625,
                5.59277850697982e-7,
                -0.00000762939453125,
                1
            ],
            "name": "Head_0"
        },
        "Head_1": {
            "children": [
                "jaw6_0"
            ],
            "jointId": "Head_1",
            "matrix": [
                0.5469356179237366,
                -2.607991973491155e-7,
                -0.8371747732162477,
                0,
                7.764106645799048e-8,
                0.9999999999999997,
                -2.607992257708166e-7,
                0,
                0.8371747732162585,
                7.764124349675263e-8,
                0.5469356179237195,
                0,
                12.254608154296875,
                -0.0000031595318432664533,
                -0.00002288818359375,
                1
            ],
            "name": "Head_1"
        },
        "Root_0": {
            "children": [
                "thigh_R",
                "back_skirt1_0",
                "thigh_L",
                "front_skirt2_0",
                "front_tie7_0",
                "Spine_0",
                "front_tie_right8_0"
            ],
            "jointId": "Root_0",
            "matrix": [
                -1.629206851037603e-7,
                -1.0000000000000002,
                0,
                0,
                1.0000000000000002,
                -1.629206851037603e-7,
                0,
                0,
                0,
                0,
                1,
                0,
                -1.0658141036401503e-14,
                2.57497239112854,
                92.91686248779297,
                1
            ],
            "name": "Root_0"
        },
        "Spine_0": {
            "children": [
                "Spine_1"
            ],
            "jointId": "Spine_0",
            "matrix": [
                -0.20517013967037248,
                -4.891637310829252e-8,
                0.9787263274192811,
                0,
                -7.051116593191155e-7,
                1,
                -9.783274633052666e-8,
                0,
                -0.978726327419274,
                -7.101837029748819e-7,
                -0.20517013967040643,
                0,
                -2.0583860874176034,
                -5.8694809013104585e-8,
                6.329216003417969,
                1
            ],
            "name": "Spine_0"
        },
        "Spine_1": {
            "children": [
                "Spine_2"
            ],
            "jointId": "Spine_1",
            "matrix": [
                0.9935954213142393,
                8.778691551469833e-9,
                -0.11299614608287815,
                0,
                -6.271603896930793e-8,
                0.9999999999999999,
                -4.737832171031188e-7,
                0,
                0.11299614608287395,
                4.778355059103047e-7,
                0.99359542131424,
                0,
                8.712944030761733,
                7.241865205287468e-7,
                -0.000003814697263848643,
                1
            ],
            "name": "Spine_1"
        },
        "Spine_2": {
            "children": [
                "cape0_R0C0",
                "necklace5_0",
                "Spine_3"
            ],
            "jointId": "Spine_2",
            "matrix": [
                0.9999426603317261,
                1.7321113432444823e-9,
                0.010699070990085588,
                0,
                -1.7322106818843785e-9,
                0.9999999999999999,
                1.332267637821994e-15,
                0,
                -0.010699070990085616,
                -1.853437724650848e-11,
                0.9999426603317259,
                0,
                18.011367797851562,
                7.838721103325952e-7,
                0.000003814697266513178,
                1
            ],
            "name": "Spine_2"
        },
        "Spine_3": {
            "children": [
                "clavicle_R",
                "collar3_0",
                "clavicle_L",
                "Head_0"
            ],
            "jointId": "Spine_3",
            "matrix": [
                0.7181464433670043,
                1.4210854741671783e-14,
                -0.6958919167518615,
                0,
                -2.0648895536003592e-14,
                0.9999999999999999,
                -8.88178428799112e-16,
                0,
                0.6958919167518615,
                1.5007241669950728e-14,
                0.7181464433670044,
                0,
                20.97190856933591,
                9.117479748965724e-7,
                -9.536743181826068e-7,
                1
            ],
            "name": "Spine_3"
        },
        "Weapon4_0": {
            "children": [],
            "jointId": "Weapon4_0",
            "matrix": [
                1.0000003576278687,
                1.639127731600798e-7,
                -2.0861625665835604e-7,
                0,
                -1.6391267895765615e-7,
                1.0000002384185698,
                3.576278686245882e-7,
                0,
                2.0861629029811368e-7,
                -3.5762783448523017e-7,
                1.0000002384185454,
                0,
                -14.658061981201175,
                -14.592155456542983,
                -1.0036354064941335,
                1
            ],
            "name": "Weapon4_0"
        },
        "ankle_L": {
            "children": [
                "toeBase_L"
            ],
            "jointId": "ankle_L",
            "matrix": [
                0.3876329064369203,
                -0.2758710086345674,
                0.8795660734176638,
                0,
                0.042139065129043744,
                0.9584744055932439,
                0.2820490924200507,
                0,
                -0.9208504131085484,
                -0.07226739198023331,
                0.3831610312121445,
                0,
                30.426502227783203,
                0,
                0.000002622604373669901,
                1
            ],
            "name": "ankle_L"
        },
        "ankle_R": {
            "children": [
                "toeBase_R"
            ],
            "jointId": "ankle_R",
            "matrix": [
                0.3876332044601437,
                -0.2758708894252776,
                0.8795658349990845,
                0,
                0.042139358217829485,
                0.9584744801714193,
                0.282048918915441,
                0,
                -0.9208502451430403,
                -0.07226716703641617,
                0.38316145340783425,
                0,
                -30.426502227783203,
                0.000003814697265625,
                0.0000023841857919038034,
                1
            ],
            "name": "ankle_R"
        },
        "back_skirt1_0": {
            "children": [
                "back_skirt1_1"
            ],
            "jointId": "back_skirt1_0",
            "matrix": [
                0.0018851308851040563,
                1.3573396984494446e-7,
                -0.9999982118606567,
                0,
                -4.769688520775087e-7,
                1.0000000000000002,
                1.3483506223454013e-7,
                0,
                0.999998211860657,
                4.7671381745051625e-7,
                0.0018851308851687621,
                0,
                -20.2170352935791,
                -0.0000037405566217785227,
                -10.221214294433594,
                1
            ],
            "name": "back_skirt1_0"
        },
        "back_skirt1_1": {
            "children": [],
            "jointId": "back_skirt1_1",
            "matrix": [
                1,
                0,
                -2.168404344971009e-19,
                0,
                0,
                0.9999999999999997,
                4.7683025172773325e-7,
                0,
                -6.505213034913027e-19,
                -4.768302517277333e-7,
                0.9999999999999998,
                0,
                25.882823944091797,
                0.00000112317138700746,
                -7.105427357601002e-15,
                1
            ],
            "name": "back_skirt1_1"
        },
        "bicep_L": {
            "children": [
                "elbow_L"
            ],
            "jointId": "bicep_L",
            "matrix": [
                0.6826317310333254,
                -0.3581969738006593,
                -0.6369527578353885,
                0,
                -0.7050117678384252,
                -0.5521609438434806,
                -0.4450581630357274,
                0,
                -0.19228195409991203,
                0.7528700348833043,
                -0.6294556800360155,
                0,
                22.22792816162109,
                -0.00000762939453125,
                0.000007629394545460855,
                1
            ],
            "name": "bicep_L"
        },
        "bicep_R": {
            "children": [
                "elbow_R"
            ],
            "jointId": "bicep_R",
            "matrix": [
                0.682631552219391,
                -0.358196496963501,
                -0.6369532346725465,
                0,
                -0.7050115956404807,
                -0.5521613600908236,
                -0.44505762666757054,
                0,
                -0.19228284788097133,
                0.7528696630081967,
                -0.6294553399668305,
                0,
                -22.227930068969723,
                -0.000030517578110789145,
                -0.0000152587890625,
                1
            ],
            "name": "bicep_R"
        },
        "cape0_R0C0": {
            "children": [
                "cape0_R1C0"
            ],
            "jointId": "cape0_R0C0",
            "matrix": [
                -0.507591426372528,
                0.12793175876140597,
                0.8520469069480898,
                0,
                -0.10234045526096625,
                -0.9908665870509032,
                0.08780756893512694,
                0,
                0.8554981767040836,
                -0.04262849866465056,
                0.5160479722352164,
                0,
                36.1289367675781,
                4.329498291015625,
                19.04749298095703,
                1
            ],
            "name": "cape0_R0C0"
        },
        "cape0_R1C0": {
            "children": [
                "cape0_R2C0"
            ],
            "jointId": "cape0_R1C0",
            "matrix": [
                0.7243344783782963,
                0.05426521226763728,
                -0.6873104572296145,
                0,
                0.6845668124063959,
                0.06182269930322782,
                0.7263241256248675,
                0,
                0.08190546686393935,
                -0.9966108819315415,
                0.0076321442599812245,
                0,
                18.043800354003906,
                1.5931453704833984,
                -7.9648895263671875,
                1
            ],
            "name": "cape0_R1C0"
        },
        "cape0_R2C0": {
            "children": [
                "cape0_R3C0"
            ],
            "jointId": "cape0_R2C0",
            "matrix": [
                0.9298028349876402,
                -0.365769326686859,
                -0.040989927947521196,
                0,
                0.3659020487057088,
                0.9306428501368195,
                -0.0044851619735878714,
                0,
                0.039787501059774424,
                -0.010827977670845236,
                0.9991496798172365,
                0,
                22.5006866455078,
                -0.000011444091796875,
                0.000003814697267401357,
                1
            ],
            "name": "cape0_R2C0"
        },
        "cape0_R3C0": {
            "children": [],
            "jointId": "cape0_R3C0",
            "matrix": [
                0.9999997615814209,
                2.7755575615628914e-17,
                -1.8626451485370676e-8,
                0,
                -8.326672684688674e-17,
                0.9999999403953554,
                -5.122274162119855e-9,
                0,
                1.8626453719694513e-8,
                5.122273851604353e-9,
                0.999999880790711,
                0,
                25.033607482910156,
                -0.0000095367431640625,
                -1.7763568394002505e-15,
                1
            ],
            "name": "cape0_R3C0"
        },
        "clavicle_L": {
            "children": [
                "bicep_L"
            ],
            "jointId": "clavicle_L",
            "matrix": [
                -0.3221541941165926,
                0.9235355257987977,
                -0.2080832272768021,
                0,
                -0.06853476661064328,
                0.1964729651094019,
                0.9781111544047596,
                0,
                0.9442030243479433,
                0.32936350999008035,
                -2.980232259308657e-7,
                0,
                5.717018127441406,
                11.042655944824219,
                4.053680419921875,
                1
            ],
            "name": "clavicle_L"
        },
        "clavicle_R": {
            "children": [
                "bicep_R"
            ],
            "jointId": "clavicle_R",
            "matrix": [
                0.32215416431427024,
                0.923535645008087,
                0.20808361470699313,
                0,
                0.06853521704087068,
                0.19647318980241513,
                -0.978111130611903,
                0,
                -0.9442031906704166,
                0.32936357560230556,
                -5.9604643942723357e-8,
                0,
                5.717018127441406,
                -11.042652130126955,
                4.053672790527358,
                1
            ],
            "name": "clavicle_R"
        },
        "collar3_0": {
            "children": [],
            "jointId": "collar3_0",
            "matrix": [
                0.9999999403953554,
                3.997667263888614e-8,
                -1.7881393427066072e-7,
                0,
                -3.9976654040287226e-8,
                0.9999999999999994,
                1.1733645521871949e-7,
                0,
                1.7881393887808628e-7,
                -1.173364410765388e-7,
                0.9999999403953554,
                0,
                10.575172424316406,
                -4.475891728361603e-7,
                15.76828765869142,
                1
            ],
            "name": "collar3_0"
        },
        "elbow_L": {
            "children": [
                "wrist_L"
            ],
            "jointId": "elbow_L",
            "matrix": [
