{
    "animations": {},
    "asset": {},
    "attributes": {
        "attribute_1": {
            "bufferView": "bufferView_37",
            "byteOffset": 0,
            "byteStride": 12,
            "count": 1852,
            "max": [
                1,
                1,
                1
            ],
            "min": [
                0,
                0,
                0
            ],
            "type": "FLOAT_VEC3"
        },
        "attribute_10": {
            "bufferView": "bufferView_37",
            "byteOffset": 122672,
            "byteStride": 16,
            "count": 361,
            "max": [
                1,
                1,
                1
            ],
            "min": [
                0,
                0,
                0
            ],
            "type": "FLOAT_VEC4"
        },
        "attribute_11": {
            "bufferView": "bufferView_37",
            "byteOffset": 128448,
            "byteStride": 12,
            "count": 361,
            "max": [
                1,
                1,
                1
            ],
            "min": [
                0,
                0,
                0
            ],
            "type": "FLOAT_VEC3"
        },
        "attribute_13": {
            "bufferView": "bufferView_37",
            "byteOffset": 132780,
            "byteStride": 12,
            "count": 433,
            "max": [
                1,
                1,
                1
            ],
            "min": [
                0,
                0,
                0
            ],
            "type": "FLOAT_VEC3"
        },
        "attribute_14": {
            "bufferView": "bufferView_37",
            "byteOffset": 137976,
            "byteStride": 12,
            "count": 433,
            "max": [
                1,
                1,
                1
            ],
            "min": [
                0,
                0,
                0
            ],
            "type": "FLOAT_VEC3"
        },
        "attribute_15": {
            "bufferView": "bufferView_37",
            "byteOffset": 143172,
            "byteStride": 8,
            "count": 433,
            "max": [
                1,
                1,
                1
            ],
            "min": [
                0,
                0,
                0
            ],
            "type": "FLOAT_VEC2"
        },
        "attribute_16": {
            "bufferView": "bufferView_37",
            "byteOffset": 146636,
            "byteStride": 16,
            "count": 433,
            "max": [
                1,
                1,
                1
            ],
            "min": [
                0,
                0,
                0
            ],
            "type": "FLOAT_VEC4"
        },
        "attribute_17": {
            "bufferView": "bufferView_37",
            "byteOffset": 153564,
            "byteStride": 12,
            "count": 433,
            "max": [
                1,
                1,
                1
            ],
            "min": [
                0,
                0,
                0
            ],
            "type": "FLOAT_VEC3"
        },
        "attribute_19": {
            "bufferView": "bufferView_37",
            "byteOffset": 158760,
            "byteStride": 12,
            "count": 257,
            "max": [
                1,
                1,
                1
            ],
            "min": [
                0,
                0,
                0
            ],
            "type": "FLOAT_VEC3"
        },
        "attribute_2": {
            "bufferView": "bufferView_37",
            "byteOffset": 22224,
            "byteStride": 12,
            "count": 1852,
            "max": [
                1,
                1,
                1
            ],
            "min": [
                0,
                0,
                0
            ],
            "type": "FLOAT_VEC3"
        },
        "attribute_20": {
            "bufferView": "bufferView_37",
            "byteOffset": 161844,
            "byteStride": 12,
            "count": 257,
            "max": [
                1,
                1,
                1
            ],
            "min": [
                0,
                0,
                0
            ],
            "type": "FLOAT_VEC3"
        },
        "attribute_21": {
            "bufferView": "bufferView_37",
            "byteOffset": 164928,
            "byteStride": 8,
            "count": 257,
            "max": [
                1,
                1,
                1
            ],
            "min": [
                0,
                0,
                0
            ],
            "type": "FLOAT_VEC2"
        },
        "attribute_22": {
            "bufferView": "bufferView_37",
            "byteOffset": 166984,
            "byteStride": 16,
            "count": 257,
            "max": [
                1,
                1,
                1
            ],
            "min": [
                0,
                0,
                0
            ],
            "type": "FLOAT_VEC4"
        },
        "attribute_23": {
            "bufferView": "bufferView_37",
            "byteOffset": 171096,
            "byteStride": 12,
            "count": 257,
            "max": [
                1,
                1,
                1
            ],
            "min": [
                0,
                0,
                0
            ],
            "type": "FLOAT_VEC3"
        },
        "attribute_25": {
            "bufferView": "bufferView_37",
            "byteOffset": 174180,
            "byteStride": 12,
            "count": 221,
            "max": [
                1,
                1,
                1
            ],
            "min": [
                0,
                0,
                0
            ],
            "type": "FLOAT_VEC3"
        },
        "attribute_26": {
            "bufferView": "bufferView_37",
            "byteOffset": 176832,
            "byteStride": 12,
            "count": 221,
            "max": [
                1,
                1,
                1
            ],
            "min": [
                0,
                0,
                0
            ],
            "type": "FLOAT_VEC3"
        },
        "attribute_27": {
            "bufferView": "bufferView_37",
            "byteOffset": 179484,
            "byteStride": 8,
            "count": 221,
            "max": [
                1,
                1,
                1
            ],
            "min": [
                0,
                0,
                0
            ],
            "type": "FLOAT_VEC2"
        },
        "attribute_28": {
            "bufferView": "bufferView_37",
            "byteOffset": 181252,
            "byteStride": 16,
            "count": 221,
            "max": [
                1,
                1,
                1
            ],
            "min": [
                0,
                0,
                0
            ],
            "type": "FLOAT_VEC4"
        },
        "attribute_29": {
            "bufferView": "bufferView_37",
            "byteOffset": 184788,
            "byteStride": 12,
            "count": 221,
            "max": [
                1,
                1,
                1
            ],
            "min": [
                0,
                0,
                0
            ],
            "type": "FLOAT_VEC3"
        },
        "attribute_3": {
            "bufferView": "bufferView_37",
            "byteOffset": 44448,
            "byteStride": 8,
            "count": 1852,
            "max": [
                1,
                1,
                1
            ],
            "min": [
                0,
                0,
                0
            ],
            "type": "FLOAT_VEC2"
        },
        "attribute_31": {
            "bufferView": "bufferView_37",
            "byteOffset": 187440,
            "byteStride": 12,
            "count": 873,
            "max": [
                1,
                1,
                1
            ],
            "min": [
                0,
                0,
                0
            ],
            "type": "FLOAT_VEC3"
        },
        "attribute_32": {
            "bufferView": "bufferView_37",
            "byteOffset": 197916,
            "byteStride": 12,
            "count": 873,
            "max": [
                1,
                1,
                1
            ],
            "min": [
                0,
                0,
                0
            ],
            "type": "FLOAT_VEC3"
        },
        "attribute_33": {
            "bufferView": "bufferView_37",
            "byteOffset": 208392,
            "byteStride": 8,
            "count": 873,
            "max": [
                1,
                1,
                1
            ],
            "min": [
                0,
                0,
                0
            ],
            "type": "FLOAT_VEC2"
        },
        "attribute_34": {
            "bufferView": "bufferView_37",
            "byteOffset": 215376,
            "byteStride": 16,
            "count": 873,
            "max": [
                1,
                1,
                1
            ],
            "min": [
                0,
                0,
                0
            ],
            "type": "FLOAT_VEC4"
        },
        "attribute_35": {
            "bufferView": "bufferView_37",
            "byteOffset": 229344,
            "byteStride": 12,
            "count": 873,
            "max": [
                1,
                1,
                1
            ],
            "min": [
                0,
                0,
                0
            ],
            "type": "FLOAT_VEC3"
        },
        "attribute_4": {
            "bufferView": "bufferView_37",
            "byteOffset": 59264,
            "byteStride": 16,
            "count": 1852,
            "max": [
                1,
                1,
                1
            ],
            "min": [
                0,
                0,
                0
            ],
            "type": "FLOAT_VEC4"
        },
        "attribute_5": {
            "bufferView": "bufferView_37",
            "byteOffset": 88896,
            "byteStride": 12,
            "count": 1852,
            "max": [
                1,
                1,
                1
            ],
            "min": [
                0,
                0,
                0
            ],
            "type": "FLOAT_VEC3"
        },
        "attribute_7": {
            "bufferView": "bufferView_37",
            "byteOffset": 111120,
            "byteStride": 12,
            "count": 361,
            "max": [
                1,
                1,
                1
            ],
            "min": [
                0,
                0,
                0
            ],
            "type": "FLOAT_VEC3"
        },
        "attribute_8": {
            "bufferView": "bufferView_37",
            "byteOffset": 115452,
            "byteStride": 12,
            "count": 361,
            "max": [
                1,
                1,
                1
            ],
            "min": [
                0,
                0,
                0
            ],
            "type": "FLOAT_VEC3"
        },
        "attribute_9": {
            "bufferView": "bufferView_37",
            "byteOffset": 119784,
            "byteStride": 8,
            "count": 361,
            "max": [
                1,
                1,
                1
            ],
            "min": [
                0,
                0,
                0
            ],
            "type": "FLOAT_VEC2"
        }
    },
    "bufferViews": {
        "bufferView_37": {
            "buffer": "lion.bin",
            "byteLength": 239820,
            "byteOffset": 0,
            "target": "ARRAY_BUFFER"
        },
        "bufferView_38": {
            "buffer": "lion.bin",
            "byteLength": 44544,
            "byteOffset": 239820,
            "target": "ELEMENT_ARRAY_BUFFER"
        }
    },
    "buffers": {
        "lion.bin": {
            "byteLength": 284364,
            "path": "lion.bin"
        }
    },
    "cameras": {},
    "images": {
        "image_0": {
            "path": "textures/lion_body_color.png"
        },
        "image_1": {
            "path": "textures/lion_cape_color.png"
        },
        "image_2": {
            "path": "textures/lion_arm_color.png"
        },
        "image_3": {
            "path": "textures/lion_hat_color.png"
        },
        "image_4": {
            "path": "textures/lion_shoulder_color.png"
        },
        "image_5": {
            "path": "textures/lion_weapon_diffuse.png"
        }
    },
    "indices": {
        "indices_12": {
            "bufferView": "bufferView_38",
            "byteOffset": 21066,
            "count": 1893,
            "type": "UNSIGNED_SHORT"
        },
        "indices_18": {
            "bufferView": "bufferView_38",
            "byteOffset": 24852,
            "count": 2544,
            "type": "UNSIGNED_SHORT"
        },
        "indices_24": {
            "bufferView": "bufferView_38",
            "byteOffset": 29940,
            "count": 1434,
            "type": "UNSIGNED_SHORT"
        },
        "indices_30": {
            "bufferView": "bufferView_38",
            "byteOffset": 32808,
            "count": 972,
            "type": "UNSIGNED_SHORT"
        },
        "indices_36": {
            "bufferView": "bufferView_38",
            "byteOffset": 34752,
            "count": 4896,
            "type": "UNSIGNED_SHORT"
        },
        "indices_6": {
            "bufferView": "bufferView_38",
            "byteOffset": 0,
            "count": 10533,
            "type": "UNSIGNED_SHORT"
        }
    },
    "lights": {},
    "materials": {
        "Material #35": {
            "instanceTechnique": {
                "technique": "technique_0",
                "values": [
                    {
                        "parameter": "ambient",
                        "value": [
                            0.5879999995231628,
                            0.5879999995231628,
                            0.5879999995231628
                        ]
                    },
                    {
                        "parameter": "emission",
                        "value": [
                            0,
                            0,
                            0
                        ]
                    },
                    {
                        "parameter": "diffuse",
                        "value": "Map #7"
                    },
                    {
                        "parameter": "shininess",
                        "value": 2
                    },
                    {
                        "parameter": "specular",
                        "value": [
                            0.8999999761581421,
                            0.8999999761581421,
                            0.8999999761581421
                        ]
                    }
                ]
            },
            "name": "Material #35"
        },
        "Material #46": {
            "instanceTechnique": {
                "technique": "technique_0",
                "values": [
                    {
                        "parameter": "ambient",
                        "value": [
                            0.5879999995231628,
                            0.5879999995231628,
                            0.5879999995231628
                        ]
                    },
                    {
                        "parameter": "emission",
                        "value": [
                            0,
                            0,
                            0
                        ]
                    },
                    {
                        "parameter": "diffuse",
                        "value": "Map #8"
                    },
                    {
                        "parameter": "shininess",
                        "value": 2
                    },
                    {
                        "parameter": "specular",
                        "value": [
                            0.8999999761581421,
                            0.8999999761581421,
                            0.8999999761581421
                        ]
                    }
                ]
            },
            "name": "Material #46"
        },
        "Material #57": {
            "instanceTechnique": {
                "technique": "technique_0",
                "values": [
                    {
                        "parameter": "ambient",
                        "value": [
                            0.5879999995231628,
                            0.5879999995231628,
                            0.5879999995231628
                        ]
                    },
                    {
                        "parameter": "emission",
                        "value": [
                            0,
                            0,
                            0
                        ]
                    },
                    {
                        "parameter": "diffuse",
                        "value": "Map #9"
                    },
                    {
                        "parameter": "shininess",
                        "value": 2
                    },
                    {
                        "parameter": "specular",
                        "value": [
                            0.8999999761581421,
                            0.8999999761581421,
                            0.8999999761581421
                        ]
                    }
                ]
            },
            "name": "Material #57"
        },
        "Material #68": {
            "instanceTechnique": {
                "technique": "technique_0",
                "values": [
                    {
                        "parameter": "ambient",
                        "value": [
                            0.5879999995231628,
                            0.5879999995231628,
                            0.5879999995231628
                        ]
                    },
                    {
                        "parameter": "emission",
                        "value": [
                            0,
                            0,
                            0
                        ]
                    },
                    {
                        "parameter": "diffuse",
                        "value": "Map #10"
                    },
                    {
                        "parameter": "shininess",
                        "value": 2
                    },
                    {
                        "parameter": "specular",
                        "value": [
                            0.8999999761581421,
                            0.8999999761581421,
                            0.8999999761581421
                        ]
                    }
                ]
            },
            "name": "Material #68"
        },
        "Material #79": {
            "instanceTechnique": {
                "technique": "technique_0",
                "values": [
                    {
                        "parameter": "ambient",
                        "value": [
                            0.5879999995231628,
                            0.5879999995231628,
                            0.5879999995231628
                        ]
                    },
                    {
                        "parameter": "emission",
                        "value": [
                            0,
                            0,
                            0
                        ]
                    },
                    {
                        "parameter": "diffuse",
                        "value": "Map #11"
                    },
                    {
                        "parameter": "shininess",
                        "value": 2
                    },
                    {
                        "parameter": "specular",
                        "value": [
                            0.8999999761581421,
                            0.8999999761581421,
                            0.8999999761581421
                        ]
                    }
                ]
            },
            "name": "Material #79"
        },
        "Material #90": {
            "instanceTechnique": {
                "technique": "technique_0",
                "values": [
                    {
                        "parameter": "ambient",
                        "value": [
                            0.5879999995231628,
                            0.5879999995231628,
                            0.5879999995231628
                        ]
                    },
                    {
                        "parameter": "emission",
                        "value": [
                            0,
                            0,
                            0
                        ]
                    },
                    {
                        "parameter": "diffuse",
                        "value": "Map #13"
                    },
                    {
                        "parameter": "shininess",
                        "value": 2
                    },
                    {
                        "parameter": "specular",
                        "value": [
                            0.8999999761581421,
                            0.8999999761581421,
                            0.8999999761581421
                        ]
                    }
                ]
            },
            "name": "Material #90"
        }
    },
    "meshes": {
        "lion_body_model_LOD0-mesh": {
            "name": "lion_body_model_LOD0-mesh",
            "primitives": [
                {
                    "indices": "indices_6",
                    "material": "Material #35",
                    "semantics": {
                        "JOINT": "attribute_4",
                        "NORMAL": "attribute_2",
                        "POSITION": "attribute_1",
                        "TEXCOORD_0": "attribute_3",
                        "WEIGHT": "attribute_5"
                    },
                    "skin": "skin_0"
                }
            ]
        },
        "lion_cape_model_LOD0-mesh": {
            "name": "lion_cape_model_LOD0-mesh",
            "primitives": [
                {
                    "indices": "indices_12",
                    "material": "Material #46",
                    "semantics": {
                        "JOINT": "attribute_10",
                        "NORMAL": "attribute_8",
                        "POSITION": "attribute_7",
                        "TEXCOORD_0": "attribute_9",
                        "WEIGHT": "attribute_11"
                    },
                    "skin": "skin_1"
                }
            ]
        },
        "lion_demonarm_model_LOD0-mesh": {
            "name": "lion_demonarm_model_LOD0-mesh",
            "primitives": [
                {
                    "indices": "indices_18",
                    "material": "Material #57",
                    "semantics": {
                        "JOINT": "attribute_16",
                        "NORMAL": "attribute_14",
                        "POSITION": "attribute_13",
                        "TEXCOORD_0": "attribute_15",
                        "WEIGHT": "attribute_17"
                    },
                    "skin": "skin_2"
                }
            ]
        },
        "lion_hat_model_LOD0-mesh": {
            "name": "lion_hat_model_LOD0-mesh",
            "primitives": [
                {
                    "indices": "indices_24",
                    "material": "Material #68",
                    "semantics": {
                        "JOINT": "attribute_22",
                        "NORMAL": "attribute_20",
                        "POSITION": "attribute_19",
                        "TEXCOORD_0": "attribute_21",
                        "WEIGHT": "attribute_23"
                    },
                    "skin": "skin_3"
                }
            ]
        },
        "lion_shoulder_model_LOD0-mesh": {
            "name": "lion_shoulder_model_LOD0-mesh",
            "primitives": [
                {
                    "indices": "indices_30",
                    "material": "Material #79",
                    "semantics": {
                        "JOINT": "attribute_28",
                        "NORMAL": "attribute_26",
                        "POSITION": "attribute_25",
                        "TEXCOORD_0": "attribute_27",
                        "WEIGHT": "attribute_29"
                    },
                    "skin": "skin_4"
                }
            ]
        },
        "lion_weapon_model_LOD0-mesh": {
            "name": "lion_weapon_model_LOD0-mesh",
            "primitives": [
                {
                    "indices": "indices_36",
                    "material": "Material #90",
                    "semantics": {
                        "JOINT": "attribute_34",
                        "NORMAL": "attribute_32",
                        "POSITION": "attribute_31",
                        "TEXCOORD_0": "attribute_33",
                        "WEIGHT": "attribute_35"
                    },
                    "skin": "skin_5"
                }
            ]
        }
    },
    "nodes": {
        "Head_0": {
            "children": [
                "Head_1"
            ],
            "matrix": [
                0.9962297677993772,
                1.1307010083783103e-7,
                0.08675333857536316,
                0,
                -1.2012960106150392e-7,
                0.9999999999999996,
                7.615365404944901e-8,
                0,
                -0.08675333857535361,
                -8.628818104456757e-8,
                0.9962297677993781,
                0,
                7.1765289306640625,
                5.592778506979812e-7,
                -0.00000762939453125,
                1
            ],
            "name": "Head_0"
        },
        "Head_1": {
            "children": [
                "jaw6_0"
            ],
            "matrix": [
                0.5469356179237365,
                -2.6079919734911533e-7,
                -0.8371747732162476,
                0,
                7.76410664579904e-8,
                0.9999999999999994,
                -2.6079922577081655e-7,
                0,
                0.8371747732162585,
                7.764124349675267e-8,
                0.5469356179237195,
                0,
                12.254608154296875,
                -0.00000315953184326645,
                -0.000022888183579539145,
                1
            ],
            "name": "Head_1"
        },
        "Root_0": {
            "children": [
                "thigh_R",
                "back_skirt1_0",
                "thigh_L",
                "front_skirt2_0",
                "front_tie7_0",
                "Spine_0",
                "front_tie_right8_0"
            ],
            "matrix": [
                -1.629206851037603e-7,
                -1.0000000000000002,
                0,
                0,
                1.0000000000000002,
                -1.629206851037603e-7,
                0,
                0,
                0,
                0,
                1,
                0,
                -1.0658141036401503e-14,
                2.57497239112854,
                92.91686248779297,
                1
            ],
            "name": "Root_0"
        },
        "Spine_0": {
            "children": [
                "Spine_1"
            ],
            "matrix": [
                -0.20517013967037248,
                -4.891637310829252e-8,
                0.9787263274192811,
                0,
                -7.051116593191155e-7,
                1,
                -9.783274633052666e-8,
                0,
                -0.978726327419274,
                -7.101837029748819e-7,
                -0.20517013967040643,
                0,
                -2.0583860874176034,
                -5.8694809013104585e-8,
                6.329216003417969,
                1
            ],
            "name": "Spine_0"
        },
        "Spine_1": {
            "children": [
                "Spine_2"
            ],
            "matrix": [
                0.9935954213142395,
                8.778691551469806e-9,
                -0.11299614608287818,
                0,
                -6.271603896930797e-8,
                1,
                -4.7378321710311903e-7,
                0,
                0.11299614608287396,
                4.778355059103049e-7,
                0.9935954213142401,
                0,
                8.712944030761733,
                7.241865205287468e-7,
                -0.000003814697263848643,
                1
            ],
            "name": "Spine_1"
        },
        "Spine_2": {
            "children": [
                "cape0_R0C0",
                "necklace5_0",
                "Spine_3"
            ],
            "matrix": [
                0.999942660331726,
                1.732111343244469e-9,
                0.01069907099008563,
                0,
                -1.7322106818843653e-9,
                0.9999999999999999,
                1.3322676237599236e-15,
                0,
                -0.010699070990085616,
                -1.8534377246527507e-11,
                0.999942660331726,
                0,
                18.011367797851562,
                7.838721103325952e-7,
                0.000003814697267401357,
                1
            ],
            "name": "Spine_2"
        },
        "Spine_3": {
            "children": [
                "clavicle_R",
                "collar3_0",
                "clavicle_L",
                "Head_0"
            ],
            "matrix": [
                0.7181464433670044,
                1.4210854701967114e-14,
                -0.6958919167518617,
                0,
                -2.064889556247337e-14,
                1,
                -8.881783998477905e-16,
                0,
                0.6958919167518615,
                1.5007241676568173e-14,
                0.7181464433670043,
                0,
                20.97190856933595,
                9.117479748965715e-7,
                -9.536743181826068e-7,
                1
            ],
            "name": "Spine_3"
        },
        "Weapon4_0": {
            "children": [],
            "matrix": [
                1.0000003576278687,
                1.6391277313232422e-7,
                -2.0861625665835604e-7,
                0,
                -1.6391267892990058e-7,
                1.0000002384185696,
                3.576278686800993e-7,
                0,
                2.0861629035362483e-7,
                -3.576278345407413e-7,
                1.0000002384185454,
                0,
                -14.658061981201172,
                -14.592155456542983,
                -1.0036354064941406,
                1
            ],
            "name": "Weapon4_0"
        },
        "ankle_L": {
            "children": [
                "toeBase_L"
            ],
            "matrix": [
                0.3876329064369203,
                -0.2758710086345675,
                0.8795660734176638,
                0,
                0.04213906512904373,
                0.9584744055932438,
                0.28204909242005066,
                0,
                -0.9208504131085488,
                -0.07226739198023324,
                0.38316103121214434,
                0,
                30.42650222778321,
                0,
                0.000002622604373669901,
                1
            ],
            "name": "ankle_L"
        },
        "ankle_R": {
            "children": [
                "toeBase_R"
            ],
            "matrix": [
                0.3876332044601438,
                -0.2758708894252777,
                0.8795658349990848,
                0,
                0.042139358217829465,
                0.9584744801714193,
                0.28204891891544104,
                0,
                -0.92085024514304,
                -0.07226716703641621,
                0.38316145340783425,
                0,
                -30.426502227783203,
                0.000003814697265625,
                0.0000023841857919038034,
                1
            ],
            "name": "ankle_R"
        },
        "back_skirt1_0": {
            "children": [
                "back_skirt1_1"
            ],
            "matrix": [
                0.0018851308851040563,
                1.3573396984494446e-7,
                -0.9999982118606567,
                0,
                -4.769688520775087e-7,
                1.0000000000000002,
                1.3483506223454013e-7,
                0,
                0.999998211860657,
                4.7671381745051625e-7,
                0.0018851308851687621,
                0,
                -20.2170352935791,
                -0.0000037405566217785227,
                -10.221214294433594,
                1
            ],
            "name": "back_skirt1_0"
        },
        "back_skirt1_1": {
            "children": [],
            "matrix": [
                1,
                0,
                -2.168404344971009e-19,
                0,
                0,
                0.9999999999999997,
                4.7683025172773325e-7,
                0,
                -6.505213034913027e-19,
                -4.768302517277333e-7,
                0.9999999999999998,
                0,
                25.882823944091797,
                0.00000112317138700746,
                -7.105427357601002e-15,
                1
            ],
            "name": "back_skirt1_1"
        },
        "bicep_L": {
            "children": [
                "elbow_L"
            ],
            "matrix": [
                0.6826317310333256,
                -0.3581969738006593,
                -0.6369527578353885,
                0,
                -0.7050117678384253,
                -0.5521609438434808,
                -0.44505816303572754,
                0,
                -0.19228195409991206,
                0.7528700348833045,
                -0.6294556800360154,
                0,
                22.227928161621087,
                -0.000007629394517039145,
                0.00000762939453125,
                1
            ],
            "name": "bicep_L"
        },
        "bicep_R": {
            "children": [
                "elbow_R"
            ],
            "matrix": [
                0.6826315522193906,
                -0.35819649696350075,
                -0.6369532346725463,
                0,
                -0.705011595640481,
                -0.5521613600908236,
                -0.4450576266675707,
                0,
                -0.19228284788097139,
                0.7528696630081964,
                -0.6294553399668305,
                0,
                -22.227930068969734,
                -0.00003051757809657829,
                -0.0000152587890625,
                1
            ],
            "name": "bicep_R"
        },
        "cape0_R0C0": {
            "children": [
                "cape0_R1C0"
            ],
            "matrix": [
                -0.5075914263725281,
                0.12793175876140597,
                0.8520469069480898,
                0,
                -0.10234045526096629,
                -0.9908665870509034,
                0.08780756893512692,
                0,
                0.8554981767040836,
                -0.04262849866465055,
                0.5160479722352164,
                0,
                36.12893676757811,
                4.329498291015625,
                19.04749298095703,
                1
            ],
            "name": "cape0_R0C0"
        },
        "cape0_R1C0": {
            "children": [
                "cape0_R2C0"
            ],
            "matrix": [
                0.7243344783782961,
                0.05426521226763728,
                -0.6873104572296145,
                0,
                0.6845668124063959,
                0.06182269930322783,
                0.7263241256248676,
                0,
                0.08190546686393939,
                -0.9966108819315415,
                0.007632144259981231,
                0,
                18.0438003540039,
                1.5931453704833984,
                -7.964889526367159,
                1
            ],
            "name": "cape0_R1C0"
        },
        "cape0_R2C0": {
            "children": [
                "cape0_R3C0"
            ],
            "matrix": [
                0.9298028349876402,
                -0.365769326686859,
                -0.04098992794752121,
                0,
                0.3659020487057087,
                0.9306428501368192,
                -0.004485161973587875,
                0,
                0.03978750105977441,
                -0.010827977670845238,
                0.9991496798172363,
                0,
                22.5006866455078,
                -0.000011444091789769573,
                0.000003814697267401357,
                1
            ],
            "name": "cape0_R2C0"
        },
        "cape0_R3C0": {
            "children": [],
            "matrix": [
                0.9999997615814208,
                2.7755575615628914e-17,
                -1.8626451495779017e-8,
                0,
                -8.326672684688674e-17,
                0.9999999403953551,
                -5.122274163854579e-9,
                0,
                1.8626453719694513e-8,
                5.122273858543247e-9,
                0.9999998807907107,
                0,
                25.033607482910156,
                -0.0000095367431640625,
                0,
                1
            ],
            "name": "cape0_R3C0"
        },
        "clavicle_L": {
            "children": [
                "bicep_L"
            ],
            "matrix": [
                -0.3221541941165926,
                0.9235355257987974,
                -0.20808322727680204,
                0,
                -0.06853476661064312,
                0.19647296510940185,
                0.9781111544047594,
                0,
                0.944203024347943,
                0.32936350999008024,
                -2.9802322598637687e-7,
                0,
                5.7170181274414205,
                11.042655944824217,
                4.053680419921875,
                1
            ],
            "name": "clavicle_L"
        },
        "clavicle_R": {
            "children": [
                "bicep_R"
            ],
            "matrix": [
                0.32215416431427013,
                0.9235356450080867,
                0.20808361470699302,
                0,
                0.06853521704087068,
                0.19647318980241507,
                -0.9781111306119026,
                0,
                -0.9442031906704165,
                0.3293635756023054,
                -5.9604643887212205e-8,
                0,
                5.717018127441406,
                -11.042652130126953,
                4.053672790527344,
                1
            ],
            "name": "clavicle_R"
        },
        "collar3_0": {
            "children": [],
            "matrix": [
                0.9999999403953552,
                3.997667263888611e-8,
                -1.7881393443719418e-7,
                0,
                -3.997665404028722e-8,
                0.9999999999999992,
                1.1733645521871941e-7,
                0,
                1.7881393887808628e-7,
                -1.1733644107653877e-7,
                0.9999999403953551,
                0,
                10.57517242431642,
                -4.4758917283616113e-7,
                15.768287658691406,
