{
    "animations": {},
    "asset": {},
    "attributes": {
        "attribute_1": {
            "bufferView": "bufferView_37",
            "byteOffset": 0,
            "byteStride": 12,
            "count": 1719,
            "max": [
                1,
                1,
                1
            ],
            "min": [
                0,
                0,
                0
            ],
            "type": "FLOAT_VEC3"
        },
        "attribute_10": {
            "bufferView": "bufferView_37",
            "byteOffset": 110372,
            "byteStride": 16,
            "count": 226,
            "max": [
                1,
                1,
                1
            ],
            "min": [
                0,
                0,
                0
            ],
            "type": "FLOAT_VEC4"
        },
        "attribute_11": {
            "bufferView": "bufferView_37",
            "byteOffset": 113988,
            "byteStride": 12,
            "count": 226,
            "max": [
                1,
                1,
                1
            ],
            "min": [
                0,
                0,
                0
            ],
            "type": "FLOAT_VEC3"
        },
        "attribute_13": {
            "bufferView": "bufferView_37",
            "byteOffset": 116700,
            "byteStride": 12,
            "count": 407,
            "max": [
                1,
                1,
                1
            ],
            "min": [
                0,
                0,
                0
            ],
            "type": "FLOAT_VEC3"
        },
        "attribute_14": {
            "bufferView": "bufferView_37",
            "byteOffset": 121584,
            "byteStride": 12,
            "count": 407,
            "max": [
                1,
                1,
                1
            ],
            "min": [
                0,
                0,
                0
            ],
            "type": "FLOAT_VEC3"
        },
        "attribute_15": {
            "bufferView": "bufferView_37",
            "byteOffset": 126468,
            "byteStride": 8,
            "count": 407,
            "max": [
                1,
                1,
                1
            ],
            "min": [
                0,
                0,
                0
            ],
            "type": "FLOAT_VEC2"
        },
        "attribute_16": {
            "bufferView": "bufferView_37",
            "byteOffset": 129724,
            "byteStride": 16,
            "count": 407,
            "max": [
                1,
                1,
                1
            ],
            "min": [
                0,
                0,
                0
            ],
            "type": "FLOAT_VEC4"
        },
        "attribute_17": {
            "bufferView": "bufferView_37",
            "byteOffset": 136236,
            "byteStride": 12,
            "count": 407,
            "max": [
                1,
                1,
                1
            ],
            "min": [
                0,
                0,
                0
            ],
            "type": "FLOAT_VEC3"
        },
        "attribute_19": {
            "bufferView": "bufferView_37",
            "byteOffset": 141120,
            "byteStride": 12,
            "count": 437,
            "max": [
                1,
                1,
                1
            ],
            "min": [
                0,
                0,
                0
            ],
            "type": "FLOAT_VEC3"
        },
        "attribute_2": {
            "bufferView": "bufferView_37",
            "byteOffset": 20628,
            "byteStride": 12,
            "count": 1719,
            "max": [
                1,
                1,
                1
            ],
            "min": [
                0,
                0,
                0
            ],
            "type": "FLOAT_VEC3"
        },
        "attribute_20": {
            "bufferView": "bufferView_37",
            "byteOffset": 146364,
            "byteStride": 12,
            "count": 437,
            "max": [
                1,
                1,
                1
            ],
            "min": [
                0,
                0,
                0
            ],
            "type": "FLOAT_VEC3"
        },
        "attribute_21": {
            "bufferView": "bufferView_37",
            "byteOffset": 151608,
            "byteStride": 8,
            "count": 437,
            "max": [
                1,
                1,
                1
            ],
            "min": [
                0,
                0,
                0
            ],
            "type": "FLOAT_VEC2"
        },
        "attribute_22": {
            "bufferView": "bufferView_37",
            "byteOffset": 155104,
            "byteStride": 16,
            "count": 437,
            "max": [
                1,
                1,
                1
            ],
            "min": [
                0,
                0,
                0
            ],
            "type": "FLOAT_VEC4"
        },
        "attribute_23": {
            "bufferView": "bufferView_37",
            "byteOffset": 162096,
            "byteStride": 12,
            "count": 437,
            "max": [
                1,
                1,
                1
            ],
            "min": [
                0,
                0,
                0
            ],
            "type": "FLOAT_VEC3"
        },
        "attribute_25": {
            "bufferView": "bufferView_37",
            "byteOffset": 167340,
            "byteStride": 12,
            "count": 386,
            "max": [
                1,
                1,
                1
            ],
            "min": [
                0,
                0,
                0
            ],
            "type": "FLOAT_VEC3"
        },
        "attribute_26": {
            "bufferView": "bufferView_37",
            "byteOffset": 171972,
            "byteStride": 12,
            "count": 386,
            "max": [
                1,
                1,
                1
            ],
            "min": [
                0,
                0,
                0
            ],
            "type": "FLOAT_VEC3"
        },
        "attribute_27": {
            "bufferView": "bufferView_37",
            "byteOffset": 176604,
            "byteStride": 8,
            "count": 386,
            "max": [
                1,
                1,
                1
            ],
            "min": [
                0,
                0,
                0
            ],
            "type": "FLOAT_VEC2"
        },
        "attribute_28": {
            "bufferView": "bufferView_37",
            "byteOffset": 179692,
            "byteStride": 16,
            "count": 386,
            "max": [
                1,
                1,
                1
            ],
            "min": [
                0,
                0,
                0
            ],
            "type": "FLOAT_VEC4"
        },
        "attribute_29": {
            "bufferView": "bufferView_37",
            "byteOffset": 185868,
            "byteStride": 12,
            "count": 386,
            "max": [
                1,
                1,
                1
            ],
            "min": [
                0,
                0,
                0
            ],
            "type": "FLOAT_VEC3"
        },
        "attribute_3": {
            "bufferView": "bufferView_37",
            "byteOffset": 41256,
            "byteStride": 8,
            "count": 1719,
            "max": [
                1,
                1,
                1
            ],
            "min": [
                0,
                0,
                0
            ],
            "type": "FLOAT_VEC2"
        },
        "attribute_31": {
            "bufferView": "bufferView_37",
            "byteOffset": 190500,
            "byteStride": 12,
            "count": 350,
            "max": [
                1,
                1,
                1
            ],
            "min": [
                0,
                0,
                0
            ],
            "type": "FLOAT_VEC3"
        },
        "attribute_32": {
            "bufferView": "bufferView_37",
            "byteOffset": 194700,
            "byteStride": 12,
            "count": 350,
            "max": [
                1,
                1,
                1
            ],
            "min": [
                0,
                0,
                0
            ],
            "type": "FLOAT_VEC3"
        },
        "attribute_33": {
            "bufferView": "bufferView_37",
            "byteOffset": 198900,
            "byteStride": 8,
            "count": 350,
            "max": [
                1,
                1,
                1
            ],
            "min": [
                0,
                0,
                0
            ],
            "type": "FLOAT_VEC2"
        },
        "attribute_34": {
            "bufferView": "bufferView_37",
            "byteOffset": 201700,
            "byteStride": 16,
            "count": 350,
            "max": [
                1,
                1,
                1
            ],
            "min": [
                0,
                0,
                0
            ],
            "type": "FLOAT_VEC4"
        },
        "attribute_35": {
            "bufferView": "bufferView_37",
            "byteOffset": 207300,
            "byteStride": 12,
            "count": 350,
            "max": [
                1,
                1,
                1
            ],
            "min": [
                0,
                0,
                0
            ],
            "type": "FLOAT_VEC3"
        },
        "attribute_4": {
            "bufferView": "bufferView_37",
            "byteOffset": 55008,
            "byteStride": 16,
            "count": 1719,
            "max": [
                1,
                1,
                1
            ],
            "min": [
                0,
                0,
                0
            ],
            "type": "FLOAT_VEC4"
        },
        "attribute_5": {
            "bufferView": "bufferView_37",
            "byteOffset": 82512,
            "byteStride": 12,
            "count": 1719,
            "max": [
                1,
                1,
                1
            ],
            "min": [
                0,
                0,
                0
            ],
            "type": "FLOAT_VEC3"
        },
        "attribute_7": {
            "bufferView": "bufferView_37",
            "byteOffset": 103140,
            "byteStride": 12,
            "count": 226,
            "max": [
                1,
                1,
                1
            ],
            "min": [
                0,
                0,
                0
            ],
            "type": "FLOAT_VEC3"
        },
        "attribute_8": {
            "bufferView": "bufferView_37",
            "byteOffset": 105852,
            "byteStride": 12,
            "count": 226,
            "max": [
                1,
                1,
                1
            ],
            "min": [
                0,
                0,
                0
            ],
            "type": "FLOAT_VEC3"
        },
        "attribute_9": {
            "bufferView": "bufferView_37",
            "byteOffset": 108564,
            "byteStride": 8,
            "count": 226,
            "max": [
                1,
                1,
                1
            ],
            "min": [
                0,
                0,
                0
            ],
            "type": "FLOAT_VEC2"
        }
    },
    "bufferViews": {
        "bufferView_37": {
            "buffer": "faceless_void.bin",
            "byteLength": 211500,
            "byteOffset": 0,
            "target": "ARRAY_BUFFER"
        },
        "bufferView_38": {
            "buffer": "faceless_void.bin",
            "byteLength": 40206,
            "byteOffset": 211500,
            "target": "ELEMENT_ARRAY_BUFFER"
        }
    },
    "buffers": {
        "faceless_void.bin": {
            "byteLength": 251706,
            "path": "faceless_void.bin"
        }
    },
    "cameras": {},
    "images": {
        "image_0": {
            "path": "textures/faceless_void_body_color.png"
        },
        "image_1": {
            "path": "textures/faceless_void_bracer_color.png"
        },
        "image_2": {
            "path": "textures/faceless_void_head_color.png"
        },
        "image_3": {
            "path": "textures/faceless_void_shoulder_color.png"
        },
        "image_4": {
            "path": "textures/faceless_void_weapon_color.png"
        },
        "image_5": {
            "path": "textures/faceless_void_belt_color.png"
        }
    },
    "indices": {
        "indices_12": {
            "bufferView": "bufferView_38",
            "byteOffset": 20472,
            "count": 1248,
            "type": "UNSIGNED_SHORT"
        },
        "indices_18": {
            "bufferView": "bufferView_38",
            "byteOffset": 22968,
            "count": 2100,
            "type": "UNSIGNED_SHORT"
        },
        "indices_24": {
            "bufferView": "bufferView_38",
            "byteOffset": 27168,
            "count": 2457,
            "type": "UNSIGNED_SHORT"
        },
        "indices_30": {
            "bufferView": "bufferView_38",
            "byteOffset": 32082,
            "count": 2226,
            "type": "UNSIGNED_SHORT"
        },
        "indices_36": {
            "bufferView": "bufferView_38",
            "byteOffset": 36534,
            "count": 1836,
            "type": "UNSIGNED_SHORT"
        },
        "indices_6": {
            "bufferView": "bufferView_38",
            "byteOffset": 0,
            "count": 10236,
            "type": "UNSIGNED_SHORT"
        }
    },
    "lights": {},
    "materials": {
        "Material #127": {
            "instanceTechnique": {
                "technique": "technique_0",
                "values": [
                    {
                        "parameter": "ambient",
                        "value": [
                            0.5879999995231628,
                            0.5879999995231628,
                            0.5879999995231628
                        ]
                    },
                    {
                        "parameter": "emission",
                        "value": [
                            0,
                            0,
                            0
                        ]
                    },
                    {
                        "parameter": "diffuse",
                        "value": "Map #30"
                    },
                    {
                        "parameter": "shininess",
                        "value": 2
                    },
                    {
                        "parameter": "specular",
                        "value": [
                            0.8999999761581421,
                            0.8999999761581421,
                            0.8999999761581421
                        ]
                    }
                ]
            },
            "name": "Material #127"
        },
        "Material #138": {
            "instanceTechnique": {
                "technique": "technique_0",
                "values": [
                    {
                        "parameter": "ambient",
                        "value": [
                            0.5879999995231628,
                            0.5879999995231628,
                            0.5879999995231628
                        ]
                    },
                    {
                        "parameter": "emission",
                        "value": [
                            0,
                            0,
                            0
                        ]
                    },
                    {
                        "parameter": "diffuse",
                        "value": "Map #32"
                    },
                    {
                        "parameter": "shininess",
                        "value": 2
                    },
                    {
                        "parameter": "specular",
                        "value": [
                            0.8999999761581421,
                            0.8999999761581421,
                            0.8999999761581421
                        ]
                    }
                ]
            },
            "name": "Material #138"
        },
        "Material #149": {
            "instanceTechnique": {
                "technique": "technique_0",
                "values": [
                    {
                        "parameter": "ambient",
                        "value": [
                            0.5879999995231628,
                            0.5879999995231628,
                            0.5879999995231628
                        ]
                    },
                    {
                        "parameter": "emission",
                        "value": [
                            0,
                            0,
                            0
                        ]
                    },
                    {
                        "parameter": "diffuse",
                        "value": "Map #34"
                    },
                    {
                        "parameter": "shininess",
                        "value": 2
                    },
                    {
                        "parameter": "specular",
                        "value": [
                            0.8999999761581421,
                            0.8999999761581421,
                            0.8999999761581421
                        ]
                    }
                ]
            },
            "name": "Material #149"
        },
        "Material #160": {
            "instanceTechnique": {
                "technique": "technique_0",
                "values": [
                    {
                        "parameter": "ambient",
                        "value": [
                            0.5879999995231628,
                            0.5879999995231628,
                            0.5879999995231628
                        ]
                    },
                    {
                        "parameter": "emission",
                        "value": [
                            0,
                            0,
                            0
                        ]
                    },
                    {
                        "parameter": "diffuse",
                        "value": "Map #36"
                    },
                    {
                        "parameter": "shininess",
                        "value": 2
                    },
                    {
                        "parameter": "specular",
                        "value": [
                            0.8999999761581421,
                            0.8999999761581421,
                            0.8999999761581421
                        ]
                    }
                ]
            },
            "name": "Material #160"
        },
        "Material #184": {
            "instanceTechnique": {
                "technique": "technique_0",
                "values": [
                    {
                        "parameter": "ambient",
                        "value": [
                            0.5879999995231628,
                            0.5879999995231628,
                            0.5879999995231628
                        ]
                    },
                    {
                        "parameter": "emission",
                        "value": [
                            0,
                            0,
                            0
                        ]
                    },
                    {
                        "parameter": "diffuse",
                        "value": "Map #39"
                    },
                    {
                        "parameter": "shininess",
                        "value": 2
                    },
                    {
                        "parameter": "specular",
                        "value": [
                            0.8999999761581421,
                            0.8999999761581421,
                            0.8999999761581421
                        ]
                    }
                ]
            },
            "name": "Material #184"
        },
        "faceless_void_body": {
            "instanceTechnique": {
                "technique": "technique_0",
                "values": [
                    {
                        "parameter": "ambient",
                        "value": [
                            0.5882353186607361,
                            0.5882353186607361,
                            0.5882353186607361
                        ]
                    },
                    {
                        "parameter": "emission",
                        "value": [
                            0,
                            0,
                            0
                        ]
                    },
                    {
                        "parameter": "diffuse",
                        "value": "Map #26"
                    },
                    {
                        "parameter": "shininess",
                        "value": 1.9999998807907104
                    },
                    {
                        "parameter": "specular",
                        "value": [
                            0.8999999761581421,
                            0.8999999761581421,
                            0.8999999761581421
                        ]
                    }
                ]
            },
            "name": "faceless_void_body"
        }
    },
    "meshes": {
        "faceless_void_belt_model-mesh": {
            "name": "faceless_void_belt_model-mesh",
            "primitives": [
                {
                    "indices": "indices_36",
                    "material": "Material #184",
                    "semantics": {
                        "JOINT": "attribute_34",
                        "NORMAL": "attribute_32",
                        "POSITION": "attribute_31",
                        "TEXCOORD_0": "attribute_33",
                        "WEIGHT": "attribute_35"
                    },
                    "skin": "skin_5"
                }
            ]
        },
        "faceless_void_bracer_model-mesh": {
            "name": "faceless_void_bracer_model-mesh",
            "primitives": [
                {
                    "indices": "indices_12",
                    "material": "Material #127",
                    "semantics": {
                        "JOINT": "attribute_10",
                        "NORMAL": "attribute_8",
                        "POSITION": "attribute_7",
                        "TEXCOORD_0": "attribute_9",
                        "WEIGHT": "attribute_11"
                    },
                    "skin": "skin_1"
                }
            ]
        },
        "faceless_void_head_model_LOD0-mesh": {
            "name": "faceless_void_head_model_LOD0-mesh",
            "primitives": [
                {
                    "indices": "indices_18",
                    "material": "Material #138",
                    "semantics": {
                        "JOINT": "attribute_16",
                        "NORMAL": "attribute_14",
                        "POSITION": "attribute_13",
                        "TEXCOORD_0": "attribute_15",
                        "WEIGHT": "attribute_17"
                    },
                    "skin": "skin_2"
                }
            ]
        },
        "faceless_void_model_LOD0-mesh": {
            "name": "faceless_void_model_LOD0-mesh",
            "primitives": [
                {
                    "indices": "indices_6",
                    "material": "faceless_void_body",
                    "semantics": {
                        "JOINT": "attribute_4",
                        "NORMAL": "attribute_2",
                        "POSITION": "attribute_1",
                        "TEXCOORD_0": "attribute_3",
                        "WEIGHT": "attribute_5"
                    },
                    "skin": "skin_0"
                }
            ]
        },
        "faceless_void_shoulder_model-mesh": {
            "name": "faceless_void_shoulder_model-mesh",
            "primitives": [
                {
                    "indices": "indices_24",
                    "material": "Material #149",
                    "semantics": {
                        "JOINT": "attribute_22",
                        "NORMAL": "attribute_20",
                        "POSITION": "attribute_19",
                        "TEXCOORD_0": "attribute_21",
                        "WEIGHT": "attribute_23"
                    },
                    "skin": "skin_3"
                }
            ]
        },
        "faceless_void_weapon_LOD0-mesh": {
            "name": "faceless_void_weapon_LOD0-mesh",
            "primitives": [
                {
                    "indices": "indices_30",
                    "material": "Material #160",
                    "semantics": {
                        "JOINT": "attribute_28",
                        "NORMAL": "attribute_26",
                        "POSITION": "attribute_25",
                        "TEXCOORD_0": "attribute_27",
                        "WEIGHT": "attribute_29"
                    },
                    "skin": "skin_4"
                }
            ]
        }
    },
    "nodes": {
        "Cloth_R0C0": {
            "children": [
                "Cloth_R1C0"
            ],
            "matrix": [
                6.123233995736883e-17,
                -1.4693679385278594e-39,
                -1.0000000000000189,
                0,
                2.6469779601696886e-23,
                1.0000000000000002,
                0,
                0,
                1.000000000000019,
                -2.6469779601696886e-23,
                6.123233995736882e-17,
                0,
                15.971115112304686,
                0.0000024760956875979896,
                -2.8809280395507812,
                1
            ],
            "name": "Cloth_R0C0"
        },
        "Cloth_R1C0": {
            "children": [
                "Cloth_R2C0"
            ],
            "matrix": [
                0.9949725866317748,
                3.3087224502121092e-24,
                0.10014788061380386,
                0,
                -3.6592683637036175e-33,
                1.0000000000000002,
                2.2406547446870327e-49,
                0,
                -0.10014788061380385,
                1.4715408488543239e-40,
                0.9949725866317749,
                0,
                1.8289031982421733,
                -2.2737367544323206e-13,
                -9.5367431640625e-7,
                1
            ],
            "name": "Cloth_R1C0"
        },
        "Cloth_R2C0": {
            "children": [
                "Cloth_R3C0"
            ],
            "matrix": [
                0.994972705841065,
                -1.1826612855535328e-16,
                -0.10014797002077111,
                0,
                1.1886369579213576e-16,
                1.0000000000000004,
                4.092175308249949e-23,
                0,
                0.10014797002077112,
                -1.1903962812695776e-17,
                0.9949727058410651,
                0,
                15.167465209960938,
                2.4747555471549276e-7,
                0,
                1
            ],
            "name": "Cloth_R2C0"
        },
        "Cloth_R3C0": {
            "children": [],
            "matrix": [
                0.9999999999999998,
                -1.707300782583816e-21,
                -1.3234889800848443e-23,
                0,
                1.707300785837867e-21,
                1.0000000000000002,
                1.4210854724310946e-14,
                0,
                0,
                -1.4210854759032835e-14,
                0.9999999999999999,
                0,
                15.248874664306634,
                2.2737367544323206e-13,
                -3.552713678800501e-15,
                1
            ],
            "name": "Cloth_R3C0"
        },
        "Head_0": {
            "children": [
                "Head_1"
            ],
            "matrix": [
                0.7507284283637998,
                9.605822981484386e-8,
                -0.6606109738349916,
                0,
                -1.2795338184493573e-7,
                1,
                -1.7319479204004777e-14,
                0,
                0.6606109738349853,
                8.452742118828814e-8,
                0.7507284283638057,
                0,
                16.433410644531236,
                0.000002663000941538484,
                -0.000006198883056196536,
                1
            ],
            "name": "Head_0"
        },
        "Head_1": {
            "children": [
                "Jaw"
            ],
            "matrix": [
                0.6386286020278928,
                1.4074556908967348e-14,
                -0.7695150971412658,
                0,
                -2.2038720020466665e-14,
                0.9999999999999997,
                0,
                0,
                0.7695150971412659,
                1.6959127757347058e-14,
                0.6386286020278931,
                0,
                14.38665008544919,
                4.839112079935148e-7,
                0.000007629394517039145,
                1
            ],
            "name": "Head_1"
        },
        "Jaw": {
            "children": [],
            "matrix": [
                0.9999999999999997,
                9.383478397305818e-15,
                -4.5695600192629976e-8,
                0,
                -9.383477748399023e-15,
                1,
                1.4210854688732224e-14,
                0,
                4.5695600192629976e-8,
                -1.421085429168553e-14,
                0.9999999999999998,
                0,
                4.232199192047119,
                -7.64575815992396e-8,
                -1.690155029296875,
                1
            ],
            "name": "Jaw"
        },
        "Root_0": {
            "children": [
                "quadThigh_R",
                "Spine_0",
                "Cloth_R0C0",
                "quadThigh_L"
            ],
            "matrix": [
                -1.629206851037603e-7,
                -1.0000000000000002,
                0,
                0,
                1.0000000000000002,
                -1.629206851037603e-7,
                0,
                0,
                0,
                0,
                1,
                0,
                0,
                0.848270833492279,
                92.24332427978516,
                1
            ],
            "name": "Root_0"
        },
        "Spine_0": {
            "children": [
                "Spine_1"
            ],
            "matrix": [
                -0.05401429533958193,
                2.5756023098687345e-8,
                0.9985401630401611,
                0,
                -4.754449490101762e-7,
                1.0000000000000002,
                -5.1512046181127606e-8,
                0,
                -0.9985401630401619,
                -4.775332637772158e-7,
                -0.054014295339569654,
                0,
                1.9228930473327637,
                7.959171739457816e-7,
                11.041473388671875,
                1
            ],
            "name": "Spine_0"
        },
        "Spine_1": {
            "children": [
                "Spine_3"
            ],
            "matrix": [
                0.9892948865890504,
                1.2273528682271714e-7,
                0.14593040943145752,
                0,
                -5.447836204918556e-8,
                0.9999999999999998,
                -4.7173253392429234e-7,
                0,
                -0.14593040943151317,
                4.587325339699983e-7,
                0.9892948865890423,
                0,
                13.090103149414077,
                7.933040251373313e-7,
                -0.000004768371582919428,
                1
            ],
            "name": "Spine_1"
        },
        "Spine_3": {
            "children": [
                "clavicle_L",
                "clavicle_R",
                "Head_0"
            ],
            "matrix": [
                0.9853167533874514,
                7.105427370835892e-15,
                -0.1707363873720169,
                0,
                -1.1828438496382131e-14,
                0.9999999999999999,
                -2.66453525678427e-14,
                0,
                0.17073638737201693,
                2.8273657142913734e-14,
                0.9853167533874512,
                0,
                11.493576049804688,
                0.0000010728836059570338,
                -0.0000019073486292597863,
                1
            ],
            "name": "Spine_3"
        },
        "bicep_L": {
            "children": [
                "elbow_L"
            ],
            "matrix": [
                0.6678344011306763,
                0.05715336650609969,
                -0.7421123981475827,
                0,
                -0.7354265444436014,
                0.20425311221939074,
                -0.6460872963424836,
                0,
                0.1146526900140836,
                0.9772483693944971,
                0.17843933766315262,
                0,
                17.102863311767575,
                0.000007152557373046875,
                -0.0000152587890625,
                1
            ],
            "name": "bicep_L"
        },
        "bicep_R": {
            "children": [
                "elbow_R"
            ],
            "matrix": [
                0.667834103107453,
                0.05715306103229527,
                -0.7421125173568728,
                0,
                -0.7354266723557179,
                0.20425239574730797,
                -0.6460871515838751,
                0,
                0.11465242954016719,
                0.9772486143114423,
                0.17843864515336816,
                0,
                -17.10285186767578,
                -0.000006198883054864268,
                -0.000030517578125,
                1
            ],
            "name": "bicep_R"
        },
        "clavicle_L": {
            "children": [
                "bicep_L"
            ],
            "matrix": [
                -0.15789097547531133,
                0.9431792497634884,
                -0.29237508773803705,
                0,
                -0.04827337685816972,
                0.28836238206521836,
                0.9563035889994324,
                0,
                0.9862758014103494,
                0.16510565990843581,
                6.295740554405904e-7,
                0,
                8.119674682617173,
                5.552225112915039,
                3.7948300838470446,
                1
            ],
            "name": "clavicle_L"
        },
        "clavicle_R": {
            "children": [
                "bicep_R"
            ],
            "matrix": [
                0.1578908413648605,
                0.9431793689727783,
                0.2923750877380372,
                0,
                0.048273153608307404,
                0.2883623797712379,
                -0.9563035564685034,
                0,
                -0.9862759662754109,
                0.1651054750126022,
                -4.6379865170295687e-7,
                0,
                8.119674682617173,
                -5.5522260665893555,
                3.794829130172729,
                1
            ],
            "name": "clavicle_R"
        },
        "elbow_L": {
            "children": [
                "wrist_L"
            ],
            "matrix": [
                0.796611547470093,
                -4.172325134832455e-7,
                -0.6044918298721316,
                0,
                4.163383109934138e-7,
                0.9999997615814094,
                -1.415610659943889e-7,
                0,
                0.604491751700997,
                -1.3890394279236773e-7,
                0.7966114444546883,
                0,
                30.333885192871108,
                -0.00002288818359375,
                0.000003814697269177714,
                1
            ],
            "name": "elbow_L"
        },
        "elbow_R": {
            "children": [
                "wrist_R"
            ],
            "matrix": [
                0.7966111898422243,
                -2.9802322498717615e-8,
                -0.6044918894767762,
                0,
                2.8930805029414586e-8,
                1.0000001192093009,
                -1.1175870513746577e-8,
                0,
                0.604491867696615,
                -8.585612165656897e-9,
                0.7966111611399042,
                0,
                -30.33391571044922,
                0,
                -0.000007629394534802714,
                1
            ],
            "name": "elbow_R"
        },
        "faceless_void_belt_model": {
            "children": [],
            "matrix": [
                1,
                0,
                0,
                0,
                0,
                1,
                0,
                0,
                0,
                0,
                1,
                0,
                0,
                0,
                0,
                1
            ],
            "meshes": [
                "faceless_void_belt_model-mesh"
            ],
            "name": "faceless_void_belt_model"
        },
        "faceless_void_bracer_model": {
            "children": [],
            "matrix": [
                1,
                0,
                0,
                0,
                0,
                1,
                0,
                0,
                0,
                0,
                1,
                0,
                0,
                0,
                0,
                1
            ],
            "meshes": [
                "faceless_void_bracer_model-mesh"
            ],
            "name": "faceless_void_bracer_model"
        },
        "faceless_void_head_model_LOD0": {
            "children": [],
            "matrix": [
                1,
                0,
                0,
                0,
                0,
                1,
                0,
                0,
                0,
                0,
                1,
                0,
                0,
                0,
                0,
                1
            ],
            "meshes": [
                "faceless_void_head_model_LOD0-mesh"
            ],
            "name": "faceless_void_head_model_LOD0"
        },
        "faceless_void_model_LOD0": {
            "children": [],
            "matrix": [
                1,
                0,
                0,
                0,
                0,
                1,
                0,
                0,
                0,
                0,
                1,
                0,
                0,
                0,
                0,
                1
            ],
            "meshes": [
                "faceless_void_model_LOD0-mesh"
            ],
            "name": "faceless_void_model_LOD0"
        },
        "faceless_void_shoulder_model": {
            "children": [],
            "matrix": [
                1,
                0,
                0,
                0,
                0,
                1,
                0,
                0,
                0,
                0,
                1,
                0,
                0,
                0,
                0,
