{
    "accessors": {
        "attrbute_1": {
            "bufferView": "bufferView_37",
            "byteOffset": 0,
            "byteStride": 12,
            "count": 2176,
            "max": [
                54.663246154785156,
                18.20234489440918,
                168.0966796875,
                0
            ],
            "min": [
                -54.04032897949219,
                -55.698646545410156,
                1.3019758462905884,
                0
            ],
            "type": 35665
        },
        "attrbute_10": {
            "bufferView": "bufferView_37",
            "byteOffset": 140416,
            "byteStride": 16,
            "count": 308,
            "max": [
                1,
                4,
                -1,
                -1
            ],
            "min": [
                0,
                -1,
                -1,
                -1
            ],
            "type": 35666
        },
        "attrbute_11": {
            "bufferView": "bufferView_37",
            "byteOffset": 145344,
            "byteStride": 12,
            "count": 308,
            "max": [
                1,
                0.2222544103860855,
                0
            ],
            "min": [
                0.7777456045150757,
                0,
                0
            ],
            "type": 35665
        },
        "attrbute_13": {
            "bufferView": "bufferView_37",
            "byteOffset": 149040,
            "byteStride": 12,
            "count": 478,
            "max": [
                19.600452423095703,
                -2.4383726119995117,
                175.7916259765625,
                0
            ],
            "min": [
                -19.600448608398438,
                -21.010196685791016,
                147.25088500976562,
                0
            ],
            "type": 35665
        },
        "attrbute_14": {
            "bufferView": "bufferView_37",
            "byteOffset": 154776,
            "byteStride": 12,
            "count": 478,
            "max": [
                0.995781660079956,
                0.9917385578155518,
                0.9989118576049805,
                0
            ],
            "min": [
                -0.9957817196846008,
                -0.9964249730110168,
                -0.999352216720581,
                0
            ],
            "type": 35665
        },
        "attrbute_15": {
            "bufferView": "bufferView_37",
            "byteOffset": 160512,
            "byteStride": 8,
            "count": 478,
            "max": [
                0.9950333833694458,
                0.9964020848274231
            ],
            "min": [
                0.0029999688267707825,
                0.009392082691192627
            ],
            "type": 35664
        },
        "attrbute_16": {
            "bufferView": "bufferView_37",
            "byteOffset": 164336,
            "byteStride": 16,
            "count": 478,
            "max": [
                2,
                2,
                3,
                -1
            ],
            "min": [
                0,
                -1,
                -1,
                -1
            ],
            "type": 35666
        },
        "attrbute_17": {
            "bufferView": "bufferView_37",
            "byteOffset": 171984,
            "byteStride": 12,
            "count": 478,
            "max": [
                1,
                0.85132896900177,
                0.9855435490608215
            ],
            "min": [
                0.010176684707403183,
                0,
                0
            ],
            "type": 35665
        },
        "attrbute_19": {
            "bufferView": "bufferView_37",
            "byteOffset": 177720,
            "byteStride": 12,
            "count": 594,
            "max": [
                44.321556091308594,
                21.821636199951172,
                164.28684997558594,
                0
            ],
            "min": [
                -44.487770080566406,
                -14.046540260314941,
                101.73466491699219,
                0
            ],
            "type": 35665
        },
        "attrbute_2": {
            "bufferView": "bufferView_37",
            "byteOffset": 26112,
            "byteStride": 12,
            "count": 2176,
            "max": [
                0.9999103546142578,
                0.9982008934020996,
                0.9928377866744995,
                0
            ],
            "min": [
                -0.9995201230049133,
                -0.9996905326843262,
                -0.999786913394928,
                0
            ],
            "type": 35665
        },
        "attrbute_20": {
            "bufferView": "bufferView_37",
            "byteOffset": 184848,
            "byteStride": 12,
            "count": 594,
            "max": [
                0.9988569021224976,
                0.9884617328643799,
                0.9915644526481628,
                0
            ],
            "min": [
                -0.9996258020401001,
                -0.9989306926727295,
                -0.9683514833450317,
                0
            ],
            "type": 35665
        },
        "attrbute_21": {
            "bufferView": "bufferView_37",
            "byteOffset": 191976,
            "byteStride": 8,
            "count": 594,
            "max": [
                0.9923107028007507,
                0.988620936870575
            ],
            "min": [
                0.008470594882965088,
                0.0030503273010253906
            ],
            "type": 35664
        },
        "attrbute_22": {
            "bufferView": "bufferView_37",
            "byteOffset": 196728,
            "byteStride": 16,
            "count": 594,
            "max": [
                6,
                6,
                6,
                -1
            ],
            "min": [
                0,
                -1,
                -1,
                -1
            ],
            "type": 35666
        },
        "attrbute_23": {
            "bufferView": "bufferView_37",
            "byteOffset": 206232,
            "byteStride": 12,
            "count": 594,
            "max": [
                1,
                0.9996362924575806,
                0.9817648530006409
            ],
            "min": [
                0.0003637350455392152,
                0,
                0
            ],
            "type": 35665
        },
        "attrbute_25": {
            "bufferView": "bufferView_37",
            "byteOffset": 213360,
            "byteStride": 12,
            "count": 539,
            "max": [
                -89.95629119873047,
                22.431203842163086,
                156.8611602783203,
                0
            ],
            "min": [
                -127.71778869628906,
                -17.801061630249023,
                25.71405029296875,
                0
            ],
            "type": 35665
        },
        "attrbute_26": {
            "bufferView": "bufferView_37",
            "byteOffset": 219828,
            "byteStride": 12,
            "count": 539,
            "max": [
                0.973572850227356,
                0.9993234872817993,
                0.9659068584442139,
                0
            ],
            "min": [
                -0.9989715814590454,
                -0.9987390041351318,
                -0.9999997615814209,
                0
            ],
            "type": 35665
        },
        "attrbute_27": {
            "bufferView": "bufferView_37",
            "byteOffset": 226296,
            "byteStride": 8,
            "count": 539,
            "max": [
                0.988902747631073,
                1.003291368484497
            ],
            "min": [
                0.006738126277923584,
                0.0036433935165405273
            ],
            "type": 35664
        },
        "attrbute_28": {
            "bufferView": "bufferView_37",
            "byteOffset": 230608,
            "byteStride": 16,
            "count": 539,
            "max": [
                0,
                -1,
                -1,
                -1
            ],
            "min": [
                0,
                -1,
                -1,
                -1
            ],
            "type": 35666
        },
        "attrbute_29": {
            "bufferView": "bufferView_37",
            "byteOffset": 239232,
            "byteStride": 12,
            "count": 539,
            "max": [
                1,
                0,
                0
            ],
            "min": [
                1,
                0,
                0
            ],
            "type": 35665
        },
        "attrbute_3": {
            "bufferView": "bufferView_37",
            "byteOffset": 52224,
            "byteStride": 8,
            "count": 2176,
            "max": [
                0.9939233660697937,
                0.995230495929718
            ],
            "min": [
                0.00703125074505806,
                0.006621956825256348
            ],
            "type": 35664
        },
        "attrbute_31": {
            "bufferView": "bufferView_37",
            "byteOffset": 245700,
            "byteStride": 12,
            "count": 461,
            "max": [
                26.276830673217773,
                19.639986038208008,
                104.524658203125,
                0
            ],
            "min": [
                -25.970474243164062,
                -19.422853469848633,
                43.19183349609375,
                0
            ],
            "type": 35665
        },
        "attrbute_32": {
            "bufferView": "bufferView_37",
            "byteOffset": 251232,
            "byteStride": 12,
            "count": 461,
            "max": [
                0.9755153656005859,
                0.9995590448379517,
                0.9998936057090759,
                0
            ],
            "min": [
                -0.9755154252052307,
                -0.9992982745170593,
                -0.9969085454940796,
                0
            ],
            "type": 35665
        },
        "attrbute_33": {
            "bufferView": "bufferView_37",
            "byteOffset": 256764,
            "byteStride": 8,
            "count": 461,
            "max": [
                0.9931235313415527,
                0.9946438074111938
            ],
            "min": [
                0.010001406073570251,
                0.011606216430664062
            ],
            "type": 35664
        },
        "attrbute_34": {
            "bufferView": "bufferView_37",
            "byteOffset": 260452,
            "byteStride": 16,
            "count": 461,
            "max": [
                6,
                9,
                9,
                -1
            ],
            "min": [
                0,
                -1,
                -1,
                -1
            ],
            "type": 35666
        },
        "attrbute_35": {
            "bufferView": "bufferView_37",
            "byteOffset": 267828,
            "byteStride": 12,
            "count": 461,
            "max": [
                1,
                0.9955211281776428,
                0.16853737831115723
            ],
            "min": [
                0.004478868097066879,
                0,
                0
            ],
            "type": 35665
        },
        "attrbute_4": {
            "bufferView": "bufferView_37",
            "byteOffset": 69632,
            "byteStride": 16,
            "count": 2176,
            "max": [
                40,
                40,
                40,
                -1
            ],
            "min": [
                0,
                -1,
                -1,
                -1
            ],
            "type": 35666
        },
        "attrbute_5": {
            "bufferView": "bufferView_37",
            "byteOffset": 104448,
            "byteStride": 12,
            "count": 2176,
            "max": [
                1,
                0.9998213648796082,
                0.9888354539871216
            ],
            "min": [
                0.00017863251559901983,
                0,
                0
            ],
            "type": 35665
        },
        "attrbute_7": {
            "bufferView": "bufferView_37",
            "byteOffset": 130560,
            "byteStride": 12,
            "count": 308,
            "max": [
                62.604087829589844,
                5.562938690185547,
                113.30020141601562,
                0
            ],
            "min": [
                -62.60409927368164,
                -34.56409454345703,
                60.1396598815918,
                0
            ],
            "type": 35665
        },
        "attrbute_8": {
            "bufferView": "bufferView_37",
            "byteOffset": 134256,
            "byteStride": 12,
            "count": 308,
            "max": [
                0.9929059147834778,
                0.919314980506897,
                0.9709429740905762,
                0
            ],
            "min": [
                -0.992905855178833,
                -0.9357162714004517,
                -0.9884867668151855,
                0
            ],
            "type": 35665
        },
        "attrbute_9": {
            "bufferView": "bufferView_37",
            "byteOffset": 137952,
            "byteStride": 8,
            "count": 308,
            "max": [
                0.9875806570053101,
                0.9921723008155823
            ],
            "min": [
                0.010856837034225464,
                0.009390115737915039
            ],
            "type": 35664
        },
        "indices_12": {
            "bufferView": "bufferView_39",
            "byteOffset": 20472,
            "count": 1248,
            "type": 5123
        },
        "indices_18": {
            "bufferView": "bufferView_39",
            "byteOffset": 22968,
            "count": 2100,
            "type": 5123
        },
        "indices_24": {
            "bufferView": "bufferView_39",
            "byteOffset": 27168,
            "count": 2457,
            "type": 5123
        },
        "indices_30": {
            "bufferView": "bufferView_39",
            "byteOffset": 32082,
            "count": 2226,
            "type": 5123
        },
        "indices_36": {
            "bufferView": "bufferView_39",
            "byteOffset": 36534,
            "count": 1836,
            "type": 5123
        },
        "indices_6": {
            "bufferView": "bufferView_39",
            "byteOffset": 0,
            "count": 10236,
            "type": 5123
        }
    },
    "animations": {},
    "asset": {},
    "bufferViews": {
        "bufferView_37": {
            "buffer": "faceless_void.bin",
            "byteLength": 273360,
            "byteOffset": 0,
            "target": 34962
        },
        "bufferView_38": {
            "buffer": "faceless_void.bin",
            "byteLength": 5568,
            "byteOffset": 273360
        },
        "bufferView_39": {
            "buffer": "faceless_void.bin",
            "byteLength": 40206,
            "byteOffset": 278928,
            "target": 34963
        }
    },
    "buffers": {
        "faceless_void.bin": {
            "byteLength": 319134,
            "path": "faceless_void.bin"
        }
    },
    "cameras": {},
    "images": {
        "image_0": {
            "path": "textures/faceless_void_body_color.png"
        },
        "image_1": {
            "path": "textures/faceless_void_bracer_color.png"
        },
        "image_2": {
            "path": "textures/faceless_void_head_color.png"
        },
        "image_3": {
            "path": "textures/faceless_void_shoulder_color.png"
        },
        "image_4": {
            "path": "textures/faceless_void_weapon_color.png"
        },
        "image_5": {
            "path": "textures/faceless_void_belt_color.png"
        }
    },
    "lights": {},
    "materials": {
        "Material #127": {
            "instanceTechnique": {
                "technique": "technique_0",
                "values": {
                    "ambient": [
                        0.5879999995231628,
                        0.5879999995231628,
                        0.5879999995231628
                    ],
                    "diffuse": "Map #30",
                    "emission": [
                        0,
                        0,
                        0
                    ],
                    "shininess": 2,
                    "specular": [
                        0.8999999761581421,
                        0.8999999761581421,
                        0.8999999761581421
                    ],
                    "transparency": 1
                }
            },
            "name": "Material #127"
        },
        "Material #138": {
            "instanceTechnique": {
                "technique": "technique_0",
                "values": {
                    "ambient": [
                        0.5879999995231628,
                        0.5879999995231628,
                        0.5879999995231628
                    ],
                    "diffuse": "Map #32",
                    "emission": [
                        0,
                        0,
                        0
                    ],
                    "shininess": 2,
                    "specular": [
                        0.8999999761581421,
                        0.8999999761581421,
                        0.8999999761581421
                    ],
                    "transparency": 1
                }
            },
            "name": "Material #138"
        },
        "Material #149": {
            "instanceTechnique": {
                "technique": "technique_0",
                "values": {
                    "ambient": [
                        0.5879999995231628,
                        0.5879999995231628,
                        0.5879999995231628
                    ],
                    "diffuse": "Map #34",
                    "emission": [
                        0,
                        0,
                        0
                    ],
                    "shininess": 2,
                    "specular": [
                        0.8999999761581421,
                        0.8999999761581421,
                        0.8999999761581421
                    ],
                    "transparency": 1
                }
            },
            "name": "Material #149"
        },
        "Material #160": {
            "instanceTechnique": {
                "technique": "technique_0",
                "values": {
                    "ambient": [
                        0.5879999995231628,
                        0.5879999995231628,
                        0.5879999995231628
                    ],
                    "diffuse": "Map #36",
                    "emission": [
                        0,
                        0,
                        0
                    ],
                    "shininess": 2,
                    "specular": [
                        0.8999999761581421,
                        0.8999999761581421,
                        0.8999999761581421
                    ],
                    "transparency": 1
                }
            },
            "name": "Material #160"
        },
        "Material #184": {
            "instanceTechnique": {
                "technique": "technique_0",
                "values": {
                    "ambient": [
                        0.5879999995231628,
                        0.5879999995231628,
                        0.5879999995231628
                    ],
                    "diffuse": "Map #39",
                    "emission": [
                        0,
                        0,
                        0
                    ],
                    "shininess": 2,
                    "specular": [
                        0.8999999761581421,
                        0.8999999761581421,
                        0.8999999761581421
                    ],
                    "transparency": 1
                }
            },
            "name": "Material #184"
        },
        "faceless_void_body": {
            "instanceTechnique": {
                "technique": "technique_0",
                "values": {
                    "ambient": [
                        0.5882353186607361,
                        0.5882353186607361,
                        0.5882353186607361
                    ],
                    "diffuse": "Map #26",
                    "emission": [
                        0,
                        0,
                        0
                    ],
                    "shininess": 1.9999998807907104,
                    "specular": [
                        0.8999999761581421,
                        0.8999999761581421,
                        0.8999999761581421
                    ],
                    "transparency": 1
                }
            },
            "name": "faceless_void_body"
        }
    },
    "meshes": {
        "faceless_void_belt_model-mesh": {
            "name": "faceless_void_belt_model-mesh",
            "primitives": [
                {
                    "attributes": {
                        "JOINT": "attrbute_34",
                        "NORMAL": "attrbute_32",
                        "POSITION": "attrbute_31",
                        "TEXCOORD_0": "attrbute_33",
                        "WEIGHT": "attrbute_35"
                    },
                    "indices": "indices_36",
                    "material": "Material #184"
                }
            ]
        },
        "faceless_void_bracer_model-mesh": {
            "name": "faceless_void_bracer_model-mesh",
            "primitives": [
                {
                    "attributes": {
                        "JOINT": "attrbute_10",
                        "NORMAL": "attrbute_8",
                        "POSITION": "attrbute_7",
                        "TEXCOORD_0": "attrbute_9",
                        "WEIGHT": "attrbute_11"
                    },
                    "indices": "indices_12",
                    "material": "Material #127"
                }
            ]
        },
        "faceless_void_head_model_LOD0-mesh": {
            "name": "faceless_void_head_model_LOD0-mesh",
            "primitives": [
                {
                    "attributes": {
                        "JOINT": "attrbute_16",
                        "NORMAL": "attrbute_14",
                        "POSITION": "attrbute_13",
                        "TEXCOORD_0": "attrbute_15",
                        "WEIGHT": "attrbute_17"
                    },
                    "indices": "indices_18",
                    "material": "Material #138"
                }
            ]
        },
        "faceless_void_model_LOD0-mesh": {
            "name": "faceless_void_model_LOD0-mesh",
            "primitives": [
                {
                    "attributes": {
                        "JOINT": "attrbute_4",
                        "NORMAL": "attrbute_2",
                        "POSITION": "attrbute_1",
                        "TEXCOORD_0": "attrbute_3",
                        "WEIGHT": "attrbute_5"
                    },
                    "indices": "indices_6",
                    "material": "faceless_void_body"
                }
            ]
        },
        "faceless_void_shoulder_model-mesh": {
            "name": "faceless_void_shoulder_model-mesh",
            "primitives": [
                {
                    "attributes": {
                        "JOINT": "attrbute_22",
                        "NORMAL": "attrbute_20",
                        "POSITION": "attrbute_19",
                        "TEXCOORD_0": "attrbute_21",
                        "WEIGHT": "attrbute_23"
                    },
                    "indices": "indices_24",
                    "material": "Material #149"
                }
            ]
        },
        "faceless_void_weapon_LOD0-mesh": {
            "name": "faceless_void_weapon_LOD0-mesh",
            "primitives": [
                {
                    "attributes": {
                        "JOINT": "attrbute_28",
                        "NORMAL": "attrbute_26",
                        "POSITION": "attrbute_25",
                        "TEXCOORD_0": "attrbute_27",
                        "WEIGHT": "attrbute_29"
                    },
                    "indices": "indices_30",
                    "material": "Material #160"
                }
            ]
        }
    },
    "nodes": {
        "Cloth_R0C0": {
            "children": [
                "Cloth_R1C0"
            ],
            "jointId": "Cloth_R0C0",
            "matrix": [
                6.123233995736883e-17,
                -1.4693679385278594e-39,
                -1.0000000000000189,
                0,
                2.6469779601696886e-23,
                1.0000000000000002,
                0,
                0,
                1.000000000000019,
                -2.6469779601696886e-23,
                6.123233995736882e-17,
                0,
                15.971115112304686,
                0.0000024760956875979896,
                -2.8809280395507812,
                1
            ],
            "name": "Cloth_R0C0"
        },
        "Cloth_R1C0": {
            "children": [
                "Cloth_R2C0"
            ],
            "jointId": "Cloth_R1C0",
            "matrix": [
                0.9949725866317748,
                3.3087224502121092e-24,
                0.10014788061380386,
                0,
                -3.6592683637036175e-33,
                1.0000000000000002,
                2.2406547446870327e-49,
                0,
                -0.10014788061380385,
                1.4715408488543239e-40,
                0.9949725866317749,
                0,
                1.8289031982421733,
                -2.2737367544323206e-13,
                -9.5367431640625e-7,
                1
            ],
            "name": "Cloth_R1C0"
        },
        "Cloth_R2C0": {
            "children": [
                "Cloth_R3C0"
            ],
            "jointId": "Cloth_R2C0",
            "matrix": [
                0.994972705841065,
                -1.1826612855535328e-16,
                -0.10014797002077111,
                0,
                1.1886369579213576e-16,
                1.0000000000000004,
                4.092175308249949e-23,
                0,
                0.10014797002077112,
                -1.1903962812695776e-17,
                0.9949727058410651,
                0,
                15.167465209960938,
                2.4747555471549276e-7,
                0,
                1
            ],
            "name": "Cloth_R2C0"
        },
        "Cloth_R3C0": {
            "children": [],
            "jointId": "Cloth_R3C0",
            "matrix": [
                0.9999999999999998,
                -1.7071899870696776e-21,
                -1.3234889800848443e-23,
                0,
                1.698350288581993e-21,
                0.9999999999999999,
                1.4210854750780725e-14,
                0,
                2.6469779601696886e-23,
                -1.4210854759032835e-14,
                0.9999999999999997,
                0,
                15.248874664306634,
                2.2737367544323206e-13,
                -3.552713678800501e-15,
                1
            ],
            "name": "Cloth_R3C0"
        },
        "Head_0": {
            "children": [
                "Head_1"
            ],
            "jointId": "Head_0",
            "matrix": [
                0.7507284283637999,
                9.605822981484382e-8,
                -0.6606109738349917,
                0,
                -1.2795338184493579e-7,
                0.9999999999999999,
                -1.7319479163472927e-14,
                0,
                0.6606109738349853,
                8.452742118828816e-8,
                0.7507284283638054,
                0,
                16.433410644531236,
                0.0000026630009415384856,
                -0.000006198883057528803,
                1
            ],
            "name": "Head_0"
        },
        "Head_1": {
            "children": [
                "Jaw"
            ],
            "jointId": "Head_1",
            "matrix": [
                0.6386286020278928,
                1.4074556870932855e-14,
                -0.7695150971412658,
                0,
                -2.2038719993996885e-14,
                0.9999999999999999,
                -5.293955920339377e-23,
                0,
                0.7695150971412655,
                1.6959127836756397e-14,
                0.638628602027893,
                0,
                14.386650085449233,
                4.839112079935047e-7,
                0.000007629394545460855,
                1
            ],
            "name": "Head_1"
        },
        "Jaw": {
            "children": [],
            "jointId": "Jaw",
            "matrix": [
                0.9999999999999997,
                9.383478385741117e-15,
                -4.569560019263008e-8,
                0,
                -9.383477751739376e-15,
                1,
                1.4210854635792665e-14,
                0,
                4.5695600192629976e-8,
                -1.4210854238745971e-14,
                0.9999999999999998,
                0,
                4.23219919204712,
                -7.645758159924637e-8,
                -1.690155029296875,
                1
            ],
            "name": "Jaw"
        },
        "Root_0": {
            "children": [
                "quadThigh_R",
                "Spine_0",
                "Cloth_R0C0",
                "quadThigh_L"
            ],
            "jointId": "Root_0",
            "matrix": [
                -1.629206851037603e-7,
                -1.0000000000000002,
                0,
                0,
                1.0000000000000002,
                -1.629206851037603e-7,
                0,
                0,
                0,
                0,
                1,
                0,
                0,
                0.848270833492279,
                92.24332427978516,
                1
            ],
            "name": "Root_0"
        },
        "Spine_0": {
            "children": [
                "Spine_1"
            ],
            "jointId": "Spine_0",
            "matrix": [
                -0.05401429533958193,
                2.5756023098687345e-8,
                0.9985401630401611,
                0,
                -4.754449490101762e-7,
                1.0000000000000002,
                -5.1512046181127606e-8,
                0,
                -0.9985401630401619,
                -4.775332637772158e-7,
                -0.054014295339569654,
                0,
                1.9228930473327637,
                7.959171739457816e-7,
                11.041473388671875,
                1
            ],
            "name": "Spine_0"
        },
        "Spine_1": {
            "children": [
                "Spine_3"
            ],
            "jointId": "Spine_1",
            "matrix": [
                0.9892948865890504,
                1.2273528682271714e-7,
                0.14593040943145752,
                0,
                -5.447836204918556e-8,
                0.9999999999999998,
                -4.7173253392429234e-7,
                0,
                -0.14593040943151317,
                4.587325339699983e-7,
                0.9892948865890421,
                0,
                13.090103149414077,
                7.933040251373313e-7,
                -0.000004768371582919428,
                1
            ],
            "name": "Spine_1"
        },
        "Spine_3": {
            "children": [
                "clavicle_L",
                "clavicle_R",
                "Head_0"
            ],
            "jointId": "Spine_3",
            "matrix": [
                0.9853167533874516,
                7.105427370835892e-15,
                -0.17073638737201693,
                0,
                -1.1828438483147241e-14,
                0.9999999999999999,
                -2.6645352534755475e-14,
                0,
                0.17073638737201696,
                2.8273657113962412e-14,
                0.9853167533874512,
                0,
                11.493576049804688,
                0.000001072883605957033,
                -0.0000019073486328125,
                1
            ],
            "name": "Spine_3"
        },
        "bicep_L": {
            "children": [
                "elbow_L"
            ],
            "jointId": "bicep_L",
            "matrix": [
                0.6678344011306763,
                0.05715336650609974,
                -0.7421123981475827,
                0,
                -0.7354265444436014,
                0.20425311221939074,
                -0.646087296342484,
                0,
                0.11465269001408349,
                0.9772483693944969,
                0.17843933766315262,
                0,
                17.102863311767575,
                0.000007152557372158697,
                -0.0000152587890625,
                1
            ],
            "name": "bicep_L"
        },
        "bicep_R": {
            "children": [
                "elbow_R"
            ],
            "jointId": "bicep_R",
            "matrix": [
                0.6678341031074524,
                0.05715306103229523,
                -0.7421125173568728,
                0,
                -0.7354266723557175,
                0.20425239574730772,
                -0.6460871515838749,
                0,
                0.11465242954016712,
                0.9772486143114419,
                0.1784386451533681,
                0,
                -17.102851867675778,
                -0.000006198883054864268,
                -0.000030517578125,
                1
            ],
            "name": "bicep_R"
        },
        "clavicle_L": {
            "children": [
                "bicep_L"
            ],
            "jointId": "clavicle_L",
            "matrix": [
                -0.15789097547531133,
                0.9431792497634882,
                -0.29237508773803716,
                0,
                -0.04827337685816973,
                0.28836238206521836,
                0.9563035889994324,
                0,
                0.9862758014103494,
                0.1651056599084358,
                6.295740554614071e-7,
                0,
                8.119674682617173,
                5.552225112915039,
                3.794830083847045,
                1
            ],
            "name": "clavicle_L"
        },
        "clavicle_R": {
            "children": [
                "bicep_R"
            ],
            "jointId": "clavicle_R",
            "matrix": [
                0.15789084136486053,
                0.9431793689727781,
                0.2923750877380372,
                0,
                0.04827315360830742,
                0.2883623797712379,
                -0.9563035564685032,
                0,
                -0.9862759662754109,
                0.16510547501260217,
                -4.637986517133652e-7,
                0,
                8.119674682617173,
                -5.5522260665893555,
                3.7948291301727286,
                1
            ],
            "name": "clavicle_R"
        },
        "elbow_L": {
            "children": [
                "wrist_L"
            ],
            "jointId": "elbow_L",
            "matrix": [
                0.7966115474700928,
                -4.172325134832455e-7,
                -0.6044918298721317,
                0,
                4.1633831104892494e-7,
                0.9999997615814095,
                -1.415610661054112e-7,
                0,
                0.6044917517009968,
                -1.3890394262583428e-7,
                0.7966114444546883,
                0,
                30.333885192871094,
                -0.00002288818359375,
                0.000003814697265625,
                1
            ],
            "name": "elbow_L"
        },
        "elbow_R": {
            "children": [
                "wrist_R"
            ],
            "jointId": "elbow_R",
            "matrix": [
                0.7966111898422241,
                -2.9802322387695312e-8,
                -0.604491889476776,
                0,
                2.893080480736998e-8,
                1.0000001192093004,
                -1.1175870520685471e-8,
                0,
                0.6044918676966147,
                -8.58561208239017e-9,
                0.7966111611399036,
                0,
                -30.333915710449205,
                -1.4210854715202004e-14,
                -0.00000762939453125,
                1
            ],
            "name": "elbow_R"
        },
        "faceless_void_belt_model": {
            "children": [],
            "instanceSkin": {
                "skeletons": [
                    "Root_0"
                ],
                "skin": "skin_5",
                "sources": [
                    "faceless_void_belt_model-mesh"
                ]
            },
            "matrix": [
                1,
                0,
                0,
                0,
                0,
                1,
                0,
                0,
                0,
                0,
                1,
                0,
                0,
                0,
                0,
                1
            ],
            "name": "faceless_void_belt_model"
        },
        "faceless_void_bracer_model": {
            "children": [],
            "instanceSkin": {
                "skeletons": [
                    "Root_0"
                ],
                "skin": "skin_1",
                "sources": [
                    "faceless_void_bracer_model-mesh"
                ]
            },
            "matrix": [
                1,
                0,
                0,
                0,
                0,
                1,
                0,
                0,
                0,
                0,
                1,
                0,
                0,
                0,
                0,
                1
            ],
            "name": "faceless_void_bracer_model"
        },
        "faceless_void_head_model_LOD0": {
            "children": [],
            "instanceSkin": {
                "skeletons": [
                    "Root_0"
                ],
                "skin": "skin_2",
                "sources": [
                    "faceless_void_head_model_LOD0-mesh"
                ]
            },
            "matrix": [
                1,
                0,
                0,
                0,
                0,
                1,
                0,
                0,
                0,
                0,
                1,
                0,
                0,
                0,
                0,
                1
            ],
            "name": "faceless_void_head_model_LOD0"
        },
        "faceless_void_model_LOD0": {
            "children": [],
            "instanceSkin": {
                "skeletons": [
                    "Root_0"
                ],
                "skin": "skin_0",
                "sources": [
                    "faceless_void_model_LOD0-mesh"
                ]
            },
            "matrix": [
                1,
                0,
                0,
                0,
                0,
                1,
                0,
                0,
                0,
                0,
                1,
                0,
                0,
                0,
                0,
                1
            ],
            "name": "faceless_void_model_LOD0"
