{
    "accessors": [
        {
            "bufferView": 0,
            "byteOffset": 0,
            "componentType": 5126,
            "count": 2176,
            "max": [
                54.663246154785156,
                18.20234489440918,
                168.0966796875
            ],
            "min": [
                -54.04032897949219,
                -55.698646545410156,
                1.3019758462905884
            ],
            "type": "VEC3"
        },
        {
            "bufferView": 0,
            "byteOffset": 26112,
            "componentType": 5126,
            "count": 2176,
            "max": [
                0.9999103546142578,
                0.9982008934020996,
                0.9928377866744995
            ],
            "min": [
                -0.9995201230049133,
                -0.9996905326843262,
                -0.999786913394928
            ],
            "type": "VEC3"
        },
        {
            "bufferView": 0,
            "byteOffset": 52224,
            "componentType": 5126,
            "count": 2176,
            "max": [
                0.9939233660697937,
                0.9933780431747437
            ],
            "min": [
                0.00703125074505806,
                0.004769504070281982
            ],
            "type": "VEC2"
        },
        {
            "bufferView": 0,
            "byteOffset": 69632,
            "componentType": 5123,
            "count": 2176,
            "max": [
                40,
                40,
                40,
                0
            ],
            "min": [
                0,
                0,
                0,
                0
            ],
            "type": "VEC4"
        },
        {
            "bufferView": 0,
            "byteOffset": 87040,
            "componentType": 5126,
            "count": 2176,
            "max": [
                1,
                0.9998213648796082,
                0.9888354539871216,
                0
            ],
            "min": [
                0.00017863251559901983,
                0,
                0,
                0
            ],
            "type": "VEC4"
        },
        {
            "bufferView": 2,
            "byteOffset": 0,
            "componentType": 5123,
            "count": 10236,
            "max": [
                2175
            ],
            "min": [
                0
            ],
            "type": "SCALAR"
        },
        {
            "bufferView": 1,
            "byteOffset": 0,
            "componentType": 5126,
            "count": 41,
            "max": [
                0.9431794828673996,
                0.9999999999999865,
                0.7536310125597954,
                0,
                0.9384161429165029,
                0.9545083816884647,
                0.9995819052945527,
                0,
                0.9995819052945528,
                0.6544782608385348,
                1.0000001192092671,
                0,
                99.99475175767701,
                91.38955097763778,
                134.79477871399007,
                1
            ],
            "min": [
                -0.9682662481756151,
                -0.9996475016362886,
                -0.9938348967139828,
                0,
                -1.0000001192091919,
                -0.9545081375847371,
                -0.9587955409424652,
                0,
                -0.9587676110172387,
                -0.884952314100519,
                -0.9992626404299481,
                0,
                -127.62132314215403,
                -87.93675492647787,
                -155.11641253428016,
                1
            ],
            "type": "MAT4"
        },
        {
            "bufferView": 0,
            "byteOffset": 121856,
            "componentType": 5126,
            "count": 308,
            "max": [
                62.604087829589844,
                5.562938690185547,
                113.30020141601562
            ],
            "min": [
                -62.60409927368164,
                -34.56409454345703,
                60.1396598815918
            ],
            "type": "VEC3"
        },
        {
            "bufferView": 0,
            "byteOffset": 125552,
            "componentType": 5126,
            "count": 308,
            "max": [
                0.9929059147834778,
                0.919314980506897,
                0.9709429740905762
            ],
            "min": [
                -0.992905855178833,
                -0.9357162714004517,
                -0.9884867668151855
            ],
            "type": "VEC3"
        },
        {
            "bufferView": 0,
            "byteOffset": 129248,
            "componentType": 5126,
            "count": 308,
            "max": [
                0.9875806570053101,
                0.990609884262085
            ],
            "min": [
                0.010856837034225464,
                0.007827699184417725
            ],
            "type": "VEC2"
        },
        {
            "bufferView": 0,
            "byteOffset": 131712,
            "componentType": 5123,
            "count": 308,
            "max": [
                1,
                4,
                0,
                0
            ],
            "min": [
                0,
                0,
                0,
                0
            ],
            "type": "VEC4"
        },
        {
            "bufferView": 0,
            "byteOffset": 134176,
            "componentType": 5126,
            "count": 308,
            "max": [
                1,
                0.2222544103860855,
                0,
                0
            ],
            "min": [
                0.7777456045150757,
                0,
                0,
                0
            ],
            "type": "VEC4"
        },
        {
            "bufferView": 2,
            "byteOffset": 20472,
            "componentType": 5123,
            "count": 1248,
            "max": [
                307
            ],
            "min": [
                0
            ],
            "type": "SCALAR"
        },
        {
            "bufferView": 1,
            "byteOffset": 2624,
            "componentType": 5126,
            "count": 5,
            "max": [
                0.5238414927495828,
                0.9999999999999732,
                0.6507574943029626,
                0,
                0.6776785778923172,
                0.3948245514606544,
                0.9038490131205167,
                0,
                0.8357148448336907,
                0.5426054985228087,
                1,
                0,
                99.99473535228358,
                87.93666700716534,
                25.26674383106683,
                1
            ],
            "min": [
                1.6292068478213135e-7,
                -0.7414130987130253,
                -6.123233995736683e-17,
                0,
                -0.9999999999999732,
                -0.394824212932487,
                -0.9038493447469662,
                0,
                -0.8357151030529759,
                -0.5426054785223343,
                -0.43777732272435627,
                0,
                -99.9947253671411,
                -87.93667533183108,
                -92.24332427978516,
                1
            ],
            "type": "MAT4"
        },
        {
            "bufferView": 0,
            "byteOffset": 139104,
            "componentType": 5126,
            "count": 478,
            "max": [
                19.600452423095703,
                -2.4383726119995117,
                175.7916259765625
            ],
            "min": [
                -19.600448608398438,
                -21.010196685791016,
                147.25088500976562
            ],
            "type": "VEC3"
        },
        {
            "bufferView": 0,
            "byteOffset": 144840,
            "componentType": 5126,
            "count": 478,
            "max": [
                0.995781660079956,
                0.9917385578155518,
                0.9989118576049805
            ],
            "min": [
                -0.9957817196846008,
                -0.9964249730110168,
                -0.999352216720581
            ],
            "type": "VEC3"
        },
        {
            "bufferView": 0,
            "byteOffset": 150576,
            "componentType": 5126,
            "count": 478,
            "max": [
                0.9950333833694458,
                0.9906079173088074
            ],
            "min": [
                0.0029999688267707825,
                0.0035979151725769043
            ],
            "type": "VEC2"
        },
        {
            "bufferView": 0,
            "byteOffset": 154400,
            "componentType": 5123,
            "count": 478,
            "max": [
                2,
                2,
                3,
                0
            ],
            "min": [
                0,
                0,
                0,
                0
            ],
            "type": "VEC4"
        },
        {
            "bufferView": 0,
            "byteOffset": 158224,
            "componentType": 5126,
            "count": 478,
            "max": [
                1,
                0.85132896900177,
                0.9855435490608215,
                0
            ],
            "min": [
                0.010176684707403183,
                0,
                0,
                0
            ],
            "type": "VEC4"
        },
        {
            "bufferView": 2,
            "byteOffset": 22968,
            "componentType": 5123,
            "count": 2100,
            "max": [
                477
            ],
            "min": [
                0
            ],
            "type": "SCALAR"
        },
        {
            "bufferView": 1,
            "byteOffset": 2944,
            "componentType": 5126,
            "count": 4,
            "max": [
                1.6292068478213135e-7,
                0.9999999999999917,
                4.5813891286046875e-8,
                0,
                -0.6386286173189356,
                1.6292068478213135e-7,
                0.7695151155662003,
                0,
                0.7695151155661971,
                6.123232998135209e-17,
                1,
                0,
                0.8482708334922563,
                0.00000414081218759222,
                -92.24332427978516,
                1
            ],
            "min": [
                8.100216326040505e-8,
                0.9999999999999732,
                -3.307431558000992e-8,
                0,
                -0.9999999999999932,
                8.100214817272657e-8,
                6.123232998135289e-17,
                0,
                6.123233995736603e-17,
                -4.58138912860469e-8,
                0.638628617318942,
                0,
                -109.31481224417469,
                -1.38200870721546e-7,
                -155.11640930175764,
                1
            ],
            "type": "MAT4"
        },
        {
            "bufferView": 0,
            "byteOffset": 165872,
            "componentType": 5126,
            "count": 594,
            "max": [
                44.321556091308594,
                21.821636199951172,
                164.28684997558594
            ],
            "min": [
                -44.487770080566406,
                -14.046540260314941,
                101.73466491699219
            ],
            "type": "VEC3"
        },
        {
            "bufferView": 0,
            "byteOffset": 173000,
            "componentType": 5126,
            "count": 594,
            "max": [
                0.9988569021224976,
                0.9884617328643799,
                0.9915644526481628
            ],
            "min": [
                -0.9996258020401001,
                -0.9989306926727295,
                -0.9683514833450317
            ],
            "type": "VEC3"
        },
        {
            "bufferView": 0,
            "byteOffset": 180128,
            "componentType": 5126,
            "count": 594,
            "max": [
                0.9923107028007507,
                0.9969496726989746
            ],
            "min": [
                0.008470594882965088,
                0.011379063129425049
            ],
            "type": "VEC2"
        },
        {
            "bufferView": 0,
            "byteOffset": 184880,
            "componentType": 5123,
            "count": 594,
            "max": [
                6,
                6,
                6,
                0
            ],
            "min": [
                0,
                0,
                0,
                0
            ],
            "type": "VEC4"
        },
        {
            "bufferView": 0,
            "byteOffset": 189632,
            "componentType": 5126,
            "count": 594,
            "max": [
                1,
                0.9996362924575806,
                0.9817648530006409,
                0
            ],
            "min": [
                0.0003637350455392152,
                0,
                0,
                0
            ],
            "type": "VEC4"
        },
        {
            "bufferView": 2,
            "byteOffset": 27168,
            "componentType": 5123,
            "count": 2457,
            "max": [
                593
            ],
            "min": [
                0
            ],
            "type": "SCALAR"
        },
        {
            "bufferView": 1,
            "byteOffset": 3200,
            "componentType": 5126,
            "count": 7,
            "max": [
                0.943179362810453,
                0.9999999999999922,
                0.6507574126096581,
                0,
                0.6776786685419388,
                0.9545083073140016,
                0.9799683296053044,
                0,
                0.9799683296053103,
                0.5426053352269287,
                0.985863538906874,
                0,
                99.9947292398005,
                87.93668845282079,
                134.79479424730917,
                1
            ],
            "min": [
                2.542520214050749e-8,
                -0.7414129002294361,
                -8.476194639729637e-8,
                0,
                -0.6776784387033057,
                -0.9545083274462555,
                -0.9038490575090585,
                0,
                -0.8357150487037035,
                -0.5426057083168886,
                -0.985863541760101,
                0,
                -113.95178469689999,
                -87.93665933312211,
                -134.7947975270426,
                1
            ],
            "type": "MAT4"
        },
        {
            "bufferView": 0,
            "byteOffset": 199136,
            "componentType": 5126,
            "count": 539,
            "max": [
                -89.95629119873047,
                22.431203842163086,
                156.8611602783203
            ],
            "min": [
                -127.71778869628906,
                -17.801061630249023,
                25.71405029296875
            ],
            "type": "VEC3"
        },
        {
            "bufferView": 0,
            "byteOffset": 205604,
            "componentType": 5126,
            "count": 539,
            "max": [
                0.973572850227356,
                0.9993234872817993,
                0.9659068584442139
            ],
            "min": [
                -0.9989715814590454,
                -0.9987390041351318,
                -0.9999997615814209
            ],
            "type": "VEC3"
        },
        {
            "bufferView": 0,
            "byteOffset": 212072,
            "componentType": 5126,
            "count": 539,
            "max": [
                0.988902747631073,
                0.9963566064834595
            ],
            "min": [
                0.006738126277923584,
                -0.0032913684844970703
            ],
            "type": "VEC2"
        },
        {
            "bufferView": 0,
            "byteOffset": 216384,
            "componentType": 5123,
            "count": 539,
            "max": [
                0,
                0,
                0,
                0
            ],
            "min": [
                0,
                0,
                0,
                0
            ],
            "type": "VEC4"
        },
        {
            "bufferView": 0,
            "byteOffset": 220696,
            "componentType": 5126,
            "count": 539,
            "max": [
                1,
                0,
                0,
                0
            ],
            "min": [
                1,
                0,
                0,
                0
            ],
            "type": "VEC4"
        },
        {
            "bufferView": 2,
            "byteOffset": 32082,
            "componentType": 5123,
            "count": 2226,
            "max": [
                538
            ],
            "min": [
                0
            ],
            "type": "SCALAR"
        },
        {
            "bufferView": 1,
            "byteOffset": 3648,
            "componentType": 5126,
            "count": 1,
            "max": [
                1.0000000596046283,
                -1.1548401834815069e-7,
                -8.195637912766305e-8,
                0,
                -8.195639633612395e-8,
                -1.4901161123313783e-7,
                -1.0000000596046166,
                0,
                1.154840130190838e-7,
                0.9999999999999498,
                -1.4901162957957715e-7,
                0,
                112.74619606282056,
                -96.56861665740153,
                -0.8146769058201225,
                1
            ],
            "min": [
                1.0000000596046283,
                -1.1548401834815069e-7,
                -8.195637912766305e-8,
                0,
                -8.195639633612395e-8,
                -1.4901161123313783e-7,
                -1.0000000596046166,
                0,
                1.154840130190838e-7,
                0.9999999999999498,
                -1.4901162957957715e-7,
                0,
                112.74619606282056,
                -96.56861665740153,
                -0.8146769058201225,
                1
            ],
            "type": "MAT4"
        },
        {
            "bufferView": 0,
            "byteOffset": 229320,
            "componentType": 5126,
            "count": 461,
            "max": [
                26.276830673217773,
                19.639986038208008,
                104.524658203125
            ],
            "min": [
                -25.970474243164062,
                -19.422853469848633,
                43.19183349609375
            ],
            "type": "VEC3"
        },
        {
            "bufferView": 0,
            "byteOffset": 234852,
            "componentType": 5126,
            "count": 461,
            "max": [
                0.9755153656005859,
                0.9995590448379517,
                0.9998936057090759
            ],
            "min": [
                -0.9755154252052307,
                -0.9992982745170593,
                -0.9969085454940796
            ],
            "type": "VEC3"
        },
        {
            "bufferView": 0,
            "byteOffset": 240384,
            "componentType": 5126,
            "count": 461,
            "max": [
                0.9931235313415527,
                0.9883937835693359
            ],
            "min": [
                0.010001406073570251,
                0.005356192588806152
            ],
            "type": "VEC2"
        },
        {
            "bufferView": 0,
            "byteOffset": 244072,
            "componentType": 5123,
            "count": 461,
            "max": [
                6,
                9,
                9,
                0
            ],
            "min": [
                0,
                0,
                0,
                0
            ],
            "type": "VEC4"
        },
        {
            "bufferView": 0,
            "byteOffset": 247760,
            "componentType": 5126,
            "count": 461,
            "max": [
                1,
                0.9955211281776428,
                0.16853737831115723,
                0
            ],
            "min": [
                0.004478868097066879,
                0,
                0,
                0
            ],
            "type": "VEC4"
        },
        {
            "bufferView": 2,
            "byteOffset": 36534,
            "componentType": 5123,
            "count": 1836,
            "max": [
                460
            ],
            "min": [
                0
            ],
            "type": "SCALAR"
        },
        {
            "bufferView": 1,
            "byteOffset": 3712,
            "componentType": 5126,
            "count": 10,
            "max": [
                0.31647778385978326,
                0.9999999999999736,
                0.04265006893237181,
                0,
                0.904156930944073,
                0.6816868820089909,
                0.9985401617366655,
                0,
                0.9985401617367629,
                0.5380920905501401,
                1,
                0,
                89.36239624023268,
                53.33120365942216,
                35.94214911088798,
                1
            ],
            "min": [
                -0.0009196695712067562,
                -0.9996473188782542,
                -0.8087534486081736,
                0,
                -0.9999999999999732,
                -0.6816868493898065,
                -0.9999999999999544,
                0,
                -0.9999999999999811,
                -0.5380920866645015,
                -0.9033591481519666,
                0,
                -103.07597361046835,
                -53.331203190061885,
                -92.24332427978516,
                1
            ],
            "type": "MAT4"
        }
    ],
    "asset": {
        "generator": "ClayGL - fbx2gltf",
        "version": "2.0"
    },
    "bufferViews": [
        {
            "buffer": 0,
            "byteLength": 255136,
            "byteOffset": 0,
            "target": 34962
        },
        {
            "buffer": 0,
            "byteLength": 4352,
            "byteOffset": 255136,
            "target": 34962
        },
        {
            "buffer": 0,
            "byteLength": 40206,
            "byteOffset": 259488,
            "target": 34963
        }
    ],
    "buffers": [
        {
            "byteLength": 299694,
            "uri": "faceless_void.bin"
        }
    ],
    "images": [
        {
            "uri": "textures/faceless_void_body_color.png"
        },
        {
            "uri": "textures/faceless_void_bracer_color.png"
        },
        {
            "uri": "textures/faceless_void_head_color.png"
        },
        {
            "uri": "textures/faceless_void_shoulder_color.png"
        },
        {
            "uri": "textures/faceless_void_weapon_color.png"
        },
        {
            "uri": "textures/faceless_void_belt_color.png"
        }
    ],
    "materials": [
        {
            "emissiveFactor": [
                0,
                0,
                0
            ],
            "name": "faceless_void_body",
            "pbrMetallicRoughness": {
                "baseColorFactor": [
                    1,
                    1,
                    1,
                    1
                ],
                "baseColorTexture": {
                    "index": 0,
                    "texCoord": 0
                },
                "metallicFactor": 0,
                "roughnessFactor": 0.9230769296916406
            }
        },
        {
            "emissiveFactor": [
                0,
                0,
                0
            ],
            "name": "Material #127",
            "pbrMetallicRoughness": {
                "baseColorFactor": [
                    1,
                    1,
                    1,
                    1
                ],
                "baseColorTexture": {
                    "index": 1,
                    "texCoord": 0
                },
                "metallicFactor": 0,
                "roughnessFactor": 0.9230769230769231
            }
        },
        {
            "emissiveFactor": [
                0,
                0,
                0
            ],
            "name": "Material #138",
            "pbrMetallicRoughness": {
                "baseColorFactor": [
                    1,
                    1,
                    1,
                    1
                ],
                "baseColorTexture": {
                    "index": 2,
                    "texCoord": 0
                },
                "metallicFactor": 0,
                "roughnessFactor": 0.9230769230769231
            }
        },
        {
            "emissiveFactor": [
                0,
                0,
                0
            ],
            "name": "Material #149",
            "pbrMetallicRoughness": {
                "baseColorFactor": [
                    1,
                    1,
                    1,
                    1
                ],
                "baseColorTexture": {
                    "index": 3,
                    "texCoord": 0
                },
                "metallicFactor": 0,
                "roughnessFactor": 0.9230769230769231
            }
        },
        {
            "emissiveFactor": [
                0,
                0,
                0
            ],
            "name": "Material #160",
            "pbrMetallicRoughness": {
                "baseColorFactor": [
                    1,
                    1,
                    1,
                    1
                ],
                "baseColorTexture": {
                    "index": 4,
                    "texCoord": 0
                },
                "metallicFactor": 0,
                "roughnessFactor": 0.9230769230769231
            }
        },
        {
            "emissiveFactor": [
                0,
                0,
                0
            ],
            "name": "Material #184",
            "pbrMetallicRoughness": {
                "baseColorFactor": [
                    1,
                    1,
                    1,
                    1
                ],
                "baseColorTexture": {
                    "index": 5,
                    "texCoord": 0
                },
                "metallicFactor": 0,
                "roughnessFactor": 0.9230769230769231
            }
        }
    ],
    "meshes": [
        {
            "name": "faceless_void_model_LOD0",
            "primitives": [
                {
                    "attributes": {
                        "JOINTS_0": 3,
                        "NORMAL": 1,
                        "POSITION": 0,
                        "TEXCOORD_0": 2,
                        "WEIGHTS_0": 4
                    },
                    "indices": 5,
                    "material": 0
                }
            ]
        },
        {
            "name": "faceless_void_bracer_model",
            "primitives": [
                {
                    "attributes": {
                        "JOINTS_0": 10,
                        "NORMAL": 8,
                        "POSITION": 7,
                        "TEXCOORD_0": 9,
                        "WEIGHTS_0": 11
                    },
                    "indices": 12,
                    "material": 1
                }
            ]
        },
        {
            "name": "faceless_void_head_model_LOD0",
            "primitives": [
                {
                    "attributes": {
                        "JOINTS_0": 17,
                        "NORMAL": 15,
                        "POSITION": 14,
                        "TEXCOORD_0": 16,
                        "WEIGHTS_0": 18
                    },
                    "indices": 19,
                    "material": 2
                }
            ]
        },
        {
            "name": "faceless_void_shoulder_model",
            "primitives": [
                {
                    "attributes": {
                        "JOINTS_0": 24,
                        "NORMAL": 22,
                        "POSITION": 21,
                        "TEXCOORD_0": 23,
                        "WEIGHTS_0": 25
                    },
                    "indices": 26,
                    "material": 3
                }
            ]
        },
        {
            "name": "faceless_void_weapon_LOD0",
            "primitives": [
                {
                    "attributes": {
                        "JOINTS_0": 31,
                        "NORMAL": 29,
                        "POSITION": 28,
                        "TEXCOORD_0": 30,
                        "WEIGHTS_0": 32
                    },
                    "indices": 33,
                    "material": 4
                }
            ]
        },
        {
            "name": "faceless_void_belt_model",
            "primitives": [
                {
                    "attributes": {
                        "JOINTS_0": 38,
                        "NORMAL": 36,
                        "POSITION": 35,
                        "TEXCOORD_0": 37,
                        "WEIGHTS_0": 39
                    },
                    "indices": 40,
                    "material": 5
                }
            ]
        }
    ],
    "nodes": [
        {
            "children": [
                1,
                5,
                38,
                42
            ],
            "matrix": [
                1.6292068478213574e-7,
                1.469367938527879e-39,
                1.0000000000000002,
                0,
                1.0000000000000002,
                6.123233995736847e-17,
                -1.6292068478213574e-7,
                0,
                -6.123233995736685e-17,
                1,
                9.976014756666736e-24,
                0,
                0,
                92.24332427978516,
                -0.848270833492279,
                1
            ],
            "name": "Root_0"
        },
        {
            "children": [
                2
            ],
            "matrix": [
                -0.43518373370170615,
                0.3164777159690857,
                0.8428860902786255,
                0,
                -0.6816867682209449,
                0.4957417807051908,
                -0.5380919494442484,
                0,
                -0.5881480681710486,
                -0.8087533038452602,
                -8.76663209257962e-8,
                0,
                1.291503071784973,
                -12.456357955932617,
                -5.169158935546875,
                1
            ],
            "name": "quadThigh_R"
        },
        {
            "children": [
                3
            ],
            "matrix": [
                -0.029510915279388483,
                -0.8407884836196897,
                -0.5405595898628234,
                0,
                -0.35696980104287623,
                -0.4962680827071807,
                0.7913854500160795,
                0,
                -0.9336498294458808,
                0.21631786222867638,
                -0.28549064569342214,
                0,
                -46.11924362182616,
                0.000007629394524144573,
                -0.0000019073486328125,
                1
            ],
            "name": "quadKnee_R"
        },
        {
            "children": [
                4
            ],
            "matrix": [
                0.15376251935958846,
                3.390014171600342e-7,
                -0.9881079196929932,
                0,
                0.0000010630263852090538,
                1.0000001192093204,
                5.085022219686319e-7,
                0,
                0.9881079151651033,
                -0.000001128573233102892,
                0.15376251865460228,
                0,
                -32.43547821044921,
                -0.0000019073486328125,
                -0.000022888183600855427,
                1
            ],
            "name": "quadAnkle_R"
        },
        {
            "matrix": [
                0.23000706732273113,
                -0.3701616227626801,
                -0.9000425934791565,
                0,
                0.16554795217296386,
                0.9262412815753396,
                -0.33863039270061296,
                0,
                0.9590046999032673,
                -0.07111283350930318,
                0.27432157346033437,
                0,
                -27.506843566894528,
                0.0000057220458984375,
                0.000014185905455765813,
                1
            ],
            "name": "quadToe_R"
        },
        {
            "children": [
                6
            ],
            "matrix": [
                -0.054014295339581936,
                2.5756023098687332e-8,
                0.9985401630401611,
                0,
                -4.754449490101761e-7,
                1,
                -5.151204618112759e-8,
                0,
                -0.9985401630401618,
                -4.775332637772158e-7,
                -0.054014295339569654,
                0,
                1.9228930473327637,
                7.959171739457814e-7,
                11.041473388671875,
                1
            ],
            "name": "Spine_0"
        },
        {
            "children": [
                7
            ],
            "matrix": [
                0.9892948865890503,
                1.2273528682271714e-7,
                0.14593040943145752,
                0,
                -5.447836204918555e-8,
                0.9999999999999998,
                -4.71732533924292e-7,
                0,
                -0.14593040943151311,
                4.587325339699984e-7,
                0.9892948865890422,
                0,
                13.090103149414062,
                7.933040251373313e-7,
                -0.00000476837158203125,
                1
            ],
            "name": "Spine_1"
        },
        {
            "children": [
                8,
                21,
                35
            ],
            "matrix": [
                0.9853167533874511,
                7.105427345193293e-15,
                -0.1707363873720169,
                0,
                -1.1828438456677462e-14,
                0.9999999999999997,
                -2.6645352591003757e-14,
                0,
                0.17073638737201702,
                2.827365715035836e-14,
                0.9853167533874512,
                0,
                11.493576049804673,
                0.000001072883605957032,
                -0.0000019073486328125,
                1
            ],
            "name": "Spine_3"
        },
        {
            "children": [
                9
            ],
            "matrix": [
                -0.15789097547531145,
                0.943179249763489,
                -0.29237508773803733,
                0,
                -0.04827337685816975,
                0.2883623820652184,
                0.9563035889994324,
                0,
                0.9862758014103495,
                0.16510565990843581,
                6.295740554440599e-7,
                0,
                8.119674682617188,
                5.552225112915039,
                3.794830083847046,
                1
            ],
            "name": "clavicle_L"
        },
        {
            "children": [
                10
            ],
            "matrix": [
                0.6678344011306763,
                0.05715336650609967,
                -0.7421123981475829,
                0,
                -0.7354265444436017,
                0.2042531122193908,
                -0.646087296342484,
                0,
                0.11465269001408368,
                0.9772483693944971,
                0.17843933766315265,
                0,
                17.102863311767567,
                0.00000715255737038234,
                -0.00001525878903407829,
                1
            ],
            "name": "bicep_L"
        },
        {
            "children": [
                11
            ],
            "matrix": [
                0.7966115474700929,
                -4.172325134277344e-7,
                -0.6044918298721313,
                0,
                4.1633831093790263e-7,
                0.9999997615814096,
                -1.415610660915334e-7,
                0,
                0.6044917517009969,
                -1.3890394284787888e-7,
                0.7966114444546883,
                0,
                30.333885192871094,
                -0.00002288818359375,
                0.000003814697265625,
                1
            ],
            "name": "elbow_L"
        },
        {
            "children": [
                12,
                15,
                18
            ],
            "matrix": [
                0.8079427480697632,
                -0.5808656811714172,
                -0.09911464154720317,
                0,
                0.587488551562043,
                0.8070729231306761,
                0.05908462632602894,
                0,
                0.04567249665263101,
                -0.10596567751063302,
                0.9933203245037274,
                0,
                36.059177398681626,
                0,
                -0.000003814697269177714,
                1
            ],
            "name": "wrist_L"
        },
        {
            "children": [
                13
            ],
            "matrix": [
                0.7840954065322875,
                0.6190648078918457,
                -0.0441866517066955,
                0,
                0.17608019993468566,
                -0.15361934267948663,
                0.9723150640811242,
                0,
                0.5951384511076953,
                -0.7701686062110032,
                -0.22945740608186083,
                0,
                14.725986480712894,
                8.161720275878906,
                -5.275232315063477,
                1
            ],
            "name": "index_0_L"
        },
        {
            "children": [
                14
            ],
            "matrix": [
                0.9096677303314211,
                -5.9604644719879474e-8,
                -0.41533708572387695,
                0,
                -1.453877171431195e-7,
                1.0000000000000215,
                -4.6193601785371463e-7,
                0,
                0.4153369956449036,
                4.805930954865367e-7,
                0.9096675330411558,
                0,
                9.751850128173842,
                0.0000152587890625,
                -0.000022888183607960855,
                1
            ],
            "name": "index_1_L"
        },
        {
            "matrix": [
                0.9999998807907106,
                -4.470348358154297e-7,
                -1.7881393421514957e-7,
                0,
                4.4703490506559085e-7,
                1.0000000000000284,
                8.940696716308594e-8,
                0,
                1.7881388370000195e-7,
                -8.940703116744331e-8,
                0.999999821186064,
                0,
                7.8046722412109375,
                -0.000020980834957384786,
                0.000038146972642039145,
                1
            ],
            "name": "index_2_L"
        },
        {
            "children": [
                16
            ],
            "matrix": [
                0.7654595375061033,
                0.6269477009773258,
                0.14494153857231146,
                0,
