{
    "accessors": {
        "attrbute_1": {
            "bufferView": "bufferView_43",
            "byteOffset": 0,
            "byteStride": 12,
            "count": 1740,
            "max": [
                48.3656120300293,
                27.032855987548828,
                173.3665771484375,
                0
            ],
            "min": [
                -48.365604400634766,
                -30.57370948791504,
                28.8730525970459,
                0
            ],
            "type": 35665
        },
        "attrbute_10": {
            "bufferView": "bufferView_43",
            "byteOffset": 116176,
            "byteStride": 16,
            "count": 368,
            "max": [
                7,
                7,
                7,
                -1
            ],
            "min": [
                0,
                -1,
                -1,
                -1
            ],
            "type": 35666
        },
        "attrbute_11": {
            "bufferView": "bufferView_43",
            "byteOffset": 122064,
            "byteStride": 12,
            "count": 368,
            "max": [
                1,
                0.9998968839645386,
                0.9937471747398376
            ],
            "min": [
                0.00010307034244760871,
                0,
                0
            ],
            "type": 35665
        },
        "attrbute_13": {
            "bufferView": "bufferView_43",
            "byteOffset": 126480,
            "byteStride": 12,
            "count": 447,
            "max": [
                13.412596702575684,
                18.293283462524414,
                176.82020568847656,
                0
            ],
            "min": [
                -12.16450309753418,
                -3.9213130474090576,
                155.7805938720703,
                0
            ],
            "type": 35665
        },
        "attrbute_14": {
            "bufferView": "bufferView_43",
            "byteOffset": 131844,
            "byteStride": 12,
            "count": 447,
            "max": [
                0.9905986189842224,
                0.9922998547554016,
                0.9941442012786865,
                0
            ],
            "min": [
                -0.9982622265815735,
                -0.9730345606803894,
                -0.8250563144683838,
                0
            ],
            "type": 35665
        },
        "attrbute_15": {
            "bufferView": "bufferView_43",
            "byteOffset": 137208,
            "byteStride": 8,
            "count": 447,
            "max": [
                0.9973340034484863,
                0.7204729914665222
            ],
            "min": [
                0.00897900015115738,
                0.0072460174560546875
            ],
            "type": 35664
        },
        "attrbute_16": {
            "bufferView": "bufferView_43",
            "byteOffset": 140784,
            "byteStride": 16,
            "count": 447,
            "max": [
                0,
                -1,
                -1,
                -1
            ],
            "min": [
                0,
                -1,
                -1,
                -1
            ],
            "type": 35666
        },
        "attrbute_17": {
            "bufferView": "bufferView_43",
            "byteOffset": 147936,
            "byteStride": 12,
            "count": 447,
            "max": [
                1,
                0,
                0
            ],
            "min": [
                1,
                0,
                0
            ],
            "type": 35665
        },
        "attrbute_19": {
            "bufferView": "bufferView_43",
            "byteOffset": 153300,
            "byteStride": 12,
            "count": 616,
            "max": [
                50.36173629760742,
                9.028101921081543,
                110.7182846069336,
                0
            ],
            "min": [
                -50.361724853515625,
                -22.730140686035156,
                69.36537170410156,
                0
            ],
            "type": 35665
        },
        "attrbute_2": {
            "bufferView": "bufferView_43",
            "byteOffset": 20880,
            "byteStride": 12,
            "count": 1740,
            "max": [
                0.9995800852775574,
                0.9998593330383301,
                0.9977551102638245,
                0
            ],
            "min": [
                -0.9986328482627869,
                -0.9997402429580688,
                -0.9989651441574097,
                0
            ],
            "type": 35665
        },
        "attrbute_20": {
            "bufferView": "bufferView_43",
            "byteOffset": 160692,
            "byteStride": 12,
            "count": 616,
            "max": [
                0.9985085725784302,
                0.994012713432312,
                0.9972459673881531,
                0
            ],
            "min": [
                -0.9986167550086975,
                -0.9940680861473083,
                -0.9984058141708374,
                0
            ],
            "type": 35665
        },
        "attrbute_21": {
            "bufferView": "bufferView_43",
            "byteOffset": 168084,
            "byteStride": 8,
            "count": 616,
            "max": [
                1.5002720355987549,
                0.9860380291938782
            ],
            "min": [
                0.004401999991387129,
                0.01762700080871582
            ],
            "type": 35664
        },
        "attrbute_22": {
            "bufferView": "bufferView_43",
            "byteOffset": 173012,
            "byteStride": 16,
            "count": 616,
            "max": [
                21,
                21,
                21,
                -1
            ],
            "min": [
                0,
                -1,
                -1,
                -1
            ],
            "type": 35666
        },
        "attrbute_23": {
            "bufferView": "bufferView_43",
            "byteOffset": 182868,
            "byteStride": 12,
            "count": 616,
            "max": [
                1,
                0.9991195797920227,
                0.9904783368110657
            ],
            "min": [
                0.0003386051394045353,
                0,
                0
            ],
            "type": 35665
        },
        "attrbute_25": {
            "bufferView": "bufferView_43",
            "byteOffset": 190260,
            "byteStride": 12,
            "count": 329,
            "max": [
                37.97911071777344,
                19.547168731689453,
                159.91635131835938,
                0
            ],
            "min": [
                -37.84735870361328,
                -30.819637298583984,
                118.90082550048828,
                0
            ],
            "type": 35665
        },
        "attrbute_26": {
            "bufferView": "bufferView_43",
            "byteOffset": 194208,
            "byteStride": 12,
            "count": 329,
            "max": [
                0.975796639919281,
                0.9569557309150696,
                0.9670254588127136,
                0
            ],
            "min": [
                -0.9653471112251282,
                -0.9844478368759155,
                -0.9839146137237549,
                0
            ],
            "type": 35665
        },
        "attrbute_27": {
            "bufferView": "bufferView_43",
            "byteOffset": 198156,
            "byteStride": 8,
            "count": 329,
            "max": [
                0.9931859970092773,
                0.9929479956626892
            ],
            "min": [
                0.010998999699950218,
                0.015344023704528809
            ],
            "type": 35664
        },
        "attrbute_28": {
            "bufferView": "bufferView_43",
            "byteOffset": 200788,
            "byteStride": 16,
            "count": 329,
            "max": [
                4,
                6,
                7,
                -1
            ],
            "min": [
                0,
                -1,
                -1,
                -1
            ],
            "type": 35666
        },
        "attrbute_29": {
            "bufferView": "bufferView_43",
            "byteOffset": 206052,
            "byteStride": 12,
            "count": 329,
            "max": [
                1,
                0.9983780384063721,
                0.9985688328742981
            ],
            "min": [
                0.0002504140720702708,
                0,
                0
            ],
            "type": 35665
        },
        "attrbute_3": {
            "bufferView": "bufferView_43",
            "byteOffset": 41760,
            "byteStride": 8,
            "count": 1740,
            "max": [
                1.9933680295944214,
                0.9938470125198364
            ],
            "min": [
                0.0026740001048892736,
                0.006142020225524902
            ],
            "type": 35664
        },
        "attrbute_31": {
            "bufferView": "bufferView_43",
            "byteOffset": 210000,
            "byteStride": 12,
            "count": 405,
            "max": [
                41.4379997253418,
                17.80809783935547,
                150.44091796875,
                0
            ],
            "min": [
                -26.412189483642578,
                -29.817096710205078,
                59.911502838134766,
                0
            ],
            "type": 35665
        },
        "attrbute_32": {
            "bufferView": "bufferView_43",
            "byteOffset": 214860,
            "byteStride": 12,
            "count": 405,
            "max": [
                0.9933089017868042,
                0.9603967666625977,
                0.9653856754302979,
                0
            ],
            "min": [
                -0.9667169451713562,
                -0.989413321018219,
                -0.9610427021980286,
                0
            ],
            "type": 35665
        },
        "attrbute_33": {
            "bufferView": "bufferView_43",
            "byteOffset": 219720,
            "byteStride": 8,
            "count": 405,
            "max": [
                1.9893020391464233,
                0.8703619837760925
            ],
            "min": [
                0.009387999773025513,
                0.0156480073928833
            ],
            "type": 35664
        },
        "attrbute_34": {
            "bufferView": "bufferView_43",
            "byteOffset": 222960,
            "byteStride": 16,
            "count": 405,
            "max": [
                5,
                6,
                7,
                -1
            ],
            "min": [
                0,
                -1,
                -1,
                -1
            ],
            "type": 35666
        },
        "attrbute_35": {
            "bufferView": "bufferView_43",
            "byteOffset": 229440,
            "byteStride": 12,
            "count": 405,
            "max": [
                1,
                0.9998819828033447,
                0.9991423487663269
            ],
            "min": [
                0.00011801700020441785,
                0,
                0
            ],
            "type": 35665
        },
        "attrbute_37": {
            "bufferView": "bufferView_43",
            "byteOffset": 234300,
            "byteStride": 12,
            "count": 446,
            "max": [
                -24.401050567626953,
                7.13115930557251,
                113.64579010009766,
                0
            ],
            "min": [
                -51.59595489501953,
                -133.1204376220703,
                62.09471130371094,
                0
            ],
            "type": 35665
        },
        "attrbute_38": {
            "bufferView": "bufferView_43",
            "byteOffset": 239652,
            "byteStride": 12,
            "count": 446,
            "max": [
                0.9976341128349304,
                0.9862074851989746,
                0.9954371452331543,
                0
            ],
            "min": [
                -0.9991047978401184,
                -0.974532425403595,
                -0.9990983605384827,
                0
            ],
            "type": 35665
        },
        "attrbute_39": {
            "bufferView": "bufferView_43",
            "byteOffset": 245004,
            "byteStride": 8,
            "count": 446,
            "max": [
                1.9875439405441284,
                0.9918209910392761
            ],
            "min": [
                0.009367000311613083,
                0.010869026184082031
            ],
            "type": 35664
        },
        "attrbute_4": {
            "bufferView": "bufferView_43",
            "byteOffset": 55680,
            "byteStride": 16,
            "count": 1740,
            "max": [
                28,
                30,
                30,
                -1
            ],
            "min": [
                0,
                -1,
                -1,
                -1
            ],
            "type": 35666
        },
        "attrbute_40": {
            "bufferView": "bufferView_43",
            "byteOffset": 248572,
            "byteStride": 16,
            "count": 446,
            "max": [
                0,
                -1,
                -1,
                -1
            ],
            "min": [
                0,
                -1,
                -1,
                -1
            ],
            "type": 35666
        },
        "attrbute_41": {
            "bufferView": "bufferView_43",
            "byteOffset": 255708,
            "byteStride": 12,
            "count": 446,
            "max": [
                1,
                0,
                0
            ],
            "min": [
                1,
                0,
                0
            ],
            "type": 35665
        },
        "attrbute_5": {
            "bufferView": "bufferView_43",
            "byteOffset": 83520,
            "byteStride": 12,
            "count": 1740,
            "max": [
                1,
                0.9998409152030945,
                0.9984966516494751
            ],
            "min": [
                0.00011174903193023056,
                0,
                0
            ],
            "type": 35665
        },
        "attrbute_7": {
            "bufferView": "bufferView_43",
            "byteOffset": 104400,
            "byteStride": 12,
            "count": 368,
            "max": [
                29.905994415283203,
                17.150423049926758,
                39.10113525390625,
                0
            ],
            "min": [
                -29.905986785888672,
                -25.504348754882812,
                -0.2907826900482178,
                0
            ],
            "type": 35665
        },
        "attrbute_8": {
            "bufferView": "bufferView_43",
            "byteOffset": 108816,
            "byteStride": 12,
            "count": 368,
            "max": [
                0.9917364120483398,
                0.9698983430862427,
                0.9975863099098206,
                0
            ],
            "min": [
                -0.9919332265853882,
                -0.9989652633666992,
                -0.9984490275382996,
                0
            ],
            "type": 35665
        },
        "attrbute_9": {
            "bufferView": "bufferView_43",
            "byteOffset": 113232,
            "byteStride": 8,
            "count": 368,
            "max": [
                0.9940339922904968,
                0.9764479994773865
            ],
            "min": [
                0.005280000157654285,
                0.030292987823486328
            ],
            "type": 35664
        },
        "indices_12": {
            "bufferView": "bufferView_45",
            "byteOffset": 15228,
            "count": 1764,
            "type": 5123
        },
        "indices_18": {
            "bufferView": "bufferView_45",
            "byteOffset": 18756,
            "count": 2085,
            "type": 5123
        },
        "indices_24": {
            "bufferView": "bufferView_45",
            "byteOffset": 22926,
            "count": 2700,
            "type": 5123
        },
        "indices_30": {
            "bufferView": "bufferView_45",
            "byteOffset": 28326,
            "count": 1068,
            "type": 5123
        },
        "indices_36": {
            "bufferView": "bufferView_45",
            "byteOffset": 30462,
            "count": 1401,
            "type": 5123
        },
        "indices_42": {
            "bufferView": "bufferView_45",
            "byteOffset": 33264,
            "count": 1788,
            "type": 5123
        },
        "indices_6": {
            "bufferView": "bufferView_45",
            "byteOffset": 0,
            "count": 7614,
            "type": 5123
        }
    },
    "animations": {},
    "asset": {},
    "bufferViews": {
        "bufferView_43": {
            "buffer": "kunkka.bin",
            "byteLength": 261060,
            "byteOffset": 0,
            "target": 34962
        },
        "bufferView_44": {
            "buffer": "kunkka.bin",
            "byteLength": 6720,
            "byteOffset": 261060
        },
        "bufferView_45": {
            "buffer": "kunkka.bin",
            "byteLength": 36840,
            "byteOffset": 267780,
            "target": 34963
        }
    },
    "buffers": {
        "kunkka.bin": {
            "byteLength": 304620,
            "path": "kunkka.bin"
        }
    },
    "cameras": {},
    "images": {
        "image_0": {
            "path": "textures/kunkka2_body_color.png"
        },
        "image_1": {
            "path": "textures/kunkka2_boots_color.png"
        },
        "image_2": {
            "path": "textures/kunkka2_hair_color.png"
        },
        "image_3": {
            "path": "textures/kunkka2_hands_color.png"
        },
        "image_4": {
            "path": "textures/kunkka2_shoulders_color.png"
        },
        "image_5": {
            "path": "textures/kunkka2_belt_color.png"
        },
        "image_6": {
            "path": "textures/kunkka2_tidebringer_color.png"
        }
    },
    "lights": {},
    "materials": {
        "Material #101": {
            "instanceTechnique": {
                "technique": "technique_0",
                "values": {
                    "ambient": [
                        0.5879999995231628,
                        0.5879999995231628,
                        0.5879999995231628
                    ],
                    "diffuse": "Map #13",
                    "emission": [
                        0,
                        0,
                        0
                    ],
                    "shininess": 2,
                    "specular": [
                        0.8999999761581421,
                        0.8999999761581421,
                        0.8999999761581421
                    ],
                    "transparency": 1
                }
            },
            "name": "Material #101"
        },
        "Material #35": {
            "instanceTechnique": {
                "technique": "technique_0",
                "values": {
                    "ambient": [
                        0.5879999995231628,
                        0.5879999995231628,
                        0.5879999995231628
                    ],
                    "diffuse": "Map #8",
                    "emission": [
                        0,
                        0,
                        0
                    ],
                    "shininess": 2,
                    "specular": [
                        0.8999999761581421,
                        0.8999999761581421,
                        0.8999999761581421
                    ],
                    "transparency": 1
                }
            },
            "name": "Material #35"
        },
        "Material #46": {
            "instanceTechnique": {
                "technique": "technique_0",
                "values": {
                    "ambient": [
                        0.5879999995231628,
                        0.5879999995231628,
                        0.5879999995231628
                    ],
                    "diffuse": "Map #14",
                    "emission": [
                        0,
                        0,
                        0
                    ],
                    "shininess": 2,
                    "specular": [
                        0.8999999761581421,
                        0.8999999761581421,
                        0.8999999761581421
                    ],
                    "transparency": 1
                }
            },
            "name": "Material #46"
        },
        "Material #57": {
            "instanceTechnique": {
                "technique": "technique_0",
                "values": {
                    "ambient": [
                        0.5879999995231628,
                        0.5879999995231628,
                        0.5879999995231628
                    ],
                    "diffuse": "Map #9",
                    "emission": [
                        0,
                        0,
                        0
                    ],
                    "shininess": 2,
                    "specular": [
                        0.8999999761581421,
                        0.8999999761581421,
                        0.8999999761581421
                    ],
                    "transparency": 1
                }
            },
            "name": "Material #57"
        },
        "Material #68": {
            "instanceTechnique": {
                "technique": "technique_0",
                "values": {
                    "ambient": [
                        0.5879999995231628,
                        0.5879999995231628,
                        0.5879999995231628
                    ],
                    "diffuse": "Map #10",
                    "emission": [
                        0,
                        0,
                        0
                    ],
                    "shininess": 2,
                    "specular": [
                        0.8999999761581421,
                        0.8999999761581421,
                        0.8999999761581421
                    ],
                    "transparency": 1
                }
            },
            "name": "Material #68"
        },
        "Material #79": {
            "instanceTechnique": {
                "technique": "technique_0",
                "values": {
                    "ambient": [
                        0.5879999995231628,
                        0.5879999995231628,
                        0.5879999995231628
                    ],
                    "diffuse": "Map #11",
                    "emission": [
                        0,
                        0,
                        0
                    ],
                    "shininess": 2,
                    "specular": [
                        0.8999999761581421,
                        0.8999999761581421,
                        0.8999999761581421
                    ],
                    "transparency": 1
                }
            },
            "name": "Material #79"
        },
        "Material #90": {
            "instanceTechnique": {
                "technique": "technique_0",
                "values": {
                    "ambient": [
                        0.5879999995231628,
                        0.5879999995231628,
                        0.5879999995231628
                    ],
                    "diffuse": "Map #12",
                    "emission": [
                        0,
                        0,
                        0
                    ],
                    "shininess": 2,
                    "specular": [
                        0.8999999761581421,
                        0.8999999761581421,
                        0.8999999761581421
                    ],
                    "transparency": 1
                }
            },
            "name": "Material #90"
        }
    },
    "meshes": {
        "kunkka_body_model_LOD0-mesh": {
            "name": "kunkka_body_model_LOD0-mesh",
            "primitives": [
                {
                    "attributes": {
                        "JOINT": "attrbute_4",
                        "NORMAL": "attrbute_2",
                        "POSITION": "attrbute_1",
                        "TEXCOORD_0": "attrbute_3",
                        "WEIGHT": "attrbute_5"
                    },
                    "indices": "indices_6",
                    "material": "Material #35"
                }
            ]
        },
        "kunkka_feet_model_LOD0-mesh": {
            "name": "kunkka_feet_model_LOD0-mesh",
            "primitives": [
                {
                    "attributes": {
                        "JOINT": "attrbute_10",
                        "NORMAL": "attrbute_8",
                        "POSITION": "attrbute_7",
                        "TEXCOORD_0": "attrbute_9",
                        "WEIGHT": "attrbute_11"
                    },
                    "indices": "indices_12",
                    "material": "Material #46"
                }
            ]
        },
        "kunkka_hair_model_LOD0-mesh": {
            "name": "kunkka_hair_model_LOD0-mesh",
            "primitives": [
                {
                    "attributes": {
                        "JOINT": "attrbute_16",
                        "NORMAL": "attrbute_14",
                        "POSITION": "attrbute_13",
                        "TEXCOORD_0": "attrbute_15",
                        "WEIGHT": "attrbute_17"
                    },
                    "indices": "indices_18",
                    "material": "Material #57"
                }
            ]
        },
        "kunkka_hands_model_LOD0-mesh": {
            "name": "kunkka_hands_model_LOD0-mesh",
            "primitives": [
                {
                    "attributes": {
                        "JOINT": "attrbute_22",
                        "NORMAL": "attrbute_20",
                        "POSITION": "attrbute_19",
                        "TEXCOORD_0": "attrbute_21",
                        "WEIGHT": "attrbute_23"
                    },
                    "indices": "indices_24",
                    "material": "Material #68"
                }
            ]
        },
        "kunkka_shoulders_model_LOD0-mesh": {
            "name": "kunkka_shoulders_model_LOD0-mesh",
            "primitives": [
                {
                    "attributes": {
                        "JOINT": "attrbute_28",
                        "NORMAL": "attrbute_26",
                        "POSITION": "attrbute_25",
                        "TEXCOORD_0": "attrbute_27",
                        "WEIGHT": "attrbute_29"
                    },
                    "indices": "indices_30",
                    "material": "Material #79"
                }
            ]
        },
        "kunkka_spyglass_model_LOD0-mesh": {
            "name": "kunkka_spyglass_model_LOD0-mesh",
            "primitives": [
                {
                    "attributes": {
                        "JOINT": "attrbute_34",
                        "NORMAL": "attrbute_32",
                        "POSITION": "attrbute_31",
                        "TEXCOORD_0": "attrbute_33",
                        "WEIGHT": "attrbute_35"
                    },
                    "indices": "indices_36",
                    "material": "Material #90"
                }
            ]
        },
        "kunkka_sword_model_LOD0-mesh": {
            "name": "kunkka_sword_model_LOD0-mesh",
            "primitives": [
                {
                    "attributes": {
                        "JOINT": "attrbute_40",
                        "NORMAL": "attrbute_38",
                        "POSITION": "attrbute_37",
                        "TEXCOORD_0": "attrbute_39",
                        "WEIGHT": "attrbute_41"
                    },
                    "indices": "indices_42",
                    "material": "Material #101"
                }
            ]
        }
    },
    "nodes": {
        "Coat0_0_L": {
            "children": [
                "Coat0_1_L"
            ],
            "jointId": "Coat0_0_L",
            "matrix": [
                -0.2360289990901946,
                -0.14908388257026667,
                -0.960241675376892,
                0,
                -0.035585372898985716,
                0.9888245484413242,
                -0.1447746192230826,
                0,
                0.9710941957116626,
                -4.5037749752789694e-7,
                -0.23869649669405615,
                0,
                -10.797311782836912,
                -16.4179515838623,
                0,
                1
            ],
            "name": "Coat0_0_L"
        },
        "Coat0_1_L": {
            "children": [],
            "jointId": "Coat0_1_L",
            "matrix": [
                0.9973663091659544,
                0.058750264346599565,
                -0.042536124587059104,
                0,
                -0.05896749889548192,
                0.9982523318902774,
                -0.003869848336419287,
                0,
                0.042234429880799645,
                0.006367905071347095,
                0.9990875748268393,
                0,
                32.262977600097656,
                0.000003814697265625,
                3.552713678800501e-15,
                1
            ],
            "name": "Coat0_1_L"
        },
        "Coat1_0_R": {
            "children": [
                "Coat1_1_R"
            ],
            "jointId": "Coat1_0_R",
            "matrix": [
                0.23602938652038613,
                -0.14908389747142814,
                0.9602417349815371,
                0,
                -0.03558561086351587,
                -0.9888244343490274,
                -0.14477453501782797,
                0,
                0.9710940683553746,
                2.559680785861244e-7,
                -0.23869687256531616,
                0,
                -10.797317504882812,
                16.417947769165036,
                0,
                1
            ],
            "name": "Coat1_0_R"
        },
        "Coat1_1_R": {
            "children": [],
            "jointId": "Coat1_1_R",
            "matrix": [
                0.9973661899566654,
                -0.058750286698341384,
                0.042536333203315846,
                0,
                0.05896753470012263,
                0.9982524467840709,
                -0.00386982037983976,
                0,
                -0.042234657031285344,
                0.0063678924296533546,
                0.9990878684863491,
                0,
                -32.26296615600587,
                0.00000762939453125,
                0.000003814697265625,
                1
            ],
            "name": "Coat1_1_R"
        },
        "Coat_front2_0_A_L": {
            "children": [
                "Coat_front2_1_A_L"
            ],
            "jointId": "Coat_front2_0_A_L",
            "matrix": [
                0.1178552508354189,
                -0.16860675811767603,
                -0.9786123037338257,
                0,
                0.020159349139780916,
                0.9856835568893725,
                -0.16739726578384223,
                0,
                0.9928259832327506,
                4.596444850107999e-7,
                0.11956693916907503,
                0,
                17.804584503173825,
                -16.93486404418945,
                -0.7015380859375,
                1
            ],
            "name": "Coat_front2_0_A_L"
        },
        "Coat_front2_1_A_L": {
            "children": [],
            "jointId": "Coat_front2_1_A_L",
            "matrix": [
                0.9982771873474121,
                -0.017159655690193176,
                -0.05610730871558189,
                0,
                0.0165915447115757,
                0.9998060468039963,
                -0.010575572867289646,
                0,
                0.05627792552075341,
                0.009626450629834922,
                0.9983687313221952,
                0,
                36.00419616699219,
                0.000003814697265625,
                -0.000017166137698865214,
                1
            ],
            "name": "Coat_front2_1_A_L"
        },
        "Coat_front3_0_A_R": {
            "children": [
                "Coat_front3_1_A_R"
            ],
            "jointId": "Coat_front3_0_A_R",
            "matrix": [
                -0.11785484850406656,
                -0.16860684752464308,
                0.9786120653152465,
                0,
                0.020161475580224568,
                -0.9856831486872517,
                -0.1673970784893444,
                0,
                0.9928258673167147,
                0.0000017059322423141147,
                0.11956691927530477,
                0,
                17.80458068847656,
                16.934871673583984,
                -0.7015380859375,
                1
            ],
            "name": "Coat_front3_0_A_R"
        },
        "Coat_front3_1_A_R": {
            "children": [],
            "jointId": "Coat_front3_1_A_R",
            "matrix": [
                0.9982774257659912,
                0.017159715294837924,
                0.056107122451067006,
                0,
                -0.016591589725356348,
                0.9998068800263651,
                -0.010576053533951224,
                0,
                -0.05627775185064467,
                0.009626926187403547,
                0.9983690391834261,
                0,
                -36.00421524047851,
                0.00000762939453125,
                3.552713678800501e-15,
                1
            ],
            "name": "Coat_front3_1_A_R"
        },
        "ankle_L": {
            "children": [
                "toeBase_L"
            ],
            "jointId": "ankle_L",
            "matrix": [
                0.3516655862331392,
                -0.5479597449302677,
                0.758993923664093,
                0,
                0.0008567154667803509,
                0.8109699805204313,
                0.5850871956673978,
                0,
                -0.9361253223570071,
                -0.20510474696540806,
                0.2856596195085832,
                0,
                38.28531265258788,
                -0.0000038146972620722863,
                -0.0000038146972620722863,
                1
            ],
            "name": "ankle_L"
        },
        "ankle_R": {
            "children": [
                "toeBase_R"
            ],
            "jointId": "ankle_R",
            "matrix": [
                0.35166573524475114,
                -0.5479592084884644,
                0.7589938044548032,
                0,
                0.0008566251524248728,
                0.8109701762224163,
                0.5850868973502575,
                0,
                -0.9361252175690943,
                -0.20510486815367188,
                0.28565985708237995,
                0,
                -38.2853012084961,
                -0.000007629394527697286,
                -0.000003814697263848643,
                1
            ],
            "name": "ankle_R"
        },
        "bicep_L": {
            "children": [
                "elbow_L"
            ],
            "jointId": "bicep_L",
            "matrix": [
                0.7324104309082031,
                0.029125437140464755,
                -0.6802397370338438,
                0,
                -0.6264838449625514,
                0.42007839275551706,
                -0.6565454966967943,
                0,
                0.2666319264986423,
                0.9070202675325365,
                0.3259165172187981,
                0,
                18.953678131103512,
                4.768371577590358e-7,
                -0.0000457763671875,
                1
            ],
            "name": "bicep_L"
        },
        "bicep_R": {
            "children": [
                "elbow_R"
            ],
            "jointId": "bicep_R",
            "matrix": [
                0.7324106693267822,
                0.02912555262446408,
                -0.6802402734756468,
                0,
                -0.6264840960466564,
                0.42007847069736765,
                -0.6565453942053375,
                0,
                0.2666320183290626,
                0.9070204690844546,
                0.3259166151385802,
                0,
                -18.953689575195316,
                -0.000001430511474609375,
                0,
                1
            ],
            "name": "bicep_R"
        },
        "clavicle_L": {
            "children": [
                "bicep_L"
            ],
            "jointId": "clavicle_L",
            "matrix": [
                -0.34758248925209057,
                0.9337359070777894,
                -0.08557843416929248,
                0,
                -0.029854498814606206,
                0.08020211515980927,
                0.996331571023896,
                0,
                0.9371738825422555,
                0.34886221499049513,
                -6.332993498572859e-7,
                0,
                10.897674560546875,
                6.557334899902344,
                -0.05502510070800959,
                1
            ],
            "name": "clavicle_L"
        },
        "clavicle_R": {
            "children": [
                "bicep_R"
            ],
            "jointId": "clavicle_R",
            "matrix": [
                0.3475824296474456,
                0.9337360858917236,
                0.0855780616402626,
                0,
                0.029855095979533505,
                0.08020145488755513,
                -0.9963312761846477,
                0,
                -0.9371739426623836,
                0.3488621838033773,
                -1.6391277345151334e-7,
                0,
                10.897674560546875,
                -6.55733299255371,
                -0.05502176284790128,
                1
            ],
            "name": "clavicle_R"
        },
        "coat_rear0_0": {
            "children": [
                "coat_rear0_1"
            ],
            "jointId": "coat_rear0_0",
            "matrix": [
                -0.21424442529678345,
                -1.0215970294562503e-7,
                -0.9767800569534304,
                0,
                -1.10721320923126e-8,
                1.0000000000000002,
                -1.0215970285054149e-7,
                0,
                0.9767800569534308,
                -1.1072109009979272e-8,
                -0.21424442529678225,
                0,
                -15.196722984313963,
                -0.000001907348519125662,
                1.00653076171875,
                1
            ],
            "name": "coat_rear0_0"
        },
        "coat_rear0_1": {
            "children": [],
            "jointId": "coat_rear0_1",
            "matrix": [
                1,
                -7.105427344366112e-15,
                -8.940696713533036e-8,
                0,
                4.8748063277187745e-14,
                0.9999999999999998,
                4.657649981254506e-7,
                0,
                8.940696716308594e-8,
                -4.6576499812545514e-7,
                0.9999999999999999,
                0,
                29.293510437011726,
                0.0000019073486328125,
