{
    "animations": {},
    "asset": {},
    "attributes": {
        "attribute_1": {
            "bufferView": "bufferView_43",
            "byteOffset": 0,
            "byteStride": 12,
            "count": 1414,
            "max": [
                1,
                1,
                1
            ],
            "min": [
                0,
                0,
                0
            ],
            "type": "FLOAT_VEC3"
        },
        "attribute_10": {
            "bufferView": "bufferView_43",
            "byteOffset": 94696,
            "byteStride": 16,
            "count": 308,
            "max": [
                1,
                1,
                1
            ],
            "min": [
                0,
                0,
                0
            ],
            "type": "FLOAT_VEC4"
        },
        "attribute_11": {
            "bufferView": "bufferView_43",
            "byteOffset": 99624,
            "byteStride": 12,
            "count": 308,
            "max": [
                1,
                1,
                1
            ],
            "min": [
                0,
                0,
                0
            ],
            "type": "FLOAT_VEC3"
        },
        "attribute_13": {
            "bufferView": "bufferView_43",
            "byteOffset": 103320,
            "byteStride": 12,
            "count": 370,
            "max": [
                1,
                1,
                1
            ],
            "min": [
                0,
                0,
                0
            ],
            "type": "FLOAT_VEC3"
        },
        "attribute_14": {
            "bufferView": "bufferView_43",
            "byteOffset": 107760,
            "byteStride": 12,
            "count": 370,
            "max": [
                1,
                1,
                1
            ],
            "min": [
                0,
                0,
                0
            ],
            "type": "FLOAT_VEC3"
        },
        "attribute_15": {
            "bufferView": "bufferView_43",
            "byteOffset": 112200,
            "byteStride": 8,
            "count": 370,
            "max": [
                1,
                1,
                1
            ],
            "min": [
                0,
                0,
                0
            ],
            "type": "FLOAT_VEC2"
        },
        "attribute_16": {
            "bufferView": "bufferView_43",
            "byteOffset": 115160,
            "byteStride": 16,
            "count": 370,
            "max": [
                1,
                1,
                1
            ],
            "min": [
                0,
                0,
                0
            ],
            "type": "FLOAT_VEC4"
        },
        "attribute_17": {
            "bufferView": "bufferView_43",
            "byteOffset": 121080,
            "byteStride": 12,
            "count": 370,
            "max": [
                1,
                1,
                1
            ],
            "min": [
                0,
                0,
                0
            ],
            "type": "FLOAT_VEC3"
        },
        "attribute_19": {
            "bufferView": "bufferView_43",
            "byteOffset": 125520,
            "byteStride": 12,
            "count": 470,
            "max": [
                1,
                1,
                1
            ],
            "min": [
                0,
                0,
                0
            ],
            "type": "FLOAT_VEC3"
        },
        "attribute_2": {
            "bufferView": "bufferView_43",
            "byteOffset": 16968,
            "byteStride": 12,
            "count": 1414,
            "max": [
                1,
                1,
                1
            ],
            "min": [
                0,
                0,
                0
            ],
            "type": "FLOAT_VEC3"
        },
        "attribute_20": {
            "bufferView": "bufferView_43",
            "byteOffset": 131160,
            "byteStride": 12,
            "count": 470,
            "max": [
                1,
                1,
                1
            ],
            "min": [
                0,
                0,
                0
            ],
            "type": "FLOAT_VEC3"
        },
        "attribute_21": {
            "bufferView": "bufferView_43",
            "byteOffset": 136800,
            "byteStride": 8,
            "count": 470,
            "max": [
                1,
                1,
                1
            ],
            "min": [
                0,
                0,
                0
            ],
            "type": "FLOAT_VEC2"
        },
        "attribute_22": {
            "bufferView": "bufferView_43",
            "byteOffset": 140560,
            "byteStride": 16,
            "count": 470,
            "max": [
                1,
                1,
                1
            ],
            "min": [
                0,
                0,
                0
            ],
            "type": "FLOAT_VEC4"
        },
        "attribute_23": {
            "bufferView": "bufferView_43",
            "byteOffset": 148080,
            "byteStride": 12,
            "count": 470,
            "max": [
                1,
                1,
                1
            ],
            "min": [
                0,
                0,
                0
            ],
            "type": "FLOAT_VEC3"
        },
        "attribute_25": {
            "bufferView": "bufferView_43",
            "byteOffset": 153720,
            "byteStride": 12,
            "count": 180,
            "max": [
                1,
                1,
                1
            ],
            "min": [
                0,
                0,
                0
            ],
            "type": "FLOAT_VEC3"
        },
        "attribute_26": {
            "bufferView": "bufferView_43",
            "byteOffset": 155880,
            "byteStride": 12,
            "count": 180,
            "max": [
                1,
                1,
                1
            ],
            "min": [
                0,
                0,
                0
            ],
            "type": "FLOAT_VEC3"
        },
        "attribute_27": {
            "bufferView": "bufferView_43",
            "byteOffset": 158040,
            "byteStride": 8,
            "count": 180,
            "max": [
                1,
                1,
                1
            ],
            "min": [
                0,
                0,
                0
            ],
            "type": "FLOAT_VEC2"
        },
        "attribute_28": {
            "bufferView": "bufferView_43",
            "byteOffset": 159480,
            "byteStride": 16,
            "count": 180,
            "max": [
                1,
                1,
                1
            ],
            "min": [
                0,
                0,
                0
            ],
            "type": "FLOAT_VEC4"
        },
        "attribute_29": {
            "bufferView": "bufferView_43",
            "byteOffset": 162360,
            "byteStride": 12,
            "count": 180,
            "max": [
                1,
                1,
                1
            ],
            "min": [
                0,
                0,
                0
            ],
            "type": "FLOAT_VEC3"
        },
        "attribute_3": {
            "bufferView": "bufferView_43",
            "byteOffset": 33936,
            "byteStride": 8,
            "count": 1414,
            "max": [
                1,
                1,
                1
            ],
            "min": [
                0,
                0,
                0
            ],
            "type": "FLOAT_VEC2"
        },
        "attribute_31": {
            "bufferView": "bufferView_43",
            "byteOffset": 164520,
            "byteStride": 12,
            "count": 273,
            "max": [
                1,
                1,
                1
            ],
            "min": [
                0,
                0,
                0
            ],
            "type": "FLOAT_VEC3"
        },
        "attribute_32": {
            "bufferView": "bufferView_43",
            "byteOffset": 167796,
            "byteStride": 12,
            "count": 273,
            "max": [
                1,
                1,
                1
            ],
            "min": [
                0,
                0,
                0
            ],
            "type": "FLOAT_VEC3"
        },
        "attribute_33": {
            "bufferView": "bufferView_43",
            "byteOffset": 171072,
            "byteStride": 8,
            "count": 273,
            "max": [
                1,
                1,
                1
            ],
            "min": [
                0,
                0,
                0
            ],
            "type": "FLOAT_VEC2"
        },
        "attribute_34": {
            "bufferView": "bufferView_43",
            "byteOffset": 173256,
            "byteStride": 16,
            "count": 273,
            "max": [
                1,
                1,
                1
            ],
            "min": [
                0,
                0,
                0
            ],
            "type": "FLOAT_VEC4"
        },
        "attribute_35": {
            "bufferView": "bufferView_43",
            "byteOffset": 177624,
            "byteStride": 12,
            "count": 273,
            "max": [
                1,
                1,
                1
            ],
            "min": [
                0,
                0,
                0
            ],
            "type": "FLOAT_VEC3"
        },
        "attribute_37": {
            "bufferView": "bufferView_43",
            "byteOffset": 180900,
            "byteStride": 12,
            "count": 343,
            "max": [
                1,
                1,
                1
            ],
            "min": [
                0,
                0,
                0
            ],
            "type": "FLOAT_VEC3"
        },
        "attribute_38": {
            "bufferView": "bufferView_43",
            "byteOffset": 185016,
            "byteStride": 12,
            "count": 343,
            "max": [
                1,
                1,
                1
            ],
            "min": [
                0,
                0,
                0
            ],
            "type": "FLOAT_VEC3"
        },
        "attribute_39": {
            "bufferView": "bufferView_43",
            "byteOffset": 189132,
            "byteStride": 8,
            "count": 343,
            "max": [
                1,
                1,
                1
            ],
            "min": [
                0,
                0,
                0
            ],
            "type": "FLOAT_VEC2"
        },
        "attribute_4": {
            "bufferView": "bufferView_43",
            "byteOffset": 45248,
            "byteStride": 16,
            "count": 1414,
            "max": [
                1,
                1,
                1
            ],
            "min": [
                0,
                0,
                0
            ],
            "type": "FLOAT_VEC4"
        },
        "attribute_40": {
            "bufferView": "bufferView_43",
            "byteOffset": 191876,
            "byteStride": 16,
            "count": 343,
            "max": [
                1,
                1,
                1
            ],
            "min": [
                0,
                0,
                0
            ],
            "type": "FLOAT_VEC4"
        },
        "attribute_41": {
            "bufferView": "bufferView_43",
            "byteOffset": 197364,
            "byteStride": 12,
            "count": 343,
            "max": [
                1,
                1,
                1
            ],
            "min": [
                0,
                0,
                0
            ],
            "type": "FLOAT_VEC3"
        },
        "attribute_5": {
            "bufferView": "bufferView_43",
            "byteOffset": 67872,
            "byteStride": 12,
            "count": 1414,
            "max": [
                1,
                1,
                1
            ],
            "min": [
                0,
                0,
                0
            ],
            "type": "FLOAT_VEC3"
        },
        "attribute_7": {
            "bufferView": "bufferView_43",
            "byteOffset": 84840,
            "byteStride": 12,
            "count": 308,
            "max": [
                1,
                1,
                1
            ],
            "min": [
                0,
                0,
                0
            ],
            "type": "FLOAT_VEC3"
        },
        "attribute_8": {
            "bufferView": "bufferView_43",
            "byteOffset": 88536,
            "byteStride": 12,
            "count": 308,
            "max": [
                1,
                1,
                1
            ],
            "min": [
                0,
                0,
                0
            ],
            "type": "FLOAT_VEC3"
        },
        "attribute_9": {
            "bufferView": "bufferView_43",
            "byteOffset": 92232,
            "byteStride": 8,
            "count": 308,
            "max": [
                1,
                1,
                1
            ],
            "min": [
                0,
                0,
                0
            ],
            "type": "FLOAT_VEC2"
        }
    },
    "bufferViews": {
        "bufferView_43": {
            "buffer": "kunkka.bin",
            "byteLength": 201480,
            "byteOffset": 0,
            "target": "ARRAY_BUFFER"
        },
        "bufferView_44": {
            "buffer": "kunkka.bin",
            "byteLength": 36840,
            "byteOffset": 201480,
            "target": "ELEMENT_ARRAY_BUFFER"
        }
    },
    "buffers": {
        "kunkka.bin": {
            "byteLength": 238320,
            "path": "kunkka.bin"
        }
    },
    "cameras": {},
    "images": {
        "image_0": {
            "path": "textures/kunkka2_body_color.png"
        },
        "image_1": {
            "path": "textures/kunkka2_boots_color.png"
        },
        "image_2": {
            "path": "textures/kunkka2_hair_color.png"
        },
        "image_3": {
            "path": "textures/kunkka2_hands_color.png"
        },
        "image_4": {
            "path": "textures/kunkka2_shoulders_color.png"
        },
        "image_5": {
            "path": "textures/kunkka2_belt_color.png"
        },
        "image_6": {
            "path": "textures/kunkka2_tidebringer_color.png"
        }
    },
    "indices": {
        "indices_12": {
            "bufferView": "bufferView_44",
            "byteOffset": 15228,
            "count": 1764,
            "type": "UNSIGNED_SHORT"
        },
        "indices_18": {
            "bufferView": "bufferView_44",
            "byteOffset": 18756,
            "count": 2085,
            "type": "UNSIGNED_SHORT"
        },
        "indices_24": {
            "bufferView": "bufferView_44",
            "byteOffset": 22926,
            "count": 2700,
            "type": "UNSIGNED_SHORT"
        },
        "indices_30": {
            "bufferView": "bufferView_44",
            "byteOffset": 28326,
            "count": 1068,
            "type": "UNSIGNED_SHORT"
        },
        "indices_36": {
            "bufferView": "bufferView_44",
            "byteOffset": 30462,
            "count": 1401,
            "type": "UNSIGNED_SHORT"
        },
        "indices_42": {
            "bufferView": "bufferView_44",
            "byteOffset": 33264,
            "count": 1788,
            "type": "UNSIGNED_SHORT"
        },
        "indices_6": {
            "bufferView": "bufferView_44",
            "byteOffset": 0,
            "count": 7614,
            "type": "UNSIGNED_SHORT"
        }
    },
    "lights": {},
    "materials": {
        "Material #101": {
            "instanceTechnique": {
                "technique": "technique_0",
                "values": [
                    {
                        "parameter": "ambient",
                        "value": [
                            0.5879999995231628,
                            0.5879999995231628,
                            0.5879999995231628
                        ]
                    },
                    {
                        "parameter": "emission",
                        "value": [
                            0,
                            0,
                            0
                        ]
                    },
                    {
                        "parameter": "diffuse",
                        "value": "Map #13"
                    },
                    {
                        "parameter": "shininess",
                        "value": 2
                    },
                    {
                        "parameter": "specular",
                        "value": [
                            0.8999999761581421,
                            0.8999999761581421,
                            0.8999999761581421
                        ]
                    }
                ]
            },
            "name": "Material #101"
        },
        "Material #35": {
            "instanceTechnique": {
                "technique": "technique_0",
                "values": [
                    {
                        "parameter": "ambient",
                        "value": [
                            0.5879999995231628,
                            0.5879999995231628,
                            0.5879999995231628
                        ]
                    },
                    {
                        "parameter": "emission",
                        "value": [
                            0,
                            0,
                            0
                        ]
                    },
                    {
                        "parameter": "diffuse",
                        "value": "Map #8"
                    },
                    {
                        "parameter": "shininess",
                        "value": 2
                    },
                    {
                        "parameter": "specular",
                        "value": [
                            0.8999999761581421,
                            0.8999999761581421,
                            0.8999999761581421
                        ]
                    }
                ]
            },
            "name": "Material #35"
        },
        "Material #46": {
            "instanceTechnique": {
                "technique": "technique_0",
                "values": [
                    {
                        "parameter": "ambient",
                        "value": [
                            0.5879999995231628,
                            0.5879999995231628,
                            0.5879999995231628
                        ]
                    },
                    {
                        "parameter": "emission",
                        "value": [
                            0,
                            0,
                            0
                        ]
                    },
                    {
                        "parameter": "diffuse",
                        "value": "Map #14"
                    },
                    {
                        "parameter": "shininess",
                        "value": 2
                    },
                    {
                        "parameter": "specular",
                        "value": [
                            0.8999999761581421,
                            0.8999999761581421,
                            0.8999999761581421
                        ]
                    }
                ]
            },
            "name": "Material #46"
        },
        "Material #57": {
            "instanceTechnique": {
                "technique": "technique_0",
                "values": [
                    {
                        "parameter": "ambient",
                        "value": [
                            0.5879999995231628,
                            0.5879999995231628,
                            0.5879999995231628
                        ]
                    },
                    {
                        "parameter": "emission",
                        "value": [
                            0,
                            0,
                            0
                        ]
                    },
                    {
                        "parameter": "diffuse",
                        "value": "Map #9"
                    },
                    {
                        "parameter": "shininess",
                        "value": 2
                    },
                    {
                        "parameter": "specular",
                        "value": [
                            0.8999999761581421,
                            0.8999999761581421,
                            0.8999999761581421
                        ]
                    }
                ]
            },
            "name": "Material #57"
        },
        "Material #68": {
            "instanceTechnique": {
                "technique": "technique_0",
                "values": [
                    {
                        "parameter": "ambient",
                        "value": [
                            0.5879999995231628,
                            0.5879999995231628,
                            0.5879999995231628
                        ]
                    },
                    {
                        "parameter": "emission",
                        "value": [
                            0,
                            0,
                            0
                        ]
                    },
                    {
                        "parameter": "diffuse",
                        "value": "Map #10"
                    },
                    {
                        "parameter": "shininess",
                        "value": 2
                    },
                    {
                        "parameter": "specular",
                        "value": [
                            0.8999999761581421,
                            0.8999999761581421,
                            0.8999999761581421
                        ]
                    }
                ]
            },
            "name": "Material #68"
        },
        "Material #79": {
            "instanceTechnique": {
                "technique": "technique_0",
                "values": [
                    {
                        "parameter": "ambient",
                        "value": [
                            0.5879999995231628,
                            0.5879999995231628,
                            0.5879999995231628
                        ]
                    },
                    {
                        "parameter": "emission",
                        "value": [
                            0,
                            0,
                            0
                        ]
                    },
                    {
                        "parameter": "diffuse",
                        "value": "Map #11"
                    },
                    {
                        "parameter": "shininess",
                        "value": 2
                    },
                    {
                        "parameter": "specular",
                        "value": [
                            0.8999999761581421,
                            0.8999999761581421,
                            0.8999999761581421
                        ]
                    }
                ]
            },
            "name": "Material #79"
        },
        "Material #90": {
            "instanceTechnique": {
                "technique": "technique_0",
                "values": [
                    {
                        "parameter": "ambient",
                        "value": [
                            0.5879999995231628,
                            0.5879999995231628,
                            0.5879999995231628
                        ]
                    },
                    {
                        "parameter": "emission",
                        "value": [
                            0,
                            0,
                            0
                        ]
                    },
                    {
                        "parameter": "diffuse",
                        "value": "Map #12"
                    },
                    {
                        "parameter": "shininess",
                        "value": 2
                    },
                    {
                        "parameter": "specular",
                        "value": [
                            0.8999999761581421,
                            0.8999999761581421,
                            0.8999999761581421
                        ]
                    }
                ]
            },
            "name": "Material #90"
        }
    },
    "meshes": {
        "kunkka_body_model_LOD0-mesh": {
            "name": "kunkka_body_model_LOD0-mesh",
            "primitives": [
                {
                    "indices": "indices_6",
                    "material": "Material #35",
                    "semantics": {
                        "JOINT": "attribute_4",
                        "NORMAL": "attribute_2",
                        "POSITION": "attribute_1",
                        "TEXCOORD_0": "attribute_3",
                        "WEIGHT": "attribute_5"
                    },
                    "skin": "skin_0"
                }
            ]
        },
        "kunkka_feet_model_LOD0-mesh": {
            "name": "kunkka_feet_model_LOD0-mesh",
            "primitives": [
                {
                    "indices": "indices_12",
                    "material": "Material #46",
                    "semantics": {
                        "JOINT": "attribute_10",
                        "NORMAL": "attribute_8",
                        "POSITION": "attribute_7",
                        "TEXCOORD_0": "attribute_9",
                        "WEIGHT": "attribute_11"
                    },
                    "skin": "skin_1"
                }
            ]
        },
        "kunkka_hair_model_LOD0-mesh": {
            "name": "kunkka_hair_model_LOD0-mesh",
            "primitives": [
                {
                    "indices": "indices_18",
                    "material": "Material #57",
                    "semantics": {
                        "JOINT": "attribute_16",
                        "NORMAL": "attribute_14",
                        "POSITION": "attribute_13",
                        "TEXCOORD_0": "attribute_15",
                        "WEIGHT": "attribute_17"
                    },
                    "skin": "skin_2"
                }
            ]
        },
        "kunkka_hands_model_LOD0-mesh": {
            "name": "kunkka_hands_model_LOD0-mesh",
            "primitives": [
                {
                    "indices": "indices_24",
                    "material": "Material #68",
                    "semantics": {
                        "JOINT": "attribute_22",
                        "NORMAL": "attribute_20",
                        "POSITION": "attribute_19",
                        "TEXCOORD_0": "attribute_21",
                        "WEIGHT": "attribute_23"
                    },
                    "skin": "skin_3"
                }
            ]
        },
        "kunkka_shoulders_model_LOD0-mesh": {
            "name": "kunkka_shoulders_model_LOD0-mesh",
            "primitives": [
                {
                    "indices": "indices_30",
                    "material": "Material #79",
                    "semantics": {
                        "JOINT": "attribute_28",
                        "NORMAL": "attribute_26",
                        "POSITION": "attribute_25",
                        "TEXCOORD_0": "attribute_27",
                        "WEIGHT": "attribute_29"
                    },
                    "skin": "skin_4"
                }
            ]
        },
        "kunkka_spyglass_model_LOD0-mesh": {
            "name": "kunkka_spyglass_model_LOD0-mesh",
            "primitives": [
                {
                    "indices": "indices_36",
                    "material": "Material #90",
                    "semantics": {
                        "JOINT": "attribute_34",
                        "NORMAL": "attribute_32",
                        "POSITION": "attribute_31",
                        "TEXCOORD_0": "attribute_33",
                        "WEIGHT": "attribute_35"
                    },
                    "skin": "skin_5"
                }
            ]
        },
        "kunkka_sword_model_LOD0-mesh": {
            "name": "kunkka_sword_model_LOD0-mesh",
            "primitives": [
                {
                    "indices": "indices_42",
                    "material": "Material #101",
                    "semantics": {
                        "JOINT": "attribute_40",
                        "NORMAL": "attribute_38",
                        "POSITION": "attribute_37",
                        "TEXCOORD_0": "attribute_39",
                        "WEIGHT": "attribute_41"
                    },
                    "skin": "skin_6"
                }
            ]
        }
    },
    "nodes": {
        "Coat0_0_L": {
            "children": [
                "Coat0_1_L"
            ],
            "matrix": [
                -0.2360289990901946,
                -0.14908388257026667,
                -0.960241675376892,
                0,
                -0.035585372898985716,
                0.9888245484413242,
                -0.1447746192230826,
                0,
                0.9710941957116626,
                -4.5037749752789694e-7,
                -0.23869649669405615,
                0,
                -10.797311782836912,
                -16.4179515838623,
                0,
                1
            ],
            "name": "Coat0_0_L"
        },
        "Coat0_1_L": {
            "children": [],
            "matrix": [
                0.9973663091659544,
                0.058750264346599565,
                -0.042536124587059104,
                0,
                -0.05896749889548192,
                0.9982523318902774,
                -0.003869848336419287,
                0,
                0.042234429880799645,
                0.006367905071347095,
                0.9990875748268393,
                0,
                32.262977600097656,
                0.000003814697265625,
                3.552713678800501e-15,
                1
            ],
            "name": "Coat0_1_L"
        },
        "Coat1_0_R": {
            "children": [
                "Coat1_1_R"
            ],
            "matrix": [
                0.23602938652038613,
                -0.14908389747142814,
                0.9602417349815371,
                0,
                -0.03558561086351587,
                -0.9888244343490274,
                -0.14477453501782797,
                0,
                0.9710940683553746,
                2.559680785861244e-7,
                -0.23869687256531616,
                0,
                -10.797317504882812,
                16.417947769165036,
                0,
                1
            ],
            "name": "Coat1_0_R"
        },
        "Coat1_1_R": {
            "children": [],
            "matrix": [
                0.9973661899566654,
                -0.05875028669834141,
                0.04253633320331579,
                0,
                0.05896753470012264,
                0.9982524467840709,
                -0.003869820379839767,
                0,
                -0.042234657031285316,
                0.0063678924296533615,
                0.999087868486349,
                0,
                -32.26296615600587,
                0.00000762939453125,
                0.000003814697265625,
                1
            ],
            "name": "Coat1_1_R"
        },
        "Coat_front2_0_A_L": {
            "children": [
                "Coat_front2_1_A_L"
            ],
            "matrix": [
                0.1178552508354189,
                -0.16860675811767603,
                -0.9786123037338257,
                0,
                0.020159349139780916,
                0.9856835568893725,
                -0.16739726578384223,
                0,
                0.9928259832327506,
                4.596444850107999e-7,
                0.11956693916907503,
                0,
                17.804584503173825,
                -16.93486404418945,
                -0.7015380859375,
                1
            ],
            "name": "Coat_front2_0_A_L"
        },
        "Coat_front2_1_A_L": {
            "children": [],
            "matrix": [
                0.9982771873474121,
                -0.017159655690193176,
                -0.05610730871558189,
                0,
                0.0165915447115757,
                0.9998060468039963,
                -0.010575572867289646,
                0,
                0.05627792552075341,
                0.009626450629834922,
                0.9983687313221952,
                0,
                36.00419616699219,
                0.000003814697265625,
                -0.000017166137698865214,
                1
            ],
            "name": "Coat_front2_1_A_L"
        },
        "Coat_front3_0_A_R": {
            "children": [
                "Coat_front3_1_A_R"
            ],
            "matrix": [
                -0.11785484850406656,
                -0.16860684752464308,
                0.9786120653152465,
                0,
                0.020161475580224568,
                -0.9856831486872517,
                -0.1673970784893444,
                0,
                0.9928258673167147,
                0.0000017059322423141147,
                0.11956691927530477,
                0,
                17.80458068847656,
                16.934871673583984,
                -0.7015380859375,
                1
            ],
            "name": "Coat_front3_0_A_R"
        },
        "Coat_front3_1_A_R": {
            "children": [],
            "matrix": [
                0.9982774257659911,
                0.01715971529483795,
                0.05610712245106698,
                0,
                -0.016591589725356293,
                0.9998068800263648,
                -0.01057605353395122,
                0,
                -0.05627775185064467,
                0.009626926187403545,
                0.9983690391834259,
                0,
                -36.00421524047851,
                0.00000762939453125,
                3.552713678800501e-15,
                1
            ],
            "name": "Coat_front3_1_A_R"
        },
        "ankle_L": {
            "children": [
                "toeBase_L"
            ],
            "matrix": [
                0.35166558623313926,
                -0.5479597449302679,
                0.7589939236640932,
                0,
                0.0008567154667803264,
                0.8109699805204316,
                0.5850871956673981,
                0,
                -0.9361253223570073,
                -0.20510474696540812,
                0.2856596195085832,
                0,
                38.28531265258789,
                -0.000003814697265625,
                -0.000003814697265625,
                1
            ],
            "name": "ankle_L"
        },
        "ankle_R": {
            "children": [
                "toeBase_R"
            ],
            "matrix": [
                0.351665735244751,
                -0.5479592084884645,
                0.7589938044548032,
                0,
                0.0008566251524248726,
                0.8109701762224166,
                0.5850868973502577,
                0,
                -0.9361252175690942,
                -0.20510486815367193,
                0.28565985708237995,
                0,
                -38.2853012084961,
                -0.000007629394527697286,
                -0.000003814697263848643,
                1
            ],
            "name": "ankle_R"
        },
        "bicep_L": {
            "children": [
                "elbow_L"
            ],
            "matrix": [
                0.7324104309082035,
                0.029125437140464783,
                -0.680239737033844,
                0,
                -0.6264838449625516,
                0.42007839275551706,
                -0.6565454966967945,
                0,
                0.2666319264986425,
                0.9070202675325367,
                0.3259165172187982,
                0,
                18.953678131103512,
                4.768371586472142e-7,
                -0.0000457763671875,
                1
            ],
            "name": "bicep_L"
        },
        "bicep_R": {
            "children": [
                "elbow_R"
            ],
            "matrix": [
                0.732410669326782,
                0.029125552624464084,
                -0.6802402734756468,
                0,
                -0.6264840960466562,
                0.4200784706973674,
                -0.6565453942053373,
                0,
                0.2666320183290627,
                0.9070204690844544,
                0.32591661513858017,
                0,
                -18.953689575195305,
                -0.0000014305114750534642,
                -2.842170943040401e-14,
                1
            ],
            "name": "bicep_R"
        },
        "clavicle_L": {
            "children": [
                "bicep_L"
            ],
            "matrix": [
                -0.3475824892520906,
                0.9337359070777894,
                -0.08557843416929248,
                0,
                -0.029854498814606212,
                0.08020211515980928,
                0.996331571023896,
                0,
                0.9371738825422555,
                0.3488622149904952,
                -6.332993498642248e-7,
                0,
                10.897674560546847,
                6.557334899902344,
                -0.05502510070800959,
                1
            ],
            "name": "clavicle_L"
        },
        "clavicle_R": {
            "children": [
                "bicep_R"
            ],
            "matrix": [
                0.3475824296474457,
                0.9337360858917236,
                0.0855780616402626,
                0,
                0.02985509597953351,
                0.08020145488755512,
                -0.9963312761846477,
                0,
                -0.9371739426623839,
                0.3488621838033773,
                -1.6391277345151334e-7,
                0,
                10.897674560546847,
                -6.55733299255371,
                -0.05502176284790128,
                1
            ],
            "name": "clavicle_R"
        },
        "coat_rear0_0": {
            "children": [
                "coat_rear0_1"
            ],
            "matrix": [
                -0.21424442529678345,
                -1.0215970294562503e-7,
                -0.9767800569534304,
                0,
                -1.10721320923126e-8,
                1.0000000000000002,
                -1.0215970285054149e-7,
                0,
                0.9767800569534308,
                -1.1072109009979272e-8,
                -0.21424442529678225,
                0,
                -15.196722984313963,
                -0.000001907348519125662,
                1.00653076171875,
                1
            ],
            "name": "coat_rear0_0"
        },
