{
    "accessors": {
        "attrbute_1": {
            "bufferView": "bufferView_37",
            "byteOffset": 0,
            "byteStride": 12,
            "count": 2428,
            "max": [
                79.40626525878906,
                34.957279205322266,
                224.5225830078125,
                0
            ],
            "min": [
                -79.40621948242188,
                -6.6097517013549805,
                145.48109436035156,
                0
            ],
            "type": 35665
        },
        "attrbute_10": {
            "bufferView": "bufferView_37",
            "byteOffset": 155728,
            "byteStride": 16,
            "count": 314,
            "max": [
                0,
                -1,
                -1,
                -1
            ],
            "min": [
                0,
                -1,
                -1,
                -1
            ],
            "type": 35666
        },
        "attrbute_11": {
            "bufferView": "bufferView_37",
            "byteOffset": 160752,
            "byteStride": 12,
            "count": 314,
            "max": [
                1,
                0,
                0
            ],
            "min": [
                1,
                0,
                0
            ],
            "type": 35665
        },
        "attrbute_13": {
            "bufferView": "bufferView_37",
            "byteOffset": 164520,
            "byteStride": 12,
            "count": 288,
            "max": [
                53.77566909790039,
                39.669342041015625,
                181.17213439941406,
                0
            ],
            "min": [
                -53.775665283203125,
                13.809264183044434,
                156.49447631835938,
                0
            ],
            "type": 35665
        },
        "attrbute_14": {
            "bufferView": "bufferView_37",
            "byteOffset": 167976,
            "byteStride": 12,
            "count": 288,
            "max": [
                0.9997164011001587,
                0.8761685490608215,
                0.989963173866272,
                0
            ],
            "min": [
                -0.9997165203094482,
                -0.9654953479766846,
                -0.9939360618591309,
                0
            ],
            "type": 35665
        },
        "attrbute_15": {
            "bufferView": "bufferView_37",
            "byteOffset": 171432,
            "byteStride": 8,
            "count": 288,
            "max": [
                1.9934613704681396,
                0.9954147338867188
            ],
            "min": [
                0.013559741899371147,
                0.00458526611328125
            ],
            "type": 35664
        },
        "attrbute_16": {
            "bufferView": "bufferView_37",
            "byteOffset": 173736,
            "byteStride": 16,
            "count": 288,
            "max": [
                1,
                -1,
                -1,
                -1
            ],
            "min": [
                0,
                -1,
                -1,
                -1
            ],
            "type": 35666
        },
        "attrbute_17": {
            "bufferView": "bufferView_37",
            "byteOffset": 178344,
            "byteStride": 12,
            "count": 288,
            "max": [
                1,
                0,
                0
            ],
            "min": [
                1,
                0,
                0
            ],
            "type": 35665
        },
        "attrbute_19": {
            "bufferView": "bufferView_37",
            "byteOffset": 181800,
            "byteStride": 12,
            "count": 390,
            "max": [
                14.95193099975586,
                26.064266204833984,
                249.06378173828125,
                0
            ],
            "min": [
                -14.975305557250977,
                -1.9264363050460815,
                215.70550537109375,
                0
            ],
            "type": 35665
        },
        "attrbute_2": {
            "bufferView": "bufferView_37",
            "byteOffset": 29136,
            "byteStride": 12,
            "count": 2428,
            "max": [
                0.9983186721801758,
                0.9996928572654724,
                0.9999999403953552,
                0
            ],
            "min": [
                -0.9983186721801758,
                -0.9998926520347595,
                -0.9998581409454346,
                0
            ],
            "type": 35665
        },
        "attrbute_20": {
            "bufferView": "bufferView_37",
            "byteOffset": 186480,
            "byteStride": 12,
            "count": 390,
            "max": [
                0.9962877035140991,
                0.9967976808547974,
                0.9992794990539551,
                0
            ],
            "min": [
                -0.9962471723556519,
                -0.9995262622833252,
                -0.9995098114013672,
                0
            ],
            "type": 35665
        },
        "attrbute_21": {
            "bufferView": "bufferView_37",
            "byteOffset": 191160,
            "byteStride": 8,
            "count": 390,
            "max": [
                0.9905624985694885,
                0.9940065145492554
            ],
            "min": [
                0.009437519125640392,
                0.0070108771324157715
            ],
            "type": 35664
        },
        "attrbute_22": {
            "bufferView": "bufferView_37",
            "byteOffset": 194280,
            "byteStride": 16,
            "count": 390,
            "max": [
                0,
                -1,
                -1,
                -1
            ],
            "min": [
                0,
                -1,
                -1,
                -1
            ],
            "type": 35666
        },
        "attrbute_23": {
            "bufferView": "bufferView_37",
            "byteOffset": 200520,
            "byteStride": 12,
            "count": 390,
            "max": [
                1,
                0,
                0
            ],
            "min": [
                1,
                0,
                0
            ],
            "type": 35665
        },
        "attrbute_25": {
            "bufferView": "bufferView_37",
            "byteOffset": 205200,
            "byteStride": 12,
            "count": 822,
            "max": [
                41.10073471069336,
                39.909828186035156,
                150.9090576171875,
                0
            ],
            "min": [
                -41.10708999633789,
                -24.8741512298584,
                45.19090270996094,
                0
            ],
            "type": 35665
        },
        "attrbute_26": {
            "bufferView": "bufferView_37",
            "byteOffset": 215064,
            "byteStride": 12,
            "count": 822,
            "max": [
                0.9962826371192932,
                0.9610207080841064,
                0.9698846340179443,
                0
            ],
            "min": [
                -0.996295690536499,
                -0.9734389185905457,
                -0.9905500411987305,
                0
            ],
            "type": 35665
        },
        "attrbute_27": {
            "bufferView": "bufferView_37",
            "byteOffset": 224928,
            "byteStride": 8,
            "count": 822,
            "max": [
                1.9453928470611572,
                0.989853024482727
            ],
            "min": [
                0.004283570218831301,
                0.008900701999664307
            ],
            "type": 35664
        },
        "attrbute_28": {
            "bufferView": "bufferView_37",
            "byteOffset": 231504,
            "byteStride": 16,
            "count": 822,
            "max": [
                3,
                -1,
                -1,
                -1
            ],
            "min": [
                0,
                -1,
                -1,
                -1
            ],
            "type": 35666
        },
        "attrbute_29": {
            "bufferView": "bufferView_37",
            "byteOffset": 244656,
            "byteStride": 12,
            "count": 822,
            "max": [
                1,
                0,
                0
            ],
            "min": [
                1,
                0,
                0
            ],
            "type": 35665
        },
        "attrbute_3": {
            "bufferView": "bufferView_37",
            "byteOffset": 58272,
            "byteStride": 8,
            "count": 2428,
            "max": [
                1.9922900199890137,
                0.9974026679992676
            ],
            "min": [
                0.0075321439653635025,
                0.002642989158630371
            ],
            "type": 35664
        },
        "attrbute_31": {
            "bufferView": "bufferView_37",
            "byteOffset": 254520,
            "byteStride": 12,
            "count": 232,
            "max": [
                88.7850570678711,
                49.56249237060547,
                158.61862182617188,
                0
            ],
            "min": [
                61.32708740234375,
                4.572564125061035,
                135.41111755371094,
                0
            ],
            "type": 35665
        },
        "attrbute_32": {
            "bufferView": "bufferView_37",
            "byteOffset": 257304,
            "byteStride": 12,
            "count": 232,
            "max": [
                0.997520923614502,
                0.9675202965736389,
                0.9941984415054321,
                0
            ],
            "min": [
                -0.978491485118866,
                -0.9974696636199951,
                -0.9917144179344177,
                0
            ],
            "type": 35665
        },
        "attrbute_33": {
            "bufferView": "bufferView_37",
            "byteOffset": 260088,
            "byteStride": 8,
            "count": 232,
            "max": [
                1.9445279836654663,
                0.9882968068122864
            ],
            "min": [
                0.015710502862930298,
                0.02552253007888794
            ],
            "type": 35664
        },
        "attrbute_34": {
            "bufferView": "bufferView_37",
            "byteOffset": 261944,
            "byteStride": 16,
            "count": 232,
            "max": [
                2,
                2,
                3,
                -1
            ],
            "min": [
                0,
                -1,
                -1,
                -1
            ],
            "type": 35666
        },
        "attrbute_35": {
            "bufferView": "bufferView_37",
            "byteOffset": 265656,
            "byteStride": 12,
            "count": 232,
            "max": [
                1,
                0.42485469579696655,
                0.4457133114337921
            ],
            "min": [
                0.4351077675819397,
                0,
                0
            ],
            "type": 35665
        },
        "attrbute_4": {
            "bufferView": "bufferView_37",
            "byteOffset": 77696,
            "byteStride": 16,
            "count": 2428,
            "max": [
                39,
                36,
                38,
                -1
            ],
            "min": [
                0,
                -1,
                -1,
                -1
            ],
            "type": 35666
        },
        "attrbute_5": {
            "bufferView": "bufferView_37",
            "byteOffset": 116544,
            "byteStride": 12,
            "count": 2428,
            "max": [
                1,
                0.9998229742050171,
                0.9722115993499756
            ],
            "min": [
                0.00014774770534131676,
                0,
                0
            ],
            "type": 35665
        },
        "attrbute_7": {
            "bufferView": "bufferView_37",
            "byteOffset": 145680,
            "byteStride": 12,
            "count": 314,
            "max": [
                20.99909019470215,
                20.071075439453125,
                202.87432861328125,
                0
            ],
            "min": [
                -21.045230865478516,
                -13.081097602844238,
                134.0029296875,
                0
            ],
            "type": 35665
        },
        "attrbute_8": {
            "bufferView": "bufferView_37",
            "byteOffset": 149448,
            "byteStride": 12,
            "count": 314,
            "max": [
                0.9385935664176941,
                0.9843884110450745,
                0.9603787064552307,
                0
            ],
            "min": [
                -0.9375107288360596,
                -0.9935120344161987,
                -0.8986794948577881,
                0
            ],
            "type": 35665
        },
        "attrbute_9": {
            "bufferView": "bufferView_37",
            "byteOffset": 153216,
            "byteStride": 8,
            "count": 314,
            "max": [
                0.9882901906967163,
                0.9939611554145813
            ],
            "min": [
                0.005440226756036282,
                0.012273669242858887
            ],
            "type": 35664
        },
        "indices_12": {
            "bufferView": "bufferView_39",
            "byteOffset": 22440,
            "count": 1458,
            "type": 5123
        },
        "indices_18": {
            "bufferView": "bufferView_39",
            "byteOffset": 25356,
            "count": 1224,
            "type": 5123
        },
        "indices_24": {
            "bufferView": "bufferView_39",
            "byteOffset": 27804,
            "count": 1854,
            "type": 5123
        },
        "indices_30": {
            "bufferView": "bufferView_39",
            "byteOffset": 31512,
            "count": 3516,
            "type": 5123
        },
        "indices_36": {
            "bufferView": "bufferView_39",
            "byteOffset": 38544,
            "count": 858,
            "type": 5123
        },
        "indices_6": {
            "bufferView": "bufferView_39",
            "byteOffset": 0,
            "count": 11220,
            "type": 5123
        }
    },
    "animations": {},
    "asset": {},
    "bufferViews": {
        "bufferView_37": {
            "buffer": "razor.bin",
            "byteLength": 268440,
            "byteOffset": 0,
            "target": 34962
        },
        "bufferView_38": {
            "buffer": "razor.bin",
            "byteLength": 4864,
            "byteOffset": 268440
        },
        "bufferView_39": {
            "buffer": "razor.bin",
            "byteLength": 40260,
            "byteOffset": 273304,
            "target": 34963
        }
    },
    "buffers": {
        "razor.bin": {
            "byteLength": 313564,
            "path": "razor.bin"
        }
    },
    "cameras": {},
    "images": {
        "image_0": {
            "path": "textures/revrazor_color.png"
        },
        "image_1": {
            "path": "textures/razor_armor_color.png"
        },
        "image_2": {
            "path": "textures/razor_bracers_color.png"
        },
        "image_3": {
            "path": "textures/razor_head_color.png"
        },
        "image_4": {
            "path": "textures/razor_robe_color.png"
        },
        "image_5": {
            "path": "textures/razor_weapon_color.png"
        }
    },
    "lights": {},
    "materials": {
        "Material #35": {
            "instanceTechnique": {
                "technique": "technique_0",
                "values": {
                    "ambient": [
                        0.5879999995231628,
                        0.5879999995231628,
                        0.5879999995231628
                    ],
                    "diffuse": "Map #7",
                    "emission": [
                        0,
                        0,
                        0
                    ],
                    "shininess": 2,
                    "specular": [
                        0.8999999761581421,
                        0.8999999761581421,
                        0.8999999761581421
                    ],
                    "transparency": 1
                }
            },
            "name": "Material #35"
        },
        "Material #46": {
            "instanceTechnique": {
                "technique": "technique_0",
                "values": {
                    "ambient": [
                        0.5879999995231628,
                        0.5879999995231628,
                        0.5879999995231628
                    ],
                    "diffuse": "Map #8",
                    "emission": [
                        0,
                        0,
                        0
                    ],
                    "shininess": 2,
                    "specular": [
                        0.8999999761581421,
                        0.8999999761581421,
                        0.8999999761581421
                    ],
                    "transparency": 1
                }
            },
            "name": "Material #46"
        },
        "Material #57": {
            "instanceTechnique": {
                "technique": "technique_0",
                "values": {
                    "ambient": [
                        0.5879999995231628,
                        0.5879999995231628,
                        0.5879999995231628
                    ],
                    "diffuse": "Map #9",
                    "emission": [
                        0,
                        0,
                        0
                    ],
                    "shininess": 2,
                    "specular": [
                        0.8999999761581421,
                        0.8999999761581421,
                        0.8999999761581421
                    ],
                    "transparency": 1
                }
            },
            "name": "Material #57"
        },
        "Material #68": {
            "instanceTechnique": {
                "technique": "technique_0",
                "values": {
                    "ambient": [
                        0.5879999995231628,
                        0.5879999995231628,
                        0.5879999995231628
                    ],
                    "diffuse": "Map #10",
                    "emission": [
                        0,
                        0,
                        0
                    ],
                    "shininess": 2,
                    "specular": [
                        0.8999999761581421,
                        0.8999999761581421,
                        0.8999999761581421
                    ],
                    "transparency": 1
                }
            },
            "name": "Material #68"
        },
        "Material #79": {
            "instanceTechnique": {
                "technique": "technique_0",
                "values": {
                    "ambient": [
                        0.5879999995231628,
                        0.5879999995231628,
                        0.5879999995231628
                    ],
                    "diffuse": "Map #11",
                    "emission": [
                        0,
                        0,
                        0
                    ],
                    "shininess": 2,
                    "specular": [
                        0.8999999761581421,
                        0.8999999761581421,
                        0.8999999761581421
                    ],
                    "transparency": 1
                }
            },
            "name": "Material #79"
        },
        "Material #90": {
            "instanceTechnique": {
                "technique": "technique_0",
                "values": {
                    "ambient": [
                        0.5879999995231628,
                        0.5879999995231628,
                        0.5879999995231628
                    ],
                    "diffuse": "Map #12",
                    "emission": [
                        0,
                        0,
                        0
                    ],
                    "shininess": 2,
                    "specular": [
                        0.8999999761581421,
                        0.8999999761581421,
                        0.8999999761581421
                    ],
                    "transparency": 1
                }
            },
            "name": "Material #90"
        }
    },
    "meshes": {
        "razor_armor_model_LOD0-mesh": {
            "name": "razor_armor_model_LOD0-mesh",
            "primitives": [
                {
                    "attributes": {
                        "JOINT": "attrbute_10",
                        "NORMAL": "attrbute_8",
                        "POSITION": "attrbute_7",
                        "TEXCOORD_0": "attrbute_9",
                        "WEIGHT": "attrbute_11"
                    },
                    "indices": "indices_12",
                    "material": "Material #46"
                }
            ]
        },
        "razor_bracers_model_LOD0-mesh": {
            "name": "razor_bracers_model_LOD0-mesh",
            "primitives": [
                {
                    "attributes": {
                        "JOINT": "attrbute_16",
                        "NORMAL": "attrbute_14",
                        "POSITION": "attrbute_13",
                        "TEXCOORD_0": "attrbute_15",
                        "WEIGHT": "attrbute_17"
                    },
                    "indices": "indices_18",
                    "material": "Material #57"
                }
            ]
        },
        "razor_head_model_LOD0-mesh": {
            "name": "razor_head_model_LOD0-mesh",
            "primitives": [
                {
                    "attributes": {
                        "JOINT": "attrbute_22",
                        "NORMAL": "attrbute_20",
                        "POSITION": "attrbute_19",
                        "TEXCOORD_0": "attrbute_21",
                        "WEIGHT": "attrbute_23"
                    },
                    "indices": "indices_24",
                    "material": "Material #68"
                }
            ]
        },
        "razor_model_LOD0-mesh": {
            "name": "razor_model_LOD0-mesh",
            "primitives": [
                {
                    "attributes": {
                        "JOINT": "attrbute_4",
                        "NORMAL": "attrbute_2",
                        "POSITION": "attrbute_1",
                        "TEXCOORD_0": "attrbute_3",
                        "WEIGHT": "attrbute_5"
                    },
                    "indices": "indices_6",
                    "material": "Material #35"
                }
            ]
        },
        "razor_robe_model_LOD0-mesh": {
            "name": "razor_robe_model_LOD0-mesh",
            "primitives": [
                {
                    "attributes": {
                        "JOINT": "attrbute_28",
                        "NORMAL": "attrbute_26",
                        "POSITION": "attrbute_25",
                        "TEXCOORD_0": "attrbute_27",
                        "WEIGHT": "attrbute_29"
                    },
                    "indices": "indices_30",
                    "material": "Material #79"
                }
            ]
        },
        "razor_weapon_model_LOD0-mesh": {
            "name": "razor_weapon_model_LOD0-mesh",
            "primitives": [
                {
                    "attributes": {
                        "JOINT": "attrbute_34",
                        "NORMAL": "attrbute_32",
                        "POSITION": "attrbute_31",
                        "TEXCOORD_0": "attrbute_33",
                        "WEIGHT": "attrbute_35"
                    },
                    "indices": "indices_36",
                    "material": "Material #90"
                }
            ]
        }
    },
    "nodes": {
        "armor0_0": {
            "children": [
                "armor0_1"
            ],
            "jointId": "armor0_0",
            "matrix": [
                -0.0054536350071319765,
                -8.889362845777001e-8,
                -0.9999851584434509,
                0,
                1.8195307698240755e-7,
                -1.0000000000000002,
                8.790262739929877e-8,
                0,
                -0.9999851584434513,
                -1.8147098766952272e-7,
                0.005453635007148109,
                0,
                1.1802012920379634,
                -8.164874998328742e-8,
                -6.2667388916015625,
                1
            ],
            "name": "armor0_0"
        },
        "armor0_1": {
            "children": [
                "armor0_2"
            ],
            "jointId": "armor0_1",
            "matrix": [
                0.999953508377075,
                -7.105427344366112e-15,
                -0.00966424494981766,
                0,
                9.924300151192582e-10,
                0.9999999999999997,
                1.026853908570046e-7,
                0,
                0.009664244949817657,
                -1.0269020793329474e-7,
                0.9999535083770752,
                0,
                25.17123413085939,
                -0.000001114442966354547,
                -0.0000019073486328125,
                1
            ],
            "name": "armor0_1"
        },
        "armor0_2": {
            "children": [],
            "jointId": "armor0_2",
            "matrix": [
                0.9999997019767761,
                2.6469779601696886e-23,
                4.7683715820225764e-7,
                0,
                -2.7972807260233638e-14,
                0.9999999999999993,
                5.866321117764528e-8,
                0,
                -4.7683715820225764e-7,
                -5.866319369465931e-8,
                0.9999997019767758,
                0,
                20.748374938964844,
                -9.157274689641781e-7,
                -0.0000040531158447265625,
                1
            ],
            "name": "armor0_2"
        },
        "armor_back1_0": {
            "children": [],
            "jointId": "armor_back1_0",
            "matrix": [
                0.9999999999999999,
                2.3742653354474896e-7,
                -3.725291151113197e-7,
                0,
                -2.3742645545952721e-7,
                1,
                2.096083733249543e-7,
                0,
                3.7252916487788824e-7,
                -2.0960828487667516e-7,
                0.9999999999999999,
                0,
                -7.532898902893065,
                -0.000001594317154740565,
                -8.397171020507812,
                1
            ],
            "name": "armor_back1_0"
        },
        "bicep_L": {
            "children": [
                "elbow_L"
            ],
            "jointId": "bicep_L",
            "matrix": [
                0.7485656738281248,
                0.0961848497390746,
                -0.6560473442077634,
                0,
                -0.6621243373854352,
                0.1610020062674186,
                -0.7318947347805235,
                0,
                0.035227736147461525,
                0.9822557035951274,
                0.18420681429363264,
                0,
                16.461673736572273,
                0.000023841857908379893,
                -2.842170943040401e-14,
                1
            ],
            "name": "bicep_L"
        },
        "bicep_R": {
            "children": [
                "elbow_R"
            ],
            "jointId": "bicep_R",
            "matrix": [
                0.7485656142234804,
                0.09618479758501074,
                -0.6560474038124086,
                0,
                -0.6621243948717541,
                0.16100151661744988,
                -0.7318947583094058,
                0,
                0.03522746491770192,
                0.9822558802115829,
                0.18420643268492914,
                0,
                -16.461669921874996,
                -0.00001621246337890625,
                -0.00001525878909092171,
                1
            ],
            "name": "bicep_R"
        },
        "clavicle_L": {
            "children": [
                "bicep_L"
            ],
            "jointId": "clavicle_L",
            "matrix": [
                -0.045852839946746785,
                0.7861090302467348,
                0.6163846850395205,
                0,
                0.03589218397954082,
                -0.6153388942512604,
                0.7874452947661889,
                0,
                0.9983029978414995,
                0.05822997635281835,
                -1.3411043872646466e-7,
                0,
                4.813690185546875,
                2.589999437332153,
                -4.349806785583498,
                1
            ],
            "name": "clavicle_L"
        },
        "clavicle_R": {
            "children": [
                "bicep_R"
            ],
            "jointId": "clavicle_R",
            "matrix": [
                0.0458523035049439,
                0.7861089110374446,
                -0.6163849830627443,
                0,
                -0.035893539346870465,
                -0.6153390136091085,
                -0.7874450168389382,
                0,
                -0.9983031159570118,
                0.05823039743610696,
                0.0000015199185725289777,
                0,
                4.813690185546875,
                -2.590000867843628,
                -4.349791526794435,
                1
            ],
            "name": "clavicle_R"
        },
        "elbow_L": {
            "children": [
                "wrist_L"
            ],
            "jointId": "elbow_L",
            "matrix": [
                0.5845865607261658,
                -2.980232227667301e-8,
                -0.8113316297531126,
                0,
                -1.0412661188841099e-7,
                1.0000002384187021,
                -1.1175867452306587e-7,
                0,
                0.8113314618470552,
                1.498137661148924e-7,
                0.5845864397452679,
                0,
                23.547927856445312,
                0,
                -0.000005722045901990214,
                1
            ],
            "name": "elbow_L"
        },
        "elbow_R": {
            "children": [
                "wrist_R"
            ],
            "jointId": "elbow_R",
            "matrix": [
                0.5845853090286254,
                -2.980232227667301e-8,
                -0.8113323450088503,
                0,
                -7.348964941034097e-7,
                1.0000002384185864,
                -5.662439398063102e-7,
                0,
                0.8113322446076451,
                9.272628484491285e-7,
                0.584585236687004,
                0,
                -23.547981262207045,
                -0.0000762939453125,
                0.000055313110348009786,
                1
            ],
            "name": "elbow_R"
        },
        "head": {
            "children": [],
            "jointId": "head",
            "matrix": [
                0.25989097356796304,
                -1.6875389951141322e-14,
                -0.9656381607055664,
                0,
                5.173228560536172e-14,
                0.9999999999999997,
                -3.552713619243497e-15,
                0,
                0.9656381607055664,
                -4.9031350905298104e-14,
                0.25989097356796304,
                0,
                19.93145751953125,
                0.000003299836862424851,
                0,
                1
            ],
            "name": "head"
        },
        "index_0_L": {
            "children": [
                "index_1_L"
            ],
            "jointId": "index_0_L",
            "matrix": [
                0.7637655138969421,
                0.6402528882026676,
                -0.08208975940942764,
                0,
                0.10686391337093726,
                0.0000011111220259880853,
                0.9942736304633977,
                0,
                0.6365864268196731,
                -0.7681640681855924,
                -0.06841905604300404,
                0,
                11.831226348876946,
                1.3802490234375284,
                -5.525680541992189,
                1
            ],
            "name": "index_0_L"
        },
        "index_0_R": {
            "children": [
                "index_1_R"
            ],
            "jointId": "index_0_R",
            "matrix": [
                0.7637658715248109,
                0.6402522325515746,
                -0.08208904415369035,
                0,
                0.1068638630932433,
                1.0578632619667222e-8,
                0.9942737078300238,
                0,
                0.6365858395142447,
                -0.7681645294788625,
                -0.06841980567230989,
                0,
                -11.831245422363274,
                -1.3802490234375,
                5.525663375854489,
                1
            ],
            "name": "index_0_R"
        },
        "index_1_L": {
            "children": [
                "index_2_L"
            ],
            "jointId": "index_1_L",
            "matrix": [
                0.9950928688049316,
                3.8981374927234837e-7,
                -0.09894332289695734,
                0,
                -4.3631057273884903e-7,
                1.0000000000000633,
                -4.482949325321002e-7,
                0,
                0.0989433566492462,
                4.892652752571139e-7,
                0.9950932082604045,
                0,
                4.901161193847656,
                0.0000019073486292597863,
                0,
                1
            ],
            "name": "index_1_L"
        },
        "index_1_R": {
            "children": [
                "index_2_R"
            ],
            "jointId": "index_1_R",
            "matrix": [
                0.9950929284095765,
                2.557322318578062e-7,
                -0.09894418716430647,
                0,
                -2.5729706951305613e-7,
                0.9999999999999872,
                -3.054878961792403e-9,
                0,
                0.09894419186584108,
                2.8497939240371895e-8,
                0.9950929756935143,
                0,
                -4.901149749755852,
                -0.000003814697265625,
                -0.00003051757815342171,
                1
            ],
            "name": "index_1_R"
        },
        "index_2_L": {
            "children": [],
            "jointId": "index_2_L",
            "matrix": [
                0.9999997615814205,
                3.918283937424238e-7,
                4.172325134832455e-7,
                0,
                -3.9182923346465925e-7,
                0.9999997019768095,
                0.00000206857725968018,
                0,
                -4.1723160343343224e-7,
                -0.000002068577053297281,
                0.9999995231635275,
                0,
                5.023490905761712,
                -0.000011444091796875,
                -0.00003051757815342171,
                1
            ],
            "name": "index_2_L"
        },
        "index_2_R": {
            "children": [],
            "jointId": "index_2_R",
            "matrix": [
                0.9999998211860661,
                -7.02919180786617e-8,
                -5.960464477539063e-8,
                0,
                7.029189707422114e-8,
                0.9999995231628409,
                -6.153051480693172e-10,
                0,
                5.96046412781881e-8,
                6.153011032937382e-10,
                0.9999997615814197,
                0,
                -5.023437499999986,
                0.0000019073486328125,
                0.00009155273434657829,
                1
            ],
            "name": "index_2_R"
        },
        "mid_0_L": {
            "children": [
                "mid_1_L"
            ],
            "jointId": "mid_0_L",
            "matrix": [
                0.8817867636680606,
                0.47061273455619806,
                0.031240699812769893,
                0,
                -0.012664135710828698,
                -0.04258868911406924,
                0.9990124061012031,
                0,
                0.4714781861641603,
                -0.881311039645812,
                -0.03159422040530389,
                0,
                12.847454071044915,
                -0.052032470703125,
                -1.2561941146850604,
                1
            ],
            "name": "mid_0_L"
        },
        "mid_0_R": {
            "children": [
                "mid_1_R"
            ],
            "jointId": "mid_0_R",
            "matrix": [
                0.8817865252494816,
                0.4706125259399416,
                0.03124097362160683,
                0,
                -0.012664482535188306,
                -0.04258864259885673,
                0.9990123578287685,
                0,
                0.47147829529416785,
                -0.8813113901454382,
                -0.0315940307738838,
                0,
                -12.84745025634765,
                0.05203247070315342,
                1.256178855895996,
                1
            ],
            "name": "mid_0_R"
        },
        "mid_1_L": {
            "children": [
                "mid_2_L"
            ],
            "jointId": "mid_1_L",
            "matrix": [
                0.9983900785446174,
                2.6635825634696575e-7,
                -0.056719243526458685,
                0,
                -2.487987363145039e-7,
                1.0000002384186173,
                3.1664967380107267e-7,
                0,
                0.056719270337093064,
                -3.0202828734532394e-7,
                0.9983905504724695,
                0,
                5.372245788574226,
                0.0000019073486328125,
                -0.000030517578125,
                1
            ],
            "name": "mid_1_L"
        },
        "mid_1_R": {
            "children": [
                "mid_2_R"
            ],
            "jointId": "mid_1_R",
            "matrix": [
                0.9983898401260375,
                6.314367055997028e-7,
                -0.05671957135200523,
                0,
                -6.098099822708647e-7,
                1.0000002384184392,
                3.986060697833138e-7,
                0,
                0.05671958262869525,
                -3.633760750978987e-7,
                0.9983900386166694,
                0,
                -5.372215270996094,
                -0.0000019073486328125,
                0.00001525878903407829,
                1
            ],
            "name": "mid_1_R"
        },
        "mid_2_L": {
            "children": [],
            "jointId": "mid_2_L",
            "matrix": [
                0.999999940395355,
                1.322478056058063e-7,
                8.940696716308594e-8,
                0,
                -1.3224777272932697e-7,
                0.9999997019767699,
                -1.490116120078655e-8,
                0,
                -8.94069743795356e-8,
                1.4901153796986755e-8,
                0.9999999999999998,
