{
    "accessors": [
        {
            "bufferView": 0,
            "byteOffset": 0,
            "componentType": 5126,
            "count": 2428,
            "max": [
                79.40626525878906,
                34.957279205322266,
                224.5225830078125
            ],
            "min": [
                -79.40621948242188,
                -6.6097517013549805,
                145.48109436035156
            ],
            "type": "VEC3"
        },
        {
            "bufferView": 0,
            "byteOffset": 29136,
            "componentType": 5126,
            "count": 2428,
            "max": [
                0.9983186721801758,
                0.9996928572654724,
                0.9999999403953552
            ],
            "min": [
                -0.9983186721801758,
                -0.9998926520347595,
                -0.9998581409454346
            ],
            "type": "VEC3"
        },
        {
            "bufferView": 0,
            "byteOffset": 58272,
            "componentType": 5126,
            "count": 2428,
            "max": [
                1.9922900199890137,
                0.9973570108413696
            ],
            "min": [
                0.0075321439653635025,
                0.002597332000732422
            ],
            "type": "VEC2"
        },
        {
            "bufferView": 0,
            "byteOffset": 77696,
            "componentType": 5123,
            "count": 2428,
            "max": [
                39,
                36,
                38,
                0
            ],
            "min": [
                0,
                0,
                0,
                0
            ],
            "type": "VEC4"
        },
        {
            "bufferView": 0,
            "byteOffset": 97120,
            "componentType": 5126,
            "count": 2428,
            "max": [
                1,
                0.9998229742050171,
                0.9722115993499756,
                0
            ],
            "min": [
                0.00014774770534131676,
                0,
                0,
                0
            ],
            "type": "VEC4"
        },
        {
            "bufferView": 2,
            "byteOffset": 0,
            "componentType": 5123,
            "count": 11220,
            "max": [
                2427
            ],
            "min": [
                0
            ],
            "type": "SCALAR"
        },
        {
            "bufferView": 1,
            "byteOffset": 0,
            "componentType": 5126,
            "count": 40,
            "max": [
                0.9999999999998792,
                0.9999999999999922,
                0.709032838835464,
                0,
                0.7821856798555691,
                0.9990125424867886,
                0.999999999999758,
                0,
                0.9913840782028404,
                0.9999998807897659,
                1,
                0,
                149.7649157875142,
                159.24101769025157,
                196.15258744172826,
                1
            ],
            "min": [
                -1.865020560284619e-7,
                -0.9999999999718892,
                -0.5660014579757369,
                0,
                -0.9999999999999732,
                -0.9990125780823614,
                -0.9999999999991953,
                0,
                -0.999985099202369,
                -0.999999761581265,
                -0.9897021689533294,
                0,
                -191.5211854194021,
                -159.24106835752536,
                -216.52832594807475,
                1
            ],
            "type": "MAT4"
        },
        {
            "bufferView": 0,
            "byteOffset": 135968,
            "componentType": 5126,
            "count": 314,
            "max": [
                20.99909019470215,
                20.071075439453125,
                202.87432861328125
            ],
            "min": [
                -21.045230865478516,
                -13.081097602844238,
                134.0029296875
            ],
            "type": "VEC3"
        },
        {
            "bufferView": 0,
            "byteOffset": 139736,
            "componentType": 5126,
            "count": 314,
            "max": [
                0.9385935664176941,
                0.9843884110450745,
                0.9603787064552307
            ],
            "min": [
                -0.9375107288360596,
                -0.9935120344161987,
                -0.8986794948577881
            ],
            "type": "VEC3"
        },
        {
            "bufferView": 0,
            "byteOffset": 143504,
            "componentType": 5126,
            "count": 314,
            "max": [
                0.9882901906967163,
                0.9877263307571411
            ],
            "min": [
                0.005440226756036282,
                0.006038844585418701
            ],
            "type": "VEC2"
        },
        {
            "bufferView": 0,
            "byteOffset": 146016,
            "componentType": 5123,
            "count": 314,
            "max": [
                0,
                0,
                0,
                0
            ],
            "min": [
                0,
                0,
                0,
                0
            ],
            "type": "VEC4"
        },
        {
            "bufferView": 0,
            "byteOffset": 148528,
            "componentType": 5126,
            "count": 314,
            "max": [
                1,
                0,
                0,
                0
            ],
            "min": [
                1,
                0,
                0,
                0
            ],
            "type": "VEC4"
        },
        {
            "bufferView": 2,
            "byteOffset": 22440,
            "componentType": 5123,
            "count": 1458,
            "max": [
                313
            ],
            "min": [
                0
            ],
            "type": "SCALAR"
        },
        {
            "bufferView": 1,
            "byteOffset": 2560,
            "componentType": 5126,
            "count": 1,
            "max": [
                1.6292068478213135e-7,
                0.9999999999999732,
                -6.123233995736683e-17,
                0,
                -0.9999999999999732,
                1.6292068478213135e-7,
                6.123232998135289e-17,
                0,
                6.123233995736603e-17,
                6.123232998135209e-17,
                1,
                0,
                3.7017133235930406,
                -6.030856596054919e-7,
                -156.04762268066406,
                1
            ],
            "min": [
                1.6292068478213135e-7,
                0.9999999999999732,
                -6.123233995736683e-17,
                0,
                -0.9999999999999732,
                1.6292068478213135e-7,
                6.123232998135289e-17,
                0,
                6.123233995736603e-17,
                6.123232998135209e-17,
                1,
                0,
                3.7017133235930406,
                -6.030856596054919e-7,
                -156.04762268066406,
                1
            ],
            "type": "MAT4"
        },
        {
            "bufferView": 0,
            "byteOffset": 153552,
            "componentType": 5126,
            "count": 288,
            "max": [
                53.77566909790039,
                39.669342041015625,
                181.17213439941406
            ],
            "min": [
                -53.775665283203125,
                13.809264183044434,
                156.49447631835938
            ],
            "type": "VEC3"
        },
        {
            "bufferView": 0,
            "byteOffset": 157008,
            "componentType": 5126,
            "count": 288,
            "max": [
                0.9997164011001587,
                0.8761685490608215,
                0.989963173866272
            ],
            "min": [
                -0.9997165203094482,
                -0.9654953479766846,
                -0.9939360618591309
            ],
            "type": "VEC3"
        },
        {
            "bufferView": 0,
            "byteOffset": 160464,
            "componentType": 5126,
            "count": 288,
            "max": [
                1.9934613704681396,
                0.9954147338867188
            ],
            "min": [
                0.013559741899371147,
                0.00458526611328125
            ],
            "type": "VEC2"
        },
        {
            "bufferView": 0,
            "byteOffset": 162768,
            "componentType": 5123,
            "count": 288,
            "max": [
                1,
                0,
                0,
                0
            ],
            "min": [
                0,
                0,
                0,
                0
            ],
            "type": "VEC4"
        },
        {
            "bufferView": 0,
            "byteOffset": 165072,
            "componentType": 5126,
            "count": 288,
            "max": [
                1,
                0,
                0,
                0
            ],
            "min": [
                1,
                0,
                0,
                0
            ],
            "type": "VEC4"
        },
        {
            "bufferView": 2,
            "byteOffset": 25356,
            "componentType": 5123,
            "count": 1224,
            "max": [
                287
            ],
            "min": [
                0
            ],
            "type": "SCALAR"
        },
        {
            "bufferView": 1,
            "byteOffset": 2624,
            "componentType": 5126,
            "count": 2,
            "max": [
                0.7462852380548662,
                -0.6621907857841668,
                0.06754089698271276,
                0,
                0.4039317027926363,
                0.36989131706899797,
                0.8366718202166784,
                0,
                0.5290536206380997,
                0.6516775714320775,
                0.5435243329552336,
                0,
                85.57611560978899,
                144.42083580912657,
                69.2289426516495,
                1
            ],
            "min": [
                0.7462851173634082,
                -0.662190846734048,
                0.06754044564124688,
                0,
                -0.4039313692466911,
                -0.3698913949281586,
                -0.8366718638362305,
                0,
                -0.5290538927058686,
                -0.6516773449726281,
                -0.5435241447282141,
                0,
                -85.5760426367843,
                -144.42084303985825,
                -69.2289435472586,
                1
            ],
            "type": "MAT4"
        },
        {
            "bufferView": 0,
            "byteOffset": 169680,
            "componentType": 5126,
            "count": 390,
            "max": [
                14.95193099975586,
                26.064266204833984,
                249.06378173828125
            ],
            "min": [
                -14.975305557250977,
                -1.9264363050460815,
                215.70550537109375
            ],
            "type": "VEC3"
        },
        {
            "bufferView": 0,
            "byteOffset": 174360,
            "componentType": 5126,
            "count": 390,
            "max": [
                0.9962877035140991,
                0.9967976808547974,
                0.9992794990539551
            ],
            "min": [
                -0.9962471723556519,
                -0.9995262622833252,
                -0.9995098114013672
            ],
            "type": "VEC3"
        },
        {
            "bufferView": 0,
            "byteOffset": 179040,
            "componentType": 5126,
            "count": 390,
            "max": [
                0.9905624985694885,
                0.9929891228675842
            ],
            "min": [
                0.009437519125640392,
                0.005993485450744629
            ],
            "type": "VEC2"
        },
        {
            "bufferView": 0,
            "byteOffset": 182160,
            "componentType": 5123,
            "count": 390,
            "max": [
                0,
                0,
                0,
                0
            ],
            "min": [
                0,
                0,
                0,
                0
            ],
            "type": "VEC4"
        },
        {
            "bufferView": 0,
            "byteOffset": 185280,
            "componentType": 5126,
            "count": 390,
            "max": [
                1,
                0,
                0,
                0
            ],
            "min": [
                1,
                0,
                0,
                0
            ],
            "type": "VEC4"
        },
        {
            "bufferView": 2,
            "byteOffset": 27804,
            "componentType": 5123,
            "count": 1854,
            "max": [
                389
            ],
            "min": [
                0
            ],
            "type": "SCALAR"
        },
        {
            "bufferView": 1,
            "byteOffset": 2752,
            "componentType": 5126,
            "count": 1,
            "max": [
                1.5195635846486877e-7,
                0.9999999999999639,
                1.1397422358185819e-7,
                0,
                -0.994304746444705,
                1.632375459143903e-7,
                -0.10657298670850966,
                0,
                -0.10657298670852576,
                -9.71306947051365e-8,
                0.9943047464447173,
                0,
                30.539343274143764,
                0.000011676323024936374,
                -216.52830610093716,
                1
            ],
            "min": [
                1.5195635846486877e-7,
                0.9999999999999639,
                1.1397422358185819e-7,
                0,
                -0.994304746444705,
                1.632375459143903e-7,
                -0.10657298670850966,
                0,
                -0.10657298670852576,
                -9.71306947051365e-8,
                0.9943047464447173,
                0,
                30.539343274143764,
                0.000011676323024936374,
                -216.52830610093716,
                1
            ],
            "type": "MAT4"
        },
        {
            "bufferView": 0,
            "byteOffset": 191520,
            "componentType": 5126,
            "count": 822,
            "max": [
                41.10073471069336,
                39.909828186035156,
                150.9090576171875
            ],
            "min": [
                -41.10708999633789,
                -24.8741512298584,
                45.19090270996094
            ],
            "type": "VEC3"
        },
        {
            "bufferView": 0,
            "byteOffset": 201384,
            "componentType": 5126,
            "count": 822,
            "max": [
                0.9962826371192932,
                0.9610207080841064,
                0.9698846340179443
            ],
            "min": [
                -0.996295690536499,
                -0.9734389185905457,
                -0.9905500411987305
            ],
            "type": "VEC3"
        },
        {
            "bufferView": 0,
            "byteOffset": 211248,
            "componentType": 5126,
            "count": 822,
            "max": [
                1.9453928470611572,
                0.9910992980003357
            ],
            "min": [
                0.004283570218831301,
                0.01014697551727295
            ],
            "type": "VEC2"
        },
        {
            "bufferView": 0,
            "byteOffset": 217824,
            "componentType": 5123,
            "count": 822,
            "max": [
                3,
                0,
                0,
                0
            ],
            "min": [
                0,
                0,
                0,
                0
            ],
            "type": "VEC4"
        },
        {
            "bufferView": 0,
            "byteOffset": 224400,
            "componentType": 5126,
            "count": 822,
            "max": [
                1,
                0,
                0,
                0
            ],
            "min": [
                1,
                0,
                0,
                0
            ],
            "type": "VEC4"
        },
        {
            "bufferView": 2,
            "byteOffset": 31512,
            "componentType": 5123,
            "count": 3516,
            "max": [
                821
            ],
            "min": [
                0
            ],
            "type": "SCALAR"
        },
        {
            "bufferView": 1,
            "byteOffset": 2816,
            "componentType": 5126,
            "count": 4,
            "max": [
                3.7990665019984624e-7,
                0.9999999999998812,
                8.328573441101653e-8,
                0,
                0.005453634684062248,
                3.79906650199856e-7,
                0.999991150859191,
                0,
                6.123233995733614e-17,
                2.096083733861799e-7,
                0.9999999999998868,
                0,
                149.7649005289514,
                -0.000011587933434307504,
                -2.1340631357714632,
                1
            ],
            "min": [
                -8.800511094471165e-8,
                -0.999999999999992,
                -2.0960837338615082e-7,
                0,
                -0.9999999999998557,
                -1.9031947105004098e-8,
                -7.95703826470253e-14,
                0,
                -0.9999911508591902,
                8.747022658021863e-8,
                -0.004210719041973672,
                0,
                11.234612464903302,
                -0.000034849822908881883,
                -147.65045166013874,
                1
            ],
            "type": "MAT4"
        },
        {
            "bufferView": 0,
            "byteOffset": 237552,
            "componentType": 5126,
            "count": 232,
            "max": [
                88.7850570678711,
                49.56249237060547,
                158.61862182617188
            ],
            "min": [
                61.32708740234375,
                4.572564125061035,
                135.41111755371094
            ],
            "type": "VEC3"
        },
        {
            "bufferView": 0,
            "byteOffset": 240336,
            "componentType": 5126,
            "count": 232,
            "max": [
                0.997520923614502,
                0.9675202965736389,
                0.9941984415054321
            ],
            "min": [
                -0.978491485118866,
                -0.9974696636199951,
                -0.9917144179344177
            ],
            "type": "VEC3"
        },
        {
            "bufferView": 0,
            "byteOffset": 243120,
            "componentType": 5126,
            "count": 232,
            "max": [
                1.9445279836654663,
                0.9744774699211121
            ],
            "min": [
                0.015710502862930298,
                0.011703193187713623
            ],
            "type": "VEC2"
        },
        {
            "bufferView": 0,
            "byteOffset": 244976,
            "componentType": 5123,
            "count": 232,
            "max": [
                2,
                2,
                3,
                0
            ],
            "min": [
                0,
                0,
                0,
                0
            ],
            "type": "VEC4"
        },
        {
            "bufferView": 0,
            "byteOffset": 246832,
            "componentType": 5126,
            "count": 232,
            "max": [
                1,
                0.42485469579696655,
                0.4457133114337921,
                0
            ],
            "min": [
                0.4351077675819397,
                0,
                0,
                0
            ],
            "type": "VEC4"
        },
        {
            "bufferView": 2,
            "byteOffset": 38544,
            "componentType": 5123,
            "count": 858,
            "max": [
                231
            ],
            "min": [
                0
            ],
            "type": "SCALAR"
        },
        {
            "bufferView": 1,
            "byteOffset": 3072,
            "componentType": 5126,
            "count": 4,
            "max": [
                0.69703189271797,
                0.10686398276040002,
                0.7090323061248958,
                0,
                -0.0749163816548262,
                0.9942738907381061,
                -0.06754102810324042,
                0,
                -0.3297568806332068,
                0.5983531194252489,
                0.7010463923278355,
                0,
                58.88302914896473,
                -17.74353879217864,
                160.0290619778403,
                1
            ],
            "min": [
                0.43730980590608737,
                -0.5886899706823575,
                -0.6798561694075779,
                0,
                -0.836672249441516,
                -0.5494041476007189,
                -0.07620658183413838,
                0,
                -0.7131157897349745,
                2.831221803168971e-7,
                -0.7302288201414698,
                0,
                11.896546708415391,
                -30.0520063717895,
                -155.6959939867528,
                1
            ],
            "type": "MAT4"
        }
    ],
    "asset": {
        "generator": "ClayGL - fbx2gltf",
        "version": "2.0"
    },
    "bufferViews": [
        {
            "buffer": 0,
            "byteLength": 250544,
            "byteOffset": 0,
            "target": 34962
        },
        {
            "buffer": 0,
            "byteLength": 3328,
            "byteOffset": 250544,
            "target": 34962
        },
        {
            "buffer": 0,
            "byteLength": 40260,
            "byteOffset": 253872,
            "target": 34963
        }
    ],
    "buffers": [
        {
            "byteLength": 294132,
            "uri": "razor.bin"
        }
    ],
    "images": [
        {
            "uri": "textures/revrazor_color.png"
        },
        {
            "uri": "textures/razor_armor_color.png"
        },
        {
            "uri": "textures/razor_bracers_color.png"
        },
        {
            "uri": "textures/razor_head_color.png"
        },
        {
            "uri": "textures/razor_robe_color.png"
        },
        {
            "uri": "textures/razor_weapon_color.png"
        }
    ],
    "materials": [
        {
            "emissiveFactor": [
                0,
                0,
                0
            ],
            "name": "Material #35",
            "pbrMetallicRoughness": {
                "baseColorFactor": [
                    1,
                    1,
                    1,
                    1
                ],
                "baseColorTexture": {
                    "index": 0,
                    "texCoord": 0
                },
                "metallicFactor": 0,
                "roughnessFactor": 0.9230769230769231
            }
        },
        {
            "emissiveFactor": [
                0,
                0,
                0
            ],
            "name": "Material #46",
            "pbrMetallicRoughness": {
                "baseColorFactor": [
                    1,
                    1,
                    1,
                    1
                ],
                "baseColorTexture": {
                    "index": 1,
                    "texCoord": 0
                },
                "metallicFactor": 0,
                "roughnessFactor": 0.9230769230769231
            }
        },
        {
            "emissiveFactor": [
                0,
                0,
                0
            ],
            "name": "Material #57",
            "pbrMetallicRoughness": {
                "baseColorFactor": [
                    1,
                    1,
                    1,
                    1
                ],
                "baseColorTexture": {
                    "index": 2,
                    "texCoord": 0
                },
                "metallicFactor": 0,
                "roughnessFactor": 0.9230769230769231
            }
        },
        {
            "emissiveFactor": [
                0,
                0,
                0
            ],
            "name": "Material #68",
            "pbrMetallicRoughness": {
                "baseColorFactor": [
                    1,
                    1,
                    1,
                    1
                ],
                "baseColorTexture": {
                    "index": 3,
                    "texCoord": 0
                },
                "metallicFactor": 0,
                "roughnessFactor": 0.9230769230769231
            }
        },
        {
            "emissiveFactor": [
                0,
                0,
                0
            ],
            "name": "Material #79",
            "pbrMetallicRoughness": {
                "baseColorFactor": [
                    1,
                    1,
                    1,
                    1
                ],
                "baseColorTexture": {
                    "index": 4,
                    "texCoord": 0
                },
                "metallicFactor": 0,
                "roughnessFactor": 0.9230769230769231
            }
        },
        {
            "emissiveFactor": [
                0,
                0,
                0
            ],
            "name": "Material #90",
            "pbrMetallicRoughness": {
                "baseColorFactor": [
                    1,
                    1,
                    1,
                    1
                ],
                "baseColorTexture": {
                    "index": 5,
                    "texCoord": 0
                },
                "metallicFactor": 0,
                "roughnessFactor": 0.9230769230769231
            }
        }
    ],
    "meshes": [
        {
            "name": "razor_model_LOD0",
            "primitives": [
                {
                    "attributes": {
                        "JOINTS_0": 3,
                        "NORMAL": 1,
                        "POSITION": 0,
                        "TEXCOORD_0": 2,
                        "WEIGHTS_0": 4
                    },
                    "indices": 5,
                    "material": 0
                }
            ]
        },
        {
            "name": "razor_armor_model_LOD0",
            "primitives": [
                {
                    "attributes": {
                        "JOINTS_0": 10,
                        "NORMAL": 8,
                        "POSITION": 7,
                        "TEXCOORD_0": 9,
                        "WEIGHTS_0": 11
                    },
                    "indices": 12,
                    "material": 1
                }
            ]
        },
        {
            "name": "razor_bracers_model_LOD0",
            "primitives": [
                {
                    "attributes": {
                        "JOINTS_0": 17,
                        "NORMAL": 15,
                        "POSITION": 14,
                        "TEXCOORD_0": 16,
                        "WEIGHTS_0": 18
                    },
                    "indices": 19,
                    "material": 2
                }
            ]
        },
        {
            "name": "razor_head_model_LOD0",
            "primitives": [
                {
                    "attributes": {
                        "JOINTS_0": 24,
                        "NORMAL": 22,
                        "POSITION": 21,
                        "TEXCOORD_0": 23,
                        "WEIGHTS_0": 25
                    },
                    "indices": 26,
                    "material": 3
                }
            ]
        },
        {
            "name": "razor_robe_model_LOD0",
            "primitives": [
                {
                    "attributes": {
                        "JOINTS_0": 31,
                        "NORMAL": 29,
                        "POSITION": 28,
                        "TEXCOORD_0": 30,
                        "WEIGHTS_0": 32
                    },
                    "indices": 33,
                    "material": 4
                }
            ]
        },
        {
            "name": "razor_weapon_model_LOD0",
            "primitives": [
                {
                    "attributes": {
                        "JOINTS_0": 38,
                        "NORMAL": 36,
                        "POSITION": 35,
                        "TEXCOORD_0": 37,
                        "WEIGHTS_0": 39
                    },
                    "indices": 40,
                    "material": 5
                }
            ]
        }
    ],
    "nodes": [
        {
            "children": [
                1,
                45,
                48
            ],
            "matrix": [
                1.6292068478213574e-7,
                1.469367938527879e-39,
                1.0000000000000002,
                0,
                1.0000000000000002,
                6.123233995736847e-17,
                -1.6292068478213574e-7,
                0,
                -6.123233995736685e-17,
                1,
                9.976014756666736e-24,
                0,
                -1.9496602886282487e-14,
                156.04762268066406,
                -3.7017133235931396,
                1
            ],
            "name": "root"
        },
        {
            "children": [
                2
            ],
            "matrix": [
                -0.2481335550546642,
                3.038759153287874e-17,
                0.9687257409095767,
                0,
                -2.3096222832709464e-7,
                1.0000000000000004,
                -5.915965314881217e-8,
                0,
                -0.9687257409095767,
                -2.384185508099072e-7,
                -0.2481335550546642,
                0,
                -2.5649025440216056,
                -1.0587911840678754e-22,
                12.95001220703125,
                1
            ],
            "name": "spine1"
        },
        {
            "children": [
                3
            ],
            "matrix": [
                0.9917194247245784,
                0,
                0.12842471897602067,
                0,
                -1.316216973651357e-8,
                1,
                1.0164070829432603e-7,
                0,
                -0.1284247189760207,
                -1.0248941270777411e-7,
                0.9917194247245781,
                0,
                13.368072509765597,
                1.7382899386575446e-7,
                -0.000003814697265625,
                1
            ],
            "name": "spine2"
        },
        {
            "children": [
                4,
                6,
                29
            ],
            "matrix": [
                0.9693637490272528,
                3.970466940254533e-23,
                -0.24562987685203563,
                0,
                -9.002323338142644e-16,
                1.0000000000000002,
                -3.552713467042264e-15,
                0,
                0.24562987685203577,
                3.664995836892939e-15,
                0.9693637490272525,
                0,
                10.198318481445284,
                1.6940658945086007e-21,
                0.000011444091796875,
                1
            ],
            "name": "spine3"
        },
        {
            "children": [
                5
            ],
            "matrix": [
                0.8770788908004762,
                7.105427384070781e-15,
                -0.48034632205963135,
                0,
                -7.128390606089523e-15,
                1.0000000000000002,
                1.7763570511584873e-15,
                0,
                0.4803463220596313,
                1.8660911392554566e-15,
                0.8770788908004761,
                0,
                8.619033813476534,
                -9.094946983847964e-13,
                1.7763568394002505e-15,
                1
            ],
            "name": "neck1"
        },
        {
            "matrix": [
                0.25989097356796326,
                -1.687538997430238e-14,
                -0.9656381607055665,
                0,
                5.173228557889194e-14,
                1,
                -3.552713678800501e-15,
                0,
                0.9656381607055662,
                -4.9031350852358544e-14,
                0.25989097356796315,
                0,
                19.93145751953125,
                0.0000032998368624248525,
                1.4210854715202004e-14,
                1
            ],
            "name": "head"
        },
        {
            "children": [
                7
            ],
            "matrix": [
                -0.045852839946746826,
                0.7861090302467352,
                0.6163846850395204,
                0,
                0.035892183979540776,
                -0.6153388942512606,
                0.7874452947661885,
                0,
                0.9983029978414991,
                0.058229976352818374,
                -1.3411043872646466e-7,
                0,
                4.813690185546847,
                2.5899994373321533,
                -4.349806785583494,
                1
            ],
            "name": "clavicle_L"
        },
        {
            "children": [
                8
            ],
            "matrix": [
                0.7485656738281248,
                0.09618484973907465,
                -0.6560473442077637,
                0,
                -0.6621243373854353,
                0.16100200626741856,
                -0.7318947347805238,
                0,
                0.035227736147461386,
                0.9822557035951276,
                0.18420681429363261,
                0,
                16.461673736572266,
                0.00002384185790926807,
                0,
                1
            ],
            "name": "bicep_L"
        },
        {
            "children": [
                9
            ],
            "matrix": [
                0.584586560726166,
                -2.980232241545089e-8,
                -0.811331629753113,
                0,
                -1.0412661194392214e-7,
                1.0000002384187023,
                -1.1175867442592136e-7,
                0,
                0.8113314618470551,
                1.4981376605938124e-7,
                0.584586439745268,
                0,
                23.547927856445284,
                -2.842170943040401e-14,
                -0.000005722045894884786,
                1
            ],
            "name": "elbow_L"
        },
        {
            "children": [
                10,
                13,
                16,
                23,
                26
            ],
            "matrix": [
                0.7462850809097286,
                -0.6621911525726317,
                0.06754111498594273,
                0,
                0.5290539976861367,
                0.651677869292244,
                0.5435239544318209,
                0,
                -0.4039316168595947,
                -0.36989075028702956,
                0.836671960824126,
                0,
                33.600963592529304,
                -0.000030517578125,
                0.00000762939453125,
                1
            ],
            "name": "wrist_L"
        },
        {
            "children": [
                11
            ],
            "matrix": [
                0.8119197487831119,
                0.39889115095138555,
                0.4262305796146393,
                0,
                -0.4611992215539841,
                -0.009314381897173358,
                0.887247885781335,
                0,
                0.3578851613889931,
                -0.91695066857139,
                0.17640563774637946,
                0,
                11.127738952636712,
                0.301116943359375,
                2.9748382568359375,
                1
            ],
            "name": "ring_0_L"
        },
        {
            "children": [
                12
            ],
            "matrix": [
                0.9952313899993902,
                1.345761119764255e-7,
                -0.09753921627998362,
                0,
                -1.3795916764536287e-7,
                0.999999761581424,
                -2.7939676905397448e-8,
                0,
                0.09753922671797306,
                4.126288680184054e-8,
                0.9952314965024023,
                0,
                4.830986022949215,
                0.000006675720218396464,
                2.842170943040401e-14,
                1
            ],
            "name": "ring_1_L"
        },
        {
            "matrix": [
                1.000000357627869,
                -1.522712410051419e-7,
                2.9802322373817525e-8,
                0,
                1.5227122496241918e-7,
                1.0000002384185775,
                -7.264316087551848e-8,
                0,
                -2.9802298934233917e-8,
                7.264314372257274e-8,
                0.9999999403953705,
                0,
                4.540294647216786,
                0.000013351440426134786,
                0.000030517578125,
                1
            ],
            "name": "ring_2_L"
        },
        {
            "children": [
                14
            ],
            "matrix": [
                0.7637655138969422,
                0.6402528882026675,
                -0.08208975940942766,
                0,
                0.10686391337093727,
                0.0000011111220259706256,
                0.9942736304633975,
                0,
                0.6365864268196733,
                -0.7681640681855924,
                -0.06841905604300409,
                0,
                11.831226348876953,
                1.3802490234375284,
                -5.5256805419921875,
                1
            ],
            "name": "index_0_L"
        },
        {
            "children": [
                15
            ],
            "matrix": [
                0.9950928688049314,
                3.8981374929358825e-7,
                -0.09894332289695734,
                0,
                -4.363105727683836e-7,
                1.000000000000063,
                -4.4829493253684127e-7,
                0,
                0.09894335664924603,
                4.892652752941373e-7,
                0.9950932082604044,
                0,
                4.901161193847642,
                0.0000019073486292597863,
                0,
                1
            ],
            "name": "index_1_L"
        },
        {
            "matrix": [
                0.9999997615814209,
                3.9182839371709743e-7,
                4.1723251348671497e-7,
                0,
                -3.918292334342821e-7,
                0.9999997019768094,
                0.000002068577259706217,
                0,
                -4.1723160344644267e-7,
                -0.000002068577053301879,
                0.999999523163528,
                0,
                5.023490905761719,
