{
    "animations": {},
    "asset": {},
    "attributes": {
        "attribute_1": {
            "bufferView": "bufferView_37",
            "byteOffset": 0,
            "byteStride": 12,
            "count": 1934,
            "max": [
                1,
                1,
                1
            ],
            "min": [
                0,
                0,
                0
            ],
            "type": "FLOAT_VEC3"
        },
        "attribute_10": {
            "bufferView": "bufferView_37",
            "byteOffset": 124040,
            "byteStride": 16,
            "count": 250,
            "max": [
                1,
                1,
                1
            ],
            "min": [
                0,
                0,
                0
            ],
            "type": "FLOAT_VEC4"
        },
        "attribute_11": {
            "bufferView": "bufferView_37",
            "byteOffset": 128040,
            "byteStride": 12,
            "count": 250,
            "max": [
                1,
                1,
                1
            ],
            "min": [
                0,
                0,
                0
            ],
            "type": "FLOAT_VEC3"
        },
        "attribute_13": {
            "bufferView": "bufferView_37",
            "byteOffset": 131040,
            "byteStride": 12,
            "count": 208,
            "max": [
                1,
                1,
                1
            ],
            "min": [
                0,
                0,
                0
            ],
            "type": "FLOAT_VEC3"
        },
        "attribute_14": {
            "bufferView": "bufferView_37",
            "byteOffset": 133536,
            "byteStride": 12,
            "count": 208,
            "max": [
                1,
                1,
                1
            ],
            "min": [
                0,
                0,
                0
            ],
            "type": "FLOAT_VEC3"
        },
        "attribute_15": {
            "bufferView": "bufferView_37",
            "byteOffset": 136032,
            "byteStride": 8,
            "count": 208,
            "max": [
                1,
                1,
                1
            ],
            "min": [
                0,
                0,
                0
            ],
            "type": "FLOAT_VEC2"
        },
        "attribute_16": {
            "bufferView": "bufferView_37",
            "byteOffset": 137696,
            "byteStride": 16,
            "count": 208,
            "max": [
                1,
                1,
                1
            ],
            "min": [
                0,
                0,
                0
            ],
            "type": "FLOAT_VEC4"
        },
        "attribute_17": {
            "bufferView": "bufferView_37",
            "byteOffset": 141024,
            "byteStride": 12,
            "count": 208,
            "max": [
                1,
                1,
                1
            ],
            "min": [
                0,
                0,
                0
            ],
            "type": "FLOAT_VEC3"
        },
        "attribute_19": {
            "bufferView": "bufferView_37",
            "byteOffset": 143520,
            "byteStride": 12,
            "count": 311,
            "max": [
                1,
                1,
                1
            ],
            "min": [
                0,
                0,
                0
            ],
            "type": "FLOAT_VEC3"
        },
        "attribute_2": {
            "bufferView": "bufferView_37",
            "byteOffset": 23208,
            "byteStride": 12,
            "count": 1934,
            "max": [
                1,
                1,
                1
            ],
            "min": [
                0,
                0,
                0
            ],
            "type": "FLOAT_VEC3"
        },
        "attribute_20": {
            "bufferView": "bufferView_37",
            "byteOffset": 147252,
            "byteStride": 12,
            "count": 311,
            "max": [
                1,
                1,
                1
            ],
            "min": [
                0,
                0,
                0
            ],
            "type": "FLOAT_VEC3"
        },
        "attribute_21": {
            "bufferView": "bufferView_37",
            "byteOffset": 150984,
            "byteStride": 8,
            "count": 311,
            "max": [
                1,
                1,
                1
            ],
            "min": [
                0,
                0,
                0
            ],
            "type": "FLOAT_VEC2"
        },
        "attribute_22": {
            "bufferView": "bufferView_37",
            "byteOffset": 153472,
            "byteStride": 16,
            "count": 311,
            "max": [
                1,
                1,
                1
            ],
            "min": [
                0,
                0,
                0
            ],
            "type": "FLOAT_VEC4"
        },
        "attribute_23": {
            "bufferView": "bufferView_37",
            "byteOffset": 158448,
            "byteStride": 12,
            "count": 311,
            "max": [
                1,
                1,
                1
            ],
            "min": [
                0,
                0,
                0
            ],
            "type": "FLOAT_VEC3"
        },
        "attribute_25": {
            "bufferView": "bufferView_37",
            "byteOffset": 162180,
            "byteStride": 12,
            "count": 604,
            "max": [
                1,
                1,
                1
            ],
            "min": [
                0,
                0,
                0
            ],
            "type": "FLOAT_VEC3"
        },
        "attribute_26": {
            "bufferView": "bufferView_37",
            "byteOffset": 169428,
            "byteStride": 12,
            "count": 604,
            "max": [
                1,
                1,
                1
            ],
            "min": [
                0,
                0,
                0
            ],
            "type": "FLOAT_VEC3"
        },
        "attribute_27": {
            "bufferView": "bufferView_37",
            "byteOffset": 176676,
            "byteStride": 8,
            "count": 604,
            "max": [
                1,
                1,
                1
            ],
            "min": [
                0,
                0,
                0
            ],
            "type": "FLOAT_VEC2"
        },
        "attribute_28": {
            "bufferView": "bufferView_37",
            "byteOffset": 181508,
            "byteStride": 16,
            "count": 604,
            "max": [
                1,
                1,
                1
            ],
            "min": [
                0,
                0,
                0
            ],
            "type": "FLOAT_VEC4"
        },
        "attribute_29": {
            "bufferView": "bufferView_37",
            "byteOffset": 191172,
            "byteStride": 12,
            "count": 604,
            "max": [
                1,
                1,
                1
            ],
            "min": [
                0,
                0,
                0
            ],
            "type": "FLOAT_VEC3"
        },
        "attribute_3": {
            "bufferView": "bufferView_37",
            "byteOffset": 46416,
            "byteStride": 8,
            "count": 1934,
            "max": [
                1,
                1,
                1
            ],
            "min": [
                0,
                0,
                0
            ],
            "type": "FLOAT_VEC2"
        },
        "attribute_31": {
            "bufferView": "bufferView_37",
            "byteOffset": 198420,
            "byteStride": 12,
            "count": 151,
            "max": [
                1,
                1,
                1
            ],
            "min": [
                0,
                0,
                0
            ],
            "type": "FLOAT_VEC3"
        },
        "attribute_32": {
            "bufferView": "bufferView_37",
            "byteOffset": 200232,
            "byteStride": 12,
            "count": 151,
            "max": [
                1,
                1,
                1
            ],
            "min": [
                0,
                0,
                0
            ],
            "type": "FLOAT_VEC3"
        },
        "attribute_33": {
            "bufferView": "bufferView_37",
            "byteOffset": 202044,
            "byteStride": 8,
            "count": 151,
            "max": [
                1,
                1,
                1
            ],
            "min": [
                0,
                0,
                0
            ],
            "type": "FLOAT_VEC2"
        },
        "attribute_34": {
            "bufferView": "bufferView_37",
            "byteOffset": 203252,
            "byteStride": 16,
            "count": 151,
            "max": [
                1,
                1,
                1
            ],
            "min": [
                0,
                0,
                0
            ],
            "type": "FLOAT_VEC4"
        },
        "attribute_35": {
            "bufferView": "bufferView_37",
            "byteOffset": 205668,
            "byteStride": 12,
            "count": 151,
            "max": [
                1,
                1,
                1
            ],
            "min": [
                0,
                0,
                0
            ],
            "type": "FLOAT_VEC3"
        },
        "attribute_4": {
            "bufferView": "bufferView_37",
            "byteOffset": 61888,
            "byteStride": 16,
            "count": 1934,
            "max": [
                1,
                1,
                1
            ],
            "min": [
                0,
                0,
                0
            ],
            "type": "FLOAT_VEC4"
        },
        "attribute_5": {
            "bufferView": "bufferView_37",
            "byteOffset": 92832,
            "byteStride": 12,
            "count": 1934,
            "max": [
                1,
                1,
                1
            ],
            "min": [
                0,
                0,
                0
            ],
            "type": "FLOAT_VEC3"
        },
        "attribute_7": {
            "bufferView": "bufferView_37",
            "byteOffset": 116040,
            "byteStride": 12,
            "count": 250,
            "max": [
                1,
                1,
                1
            ],
            "min": [
                0,
                0,
                0
            ],
            "type": "FLOAT_VEC3"
        },
        "attribute_8": {
            "bufferView": "bufferView_37",
            "byteOffset": 119040,
            "byteStride": 12,
            "count": 250,
            "max": [
                1,
                1,
                1
            ],
            "min": [
                0,
                0,
                0
            ],
            "type": "FLOAT_VEC3"
        },
        "attribute_9": {
            "bufferView": "bufferView_37",
            "byteOffset": 122040,
            "byteStride": 8,
            "count": 250,
            "max": [
                1,
                1,
                1
            ],
            "min": [
                0,
                0,
                0
            ],
            "type": "FLOAT_VEC2"
        }
    },
    "bufferViews": {
        "bufferView_37": {
            "buffer": "razor.bin",
            "byteLength": 207480,
            "byteOffset": 0,
            "target": "ARRAY_BUFFER"
        },
        "bufferView_38": {
            "buffer": "razor.bin",
            "byteLength": 40260,
            "byteOffset": 207480,
            "target": "ELEMENT_ARRAY_BUFFER"
        }
    },
    "buffers": {
        "razor.bin": {
            "byteLength": 247740,
            "path": "razor.bin"
        }
    },
    "cameras": {},
    "images": {
        "image_0": {
            "path": "textures/revrazor_color.png"
        },
        "image_1": {
            "path": "textures/razor_armor_color.png"
        },
        "image_2": {
            "path": "textures/razor_bracers_color.png"
        },
        "image_3": {
            "path": "textures/razor_head_color.png"
        },
        "image_4": {
            "path": "textures/razor_robe_color.png"
        },
        "image_5": {
            "path": "textures/razor_weapon_color.png"
        }
    },
    "indices": {
        "indices_12": {
            "bufferView": "bufferView_38",
            "byteOffset": 22440,
            "count": 1458,
            "type": "UNSIGNED_SHORT"
        },
        "indices_18": {
            "bufferView": "bufferView_38",
            "byteOffset": 25356,
            "count": 1224,
            "type": "UNSIGNED_SHORT"
        },
        "indices_24": {
            "bufferView": "bufferView_38",
            "byteOffset": 27804,
            "count": 1854,
            "type": "UNSIGNED_SHORT"
        },
        "indices_30": {
            "bufferView": "bufferView_38",
            "byteOffset": 31512,
            "count": 3516,
            "type": "UNSIGNED_SHORT"
        },
        "indices_36": {
            "bufferView": "bufferView_38",
            "byteOffset": 38544,
            "count": 858,
            "type": "UNSIGNED_SHORT"
        },
        "indices_6": {
            "bufferView": "bufferView_38",
            "byteOffset": 0,
            "count": 11220,
            "type": "UNSIGNED_SHORT"
        }
    },
    "lights": {},
    "materials": {
        "Material #35": {
            "instanceTechnique": {
                "technique": "technique_0",
                "values": [
                    {
                        "parameter": "ambient",
                        "value": [
                            0.5879999995231628,
                            0.5879999995231628,
                            0.5879999995231628
                        ]
                    },
                    {
                        "parameter": "emission",
                        "value": [
                            0,
                            0,
                            0
                        ]
                    },
                    {
                        "parameter": "diffuse",
                        "value": "Map #7"
                    },
                    {
                        "parameter": "shininess",
                        "value": 2
                    },
                    {
                        "parameter": "specular",
                        "value": [
                            0.8999999761581421,
                            0.8999999761581421,
                            0.8999999761581421
                        ]
                    }
                ]
            },
            "name": "Material #35"
        },
        "Material #46": {
            "instanceTechnique": {
                "technique": "technique_0",
                "values": [
                    {
                        "parameter": "ambient",
                        "value": [
                            0.5879999995231628,
                            0.5879999995231628,
                            0.5879999995231628
                        ]
                    },
                    {
                        "parameter": "emission",
                        "value": [
                            0,
                            0,
                            0
                        ]
                    },
                    {
                        "parameter": "diffuse",
                        "value": "Map #8"
                    },
                    {
                        "parameter": "shininess",
                        "value": 2
                    },
                    {
                        "parameter": "specular",
                        "value": [
                            0.8999999761581421,
                            0.8999999761581421,
                            0.8999999761581421
                        ]
                    }
                ]
            },
            "name": "Material #46"
        },
        "Material #57": {
            "instanceTechnique": {
                "technique": "technique_0",
                "values": [
                    {
                        "parameter": "ambient",
                        "value": [
                            0.5879999995231628,
                            0.5879999995231628,
                            0.5879999995231628
                        ]
                    },
                    {
                        "parameter": "emission",
                        "value": [
                            0,
                            0,
                            0
                        ]
                    },
                    {
                        "parameter": "diffuse",
                        "value": "Map #9"
                    },
                    {
                        "parameter": "shininess",
                        "value": 2
                    },
                    {
                        "parameter": "specular",
                        "value": [
                            0.8999999761581421,
                            0.8999999761581421,
                            0.8999999761581421
                        ]
                    }
                ]
            },
            "name": "Material #57"
        },
        "Material #68": {
            "instanceTechnique": {
                "technique": "technique_0",
                "values": [
                    {
                        "parameter": "ambient",
                        "value": [
                            0.5879999995231628,
                            0.5879999995231628,
                            0.5879999995231628
                        ]
                    },
                    {
                        "parameter": "emission",
                        "value": [
                            0,
                            0,
                            0
                        ]
                    },
                    {
                        "parameter": "diffuse",
                        "value": "Map #10"
                    },
                    {
                        "parameter": "shininess",
                        "value": 2
                    },
                    {
                        "parameter": "specular",
                        "value": [
                            0.8999999761581421,
                            0.8999999761581421,
                            0.8999999761581421
                        ]
                    }
                ]
            },
            "name": "Material #68"
        },
        "Material #79": {
            "instanceTechnique": {
                "technique": "technique_0",
                "values": [
                    {
                        "parameter": "ambient",
                        "value": [
                            0.5879999995231628,
                            0.5879999995231628,
                            0.5879999995231628
                        ]
                    },
                    {
                        "parameter": "emission",
                        "value": [
                            0,
                            0,
                            0
                        ]
                    },
                    {
                        "parameter": "diffuse",
                        "value": "Map #11"
                    },
                    {
                        "parameter": "shininess",
                        "value": 2
                    },
                    {
                        "parameter": "specular",
                        "value": [
                            0.8999999761581421,
                            0.8999999761581421,
                            0.8999999761581421
                        ]
                    }
                ]
            },
            "name": "Material #79"
        },
        "Material #90": {
            "instanceTechnique": {
                "technique": "technique_0",
                "values": [
                    {
                        "parameter": "ambient",
                        "value": [
                            0.5879999995231628,
                            0.5879999995231628,
                            0.5879999995231628
                        ]
                    },
                    {
                        "parameter": "emission",
                        "value": [
                            0,
                            0,
                            0
                        ]
                    },
                    {
                        "parameter": "diffuse",
                        "value": "Map #12"
                    },
                    {
                        "parameter": "shininess",
                        "value": 2
                    },
                    {
                        "parameter": "specular",
                        "value": [
                            0.8999999761581421,
                            0.8999999761581421,
                            0.8999999761581421
                        ]
                    }
                ]
            },
            "name": "Material #90"
        }
    },
    "meshes": {
        "razor_armor_model_LOD0-mesh": {
            "name": "razor_armor_model_LOD0-mesh",
            "primitives": [
                {
                    "indices": "indices_12",
                    "material": "Material #46",
                    "semantics": {
                        "JOINT": "attribute_10",
                        "NORMAL": "attribute_8",
                        "POSITION": "attribute_7",
                        "TEXCOORD_0": "attribute_9",
                        "WEIGHT": "attribute_11"
                    },
                    "skin": "skin_1"
                }
            ]
        },
        "razor_bracers_model_LOD0-mesh": {
            "name": "razor_bracers_model_LOD0-mesh",
            "primitives": [
                {
                    "indices": "indices_18",
                    "material": "Material #57",
                    "semantics": {
                        "JOINT": "attribute_16",
                        "NORMAL": "attribute_14",
                        "POSITION": "attribute_13",
                        "TEXCOORD_0": "attribute_15",
                        "WEIGHT": "attribute_17"
                    },
                    "skin": "skin_2"
                }
            ]
        },
        "razor_head_model_LOD0-mesh": {
            "name": "razor_head_model_LOD0-mesh",
            "primitives": [
                {
                    "indices": "indices_24",
                    "material": "Material #68",
                    "semantics": {
                        "JOINT": "attribute_22",
                        "NORMAL": "attribute_20",
                        "POSITION": "attribute_19",
                        "TEXCOORD_0": "attribute_21",
                        "WEIGHT": "attribute_23"
                    },
                    "skin": "skin_3"
                }
            ]
        },
        "razor_model_LOD0-mesh": {
            "name": "razor_model_LOD0-mesh",
            "primitives": [
                {
                    "indices": "indices_6",
                    "material": "Material #35",
                    "semantics": {
                        "JOINT": "attribute_4",
                        "NORMAL": "attribute_2",
                        "POSITION": "attribute_1",
                        "TEXCOORD_0": "attribute_3",
                        "WEIGHT": "attribute_5"
                    },
                    "skin": "skin_0"
                }
            ]
        },
        "razor_robe_model_LOD0-mesh": {
            "name": "razor_robe_model_LOD0-mesh",
            "primitives": [
                {
                    "indices": "indices_30",
                    "material": "Material #79",
                    "semantics": {
                        "JOINT": "attribute_28",
                        "NORMAL": "attribute_26",
                        "POSITION": "attribute_25",
                        "TEXCOORD_0": "attribute_27",
                        "WEIGHT": "attribute_29"
                    },
                    "skin": "skin_4"
                }
            ]
        },
        "razor_weapon_model_LOD0-mesh": {
            "name": "razor_weapon_model_LOD0-mesh",
            "primitives": [
                {
                    "indices": "indices_36",
                    "material": "Material #90",
                    "semantics": {
                        "JOINT": "attribute_34",
                        "NORMAL": "attribute_32",
                        "POSITION": "attribute_31",
                        "TEXCOORD_0": "attribute_33",
                        "WEIGHT": "attribute_35"
                    },
                    "skin": "skin_5"
                }
            ]
        }
    },
    "nodes": {
        "armor0_0": {
            "children": [
                "armor0_1"
            ],
            "matrix": [
                -0.0054536350071319765,
                -8.889362845777001e-8,
                -0.9999851584434509,
                0,
                1.8195307698240755e-7,
                -1.0000000000000002,
                8.790262739929877e-8,
                0,
                -0.9999851584434513,
                -1.8147098766952272e-7,
                0.005453635007148109,
                0,
                1.1802012920379634,
                -8.164874998328742e-8,
                -6.2667388916015625,
                1
            ],
            "name": "armor0_0"
        },
        "armor0_1": {
            "children": [
                "armor0_2"
            ],
            "matrix": [
                0.999953508377075,
                -7.105427344366112e-15,
                -0.00966424494981766,
                0,
                9.924300151192582e-10,
                0.9999999999999997,
                1.026853908570046e-7,
                0,
                0.009664244949817657,
                -1.0269020793329474e-7,
                0.9999535083770752,
                0,
                25.17123413085939,
                -0.000001114442966354547,
                -0.0000019073486328125,
                1
            ],
            "name": "armor0_1"
        },
        "armor0_2": {
            "children": [],
            "matrix": [
                0.9999997019767761,
                1.3234889800848443e-23,
                4.768371582013903e-7,
                0,
                -2.7972807260233638e-14,
                0.9999999999999993,
                5.866321117764528e-8,
                0,
                -4.7683715820225764e-7,
                -5.866319369465931e-8,
                0.9999997019767758,
                0,
                20.748374938964844,
                -9.157274689641781e-7,
                -0.0000040531158447265625,
                1
            ],
            "name": "armor0_2"
        },
        "armor_back1_0": {
            "children": [],
            "matrix": [
                0.9999999999999999,
                2.3742653354474896e-7,
                -3.725291151113197e-7,
                0,
                -2.3742645545952721e-7,
                1,
                2.096083733249543e-7,
                0,
                3.7252916487788824e-7,
                -2.0960828487667516e-7,
                0.9999999999999999,
                0,
                -7.532898902893065,
                -0.000001594317154740565,
                -8.397171020507812,
                1
            ],
            "name": "armor_back1_0"
        },
        "bicep_L": {
            "children": [
                "elbow_L"
            ],
            "matrix": [
                0.7485656738281248,
                0.09618484973907448,
                -0.6560473442077634,
                0,
                -0.6621243373854353,
                0.16100200626741865,
                -0.7318947347805236,
                0,
                0.035227736147461476,
                0.9822557035951271,
                0.18420681429363256,
                0,
                16.461673736572262,
                0.000023841857908379893,
                -2.842170943040401e-14,
                1
            ],
            "name": "bicep_L"
        },
        "bicep_R": {
            "children": [
                "elbow_R"
            ],
            "matrix": [
                0.7485656142234804,
                0.09618479758501061,
                -0.6560474038124083,
                0,
                -0.662124394871754,
                0.16100151661744982,
                -0.7318947583094058,
                0,
                0.0352274649177017,
                0.9822558802115827,
                0.18420643268492906,
                0,
                -16.461669921875,
                -0.00001621246337890625,
                -0.0000152587890625,
                1
            ],
            "name": "bicep_R"
        },
        "clavicle_L": {
            "children": [
                "bicep_L"
            ],
            "matrix": [
                -0.0458528399467468,
                0.7861090302467348,
                0.6163846850395206,
                0,
                0.035892183979540845,
                -0.6153388942512604,
                0.7874452947661889,
                0,
                0.9983029978414995,
                0.058229976352818354,
                -1.3411043872646466e-7,
                0,
                4.813690185546903,
                2.5899994373321533,
                -4.349806785583496,
                1
            ],
            "name": "clavicle_L"
        },
        "clavicle_R": {
            "children": [
                "bicep_R"
            ],
            "matrix": [
                0.0458523035049439,
                0.7861089110374446,
                -0.6163849830627443,
                0,
                -0.035893539346870465,
                -0.6153390136091086,
                -0.7874450168389382,
                0,
                -0.9983031159570118,
                0.058230397436106966,
                0.0000015199185725289777,
                0,
                4.813690185546903,
                -2.5900008678436284,
                -4.349791526794434,
                1
            ],
            "name": "clavicle_R"
        },
        "elbow_L": {
            "children": [
                "wrist_L"
            ],
            "matrix": [
                0.5845865607261658,
                -2.980232233218416e-8,
                -0.8113316297531128,
                0,
                -1.0412661177738869e-7,
                1.0000002384187021,
                -1.1175867441204357e-7,
                0,
                0.8113314618470551,
                1.498137661148924e-7,
                0.5845864397452679,
                0,
                23.547927856445312,
                0,
                -0.000005722045901990214,
                1
            ],
            "name": "elbow_L"
        },
        "elbow_R": {
            "children": [
                "wrist_R"
            ],
            "matrix": [
                0.5845853090286254,
                -2.9802322498717615e-8,
                -0.81133234500885,
                0,
                -7.348964939923874e-7,
                1.0000002384185867,
                -5.662439398618213e-7,
                0,
                0.811332244607645,
                9.272628484491285e-7,
                0.5845852366870044,
                0,
                -23.547981262207017,
                -0.00007629394534092171,
                0.0000553131103515625,
                1
            ],
            "name": "elbow_R"
        },
        "head": {
            "children": [],
            "matrix": [
                0.25989097356796315,
                -1.6875389972648018e-14,
                -0.9656381607055665,
                0,
                5.173228560536172e-14,
                0.9999999999999997,
                -3.552713685417946e-15,
                0,
                0.9656381607055664,
                -4.903135094500277e-14,
                0.2598909735679631,
                0,
                19.93145751953125,
                0.000003299836862424854,
                0,
                1
            ],
            "name": "head"
        },
        "index_0_L": {
            "children": [
                "index_1_L"
            ],
            "matrix": [
                0.7637655138969424,
                0.6402528882026673,
                -0.08208975940942764,
                0,
                0.10686391337093727,
                0.0000011111220259736525,
                0.9942736304633977,
                0,
                0.6365864268196734,
                -0.7681640681855921,
                -0.06841905604300408,
                0,
                11.831226348876946,
                1.3802490234375,
                -5.525680541992189,
                1
            ],
            "name": "index_0_L"
        },
        "index_0_R": {
            "children": [
                "index_1_R"
            ],
            "matrix": [
                0.7637658715248111,
                0.6402522325515746,
                -0.08208904415369037,
                0,
                0.10686386309324332,
                1.057863263030855e-8,
                0.9942737078300239,
                0,
                0.6365858395142447,
                -0.7681645294788624,
                -0.0684198056723099,
                0,
                -11.831245422363288,
                -1.3802490234375,
                5.525663375854489,
                1
            ],
            "name": "index_0_R"
        },
        "index_1_L": {
            "children": [
                "index_2_L"
            ],
            "matrix": [
                0.9950928688049316,
                3.898137492991364e-7,
                -0.09894332289695734,
                0,
                -4.3631057272874075e-7,
                1.000000000000063,
                -4.4829493251368466e-7,
                0,
                0.09894335664924625,
                4.892652752717079e-7,
                0.9950932082604047,
                0,
                4.901161193847656,
                0.0000019073486292597863,
                0,
                1
            ],
            "name": "index_1_L"
        },
        "index_1_R": {
            "children": [
                "index_2_R"
            ],
            "matrix": [
                0.9950929284095766,
                2.557322318479098e-7,
                -0.09894418716430631,
                0,
                -2.572970695265926e-7,
                0.9999999999999876,
                -3.0548789622018837e-9,
                0,
                0.09894419186584102,
                2.8497939236222995e-8,
                0.9950929756935146,
                0,
                -4.901149749755859,
                -0.000003814697265625,
                -0.000030517578125,
                1
            ],
            "name": "index_1_R"
        },
        "index_2_L": {
            "children": [],
            "matrix": [
                0.9999997615814208,
                3.918283937315597e-7,
                4.172325134277344e-7,
                0,
                -3.91829233477829e-7,
                0.9999997019768098,
                0.0000020685772596945363,
                0,
                -4.172316034889434e-7,
                -0.000002068577053286836,
                0.9999995231635277,
                0,
                5.023490905761712,
                -0.000011444091800427714,
                -0.000030517578125,
                1
            ],
            "name": "index_2_L"
        },
        "index_2_R": {
            "children": [],
            "matrix": [
                0.9999998211860659,
                -7.029191805585445e-8,
                -5.9604644719879474e-8,
                0,
                7.02918970522308e-8,
                0.999999523162841,
                -6.153051537369999e-10,
                0,
                5.9604641167165795e-8,
                6.153010665249114e-10,
                0.9999997615814196,
                0,
                -5.023437499999993,
                0.0000019073486292597863,
                0.000091552734375,
                1
            ],
            "name": "index_2_R"
        },
        "mid_0_L": {
            "children": [
                "mid_1_L"
            ],
            "matrix": [
                0.8817867636680606,
                0.4706127345561982,
                0.0312406998127699,
                0,
                -0.012664135710828698,
                -0.042588689114069246,
                0.9990124061012031,
                0,
                0.4714781861641605,
                -0.881311039645812,
                -0.0315942204053039,
                0,
                12.847454071044915,
                -0.052032470703125,
                -1.2561941146850621,
                1
            ],
            "name": "mid_0_L"
        },
        "mid_0_R": {
            "children": [
                "mid_1_R"
            ],
            "matrix": [
                0.8817865252494812,
                0.4706125259399416,
                0.031240973621606827,
                0,
                -0.012664482535188305,
                -0.04258864259885673,
                0.9990123578287685,
                0,
                0.47147829529416796,
                -0.8813113901454382,
                -0.0315940307738838,
                0,
                -12.847450256347678,
                0.052032470703125,
                1.2561788558959943,
                1
            ],
            "name": "mid_0_R"
        },
        "mid_1_L": {
            "children": [
                "mid_2_L"
            ],
            "matrix": [
                0.998390078544617,
                2.6635825634002686e-7,
                -0.056719243526458685,
                0,
                -2.48798736307565e-7,
                1.000000238418617,
                3.1664967380107267e-7,
                0,
                0.05671927033709301,
                -3.0202828733838505e-7,
                0.998390550472469,
                0,
                5.372245788574226,
                0.0000019073486328125,
                -0.000030517578125,
                1
            ],
            "name": "mid_1_L"
        },
        "mid_1_R": {
            "children": [
                "mid_2_R"
            ],
            "matrix": [
                0.9983898401260375,
                6.314367055997028e-7,
                -0.05671957135200523,
                0,
                -6.09809982281273e-7,
                1.000000238418439,
                3.986060697902527e-7,
                0,
                0.05671958262869514,
                -3.633760750978987e-7,
                0.9983900386166693,
                0,
                -5.372215270996094,
                -0.0000019073486363652137,
                0.00001525878903407829,
                1
            ],
            "name": "mid_1_R"
        },
        "mid_2_L": {
            "children": [],
            "matrix": [
                0.999999940395355,
                1.322478055988674e-7,
