{
    "animations": {},
    "asset": {},
    "attributes": {
        "attribute_1": {
            "bufferView": "bufferView_37",
            "byteOffset": 0,
            "byteStride": 12,
            "count": 989,
            "max": [
                1,
                1,
                1
            ],
            "min": [
                0,
                0,
                0
            ],
            "type": "FLOAT_VEC3"
        },
        "attribute_10": {
            "bufferView": "bufferView_37",
            "byteOffset": 91532,
            "byteStride": 16,
            "count": 1006,
            "max": [
                1,
                1,
                1
            ],
            "min": [
                0,
                0,
                0
            ],
            "type": "FLOAT_VEC4"
        },
        "attribute_11": {
            "bufferView": "bufferView_37",
            "byteOffset": 107628,
            "byteStride": 12,
            "count": 1006,
            "max": [
                1,
                1,
                1
            ],
            "min": [
                0,
                0,
                0
            ],
            "type": "FLOAT_VEC3"
        },
        "attribute_13": {
            "bufferView": "bufferView_37",
            "byteOffset": 119700,
            "byteStride": 12,
            "count": 615,
            "max": [
                1,
                1,
                1
            ],
            "min": [
                0,
                0,
                0
            ],
            "type": "FLOAT_VEC3"
        },
        "attribute_14": {
            "bufferView": "bufferView_37",
            "byteOffset": 127080,
            "byteStride": 12,
            "count": 615,
            "max": [
                1,
                1,
                1
            ],
            "min": [
                0,
                0,
                0
            ],
            "type": "FLOAT_VEC3"
        },
        "attribute_15": {
            "bufferView": "bufferView_37",
            "byteOffset": 134460,
            "byteStride": 8,
            "count": 615,
            "max": [
                1,
                1,
                1
            ],
            "min": [
                0,
                0,
                0
            ],
            "type": "FLOAT_VEC2"
        },
        "attribute_16": {
            "bufferView": "bufferView_37",
            "byteOffset": 139380,
            "byteStride": 16,
            "count": 615,
            "max": [
                1,
                1,
                1
            ],
            "min": [
                0,
                0,
                0
            ],
            "type": "FLOAT_VEC4"
        },
        "attribute_17": {
            "bufferView": "bufferView_37",
            "byteOffset": 149220,
            "byteStride": 12,
            "count": 615,
            "max": [
                1,
                1,
                1
            ],
            "min": [
                0,
                0,
                0
            ],
            "type": "FLOAT_VEC3"
        },
        "attribute_19": {
            "bufferView": "bufferView_37",
            "byteOffset": 156600,
            "byteStride": 12,
            "count": 244,
            "max": [
                1,
                1,
                1
            ],
            "min": [
                0,
                0,
                0
            ],
            "type": "FLOAT_VEC3"
        },
        "attribute_2": {
            "bufferView": "bufferView_37",
            "byteOffset": 11868,
            "byteStride": 12,
            "count": 989,
            "max": [
                1,
                1,
                1
            ],
            "min": [
                0,
                0,
                0
            ],
            "type": "FLOAT_VEC3"
        },
        "attribute_20": {
            "bufferView": "bufferView_37",
            "byteOffset": 159528,
            "byteStride": 12,
            "count": 244,
            "max": [
                1,
                1,
                1
            ],
            "min": [
                0,
                0,
                0
            ],
            "type": "FLOAT_VEC3"
        },
        "attribute_21": {
            "bufferView": "bufferView_37",
            "byteOffset": 162456,
            "byteStride": 8,
            "count": 244,
            "max": [
                1,
                1,
                1
            ],
            "min": [
                0,
                0,
                0
            ],
            "type": "FLOAT_VEC2"
        },
        "attribute_22": {
            "bufferView": "bufferView_37",
            "byteOffset": 164408,
            "byteStride": 16,
            "count": 244,
            "max": [
                1,
                1,
                1
            ],
            "min": [
                0,
                0,
                0
            ],
            "type": "FLOAT_VEC4"
        },
        "attribute_23": {
            "bufferView": "bufferView_37",
            "byteOffset": 168312,
            "byteStride": 12,
            "count": 244,
            "max": [
                1,
                1,
                1
            ],
            "min": [
                0,
                0,
                0
            ],
            "type": "FLOAT_VEC3"
        },
        "attribute_25": {
            "bufferView": "bufferView_37",
            "byteOffset": 171240,
            "byteStride": 12,
            "count": 747,
            "max": [
                1,
                1,
                1
            ],
            "min": [
                0,
                0,
                0
            ],
            "type": "FLOAT_VEC3"
        },
        "attribute_26": {
            "bufferView": "bufferView_37",
            "byteOffset": 180204,
            "byteStride": 12,
            "count": 747,
            "max": [
                1,
                1,
                1
            ],
            "min": [
                0,
                0,
                0
            ],
            "type": "FLOAT_VEC3"
        },
        "attribute_27": {
            "bufferView": "bufferView_37",
            "byteOffset": 189168,
            "byteStride": 8,
            "count": 747,
            "max": [
                1,
                1,
                1
            ],
            "min": [
                0,
                0,
                0
            ],
            "type": "FLOAT_VEC2"
        },
        "attribute_28": {
            "bufferView": "bufferView_37",
            "byteOffset": 195144,
            "byteStride": 16,
            "count": 747,
            "max": [
                1,
                1,
                1
            ],
            "min": [
                0,
                0,
                0
            ],
            "type": "FLOAT_VEC4"
        },
        "attribute_29": {
            "bufferView": "bufferView_37",
            "byteOffset": 207096,
            "byteStride": 12,
            "count": 747,
            "max": [
                1,
                1,
                1
            ],
            "min": [
                0,
                0,
                0
            ],
            "type": "FLOAT_VEC3"
        },
        "attribute_3": {
            "bufferView": "bufferView_37",
            "byteOffset": 23736,
            "byteStride": 8,
            "count": 989,
            "max": [
                1,
                1,
                1
            ],
            "min": [
                0,
                0,
                0
            ],
            "type": "FLOAT_VEC2"
        },
        "attribute_31": {
            "bufferView": "bufferView_37",
            "byteOffset": 216060,
            "byteStride": 12,
            "count": 747,
            "max": [
                1,
                1,
                1
            ],
            "min": [
                0,
                0,
                0
            ],
            "type": "FLOAT_VEC3"
        },
        "attribute_32": {
            "bufferView": "bufferView_37",
            "byteOffset": 225024,
            "byteStride": 12,
            "count": 747,
            "max": [
                1,
                1,
                1
            ],
            "min": [
                0,
                0,
                0
            ],
            "type": "FLOAT_VEC3"
        },
        "attribute_33": {
            "bufferView": "bufferView_37",
            "byteOffset": 233988,
            "byteStride": 8,
            "count": 747,
            "max": [
                1,
                1,
                1
            ],
            "min": [
                0,
                0,
                0
            ],
            "type": "FLOAT_VEC2"
        },
        "attribute_34": {
            "bufferView": "bufferView_37",
            "byteOffset": 239964,
            "byteStride": 16,
            "count": 747,
            "max": [
                1,
                1,
                1
            ],
            "min": [
                0,
                0,
                0
            ],
            "type": "FLOAT_VEC4"
        },
        "attribute_35": {
            "bufferView": "bufferView_37",
            "byteOffset": 251916,
            "byteStride": 12,
            "count": 747,
            "max": [
                1,
                1,
                1
            ],
            "min": [
                0,
                0,
                0
            ],
            "type": "FLOAT_VEC3"
        },
        "attribute_4": {
            "bufferView": "bufferView_37",
            "byteOffset": 31648,
            "byteStride": 16,
            "count": 989,
            "max": [
                1,
                1,
                1
            ],
            "min": [
                0,
                0,
                0
            ],
            "type": "FLOAT_VEC4"
        },
        "attribute_5": {
            "bufferView": "bufferView_37",
            "byteOffset": 47472,
            "byteStride": 12,
            "count": 989,
            "max": [
                1,
                1,
                1
            ],
            "min": [
                0,
                0,
                0
            ],
            "type": "FLOAT_VEC3"
        },
        "attribute_7": {
            "bufferView": "bufferView_37",
            "byteOffset": 59340,
            "byteStride": 12,
            "count": 1006,
            "max": [
                1,
                1,
                1
            ],
            "min": [
                0,
                0,
                0
            ],
            "type": "FLOAT_VEC3"
        },
        "attribute_8": {
            "bufferView": "bufferView_37",
            "byteOffset": 71412,
            "byteStride": 12,
            "count": 1006,
            "max": [
                1,
                1,
                1
            ],
            "min": [
                0,
                0,
                0
            ],
            "type": "FLOAT_VEC3"
        },
        "attribute_9": {
            "bufferView": "bufferView_37",
            "byteOffset": 83484,
            "byteStride": 8,
            "count": 1006,
            "max": [
                1,
                1,
                1
            ],
            "min": [
                0,
                0,
                0
            ],
            "type": "FLOAT_VEC2"
        }
    },
    "bufferViews": {
        "bufferView_37": {
            "buffer": "siren.bin",
            "byteLength": 260880,
            "byteOffset": 0,
            "target": "ARRAY_BUFFER"
        },
        "bufferView_38": {
            "buffer": "siren.bin",
            "byteLength": 36774,
            "byteOffset": 260880,
            "target": "ELEMENT_ARRAY_BUFFER"
        }
    },
    "buffers": {
        "siren.bin": {
            "byteLength": 297654,
            "path": "siren.bin"
        }
    },
    "cameras": {},
    "images": {
        "image_0": {
            "path": "textures/siren_body_color.png"
        },
        "image_1": {
            "path": "textures/siren_armor_color.png"
        },
        "image_2": {
            "path": "textures/siren_hair_color.png"
        },
        "image_3": {
            "path": "textures/siren_tail_color.png"
        },
        "image_4": {
            "path": "textures/siren_weapon_color.png"
        }
    },
    "indices": {
        "indices_12": {
            "bufferView": "bufferView_38",
            "byteOffset": 11532,
            "count": 3231,
            "type": "UNSIGNED_SHORT"
        },
        "indices_18": {
            "bufferView": "bufferView_38",
            "byteOffset": 17994,
            "count": 3558,
            "type": "UNSIGNED_SHORT"
        },
        "indices_24": {
            "bufferView": "bufferView_38",
            "byteOffset": 25110,
            "count": 1188,
            "type": "UNSIGNED_SHORT"
        },
        "indices_30": {
            "bufferView": "bufferView_38",
            "byteOffset": 27486,
            "count": 2322,
            "type": "UNSIGNED_SHORT"
        },
        "indices_36": {
            "bufferView": "bufferView_38",
            "byteOffset": 32130,
            "count": 2322,
            "type": "UNSIGNED_SHORT"
        },
        "indices_6": {
            "bufferView": "bufferView_38",
            "byteOffset": 0,
            "count": 5766,
            "type": "UNSIGNED_SHORT"
        }
    },
    "lights": {},
    "materials": {
        "Material #35": {
            "instanceTechnique": {
                "technique": "technique_0",
                "values": [
                    {
                        "parameter": "ambient",
                        "value": [
                            0.5879999995231628,
                            0.5879999995231628,
                            0.5879999995231628
                        ]
                    },
                    {
                        "parameter": "emission",
                        "value": [
                            0,
                            0,
                            0
                        ]
                    },
                    {
                        "parameter": "diffuse",
                        "value": "Map #7"
                    },
                    {
                        "parameter": "shininess",
                        "value": 2
                    },
                    {
                        "parameter": "specular",
                        "value": [
                            0.8999999761581421,
                            0.8999999761581421,
                            0.8999999761581421
                        ]
                    }
                ]
            },
            "name": "Material #35"
        },
        "Material #46": {
            "instanceTechnique": {
                "technique": "technique_0",
                "values": [
                    {
                        "parameter": "ambient",
                        "value": [
                            0.5879999995231628,
                            0.5879999995231628,
                            0.5879999995231628
                        ]
                    },
                    {
                        "parameter": "emission",
                        "value": [
                            0,
                            0,
                            0
                        ]
                    },
                    {
                        "parameter": "diffuse",
                        "value": "Map #8"
                    },
                    {
                        "parameter": "shininess",
                        "value": 2
                    },
                    {
                        "parameter": "specular",
                        "value": [
                            0.8999999761581421,
                            0.8999999761581421,
                            0.8999999761581421
                        ]
                    }
                ]
            },
            "name": "Material #46"
        },
        "Material #57": {
            "instanceTechnique": {
                "technique": "technique_0",
                "values": [
                    {
                        "parameter": "ambient",
                        "value": [
                            0.5879999995231628,
                            0.5879999995231628,
                            0.5879999995231628
                        ]
                    },
                    {
                        "parameter": "emission",
                        "value": [
                            0,
                            0,
                            0
                        ]
                    },
                    {
                        "parameter": "diffuse",
                        "value": "Map #10"
                    },
                    {
                        "parameter": "shininess",
                        "value": 2
                    },
                    {
                        "parameter": "specular",
                        "value": [
                            0.8999999761581421,
                            0.8999999761581421,
                            0.8999999761581421
                        ]
                    }
                ]
            },
            "name": "Material #57"
        },
        "Material #68": {
            "instanceTechnique": {
                "technique": "technique_0",
                "values": [
                    {
                        "parameter": "ambient",
                        "value": [
                            0.5879999995231628,
                            0.5879999995231628,
                            0.5879999995231628
                        ]
                    },
                    {
                        "parameter": "emission",
                        "value": [
                            0,
                            0,
                            0
                        ]
                    },
                    {
                        "parameter": "diffuse",
                        "value": "Map #9"
                    },
                    {
                        "parameter": "shininess",
                        "value": 2
                    },
                    {
                        "parameter": "specular",
                        "value": [
                            0.8999999761581421,
                            0.8999999761581421,
                            0.8999999761581421
                        ]
                    }
                ]
            },
            "name": "Material #68"
        },
        "Material #79": {
            "instanceTechnique": {
                "technique": "technique_0",
                "values": [
                    {
                        "parameter": "ambient",
                        "value": [
                            0.5879999995231628,
                            0.5879999995231628,
                            0.5879999995231628
                        ]
                    },
                    {
                        "parameter": "emission",
                        "value": [
                            0,
                            0,
                            0
                        ]
                    },
                    {
                        "parameter": "diffuse",
                        "value": "Map #11"
                    },
                    {
                        "parameter": "shininess",
                        "value": 2
                    },
                    {
                        "parameter": "specular",
                        "value": [
                            0.8999999761581421,
                            0.8999999761581421,
                            0.8999999761581421
                        ]
                    }
                ]
            },
            "name": "Material #79"
        },
        "Material #90": {
            "instanceTechnique": {
                "technique": "technique_0",
                "values": [
                    {
                        "parameter": "ambient",
                        "value": [
                            0.5879999995231628,
                            0.5879999995231628,
                            0.5879999995231628
                        ]
                    },
                    {
                        "parameter": "emission",
                        "value": [
                            0,
                            0,
                            0
                        ]
                    },
                    {
                        "parameter": "diffuse",
                        "value": "Map #12"
                    },
                    {
                        "parameter": "shininess",
                        "value": 2
                    },
                    {
                        "parameter": "specular",
                        "value": [
                            0.8999999761581421,
                            0.8999999761581421,
                            0.8999999761581421
                        ]
                    }
                ]
            },
            "name": "Material #90"
        }
    },
    "meshes": {
        "siren_armor_model_LOD0-mesh": {
            "name": "siren_armor_model_LOD0-mesh",
            "primitives": [
                {
                    "indices": "indices_12",
                    "material": "Material #46",
                    "semantics": {
                        "JOINT": "attribute_10",
                        "NORMAL": "attribute_8",
                        "POSITION": "attribute_7",
                        "TEXCOORD_0": "attribute_9",
                        "WEIGHT": "attribute_11"
                    },
                    "skin": "skin_1"
                }
            ]
        },
        "siren_hair_model_LOD0-mesh": {
            "name": "siren_hair_model_LOD0-mesh",
            "primitives": [
                {
                    "indices": "indices_18",
                    "material": "Material #57",
                    "semantics": {
                        "JOINT": "attribute_16",
                        "NORMAL": "attribute_14",
                        "POSITION": "attribute_13",
                        "TEXCOORD_0": "attribute_15",
                        "WEIGHT": "attribute_17"
                    },
                    "skin": "skin_2"
                }
            ]
        },
        "siren_model_LOD0-mesh": {
            "name": "siren_model_LOD0-mesh",
            "primitives": [
                {
                    "indices": "indices_6",
                    "material": "Material #35",
                    "semantics": {
                        "JOINT": "attribute_4",
                        "NORMAL": "attribute_2",
                        "POSITION": "attribute_1",
                        "TEXCOORD_0": "attribute_3",
                        "WEIGHT": "attribute_5"
                    },
                    "skin": "skin_0"
                }
            ]
        },
        "siren_tail_model_LOD0-mesh": {
            "name": "siren_tail_model_LOD0-mesh",
            "primitives": [
                {
                    "indices": "indices_24",
                    "material": "Material #68",
                    "semantics": {
                        "JOINT": "attribute_22",
                        "NORMAL": "attribute_20",
                        "POSITION": "attribute_19",
                        "TEXCOORD_0": "attribute_21",
                        "WEIGHT": "attribute_23"
                    },
                    "skin": "skin_3"
                }
            ]
        },
        "siren_weapon_model_LOD0-mesh": {
            "name": "siren_weapon_model_LOD0-mesh",
            "primitives": [
                {
                    "indices": "indices_30",
                    "material": "Material #79",
                    "semantics": {
                        "JOINT": "attribute_28",
                        "NORMAL": "attribute_26",
                        "POSITION": "attribute_25",
                        "TEXCOORD_0": "attribute_27",
                        "WEIGHT": "attribute_29"
                    },
                    "skin": "skin_4"
                }
            ]
        },
        "siren_weapon_offhand_model_LOD0-mesh": {
            "name": "siren_weapon_offhand_model_LOD0-mesh",
            "primitives": [
                {
                    "indices": "indices_36",
                    "material": "Material #90",
                    "semantics": {
                        "JOINT": "attribute_34",
                        "NORMAL": "attribute_32",
                        "POSITION": "attribute_31",
                        "TEXCOORD_0": "attribute_33",
                        "WEIGHT": "attribute_35"
                    },
                    "skin": "skin_5"
                }
            ]
        }
    },
    "nodes": {
        "bicep_L": {
            "children": [
                "elbow_L"
            ],
            "matrix": [
                0.626039206981659,
                0.14002579450607294,
                -0.7671162486076357,
                0,
                -0.7171069670932253,
                -0.2830586405885949,
                -0.6368951106525025,
                0,
                -0.3063205709156087,
                0.9488255446174616,
                -0.07679232016318532,
                0,
                8.167552947998047,
                0.0000152587890625,
                0,
                1
            ],
            "name": "bicep_L"
        },
        "bicep_R": {
            "children": [
                "elbow_R"
            ],
            "matrix": [
                0.6260391473770142,
                0.14002630114555356,
                -0.7671159505844118,
                0,
                -0.7171065798749745,
                -0.28305824240345456,
                -0.6368951006215996,
                0,
                -0.30632068310784816,
                0.9488255494383999,
                -0.07679179022629767,
                0,
                -8.167545318603512,
                0,
                0,
                1
            ],
            "name": "bicep_R"
        },
        "clavicle_L": {
            "children": [
                "bicep_L"
            ],
            "matrix": [
                -0.22498042881488797,
                0.9694681763648989,
                0.09754667431116106,
                0,
                0.02205239879358245,
                -0.09502131658641409,
                0.9952312708695992,
                0,
                0.9741139363573194,
                0.22605866787247647,
                -0.0000011622905733421618,
                0,
                10.407096862792969,
                7.557762622833252,
                4.032594680786136,
                1
            ],
            "name": "clavicle_L"
        },
        "clavicle_R": {
            "children": [
                "bicep_R"
            ],
            "matrix": [
                0.22498051822185533,
                0.9694683551788333,
                -0.09754717350006104,
                0,
                -0.022051868680528608,
                -0.0950219262878312,
                -0.9952312091096407,
                0,
                -0.9741139435650741,
                0.2260586517145553,
                5.066394794805973e-7,
                0,
                10.407081604003878,
                -6.209362030029298,
                4.0326290130615305,
                1
            ],
            "name": "clavicle_R"
        },
        "elbow_L": {
            "children": [
                "wrist_L"
            ],
            "matrix": [
                0.8448162078857417,
                0.0000011026859282614598,
                -0.5350569486618041,
                0,
                -0.0000013477068066536368,
                1.000000238418417,
                -6.705522218042326e-8,
                0,
                0.5350570734960374,
                7.7774922613294e-7,
                0.8448164049915674,
                0,
                26.313140869140625,
                0.0000457763671875,
                0.00000762939453125,
                1
            ],
            "name": "elbow_L"
        },
        "elbow_R": {
            "children": [
                "wrist_R"
            ],
            "matrix": [
                0.8448169231414797,
                2.384185792403404e-7,
                -0.5350562334060669,
                0,
                -5.039946210372293e-7,
                1.0000003576279017,
                -3.5017725025232593e-7,
                0,
                0.5350561382076391,
                5.655008279981111e-7,
                0.8448167728299734,
                0,
                -26.313079833984375,
                0,
                0.000017166137691759786,
                1
            ],
            "name": "elbow_R"
        },
        "head": {
            "children": [
                "headFin_R0C2",
                "headFin_R0C0",
                "headBulb_R0C0",
                "headFin_R0C1"
            ],
            "matrix": [
                -0.035336919128896194,
                -4.9462226317138925e-8,
                -0.9993752837181094,
                0,
                4.525563629334676e-8,
                0.999999880790709,
                -5.109333401826403e-8,
                0,
                0.9993752837181082,
                -4.7032850979488704e-8,
                -0.035336919128893814,
                0,
                13.211135864257812,
                -5.96046447642884e-7,
                -0.0000019073486328125,
                1
            ],
            "name": "head"
        },
        "headBulb_R0C0": {
            "children": [
                "headBulb_R1C0"
            ],
            "matrix": [
                0.47503235936164834,
                2.2664089271984248e-7,
                0.8799683451652527,
                0,
                0.8799683700808193,
                -2.1929947898307205e-7,
                -0.4750323728117356,
                0,
                8.531482843159091e-8,
                0.9999999403953549,
                -3.0361112978355267e-7,
                0,
                5.891977310180664,
                0.0000095367431640625,
                15.35040283203125,
                1
            ],
            "name": "headBulb_R0C0"
        },
        "headBulb_R1C0": {
            "children": [
                "headBulb_R2C0"
            ],
            "matrix": [
                0.9301031827926632,
                -0.36729848384857156,
                -3.4785506386469917e-7,
                0,
                0.3672984428642091,
                0.9301030790083124,
                4.2795090848812823e-7,
                0,
                1.663553865448135e-7,
                -5.258052531994559e-7,
                1.0000002384185789,
                0,
                2.1258239746094034,
                0.03378295898436079,
                -0.000009894371032825866,
                1
            ],
            "name": "headBulb_R1C0"
        },
        "headBulb_R2C0": {
            "children": [],
            "matrix": [
                1.0000001192092896,
                4.6938657760620117e-7,
                -2.9125324374490447e-10,
                0,
                -4.693866891142262e-7,
                1.000000357627879,
                0.0000014307440778793515,
                0,
                2.9192478077064753e-10,
                -0.000001430743566068537,
                0.9999999999999986,
                0,
                9.103347778320312,
                0.000019073486328125,
                0.000030517578124777955,
                1
            ],
            "name": "headBulb_R2C0"
        },
        "headFin_R0C0": {
            "children": [
                "headFin_R1C0"
            ],
            "matrix": [
                -0.7285235524177548,
                -0.24547041952609988,
                -0.639529287815094,
                0,
                -0.08377743923899714,
                0.9585102039409551,
                -0.2724692481714117,
                0,
                0.6798785284550084,
                -0.14492214701517409,
                -0.7188621839459567,
                0,
                -6.110601425170895,
                -19.389293670654297,
                1.704605102539091,
                1
            ],
            "name": "headFin_R0C0"
        },
        "headFin_R0C1": {
            "children": [
                "headFin_R1C1"
            ],
            "matrix": [
                -0.6679720282554625,
                2.657013737299541e-7,
                0.7441862225532531,
                0,
                -0.7391488108854273,
                -0.11615749632059623,
                -0.6634504705456508,
                0,
                0.08644263575682325,
                -0.9932307596261464,
                0.07759015806407082,
                0,
                -2.8390960693359375,
                0.0000057220458984375,
                15.069305419921875,
                1
            ],
            "name": "headFin_R0C1"
        },
        "headFin_R0C2": {
            "children": [
                "headFin_R1C2"
            ],
            "matrix": [
                -0.6436536908149719,
                0.41515973210334745,
                -0.6429248452186583,
                0,
                -0.12571298937895622,
                -0.8860197296312793,
                -0.4462793530669531,
                0,
                -0.7549213314144019,
                -0.20642535320570504,
                0.6224808543018782,
                0,
                -6.110616683959957,
                19.979585647583,
                1.70458984375,
                1
            ],
            "name": "headFin_R0C2"
        },
        "headFin_R1C0": {
            "children": [
                "headFin_R2C0"
            ],
            "matrix": [
                0.9842982292175294,
                -0.07645729184150693,
                0.15909600257873557,
                0,
                0.06682446110304921,
                0.9956423088789252,
                0.0650482455864298,
                0,
                -0.16337611436801958,
                -0.05339536514823734,
                0.9851181205838031,
                0,
                3.6302261352539205,
                -0.000003814697265625,
                0.0000152587890625,
                1
            ],
            "name": "headFin_R1C0"
        },
        "headFin_R1C1": {
            "children": [
                "headFin_R2C1"
            ],
            "matrix": [
                0.9973369240760803,
                -0.07293331623077409,
                4.880130290915718e-7,
                0,
                0.07293331205464754,
                0.9973368669562144,
                -0.000001918524503694008,
                0,
                -3.46789019951832e-7,
                0.0000019490076709552384,
                1.0000001192092978,
                0,
                5.412033081054716,
                -0.000030517578110789145,
                0.000014305114744317393,
                1
            ],
            "name": "headFin_R1C1"
        },
        "headFin_R1C2": {
            "children": [
                "headFin_R2C2"
            ],
            "matrix": [
                0.9968297481536861,
                -0.007711023092269953,
                -0.07919099926948553,
                0,
                0.0023826974293295056,
                0.9977393147060887,
                -0.06715974373881253,
                0,
                0.0795298480557482,
                0.06675814592251691,
                0.9945946575983695,
                0,
                3.6302032470703125,
                -0.00003814697265625,
                0.0000457763671875,
                1
            ],
            "name": "headFin_R1C2"
        },
        "headFin_R2C0": {
            "children": [],
            "matrix": [
                0.977482199668884,
                0.07845483720302576,
                -0.1958909034729004,
                0,
                -0.10624164793541807,
                0.9850476965778477,
                -0.13562428156243836,
                0,
                0.18232147010031519,
                0.1533820663686975,
                0.9712015888152756,
                0,
                15.785354614257827,
                0.0000152587890625,
                -0.000007629394545460855,
                1
            ],
            "name": "headFin_R2C0"
        },
        "headFin_R2C1": {
            "children": [],
            "matrix": [
                0.999670624732971,
                -0.025662541389465388,
                -1.2665987014770508e-7,
                0,
                0.025662541350222612,
                0.9996706232038697,
                8.568167687156292e-8,
                0,
                1.244193143165595e-7,
                -8.890385001791845e-8,
                0.9999997019767812,
                0,
                13.916580200195284,
                0.000030517578125,
                -0.000005722045900213857,
                1
            ],
            "name": "headFin_R2C1"
        },
        "headFin_R2C2": {
            "children": [],
            "matrix": [
                0.990024983882904,
                0.10422784090042117,
                0.09479945898056052,
                0,
                -0.11056321344113917,
                0.9917922654723605,
                0.06421953478060205,
                0,
                -0.08732788446936723,
                -0.07406025782145181,
                0.9934226333811029,
                0,
                15.785316467285142,
                -0.0000152587890625,
                -0.0000152587890625,
                1
            ],
            "name": "headFin_R2C2"
        },
        "hip1_0": {
            "children": [
                "hip1_1",
                "hipArmorR_0",
                "hipArmorL_0"
            ],
            "matrix": [
                0.015042290091506764,
                2.3669986148876402e-7,
                -0.9998868703842163,
                0,
                0.9998868703842452,
                -0.000008032514108472765,
                0.015042290089605687,
                0,
                -0.000008028044692118999,
                -1,
                -3.575004825074276e-7,
                0,
                0,
                -7.748603820800781e-7,
                -15.721359252929688,
                1
            ],
            "name": "hip1_0"
        },
        "hip1_1": {
            "children": [
                "tail_R0C0"
            ],
            "matrix": [
                0.9999345541000368,
                -0.011432874947786333,
                -9.217563956553937e-8,
                0,
                0.011432874947742384,
                0.9999345541000372,
                -4.768370729380022e-7,
                0,
                9.762124294116912e-8,
                4.757521175006994e-7,
                1.0000000000000002,
                0,
                26.12899780273436,
                -0.0000019073486328125,
                -0.000005245208740123353,
                1
            ],
            "name": "hip1_1"
