{
    "accessors": [
        {
            "bufferView": 0,
            "byteOffset": 0,
            "componentType": 5126,
            "count": 1252,
            "max": [
                45.7996826171875,
                33.14220428466797,
                174.05001831054688
            ],
            "min": [
                -45.7996826171875,
                -10.58023738861084,
                76.39630126953125
            ],
            "type": "VEC3"
        },
        {
            "bufferView": 0,
            "byteOffset": 15024,
            "componentType": 5126,
            "count": 1252,
            "max": [
                0.9994655251502991,
                0.999872088432312,
                0.9997684359550476
            ],
            "min": [
                -0.9994655251502991,
                -0.999935507774353,
                -0.9964994788169861
            ],
            "type": "VEC3"
        },
        {
            "bufferView": 0,
            "byteOffset": 30048,
            "componentType": 5126,
            "count": 1252,
            "max": [
                1.9950200319290161,
                0.9981676340103149
            ],
            "min": [
                0.0008400080259889364,
                0.004499971866607666
            ],
            "type": "VEC2"
        },
        {
            "bufferView": 0,
            "byteOffset": 40064,
            "componentType": 5123,
            "count": 1252,
            "max": [
                16,
                17,
                17,
                0
            ],
            "min": [
                0,
                0,
                0,
                0
            ],
            "type": "VEC4"
        },
        {
            "bufferView": 0,
            "byteOffset": 50080,
            "componentType": 5126,
            "count": 1252,
            "max": [
                1,
                0.9992260336875916,
                0.9932445287704468,
                0
            ],
            "min": [
                0.00021323903638403863,
                0,
                0,
                0
            ],
            "type": "VEC4"
        },
        {
            "bufferView": 2,
            "byteOffset": 0,
            "componentType": 5123,
            "count": 5766,
            "max": [
                1251
            ],
            "min": [
                0
            ],
            "type": "SCALAR"
        },
        {
            "bufferView": 1,
            "byteOffset": 0,
            "componentType": 5126,
            "count": 18,
            "max": [
                0.9694682664757005,
                1.0000001788138464,
                0.22605870785440216,
                0,
                0.7285231574220506,
                0.9557706867322672,
                0.9999998807906738,
                0,
                1.0000001788137793,
                0.3379835562807245,
                1,
                0,
                117.65680713846294,
                83.51613386137576,
                136.03717024272729,
                1
            ],
            "min": [
                -0.24547075938093407,
                -1.0000002384184348,
                -0.9999999999648508,
                0,
                -0.9999999999999732,
                -0.9999935917124806,
                -1.000000059604314,
                0,
                -1.0000001788138349,
                -0.49267272943307644,
                -0.928998371255355,
                0,
                -142.75728499502893,
                -69.57884663421181,
                -155.25866686314745,
                1
            ],
            "type": "MAT4"
        },
        {
            "bufferView": 0,
            "byteOffset": 70112,
            "componentType": 5126,
            "count": 1071,
            "max": [
                47.09764099121094,
                42.34910583496094,
                135.4219970703125
            ],
            "min": [
                -47.097633361816406,
                -11.564807891845703,
                28.11000633239746
            ],
            "type": "VEC3"
        },
        {
            "bufferView": 0,
            "byteOffset": 82964,
            "componentType": 5126,
            "count": 1071,
            "max": [
                0.9990602135658264,
                0.9869741797447205,
                0.988797664642334
            ],
            "min": [
                -0.9990602135658264,
                -0.9941827654838562,
                -0.9991095662117004
            ],
            "type": "VEC3"
        },
        {
            "bufferView": 0,
            "byteOffset": 95816,
            "componentType": 5126,
            "count": 1071,
            "max": [
                1.5372799634933472,
                0.9965351819992065
            ],
            "min": [
                0.007069679908454418,
                0.005514025688171387
            ],
            "type": "VEC2"
        },
        {
            "bufferView": 0,
            "byteOffset": 104384,
            "componentType": 5123,
            "count": 1071,
            "max": [
                11,
                12,
                13,
                0
            ],
            "min": [
                0,
                0,
                0,
                0
            ],
            "type": "VEC4"
        },
        {
            "bufferView": 0,
            "byteOffset": 112952,
            "componentType": 5126,
            "count": 1071,
            "max": [
                1,
                0.9929757118225098,
                0.9997663497924805,
                0
            ],
            "min": [
                0.00010906273382715881,
                0,
                0,
                0
            ],
            "type": "VEC4"
        },
        {
            "bufferView": 2,
            "byteOffset": 11532,
            "componentType": 5123,
            "count": 3231,
            "max": [
                1070
            ],
            "min": [
                0
            ],
            "type": "SCALAR"
        },
        {
            "bufferView": 1,
            "byteOffset": 1152,
            "componentType": 5126,
            "count": 14,
            "max": [
                0.9916816168042424,
                1.000000178813921,
                0.06397262107799566,
                0,
                0.5324486063801994,
                0.9050324279316116,
                1.0000002384184978,
                0,
                1.0000001192088024,
                0.43455968907500353,
                1,
                0,
                96.58681267844877,
                69.57878833997191,
                65.00551323330907,
                1
            ],
            "min": [
                -0.2001940931920802,
                -1.000000298023072,
                -0.9999999999385938,
                0,
                -0.9999999999999732,
                -0.9999935884826819,
                -0.9999999999996916,
                0,
                -0.9999999999992639,
                -0.33798294578431765,
                -0.7041236000780403,
                0,
                -127.64776486772624,
                -69.57891063466099,
                -112.15225982666016,
                1
            ],
            "type": "MAT4"
        },
        {
            "bufferView": 0,
            "byteOffset": 130088,
            "componentType": 5126,
            "count": 868,
            "max": [
                53.78678512573242,
                92.95183563232422,
                203.59103393554688
            ],
            "min": [
                -53.78675079345703,
                9.691349029541016,
                88.0142822265625
            ],
            "type": "VEC3"
        },
        {
            "bufferView": 0,
            "byteOffset": 140504,
            "componentType": 5126,
            "count": 868,
            "max": [
                0.9943920373916626,
                0.9980895519256592,
                0.9993643760681152
            ],
            "min": [
                -0.9943920969963074,
                -0.9999499320983887,
                -0.9993500709533691
            ],
            "type": "VEC3"
        },
        {
            "bufferView": 0,
            "byteOffset": 150920,
            "componentType": 5126,
            "count": 868,
            "max": [
                1.9963699579238892,
                0.9950910210609436
            ],
            "min": [
                0.0032846599351614714,
                0.0021989941596984863
            ],
            "type": "VEC2"
        },
        {
            "bufferView": 0,
            "byteOffset": 157864,
            "componentType": 5123,
            "count": 868,
            "max": [
                8,
                10,
                10,
                0
            ],
            "min": [
                0,
                0,
                0,
                0
            ],
            "type": "VEC4"
        },
        {
            "bufferView": 0,
            "byteOffset": 164808,
            "componentType": 5126,
            "count": 868,
            "max": [
                1,
                0.9934563040733337,
                0.7393144965171814,
                0
            ],
            "min": [
                0.001858784118667245,
                0,
                0,
                0
            ],
            "type": "VEC4"
        },
        {
            "bufferView": 2,
            "byteOffset": 17994,
            "componentType": 5123,
            "count": 3558,
            "max": [
                867
            ],
            "min": [
                0
            ],
            "type": "SCALAR"
        },
        {
            "bufferView": 1,
            "byteOffset": 2048,
            "componentType": 5126,
            "count": 11,
            "max": [
                0.43702248644013486,
                0.9999999999999702,
                0.9999998807905223,
                0,
                0.7512314868330584,
                0.8013518633990916,
                0.9993752738392794,
                0,
                0.9993752738393057,
                -7.252672824686518e-8,
                0.9999999999999936,
                0,
                117.65678606226238,
                91.25734927535102,
                133.54596990805067,
                1
            ],
            "min": [
                -0.3379578125577238,
                -0.9252118770114905,
                -0.9932311243312472,
                0,
                -0.9999999999999741,
                -0.9929400246514105,
                -0.7932569344288378,
                0,
                -0.9043179626142352,
                -0.6074075888002741,
                -0.7593252644074737,
                0,
                -171.75463090148114,
                0.6742057105879834,
                -155.25862116684368,
                1
            ],
            "type": "MAT4"
        },
        {
            "bufferView": 0,
            "byteOffset": 178696,
            "componentType": 5126,
            "count": 276,
            "max": [
                23.965740203857422,
                238.09063720703125,
                104.00900268554688
            ],
            "min": [
                -24.170251846313477,
                -11.354995727539062,
                -3.3701443672180176
            ],
            "type": "VEC3"
        },
        {
            "bufferView": 0,
            "byteOffset": 182008,
            "componentType": 5126,
            "count": 276,
            "max": [
                0.9980358481407166,
                0.9943379163742065,
                0.9992309808731079
            ],
            "min": [
                -0.9980398416519165,
                -0.999958872795105,
                -0.9998742938041687
            ],
            "type": "VEC3"
        },
        {
            "bufferView": 0,
            "byteOffset": 185320,
            "componentType": 5126,
            "count": 276,
            "max": [
                1.9918999671936035,
                0.9940381050109863
            ],
            "min": [
                0.0027699500788003206,
                0.007089018821716309
            ],
            "type": "VEC2"
        },
        {
            "bufferView": 0,
            "byteOffset": 187528,
            "componentType": 5123,
            "count": 276,
            "max": [
                14,
                14,
                15,
                0
            ],
            "min": [
                0,
                0,
                0,
                0
            ],
            "type": "VEC4"
        },
        {
            "bufferView": 0,
            "byteOffset": 189736,
            "componentType": 5126,
            "count": 276,
            "max": [
                1,
                0.986895740032196,
                0.8957576751708984,
                0
            ],
            "min": [
                0.0015158213209360838,
                0,
                0,
                0
            ],
            "type": "VEC4"
        },
        {
            "bufferView": 2,
            "byteOffset": 25110,
            "componentType": 5123,
            "count": 1188,
            "max": [
                275
            ],
            "min": [
                0
            ],
            "type": "SCALAR"
        },
        {
            "bufferView": 1,
            "byteOffset": 2752,
            "componentType": 5126,
            "count": 16,
            "max": [
                0.21894786320764406,
                0.9999999999999732,
                1.0000001191327592,
                0,
                0.9989923071929917,
                0.09632698650160065,
                0.00000819096566417076,
                0,
                0.9541910785542399,
                0.9989920103102443,
                1,
                0,
                96.58681582050627,
                34.02084156595863,
                122.63064147610183,
                1
            ],
            "min": [
                1.6292068478213135e-7,
                -0.9999999999281535,
                -0.999999999940297,
                0,
                -0.9999999999999732,
                -0.9999935859028358,
                -0.9541911820121688,
                0,
                -0.9999935859621741,
                -0.4926728265464079,
                -0.00692311180820805,
                0,
                -217.57947020596518,
                -20.226408908201744,
                -112.15225982666016,
                1
            ],
            "type": "MAT4"
        },
        {
            "bufferView": 0,
            "byteOffset": 194152,
            "componentType": 5126,
            "count": 838,
            "max": [
                70.2192153930664,
                83.71479797363281,
                109.14250183105469
            ],
            "min": [
                2.1433448791503906,
                -101.90132904052734,
                51.806697845458984
            ],
            "type": "VEC3"
        },
        {
            "bufferView": 0,
            "byteOffset": 204208,
            "componentType": 5126,
            "count": 838,
            "max": [
                0.9926174879074097,
                0.9955398440361023,
                0.9939044713973999
            ],
            "min": [
                -0.9924235343933105,
                -0.9955302476882935,
                -0.9939061999320984
            ],
            "type": "VEC3"
        },
        {
            "bufferView": 0,
            "byteOffset": 214264,
            "componentType": 5126,
            "count": 838,
            "max": [
                1.9930599927902222,
                0.9817832708358765
            ],
            "min": [
                0.004556240048259497,
                0.004468977451324463
            ],
            "type": "VEC2"
        },
        {
            "bufferView": 0,
            "byteOffset": 220968,
            "componentType": 5123,
            "count": 838,
            "max": [
                1,
                2,
                2,
                0
            ],
            "min": [
                0,
                0,
                0,
                0
            ],
            "type": "VEC4"
        },
        {
            "bufferView": 0,
            "byteOffset": 227672,
            "componentType": 5126,
            "count": 838,
            "max": [
                1,
                0.9992358684539795,
                0.6507108211517334,
                0
            ],
            "min": [
                0.00015668098058085889,
                0,
                0,
                0
            ],
            "type": "VEC4"
        },
        {
            "bufferView": 2,
            "byteOffset": 27486,
            "componentType": 5123,
            "count": 2322,
            "max": [
                837
            ],
            "min": [
                0
            ],
            "type": "SCALAR"
        },
        {
            "bufferView": 1,
            "byteOffset": 3776,
            "componentType": 5126,
            "count": 3,
            "max": [
                0.7369249634520844,
                0.6753465712229938,
                0.7369251989332246,
                0,
                0.8882476030748367,
                0.029133384493184426,
                -0.06612853815030095,
                0,
                0.29677430595366056,
                0.7369249699524533,
                0.06612902719734946,
                0,
                28.323914043822604,
                -71.11442917605967,
                35.36770979218434,
                1
            ],
            "min": [
                0.35062991078669703,
                0.5770057829175848,
                -0.029133057170431728,
                0,
                -0.06612888667266913,
                -0.4545803965484576,
                -0.9973857008578926,
                0,
                -0.6727322444596229,
                0.6777587670372038,
                -0.69825479668673,
                0,
                -72.74275652202121,
                -87.02240292804403,
                4.45863743631318,
                1
            ],
            "type": "MAT4"
        },
        {
            "bufferView": 0,
            "byteOffset": 241080,
            "componentType": 5126,
            "count": 838,
            "max": [
                -2.143627166748047,
                83.74869537353516,
                110.86508178710938
            ],
            "min": [
                -69.07472229003906,
                -101.90133666992188,
                51.806461334228516
            ],
            "type": "VEC3"
        },
        {
            "bufferView": 0,
            "byteOffset": 251136,
            "componentType": 5126,
            "count": 838,
            "max": [
                0.9860585927963257,
                0.980932891368866,
                0.993660569190979
            ],
            "min": [
                -0.9860467910766602,
                -0.980938732624054,
                -0.9936524629592896
            ],
            "type": "VEC3"
        },
        {
            "bufferView": 0,
            "byteOffset": 261192,
            "componentType": 5126,
            "count": 838,
            "max": [
                1.9930599927902222,
                0.9817832708358765
            ],
            "min": [
                0.004556240048259497,
                0.004468977451324463
            ],
            "type": "VEC2"
        },
        {
            "bufferView": 0,
            "byteOffset": 267896,
            "componentType": 5123,
            "count": 838,
            "max": [
                1,
                2,
                2,
                0
            ],
            "min": [
                0,
                0,
                0,
                0
            ],
            "type": "VEC4"
        },
        {
            "bufferView": 0,
            "byteOffset": 274600,
            "componentType": 5126,
            "count": 838,
            "max": [
                1,
                0.9992358684539795,
                0.6507048010826111,
                0
            ],
            "min": [
                0.00015668098058085889,
                0,
                0,
                0
            ],
            "type": "VEC4"
        },
        {
            "bufferView": 2,
            "byteOffset": 32130,
            "componentType": 5123,
            "count": 2322,
            "max": [
                837
            ],
            "min": [
                0
            ],
            "type": "SCALAR"
        },
        {
            "bufferView": 1,
            "byteOffset": 3968,
            "componentType": 5126,
            "count": 3,
            "max": [
                0.7369250512977648,
                -0.5779268862340302,
                0.7676579971635306,
                0,
                0.8903699608064295,
                0.02913344155654938,
                0.06612842808416258,
                0,
                0.6727319385733193,
                0.736924941760234,
                0.6727316060135721,
                0,
                -27.83807570740858,
                -71.08377114075664,
                4.458658472824989,
                1
            ],
            "min": [
                -0.3506298702472965,
                -0.6753461391056389,
                0.029132571530875995,
                0,
                0.0661282515159853,
                -0.45460757155253884,
                -0.9973857187774018,
                0,
                0.29677467056347645,
                0.6769163874731263,
                0.06612864552600499,
                0,
                -78.33449033735256,
                -87.02237937183219,
                -27.838030648956163,
                1
            ],
            "type": "MAT4"
        }
    ],
    "asset": {
        "generator": "ClayGL - fbx2gltf",
        "version": "2.0"
    },
    "bufferViews": [
        {
            "buffer": 0,
            "byteLength": 288008,
            "byteOffset": 0,
            "target": 34962
        },
        {
            "buffer": 0,
            "byteLength": 4160,
            "byteOffset": 288008,
            "target": 34962
        },
        {
            "buffer": 0,
            "byteLength": 36774,
            "byteOffset": 292168,
            "target": 34963
        }
    ],
    "buffers": [
        {
            "byteLength": 328942,
            "uri": "siren.bin"
        }
    ],
    "images": [
        {
            "uri": "textures/siren_body_color.png"
        },
        {
            "uri": "textures/siren_armor_color.png"
        },
        {
            "uri": "textures/siren_hair_color.png"
        },
        {
            "uri": "textures/siren_tail_color.png"
        },
        {
            "uri": "textures/siren_weapon_color.png"
        }
    ],
    "materials": [
        {
            "emissiveFactor": [
                0,
                0,
                0
            ],
            "name": "Material #35",
            "pbrMetallicRoughness": {
                "baseColorFactor": [
                    1,
                    1,
                    1,
                    1
                ],
                "baseColorTexture": {
                    "index": 0,
                    "texCoord": 0
                },
                "metallicFactor": 0,
                "roughnessFactor": 0.9230769230769231
            }
        },
        {
            "emissiveFactor": [
                0,
                0,
                0
            ],
            "name": "Material #46",
            "pbrMetallicRoughness": {
                "baseColorFactor": [
                    1,
                    1,
                    1,
                    1
                ],
                "baseColorTexture": {
                    "index": 1,
                    "texCoord": 0
                },
                "metallicFactor": 0,
                "roughnessFactor": 0.9230769230769231
            }
        },
        {
            "emissiveFactor": [
                0,
                0,
                0
            ],
            "name": "Material #57",
            "pbrMetallicRoughness": {
                "baseColorFactor": [
                    1,
                    1,
                    1,
                    1
                ],
                "baseColorTexture": {
                    "index": 2,
                    "texCoord": 0
                },
                "metallicFactor": 0,
                "roughnessFactor": 0.9230769230769231
            }
        },
        {
            "emissiveFactor": [
                0,
                0,
                0
            ],
            "name": "Material #68",
            "pbrMetallicRoughness": {
                "baseColorFactor": [
                    1,
                    1,
                    1,
                    1
                ],
                "baseColorTexture": {
                    "index": 3,
                    "texCoord": 0
                },
                "metallicFactor": 0,
                "roughnessFactor": 0.9230769230769231
            }
        },
        {
            "emissiveFactor": [
                0,
                0,
                0
            ],
            "name": "Material #79",
            "pbrMetallicRoughness": {
                "baseColorFactor": [
                    1,
                    1,
                    1,
                    1
                ],
                "baseColorTexture": {
                    "index": 4,
                    "texCoord": 0
                },
                "metallicFactor": 0,
                "roughnessFactor": 0.9230769230769231
            }
        },
        {
            "emissiveFactor": [
                0,
                0,
                0
            ],
            "name": "Material #90",
            "pbrMetallicRoughness": {
                "baseColorFactor": [
                    1,
                    1,
                    1,
                    1
                ],
                "baseColorTexture": {
                    "index": 4,
                    "texCoord": 0
                },
                "metallicFactor": 0,
                "roughnessFactor": 0.9230769230769231
            }
        }
    ],
    "meshes": [
        {
            "name": "siren_model_LOD0",
            "primitives": [
                {
                    "attributes": {
                        "JOINTS_0": 3,
                        "NORMAL": 1,
                        "POSITION": 0,
                        "TEXCOORD_0": 2,
                        "WEIGHTS_0": 4
                    },
                    "indices": 5,
                    "material": 0
                }
            ]
        },
        {
            "name": "siren_armor_model_LOD0",
            "primitives": [
                {
                    "attributes": {
                        "JOINTS_0": 10,
                        "NORMAL": 8,
                        "POSITION": 7,
                        "TEXCOORD_0": 9,
                        "WEIGHTS_0": 11
                    },
                    "indices": 12,
                    "material": 1
                }
            ]
        },
        {
            "name": "siren_hair_model_LOD0",
            "primitives": [
                {
                    "attributes": {
                        "JOINTS_0": 17,
                        "NORMAL": 15,
                        "POSITION": 14,
                        "TEXCOORD_0": 16,
                        "WEIGHTS_0": 18
                    },
                    "indices": 19,
                    "material": 2
                }
            ]
        },
        {
            "name": "siren_tail_model_LOD0",
            "primitives": [
                {
                    "attributes": {
                        "JOINTS_0": 24,
                        "NORMAL": 22,
                        "POSITION": 21,
                        "TEXCOORD_0": 23,
                        "WEIGHTS_0": 25
                    },
                    "indices": 26,
                    "material": 3
                }
            ]
        },
        {
            "name": "siren_weapon_model_LOD0",
            "primitives": [
                {
                    "attributes": {
                        "JOINTS_0": 31,
                        "NORMAL": 29,
                        "POSITION": 28,
                        "TEXCOORD_0": 30,
                        "WEIGHTS_0": 32
                    },
                    "indices": 33,
                    "material": 4
                }
            ]
        },
        {
            "name": "siren_weapon_offhand_model_LOD0",
            "primitives": [
                {
                    "attributes": {
                        "JOINTS_0": 38,
                        "NORMAL": 36,
                        "POSITION": 35,
                        "TEXCOORD_0": 37,
                        "WEIGHTS_0": 39
                    },
                    "indices": 40,
                    "material": 5
                }
            ]
        }
    ],
    "nodes": [
        {
            "children": [
                1,
                33
            ],
            "matrix": [
                1.6292068478213574e-7,
                1.469367938527879e-39,
                1.0000000000000002,
                0,
                1.0000000000000002,
                6.123233995736847e-17,
                -1.6292068478213574e-7,
                0,
                -6.123233995736685e-17,
                1,
                9.976014756666736e-24,
                0,
                -0.5549860000610352,
                112.15225982666016,
                -11.090507507324219,
                1
            ],
            "name": "root"
        },
        {
            "children": [
                2
            ],
            "matrix": [
                -0.5290526747703556,
                -0.012047942727804305,
                0.8485034704208374,
                0,
                -0.006374690854912279,
                0.9999274015521301,
                0.010223318018881435,
                0,
                -0.8485650379038918,
                -2.7357033506544873e-7,
                -0.5290910667612949,
                0,
                -1.659400939941408,
                5.960464477539063e-8,
                7.625862121582031,
                1
            ],
            "name": "spine1"
        },
        {
            "children": [
                3,
                11,
                25
            ],
            "matrix": [
                0.9683470726013186,
                0.011667328886687759,
                -0.24933445453643827,
                0,
                -0.012047809745222914,
                0.9999272227039184,
                7.408520688695835e-8,
                0,
                0.2493163856099146,
                0.003003863247831961,
                0.9684174602594212,
                0,
                9.895027160644545,
                -1.7881393432617188e-7,
                -0.0000038146972514141453,
                1
            ],
            "name": "spine2"
        },
        {
            "children": [
                4
            ],
            "matrix": [
                0.22498051822185533,
                0.9694683551788335,
                -0.09754717350006106,
                0,
                -0.022051868680528497,
                -0.0950219262878312,
                -0.9952312091096407,
                0,
                -0.9741139435650737,
                0.22605865171455528,
                5.066394794805973e-7,
                0,
                10.407081604003892,
                -6.209362030029297,
                4.032629013061523,
                1
            ],
            "name": "clavicle_R"
        },
        {
            "children": [
                5
            ],
            "matrix": [
                0.6260391473770142,
                0.14002630114555353,
                -0.7671159505844117,
                0,
                -0.7171065798749743,
                -0.28305824240345456,
                -0.6368951006215995,
                0,
                -0.30632068310784805,
                0.9488255494383997,
                -0.07679179022629762,
                0,
                -8.167545318603509,
                -3.552713678800501e-15,
                0,
                1
            ],
            "name": "bicep_R"
        },
        {
            "children": [
                6
            ],
            "matrix": [
                0.8448169231414796,
                2.3841857893502905e-7,
                -0.5350562334060671,
                0,
                -5.039946210580459e-7,
                1.000000357627902,
                -3.5017725047437054e-7,
                0,
                0.5350561382076388,
                5.655008279981111e-7,
                0.8448167728299736,
                0,
                -26.313079833984375,
                0,
                0.0000171661376953125,
                1
            ],
            "name": "elbow_R"
        },
        {
            "children": [
                7
            ],
            "matrix": [
                0.6244816184043881,
                0.337984025478363,
                0.7041230797767642,
                0,
                -0.5714205173406618,
                0.8122906351702147,
                0.11688347263273419,
                0,
                -0.5324479767414405,
                -0.47534207932093714,
                0.7003917608213259,
                0,
                -27.544475555419908,
                -0.00002288818359375,
                -0.00000762939453125,
                1
            ],
            "name": "wrist_R"
        },
        {
            "children": [
                8
            ],
            "matrix": [
                0.6727317571640012,
                -0.7369259595870972,
                -0.06612762808799744,
                0,
                0.7369259664063393,
                0.6753459985661798,
                -0.029133023852120955,
                0,
                0.06612785953287288,
                -0.02913243341791437,
                0.9973858052927622,
                0,
                -11.335914611816406,
                -3.212543487548828,
                -0.2962617874145508,
                1
            ],
            "name": "sword_R"
        },
        {
            "children": [
                9
            ],
            "matrix": [
                1.49011611910721e-7,
                0.48137468099594116,
                -0.8765146136283875,
                0,
                7.279213772963533e-7,
                0.8765146845703635,
                0.48137471995681996,
                0,
                0.9999998211859273,
                -7.097643527963302e-7,
                -2.19792118186235e-7,
                0,
                0.000007629394541908141,
                10.299736022949219,
                -25.01917266845703,
                1
            ],
            "name": "ropeR_R0C0"
        },
        {
            "children": [
                10
            ],
            "matrix": [
                0.9949498176574709,
                0.00006429851055161917,
                0.10037557780742645,
                0,
                0.00006450904423555004,
                0.999999165519488,
                -0.0012800097543800466,
                0,
                -0.10037557695742878,
                0.0012800206120718895,
                0.9949489892774428,
                0,
                3.2438201904296875,
                -0.000007629394517039145,
                -0.10848808288573508,
                1
            ],
            "name": "ropeR_R1C0"
        },
        {
            "matrix": [
                0.9999999403953554,
                -5.960464488641293e-8,
                -1.0408340855860843e-17,
                0,
                5.9604641111654644e-8,
                0.9999998807907116,
                1.4901161196102797e-7,
                0,
                -8.867906409193438e-15,
                -1.4901161199745716e-7,
                0.9999998807907305,
                0,
                43.82622528076175,
                -0.000015258789076710855,
                -4.3826408386230575,
                1
            ],
            "name": "ropeR_R2C0"
        },
        {
            "children": [
                12
            ],
            "matrix": [
                0.9637200832366947,
                4.263256414957648e-13,
                -0.26691639423370367,
                0,
                -1.946571241659072e-10,
                1.0000003576278689,
                -7.012257701412515e-10,
                0,
                0.26691635460668917,
                7.277421669590832e-10,
                0.9637199401606209,
                0,
                14.555778503417926,
                9.5367431640625e-7,
                0.0000095367431640625,
                1
            ],
            "name": "neck1"
        },
        {
            "children": [
                13,
                16,
                19,
                22
            ],
            "matrix": [
                -0.035336919128896194,
                -4.946222631713898e-8,
                -0.9993752837181094,
                0,
                4.5255636293346775e-8,
                0.9999998807907095,
                -5.109333401826408e-8,
                0,
                0.9993752837181086,
                -4.7032850979488724e-8,
                -0.035336919128893814,
                0,
                13.211135864257812,
                -5.96046447642884e-7,
                -0.0000019073486363652137,
                1
            ],
            "name": "head"
        },
        {
            "children": [
                14
            ],
            "matrix": [
                -0.6436536908149721,
                0.4151597321033474,
                -0.6429248452186584,
                0,
                -0.12571298937895622,
                -0.8860197296312793,
                -0.44627935306695315,
                0,
                -0.7549213314144019,
                -0.20642535320570496,
                0.622480854301878,
                0,
                -6.110616683959961,
                19.979585647583,
                1.7045898437500284,
                1
            ],
            "name": "headFin_R0C2"
        },
        {
            "children": [
                15
            ],
            "matrix": [
                0.9968297481536862,
                -0.007711023092269856,
                -0.07919099926948536,
                0,
                0.002382697429329478,
                0.9977393147060887,
                -0.0671597437388125,
                0,
                0.07952984805574814,
                0.06675814592251698,
                0.9945946575983692,
                0,
                3.6302032470703125,
                -0.000038146972670460855,
                0.0000457763671875,
                1
            ],
            "name": "headFin_R1C2"
        },
        {
            "matrix": [
                0.9900249838829042,
                0.1042278409004212,
                0.09479945898056025,
                0,
                -0.1105632134411391,
                0.9917922654723607,
                0.06421953478060216,
                0,
                -0.08732788446936751,
