{
    "accessors": {
        "attrbute_1": {
            "bufferView": "bufferView_37",
            "byteOffset": 0,
            "byteStride": 12,
            "count": 1252,
            "max": [
                45.7996826171875,
                33.14220428466797,
                174.05001831054688,
                0
            ],
            "min": [
                -45.7996826171875,
                -10.58023738861084,
                76.39630126953125,
                0
            ],
            "type": 35665
        },
        "attrbute_10": {
            "bufferView": "bufferView_37",
            "byteOffset": 109392,
            "byteStride": 16,
            "count": 1071,
            "max": [
                11,
                12,
                13,
                -1
            ],
            "min": [
                0,
                -1,
                -1,
                -1
            ],
            "type": 35666
        },
        "attrbute_11": {
            "bufferView": "bufferView_37",
            "byteOffset": 126528,
            "byteStride": 12,
            "count": 1071,
            "max": [
                1,
                0.9929757118225098,
                0.9997663497924805
            ],
            "min": [
                0.00010906273382715881,
                0,
                0
            ],
            "type": 35665
        },
        "attrbute_13": {
            "bufferView": "bufferView_37",
            "byteOffset": 139380,
            "byteStride": 12,
            "count": 868,
            "max": [
                53.78678512573242,
                92.95183563232422,
                203.59103393554688,
                0
            ],
            "min": [
                -53.78675079345703,
                9.691349029541016,
                88.0142822265625,
                0
            ],
            "type": 35665
        },
        "attrbute_14": {
            "bufferView": "bufferView_37",
            "byteOffset": 149796,
            "byteStride": 12,
            "count": 868,
            "max": [
                0.9943920373916626,
                0.9980895519256592,
                0.9993643760681152,
                0
            ],
            "min": [
                -0.9943920969963074,
                -0.9999499320983887,
                -0.9993500709533691,
                0
            ],
            "type": 35665
        },
        "attrbute_15": {
            "bufferView": "bufferView_37",
            "byteOffset": 160212,
            "byteStride": 8,
            "count": 868,
            "max": [
                1.9963699579238892,
                0.9978010058403015
            ],
            "min": [
                0.0032846599351614714,
                0.0049089789390563965
            ],
            "type": 35664
        },
        "attrbute_16": {
            "bufferView": "bufferView_37",
            "byteOffset": 167156,
            "byteStride": 16,
            "count": 868,
            "max": [
                8,
                10,
                10,
                -1
            ],
            "min": [
                0,
                -1,
                -1,
                -1
            ],
            "type": 35666
        },
        "attrbute_17": {
            "bufferView": "bufferView_37",
            "byteOffset": 181044,
            "byteStride": 12,
            "count": 868,
            "max": [
                1,
                0.9934563040733337,
                0.7393144965171814
            ],
            "min": [
                0.001858784118667245,
                0,
                0
            ],
            "type": 35665
        },
        "attrbute_19": {
            "bufferView": "bufferView_37",
            "byteOffset": 191460,
            "byteStride": 12,
            "count": 276,
            "max": [
                23.965740203857422,
                238.09063720703125,
                104.00900268554688,
                0
            ],
            "min": [
                -24.170251846313477,
                -11.354995727539062,
                -3.3701443672180176,
                0
            ],
            "type": 35665
        },
        "attrbute_2": {
            "bufferView": "bufferView_37",
            "byteOffset": 15024,
            "byteStride": 12,
            "count": 1252,
            "max": [
                0.9994655251502991,
                0.999872088432312,
                0.9997684359550476,
                0
            ],
            "min": [
                -0.9994655251502991,
                -0.999935507774353,
                -0.9964994788169861,
                0
            ],
            "type": 35665
        },
        "attrbute_20": {
            "bufferView": "bufferView_37",
            "byteOffset": 194772,
            "byteStride": 12,
            "count": 276,
            "max": [
                0.9980358481407166,
                0.9943379163742065,
                0.9992309808731079,
                0
            ],
            "min": [
                -0.9980398416519165,
                -0.999958872795105,
                -0.9998742938041687,
                0
            ],
            "type": 35665
        },
        "attrbute_21": {
            "bufferView": "bufferView_37",
            "byteOffset": 198084,
            "byteStride": 8,
            "count": 276,
            "max": [
                1.9918999671936035,
                0.9929109811782837
            ],
            "min": [
                0.0027699500788003206,
                0.005961894989013672
            ],
            "type": 35664
        },
        "attrbute_22": {
            "bufferView": "bufferView_37",
            "byteOffset": 200292,
            "byteStride": 16,
            "count": 276,
            "max": [
                14,
                14,
                15,
                -1
            ],
            "min": [
                0,
                -1,
                -1,
                -1
            ],
            "type": 35666
        },
        "attrbute_23": {
            "bufferView": "bufferView_37",
            "byteOffset": 204708,
            "byteStride": 12,
            "count": 276,
            "max": [
                1,
                0.986895740032196,
                0.8957576751708984
            ],
            "min": [
                0.0015158213209360838,
                0,
                0
            ],
            "type": 35665
        },
        "attrbute_25": {
            "bufferView": "bufferView_37",
            "byteOffset": 208020,
            "byteStride": 12,
            "count": 838,
            "max": [
                70.2192153930664,
                83.71479797363281,
                109.14250183105469,
                0
            ],
            "min": [
                2.1433448791503906,
                -101.90132904052734,
                51.806697845458984,
                0
            ],
            "type": 35665
        },
        "attrbute_26": {
            "bufferView": "bufferView_37",
            "byteOffset": 218076,
            "byteStride": 12,
            "count": 838,
            "max": [
                0.9926174879074097,
                0.9955398440361023,
                0.9939044713973999,
                0
            ],
            "min": [
                -0.9924235343933105,
                -0.9955302476882935,
                -0.9939061999320984,
                0
            ],
            "type": 35665
        },
        "attrbute_27": {
            "bufferView": "bufferView_37",
            "byteOffset": 228132,
            "byteStride": 8,
            "count": 838,
            "max": [
                1.9930599927902222,
                0.9955310225486755
            ],
            "min": [
                0.004556240048259497,
                0.018216729164123535
            ],
            "type": 35664
        },
        "attrbute_28": {
            "bufferView": "bufferView_37",
            "byteOffset": 234836,
            "byteStride": 16,
            "count": 838,
            "max": [
                1,
                2,
                2,
                -1
            ],
            "min": [
                0,
                -1,
                -1,
                -1
            ],
            "type": 35666
        },
        "attrbute_29": {
            "bufferView": "bufferView_37",
            "byteOffset": 248244,
            "byteStride": 12,
            "count": 838,
            "max": [
                1,
                0.9992358684539795,
                0.6507108211517334
            ],
            "min": [
                0.00015668098058085889,
                0,
                0
            ],
            "type": 35665
        },
        "attrbute_3": {
            "bufferView": "bufferView_37",
            "byteOffset": 30048,
            "byteStride": 8,
            "count": 1252,
            "max": [
                1.9950200319290161,
                0.9955000281333923
            ],
            "min": [
                0.0008400080259889364,
                0.0018323659896850586
            ],
            "type": 35664
        },
        "attrbute_31": {
            "bufferView": "bufferView_37",
            "byteOffset": 258300,
            "byteStride": 12,
            "count": 838,
            "max": [
                -2.143627166748047,
                83.74869537353516,
                110.86508178710938,
                0
            ],
            "min": [
                -69.07472229003906,
                -101.90133666992188,
                51.806461334228516,
                0
            ],
            "type": 35665
        },
        "attrbute_32": {
            "bufferView": "bufferView_37",
            "byteOffset": 268356,
            "byteStride": 12,
            "count": 838,
            "max": [
                0.9860585927963257,
                0.980932891368866,
                0.993660569190979,
                0
            ],
            "min": [
                -0.9860467910766602,
                -0.980938732624054,
                -0.9936524629592896,
                0
            ],
            "type": 35665
        },
        "attrbute_33": {
            "bufferView": "bufferView_37",
            "byteOffset": 278412,
            "byteStride": 8,
            "count": 838,
            "max": [
                1.9930599927902222,
                0.9955310225486755
            ],
            "min": [
                0.004556240048259497,
                0.018216729164123535
            ],
            "type": 35664
        },
        "attrbute_34": {
            "bufferView": "bufferView_37",
            "byteOffset": 285116,
            "byteStride": 16,
            "count": 838,
            "max": [
                1,
                2,
                2,
                -1
            ],
            "min": [
                0,
                -1,
                -1,
                -1
            ],
            "type": 35666
        },
        "attrbute_35": {
            "bufferView": "bufferView_37",
            "byteOffset": 298524,
            "byteStride": 12,
            "count": 838,
            "max": [
                1,
                0.9992358684539795,
                0.6507048010826111
            ],
            "min": [
                0.00015668098058085889,
                0,
                0
            ],
            "type": 35665
        },
        "attrbute_4": {
            "bufferView": "bufferView_37",
            "byteOffset": 40064,
            "byteStride": 16,
            "count": 1252,
            "max": [
                16,
                17,
                17,
                -1
            ],
            "min": [
                0,
                -1,
                -1,
                -1
            ],
            "type": 35666
        },
        "attrbute_5": {
            "bufferView": "bufferView_37",
            "byteOffset": 60096,
            "byteStride": 12,
            "count": 1252,
            "max": [
                1,
                0.9992260336875916,
                0.9932445287704468
            ],
            "min": [
                0.00021323903638403863,
                0,
                0
            ],
            "type": 35665
        },
        "attrbute_7": {
            "bufferView": "bufferView_37",
            "byteOffset": 75120,
            "byteStride": 12,
            "count": 1071,
            "max": [
                47.09764099121094,
                42.34910583496094,
                135.4219970703125,
                0
            ],
            "min": [
                -47.097633361816406,
                -11.564807891845703,
                28.11000633239746,
                0
            ],
            "type": 35665
        },
        "attrbute_8": {
            "bufferView": "bufferView_37",
            "byteOffset": 87972,
            "byteStride": 12,
            "count": 1071,
            "max": [
                0.9990602135658264,
                0.9869741797447205,
                0.988797664642334,
                0
            ],
            "min": [
                -0.9990602135658264,
                -0.9941827654838562,
                -0.9991095662117004,
                0
            ],
            "type": 35665
        },
        "attrbute_9": {
            "bufferView": "bufferView_37",
            "byteOffset": 100824,
            "byteStride": 8,
            "count": 1071,
            "max": [
                1.5372799634933472,
                0.9944859743118286
            ],
            "min": [
                0.007069679908454418,
                0.003464818000793457
            ],
            "type": 35664
        },
        "indices_12": {
            "bufferView": "bufferView_39",
            "byteOffset": 11532,
            "count": 3231,
            "type": 5123
        },
        "indices_18": {
            "bufferView": "bufferView_39",
            "byteOffset": 17994,
            "count": 3558,
            "type": 5123
        },
        "indices_24": {
            "bufferView": "bufferView_39",
            "byteOffset": 25110,
            "count": 1188,
            "type": 5123
        },
        "indices_30": {
            "bufferView": "bufferView_39",
            "byteOffset": 27486,
            "count": 2322,
            "type": 5123
        },
        "indices_36": {
            "bufferView": "bufferView_39",
            "byteOffset": 32130,
            "count": 2322,
            "type": 5123
        },
        "indices_6": {
            "bufferView": "bufferView_39",
            "byteOffset": 0,
            "count": 5766,
            "type": 5123
        }
    },
    "animations": {},
    "asset": {},
    "bufferViews": {
        "bufferView_37": {
            "buffer": "siren.bin",
            "byteLength": 308580,
            "byteOffset": 0,
            "target": 34962
        },
        "bufferView_38": {
            "buffer": "siren.bin",
            "byteLength": 5824,
            "byteOffset": 308580
        },
        "bufferView_39": {
            "buffer": "siren.bin",
            "byteLength": 36774,
            "byteOffset": 314404,
            "target": 34963
        }
    },
    "buffers": {
        "siren.bin": {
            "byteLength": 351178,
            "path": "siren.bin"
        }
    },
    "cameras": {},
    "images": {
        "image_0": {
            "path": "textures/siren_body_color.png"
        },
        "image_1": {
            "path": "textures/siren_armor_color.png"
        },
        "image_2": {
            "path": "textures/siren_hair_color.png"
        },
        "image_3": {
            "path": "textures/siren_tail_color.png"
        },
        "image_4": {
            "path": "textures/siren_weapon_color.png"
        }
    },
    "lights": {},
    "materials": {
        "Material #35": {
            "instanceTechnique": {
                "technique": "technique_0",
                "values": {
                    "ambient": [
                        0.5879999995231628,
                        0.5879999995231628,
                        0.5879999995231628
                    ],
                    "diffuse": "Map #7",
                    "emission": [
                        0,
                        0,
                        0
                    ],
                    "shininess": 2,
                    "specular": [
                        0.8999999761581421,
                        0.8999999761581421,
                        0.8999999761581421
                    ],
                    "transparency": 1
                }
            },
            "name": "Material #35"
        },
        "Material #46": {
            "instanceTechnique": {
                "technique": "technique_0",
                "values": {
                    "ambient": [
                        0.5879999995231628,
                        0.5879999995231628,
                        0.5879999995231628
                    ],
                    "diffuse": "Map #8",
                    "emission": [
                        0,
                        0,
                        0
                    ],
                    "shininess": 2,
                    "specular": [
                        0.8999999761581421,
                        0.8999999761581421,
                        0.8999999761581421
                    ],
                    "transparency": 1
                }
            },
            "name": "Material #46"
        },
        "Material #57": {
            "instanceTechnique": {
                "technique": "technique_0",
                "values": {
                    "ambient": [
                        0.5879999995231628,
                        0.5879999995231628,
                        0.5879999995231628
                    ],
                    "diffuse": "Map #10",
                    "emission": [
                        0,
                        0,
                        0
                    ],
                    "shininess": 2,
                    "specular": [
                        0.8999999761581421,
                        0.8999999761581421,
                        0.8999999761581421
                    ],
                    "transparency": 1
                }
            },
            "name": "Material #57"
        },
        "Material #68": {
            "instanceTechnique": {
                "technique": "technique_0",
                "values": {
                    "ambient": [
                        0.5879999995231628,
                        0.5879999995231628,
                        0.5879999995231628
                    ],
                    "diffuse": "Map #9",
                    "emission": [
                        0,
                        0,
                        0
                    ],
                    "shininess": 2,
                    "specular": [
                        0.8999999761581421,
                        0.8999999761581421,
                        0.8999999761581421
                    ],
                    "transparency": 1
                }
            },
            "name": "Material #68"
        },
        "Material #79": {
            "instanceTechnique": {
                "technique": "technique_0",
                "values": {
                    "ambient": [
                        0.5879999995231628,
                        0.5879999995231628,
                        0.5879999995231628
                    ],
                    "diffuse": "Map #11",
                    "emission": [
                        0,
                        0,
                        0
                    ],
                    "shininess": 2,
                    "specular": [
                        0.8999999761581421,
                        0.8999999761581421,
                        0.8999999761581421
                    ],
                    "transparency": 1
                }
            },
            "name": "Material #79"
        },
        "Material #90": {
            "instanceTechnique": {
                "technique": "technique_0",
                "values": {
                    "ambient": [
                        0.5879999995231628,
                        0.5879999995231628,
                        0.5879999995231628
                    ],
                    "diffuse": "Map #11",
                    "emission": [
                        0,
                        0,
                        0
                    ],
                    "shininess": 2,
                    "specular": [
                        0.8999999761581421,
                        0.8999999761581421,
                        0.8999999761581421
                    ],
                    "transparency": 1
                }
            },
            "name": "Material #90"
        }
    },
    "meshes": {
        "siren_armor_model_LOD0-mesh": {
            "name": "siren_armor_model_LOD0-mesh",
            "primitives": [
                {
                    "attributes": {
                        "JOINT": "attrbute_10",
                        "NORMAL": "attrbute_8",
                        "POSITION": "attrbute_7",
                        "TEXCOORD_0": "attrbute_9",
                        "WEIGHT": "attrbute_11"
                    },
                    "indices": "indices_12",
                    "material": "Material #46"
                }
            ]
        },
        "siren_hair_model_LOD0-mesh": {
            "name": "siren_hair_model_LOD0-mesh",
            "primitives": [
                {
                    "attributes": {
                        "JOINT": "attrbute_16",
                        "NORMAL": "attrbute_14",
                        "POSITION": "attrbute_13",
                        "TEXCOORD_0": "attrbute_15",
                        "WEIGHT": "attrbute_17"
                    },
                    "indices": "indices_18",
                    "material": "Material #57"
                }
            ]
        },
        "siren_model_LOD0-mesh": {
            "name": "siren_model_LOD0-mesh",
            "primitives": [
                {
                    "attributes": {
                        "JOINT": "attrbute_4",
                        "NORMAL": "attrbute_2",
                        "POSITION": "attrbute_1",
                        "TEXCOORD_0": "attrbute_3",
                        "WEIGHT": "attrbute_5"
                    },
                    "indices": "indices_6",
                    "material": "Material #35"
                }
            ]
        },
        "siren_tail_model_LOD0-mesh": {
            "name": "siren_tail_model_LOD0-mesh",
            "primitives": [
                {
                    "attributes": {
                        "JOINT": "attrbute_22",
                        "NORMAL": "attrbute_20",
                        "POSITION": "attrbute_19",
                        "TEXCOORD_0": "attrbute_21",
                        "WEIGHT": "attrbute_23"
                    },
                    "indices": "indices_24",
                    "material": "Material #68"
                }
            ]
        },
        "siren_weapon_model_LOD0-mesh": {
            "name": "siren_weapon_model_LOD0-mesh",
            "primitives": [
                {
                    "attributes": {
                        "JOINT": "attrbute_28",
                        "NORMAL": "attrbute_26",
                        "POSITION": "attrbute_25",
                        "TEXCOORD_0": "attrbute_27",
                        "WEIGHT": "attrbute_29"
                    },
                    "indices": "indices_30",
                    "material": "Material #79"
                }
            ]
        },
        "siren_weapon_offhand_model_LOD0-mesh": {
            "name": "siren_weapon_offhand_model_LOD0-mesh",
            "primitives": [
                {
                    "attributes": {
                        "JOINT": "attrbute_34",
                        "NORMAL": "attrbute_32",
                        "POSITION": "attrbute_31",
                        "TEXCOORD_0": "attrbute_33",
                        "WEIGHT": "attrbute_35"
                    },
                    "indices": "indices_36",
                    "material": "Material #90"
                }
            ]
        }
    },
    "nodes": {
        "bicep_L": {
            "children": [
                "elbow_L"
            ],
            "jointId": "bicep_L",
            "matrix": [
                0.626039206981659,
                0.14002579450607294,
                -0.7671162486076357,
                0,
                -0.7171069670932253,
                -0.2830586405885949,
                -0.6368951106525025,
                0,
                -0.3063205709156087,
                0.9488255446174616,
                -0.07679232016318532,
                0,
                8.167552947998047,
                0.0000152587890625,
                0,
                1
            ],
            "name": "bicep_L"
        },
        "bicep_R": {
            "children": [
                "elbow_R"
            ],
            "jointId": "bicep_R",
            "matrix": [
                0.6260391473770142,
                0.14002630114555353,
                -0.7671159505844116,
                0,
                -0.7171065798749745,
                -0.28305824240345456,
                -0.6368951006215997,
                0,
                -0.3063206831078481,
                0.9488255494383999,
                -0.07679179022629773,
                0,
                -8.167545318603512,
                0,
                0,
                1
            ],
            "name": "bicep_R"
        },
        "clavicle_L": {
            "children": [
                "bicep_L"
            ],
            "jointId": "clavicle_L",
            "matrix": [
                -0.22498042881488797,
                0.9694681763648989,
                0.09754667431116106,
                0,
                0.02205239879358245,
                -0.09502131658641409,
                0.9952312708695992,
                0,
                0.9741139363573194,
                0.22605866787247647,
                -0.0000011622905733421618,
                0,
                10.407096862792969,
                7.557762622833252,
                4.032594680786136,
                1
            ],
            "name": "clavicle_L"
        },
        "clavicle_R": {
            "children": [
                "bicep_R"
            ],
            "jointId": "clavicle_R",
            "matrix": [
                0.22498051822185533,
                0.9694683551788333,
                -0.09754717350006104,
                0,
                -0.022051868680528608,
                -0.0950219262878312,
                -0.9952312091096407,
                0,
                -0.9741139435650741,
                0.2260586517145553,
                5.066394794805973e-7,
                0,
                10.407081604003878,
                -6.209362030029298,
                4.0326290130615305,
                1
            ],
            "name": "clavicle_R"
        },
        "elbow_L": {
            "children": [
                "wrist_L"
            ],
            "jointId": "elbow_L",
            "matrix": [
                0.8448162078857422,
                0.0000011026859282059487,
                -0.5350569486618042,
                0,
                -0.000001347706806709148,
                1.0000002384184172,
                -6.705522218042326e-8,
                0,
                0.5350570734960375,
                7.777492260774288e-7,
                0.8448164049915675,
                0,
                26.313140869140625,
                0.0000457763671875,
                0.00000762939453125,
                1
            ],
            "name": "elbow_L"
        },
        "elbow_R": {
            "children": [
                "wrist_R"
            ],
            "jointId": "elbow_R",
            "matrix": [
                0.8448169231414798,
                2.3841857915707365e-7,
                -0.5350562334060671,
                0,
                -5.03994620926207e-7,
                1.000000357627902,
                -3.5017725032171487e-7,
                0,
                0.535056138207639,
                5.655008280813778e-7,
                0.8448167728299734,
                0,
                -26.313079833984375,
                0,
                0.000017166137691759786,
                1
            ],
            "name": "elbow_R"
        },
        "head": {
            "children": [
                "headFin_R0C2",
                "headFin_R0C0",
                "headBulb_R0C0",
                "headFin_R0C1"
            ],
            "jointId": "head",
            "matrix": [
                -0.035336919128896194,
                -4.94622263171389e-8,
                -0.9993752837181094,
                0,
                4.525563629334679e-8,
                0.999999880790709,
                -5.1093334018264e-8,
                0,
                0.9993752837181085,
                -4.7032850979488684e-8,
                -0.03533691912889382,
                0,
                13.211135864257812,
                -5.96046447642884e-7,
                -0.0000019073486328125,
                1
            ],
            "name": "head"
        },
        "headBulb_R0C0": {
            "children": [
                "headBulb_R1C0"
            ],
            "jointId": "headBulb_R0C0",
            "matrix": [
                0.4750323593616484,
                2.266408927198425e-7,
                0.8799683451652526,
                0,
                0.8799683700808194,
                -2.1929947898307213e-7,
                -0.4750323728117357,
                0,
                8.531482843159089e-8,
                0.9999999403953549,
                -3.0361112978355267e-7,
                0,
                5.891977310180664,
                0.0000095367431640625,
                15.350402832031222,
                1
            ],
            "name": "headBulb_R0C0"
        },
        "headBulb_R1C0": {
            "children": [
                "headBulb_R2C0"
            ],
            "jointId": "headBulb_R1C0",
            "matrix": [
                0.9301031827926634,
                -0.36729848384857167,
                -3.4785506386469933e-7,
                0,
                0.36729844286420915,
                0.9301030790083122,
                4.279509084881284e-7,
                0,
                1.6635538654481358e-7,
                -5.258052531994558e-7,
                1.0000002384185789,
                0,
                2.1258239746094034,
                0.033782958984375,
                -0.000009894371032825866,
                1
            ],
            "name": "headBulb_R1C0"
        },
        "headBulb_R2C0": {
            "children": [],
            "jointId": "headBulb_R2C0",
            "matrix": [
                1.0000001192092896,
                4.693865775923234e-7,
                -2.912532437449177e-10,
                0,
                -4.693866891003484e-7,
                1.000000357627879,
                0.0000014307440778793513,
                0,
                2.91924780770674e-10,
                -0.000001430743566068537,
                0.9999999999999986,
                0,
                9.103347778320312,
                0.000019073486328125,
                0.000030517578124777955,
                1
            ],
            "name": "headBulb_R2C0"
        },
        "headFin_R0C0": {
            "children": [
                "headFin_R1C0"
            ],
            "jointId": "headFin_R0C0",
            "matrix": [
                -0.7285235524177548,
                -0.24547041952609985,
                -0.6395292878150939,
                0,
                -0.08377743923899715,
                0.9585102039409551,
                -0.2724692481714117,
                0,
                0.6798785284550084,
                -0.14492214701517409,
                -0.7188621839459567,
                0,
                -6.110601425170895,
                -19.389293670654297,
                1.7046051025390625,
                1
            ],
            "name": "headFin_R0C0"
        },
        "headFin_R0C1": {
            "children": [
                "headFin_R1C1"
            ],
            "jointId": "headFin_R0C1",
            "matrix": [
                -0.6679720282554625,
                2.657013737295102e-7,
                0.744186222553253,
                0,
                -0.7391488108854272,
                -0.11615749632059623,
                -0.6634504705456505,
                0,
                0.08644263575682325,
                -0.9932307596261464,
                0.07759015806407082,
                0,
                -2.8390960693359375,
                0.0000057220458984375,
                15.069305419921903,
                1
            ],
            "name": "headFin_R0C1"
        },
        "headFin_R0C2": {
            "children": [
                "headFin_R1C2"
            ],
            "jointId": "headFin_R0C2",
            "matrix": [
                -0.6436536908149719,
                0.4151597321033474,
                -0.6429248452186583,
                0,
                -0.1257129893789562,
                -0.8860197296312792,
                -0.4462793530669531,
                0,
                -0.7549213314144019,
                -0.2064253532057051,
                0.6224808543018783,
                0,
                -6.110616683959957,
                19.979585647583,
                1.70458984375,
                1
            ],
            "name": "headFin_R0C2"
        },
        "headFin_R1C0": {
            "children": [
                "headFin_R2C0"
            ],
            "jointId": "headFin_R1C0",
            "matrix": [
                0.9842982292175291,
                -0.07645729184150696,
                0.15909600257873535,
                0,
                0.06682446110304913,
                0.9956423088789255,
                0.06504824558642966,
                0,
                -0.16337611436801963,
                -0.05339536514823734,
                0.9851181205838029,
                0,
                3.630226135253892,
                -0.0000038146972585195726,
                0.0000152587890625,
                1
            ],
            "name": "headFin_R1C0"
        },
        "headFin_R1C1": {
            "children": [
                "headFin_R2C1"
            ],
            "jointId": "headFin_R1C1",
            "matrix": [
                0.9973369240760805,
                -0.07293331623077415,
                4.880130291054496e-7,
                0,
                0.07293331205464754,
                0.9973368669562144,
                -0.000001918524503700947,
                0,
                -3.4678901995877087e-7,
                0.000001949007670969116,
                1.0000001192092978,
                0,
                5.4120330810546875,
                -0.000030517578125,
                0.00001430511474609375,
                1
            ],
            "name": "headFin_R1C1"
        },
        "headFin_R1C2": {
            "children": [
                "headFin_R2C2"
            ],
            "jointId": "headFin_R1C2",
            "matrix": [
                0.9968297481536867,
                -0.0077110230922698975,
                -0.07919099926948558,
                0,
                0.0023826974293296166,
                0.9977393147060892,
                -0.06715974373881262,
                0,
                0.07952984805574825,
                0.06675814592251686,
                0.9945946575983696,
                0,
                3.6302032470703125,
                -0.00003814697265625,
                0.0000457763671875,
                1
            ],
            "name": "headFin_R1C2"
        },
        "headFin_R2C0": {
            "children": [],
            "jointId": "headFin_R2C0",
            "matrix": [
                0.9774821996688843,
                0.07845483720302579,
                -0.1958909034729004,
                0,
                -0.10624164793541813,
                0.9850476965778477,
                -0.13562428156243847,
                0,
                0.1823214701003154,
                0.15338206636869753,
                0.9712015888152757,
                0,
                15.785354614257812,
                0.0000152587890625,
                -0.00000762939453125,
                1
            ],
            "name": "headFin_R2C0"
        },
        "headFin_R2C1": {
            "children": [],
            "jointId": "headFin_R2C1",
            "matrix": [
                0.9996706247329712,
                -0.025662541389465332,
                -1.2665987014770508e-7,
                0,
                0.02566254135022239,
                0.9996706232038697,
                8.568167687156292e-8,
                0,
                1.244193143165595e-7,
                -8.890385002485734e-8,
                0.9999997019767812,
                0,
                13.916580200195284,
                0.000030517578139210855,
                -0.000005722045901990214,
                1
            ],
            "name": "headFin_R2C1"
        },
        "headFin_R2C2": {
            "children": [],
            "jointId": "headFin_R2C2",
            "matrix": [
                0.9900249838829045,
                0.10422784090042131,
                0.09479945898056036,
                0,
                -0.11056321344113906,
                0.9917922654723608,
                0.064219534780602,
                0,
                -0.08732788446936768,
                -0.07406025782145198,
                0.9934226333811027,
                0,
                15.785316467285163,
                -0.000015258789048289145,
                -0.0000152587890625,
                1
            ],
            "name": "headFin_R2C2"
        },
        "hip1_0": {
            "children": [
                "hip1_1",
                "hipArmorR_0",
                "hipArmorL_0"
            ],
            "jointId": "hip1_0",
            "matrix": [
                0.015042290091506764,
                2.3669986148876402e-7,
                -0.9998868703842163,
                0,
                0.9998868703842452,
                -0.000008032514108472765,
                0.015042290089605687,
                0,
                -0.000008028044692118999,
                -1,
                -3.575004825074276e-7,
                0,
                0,
                -7.748603820800781e-7,
                -15.721359252929688,
                1
            ],
            "name": "hip1_0"
        },
        "hip1_1": {
            "children": [
                "tail_R0C0"
            ],
            "jointId": "hip1_1",
            "matrix": [
                0.9999345541000368,
                -0.011432874947786333,
                -9.217563956553931e-8,
                0,
                0.011432874947742384,
                0.9999345541000372,
                -4.768370729380022e-7,
                0,
                9.762124294116917e-8,
                4.757521175006994e-7,
                1.0000000000000002,
                0,
                26.12899780273436,
                -0.0000019073486328125,
                -0.000005245208740123353,
                1
            ],
            "name": "hip1_1"
        },
        "hipArmoR_1": {
            "children": [
                "hipArmoR_2"
