{
    "animations": {},
    "asset": {},
    "attributes": {
        "attribute_1": {
            "bufferView": "bufferView_43",
            "byteOffset": 0,
            "byteStride": 12,
            "count": 1376,
            "max": [
                1,
                1,
                1
            ],
            "min": [
                0,
                0,
                0
            ],
            "type": "FLOAT_VEC3"
        },
        "attribute_10": {
            "bufferView": "bufferView_43",
            "byteOffset": 85568,
            "byteStride": 16,
            "count": 94,
            "max": [
                1,
                1,
                1
            ],
            "min": [
                0,
                0,
                0
            ],
            "type": "FLOAT_VEC4"
        },
        "attribute_11": {
            "bufferView": "bufferView_43",
            "byteOffset": 87072,
            "byteStride": 12,
            "count": 94,
            "max": [
                1,
                1,
                1
            ],
            "min": [
                0,
                0,
                0
            ],
            "type": "FLOAT_VEC3"
        },
        "attribute_13": {
            "bufferView": "bufferView_43",
            "byteOffset": 88200,
            "byteStride": 12,
            "count": 1330,
            "max": [
                1,
                1,
                1
            ],
            "min": [
                0,
                0,
                0
            ],
            "type": "FLOAT_VEC3"
        },
        "attribute_14": {
            "bufferView": "bufferView_43",
            "byteOffset": 104160,
            "byteStride": 12,
            "count": 1330,
            "max": [
                1,
                1,
                1
            ],
            "min": [
                0,
                0,
                0
            ],
            "type": "FLOAT_VEC3"
        },
        "attribute_15": {
            "bufferView": "bufferView_43",
            "byteOffset": 120120,
            "byteStride": 8,
            "count": 1330,
            "max": [
                1,
                1,
                1
            ],
            "min": [
                0,
                0,
                0
            ],
            "type": "FLOAT_VEC2"
        },
        "attribute_16": {
            "bufferView": "bufferView_43",
            "byteOffset": 130760,
            "byteStride": 16,
            "count": 1330,
            "max": [
                1,
                1,
                1
            ],
            "min": [
                0,
                0,
                0
            ],
            "type": "FLOAT_VEC4"
        },
        "attribute_17": {
            "bufferView": "bufferView_43",
            "byteOffset": 152040,
            "byteStride": 12,
            "count": 1330,
            "max": [
                1,
                1,
                1
            ],
            "min": [
                0,
                0,
                0
            ],
            "type": "FLOAT_VEC3"
        },
        "attribute_19": {
            "bufferView": "bufferView_43",
            "byteOffset": 168000,
            "byteStride": 12,
            "count": 592,
            "max": [
                1,
                1,
                1
            ],
            "min": [
                0,
                0,
                0
            ],
            "type": "FLOAT_VEC3"
        },
        "attribute_2": {
            "bufferView": "bufferView_43",
            "byteOffset": 16512,
            "byteStride": 12,
            "count": 1376,
            "max": [
                1,
                1,
                1
            ],
            "min": [
                0,
                0,
                0
            ],
            "type": "FLOAT_VEC3"
        },
        "attribute_20": {
            "bufferView": "bufferView_43",
            "byteOffset": 175104,
            "byteStride": 12,
            "count": 592,
            "max": [
                1,
                1,
                1
            ],
            "min": [
                0,
                0,
                0
            ],
            "type": "FLOAT_VEC3"
        },
        "attribute_21": {
            "bufferView": "bufferView_43",
            "byteOffset": 182208,
            "byteStride": 8,
            "count": 592,
            "max": [
                1,
                1,
                1
            ],
            "min": [
                0,
                0,
                0
            ],
            "type": "FLOAT_VEC2"
        },
        "attribute_22": {
            "bufferView": "bufferView_43",
            "byteOffset": 186944,
            "byteStride": 16,
            "count": 592,
            "max": [
                1,
                1,
                1
            ],
            "min": [
                0,
                0,
                0
            ],
            "type": "FLOAT_VEC4"
        },
        "attribute_23": {
            "bufferView": "bufferView_43",
            "byteOffset": 196416,
            "byteStride": 12,
            "count": 592,
            "max": [
                1,
                1,
                1
            ],
            "min": [
                0,
                0,
                0
            ],
            "type": "FLOAT_VEC3"
        },
        "attribute_25": {
            "bufferView": "bufferView_43",
            "byteOffset": 203520,
            "byteStride": 12,
            "count": 172,
            "max": [
                1,
                1,
                1
            ],
            "min": [
                0,
                0,
                0
            ],
            "type": "FLOAT_VEC3"
        },
        "attribute_26": {
            "bufferView": "bufferView_43",
            "byteOffset": 205584,
            "byteStride": 12,
            "count": 172,
            "max": [
                1,
                1,
                1
            ],
            "min": [
                0,
                0,
                0
            ],
            "type": "FLOAT_VEC3"
        },
        "attribute_27": {
            "bufferView": "bufferView_43",
            "byteOffset": 207648,
            "byteStride": 8,
            "count": 172,
            "max": [
                1,
                1,
                1
            ],
            "min": [
                0,
                0,
                0
            ],
            "type": "FLOAT_VEC2"
        },
        "attribute_28": {
            "bufferView": "bufferView_43",
            "byteOffset": 209024,
            "byteStride": 16,
            "count": 172,
            "max": [
                1,
                1,
                1
            ],
            "min": [
                0,
                0,
                0
            ],
            "type": "FLOAT_VEC4"
        },
        "attribute_29": {
            "bufferView": "bufferView_43",
            "byteOffset": 211776,
            "byteStride": 12,
            "count": 172,
            "max": [
                1,
                1,
                1
            ],
            "min": [
                0,
                0,
                0
            ],
            "type": "FLOAT_VEC3"
        },
        "attribute_3": {
            "bufferView": "bufferView_43",
            "byteOffset": 33024,
            "byteStride": 8,
            "count": 1376,
            "max": [
                1,
                1,
                1
            ],
            "min": [
                0,
                0,
                0
            ],
            "type": "FLOAT_VEC2"
        },
        "attribute_31": {
            "bufferView": "bufferView_43",
            "byteOffset": 213840,
            "byteStride": 12,
            "count": 191,
            "max": [
                1,
                1,
                1
            ],
            "min": [
                0,
                0,
                0
            ],
            "type": "FLOAT_VEC3"
        },
        "attribute_32": {
            "bufferView": "bufferView_43",
            "byteOffset": 216132,
            "byteStride": 12,
            "count": 191,
            "max": [
                1,
                1,
                1
            ],
            "min": [
                0,
                0,
                0
            ],
            "type": "FLOAT_VEC3"
        },
        "attribute_33": {
            "bufferView": "bufferView_43",
            "byteOffset": 218424,
            "byteStride": 8,
            "count": 191,
            "max": [
                1,
                1,
                1
            ],
            "min": [
                0,
                0,
                0
            ],
            "type": "FLOAT_VEC2"
        },
        "attribute_34": {
            "bufferView": "bufferView_43",
            "byteOffset": 219952,
            "byteStride": 16,
            "count": 191,
            "max": [
                1,
                1,
                1
            ],
            "min": [
                0,
                0,
                0
            ],
            "type": "FLOAT_VEC4"
        },
        "attribute_35": {
            "bufferView": "bufferView_43",
            "byteOffset": 223008,
            "byteStride": 12,
            "count": 191,
            "max": [
                1,
                1,
                1
            ],
            "min": [
                0,
                0,
                0
            ],
            "type": "FLOAT_VEC3"
        },
        "attribute_37": {
            "bufferView": "bufferView_43",
            "byteOffset": 225300,
            "byteStride": 12,
            "count": 191,
            "max": [
                1,
                1,
                1
            ],
            "min": [
                0,
                0,
                0
            ],
            "type": "FLOAT_VEC3"
        },
        "attribute_38": {
            "bufferView": "bufferView_43",
            "byteOffset": 227592,
            "byteStride": 12,
            "count": 191,
            "max": [
                1,
                1,
                1
            ],
            "min": [
                0,
                0,
                0
            ],
            "type": "FLOAT_VEC3"
        },
        "attribute_39": {
            "bufferView": "bufferView_43",
            "byteOffset": 229884,
            "byteStride": 8,
            "count": 191,
            "max": [
                1,
                1,
                1
            ],
            "min": [
                0,
                0,
                0
            ],
            "type": "FLOAT_VEC2"
        },
        "attribute_4": {
            "bufferView": "bufferView_43",
            "byteOffset": 44032,
            "byteStride": 16,
            "count": 1376,
            "max": [
                1,
                1,
                1
            ],
            "min": [
                0,
                0,
                0
            ],
            "type": "FLOAT_VEC4"
        },
        "attribute_40": {
            "bufferView": "bufferView_43",
            "byteOffset": 231412,
            "byteStride": 16,
            "count": 191,
            "max": [
                1,
                1,
                1
            ],
            "min": [
                0,
                0,
                0
            ],
            "type": "FLOAT_VEC4"
        },
        "attribute_41": {
            "bufferView": "bufferView_43",
            "byteOffset": 234468,
            "byteStride": 12,
            "count": 191,
            "max": [
                1,
                1,
                1
            ],
            "min": [
                0,
                0,
                0
            ],
            "type": "FLOAT_VEC3"
        },
        "attribute_5": {
            "bufferView": "bufferView_43",
            "byteOffset": 66048,
            "byteStride": 12,
            "count": 1376,
            "max": [
                1,
                1,
                1
            ],
            "min": [
                0,
                0,
                0
            ],
            "type": "FLOAT_VEC3"
        },
        "attribute_7": {
            "bufferView": "bufferView_43",
            "byteOffset": 82560,
            "byteStride": 12,
            "count": 94,
            "max": [
                1,
                1,
                1
            ],
            "min": [
                0,
                0,
                0
            ],
            "type": "FLOAT_VEC3"
        },
        "attribute_8": {
            "bufferView": "bufferView_43",
            "byteOffset": 83688,
            "byteStride": 12,
            "count": 94,
            "max": [
                1,
                1,
                1
            ],
            "min": [
                0,
                0,
                0
            ],
            "type": "FLOAT_VEC3"
        },
        "attribute_9": {
            "bufferView": "bufferView_43",
            "byteOffset": 84816,
            "byteStride": 8,
            "count": 94,
            "max": [
                1,
                1,
                1
            ],
            "min": [
                0,
                0,
                0
            ],
            "type": "FLOAT_VEC2"
        }
    },
    "bufferViews": {
        "bufferView_43": {
            "buffer": "shadowshaman.bin",
            "byteLength": 236760,
            "byteOffset": 0,
            "target": "ARRAY_BUFFER"
        },
        "bufferView_44": {
            "buffer": "shadowshaman.bin",
            "byteLength": 39252,
            "byteOffset": 236760,
            "target": "ELEMENT_ARRAY_BUFFER"
        }
    },
    "buffers": {
        "shadowshaman.bin": {
            "byteLength": 276012,
            "path": "shadowshaman.bin"
        }
    },
    "cameras": {},
    "images": {
        "image_0": {
            "path": "textures/shadowshaman_color.png"
        },
        "image_1": {
            "path": "textures/armarmor_color.png"
        },
        "image_2": {
            "path": "textures/belt_color.png"
        },
        "image_3": {
            "path": "textures/head_color.png"
        },
        "image_4": {
            "path": "textures/helmet_color.png"
        },
        "image_5": {
            "path": "textures/weapon_color.png"
        },
        "image_6": {
            "path": "textures/weapon_offhand_color.png"
        }
    },
    "indices": {
        "indices_12": {
            "bufferView": "bufferView_44",
            "byteOffset": 16200,
            "count": 498,
            "type": "UNSIGNED_SHORT"
        },
        "indices_18": {
            "bufferView": "bufferView_44",
            "byteOffset": 17196,
            "count": 4476,
            "type": "UNSIGNED_SHORT"
        },
        "indices_24": {
            "bufferView": "bufferView_44",
            "byteOffset": 26148,
            "count": 3372,
            "type": "UNSIGNED_SHORT"
        },
        "indices_30": {
            "bufferView": "bufferView_44",
            "byteOffset": 32892,
            "count": 984,
            "type": "UNSIGNED_SHORT"
        },
        "indices_36": {
            "bufferView": "bufferView_44",
            "byteOffset": 34860,
            "count": 1098,
            "type": "UNSIGNED_SHORT"
        },
        "indices_42": {
            "bufferView": "bufferView_44",
            "byteOffset": 37056,
            "count": 1098,
            "type": "UNSIGNED_SHORT"
        },
        "indices_6": {
            "bufferView": "bufferView_44",
            "byteOffset": 0,
            "count": 8100,
            "type": "UNSIGNED_SHORT"
        }
    },
    "lights": {},
    "materials": {
        "Material #101": {
            "instanceTechnique": {
                "technique": "technique_0",
                "values": [
                    {
                        "parameter": "ambient",
                        "value": [
                            0.5879999995231628,
                            0.5879999995231628,
                            0.5879999995231628
                        ]
                    },
                    {
                        "parameter": "emission",
                        "value": [
                            0,
                            0,
                            0
                        ]
                    },
                    {
                        "parameter": "diffuse",
                        "value": "Map #16"
                    },
                    {
                        "parameter": "shininess",
                        "value": 2
                    },
                    {
                        "parameter": "specular",
                        "value": [
                            0.8999999761581421,
                            0.8999999761581421,
                            0.8999999761581421
                        ]
                    }
                ]
            },
            "name": "Material #101"
        },
        "Material #35": {
            "instanceTechnique": {
                "technique": "technique_0",
                "values": [
                    {
                        "parameter": "ambient",
                        "value": [
                            0.5879999995231628,
                            0.5879999995231628,
                            0.5879999995231628
                        ]
                    },
                    {
                        "parameter": "emission",
                        "value": [
                            0,
                            0,
                            0
                        ]
                    },
                    {
                        "parameter": "diffuse",
                        "value": "Map #12"
                    },
                    {
                        "parameter": "shininess",
                        "value": 2
                    },
                    {
                        "parameter": "specular",
                        "value": [
                            0.8999999761581421,
                            0.8999999761581421,
                            0.8999999761581421
                        ]
                    }
                ]
            },
            "name": "Material #35"
        },
        "Material #46": {
            "instanceTechnique": {
                "technique": "technique_0",
                "values": [
                    {
                        "parameter": "ambient",
                        "value": [
                            0.5879999995231628,
                            0.5879999995231628,
                            0.5879999995231628
                        ]
                    },
                    {
                        "parameter": "emission",
                        "value": [
                            0,
                            0,
                            0
                        ]
                    },
                    {
                        "parameter": "diffuse",
                        "value": "Map #8"
                    },
                    {
                        "parameter": "shininess",
                        "value": 2
                    },
                    {
                        "parameter": "specular",
                        "value": [
                            0.8999999761581421,
                            0.8999999761581421,
                            0.8999999761581421
                        ]
                    }
                ]
            },
            "name": "Material #46"
        },
        "Material #57": {
            "instanceTechnique": {
                "technique": "technique_0",
                "values": [
                    {
                        "parameter": "ambient",
                        "value": [
                            0.5879999995231628,
                            0.5879999995231628,
                            0.5879999995231628
                        ]
                    },
                    {
                        "parameter": "emission",
                        "value": [
                            0,
                            0,
                            0
                        ]
                    },
                    {
                        "parameter": "diffuse",
                        "value": "Map #9"
                    },
                    {
                        "parameter": "shininess",
                        "value": 2
                    },
                    {
                        "parameter": "specular",
                        "value": [
                            0.8999999761581421,
                            0.8999999761581421,
                            0.8999999761581421
                        ]
                    }
                ]
            },
            "name": "Material #57"
        },
        "Material #68": {
            "instanceTechnique": {
                "technique": "technique_0",
                "values": [
                    {
                        "parameter": "ambient",
                        "value": [
                            0.5879999995231628,
                            0.5879999995231628,
                            0.5879999995231628
                        ]
                    },
                    {
                        "parameter": "emission",
                        "value": [
                            0,
                            0,
                            0
                        ]
                    },
                    {
                        "parameter": "diffuse",
                        "value": "Map #11"
                    },
                    {
                        "parameter": "shininess",
                        "value": 2
                    },
                    {
                        "parameter": "specular",
                        "value": [
                            0.8999999761581421,
                            0.8999999761581421,
                            0.8999999761581421
                        ]
                    }
                ]
            },
            "name": "Material #68"
        },
        "Material #79": {
            "instanceTechnique": {
                "technique": "technique_0",
                "values": [
                    {
                        "parameter": "ambient",
                        "value": [
                            0.5879999995231628,
                            0.5879999995231628,
                            0.5879999995231628
                        ]
                    },
                    {
                        "parameter": "emission",
                        "value": [
                            0,
                            0,
                            0
                        ]
                    },
                    {
                        "parameter": "diffuse",
                        "value": "Map #10"
                    },
                    {
                        "parameter": "shininess",
                        "value": 2
                    },
                    {
                        "parameter": "specular",
                        "value": [
                            0.8999999761581421,
                            0.8999999761581421,
                            0.8999999761581421
                        ]
                    }
                ]
            },
            "name": "Material #79"
        },
        "Material #90": {
            "instanceTechnique": {
                "technique": "technique_0",
                "values": [
                    {
                        "parameter": "ambient",
                        "value": [
                            0.5879999995231628,
                            0.5879999995231628,
                            0.5879999995231628
                        ]
                    },
                    {
                        "parameter": "emission",
                        "value": [
                            0,
                            0,
                            0
                        ]
                    },
                    {
                        "parameter": "diffuse",
                        "value": "Map #13"
                    },
                    {
                        "parameter": "shininess",
                        "value": 2
                    },
                    {
                        "parameter": "specular",
                        "value": [
                            0.8999999761581421,
                            0.8999999761581421,
                            0.8999999761581421
                        ]
                    }
                ]
            },
            "name": "Material #90"
        }
    },
    "meshes": {
        "armarmor_model_LOD0-mesh": {
            "name": "armarmor_model_LOD0-mesh",
            "primitives": [
                {
                    "indices": "indices_12",
                    "material": "Material #46",
                    "semantics": {
                        "JOINT": "attribute_10",
                        "NORMAL": "attribute_8",
                        "POSITION": "attribute_7",
                        "TEXCOORD_0": "attribute_9",
                        "WEIGHT": "attribute_11"
                    },
                    "skin": "skin_1"
                }
            ]
        },
        "belt_model_LOD0-mesh": {
            "name": "belt_model_LOD0-mesh",
            "primitives": [
                {
                    "indices": "indices_18",
                    "material": "Material #57",
                    "semantics": {
                        "JOINT": "attribute_16",
                        "NORMAL": "attribute_14",
                        "POSITION": "attribute_13",
                        "TEXCOORD_0": "attribute_15",
                        "WEIGHT": "attribute_17"
                    },
                    "skin": "skin_2"
                }
            ]
        },
        "head_model_LOD0-mesh": {
            "name": "head_model_LOD0-mesh",
            "primitives": [
                {
                    "indices": "indices_24",
                    "material": "Material #68",
                    "semantics": {
                        "JOINT": "attribute_22",
                        "NORMAL": "attribute_20",
                        "POSITION": "attribute_19",
                        "TEXCOORD_0": "attribute_21",
                        "WEIGHT": "attribute_23"
                    },
                    "skin": "skin_3"
                }
            ]
        },
        "helmet_model-mesh": {
            "name": "helmet_model-mesh",
            "primitives": [
                {
                    "indices": "indices_30",
                    "material": "Material #79",
                    "semantics": {
                        "JOINT": "attribute_28",
                        "NORMAL": "attribute_26",
                        "POSITION": "attribute_25",
                        "TEXCOORD_0": "attribute_27",
                        "WEIGHT": "attribute_29"
                    },
                    "skin": "skin_4"
                }
            ]
        },
        "shadowshaman_model_LOD0-mesh": {
            "name": "shadowshaman_model_LOD0-mesh",
            "primitives": [
                {
                    "indices": "indices_6",
                    "material": "Material #35",
                    "semantics": {
                        "JOINT": "attribute_4",
                        "NORMAL": "attribute_2",
                        "POSITION": "attribute_1",
                        "TEXCOORD_0": "attribute_3",
                        "WEIGHT": "attribute_5"
                    },
                    "skin": "skin_0"
                }
            ]
        },
        "weapon_model_LOD0-mesh": {
            "name": "weapon_model_LOD0-mesh",
            "primitives": [
                {
                    "indices": "indices_36",
                    "material": "Material #90",
                    "semantics": {
                        "JOINT": "attribute_34",
                        "NORMAL": "attribute_32",
                        "POSITION": "attribute_31",
                        "TEXCOORD_0": "attribute_33",
                        "WEIGHT": "attribute_35"
                    },
                    "skin": "skin_5"
                }
            ]
        },
        "weapon_offhand_model_LOD0-mesh": {
            "name": "weapon_offhand_model_LOD0-mesh",
            "primitives": [
                {
                    "indices": "indices_42",
                    "material": "Material #101",
                    "semantics": {
                        "JOINT": "attribute_40",
                        "NORMAL": "attribute_38",
                        "POSITION": "attribute_37",
                        "TEXCOORD_0": "attribute_39",
                        "WEIGHT": "attribute_41"
                    },
                    "skin": "skin_6"
                }
            ]
        }
    },
    "nodes": {
        "Index_0_L": {
            "children": [
                "Index_1_L"
            ],
            "matrix": [
                0.9303552508354188,
                0.35732415318489064,
                0.082210123538971,
                0,
                -0.13054695642878406,
                0.11329312854558785,
                0.9849477374462099,
                0,
                0.34263183520847207,
                -0.9270837460373617,
                0.15205046479188394,
                0,
                14.208065032958984,
                -0.8600120544433594,
                -2.7002944946289134,
                1
            ],
            "name": "Index_0_L"
        },
        "Index_0_R": {
            "children": [
                "Index_1_R"
            ],
            "matrix": [
                0.9237918257713317,
                0.3592991828918456,
                0.13233438134193426,
                0,
                -0.1593064940325955,
                0.04638450392674149,
                0.9861392126259658,
                0,
                0.34818074173615776,
                -0.932069051431199,
                0.10008831670827896,
                0,
                -14.208059310913093,
                0.860004425048821,
                1.7791976928710938,
                1
            ],
            "name": "Index_0_R"
        },
        "Index_1_L": {
            "children": [],
            "matrix": [
                0.9289162158966066,
                2.980232233218416e-8,
                -0.3702899217605591,
                0,
                -2.043425135767052e-7,
                0.9999999403953366,
                -4.321336994767e-7,
                0,
                0.37028996678067455,
                4.770820605515258e-7,
                0.9289163288349476,
                0,
                7.935714721679695,
                0,
                7.105427357601002e-15,
                1
            ],
            "name": "Index_1_L"
        },
        "Index_1_R": {
            "children": [],
            "matrix": [
                0.9289163351058962,
                5.551115123125783e-17,
                -0.37028962373733526,
                0,
                -1.7522944384396055e-7,
                0.9999998211860662,
                -4.3958426683421425e-7,
                0,
                0.37028956223104903,
                4.7322265694926813e-7,
                0.9289161808099325,
                0,
                -7.9357147216796875,
                -0.00000762939453125,
                -0.000011444091803980427,
                1
            ],
            "name": "Index_1_R"
        },
        "Mid_0_L": {
            "children": [
                "Mid_1_L"
            ],
            "matrix": [
                0.9762035608291628,
                0.16316246986389155,
                0.14284676313400274,
                0,
                -0.17667406179455603,
                0.21641566950491647,
                0.9601822965191051,
                0,
                0.1257514270294285,
                -0.9625706173769901,
                0.2400923041706654,
                0,
                13.67264175415039,
                1.083038330078125,
                2.3776397705078054,
                1
            ],
            "name": "Mid_0_L"
        },
        "Mid_0_R": {
            "children": [
                "Mid_1_R"
            ],
            "matrix": [
                0.9528803825378419,
                0.1844617724418639,
                0.24081635475158686,
                0,
                -0.283867020358086,
                0.2623385877908041,
                0.9222790299853566,
                0,
                0.10694978585966788,
                -0.9471812718399262,
                0.3023398615934385,
                0,
                -13.672618865966804,
                -1.083049774169929,
                -2.3776206970214844,
                1
            ],
            "name": "Mid_0_R"
        },
        "Mid_1_L": {
            "children": [],
            "matrix": [
                0.8436114788055419,
                5.960464477539063e-8,
                -0.5369541049003601,
                0,
                3.2489873402763436e-8,
                1.0000000000000002,
                1.6205011620432086e-7,
                0,
                0.5369541417146769,
                -1.5415291967912914e-7,
                0.8436115366446957,
                0,
                7.0749778747558665,
                -0.000011444091796875,
                -0.000011444091803980427,
                1
            ],
            "name": "Mid_1_L"
        },
        "Mid_1_R": {
            "children": [],
            "matrix": [
                0.8436114192008973,
                -4.917383192859504e-7,
                -0.5369539260864258,
                0,
                6.030512138543997e-7,
                0.9999998807906418,
                3.166496900450233e-8,
                0,
                0.5369541028259976,
                -3.5052380334410493e-7,
                0.8436116968777818,
                0,
                -7.074985504150391,
                0.00000762939453125,
                -7.105427357601002e-15,
                1
            ],
            "name": "Mid_1_R"
        },
        "New_Skirt_R0C0": {
            "children": [
                "New_Skirt_R1C0"
            ],
            "matrix": [
                -0.4690571129322053,
                0.003040040377527437,
                -0.8831626176834106,
                0,
                0.8831666429307888,
                -2.2737717364175878e-7,
                -0.46905925156682604,
                0,
                -0.0014261599720547882,
                -0.9999954104430604,
                -0.00268475578397669,
                0,
                5.881778717041016,
                -19.672170639038082,
                -4.306041717529297,
                1
            ],
            "name": "New_Skirt_R0C0"
        },
        "New_Skirt_R0C1": {
            "children": [
                "New_Skirt_R1C1"
            ],
            "matrix": [
                -0.4434103667736058,
                -3.559159721283365e-7,
                -0.89631861448288,
                0,
                0.8963186144828911,
                -7.129781896831132e-8,
                -0.44341036677358303,
                0,
                9.391128708110234e-8,
                -1.0000000000000002,
                3.5062836897662827e-7,
                0,
                0.0000019073486328125,
                -7.782938003540039,
                -4.209125518798828,
                1
            ],
            "name": "New_Skirt_R0C1"
        },
        "New_Skirt_R0C2": {
            "children": [
                "New_Skirt_R1C2"
            ],
            "matrix": [
                -0.5671927332878114,
                0.05671927332878111,
                -0.8216295838356018,
                0,
                0.8229544107946578,
                1.2141608338183111e-7,
                -0.5681072881580248,
                0,
                -0.032222540588651635,
                -0.998390257013314,
                -0.04667745631472916,
                0,
                -0.0000019073486328125,
                6.439667224884032,
                -4.575469970703125,
                1
            ],
            "name": "New_Skirt_R0C2"
        },
        "New_Skirt_R0C3": {
            "children": [
                "New_Skirt_R1C3"
            ],
            "matrix": [
                -0.4889675676822667,
                0.17550128698349,
                -0.8544647693634033,
                0,
                0.8679358948341149,
                7.43805849905679e-7,
                -0.49667626809057,
                0,
                -0.08716668006728118,
                -0.9844791333434917,
                -0.15232421515951552,
                0,
                5.887374877929684,
                17.228975296020504,
                -4.3185882568359375,
                1
            ],
            "name": "New_Skirt_R0C3"
        },
        "New_Skirt_R1C0": {
            "children": [
                "New_Skirt_R2C0"
            ],
            "matrix": [
                0.9495117664337159,
                0.15982702374458319,
                0.26996845006942755,
                0,
                -0.16585084178600346,
                0.9861508122443642,
                -0.0005045905754468336,
                0,
                -0.26631025060154556,
                -0.04429537952460097,
                0.9628692355580192,
                0,
                18.450553894042972,
                5.768695831298835,
                3.189861297607422,
                1
            ],
            "name": "New_Skirt_R1C0"
        },
        "New_Skirt_R1C1": {
            "children": [
                "New_Skirt_R2C1"
            ],
            "matrix": [
                0.990482211112976,
                0.1099841296672821,
                0.08275950700044635,
                0,
                -0.11036265093752601,
                0.9938914111424891,
                -4.750318696046785e-7,
                0,
                -0.08225398365798507,
                -0.009133084542859288,
                0.9965695175128452,
                0,
                20.850814819335945,
                3.5508804321289062,
                0.18097352981567472,
                1
            ],
            "name": "New_Skirt_R1C1"
        },
        "New_Skirt_R1C2": {
            "children": [
                "New_Skirt_R2C2"
            ],
            "matrix": [
                0.9845513105392454,
                0.17124465107917786,
                -0.036523748189210885,
                0,
                -0.17170204291243824,
                0.9851006190333816,
                -0.009754190221869564,
                0,
                0.03430922017615409,
                0.015874705779866903,
                0.9992853403542888,
                0,
                20.167287826538082,
                5.867534637451172,
                -0.13502120971679865,
                1
            ],
            "name": "New_Skirt_R1C2"
        },
        "New_Skirt_R1C3": {
            "children": [
                "New_Skirt_R2C3"
            ],
