{
    "accessors": {
        "attrbute_1": {
            "bufferView": "bufferView_43",
            "byteOffset": 0,
            "byteStride": 12,
            "count": 1940,
            "max": [
                53.231056213378906,
                64.63307189941406,
                118.85845184326172,
                0
            ],
            "min": [
                -53.2309684753418,
                -29.861934661865234,
                1.244233250617981,
                0
            ],
            "type": 35665
        },
        "attrbute_10": {
            "bufferView": "bufferView_43",
            "byteOffset": 121904,
            "byteStride": 16,
            "count": 172,
            "max": [
                4,
                3,
                -1,
                -1
            ],
            "min": [
                0,
                -1,
                -1,
                -1
            ],
            "type": 35666
        },
        "attrbute_11": {
            "bufferView": "bufferView_43",
            "byteOffset": 124656,
            "byteStride": 12,
            "count": 172,
            "max": [
                1,
                0.09238535910844803,
                0
            ],
            "min": [
                0.9076146483421326,
                0,
                0
            ],
            "type": 35665
        },
        "attrbute_13": {
            "bufferView": "bufferView_43",
            "byteOffset": 126720,
            "byteStride": 12,
            "count": 1529,
            "max": [
                30.02113914489746,
                69.81359100341797,
                82.34535217285156,
                0
            ],
            "min": [
                -38.839576721191406,
                1.7290087938308716,
                7.03801155090332,
                0
            ],
            "type": 35665
        },
        "attrbute_14": {
            "bufferView": "bufferView_43",
            "byteOffset": 145068,
            "byteStride": 12,
            "count": 1529,
            "max": [
                0.9999582171440125,
                0.9995774030685425,
                0.9986202120780945,
                0
            ],
            "min": [
                -0.9999582171440125,
                -0.9995774030685425,
                -0.9959263801574707,
                0
            ],
            "type": 35665
        },
        "attrbute_15": {
            "bufferView": "bufferView_43",
            "byteOffset": 163416,
            "byteStride": 8,
            "count": 1529,
            "max": [
                0.991362988948822,
                0.9933390021324158
            ],
            "min": [
                0.01118599995970726,
                0.011206984519958496
            ],
            "type": 35664
        },
        "attrbute_16": {
            "bufferView": "bufferView_43",
            "byteOffset": 175648,
            "byteStride": 16,
            "count": 1529,
            "max": [
                16,
                17,
                17,
                -1
            ],
            "min": [
                0,
                -1,
                -1,
                -1
            ],
            "type": 35666
        },
        "attrbute_17": {
            "bufferView": "bufferView_43",
            "byteOffset": 200112,
            "byteStride": 12,
            "count": 1529,
            "max": [
                1,
                0.9886406660079956,
                0.4785037636756897
            ],
            "min": [
                0.011359306052327156,
                0,
                0
            ],
            "type": 35665
        },
        "attrbute_19": {
            "bufferView": "bufferView_43",
            "byteOffset": 218460,
            "byteStride": 12,
            "count": 727,
            "max": [
                10.018410682678223,
                -8.661221504211426,
                130.31607055664062,
                0
            ],
            "min": [
                -10.044900894165039,
                -34.38134765625,
                102.41130828857422,
                0
            ],
            "type": 35665
        },
        "attrbute_2": {
            "bufferView": "bufferView_43",
            "byteOffset": 23280,
            "byteStride": 12,
            "count": 1940,
            "max": [
                0.993686318397522,
                0.9953685998916626,
                0.9964986443519592,
                0
            ],
            "min": [
                -0.991004228591919,
                -0.999117910861969,
                -0.9996178150177002,
                0
            ],
            "type": 35665
        },
        "attrbute_20": {
            "bufferView": "bufferView_43",
            "byteOffset": 227184,
            "byteStride": 12,
            "count": 727,
            "max": [
                0.9979539513587952,
                0.9909043312072754,
                0.9991968274116516,
                0
            ],
            "min": [
                -0.9987490177154541,
                -0.999382495880127,
                -0.9992391467094421,
                0
            ],
            "type": 35665
        },
        "attrbute_21": {
            "bufferView": "bufferView_43",
            "byteOffset": 235908,
            "byteStride": 8,
            "count": 727,
            "max": [
                0.9922149777412415,
                0.9923499822616577
            ],
            "min": [
                0.010301000438630581,
                0.011972010135650635
            ],
            "type": 35664
        },
        "attrbute_22": {
            "bufferView": "bufferView_43",
            "byteOffset": 241724,
            "byteStride": 16,
            "count": 727,
            "max": [
                0,
                1,
                2,
                -1
            ],
            "min": [
                0,
                -1,
                -1,
                -1
            ],
            "type": 35666
        },
        "attrbute_23": {
            "bufferView": "bufferView_43",
            "byteOffset": 253356,
            "byteStride": 12,
            "count": 727,
            "max": [
                1,
                0.9480109810829163,
                0.020362289622426033
            ],
            "min": [
                0.05198904126882553,
                0,
                0
            ],
            "type": 35665
        },
        "attrbute_25": {
            "bufferView": "bufferView_43",
            "byteOffset": 262080,
            "byteStride": 12,
            "count": 251,
            "max": [
                11.162676811218262,
                -10.788261413574219,
                139.1916046142578,
                0
            ],
            "min": [
                -11.162674903869629,
                -31.457603454589844,
                91.10690307617188,
                0
            ],
            "type": 35665
        },
        "attrbute_26": {
            "bufferView": "bufferView_43",
            "byteOffset": 265092,
            "byteStride": 12,
            "count": 251,
            "max": [
                0.9971649646759033,
                0.8963635563850403,
                0.9871567487716675,
                0
            ],
            "min": [
                -0.9996812343597412,
                -0.8437362909317017,
                -0.8066375255584717,
                0
            ],
            "type": 35665
        },
        "attrbute_27": {
            "bufferView": "bufferView_43",
            "byteOffset": 268104,
            "byteStride": 8,
            "count": 251,
            "max": [
                0.975820004940033,
                0.9877550005912781
            ],
            "min": [
                0.009297999553382397,
                0.01906299591064453
            ],
            "type": 35664
        },
        "attrbute_28": {
            "bufferView": "bufferView_43",
            "byteOffset": 270112,
            "byteStride": 16,
            "count": 251,
            "max": [
                0,
                1,
                -1,
                -1
            ],
            "min": [
                0,
                -1,
                -1,
                -1
            ],
            "type": 35666
        },
        "attrbute_29": {
            "bufferView": "bufferView_43",
            "byteOffset": 274128,
            "byteStride": 12,
            "count": 251,
            "max": [
                1,
                0.38104790449142456,
                0
            ],
            "min": [
                0.6189520955085754,
                0,
                0
            ],
            "type": 35665
        },
        "attrbute_3": {
            "bufferView": "bufferView_43",
            "byteOffset": 46560,
            "byteStride": 8,
            "count": 1940,
            "max": [
                1.8447929620742798,
                0.9891210198402405
            ],
            "min": [
                0.006107000168412924,
                0.0063610076904296875
            ],
            "type": 35664
        },
        "attrbute_31": {
            "bufferView": "bufferView_43",
            "byteOffset": 277140,
            "byteStride": 12,
            "count": 257,
            "max": [
                -80.49515533447266,
                10.803862571716309,
                86.49153137207031,
                0
            ],
            "min": [
                -98.73108673095703,
                -10.364978790283203,
                -1.1620979309082031,
                0
            ],
            "type": 35665
        },
        "attrbute_32": {
            "bufferView": "bufferView_43",
            "byteOffset": 280224,
            "byteStride": 12,
            "count": 257,
            "max": [
                0.9999999403953552,
                0.9999987483024597,
                0.9999999403953552,
                0
            ],
            "min": [
                -0.9999999403953552,
                -0.9999986886978149,
                -0.9999999403953552,
                0
            ],
            "type": 35665
        },
        "attrbute_33": {
            "bufferView": "bufferView_43",
            "byteOffset": 283308,
            "byteStride": 8,
            "count": 257,
            "max": [
                0.9967399835586548,
                0.9857710003852844
            ],
            "min": [
                0.014795999974012375,
                0.018393993377685547
            ],
            "type": 35664
        },
        "attrbute_34": {
            "bufferView": "bufferView_43",
            "byteOffset": 285364,
            "byteStride": 16,
            "count": 257,
            "max": [
                0,
                -1,
                -1,
                -1
            ],
            "min": [
                0,
                -1,
                -1,
                -1
            ],
            "type": 35666
        },
        "attrbute_35": {
            "bufferView": "bufferView_43",
            "byteOffset": 289476,
            "byteStride": 12,
            "count": 257,
            "max": [
                1,
                0,
                0
            ],
            "min": [
                1,
                0,
                0
            ],
            "type": 35665
        },
        "attrbute_37": {
            "bufferView": "bufferView_43",
            "byteOffset": 292560,
            "byteStride": 12,
            "count": 257,
            "max": [
                98.53453063964844,
                10.80380630493164,
                86.49150085449219,
                0
            ],
            "min": [
                80.29855346679688,
                -10.365028381347656,
                -1.1621360778808594,
                0
            ],
            "type": 35665
        },
        "attrbute_38": {
            "bufferView": "bufferView_43",
            "byteOffset": 295644,
            "byteStride": 12,
            "count": 257,
            "max": [
                0.9999998807907104,
                0.9999988079071045,
                0.9999998807907104,
                0
            ],
            "min": [
                -0.9999998807907104,
                -0.9999988079071045,
                -0.9999998807907104,
                0
            ],
            "type": 35665
        },
        "attrbute_39": {
            "bufferView": "bufferView_43",
            "byteOffset": 298728,
            "byteStride": 8,
            "count": 257,
            "max": [
                0.9967399835586548,
                0.9857710003852844
            ],
            "min": [
                0.014795999974012375,
                0.018393993377685547
            ],
            "type": 35664
        },
        "attrbute_4": {
            "bufferView": "bufferView_43",
            "byteOffset": 62080,
            "byteStride": 16,
            "count": 1940,
            "max": [
                47,
                47,
                48,
                -1
            ],
            "min": [
                0,
                -1,
                -1,
                -1
            ],
            "type": 35666
        },
        "attrbute_40": {
            "bufferView": "bufferView_43",
            "byteOffset": 300784,
            "byteStride": 16,
            "count": 257,
            "max": [
                0,
                -1,
                -1,
                -1
            ],
            "min": [
                0,
                -1,
                -1,
                -1
            ],
            "type": 35666
        },
        "attrbute_41": {
            "bufferView": "bufferView_43",
            "byteOffset": 304896,
            "byteStride": 12,
            "count": 257,
            "max": [
                1,
                0,
                0
            ],
            "min": [
                1,
                0,
                0
            ],
            "type": 35665
        },
        "attrbute_5": {
            "bufferView": "bufferView_43",
            "byteOffset": 93120,
            "byteStride": 12,
            "count": 1940,
            "max": [
                1,
                0.9998922944068909,
                0.9979612231254578
            ],
            "min": [
                0.00010771778761409223,
                0,
                0
            ],
            "type": 35665
        },
        "attrbute_7": {
            "bufferView": "bufferView_43",
            "byteOffset": 116400,
            "byteStride": 12,
            "count": 172,
            "max": [
                52.69817352294922,
                7.8337178230285645,
                99.8210678100586,
                0
            ],
            "min": [
                -52.69816589355469,
                -7.446272850036621,
                71.29524230957031,
                0
            ],
            "type": 35665
        },
        "attrbute_8": {
            "bufferView": "bufferView_43",
            "byteOffset": 118464,
            "byteStride": 12,
            "count": 172,
            "max": [
                0.9948561787605286,
                0.9891353249549866,
                0.9900833368301392,
                0
            ],
            "min": [
                -0.986289381980896,
                -0.8656668066978455,
                -0.993442177772522,
                0
            ],
            "type": 35665
        },
        "attrbute_9": {
            "bufferView": "bufferView_43",
            "byteOffset": 120528,
            "byteStride": 8,
            "count": 172,
            "max": [
                0.9563009738922119,
                0.9818210005760193
            ],
            "min": [
                0.03839600086212158,
                0.02017199993133545
            ],
            "type": 35664
        },
        "indices_12": {
            "bufferView": "bufferView_45",
            "byteOffset": 16200,
            "count": 498,
            "type": 5123
        },
        "indices_18": {
            "bufferView": "bufferView_45",
            "byteOffset": 17196,
            "count": 4476,
            "type": 5123
        },
        "indices_24": {
            "bufferView": "bufferView_45",
            "byteOffset": 26148,
            "count": 3372,
            "type": 5123
        },
        "indices_30": {
            "bufferView": "bufferView_45",
            "byteOffset": 32892,
            "count": 984,
            "type": 5123
        },
        "indices_36": {
            "bufferView": "bufferView_45",
            "byteOffset": 34860,
            "count": 1098,
            "type": 5123
        },
        "indices_42": {
            "bufferView": "bufferView_45",
            "byteOffset": 37056,
            "count": 1098,
            "type": 5123
        },
        "indices_6": {
            "bufferView": "bufferView_45",
            "byteOffset": 0,
            "count": 8100,
            "type": 5123
        }
    },
    "animations": {},
    "asset": {},
    "bufferViews": {
        "bufferView_43": {
            "buffer": "shadowshaman.bin",
            "byteLength": 307980,
            "byteOffset": 0,
            "target": 34962
        },
        "bufferView_44": {
            "buffer": "shadowshaman.bin",
            "byteLength": 6848,
            "byteOffset": 307980
        },
        "bufferView_45": {
            "buffer": "shadowshaman.bin",
            "byteLength": 39252,
            "byteOffset": 314828,
            "target": 34963
        }
    },
    "buffers": {
        "shadowshaman.bin": {
            "byteLength": 354080,
            "path": "shadowshaman.bin"
        }
    },
    "cameras": {},
    "images": {
        "image_0": {
            "path": "textures/shadowshaman_color.png"
        },
        "image_1": {
            "path": "textures/armarmor_color.png"
        },
        "image_2": {
            "path": "textures/belt_color.png"
        },
        "image_3": {
            "path": "textures/head_color.png"
        },
        "image_4": {
            "path": "textures/helmet_color.png"
        },
        "image_5": {
            "path": "textures/weapon_color.png"
        },
        "image_6": {
            "path": "textures/weapon_offhand_color.png"
        }
    },
    "lights": {},
    "materials": {
        "Material #101": {
            "instanceTechnique": {
                "technique": "technique_0",
                "values": {
                    "ambient": [
                        0.5879999995231628,
                        0.5879999995231628,
                        0.5879999995231628
                    ],
                    "diffuse": "Map #16",
                    "emission": [
                        0,
                        0,
                        0
                    ],
                    "shininess": 2,
                    "specular": [
                        0.8999999761581421,
                        0.8999999761581421,
                        0.8999999761581421
                    ],
                    "transparency": 1
                }
            },
            "name": "Material #101"
        },
        "Material #35": {
            "instanceTechnique": {
                "technique": "technique_0",
                "values": {
                    "ambient": [
                        0.5879999995231628,
                        0.5879999995231628,
                        0.5879999995231628
                    ],
                    "diffuse": "Map #12",
                    "emission": [
                        0,
                        0,
                        0
                    ],
                    "shininess": 2,
                    "specular": [
                        0.8999999761581421,
                        0.8999999761581421,
                        0.8999999761581421
                    ],
                    "transparency": 1
                }
            },
            "name": "Material #35"
        },
        "Material #46": {
            "instanceTechnique": {
                "technique": "technique_0",
                "values": {
                    "ambient": [
                        0.5879999995231628,
                        0.5879999995231628,
                        0.5879999995231628
                    ],
                    "diffuse": "Map #8",
                    "emission": [
                        0,
                        0,
                        0
                    ],
                    "shininess": 2,
                    "specular": [
                        0.8999999761581421,
                        0.8999999761581421,
                        0.8999999761581421
                    ],
                    "transparency": 1
                }
            },
            "name": "Material #46"
        },
        "Material #57": {
            "instanceTechnique": {
                "technique": "technique_0",
                "values": {
                    "ambient": [
                        0.5879999995231628,
                        0.5879999995231628,
                        0.5879999995231628
                    ],
                    "diffuse": "Map #9",
                    "emission": [
                        0,
                        0,
                        0
                    ],
                    "shininess": 2,
                    "specular": [
                        0.8999999761581421,
                        0.8999999761581421,
                        0.8999999761581421
                    ],
                    "transparency": 1
                }
            },
            "name": "Material #57"
        },
        "Material #68": {
            "instanceTechnique": {
                "technique": "technique_0",
                "values": {
                    "ambient": [
                        0.5879999995231628,
                        0.5879999995231628,
                        0.5879999995231628
                    ],
                    "diffuse": "Map #11",
                    "emission": [
                        0,
                        0,
                        0
                    ],
                    "shininess": 2,
                    "specular": [
                        0.8999999761581421,
                        0.8999999761581421,
                        0.8999999761581421
                    ],
                    "transparency": 1
                }
            },
            "name": "Material #68"
        },
        "Material #79": {
            "instanceTechnique": {
                "technique": "technique_0",
                "values": {
                    "ambient": [
                        0.5879999995231628,
                        0.5879999995231628,
                        0.5879999995231628
                    ],
                    "diffuse": "Map #10",
                    "emission": [
                        0,
                        0,
                        0
                    ],
                    "shininess": 2,
                    "specular": [
                        0.8999999761581421,
                        0.8999999761581421,
                        0.8999999761581421
                    ],
                    "transparency": 1
                }
            },
            "name": "Material #79"
        },
        "Material #90": {
            "instanceTechnique": {
                "technique": "technique_0",
                "values": {
                    "ambient": [
                        0.5879999995231628,
                        0.5879999995231628,
                        0.5879999995231628
                    ],
                    "diffuse": "Map #13",
                    "emission": [
                        0,
                        0,
                        0
                    ],
                    "shininess": 2,
                    "specular": [
                        0.8999999761581421,
                        0.8999999761581421,
                        0.8999999761581421
                    ],
                    "transparency": 1
                }
            },
            "name": "Material #90"
        }
    },
    "meshes": {
        "armarmor_model_LOD0-mesh": {
            "name": "armarmor_model_LOD0-mesh",
            "primitives": [
                {
                    "attributes": {
                        "JOINT": "attrbute_10",
                        "NORMAL": "attrbute_8",
                        "POSITION": "attrbute_7",
                        "TEXCOORD_0": "attrbute_9",
                        "WEIGHT": "attrbute_11"
                    },
                    "indices": "indices_12",
                    "material": "Material #46"
                }
            ]
        },
        "belt_model_LOD0-mesh": {
            "name": "belt_model_LOD0-mesh",
            "primitives": [
                {
                    "attributes": {
                        "JOINT": "attrbute_16",
                        "NORMAL": "attrbute_14",
                        "POSITION": "attrbute_13",
                        "TEXCOORD_0": "attrbute_15",
                        "WEIGHT": "attrbute_17"
                    },
                    "indices": "indices_18",
                    "material": "Material #57"
                }
            ]
        },
        "head_model_LOD0-mesh": {
            "name": "head_model_LOD0-mesh",
            "primitives": [
                {
                    "attributes": {
                        "JOINT": "attrbute_22",
                        "NORMAL": "attrbute_20",
                        "POSITION": "attrbute_19",
                        "TEXCOORD_0": "attrbute_21",
                        "WEIGHT": "attrbute_23"
                    },
                    "indices": "indices_24",
                    "material": "Material #68"
                }
            ]
        },
        "helmet_model-mesh": {
            "name": "helmet_model-mesh",
            "primitives": [
                {
                    "attributes": {
                        "JOINT": "attrbute_28",
                        "NORMAL": "attrbute_26",
                        "POSITION": "attrbute_25",
                        "TEXCOORD_0": "attrbute_27",
                        "WEIGHT": "attrbute_29"
                    },
                    "indices": "indices_30",
                    "material": "Material #79"
                }
            ]
        },
        "shadowshaman_model_LOD0-mesh": {
            "name": "shadowshaman_model_LOD0-mesh",
            "primitives": [
                {
                    "attributes": {
                        "JOINT": "attrbute_4",
                        "NORMAL": "attrbute_2",
                        "POSITION": "attrbute_1",
                        "TEXCOORD_0": "attrbute_3",
                        "WEIGHT": "attrbute_5"
                    },
                    "indices": "indices_6",
                    "material": "Material #35"
                }
            ]
        },
        "weapon_model_LOD0-mesh": {
            "name": "weapon_model_LOD0-mesh",
            "primitives": [
                {
                    "attributes": {
                        "JOINT": "attrbute_34",
                        "NORMAL": "attrbute_32",
                        "POSITION": "attrbute_31",
                        "TEXCOORD_0": "attrbute_33",
                        "WEIGHT": "attrbute_35"
                    },
                    "indices": "indices_36",
                    "material": "Material #90"
                }
            ]
        },
        "weapon_offhand_model_LOD0-mesh": {
            "name": "weapon_offhand_model_LOD0-mesh",
            "primitives": [
                {
                    "attributes": {
                        "JOINT": "attrbute_40",
                        "NORMAL": "attrbute_38",
                        "POSITION": "attrbute_37",
                        "TEXCOORD_0": "attrbute_39",
                        "WEIGHT": "attrbute_41"
                    },
                    "indices": "indices_42",
                    "material": "Material #101"
                }
            ]
        }
    },
    "nodes": {
        "Index_0_L": {
            "children": [
                "Index_1_L"
            ],
            "jointId": "Index_0_L",
            "matrix": [
                0.9303552508354185,
                0.3573241531848905,
                0.08221012353897089,
                0,
                -0.130546956428784,
                0.11329312854558773,
                0.9849477374462097,
                0,
                0.34263183520847196,
                -0.9270837460373614,
                0.15205046479188392,
                0,
                14.208065032958984,
                -0.8600120544433523,
                -2.7002944946289205,
                1
            ],
            "name": "Index_0_L"
        },
        "Index_0_R": {
            "children": [
                "Index_1_R"
            ],
            "jointId": "Index_0_R",
            "matrix": [
                0.9237918257713317,
                0.3592991828918457,
                0.1323343813419342,
                0,
                -0.1593064940325955,
                0.04638450392674149,
                0.9861392126259658,
                0,
                0.34818074173615776,
                -0.9320690514311988,
                0.10008831670827896,
                0,
                -14.208059310913093,
                0.860004425048821,
                1.7791976928710938,
                1
            ],
            "name": "Index_0_R"
        },
        "Index_1_L": {
            "children": [],
            "jointId": "Index_1_L",
            "matrix": [
                0.9289162158966064,
                2.9802322387695312e-8,
                -0.3702899217605591,
                0,
                -2.0434251352119404e-7,
                0.9999999403953362,
                -4.3213369943506663e-7,
                0,
                0.3702899667806747,
                4.770820606625481e-7,
                0.9289163288349477,
                0,
                7.9357147216796875,
                7.105427357601002e-15,
                0,
                1
            ],
            "name": "Index_1_L"
        },
        "Index_1_R": {
            "children": [],
            "jointId": "Index_1_R",
            "matrix": [
                0.9289163351058959,
                1.1102230246251565e-16,
                -0.3702896237373354,
                0,
                -1.7522944373293825e-7,
                0.9999998211860661,
                -4.395842668064587e-7,
                0,
                0.3702895622310488,
                4.73222656893757e-7,
                0.9289161808099327,
                0,
                -7.9357147216796875,
                -0.00000762939453125,
                -0.000011444091796875,
                1
            ],
            "name": "Index_1_R"
        },
        "Mid_0_L": {
            "children": [
                "Mid_1_L"
            ],
            "jointId": "Mid_0_L",
            "matrix": [
                0.9762035608291626,
                0.16316246986389155,
                0.14284676313400269,
                0,
                -0.17667406179455614,
                0.21641566950491636,
                0.9601822965191049,
                0,
                0.12575142702942851,
                -0.9625706173769901,
                0.2400923041706654,
                0,
                13.672641754150384,
                1.083038330078132,
                2.3776397705078054,
                1
            ],
            "name": "Mid_0_L"
        },
        "Mid_0_R": {
            "children": [
                "Mid_1_R"
            ],
            "jointId": "Mid_0_R",
            "matrix": [
                0.9528803825378418,
                0.1844617724418639,
                0.24081635475158675,
                0,
                -0.2838670203580862,
                0.2623385877908041,
                0.9222790299853567,
                0,
                0.10694978585966794,
                -0.9471812718399262,
                0.3023398615934385,
                0,
                -13.672618865966804,
                -1.083049774169929,
                -2.3776206970214844,
                1
            ],
            "name": "Mid_0_R"
        },
        "Mid_1_L": {
            "children": [],
            "jointId": "Mid_1_L",
            "matrix": [
                0.8436114788055421,
                5.9604644719879474e-8,
                -0.53695410490036,
                0,
                3.248987368031919e-8,
                1.0000000000000004,
                1.620501162008514e-7,
                0,
                0.536954141714677,
                -1.541529197346403e-7,
                0.8436115366446957,
                0,
                7.074977874755859,
                -0.000011444091789769573,
                -0.000011444091803980427,
                1
            ],
            "name": "Mid_1_L"
        },
        "Mid_1_R": {
            "children": [],
            "jointId": "Mid_1_R",
            "matrix": [
                0.8436114192008972,
                -4.917383193414615e-7,
                -0.5369539260864258,
                0,
                6.030512136878663e-7,
                0.9999998807906421,
                3.1664968976746755e-8,
                0,
                0.5369541028259978,
                -3.505238033996161e-7,
                0.8436116968777819,
                0,
                -7.074985504150391,
                0.00000762939453125,
                0,
                1
            ],
            "name": "Mid_1_R"
        },
        "New_Skirt_R0C0": {
            "children": [
                "New_Skirt_R1C0"
            ],
            "jointId": "New_Skirt_R0C0",
            "matrix": [
                -0.4690571129322053,
                0.003040040377527437,
                -0.8831626176834106,
                0,
                0.8831666429307888,
                -2.2737717364175878e-7,
                -0.46905925156682604,
                0,
                -0.0014261599720547882,
                -0.9999954104430604,
                -0.00268475578397669,
                0,
                5.881778717041016,
                -19.672170639038082,
                -4.306041717529297,
                1
            ],
            "name": "New_Skirt_R0C0"
        },
        "New_Skirt_R0C1": {
            "children": [
                "New_Skirt_R1C1"
            ],
            "jointId": "New_Skirt_R0C1",
            "matrix": [
                -0.4434103667736058,
                -3.559159721283365e-7,
                -0.89631861448288,
                0,
                0.8963186144828911,
                -7.129781896831132e-8,
                -0.44341036677358303,
                0,
                9.391128708110234e-8,
                -1.0000000000000002,
                3.5062836897662827e-7,
                0,
                0.0000019073486328125,
                -7.782938003540039,
                -4.209125518798828,
                1
            ],
            "name": "New_Skirt_R0C1"
        },
        "New_Skirt_R0C2": {
            "children": [
                "New_Skirt_R1C2"
            ],
            "jointId": "New_Skirt_R0C2",
            "matrix": [
                -0.5671927332878114,
                0.05671927332878111,
                -0.8216295838356018,
                0,
                0.8229544107946578,
                1.2141608338183111e-7,
                -0.5681072881580248,
                0,
                -0.032222540588651635,
                -0.998390257013314,
                -0.04667745631472916,
                0,
                -0.0000019073486328125,
                6.439667224884032,
                -4.575469970703125,
                1
            ],
            "name": "New_Skirt_R0C2"
        },
        "New_Skirt_R0C3": {
            "children": [
                "New_Skirt_R1C3"
            ],
            "jointId": "New_Skirt_R0C3",
            "matrix": [
                -0.4889675676822667,
                0.17550128698349,
                -0.8544647693634033,
                0,
                0.8679358948341149,
                7.43805849905679e-7,
                -0.49667626809057,
                0,
                -0.08716668006728118,
                -0.9844791333434917,
                -0.15232421515951552,
                0,
                5.887374877929684,
                17.228975296020504,
                -4.3185882568359375,
                1
            ],
            "name": "New_Skirt_R0C3"
        },
        "New_Skirt_R1C0": {
            "children": [
                "New_Skirt_R2C0"
            ],
            "jointId": "New_Skirt_R1C0",
            "matrix": [
                0.949511766433716,
                0.15982702374458319,
                0.26996845006942755,
                0,
                -0.1658508417860035,
                0.9861508122443642,
                -0.0005045905754468414,
                0,
                -0.2663102506015457,
                -0.04429537952460097,
                0.9628692355580188,
                0,
                18.450553894042972,
                5.768695831298835,
                3.189861297607422,
                1
            ],
            "name": "New_Skirt_R1C0"
        },
        "New_Skirt_R1C1": {
            "children": [
                "New_Skirt_R2C1"
            ],
            "jointId": "New_Skirt_R1C1",
            "matrix": [
                0.9904822111129762,
                0.1099841296672821,
                0.08275950700044635,
                0,
                -0.11036265093752601,
                0.9938914111424891,
                -4.750318696040504e-7,
                0,
                -0.08225398365798509,
                -0.009133084542859285,
                0.9965695175128454,
                0,
                20.850814819335945,
                3.5508804321289062,
                0.18097352981567472,
                1
            ],
            "name": "New_Skirt_R1C1"
        },
        "New_Skirt_R1C2": {
            "children": [
                "New_Skirt_R2C2"
            ],
            "jointId": "New_Skirt_R1C2",
            "matrix": [
                0.9845513105392454,
                0.17124465107917786,
                -0.036523748189210885,
                0,
                -0.17170204291243824,
                0.9851006190333816,
                -0.009754190221869564,
                0,
                0.03430922017615409,
                0.015874705779866903,
                0.9992853403542888,
                0,
                20.167287826538082,
                5.867534637451172,
                -0.13502120971679865,
                1
            ],
            "name": "New_Skirt_R1C2"
        },
        "New_Skirt_R1C3": {
            "children": [
                "New_Skirt_R2C3"
            ],
            "jointId": "New_Skirt_R1C3",
            "matrix": [
                0.9819622635841369,
                0.13607966899871832,
                -0.13127306103706354,
                0,
                -0.14050912868097432,
                0.9897626595842408,
                -0.025047690092039103,
                0,
                0.12652062121372865,
                0.04304092558515411,
                0.9910294578062696,
                0,
                18.88366508483887,
                6.331214904785156,
                -1.614700317382809,
                1
            ],
            "name": "New_Skirt_R1C3"
