{
    "accessors": [
        {
            "bufferView": 0,
            "byteOffset": 0,
            "componentType": 5126,
            "count": 298,
            "max": [
                38.405364990234375,
                71.21878051757812,
                180.720947265625
            ],
            "min": [
                -52.9484748840332,
                32.82579803466797,
                76.17724609375
            ],
            "type": "VEC3"
        },
        {
            "bufferView": 0,
            "byteOffset": 3576,
            "componentType": 5126,
            "count": 298,
            "max": [
                0.946405827999115,
                0.9888637065887451,
                0.9938868284225464
            ],
            "min": [
                -0.9886230826377869,
                -0.9910755157470703,
                -0.9782423973083496
            ],
            "type": "VEC3"
        },
        {
            "bufferView": 0,
            "byteOffset": 7152,
            "componentType": 5126,
            "count": 298,
            "max": [
                0.9894840121269226,
                0.9824249744415283
            ],
            "min": [
                0.019286999478936195,
                0.016952991485595703
            ],
            "type": "VEC2"
        },
        {
            "bufferView": 0,
            "byteOffset": 9536,
            "componentType": 5123,
            "count": 298,
            "max": [
                1,
                2,
                0,
                0
            ],
            "min": [
                0,
                0,
                0,
                0
            ],
            "type": "VEC4"
        },
        {
            "bufferView": 0,
            "byteOffset": 11920,
            "componentType": 5126,
            "count": 298,
            "max": [
                1,
                0.30000001192092896,
                0,
                0
            ],
            "min": [
                0.699999988079071,
                0,
                0,
                0
            ],
            "type": "VEC4"
        },
        {
            "bufferView": 2,
            "byteOffset": 0,
            "componentType": 5123,
            "count": 1230,
            "max": [
                297
            ],
            "min": [
                0
            ],
            "type": "SCALAR"
        },
        {
            "bufferView": 1,
            "byteOffset": 0,
            "componentType": 5126,
            "count": 3,
            "max": [
                1.1792129724820411e-7,
                0.9999999999999861,
                -8.12357554648818e-8,
                0,
                0.9801610407720897,
                0.18917869169474255,
                0.9910311486366282,
                0,
                0.9910311486366272,
                9.61822832257584e-8,
                0.5968290880448518,
                0,
                -51.77451271530882,
                34.21387813847534,
                111.28806737714244,
                1
            ],
            "min": [
                -0.19806161548681167,
                0.9235937470126812,
                -0.32824714214011785,
                0,
                -0.5968290880448742,
                6.90828550031338e-8,
                -0.0591261550966011,
                0,
                0.007488818113150421,
                -0.333445641066771,
                -0.9427396190150326,
                0,
                -113.4168981386144,
                -0.000020744127179694578,
                -95.89425062091419,
                1
            ],
            "type": "MAT4"
        },
        {
            "bufferView": 0,
            "byteOffset": 16688,
            "componentType": 5126,
            "count": 235,
            "max": [
                13.462488174438477,
                61.93843460083008,
                93.39307403564453
            ],
            "min": [
                -55.679466247558594,
                -33.126739501953125,
                -0.9392512440681458
            ],
            "type": "VEC3"
        },
        {
            "bufferView": 0,
            "byteOffset": 19508,
            "componentType": 5126,
            "count": 235,
            "max": [
                0.977620542049408,
                0.9819192886352539,
                0.978971004486084
            ],
            "min": [
                -0.9787473678588867,
                -0.9842535257339478,
                -0.9796035289764404
            ],
            "type": "VEC3"
        },
        {
            "bufferView": 0,
            "byteOffset": 22328,
            "componentType": 5126,
            "count": 235,
            "max": [
                0.9866970181465149,
                0.989683985710144
            ],
            "min": [
                0.010583999566733837,
                0.01960700750350952
            ],
            "type": "VEC2"
        },
        {
            "bufferView": 0,
            "byteOffset": 24208,
            "componentType": 5123,
            "count": 235,
            "max": [
                0,
                0,
                0,
                0
            ],
            "min": [
                0,
                0,
                0,
                0
            ],
            "type": "VEC4"
        },
        {
            "bufferView": 0,
            "byteOffset": 26088,
            "componentType": 5126,
            "count": 235,
            "max": [
                1,
                0,
                0,
                0
            ],
            "min": [
                1,
                0,
                0,
                0
            ],
            "type": "VEC4"
        },
        {
            "bufferView": 2,
            "byteOffset": 2460,
            "componentType": 5123,
            "count": 1158,
            "max": [
                234
            ],
            "min": [
                0
            ],
            "type": "SCALAR"
        },
        {
            "bufferView": 1,
            "byteOffset": 192,
            "componentType": 5126,
            "count": 1,
            "max": [
                -0.3163099703165128,
                0.9441589579020907,
                0.0922602256342827,
                0,
                0.5501798075087015,
                0.26180403866051966,
                -0.7929443354053326,
                0,
                -0.7728195938289314,
                -0.20005651718382514,
                -0.6022683621984167,
                0,
                21.93607399217034,
                25.6894118159394,
                42.29351209564959,
                1
            ],
            "min": [
                -0.3163099703165128,
                0.9441589579020907,
                0.0922602256342827,
                0,
                0.5501798075087015,
                0.26180403866051966,
                -0.7929443354053326,
                0,
                -0.7728195938289314,
                -0.20005651718382514,
                -0.6022683621984167,
                0,
                21.93607399217034,
                25.6894118159394,
                42.29351209564959,
                1
            ],
            "type": "MAT4"
        },
        {
            "bufferView": 0,
            "byteOffset": 29848,
            "componentType": 5126,
            "count": 198,
            "max": [
                103.5823974609375,
                10.180221557617188,
                105.32598114013672
            ],
            "min": [
                -103.58238220214844,
                -30.11650276184082,
                56.486122131347656
            ],
            "type": "VEC3"
        },
        {
            "bufferView": 0,
            "byteOffset": 32224,
            "componentType": 5126,
            "count": 198,
            "max": [
                0.9958154559135437,
                0.9998918175697327,
                0.9894323348999023
            ],
            "min": [
                -0.9958154559135437,
                -0.976203441619873,
                -0.9300047159194946
            ],
            "type": "VEC3"
        },
        {
            "bufferView": 0,
            "byteOffset": 34600,
            "componentType": 5126,
            "count": 198,
            "max": [
                0.9700599908828735,
                0.9733970165252686
            ],
            "min": [
                0.023948000743985176,
                0.02834498882293701
            ],
            "type": "VEC2"
        },
        {
            "bufferView": 0,
            "byteOffset": 36184,
            "componentType": 5123,
            "count": 198,
            "max": [
                12,
                11,
                13,
                0
            ],
            "min": [
                0,
                0,
                0,
                0
            ],
            "type": "VEC4"
        },
        {
            "bufferView": 0,
            "byteOffset": 37768,
            "componentType": 5126,
            "count": 198,
            "max": [
                1,
                0.9997501969337463,
                0.7396828532218933,
                0
            ],
            "min": [
                0.0002497512614354491,
                0,
                0,
                0
            ],
            "type": "VEC4"
        },
        {
            "bufferView": 2,
            "byteOffset": 4776,
            "componentType": 5123,
            "count": 816,
            "max": [
                197
            ],
            "min": [
                0
            ],
            "type": "SCALAR"
        },
        {
            "bufferView": 1,
            "byteOffset": 256,
            "componentType": 5126,
            "count": 14,
            "max": [
                0.6933656024511502,
                -0.46527006248996755,
                0.4482919050825306,
                0,
                0.604078238293181,
                0.3307269562300945,
                1.0000001192091466,
                0,
                0.9999999999996763,
                0.8851686149271829,
                0.6222725226922247,
                0,
                111.05487941889828,
                123.34400701409025,
                63.955799380520666,
                1
            ],
            "min": [
                -0.875705442148697,
                -1.00000011920905,
                -0.12908793932323473,
                0,
                -0.6040782050221523,
                -0.3307272461821775,
                -0.9999999999998721,
                0,
                -0.9999999999998666,
                -0.8851688861779571,
                -0.6222719686732697,
                0,
                -111.05478170700847,
                -123.34395862953065,
                -63.95587774993959,
                1
            ],
            "type": "MAT4"
        },
        {
            "bufferView": 0,
            "byteOffset": 40936,
            "componentType": 5126,
            "count": 3548,
            "max": [
                103.0338363647461,
                49.26245880126953,
                206.720458984375
            ],
            "min": [
                -103.03384399414062,
                -43.18031692504883,
                -0.1417381912469864
            ],
            "type": "VEC3"
        },
        {
            "bufferView": 0,
            "byteOffset": 83512,
            "componentType": 5126,
            "count": 3548,
            "max": [
                0.999759316444397,
                0.9998089671134949,
                0.9999964833259583
            ],
            "min": [
                -0.9998073577880859,
                -0.9992122650146484,
                -1
            ],
            "type": "VEC3"
        },
        {
            "bufferView": 0,
            "byteOffset": 126088,
            "componentType": 5126,
            "count": 3548,
            "max": [
                4.376741886138916,
                0.9928950071334839
            ],
            "min": [
                -0.7021239995956421,
                0.00520402193069458
            ],
            "type": "VEC2"
        },
        {
            "bufferView": 0,
            "byteOffset": 154472,
            "componentType": 5123,
            "count": 3548,
            "max": [
                44,
                45,
                45,
                0
            ],
            "min": [
                0,
                0,
                0,
                0
            ],
            "type": "VEC4"
        },
        {
            "bufferView": 0,
            "byteOffset": 182856,
            "componentType": 5126,
            "count": 3548,
            "max": [
                1,
                0.9998934268951416,
                0.9996311068534851,
                0
            ],
            "min": [
                0.00010303512681275606,
                0,
                0,
                0
            ],
            "type": "VEC4"
        },
        {
            "bufferView": 2,
            "byteOffset": 6408,
            "componentType": 5123,
            "count": 16689,
            "max": [
                3547
            ],
            "min": [
                0
            ],
            "type": "SCALAR"
        },
        {
            "bufferView": 1,
            "byteOffset": 1152,
            "componentType": 5126,
            "count": 46,
            "max": [
                0.842730645755037,
                0.9999999999999732,
                0.5770648711737493,
                0,
                0.9944942485074518,
                0.907478054365484,
                0.9999998807903479,
                0,
                1.0000002384184823,
                0.8851690085211625,
                1.000000059604588,
                0,
                111.05481498670181,
                123.34397088917066,
                124.51134672907675,
                1
            ],
            "min": [
                -0.8860956903315533,
                -0.9999999999996121,
                -0.3282466427861735,
                0,
                -1.0000000596045229,
                -0.9074785319487384,
                -1.0000002384185325,
                0,
                -1.0000001192091075,
                -0.8851687921825138,
                -0.9944944276872427,
                0,
                -113.4168938411661,
                -123.34401548757495,
                -161.77024279654395,
                1
            ],
            "type": "MAT4"
        },
        {
            "bufferView": 0,
            "byteOffset": 239624,
            "componentType": 5126,
            "count": 104,
            "max": [
                56.87001037597656,
                41.4968376159668,
                164.37271118164062
            ],
            "min": [
                -56.87002944946289,
                -16.166425704956055,
                111.76901245117188
            ],
            "type": "VEC3"
        },
        {
            "bufferView": 0,
            "byteOffset": 240872,
            "componentType": 5126,
            "count": 104,
            "max": [
                0.9357771277427673,
                0.9770543575286865,
                0.9807592034339905
            ],
            "min": [
                -0.9357771277427673,
                -0.9964184165000916,
                -0.6415786147117615
            ],
            "type": "VEC3"
        },
        {
            "bufferView": 0,
            "byteOffset": 242120,
            "componentType": 5126,
            "count": 104,
            "max": [
                0.9636600017547607,
                0.9567679762840271
            ],
            "min": [
                0.019545000046491623,
                0.04219400882720947
            ],
            "type": "VEC2"
        },
        {
            "bufferView": 0,
            "byteOffset": 242952,
            "componentType": 5123,
            "count": 104,
            "max": [
                6,
                7,
                8,
                0
            ],
            "min": [
                0,
                1,
                0,
                0
            ],
            "type": "VEC4"
        },
        {
            "bufferView": 0,
            "byteOffset": 243784,
            "componentType": 5126,
            "count": 104,
            "max": [
                0.956528902053833,
                0.9476340413093567,
                0.9211567640304565,
                0
            ],
            "min": [
                0.0005670274840667844,
                0.0014166472246870399,
                0,
                0
            ],
            "type": "VEC4"
        },
        {
            "bufferView": 2,
            "byteOffset": 39786,
            "componentType": 5123,
            "count": 426,
            "max": [
                103
            ],
            "min": [
                0
            ],
            "type": "SCALAR"
        },
        {
            "bufferView": 1,
            "byteOffset": 4096,
            "componentType": 5126,
            "count": 9,
            "max": [
                0.8427306965428953,
                0.9999999999999732,
                0.5770646709167309,
                0,
                0.3108705642055467,
                0.907478105069126,
                0.9965525567808203,
                0,
                0.9910312174579585,
                0.6915167445630561,
                1,
                0,
                99.44661375884972,
                123.34391598541106,
                124.51136284691984,
                1
            ],
            "min": [
                -1.0088822017590275e-8,
                -0.7205384312356391,
                -0.008303137325534362,
                0,
                -0.9999999999999732,
                -0.9074784355670865,
                -0.9965525827302989,
                0,
                -0.7176287609903114,
                -0.6915161932972977,
                -0.7870441728050426,
                0,
                -113.41689384116636,
                -123.3440314600827,
                -124.51125785862457,
                1
            ],
            "type": "MAT4"
        },
        {
            "bufferView": 0,
            "byteOffset": 245448,
            "componentType": 5126,
            "count": 325,
            "max": [
                30.717891693115234,
                23.07682991027832,
                57.274757385253906
            ],
            "min": [
                -17.599449157714844,
                -249.03509521484375,
                -155.79620361328125
            ],
            "type": "VEC3"
        },
        {
            "bufferView": 0,
            "byteOffset": 249348,
            "componentType": 5126,
            "count": 325,
            "max": [
                0.9382286071777344,
                0.9618703126907349,
                0.9951035976409912
            ],
            "min": [
                -0.9676374197006226,
                -0.9618703126907349,
                -0.995103657245636
            ],
            "type": "VEC3"
        },
        {
            "bufferView": 0,
            "byteOffset": 253248,
            "componentType": 5126,
            "count": 325,
            "max": [
                0.9881640076637268,
                0.9682750105857849
            ],
            "min": [
                0.019226999953389168,
                0.01605600118637085
            ],
            "type": "VEC2"
        },
        {
            "bufferView": 0,
            "byteOffset": 255848,
            "componentType": 5123,
            "count": 325,
            "max": [
                4,
                0,
                0,
                0
            ],
            "min": [
                0,
                0,
                0,
                0
            ],
            "type": "VEC4"
        },
        {
            "bufferView": 0,
            "byteOffset": 258448,
            "componentType": 5126,
            "count": 325,
            "max": [
                1,
                0,
                0,
                0
            ],
            "min": [
                1,
                0,
                0,
                0
            ],
            "type": "VEC4"
        },
        {
            "bufferView": 2,
            "byteOffset": 40638,
            "componentType": 5123,
            "count": 1314,
            "max": [
                324
            ],
            "min": [
                0
            ],
            "type": "SCALAR"
        },
        {
            "bufferView": 1,
            "byteOffset": 4672,
            "componentType": 5126,
            "count": 5,
            "max": [
                -0.09226179755846084,
                -0.31631000077276694,
                -0.9441586244884277,
                0,
                -0.7929440497299894,
                -0.5501794481130051,
                0.26180542645078425,
                0,
                -0.6022684301934176,
                0.7728199316824774,
                -0.20005543580250074,
                0,
                -7.706502182611389,
                -21.935980569702792,
                25.689460130958214,
                1
            ],
            "min": [
                -0.09226198344677047,
                -0.3163101813664112,
                -0.9441586752276824,
                0,
                -0.7929442622083741,
                -0.5501796542373277,
                0.2618053599823825,
                0,
                -0.6022685862759135,
                0.7728196352176608,
                -0.20005567786485062,
                0,
                -198.8279771503561,
                -21.93610546544484,
                25.689423178636947,
                1
            ],
            "type": "MAT4"
        }
    ],
    "asset": {
        "generator": "ClayGL - fbx2gltf",
        "version": "2.0"
    },
    "bufferViews": [
        {
            "buffer": 0,
            "byteLength": 263648,
            "byteOffset": 0,
            "target": 34962
        },
        {
            "buffer": 0,
            "byteLength": 4992,
            "byteOffset": 263648,
            "target": 34962
        },
        {
            "buffer": 0,
            "byteLength": 43266,
            "byteOffset": 268640,
            "target": 34963
        }
    ],
    "buffers": [
        {
            "byteLength": 311906,
            "uri": "brewmaster.bin"
        }
    ],
    "images": [
        {
            "uri": "textures/backpack_color.png"
        },
        {
            "uri": "textures/barrel_color.png"
        },
        {
            "uri": "textures/bracer_color.png"
        },
        {
            "uri": "textures/body_color.png"
        },
        {
            "uri": "textures/shoulder_color.png"
        },
        {
            "uri": "textures/weapon_color.png"
        }
    ],
    "materials": [
        {
            "emissiveFactor": [
                0,
                0,
                0
            ],
            "name": "Material #35",
            "pbrMetallicRoughness": {
                "baseColorFactor": [
                    1,
                    1,
                    1,
                    1
                ],
                "baseColorTexture": {
                    "index": 0,
                    "texCoord": 0
                },
                "metallicFactor": 0,
                "roughnessFactor": 0.9230769230769231
            }
        },
        {
            "emissiveFactor": [
                0,
                0,
                0
            ],
            "name": "Material #46",
            "pbrMetallicRoughness": {
                "baseColorFactor": [
                    1,
                    1,
                    1,
                    1
                ],
                "baseColorTexture": {
                    "index": 1,
                    "texCoord": 0
                },
                "metallicFactor": 0,
                "roughnessFactor": 0.9230769230769231
            }
        },
        {
            "emissiveFactor": [
                0,
                0,
                0
            ],
            "name": "Material #57",
            "pbrMetallicRoughness": {
                "baseColorFactor": [
                    1,
                    1,
                    1,
                    1
                ],
                "baseColorTexture": {
                    "index": 2,
                    "texCoord": 0
                },
                "metallicFactor": 0,
                "roughnessFactor": 0.9230769230769231
            }
        },
        {
            "emissiveFactor": [
                0,
                0,
                0
            ],
            "name": "Material #68",
            "pbrMetallicRoughness": {
                "baseColorFactor": [
                    1,
                    1,
                    1,
                    1
                ],
                "baseColorTexture": {
                    "index": 3,
                    "texCoord": 0
                },
                "metallicFactor": 0,
                "roughnessFactor": 0.9230769230769231
            }
        },
        {
            "emissiveFactor": [
                0,
                0,
                0
            ],
            "name": "Material #79",
            "pbrMetallicRoughness": {
                "baseColorFactor": [
                    1,
                    1,
                    1,
                    1
                ],
                "baseColorTexture": {
                    "index": 4,
                    "texCoord": 0
                },
                "metallicFactor": 0,
                "roughnessFactor": 0.9230769230769231
            }
        },
        {
            "emissiveFactor": [
                0,
                0,
                0
            ],
            "name": "Material #90",
            "pbrMetallicRoughness": {
                "baseColorFactor": [
                    1,
                    1,
                    1,
                    1
                ],
                "baseColorTexture": {
                    "index": 5,
                    "texCoord": 0
                },
                "metallicFactor": 0,
                "roughnessFactor": 0.9230769230769231
            }
        }
    ],
    "meshes": [
        {
            "name": "back_model_LOD0",
            "primitives": [
                {
                    "attributes": {
                        "JOINTS_0": 3,
                        "NORMAL": 1,
                        "POSITION": 0,
                        "TEXCOORD_0": 2,
                        "WEIGHTS_0": 4
                    },
                    "indices": 5,
                    "material": 0
                }
            ]
        },
        {
            "name": "barrel_model_LOD0",
            "primitives": [
                {
                    "attributes": {
                        "JOINTS_0": 10,
                        "NORMAL": 8,
                        "POSITION": 7,
                        "TEXCOORD_0": 9,
                        "WEIGHTS_0": 11
                    },
                    "indices": 12,
                    "material": 1
                }
            ]
        },
        {
            "name": "bracer_model_LOD0",
            "primitives": [
                {
                    "attributes": {
                        "JOINTS_0": 17,
                        "NORMAL": 15,
                        "POSITION": 14,
                        "TEXCOORD_0": 16,
                        "WEIGHTS_0": 18
                    },
                    "indices": 19,
                    "material": 2
                }
            ]
        },
        {
            "name": "brewmaster_model_LOD0",
            "primitives": [
                {
                    "attributes": {
                        "JOINTS_0": 24,
                        "NORMAL": 22,
                        "POSITION": 21,
                        "TEXCOORD_0": 23,
                        "WEIGHTS_0": 25
                    },
                    "indices": 26,
                    "material": 3
                }
            ]
        },
        {
            "name": "shoulder_model_LOD0",
            "primitives": [
                {
                    "attributes": {
                        "JOINTS_0": 31,
                        "NORMAL": 29,
                        "POSITION": 28,
                        "TEXCOORD_0": 30,
                        "WEIGHTS_0": 32
                    },
                    "indices": 33,
                    "material": 4
                }
            ]
        },
        {
            "name": "weapon_model_LOD0",
            "primitives": [
                {
                    "attributes": {
                        "JOINTS_0": 38,
                        "NORMAL": 36,
                        "POSITION": 35,
                        "TEXCOORD_0": 37,
                        "WEIGHTS_0": 39
                    },
                    "indices": 40,
                    "material": 5
                }
            ]
        }
    ],
    "nodes": [
        {
            "children": [
                1,
                39,
                43,
                44,
                46,
                48
            ],
            "matrix": [
                1.6292068478213574e-7,
                1.469367938527879e-39,
                1.0000000000000002,
                0,
                1.0000000000000002,
                6.123233995736847e-17,
                -1.6292068478213574e-7,
                0,
                -6.123233995736685e-17,
                1,
                9.976014756666736e-24,
                0,
                2.289394531156813e-15,
                84.33219909667969,
                -3.095863103866577,
                1
            ],
            "name": "root"
        },
        {
            "children": [
                2
            ],
            "matrix": [
                -0.1336305141448975,
                -3.185999726405947e-8,
                0.9910312294960022,
                0,
                -4.746988363683236e-7,
                1.0000000000000002,
                -3.185999730793702e-8,
                0,
                -0.9910312294960001,
                -4.7469883926733546e-7,
                -0.13363051414491248,
                0,
                -6.417162895202635,
                2.1463944221977705e-7,
                28.82837677001953,
                1
            ],
            "name": "spine1"
        },
        {
            "children": [
                3,
                4,
                9,
                22
            ],
            "matrix": [
                0.7154173851013185,
                1.5987211448723136e-14,
                -0.6986973285675049,
                0,
                -4.099623772101977e-14,
                0.9999999999999998,
                -1.909583623531093e-14,
                0,
                0.698697328567505,
                4.230545484445298e-14,
                0.7154173851013182,
                0,
                29.660598754882784,
                0.0000013255303201731294,
                -0.000006675720213067393,
                1
            ],
            "name": "spine2"
        },
        {
            "matrix": [
                -0.5789805650711056,
                -0.19806125760078439,
                0.7909190058708191,
                0,
                -0.3804530786245912,
                0.9235938670602248,
                -0.04721946918151021,
                0,
                -0.7211357265664532,
                -0.3282467852366344,
                -0.6100960249608702,
                0,
                -43.04425048828122,
                -5.324286937713625,
                14.567100524902344,
                1
            ],
            "name": "mug4_0"
        },
        {
            "children": [
                5,
                6,
                7
            ],
            "matrix": [
                0.5968294143676757,
                4.829790017936138e-14,
                -0.802367985248566,
                0,
                -1.2152192880025592e-13,
                0.9999999999999999,
                -3.0198066375683376e-14,
                0,
                0.8023679852485657,
                1.1552839930871235e-13,
                0.5968294143676756,
                0,
                23.94794464111328,
                0.000004053116299473915,
                0.0000152587890625,
                1
            ],
            "name": "head"
        },
        {
            "matrix": [
                4.260843127248781e-7,
                0.7717723846435547,
                0.6358988285064697,
                0,
                0.9074782667274577,
                -0.2671405960830924,
                0.3242203617454813,
                0,
                0.4200986632356975,
                0.5770641590634362,
                -0.7003666954005634,
                0,
                11.02437114715576,
                -13.984531402587889,
                11.58978271484375,
                1
            ],
            "name": "ear1_0_R"
        },
        {
            "matrix": [
                3.978857989889156e-7,
                0.7717720866203308,
                -0.635899007320404,
                0,
                -0.907477848228692,
                -0.26714046415208725,
                -0.32422116112542865,
                0,
                -0.4200992681803392,
                0.5770644882350242,
                0.7003660831690917,
                0,
                11.024373054504391,
                13.984523773193361,
                11.58978271484375,
                1
            ],
            "name": "ear0_0_L"
        },
        {
            "children": [
                8
            ],
            "matrix": [
                0.9632751345634459,
                -4.5932540615467566e-7,
                0.26851582527160656,
                0,
                4.705084569105443e-7,
                0.9999999999999998,
                2.2703723345785296e-8,
                0,
                -0.2685158252715603,
                1.0446903444358027e-7,
                0.963275134563459,
                0,
                16.43685722351074,
                1.3642420526593924e-12,
                0.2774810791015625,
                1
            ],
            "name": "jaw0_0"
        },
        {
            "matrix": [
                0.9999998807907104,
                1.4210854662262445e-14,
                4.7683715814761385e-7,
                0,
                -3.035842000934288e-14,
                0.9999999999999992,
                3.386389124671041e-8,
                0,
                -4.7683715814761385e-7,
                -3.3863887209834465e-8,
                0.9999998807907104,
                0,
                9.535285949707031,
                0,
                -22.52813720703128,
                1
            ],
            "name": "beard6_0"
        },
        {
            "children": [
                10
            ],
            "matrix": [
                -0.16710828244686113,
                0.8427301645278931,
                -0.5117424726486205,
                0,
                -0.09953723422467192,
                0.5019688297662039,
                0.8591387157528876,
                0,
                0.9809009991976774,
                0.19450664889122815,
                -1.1920929698927551e-7,
                0,
                15.640426635742202,
                5.1166229248046875,
                11.582534790039048,
                1
            ],
            "name": "clavicle_L"
        },
        {
            "children": [
                11
            ],
            "matrix": [
                0.8794468641281129,
                0.08622416853904721,
                -0.4681228995323184,
                0,
                -0.3192351575738164,
                -0.622647371889727,
                -0.7144226666033087,
                0,
                -0.35307586586521955,
                0.7777377801921393,
                -0.5200593045955159,
                0,
                26.026313781738274,
                0.00000762939453125,
                -0.0000152587890625,
                1
            ],
            "name": "bicep_L"
        },
        {
            "children": [
                12
            ],
            "matrix": [
                0.7551193237304684,
                2.3841857898707075e-7,
                -0.6555873751640318,
                0,
                4.973522805791844e-8,
                1.0000000000000346,
                4.2095778726020106e-7,
                0,
                0.6555873495462956,
                -3.504791335900981e-7,
                0.7551192942232939,
                0,
                62.73997116088864,
                0.00000762939453125,
                -0.000003814697265625,
                1
            ],
            "name": "elbow_L"
        },
        {
            "children": [
                13,
                15,
                17,
                19,
                20
            ],
            "matrix": [
                0.5960122346878053,
                0.6915163993835448,
                0.40813481807708707,
                0,
                -0.5290174658340405,
                0.7205384625329987,
                -0.44829128298725773,
                0,
                -0.6040777289251729,
                0.051276652433345934,
                0.7952741513402856,
                0,
                45.334861755371094,
                0.000007629394545460855,
                0.000003814697267401357,
                1
            ],
            "name": "wrist_L"
        },
        {
            "children": [
                14
            ],
            "matrix": [
                0.6915509700775145,
                0.4926397502422332,
                -0.5282644629478452,
                0,
                -0.3667909490778559,
                0.8695311592612509,
                0.33072634774811177,
                0,
                0.6222713571755613,
                -0.0349515029405121,
                0.7820209194495683,
                0,
                5.453964233398452,
                2.8617324829101562,
                -9.77877426147461,
                1
            ],
            "name": "Thumb_0_L"
        },
        {
            "matrix": [
                1.0000000000000002,
                -2.9802322248917434e-8,
                -8.940696699655248e-8,
                0,
                2.9802319140292965e-8,
                0.9999999403953657,
                -1.4901161249358807e-8,
                0,
                8.940697809878273e-8,
                1.4901161249358807e-8,
                1.000000119209293,
                0,
                7.8609619140625,
                0.000019073486321019573,
                0.000007629394545460855,
                1
            ],
            "name": "Thumb_1_L"
        },
        {
            "children": [
                16
            ],
            "matrix": [
                0.5322083234786988,
                0.8439130187034606,
                -0.06756428629159926,
                0,
                -0.8458460900342099,
                0.5334273997078606,
                -3.4804202123926495e-8,
                0,
                0.03604060661788388,
                0.05714899709231994,
                0.9977148753763395,
                0,
                17.370952606201172,
