{
    "animations": {},
    "asset": {},
    "attributes": {
        "attribute_1": {
            "bufferView": "bufferView_37",
            "byteOffset": 0,
            "byteStride": 12,
            "count": 1721,
            "max": [
                1,
                1,
                1
            ],
            "min": [
                0,
                0,
                0
            ],
            "type": "FLOAT_VEC3"
        },
        "attribute_10": {
            "bufferView": "bufferView_37",
            "byteOffset": 107964,
            "byteStride": 16,
            "count": 147,
            "max": [
                1,
                1,
                1
            ],
            "min": [
                0,
                0,
                0
            ],
            "type": "FLOAT_VEC4"
        },
        "attribute_11": {
            "bufferView": "bufferView_37",
            "byteOffset": 110316,
            "byteStride": 12,
            "count": 147,
            "max": [
                1,
                1,
                1
            ],
            "min": [
                0,
                0,
                0
            ],
            "type": "FLOAT_VEC3"
        },
        "attribute_13": {
            "bufferView": "bufferView_37",
            "byteOffset": 112080,
            "byteStride": 12,
            "count": 200,
            "max": [
                1,
                1,
                1
            ],
            "min": [
                0,
                0,
                0
            ],
            "type": "FLOAT_VEC3"
        },
        "attribute_14": {
            "bufferView": "bufferView_37",
            "byteOffset": 114480,
            "byteStride": 12,
            "count": 200,
            "max": [
                1,
                1,
                1
            ],
            "min": [
                0,
                0,
                0
            ],
            "type": "FLOAT_VEC3"
        },
        "attribute_15": {
            "bufferView": "bufferView_37",
            "byteOffset": 116880,
            "byteStride": 8,
            "count": 200,
            "max": [
                1,
                1,
                1
            ],
            "min": [
                0,
                0,
                0
            ],
            "type": "FLOAT_VEC2"
        },
        "attribute_16": {
            "bufferView": "bufferView_37",
            "byteOffset": 118480,
            "byteStride": 16,
            "count": 200,
            "max": [
                1,
                1,
                1
            ],
            "min": [
                0,
                0,
                0
            ],
            "type": "FLOAT_VEC4"
        },
        "attribute_17": {
            "bufferView": "bufferView_37",
            "byteOffset": 121680,
            "byteStride": 12,
            "count": 200,
            "max": [
                1,
                1,
                1
            ],
            "min": [
                0,
                0,
                0
            ],
            "type": "FLOAT_VEC3"
        },
        "attribute_19": {
            "bufferView": "bufferView_37",
            "byteOffset": 124080,
            "byteStride": 12,
            "count": 272,
            "max": [
                1,
                1,
                1
            ],
            "min": [
                0,
                0,
                0
            ],
            "type": "FLOAT_VEC3"
        },
        "attribute_2": {
            "bufferView": "bufferView_37",
            "byteOffset": 20652,
            "byteStride": 12,
            "count": 1721,
            "max": [
                1,
                1,
                1
            ],
            "min": [
                0,
                0,
                0
            ],
            "type": "FLOAT_VEC3"
        },
        "attribute_20": {
            "bufferView": "bufferView_37",
            "byteOffset": 127344,
            "byteStride": 12,
            "count": 272,
            "max": [
                1,
                1,
                1
            ],
            "min": [
                0,
                0,
                0
            ],
            "type": "FLOAT_VEC3"
        },
        "attribute_21": {
            "bufferView": "bufferView_37",
            "byteOffset": 130608,
            "byteStride": 8,
            "count": 272,
            "max": [
                1,
                1,
                1
            ],
            "min": [
                0,
                0,
                0
            ],
            "type": "FLOAT_VEC2"
        },
        "attribute_22": {
            "bufferView": "bufferView_37",
            "byteOffset": 132784,
            "byteStride": 16,
            "count": 272,
            "max": [
                1,
                1,
                1
            ],
            "min": [
                0,
                0,
                0
            ],
            "type": "FLOAT_VEC4"
        },
        "attribute_23": {
            "bufferView": "bufferView_37",
            "byteOffset": 137136,
            "byteStride": 12,
            "count": 272,
            "max": [
                1,
                1,
                1
            ],
            "min": [
                0,
                0,
                0
            ],
            "type": "FLOAT_VEC3"
        },
        "attribute_25": {
            "bufferView": "bufferView_37",
            "byteOffset": 140400,
            "byteStride": 12,
            "count": 192,
            "max": [
                1,
                1,
                1
            ],
            "min": [
                0,
                0,
                0
            ],
            "type": "FLOAT_VEC3"
        },
        "attribute_26": {
            "bufferView": "bufferView_37",
            "byteOffset": 142704,
            "byteStride": 12,
            "count": 192,
            "max": [
                1,
                1,
                1
            ],
            "min": [
                0,
                0,
                0
            ],
            "type": "FLOAT_VEC3"
        },
        "attribute_27": {
            "bufferView": "bufferView_37",
            "byteOffset": 145008,
            "byteStride": 8,
            "count": 192,
            "max": [
                1,
                1,
                1
            ],
            "min": [
                0,
                0,
                0
            ],
            "type": "FLOAT_VEC2"
        },
        "attribute_28": {
            "bufferView": "bufferView_37",
            "byteOffset": 146544,
            "byteStride": 16,
            "count": 192,
            "max": [
                1,
                1,
                1
            ],
            "min": [
                0,
                0,
                0
            ],
            "type": "FLOAT_VEC4"
        },
        "attribute_29": {
            "bufferView": "bufferView_37",
            "byteOffset": 149616,
            "byteStride": 12,
            "count": 192,
            "max": [
                1,
                1,
                1
            ],
            "min": [
                0,
                0,
                0
            ],
            "type": "FLOAT_VEC3"
        },
        "attribute_3": {
            "bufferView": "bufferView_37",
            "byteOffset": 41304,
            "byteStride": 8,
            "count": 1721,
            "max": [
                1,
                1,
                1
            ],
            "min": [
                0,
                0,
                0
            ],
            "type": "FLOAT_VEC2"
        },
        "attribute_31": {
            "bufferView": "bufferView_37",
            "byteOffset": 151920,
            "byteStride": 12,
            "count": 34,
            "max": [
                1,
                1,
                1
            ],
            "min": [
                0,
                0,
                0
            ],
            "type": "FLOAT_VEC3"
        },
        "attribute_32": {
            "bufferView": "bufferView_37",
            "byteOffset": 152328,
            "byteStride": 12,
            "count": 34,
            "max": [
                1,
                1,
                1
            ],
            "min": [
                0,
                0,
                0
            ],
            "type": "FLOAT_VEC3"
        },
        "attribute_33": {
            "bufferView": "bufferView_37",
            "byteOffset": 152736,
            "byteStride": 8,
            "count": 34,
            "max": [
                1,
                1,
                1
            ],
            "min": [
                0,
                0,
                0
            ],
            "type": "FLOAT_VEC2"
        },
        "attribute_34": {
            "bufferView": "bufferView_37",
            "byteOffset": 153008,
            "byteStride": 16,
            "count": 34,
            "max": [
                1,
                1,
                1
            ],
            "min": [
                0,
                0,
                0
            ],
            "type": "FLOAT_VEC4"
        },
        "attribute_35": {
            "bufferView": "bufferView_37",
            "byteOffset": 153552,
            "byteStride": 12,
            "count": 34,
            "max": [
                1,
                1,
                1
            ],
            "min": [
                0,
                0,
                0
            ],
            "type": "FLOAT_VEC3"
        },
        "attribute_4": {
            "bufferView": "bufferView_37",
            "byteOffset": 55072,
            "byteStride": 16,
            "count": 1721,
            "max": [
                1,
                1,
                1
            ],
            "min": [
                0,
                0,
                0
            ],
            "type": "FLOAT_VEC4"
        },
        "attribute_5": {
            "bufferView": "bufferView_37",
            "byteOffset": 82608,
            "byteStride": 12,
            "count": 1721,
            "max": [
                1,
                1,
                1
            ],
            "min": [
                0,
                0,
                0
            ],
            "type": "FLOAT_VEC3"
        },
        "attribute_7": {
            "bufferView": "bufferView_37",
            "byteOffset": 103260,
            "byteStride": 12,
            "count": 147,
            "max": [
                1,
                1,
                1
            ],
            "min": [
                0,
                0,
                0
            ],
            "type": "FLOAT_VEC3"
        },
        "attribute_8": {
            "bufferView": "bufferView_37",
            "byteOffset": 105024,
            "byteStride": 12,
            "count": 147,
            "max": [
                1,
                1,
                1
            ],
            "min": [
                0,
                0,
                0
            ],
            "type": "FLOAT_VEC3"
        },
        "attribute_9": {
            "bufferView": "bufferView_37",
            "byteOffset": 106788,
            "byteStride": 8,
            "count": 147,
            "max": [
                1,
                1,
                1
            ],
            "min": [
                0,
                0,
                0
            ],
            "type": "FLOAT_VEC2"
        }
    },
    "bufferViews": {
        "bufferView_37": {
            "buffer": "pudge.bin",
            "byteLength": 153960,
            "byteOffset": 0,
            "target": "ARRAY_BUFFER"
        },
        "bufferView_38": {
            "buffer": "pudge.bin",
            "byteLength": 28332,
            "byteOffset": 153960,
            "target": "ELEMENT_ARRAY_BUFFER"
        }
    },
    "buffers": {
        "pudge.bin": {
            "byteLength": 182292,
            "path": "pudge.bin"
        }
    },
    "cameras": {},
    "images": {
        "image_0": {
            "path": "textures/pudge_body_color.png"
        },
        "image_1": {
            "path": "textures/pudge_hook_color.png"
        },
        "image_2": {
            "path": "textures/pudge_cleaver_color.png"
        },
        "image_3": {
            "path": "textures/pudge_armleft_color.png"
        },
        "image_4": {
            "path": "textures/pudge_back_color.png"
        },
        "image_5": {
            "path": "textures/pudge_bracer_color.png"
        }
    },
    "indices": {
        "indices_12": {
            "bufferView": "bufferView_38",
            "byteOffset": 19584,
            "count": 882,
            "type": "UNSIGNED_SHORT"
        },
        "indices_18": {
            "bufferView": "bufferView_38",
            "byteOffset": 21348,
            "count": 828,
            "type": "UNSIGNED_SHORT"
        },
        "indices_24": {
            "bufferView": "bufferView_38",
            "byteOffset": 23004,
            "count": 1620,
            "type": "UNSIGNED_SHORT"
        },
        "indices_30": {
            "bufferView": "bufferView_38",
            "byteOffset": 26244,
            "count": 864,
            "type": "UNSIGNED_SHORT"
        },
        "indices_36": {
            "bufferView": "bufferView_38",
            "byteOffset": 27972,
            "count": 180,
            "type": "UNSIGNED_SHORT"
        },
        "indices_6": {
            "bufferView": "bufferView_38",
            "byteOffset": 0,
            "count": 9792,
            "type": "UNSIGNED_SHORT"
        }
    },
    "lights": {},
    "materials": {
        "Material #103": {
            "instanceTechnique": {
                "technique": "technique_0",
                "values": [
                    {
                        "parameter": "ambient",
                        "value": [
                            0.5879999995231628,
                            0.5879999995231628,
                            0.5879999995231628
                        ]
                    },
                    {
                        "parameter": "emission",
                        "value": [
                            0,
                            0,
                            0
                        ]
                    },
                    {
                        "parameter": "diffuse",
                        "value": "Map #11"
                    },
                    {
                        "parameter": "shininess",
                        "value": 2
                    },
                    {
                        "parameter": "specular",
                        "value": [
                            0.8999999761581421,
                            0.8999999761581421,
                            0.8999999761581421
                        ]
                    }
                ]
            },
            "name": "Material #103"
        },
        "Material #35": {
            "instanceTechnique": {
                "technique": "technique_0",
                "values": [
                    {
                        "parameter": "ambient",
                        "value": [
                            0.5879999995231628,
                            0.5879999995231628,
                            0.5879999995231628
                        ]
                    },
                    {
                        "parameter": "emission",
                        "value": [
                            0,
                            0,
                            0
                        ]
                    },
                    {
                        "parameter": "diffuse",
                        "value": "Map #14"
                    },
                    {
                        "parameter": "shininess",
                        "value": 2
                    },
                    {
                        "parameter": "specular",
                        "value": [
                            0.8999999761581421,
                            0.8999999761581421,
                            0.8999999761581421
                        ]
                    }
                ]
            },
            "name": "Material #35"
        },
        "Material #46": {
            "instanceTechnique": {
                "technique": "technique_0",
                "values": [
                    {
                        "parameter": "ambient",
                        "value": [
                            0.5879999995231628,
                            0.5879999995231628,
                            0.5879999995231628
                        ]
                    },
                    {
                        "parameter": "emission",
                        "value": [
                            0,
                            0,
                            0
                        ]
                    },
                    {
                        "parameter": "diffuse",
                        "value": "Map #15"
                    },
                    {
                        "parameter": "shininess",
                        "value": 2
                    },
                    {
                        "parameter": "specular",
                        "value": [
                            0.8999999761581421,
                            0.8999999761581421,
                            0.8999999761581421
                        ]
                    }
                ]
            },
            "name": "Material #46"
        },
        "Material #70": {
            "instanceTechnique": {
                "technique": "technique_0",
                "values": [
                    {
                        "parameter": "ambient",
                        "value": [
                            0.5879999995231628,
                            0.5879999995231628,
                            0.5879999995231628
                        ]
                    },
                    {
                        "parameter": "emission",
                        "value": [
                            0,
                            0,
                            0
                        ]
                    },
                    {
                        "parameter": "diffuse",
                        "value": "Map #13"
                    },
                    {
                        "parameter": "shininess",
                        "value": 2
                    },
                    {
                        "parameter": "specular",
                        "value": [
                            0.8999999761581421,
                            0.8999999761581421,
                            0.8999999761581421
                        ]
                    }
                ]
            },
            "name": "Material #70"
        },
        "Material #81": {
            "instanceTechnique": {
                "technique": "technique_0",
                "values": [
                    {
                        "parameter": "ambient",
                        "value": [
                            0.5879999995231628,
                            0.5879999995231628,
                            0.5879999995231628
                        ]
                    },
                    {
                        "parameter": "emission",
                        "value": [
                            0,
                            0,
                            0
                        ]
                    },
                    {
                        "parameter": "diffuse",
                        "value": "Map #12"
                    },
                    {
                        "parameter": "shininess",
                        "value": 2
                    },
                    {
                        "parameter": "specular",
                        "value": [
                            0.8999999761581421,
                            0.8999999761581421,
                            0.8999999761581421
                        ]
                    }
                ]
            },
            "name": "Material #81"
        },
        "Material #92": {
            "instanceTechnique": {
                "technique": "technique_0",
                "values": [
                    {
                        "parameter": "ambient",
                        "value": [
                            0.5879999995231628,
                            0.5879999995231628,
                            0.5879999995231628
                        ]
                    },
                    {
                        "parameter": "emission",
                        "value": [
                            0,
                            0,
                            0
                        ]
                    },
                    {
                        "parameter": "diffuse",
                        "value": "Map #10"
                    },
                    {
                        "parameter": "shininess",
                        "value": 2
                    },
                    {
                        "parameter": "specular",
                        "value": [
                            0.8999999761581421,
                            0.8999999761581421,
                            0.8999999761581421
                        ]
                    }
                ]
            },
            "name": "Material #92"
        }
    },
    "meshes": {
        "back_model_LOD0-mesh": {
            "name": "back_model_LOD0-mesh",
            "primitives": [
                {
                    "indices": "indices_30",
                    "material": "Material #92",
                    "semantics": {
                        "JOINT": "attribute_28",
                        "NORMAL": "attribute_26",
                        "POSITION": "attribute_25",
                        "TEXCOORD_0": "attribute_27",
                        "WEIGHT": "attribute_29"
                    },
                    "skin": "skin_4"
                }
            ]
        },
        "bracer_model_LOD0-mesh": {
            "name": "bracer_model_LOD0-mesh",
            "primitives": [
                {
                    "indices": "indices_36",
                    "material": "Material #103",
                    "semantics": {
                        "JOINT": "attribute_34",
                        "NORMAL": "attribute_32",
                        "POSITION": "attribute_31",
                        "TEXCOORD_0": "attribute_33",
                        "WEIGHT": "attribute_35"
                    },
                    "skin": "skin_5"
                }
            ]
        },
        "leftarm_model_LOD0-mesh": {
            "name": "leftarm_model_LOD0-mesh",
            "primitives": [
                {
                    "indices": "indices_24",
                    "material": "Material #81",
                    "semantics": {
                        "JOINT": "attribute_22",
                        "NORMAL": "attribute_20",
                        "POSITION": "attribute_19",
                        "TEXCOORD_0": "attribute_21",
                        "WEIGHT": "attribute_23"
                    },
                    "skin": "skin_3"
                }
            ]
        },
        "leftweapon_model_LOD0-mesh": {
            "name": "leftweapon_model_LOD0-mesh",
            "primitives": [
                {
                    "indices": "indices_18",
                    "material": "Material #70",
                    "semantics": {
                        "JOINT": "attribute_16",
                        "NORMAL": "attribute_14",
                        "POSITION": "attribute_13",
                        "TEXCOORD_0": "attribute_15",
                        "WEIGHT": "attribute_17"
                    },
                    "skin": "skin_2"
                }
            ]
        },
        "pudge_model_LOD0-mesh": {
            "name": "pudge_model_LOD0-mesh",
            "primitives": [
                {
                    "indices": "indices_6",
                    "material": "Material #35",
                    "semantics": {
                        "JOINT": "attribute_4",
                        "NORMAL": "attribute_2",
                        "POSITION": "attribute_1",
                        "TEXCOORD_0": "attribute_3",
                        "WEIGHT": "attribute_5"
                    },
                    "skin": "skin_0"
                }
            ]
        },
        "righthook_model_LOD0-mesh": {
            "name": "righthook_model_LOD0-mesh",
            "primitives": [
                {
                    "indices": "indices_12",
                    "material": "Material #46",
                    "semantics": {
                        "JOINT": "attribute_10",
                        "NORMAL": "attribute_8",
                        "POSITION": "attribute_7",
                        "TEXCOORD_0": "attribute_9",
                        "WEIGHT": "attribute_11"
                    },
                    "skin": "skin_1"
                }
            ]
        }
    },
    "nodes": {
        "Knife_A": {
            "children": [],
            "matrix": [
                0.9999999999999999,
                2.3742653354474896e-7,
                -3.725291151113197e-7,
                0,
                -2.3742645545952721e-7,
                1,
                2.096083733249543e-7,
                0,
                3.7252916487788824e-7,
                -2.0960828487667516e-7,
                0.9999999999999999,
                0,
                16.469682693481445,
                47.10303115844726,
                4.913551330566406,
                1
            ],
            "name": "Knife_A"
        },
        "Knife_B": {
            "children": [],
            "matrix": [
                0.9999999999999999,
                2.3742653354474896e-7,
                -3.725291151113197e-7,
                0,
                -2.3742645545952721e-7,
                1,
                2.096083733249543e-7,
                0,
                3.7252916487788824e-7,
                -2.0960828487667516e-7,
                0.9999999999999999,
                0,
                10.812881469726559,
                49.413265228271484,
                6.863555908203125,
                1
            ],
            "name": "Knife_B"
        },
        "Knife_C": {
            "children": [],
            "matrix": [
                0.9999999999999999,
                2.3742653354474896e-7,
                -3.725291151113197e-7,
                0,
                -2.3742645545952721e-7,
                1,
                2.096083733249543e-7,
                0,
                3.7252916487788824e-7,
                -2.0960828487667516e-7,
                0.9999999999999999,
                0,
                -1.1324806213378906,
                47.212356567382805,
                9.0751953125,
                1
            ],
            "name": "Knife_C"
        },
        "ankle_L": {
            "children": [
                "toeBase_L"
            ],
            "matrix": [
                0.6533348560333253,
                -0.17164444923400887,
                0.7373549342155459,
                0,
                -0.0008315116405612573,
                0.9737961914698167,
                0.22742095930691722,
                0,
                -0.7570688721189432,
                -0.1491951392342655,
                0.6360721862800777,
                0,
                20.331680297851562,
                -0.000003814697265625,
                0.0000030994415287644017,
                1
            ],
            "name": "ankle_L"
        },
        "ankle_R": {
            "children": [
                "toeBase_R"
            ],
            "matrix": [
                0.6533349752426147,
                -0.17164459824562078,
                0.7373540401458742,
                0,
                -0.0008312055545542387,
                0.9737958440780348,
                0.227421079916048,
                0,
                -0.7570680800611529,
                -0.149195073913842,
                0.6360723631876674,
                0,
                -20.331680297851566,
                -7.105427357601002e-15,
                0.000009536743162286143,
                1
            ],
            "name": "ankle_R"
        },
        "apron_R0C0": {
            "children": [
                "apron_R1C0"
            ],
            "matrix": [
                6.123233995736785e-17,
                3.0719370194191463e-33,
                -1.0000000000000029,
                0,
                0.7205483913421653,
                -0.6934045553207412,
                4.412086405439785e-17,
                0,
                -0.6934045553207399,
                -0.7205483913421639,
                -4.245878345938689e-17,
                0,
                30.857440948486328,
                -32.52072143554687,
                -5.323657989501953,
                1
            ],
            "name": "apron_R0C0"
        },
        "apron_R0C1": {
            "children": [
                "apron_R1C1"
            ],
            "matrix": [
                6.123233995736883e-17,
                2.8136059727786248e-33,
                -1.0000000000000189,
                0,
                0.9059118032455568,
                -0.4234662652015742,
                5.54710995077239e-17,
                0,
                -0.4234662652015708,
                -0.9059118032455495,
                -2.5929830311299397e-17,
                0,
                43.63220596313476,
                -5.590049743652344,
                -9.622879028320312,
                1
            ],
            "name": "apron_R0C1"
        },
        "apron_R1C0": {
            "children": [
                "apron_R2C0"
            ],
            "matrix": [
                1,
                1.0096664482261987e-7,
                -7.498091036950239e-10,
                0,
                -7.327126849150412e-8,
                0.7205483317375168,
                -0.6934044957160967,
                0,
                -6.947045173858558e-8,
                0.6934044957160933,
                0.7205483317375202,
                0,
                1.763702392578125,
                0.000007629394524144573,
                0.0000019073486363652137,
                1
            ],
            "name": "apron_R1C0"
        },
        "apron_R1C1": {
            "children": [
                "apron_R2C1"
            ],
            "matrix": [
                1,
                1.4210854715202007e-14,
                7.105427357601002e-15,
                0,
                -9.864872023166513e-15,
                0.9059118032455447,
                -0.4234662950038909,
                0,
                -1.2454708505439716e-14,
                0.42346629500389094,
                0.9059118032455445,
                0,
                2.8807334899902344,
                0.0000152587890625,
                0.000006675720216620107,
                1
            ],
            "name": "apron_R1C1"
        },
        "apron_R2C0": {
            "children": [],
            "matrix": [
                1,
                -3.552713665565611e-15,
                5.293955920339377e-23,
                0,
                2.5599033702386405e-15,
                0.7205487489700318,
                0.6934043169021609,
                0,
                -2.4634670362358117e-15,
                -0.6934043169021606,
                0.7205487489700318,
                0,
                15.720439910888672,
                0.000007629394534802714,
                -0.0000038146972585195726,
                1
            ],
            "name": "apron_R2C0"
        },
        "apron_R2C1": {
            "children": [],
            "matrix": [
                1,
                1.230495598747439e-7,
                8.870526309044058e-24,
                0,
                -1.1147206334335036e-7,
                0.9059119224548339,
                0.42346614599228016,
                0,
                5.2107322886203425e-8,
                -0.4234661459922749,
                0.9059119224548362,
                0,
                15.72043228149414,
                0,
                -0.00000667572021484375,
                1
            ],
            "name": "apron_R2C1"
        },
        "apron_tie_0": {
            "children": [
                "apron_tie_1"
            ],
            "matrix": [
                -0.9950371980667115,
                -3.242242882461991e-7,
                0.09950356930494306,
                0,
                -3.8831299308178883e-7,
                1.0000000000000002,
                -6.247171312247013e-7,
                0,
                -0.09950356930473006,
                -6.602553126571554e-7,
                -0.9950371980667329,
                0,
                -38.8085823059082,
                -0.000007629394531249998,
                12.942001342773438,
                1
            ],
            "name": "apron_tie_0"
        },
        "apron_tie_1": {
            "children": [],
            "matrix": [
                -0.15626637637615187,
                6.706224553188614e-7,
                0.987714886665344,
                0,
                -4.182577630630244e-7,
                1.0000000000000002,
                -7.451361625506e-7,
                0,
                -0.9877148866653999,
                -5.295591470690706e-7,
                -0.15626637637580107,
                0,
                -5.032878875732415,
                0.910789370536804,
                26.176464080810533,
                1
            ],
            "name": "apron_tie_1"
        },
        "back_model_LOD0": {
            "children": [],
            "matrix": [
                1,
                0,
                0,
                0,
                0,
                1,
                0,
                0,
                0,
                0,
                1,
                0,
                0,
                0,
                0,
                1
            ],
            "meshes": [
                "back_model_LOD0-mesh"
            ],
            "name": "back_model_LOD0"
        },
        "backfat5_0": {
            "children": [],
            "matrix": [
                0.301194369792938,
                -0.9516243338584904,
                -0.06077057495713234,
                0,
                0.9358394096596621,
                0.30722542156411586,
                -0.17267610069364708,
                0,
                0.18299305909405897,
                -0.004862430045499598,
                0.9831021988099058,
                0,
                -21.697647094726562,
                -28.200458526611328,
                19.761489868164062,
                1
            ],
            "name": "backfat5_0"
        },
        "backfat7_0": {
            "children": [],
            "matrix": [
                0.6630783081054692,
                0.7467089295387269,
                -0.05246642231941226,
                0,
                -0.6985227169311352,
                0.6424351103769357,
                0.3151877242753074,
                0,
                0.26905978334377006,
                -0.1723451700274456,
                0.9475780184472901,
                0,
                -25.405158996582024,
                25.0844554901123,
                22.420242309570312,
                1
            ],
            "name": "backfat7_0"
        },
        "bicep_L": {
            "children": [
                "elbow_L"
            ],
            "matrix": [
                0.995699882507324,
                -0.023724794387817327,
                -0.08955162763595576,
                0,
                -0.08389380838043381,
                -0.64094684399713,
                -0.7629869480195093,
                0,
                -0.03929611398801301,
                0.7672186335052512,
                -0.6401808869887589,
                0,
                15.406013488769524,
                5.965248107910156,
                5.552223205566406,
                1
            ],
            "name": "bicep_L"
        },
        "bicep_R": {
            "children": [
                "elbow_R"
            ],
            "matrix": [
                0.9956996440887453,
                -0.023724794387817272,
                -0.08955146372318268,
                0,
                -0.08389373831013042,
                -0.6409461995699991,
                -0.7629875128499084,
                0,
                -0.03929594483417129,
                0.7672191309390107,
                -0.640180205146129,
                0,
                -15.407436370849602,
                -5.9658660888671875,
                -5.552772521972656,
                1
            ],
            "name": "bicep_R"
        },
        "booby_lf": {
            "children": [],
            "matrix": [
                0.618185043334961,
                0.6031713485717777,
                -0.5040154457092287,
                0,
                0.6319057265043628,
                1.0671341712368869e-7,
                0.7750451630296785,
                0,
                0.46748508360271734,
                -0.7976115632140861,
                -0.3811473580627462,
                0,
                28.7037811279297,
                30.482803344726566,
                -26.525299072265625,
                1
            ],
            "name": "booby_lf"
        },
        "booby_rt": {
            "children": [],
            "matrix": [
                -0.5793831348419191,
                0.6165426373481755,
                0.5330948233604432,
                0,
                0.644238670604429,
                -0.05423250580232317,
                0.7628993096478959,
                0,
                0.4992710961694004,
                0.785451412939253,
                -0.36577926526963594,
                0,
                27.88745880126953,
                -29.608451843261722,
                -27.848922729492188,
                1
            ],
            "name": "booby_rt"
        },
        "bracer_model_LOD0": {
            "children": [],
            "matrix": [
                1,
                0,
                0,
                0,
                0,
                1,
                0,
                0,
                0,
                0,
                1,
                0,
                0,
                0,
                0,
                1
            ],
            "meshes": [
                "bracer_model_LOD0-mesh"
            ],
            "name": "bracer_model_LOD0"
        },
        "clavicle_L": {
            "children": [
                "bicep_L"
            ],
            "matrix": [
                -0.30480909347534174,
                0.8759704232215884,
                -0.3738545775413514,
                0,
                -0.12286346283580546,
                0.3530889728692686,
                0.9274873669001399,
                0,
                0.9444552135440891,
                0.3286395761530709,
                2.9802322165650708e-8,
                0,
                17.286727905273438,
                21.066940307617188,
                17.806968688964844,
                1
            ],
            "name": "clavicle_L"
        },
        "clavicle_R": {
            "children": [
                "bicep_R"
            ],
            "matrix": [
