{
    "accessors": [
        {
            "bufferView": 0,
            "byteOffset": 0,
            "componentType": 5126,
            "count": 2070,
            "max": [
                65.18990325927734,
                51.04599380493164,
                174.22079467773438
            ],
            "min": [
                -103.84745788574219,
                -53.47855758666992,
                8.096017837524414
            ],
            "type": "VEC3"
        },
        {
            "bufferView": 0,
            "byteOffset": 24840,
            "componentType": 5126,
            "count": 2070,
            "max": [
                0.9992567300796509,
                0.9997413158416748,
                0.9995324611663818
            ],
            "min": [
                -0.9986035227775574,
                -0.9996846914291382,
                -0.9994772672653198
            ],
            "type": "VEC3"
        },
        {
            "bufferView": 0,
            "byteOffset": 49680,
            "componentType": 5126,
            "count": 2070,
            "max": [
                1.5945539474487305,
                0.9983059763908386
            ],
            "min": [
                0.006756999995559454,
                0.009051024913787842
            ],
            "type": "VEC2"
        },
        {
            "bufferView": 0,
            "byteOffset": 66240,
            "componentType": 5123,
            "count": 2070,
            "max": [
                40,
                32,
                33,
                0
            ],
            "min": [
                0,
                0,
                0,
                0
            ],
            "type": "VEC4"
        },
        {
            "bufferView": 0,
            "byteOffset": 82800,
            "componentType": 5126,
            "count": 2070,
            "max": [
                1,
                0.9998796582221985,
                0.9962079524993896,
                0
            ],
            "min": [
                0.0001203473293571733,
                0,
                0,
                0
            ],
            "type": "VEC4"
        },
        {
            "bufferView": 2,
            "byteOffset": 0,
            "componentType": 5123,
            "count": 9792,
            "max": [
                2069
            ],
            "min": [
                0
            ],
            "type": "SCALAR"
        },
        {
            "bufferView": 1,
            "byteOffset": 0,
            "componentType": 5126,
            "count": 41,
            "max": [
                0.8759704924805886,
                0.9999999999999964,
                0.9917402632422033,
                0,
                0.995037212155541,
                0.6985225018939583,
                0.9999999999999472,
                0,
                0.9999999999999507,
                1.0000000596045433,
                1,
                0,
                72.52322304880576,
                143.89495292213408,
                91.5857442492457,
                1
            ],
            "min": [
                -0.9516243861862819,
                -0.7071067545849251,
                -1.0000001192092713,
                0,
                -0.9999999999999732,
                -1.0000001192092705,
                -0.9983621841712769,
                0,
                -0.9999999999999989,
                -0.8258675724720255,
                -0.9950372121551649,
                0,
                -109.37875366210399,
                -143.8959139513449,
                -159.16481257040357,
                1
            ],
            "type": "MAT4"
        },
        {
            "bufferView": 0,
            "byteOffset": 115920,
            "componentType": 5126,
            "count": 236,
            "max": [
                22.72965431213379,
                29.004352569580078,
                7.036637306213379
            ],
            "min": [
                -32.49490737915039,
                -94.76982116699219,
                -5.6864447593688965
            ],
            "type": "VEC3"
        },
        {
            "bufferView": 0,
            "byteOffset": 118752,
            "componentType": 5126,
            "count": 236,
            "max": [
                0.9999508261680603,
                0.9956177473068237,
                0.9996429681777954
            ],
            "min": [
                -0.9996306896209717,
                -0.9981803297996521,
                -0.9998684525489807
            ],
            "type": "VEC3"
        },
        {
            "bufferView": 0,
            "byteOffset": 121584,
            "componentType": 5126,
            "count": 236,
            "max": [
                1.9822980165481567,
                0.970570981502533
            ],
            "min": [
                0.014798999764025211,
                0.020826995372772217
            ],
            "type": "VEC2"
        },
        {
            "bufferView": 0,
            "byteOffset": 123472,
            "componentType": 5123,
            "count": 236,
            "max": [
                0,
                0,
                0,
                0
            ],
            "min": [
                0,
                0,
                0,
                0
            ],
            "type": "VEC4"
        },
        {
            "bufferView": 0,
            "byteOffset": 125360,
            "componentType": 5126,
            "count": 236,
            "max": [
                1,
                0,
                0,
                0
            ],
            "min": [
                1,
                0,
                0,
                0
            ],
            "type": "VEC4"
        },
        {
            "bufferView": 2,
            "byteOffset": 19584,
            "componentType": 5123,
            "count": 882,
            "max": [
                235
            ],
            "min": [
                0
            ],
            "type": "SCALAR"
        },
        {
            "bufferView": 1,
            "byteOffset": 2624,
            "componentType": 5126,
            "count": 1,
            "max": [
                -0.21087703864430316,
                0.03777636514087812,
                -0.97678244489839,
                0,
                -0.09489636016143019,
                -0.9953243499807495,
                -0.01800632893825219,
                0,
                -0.9728953225208415,
                0.08889598703945625,
                0.2134759204288138,
                0,
                0.04668757359661018,
                -0.6310514876499944,
                -0.5268115124874452,
                1
            ],
            "min": [
                -0.21087703864430316,
                0.03777636514087812,
                -0.97678244489839,
                0,
                -0.09489636016143019,
                -0.9953243499807495,
                -0.01800632893825219,
                0,
                -0.9728953225208415,
                0.08889598703945625,
                0.2134759204288138,
                0,
                0.04668757359661018,
                -0.6310514876499944,
                -0.5268115124874452,
                1
            ],
            "type": "MAT4"
        },
        {
            "bufferView": 0,
            "byteOffset": 129136,
            "componentType": 5126,
            "count": 261,
            "max": [
                149.32008361816406,
                37.23686599731445,
                129.16397094726562
            ],
            "min": [
                137.8226776123047,
                -15.53836727142334,
                3.68729829788208
            ],
            "type": "VEC3"
        },
        {
            "bufferView": 0,
            "byteOffset": 132268,
            "componentType": 5126,
            "count": 261,
            "max": [
                0.9997137784957886,
                0.9995745420455933,
                0.9988297820091248
            ],
            "min": [
                -0.9997043013572693,
                -0.9971292018890381,
                -0.9984936714172363
            ],
            "type": "VEC3"
        },
        {
            "bufferView": 0,
            "byteOffset": 135400,
            "componentType": 5126,
            "count": 261,
            "max": [
                1.980597972869873,
                0.9776300191879272
            ],
            "min": [
                0.028436999768018723,
                0.02358001470565796
            ],
            "type": "VEC2"
        },
        {
            "bufferView": 0,
            "byteOffset": 137488,
            "componentType": 5123,
            "count": 261,
            "max": [
                0,
                0,
                0,
                0
            ],
            "min": [
                0,
                0,
                0,
                0
            ],
            "type": "VEC4"
        },
        {
            "bufferView": 0,
            "byteOffset": 139576,
            "componentType": 5126,
            "count": 261,
            "max": [
                1,
                0,
                0,
                0
            ],
            "min": [
                1,
                0,
                0,
                0
            ],
            "type": "VEC4"
        },
        {
            "bufferView": 2,
            "byteOffset": 21348,
            "componentType": 5123,
            "count": 828,
            "max": [
                260
            ],
            "min": [
                0
            ],
            "type": "SCALAR"
        },
        {
            "bufferView": 1,
            "byteOffset": 2688,
            "componentType": 5126,
            "count": 1,
            "max": [
                0.9999939070472926,
                0.0024510068363532444,
                0.0023850194137437653,
                0,
                -0.002391888519042633,
                0.0028037074825054157,
                0.9999932128792816,
                0,
                0.0024443033278524935,
                -0.9999928073140731,
                0.002809554360534302,
                0,
                -144.33502418157764,
                39.231338505314056,
                -9.312292244459341,
                1
            ],
            "min": [
                0.9999939070472926,
                0.0024510068363532444,
                0.0023850194137437653,
                0,
                -0.002391888519042633,
                0.0028037074825054157,
                0.9999932128792816,
                0,
                0.0024443033278524935,
                -0.9999928073140731,
                0.002809554360534302,
                0,
                -144.33502418157764,
                39.231338505314056,
                -9.312292244459341,
                1
            ],
            "type": "MAT4"
        },
        {
            "bufferView": 0,
            "byteOffset": 143752,
            "componentType": 5126,
            "count": 338,
            "max": [
                103.8144302368164,
                29.696266174316406,
                170.17715454101562
            ],
            "min": [
                22.853721618652344,
                -14.999998092651367,
                84.203857421875
            ],
            "type": "VEC3"
        },
        {
            "bufferView": 0,
            "byteOffset": 147808,
            "componentType": 5126,
            "count": 338,
            "max": [
                0.9951823949813843,
                0.9999170303344727,
                0.9778236746788025
            ],
            "min": [
                -0.9979944229125977,
                -0.9969282746315002,
                -0.9992526769638062
            ],
            "type": "VEC3"
        },
        {
            "bufferView": 0,
            "byteOffset": 151864,
            "componentType": 5126,
            "count": 338,
            "max": [
                1.0012880563735962,
                0.9872890114784241
            ],
            "min": [
                0.008860999718308449,
                0.01759999990463257
            ],
            "type": "VEC2"
        },
        {
            "bufferView": 0,
            "byteOffset": 154568,
            "componentType": 5123,
            "count": 338,
            "max": [
                6,
                6,
                6,
                0
            ],
            "min": [
                0,
                0,
                0,
                0
            ],
            "type": "VEC4"
        },
        {
            "bufferView": 0,
            "byteOffset": 157272,
            "componentType": 5126,
            "count": 338,
            "max": [
                1,
                0.9312520623207092,
                0.7089909315109253,
                0
            ],
            "min": [
                0.06874795258045197,
                0,
                0,
                0
            ],
            "type": "VEC4"
        },
        {
            "bufferView": 2,
            "byteOffset": 23004,
            "componentType": 5123,
            "count": 1620,
            "max": [
                337
            ],
            "min": [
                0
            ],
            "type": "SCALAR"
        },
        {
            "bufferView": 1,
            "byteOffset": 2752,
            "componentType": 5126,
            "count": 7,
            "max": [
                0.8759704102427227,
                0.9999999999999822,
                0.3286397820523382,
                0,
                0.04938745889482861,
                0.681309456842117,
                0.9913224738911219,
                0,
                0.6319059225034378,
                1.0000000596045626,
                0.999999999999955,
                0,
                53.816355183989515,
                143.89499867569873,
                5.996608771147698,
                1
            ],
            "min": [
                8.999832481723997e-8,
                -0.7071072263402096,
                -0.7976116072223072,
                0,
                -0.9999999999998938,
                1.313383249957591e-7,
                -0.7319956025359464,
                0,
                -0.6859947289054448,
                -0.8258675656234779,
                -0.17149845824250934,
                0,
                -72.35468370169686,
                -122.68014395008507,
                -158.7263180334736,
                1
            ],
            "type": "MAT4"
        },
        {
            "bufferView": 0,
            "byteOffset": 162680,
            "componentType": 5126,
            "count": 208,
            "max": [
                31.757051467895508,
                41.79285430908203,
                160.95526123046875
            ],
            "min": [
                -31.708770751953125,
                18.22148895263672,
                134.45420837402344
            ],
            "type": "VEC3"
        },
        {
            "bufferView": 0,
            "byteOffset": 165176,
            "componentType": 5126,
            "count": 208,
            "max": [
                0.98936527967453,
                0.9894060492515564,
                0.9814698696136475
            ],
            "min": [
                -0.9898554086685181,
                -0.862459659576416,
                -0.7916918396949768
            ],
            "type": "VEC3"
        },
        {
            "bufferView": 0,
            "byteOffset": 167672,
            "componentType": 5126,
            "count": 208,
            "max": [
                1.3844770193099976,
                0.28389400243759155
            ],
            "min": [
                0.01775199919939041,
                0.04153001308441162
            ],
            "type": "VEC2"
        },
        {
            "bufferView": 0,
            "byteOffset": 169336,
            "componentType": 5123,
            "count": 208,
            "max": [
                3,
                3,
                0,
                0
            ],
            "min": [
                0,
                0,
                0,
                0
            ],
            "type": "VEC4"
        },
        {
            "bufferView": 0,
            "byteOffset": 171000,
            "componentType": 5126,
            "count": 208,
            "max": [
                1,
                0.8447404503822327,
                0,
                0
            ],
            "min": [
                0.15525956451892853,
                0,
                0,
                0
            ],
            "type": "VEC4"
        },
        {
            "bufferView": 2,
            "byteOffset": 26244,
            "componentType": 5123,
            "count": 864,
            "max": [
                207
            ],
            "min": [
                0
            ],
            "type": "SCALAR"
        },
        {
            "bufferView": 1,
            "byteOffset": 3200,
            "componentType": 5126,
            "count": 4,
            "max": [
                3.256802075303572e-7,
                0.9999999999999376,
                -1.8665439033451243e-8,
                0,
                -0.9999999999998938,
                3.256802075303713e-7,
                -6.017731718102908e-15,
                0,
                6.123233995736301e-17,
                6.203615050010273e-8,
                0.999999999999955,
                0,
                30.03644641314919,
                20.978678820572938,
                -148.69583169039774,
                1
            ],
            "min": [
                3.25680207530357e-7,
                0.9999999999999347,
                -6.203615050009727e-8,
                0,
                -0.999999999999894,
                3.2568020753037037e-7,
                -2.0142714029300923e-14,
                0,
                6.123233995735055e-17,
                1.866543903345288e-8,
                0.999999999999952,
                0,
                20.654523885231292,
                -20.983534978157078,
                -159.16481126756165,
                1
            ],
            "type": "MAT4"
        },
        {
            "bufferView": 0,
            "byteOffset": 174328,
            "componentType": 5126,
            "count": 58,
            "max": [
                -71.1044921875,
                20.903236389160156,
                141.89996337890625
            ],
            "min": [
                -97.22822570800781,
                -10.963386535644531,
                109.8580093383789
            ],
            "type": "VEC3"
        },
        {
            "bufferView": 0,
            "byteOffset": 175024,
            "componentType": 5126,
            "count": 58,
            "max": [
                0.9673115015029907,
                0.817543625831604,
                0.9982495903968811
            ],
            "min": [
                -0.9792801737785339,
                -0.840857982635498,
                -0.9958670139312744
            ],
            "type": "VEC3"
        },
        {
            "bufferView": 0,
            "byteOffset": 175720,
            "componentType": 5126,
            "count": 58,
            "max": [
                0.9950429797172546,
                0.9869449734687805
            ],
            "min": [
                0.02437799982726574,
                0.01421898603439331
            ],
            "type": "VEC2"
        },
        {
            "bufferView": 0,
            "byteOffset": 176184,
            "componentType": 5123,
            "count": 58,
            "max": [
                0,
                1,
                2,
                0
            ],
            "min": [
                0,
                0,
                0,
                0
            ],
            "type": "VEC4"
        },
        {
            "bufferView": 0,
            "byteOffset": 176648,
            "componentType": 5126,
            "count": 58,
            "max": [
                1,
                0.04654008895158768,
                0.0549689382314682,
                0
            ],
            "min": [
                0.9310002326965332,
                0,
                0,
                0
            ],
            "type": "VEC4"
        },
        {
            "bufferView": 2,
            "byteOffset": 27972,
            "componentType": 5123,
            "count": 180,
            "max": [
                57
            ],
            "min": [
                0
            ],
            "type": "SCALAR"
        },
        {
            "bufferView": 1,
            "byteOffset": 3456,
            "componentType": 5126,
            "count": 3,
            "max": [
                0.8343961731280339,
                -0.5505475416386564,
                0.18248589425297512,
                0,
                0.24253603197175447,
                4.899395656015154e-7,
                -0.9701424440068949,
                0,
                0.6859945202983795,
                0.8258675552329352,
                0.17149924964072732,
                0,
                -19.085627808199074,
                -138.92338315760682,
                26.70810530019733,
                1
            ],
            "min": [
                0.6859942222750718,
                -0.7071072123096663,
                0.026085903387900778,
                0,
                -0.04938713007560955,
                -0.12182050037134849,
                -0.9913227446087339,
                0,
                0.5489480819414823,
                0.707106731894126,
                -0.1288365250211276,
                0,
                -49.644873699141414,
                -143.89589131386663,
                -0.52837902541921,
                1
            ],
            "type": "MAT4"
        }
    ],
    "asset": {
        "generator": "ClayGL - fbx2gltf",
        "version": "2.0"
    },
    "bufferViews": [
        {
            "buffer": 0,
            "byteLength": 177576,
            "byteOffset": 0,
            "target": 34962
        },
        {
            "buffer": 0,
            "byteLength": 3648,
            "byteOffset": 177576,
            "target": 34962
        },
        {
            "buffer": 0,
            "byteLength": 28332,
            "byteOffset": 181224,
            "target": 34963
        }
    ],
    "buffers": [
        {
            "byteLength": 209556,
            "uri": "pudge.bin"
        }
    ],
    "images": [
        {
            "uri": "textures/pudge_body_color.png"
        },
        {
            "uri": "textures/pudge_hook_color.png"
        },
        {
            "uri": "textures/pudge_cleaver_color.png"
        },
        {
            "uri": "textures/pudge_armleft_color.png"
        },
        {
            "uri": "textures/pudge_back_color.png"
        },
        {
            "uri": "textures/pudge_bracer_color.png"
        }
    ],
    "materials": [
        {
            "emissiveFactor": [
                0,
                0,
                0
            ],
            "name": "Material #35",
            "pbrMetallicRoughness": {
                "baseColorFactor": [
                    1,
                    1,
                    1,
                    1
                ],
                "baseColorTexture": {
                    "index": 0,
                    "texCoord": 0
                },
                "metallicFactor": 0,
                "roughnessFactor": 0.9230769230769231
            }
        },
        {
            "emissiveFactor": [
                0,
                0,
                0
            ],
            "name": "Material #46",
            "pbrMetallicRoughness": {
                "baseColorFactor": [
                    1,
                    1,
                    1,
                    1
                ],
                "baseColorTexture": {
                    "index": 1,
                    "texCoord": 0
                },
                "metallicFactor": 0,
                "roughnessFactor": 0.9230769230769231
            }
        },
        {
            "emissiveFactor": [
                0,
                0,
                0
            ],
            "name": "Material #70",
            "pbrMetallicRoughness": {
                "baseColorFactor": [
                    1,
                    1,
                    1,
                    1
                ],
                "baseColorTexture": {
                    "index": 2,
                    "texCoord": 0
                },
                "metallicFactor": 0,
                "roughnessFactor": 0.9230769230769231
            }
        },
        {
            "emissiveFactor": [
                0,
                0,
                0
            ],
            "name": "Material #81",
            "pbrMetallicRoughness": {
                "baseColorFactor": [
                    1,
                    1,
                    1,
                    1
                ],
                "baseColorTexture": {
                    "index": 3,
                    "texCoord": 0
                },
                "metallicFactor": 0,
                "roughnessFactor": 0.9230769230769231
            }
        },
        {
            "emissiveFactor": [
                0,
                0,
                0
            ],
            "name": "Material #92",
            "pbrMetallicRoughness": {
                "baseColorFactor": [
                    1,
                    1,
                    1,
                    1
                ],
                "baseColorTexture": {
                    "index": 4,
                    "texCoord": 0
                },
                "metallicFactor": 0,
                "roughnessFactor": 0.9230769230769231
            }
        },
        {
            "emissiveFactor": [
                0,
                0,
                0
            ],
            "name": "Material #103",
            "pbrMetallicRoughness": {
                "baseColorFactor": [
                    1,
                    1,
                    1,
                    1
                ],
                "baseColorTexture": {
                    "index": 5,
                    "texCoord": 0
                },
                "metallicFactor": 0,
                "roughnessFactor": 0.9230769230769231
            }
        }
    ],
    "meshes": [
        {
            "name": "pudge_model_LOD0",
            "primitives": [
                {
                    "attributes": {
                        "JOINTS_0": 3,
                        "NORMAL": 1,
                        "POSITION": 0,
                        "TEXCOORD_0": 2,
                        "WEIGHTS_0": 4
                    },
                    "indices": 5,
                    "material": 0
                }
            ]
        },
        {
            "name": "righthook_model_LOD0",
            "primitives": [
                {
                    "attributes": {
                        "JOINTS_0": 10,
                        "NORMAL": 8,
                        "POSITION": 7,
                        "TEXCOORD_0": 9,
                        "WEIGHTS_0": 11
                    },
                    "indices": 12,
                    "material": 1
                }
            ]
        },
        {
            "name": "leftweapon_model_LOD0",
            "primitives": [
                {
                    "attributes": {
                        "JOINTS_0": 17,
                        "NORMAL": 15,
                        "POSITION": 14,
                        "TEXCOORD_0": 16,
                        "WEIGHTS_0": 18
                    },
                    "indices": 19,
                    "material": 2
                }
            ]
        },
        {
            "name": "leftarm_model_LOD0",
            "primitives": [
                {
                    "attributes": {
                        "JOINTS_0": 24,
                        "NORMAL": 22,
                        "POSITION": 21,
                        "TEXCOORD_0": 23,
                        "WEIGHTS_0": 25
                    },
                    "indices": 26,
                    "material": 3
                }
            ]
        },
        {
            "name": "back_model_LOD0",
            "primitives": [
                {
                    "attributes": {
                        "JOINTS_0": 31,
                        "NORMAL": 29,
                        "POSITION": 28,
                        "TEXCOORD_0": 30,
                        "WEIGHTS_0": 32
                    },
                    "indices": 33,
                    "material": 4
                }
            ]
        },
        {
            "name": "bracer_model_LOD0",
            "primitives": [
                {
                    "attributes": {
                        "JOINTS_0": 38,
                        "NORMAL": 36,
                        "POSITION": 35,
                        "TEXCOORD_0": 37,
                        "WEIGHTS_0": 39
                    },
                    "indices": 40,
                    "material": 5
                }
            ]
        }
    ],
    "nodes": [
        {
            "children": [
                1,
                34,
                35,
                36,
                40,
                44,
                45,
                46,
                47,
                49,
                52
            ],
            "matrix": [
                1.6292068478213574e-7,
                1.469367938527879e-39,
                1.0000000000000002,
                0,
                1.0000000000000002,
                6.123233995736847e-17,
                -1.6292068478213574e-7,
                0,
                -6.123233995736685e-17,
                1,
                9.976014756666736e-24,
                0,
                0,
                68.93380737304688,
                -8.640743255615234,
                1
            ],
            "name": "root"
        },
        {
            "children": [
                2,
                33
            ],
            "matrix": [
                1.0000000000000002,
                2.6469779601696886e-23,
                2.938735877055719e-39,
                0,
                -2.6469779601696886e-23,
                1.0000000000000002,
                1.7264614655009633e-33,
                0,
                0,
                -1.0599490178533205e-32,
                1,
                0,
                -9.5367431640625e-7,
                9.536743164062498e-7,
                25.142105102539062,
                1
            ],
            "name": "spine1"
        },
        {
            "children": [
                3
            ],
            "matrix": [
                6.123233995737069e-17,
                1.3914135612851409e-33,
                1.0000000000000493,
                0,
                -2.2252527287491822e-7,
                1,
                1.3625743176492528e-23,
                0,
                -1.0000000000000493,
                -2.225252728749292e-7,
                6.123233995737068e-17,
                0,
                9.5367431640625e-7,
                -4.235164736271502e-22,
                15.302841186523438,
                1
            ],
            "name": "spine2"
        },
        {
            "children": [
                4,
                16,
                19,
                20,
                21,
                22,
                30,
                31,
                32
            ],
            "matrix": [
                0.6319061517715455,
                4.3802121041380815e-8,
                -0.775044918060303,
                0,
                1.866533798975194e-8,
                1,
                7.173373006708046e-8,
                0,
                0.7750449180603045,
                -5.979546067174264e-8,
                0.6319061517715434,
                0,
                15.721595764160142,
                0.0000015014442169558606,
                0.00000762939453125,
                1
            ],
            "name": "spine3"
        },
        {
            "children": [
                5
            ],
            "matrix": [
                0.30480915307998674,
                0.8759701848030093,
                0.3738546371459962,
                0,
                0.12286363250874666,
                0.35308900201149307,
                -0.9274872200604266,
                0,
                -0.9444551933252586,
                0.3286397609881553,
                -1.192092851654003e-7,
                0,
                17.286712646484375,
                -21.06694602966309,
                17.80693817138672,
                1
            ],
            "name": "clavicle_R"
        },
        {
            "children": [
                6
            ],
            "matrix": [
                0.9956996440887451,
                -0.023724794387817383,
                -0.08955146372318268,
                0,
                -0.08389373831013038,
                -0.640946199569999,
                -0.7629875128499084,
                0,
                -0.0392959448341712,
                0.7672191309390106,
                -0.6401802051461289,
                0,
                -15.407436370849595,
                -5.965866088867173,
                -5.552772521972656,
                1
            ],
            "name": "bicep_R"
        },
        {
            "children": [
                7
            ],
            "matrix": [
                0.9821693301200869,
                5.960464484131012e-8,
                -0.18799868226051336,
                0,
                -1.8333375080645947e-7,
                0.9999999999999943,
                -6.40749929975426e-7,
                0,
                0.18799869326624657,
                6.637914719415106e-7,
                0.9821693876180073,
                0,
                -33.55647277832033,
                -4.9725341796875,
                0.8576526641845703,
                1
            ],
            "name": "elbow_R"
        },
        {
            "children": [
                8,
                9,
                12,
                14
            ],
            "matrix": [
                0.9787330031394964,
                0.1593222916126254,
                -0.12922129034996035,
                0,
                -0.17764880948635342,
                0.9732721886276064,
                -0.145539464176657,
                0,
                0.1025798222249408,
                0.16540030958956065,
                0.980877171878646,
                0,
                -26.82989501953124,
                0.6360321044921875,
                0.015439987182617188,
                1
            ],
            "name": "wrist_R"
        },
        {
            "matrix": [
                0.6853431463241575,
                -0.7083673477172853,
                0.16888162493705738,
                0,
                0.68704141800597,
                0.7058409354932139,
                0.17252051148401706,
                0,
                -0.24141135447229486,
                -0.002207078097523076,
                0.9704205252368479,
                0,
                -88.90066528320311,
                -10.036331176757812,
                -27.45754241943359,
                1
            ],
            "name": "weapon_rt_1"
        },
        {
            "children": [
                10
            ],
            "matrix": [
                0.6737635135650635,
                0.6166912317276001,
                -0.40710523724555947,
                0,
                0.2673866143240546,
                0.31012960917516497,
                0.9123182937601081,
                0,
                0.6888738614623688,
                -0.7235410401706205,
                0.04405902059891789,
                0,
                -6.306507110595701,
                -3.068161010742159,
                9.05188179016113,
                1
            ],
            "name": "thumb_0_R"
        },
        {
            "children": [
                11
            ],
            "matrix": [
                0.947655975818634,
                0.3192921280860903,
                2.2351741790771484e-8,
                0,
                -0.3192921643508667,
                0.9476560834521376,
                7.729977367920693e-8,
                0,
                3.499446982191401e-9,
                -8.039036986096093e-8,
                0.9999999403953538,
                0,
                -8.440536499023452,
                -0.000007629394524144573,
                -0.000007629394545460855,
                1
            ],
            "name": "thumb_1_R"
        },
        {
            "matrix": [
                1.0000001192092896,
                -2.980232227667301e-8,
                -5.662441253662109e-7,
                0,
                2.9801998202572122e-8,
                1.0000000000000036,
                -5.662441253800887e-7,
                0,
                5.662440747261632e-7,
                5.662441084769432e-7,
                0.9999999999998682,
                0,
                -6.5960845947265625,
                0,
                -0.00002288818359375,
                1
            ],
            "name": "thumb_2_R"
        },
        {
            "children": [
                13
            ],
            "matrix": [
                0.701388955116272,
                0.7000166177749633,
                0.13427494466304782,
                0,
                -0.41088228815233857,
                0.2431446393858842,
                0.8786673564900795,
                0,
                0.5824336898281027,
                -0.6714589736131177,
                0.4581635293511701,
                0,
                -21.56130981445312,
                -4.205703735351534,
                -8.26796531677246,
                1
            ],
            "name": "mid_0_R"
        },
        {
            "matrix": [
                0.301614820957184,
                0.0000014854595065116882,
                -0.9534298181533817,
                0,
                2.6541769961724304e-7,
                0.9999999403953741,
                0.0000016419806682099747,
                0,
                0.9534300719249443,
                -7.483030980900973e-7,
                0.3016149012359328,
                0,
                -9.626235961914062,
                -0.058650970458984375,
                -0.0047607421875,
                1
            ],
            "name": "mid_1_R"
        },
        {
            "children": [
                15
            ],
            "matrix": [
                0.7121402621269226,
                0.7011736631393432,
                -0.03480632603168482,
                0,
                -0.056608188094130235,
                0.10676983557603754,
                0.9926708950636982,
                0,
                0.6997509475530813,
                -0.7049505823834872,
                0.11572726832197079,
                0,
                -23.46661758422852,
                -2.3953399658203125,
                2.6839923858642565,
                1
            ],
            "name": "index_0_R"
        },
        {
            "matrix": [
                0.46677267551422164,
                -3.725290297074135e-8,
                -0.8843777179718021,
                0,
                1.1510038758211216e-7,
                1.0000001192092842,
                1.862643991823454e-8,
