{
    "accessors": {
        "attrbute_1": {
            "bufferView": "bufferView_37",
            "byteOffset": 0,
            "byteStride": 12,
            "count": 2070,
            "max": [
                65.18990325927734,
                51.04599380493164,
                174.22079467773438,
                0
            ],
            "min": [
                -103.84745788574219,
                -53.47855758666992,
                8.096017837524414,
                0
            ],
            "type": 35665
        },
        "attrbute_10": {
            "bufferView": "bufferView_37",
            "byteOffset": 131752,
            "byteStride": 16,
            "count": 236,
            "max": [
                0,
                -1,
                -1,
                -1
            ],
            "min": [
                0,
                -1,
                -1,
                -1
            ],
            "type": 35666
        },
        "attrbute_11": {
            "bufferView": "bufferView_37",
            "byteOffset": 135528,
            "byteStride": 12,
            "count": 236,
            "max": [
                1,
                0,
                0
            ],
            "min": [
                1,
                0,
                0
            ],
            "type": 35665
        },
        "attrbute_13": {
            "bufferView": "bufferView_37",
            "byteOffset": 138360,
            "byteStride": 12,
            "count": 261,
            "max": [
                149.32008361816406,
                37.23686599731445,
                129.16397094726562,
                0
            ],
            "min": [
                137.8226776123047,
                -15.53836727142334,
                3.68729829788208,
                0
            ],
            "type": 35665
        },
        "attrbute_14": {
            "bufferView": "bufferView_37",
            "byteOffset": 141492,
            "byteStride": 12,
            "count": 261,
            "max": [
                0.9997137784957886,
                0.9995745420455933,
                0.9988297820091248,
                0
            ],
            "min": [
                -0.9997043013572693,
                -0.9971292018890381,
                -0.9984936714172363,
                0
            ],
            "type": 35665
        },
        "attrbute_15": {
            "bufferView": "bufferView_37",
            "byteOffset": 144624,
            "byteStride": 8,
            "count": 261,
            "max": [
                1.980597972869873,
                0.976419985294342
            ],
            "min": [
                0.028436999768018723,
                0.022369980812072754
            ],
            "type": 35664
        },
        "attrbute_16": {
            "bufferView": "bufferView_37",
            "byteOffset": 146712,
            "byteStride": 16,
            "count": 261,
            "max": [
                0,
                -1,
                -1,
                -1
            ],
            "min": [
                0,
                -1,
                -1,
                -1
            ],
            "type": 35666
        },
        "attrbute_17": {
            "bufferView": "bufferView_37",
            "byteOffset": 150888,
            "byteStride": 12,
            "count": 261,
            "max": [
                1,
                0,
                0
            ],
            "min": [
                1,
                0,
                0
            ],
            "type": 35665
        },
        "attrbute_19": {
            "bufferView": "bufferView_37",
            "byteOffset": 154020,
            "byteStride": 12,
            "count": 338,
            "max": [
                103.8144302368164,
                29.696266174316406,
                170.17715454101562,
                0
            ],
            "min": [
                22.853721618652344,
                -14.999998092651367,
                84.203857421875,
                0
            ],
            "type": 35665
        },
        "attrbute_2": {
            "bufferView": "bufferView_37",
            "byteOffset": 24840,
            "byteStride": 12,
            "count": 2070,
            "max": [
                0.9992567300796509,
                0.9997413158416748,
                0.9995324611663818,
                0
            ],
            "min": [
                -0.9986035227775574,
                -0.9996846914291382,
                -0.9994772672653198,
                0
            ],
            "type": 35665
        },
        "attrbute_20": {
            "bufferView": "bufferView_37",
            "byteOffset": 158076,
            "byteStride": 12,
            "count": 338,
            "max": [
                0.9951823949813843,
                0.9999170303344727,
                0.9778236746788025,
                0
            ],
            "min": [
                -0.9979944229125977,
                -0.9969282746315002,
                -0.9992526769638062,
                0
            ],
            "type": 35665
        },
        "attrbute_21": {
            "bufferView": "bufferView_37",
            "byteOffset": 162132,
            "byteStride": 8,
            "count": 338,
            "max": [
                1.0012880563735962,
                0.9824000000953674
            ],
            "min": [
                0.008860999718308449,
                0.012710988521575928
            ],
            "type": 35664
        },
        "attrbute_22": {
            "bufferView": "bufferView_37",
            "byteOffset": 164836,
            "byteStride": 16,
            "count": 338,
            "max": [
                6,
                6,
                6,
                -1
            ],
            "min": [
                0,
                -1,
                -1,
                -1
            ],
            "type": 35666
        },
        "attrbute_23": {
            "bufferView": "bufferView_37",
            "byteOffset": 170244,
            "byteStride": 12,
            "count": 338,
            "max": [
                1,
                0.9312520623207092,
                0.7089909315109253
            ],
            "min": [
                0.06874795258045197,
                0,
                0
            ],
            "type": 35665
        },
        "attrbute_25": {
            "bufferView": "bufferView_37",
            "byteOffset": 174300,
            "byteStride": 12,
            "count": 208,
            "max": [
                31.757051467895508,
                41.79285430908203,
                160.95526123046875,
                0
            ],
            "min": [
                -31.708770751953125,
                18.22148895263672,
                134.45420837402344,
                0
            ],
            "type": 35665
        },
        "attrbute_26": {
            "bufferView": "bufferView_37",
            "byteOffset": 176796,
            "byteStride": 12,
            "count": 208,
            "max": [
                0.98936527967453,
                0.9894060492515564,
                0.9814698696136475,
                0
            ],
            "min": [
                -0.9898554086685181,
                -0.862459659576416,
                -0.7916918396949768,
                0
            ],
            "type": 35665
        },
        "attrbute_27": {
            "bufferView": "bufferView_37",
            "byteOffset": 179292,
            "byteStride": 8,
            "count": 208,
            "max": [
                1.3844770193099976,
                0.9584699869155884
            ],
            "min": [
                0.01775199919939041,
                0.7161059975624084
            ],
            "type": 35664
        },
        "attrbute_28": {
            "bufferView": "bufferView_37",
            "byteOffset": 180956,
            "byteStride": 16,
            "count": 208,
            "max": [
                3,
                3,
                -1,
                -1
            ],
            "min": [
                0,
                -1,
                -1,
                -1
            ],
            "type": 35666
        },
        "attrbute_29": {
            "bufferView": "bufferView_37",
            "byteOffset": 184284,
            "byteStride": 12,
            "count": 208,
            "max": [
                1,
                0.8447404503822327,
                0
            ],
            "min": [
                0.15525956451892853,
                0,
                0
            ],
            "type": 35665
        },
        "attrbute_3": {
            "bufferView": "bufferView_37",
            "byteOffset": 49680,
            "byteStride": 8,
            "count": 2070,
            "max": [
                1.5945539474487305,
                0.9909489750862122
            ],
            "min": [
                0.006756999995559454,
                0.001694023609161377
            ],
            "type": 35664
        },
        "attrbute_31": {
            "bufferView": "bufferView_37",
            "byteOffset": 186780,
            "byteStride": 12,
            "count": 58,
            "max": [
                -71.1044921875,
                20.903236389160156,
                141.89996337890625,
                0
            ],
            "min": [
                -97.22822570800781,
                -10.963386535644531,
                109.8580093383789,
                0
            ],
            "type": 35665
        },
        "attrbute_32": {
            "bufferView": "bufferView_37",
            "byteOffset": 187476,
            "byteStride": 12,
            "count": 58,
            "max": [
                0.9673115015029907,
                0.817543625831604,
                0.9982495903968811,
                0
            ],
            "min": [
                -0.9792801737785339,
                -0.840857982635498,
                -0.9958670139312744,
                0
            ],
            "type": 35665
        },
        "attrbute_33": {
            "bufferView": "bufferView_37",
            "byteOffset": 188172,
            "byteStride": 8,
            "count": 58,
            "max": [
                0.9950429797172546,
                0.9857810139656067
            ],
            "min": [
                0.02437799982726574,
                0.013055026531219482
            ],
            "type": 35664
        },
        "attrbute_34": {
            "bufferView": "bufferView_37",
            "byteOffset": 188636,
            "byteStride": 16,
            "count": 58,
            "max": [
                0,
                1,
                2,
                -1
            ],
            "min": [
                0,
                -1,
                -1,
                -1
            ],
            "type": 35666
        },
        "attrbute_35": {
            "bufferView": "bufferView_37",
            "byteOffset": 189564,
            "byteStride": 12,
            "count": 58,
            "max": [
                1,
                0.04654008895158768,
                0.0549689382314682
            ],
            "min": [
                0.9310002326965332,
                0,
                0
            ],
            "type": 35665
        },
        "attrbute_4": {
            "bufferView": "bufferView_37",
            "byteOffset": 66240,
            "byteStride": 16,
            "count": 2070,
            "max": [
                40,
                32,
                33,
                -1
            ],
            "min": [
                0,
                -1,
                -1,
                -1
            ],
            "type": 35666
        },
        "attrbute_5": {
            "bufferView": "bufferView_37",
            "byteOffset": 99360,
            "byteStride": 12,
            "count": 2070,
            "max": [
                1,
                0.9998796582221985,
                0.9962079524993896
            ],
            "min": [
                0.0001203473293571733,
                0,
                0
            ],
            "type": 35665
        },
        "attrbute_7": {
            "bufferView": "bufferView_37",
            "byteOffset": 124200,
            "byteStride": 12,
            "count": 236,
            "max": [
                22.72965431213379,
                29.004352569580078,
                7.036637306213379,
                0
            ],
            "min": [
                -32.49490737915039,
                -94.76982116699219,
                -5.6864447593688965,
                0
            ],
            "type": 35665
        },
        "attrbute_8": {
            "bufferView": "bufferView_37",
            "byteOffset": 127032,
            "byteStride": 12,
            "count": 236,
            "max": [
                0.9999508261680603,
                0.9956177473068237,
                0.9996429681777954,
                0
            ],
            "min": [
                -0.9996306896209717,
                -0.9981803297996521,
                -0.9998684525489807,
                0
            ],
            "type": 35665
        },
        "attrbute_9": {
            "bufferView": "bufferView_37",
            "byteOffset": 129864,
            "byteStride": 8,
            "count": 236,
            "max": [
                1.9822980165481567,
                0.9791730046272278
            ],
            "min": [
                0.014798999764025211,
                0.02942901849746704
            ],
            "type": 35664
        },
        "indices_12": {
            "bufferView": "bufferView_39",
            "byteOffset": 19584,
            "count": 882,
            "type": 5123
        },
        "indices_18": {
            "bufferView": "bufferView_39",
            "byteOffset": 21348,
            "count": 828,
            "type": 5123
        },
        "indices_24": {
            "bufferView": "bufferView_39",
            "byteOffset": 23004,
            "count": 1620,
            "type": 5123
        },
        "indices_30": {
            "bufferView": "bufferView_39",
            "byteOffset": 26244,
            "count": 864,
            "type": 5123
        },
        "indices_36": {
            "bufferView": "bufferView_39",
            "byteOffset": 27972,
            "count": 180,
            "type": 5123
        },
        "indices_6": {
            "bufferView": "bufferView_39",
            "byteOffset": 0,
            "count": 9792,
            "type": 5123
        }
    },
    "animations": {},
    "asset": {},
    "bufferViews": {
        "bufferView_37": {
            "buffer": "pudge.bin",
            "byteLength": 190260,
            "byteOffset": 0,
            "target": 34962
        },
        "bufferView_38": {
            "buffer": "pudge.bin",
            "byteLength": 5440,
            "byteOffset": 190260
        },
        "bufferView_39": {
            "buffer": "pudge.bin",
            "byteLength": 28332,
            "byteOffset": 195700,
            "target": 34963
        }
    },
    "buffers": {
        "pudge.bin": {
            "byteLength": 224032,
            "path": "pudge.bin"
        }
    },
    "cameras": {},
    "images": {
        "image_0": {
            "path": "textures/pudge_body_color.png"
        },
        "image_1": {
            "path": "textures/pudge_hook_color.png"
        },
        "image_2": {
            "path": "textures/pudge_cleaver_color.png"
        },
        "image_3": {
            "path": "textures/pudge_armleft_color.png"
        },
        "image_4": {
            "path": "textures/pudge_back_color.png"
        },
        "image_5": {
            "path": "textures/pudge_bracer_color.png"
        }
    },
    "lights": {},
    "materials": {
        "Material #103": {
            "instanceTechnique": {
                "technique": "technique_0",
                "values": {
                    "ambient": [
                        0.5879999995231628,
                        0.5879999995231628,
                        0.5879999995231628
                    ],
                    "diffuse": "Map #11",
                    "emission": [
                        0,
                        0,
                        0
                    ],
                    "shininess": 2,
                    "specular": [
                        0.8999999761581421,
                        0.8999999761581421,
                        0.8999999761581421
                    ],
                    "transparency": 1
                }
            },
            "name": "Material #103"
        },
        "Material #35": {
            "instanceTechnique": {
                "technique": "technique_0",
                "values": {
                    "ambient": [
                        0.5879999995231628,
                        0.5879999995231628,
                        0.5879999995231628
                    ],
                    "diffuse": "Map #14",
                    "emission": [
                        0,
                        0,
                        0
                    ],
                    "shininess": 2,
                    "specular": [
                        0.8999999761581421,
                        0.8999999761581421,
                        0.8999999761581421
                    ],
                    "transparency": 1
                }
            },
            "name": "Material #35"
        },
        "Material #46": {
            "instanceTechnique": {
                "technique": "technique_0",
                "values": {
                    "ambient": [
                        0.5879999995231628,
                        0.5879999995231628,
                        0.5879999995231628
                    ],
                    "diffuse": "Map #15",
                    "emission": [
                        0,
                        0,
                        0
                    ],
                    "shininess": 2,
                    "specular": [
                        0.8999999761581421,
                        0.8999999761581421,
                        0.8999999761581421
                    ],
                    "transparency": 1
                }
            },
            "name": "Material #46"
        },
        "Material #70": {
            "instanceTechnique": {
                "technique": "technique_0",
                "values": {
                    "ambient": [
                        0.5879999995231628,
                        0.5879999995231628,
                        0.5879999995231628
                    ],
                    "diffuse": "Map #13",
                    "emission": [
                        0,
                        0,
                        0
                    ],
                    "shininess": 2,
                    "specular": [
                        0.8999999761581421,
                        0.8999999761581421,
                        0.8999999761581421
                    ],
                    "transparency": 1
                }
            },
            "name": "Material #70"
        },
        "Material #81": {
            "instanceTechnique": {
                "technique": "technique_0",
                "values": {
                    "ambient": [
                        0.5879999995231628,
                        0.5879999995231628,
                        0.5879999995231628
                    ],
                    "diffuse": "Map #12",
                    "emission": [
                        0,
                        0,
                        0
                    ],
                    "shininess": 2,
                    "specular": [
                        0.8999999761581421,
                        0.8999999761581421,
                        0.8999999761581421
                    ],
                    "transparency": 1
                }
            },
            "name": "Material #81"
        },
        "Material #92": {
            "instanceTechnique": {
                "technique": "technique_0",
                "values": {
                    "ambient": [
                        0.5879999995231628,
                        0.5879999995231628,
                        0.5879999995231628
                    ],
                    "diffuse": "Map #10",
                    "emission": [
                        0,
                        0,
                        0
                    ],
                    "shininess": 2,
                    "specular": [
                        0.8999999761581421,
                        0.8999999761581421,
                        0.8999999761581421
                    ],
                    "transparency": 1
                }
            },
            "name": "Material #92"
        }
    },
    "meshes": {
        "back_model_LOD0-mesh": {
            "name": "back_model_LOD0-mesh",
            "primitives": [
                {
                    "attributes": {
                        "JOINT": "attrbute_28",
                        "NORMAL": "attrbute_26",
                        "POSITION": "attrbute_25",
                        "TEXCOORD_0": "attrbute_27",
                        "WEIGHT": "attrbute_29"
                    },
                    "indices": "indices_30",
                    "material": "Material #92"
                }
            ]
        },
        "bracer_model_LOD0-mesh": {
            "name": "bracer_model_LOD0-mesh",
            "primitives": [
                {
                    "attributes": {
                        "JOINT": "attrbute_34",
                        "NORMAL": "attrbute_32",
                        "POSITION": "attrbute_31",
                        "TEXCOORD_0": "attrbute_33",
                        "WEIGHT": "attrbute_35"
                    },
                    "indices": "indices_36",
                    "material": "Material #103"
                }
            ]
        },
        "leftarm_model_LOD0-mesh": {
            "name": "leftarm_model_LOD0-mesh",
            "primitives": [
                {
                    "attributes": {
                        "JOINT": "attrbute_22",
                        "NORMAL": "attrbute_20",
                        "POSITION": "attrbute_19",
                        "TEXCOORD_0": "attrbute_21",
                        "WEIGHT": "attrbute_23"
                    },
                    "indices": "indices_24",
                    "material": "Material #81"
                }
            ]
        },
        "leftweapon_model_LOD0-mesh": {
            "name": "leftweapon_model_LOD0-mesh",
            "primitives": [
                {
                    "attributes": {
                        "JOINT": "attrbute_16",
                        "NORMAL": "attrbute_14",
                        "POSITION": "attrbute_13",
                        "TEXCOORD_0": "attrbute_15",
                        "WEIGHT": "attrbute_17"
                    },
                    "indices": "indices_18",
                    "material": "Material #70"
                }
            ]
        },
        "pudge_model_LOD0-mesh": {
            "name": "pudge_model_LOD0-mesh",
            "primitives": [
                {
                    "attributes": {
                        "JOINT": "attrbute_4",
                        "NORMAL": "attrbute_2",
                        "POSITION": "attrbute_1",
                        "TEXCOORD_0": "attrbute_3",
                        "WEIGHT": "attrbute_5"
                    },
                    "indices": "indices_6",
                    "material": "Material #35"
                }
            ]
        },
        "righthook_model_LOD0-mesh": {
            "name": "righthook_model_LOD0-mesh",
            "primitives": [
                {
                    "attributes": {
                        "JOINT": "attrbute_10",
                        "NORMAL": "attrbute_8",
                        "POSITION": "attrbute_7",
                        "TEXCOORD_0": "attrbute_9",
                        "WEIGHT": "attrbute_11"
                    },
                    "indices": "indices_12",
                    "material": "Material #46"
                }
            ]
        }
    },
    "nodes": {
        "Knife_A": {
            "children": [],
            "jointId": "Knife_A",
            "matrix": [
                0.9999999999999999,
                2.3742653354474896e-7,
                -3.725291151113197e-7,
                0,
                -2.3742645545952721e-7,
                1,
                2.096083733249543e-7,
                0,
                3.7252916487788824e-7,
                -2.0960828487667516e-7,
                0.9999999999999999,
                0,
                16.469682693481445,
                47.10303115844726,
                4.913551330566406,
                1
            ],
            "name": "Knife_A"
        },
        "Knife_B": {
            "children": [],
            "jointId": "Knife_B",
            "matrix": [
                0.9999999999999999,
                2.3742653354474896e-7,
                -3.725291151113197e-7,
                0,
                -2.3742645545952721e-7,
                1,
                2.096083733249543e-7,
                0,
                3.7252916487788824e-7,
                -2.0960828487667516e-7,
                0.9999999999999999,
                0,
                10.812881469726559,
                49.413265228271484,
                6.863555908203125,
                1
            ],
            "name": "Knife_B"
        },
        "Knife_C": {
            "children": [],
            "jointId": "Knife_C",
            "matrix": [
                0.9999999999999999,
                2.3742653354474896e-7,
                -3.725291151113197e-7,
                0,
                -2.3742645545952721e-7,
                1,
                2.096083733249543e-7,
                0,
                3.7252916487788824e-7,
                -2.0960828487667516e-7,
                0.9999999999999999,
                0,
                -1.1324806213378906,
                47.212356567382805,
                9.0751953125,
                1
            ],
            "name": "Knife_C"
        },
        "ankle_L": {
            "children": [
                "toeBase_L"
            ],
            "jointId": "ankle_L",
            "matrix": [
                0.6533348560333252,
                -0.17164444923400884,
                0.7373549342155457,
                0,
                -0.0008315116405611958,
                0.9737961914698166,
                0.22742095930691716,
                0,
                -0.7570688721189432,
                -0.1491951392342655,
                0.6360721862800776,
                0,
                20.331680297851562,
                -0.000003814697265625,
                0.0000030994415260998665,
                1
            ],
            "name": "ankle_L"
        },
        "ankle_R": {
            "children": [
                "toeBase_R"
            ],
            "jointId": "ankle_R",
            "matrix": [
                0.6533349752426149,
                -0.17164459824562076,
                0.7373540401458741,
                0,
                -0.0008312055545542442,
                0.9737958440780348,
                0.22742107991604796,
                0,
                -0.757068080061153,
                -0.14919507391384199,
                0.6360723631876674,
                0,
                -20.331680297851566,
                -7.105427357601002e-15,
                0.000009536743162286143,
                1
            ],
            "name": "ankle_R"
        },
        "apron_R0C0": {
            "children": [
                "apron_R1C0"
            ],
            "jointId": "apron_R0C0",
            "matrix": [
                6.123233995736785e-17,
                3.0719370194191463e-33,
                -1.0000000000000029,
                0,
                0.7205483913421653,
                -0.6934045553207412,
                4.412086405439785e-17,
                0,
                -0.6934045553207399,
                -0.7205483913421639,
                -4.245878345938689e-17,
                0,
                30.857440948486328,
                -32.52072143554687,
                -5.323657989501953,
                1
            ],
            "name": "apron_R0C0"
        },
        "apron_R0C1": {
            "children": [
                "apron_R1C1"
            ],
            "jointId": "apron_R0C1",
            "matrix": [
                6.123233995736883e-17,
                2.8136059727786248e-33,
                -1.0000000000000189,
                0,
                0.9059118032455568,
                -0.4234662652015742,
                5.54710995077239e-17,
                0,
                -0.4234662652015708,
                -0.9059118032455495,
                -2.5929830311299397e-17,
                0,
                43.63220596313476,
                -5.590049743652344,
                -9.622879028320312,
                1
            ],
            "name": "apron_R0C1"
        },
        "apron_R1C0": {
            "children": [
                "apron_R2C0"
            ],
            "jointId": "apron_R1C0",
            "matrix": [
                1,
                1.0096664482261987e-7,
                -7.498091036950239e-10,
                0,
                -7.327126849150412e-8,
                0.7205483317375168,
                -0.6934044957160967,
                0,
                -6.947045173858558e-8,
                0.6934044957160933,
                0.7205483317375202,
                0,
                1.763702392578125,
                0.000007629394524144573,
                0.0000019073486363652137,
                1
            ],
            "name": "apron_R1C0"
        },
        "apron_R1C1": {
            "children": [
                "apron_R2C1"
            ],
            "jointId": "apron_R1C1",
            "matrix": [
                1,
                1.4210854715202007e-14,
                7.105427357601002e-15,
                0,
                -9.864872023166513e-15,
                0.9059118032455447,
                -0.4234662950038909,
                0,
                -1.2454708505439716e-14,
                0.42346629500389094,
                0.9059118032455445,
                0,
                2.8807334899902344,
                0.0000152587890625,
                0.000006675720216620107,
                1
            ],
            "name": "apron_R1C1"
        },
        "apron_R2C0": {
            "children": [],
            "jointId": "apron_R2C0",
            "matrix": [
                1,
                -3.552713678800501e-15,
                6.617444900424221e-23,
                0,
                2.559903343768861e-15,
                0.7205487489700316,
                0.6934043169021609,
                0,
                -2.463467057845905e-15,
                -0.6934043169021606,
                0.7205487489700318,
                0,
                15.720439910888672,
                0.000007629394534802714,
                -0.0000038146972585195726,
                1
            ],
            "name": "apron_R2C0"
        },
        "apron_R2C1": {
            "children": [],
            "jointId": "apron_R2C1",
            "matrix": [
                1,
                1.230495598747439e-7,
                4.914546641541728e-24,
                0,
                -1.1147206334335037e-7,
                0.9059119224548339,
                0.42346614599228016,
                0,
                5.2107322886203445e-8,
                -0.42346614599227494,
                0.9059119224548363,
                0,
                15.72043228149414,
                0,
                -0.00000667572021484375,
                1
            ],
            "name": "apron_R2C1"
        },
        "apron_tie_0": {
            "children": [
                "apron_tie_1"
            ],
            "jointId": "apron_tie_0",
            "matrix": [
                -0.9950371980667115,
                -3.242242882461991e-7,
                0.09950356930494306,
                0,
                -3.8831299308178883e-7,
                1.0000000000000002,
                -6.247171312247013e-7,
                0,
                -0.09950356930473006,
                -6.602553126571554e-7,
                -0.9950371980667329,
                0,
                -38.8085823059082,
                -0.000007629394531249998,
                12.942001342773438,
                1
            ],
            "name": "apron_tie_0"
        },
        "apron_tie_1": {
            "children": [],
            "jointId": "apron_tie_1",
            "matrix": [
                -0.15626637637615187,
                6.706224553188614e-7,
                0.987714886665344,
                0,
                -4.182577630630244e-7,
                1.0000000000000002,
                -7.451361625506e-7,
                0,
                -0.9877148866653999,
                -5.295591470690706e-7,
                -0.15626637637580107,
                0,
                -5.032878875732415,
                0.910789370536804,
                26.176464080810533,
                1
            ],
            "name": "apron_tie_1"
        },
        "back_model_LOD0": {
            "children": [],
            "instanceSkin": {
                "skeletons": [
                    "root"
                ],
                "skin": "skin_4",
                "sources": [
                    "back_model_LOD0-mesh"
                ]
            },
            "matrix": [
                1,
                0,
                0,
                0,
                0,
                1,
                0,
                0,
                0,
                0,
                1,
                0,
                0,
                0,
                0,
                1
            ],
            "name": "back_model_LOD0"
        },
        "backfat5_0": {
            "children": [],
            "jointId": "backfat5_0",
            "matrix": [
                0.301194369792938,
                -0.9516243338584904,
                -0.06077057495713234,
                0,
                0.9358394096596621,
                0.30722542156411586,
                -0.17267610069364708,
                0,
                0.18299305909405897,
                -0.004862430045499598,
                0.9831021988099058,
                0,
                -21.697647094726562,
                -28.200458526611328,
                19.761489868164062,
                1
            ],
            "name": "backfat5_0"
        },
        "backfat7_0": {
            "children": [],
            "jointId": "backfat7_0",
            "matrix": [
                0.6630783081054692,
                0.7467089295387269,
                -0.05246642231941226,
                0,
                -0.6985227169311352,
                0.6424351103769357,
                0.3151877242753074,
                0,
                0.26905978334377006,
                -0.1723451700274456,
                0.9475780184472901,
                0,
                -25.405158996582024,
                25.0844554901123,
                22.420242309570312,
                1
            ],
            "name": "backfat7_0"
        },
        "bicep_L": {
            "children": [
                "elbow_L"
            ],
            "jointId": "bicep_L",
            "matrix": [
                0.995699882507324,
                -0.023724794387817327,
                -0.08955162763595576,
                0,
                -0.08389380838043381,
                -0.64094684399713,
                -0.7629869480195093,
                0,
                -0.03929611398801301,
                0.7672186335052512,
                -0.6401808869887589,
                0,
                15.406013488769524,
                5.965248107910156,
                5.552223205566406,
                1
            ],
            "name": "bicep_L"
        },
        "bicep_R": {
            "children": [
                "elbow_R"
            ],
            "jointId": "bicep_R",
            "matrix": [
                0.9956996440887453,
                -0.023724794387817272,
                -0.08955146372318268,
                0,
                -0.08389373831013042,
                -0.6409461995699991,
                -0.7629875128499084,
                0,
                -0.03929594483417129,
                0.7672191309390107,
                -0.640180205146129,
                0,
                -15.407436370849602,
                -5.9658660888671875,
                -5.552772521972656,
                1
            ],
            "name": "bicep_R"
        },
        "booby_lf": {
            "children": [],
            "jointId": "booby_lf",
            "matrix": [
                0.618185043334961,
                0.6031713485717777,
                -0.5040154457092287,
                0,
                0.6319057265043628,
                1.0671341712368869e-7,
                0.7750451630296785,
                0,
                0.46748508360271734,
                -0.7976115632140861,
                -0.3811473580627462,
                0,
                28.7037811279297,
                30.482803344726566,
                -26.525299072265625,
                1
            ],
            "name": "booby_lf"
        },
        "booby_rt": {
            "children": [],
            "jointId": "booby_rt",
            "matrix": [
                -0.5793831348419191,
                0.6165426373481755,
                0.5330948233604432,
                0,
                0.644238670604429,
                -0.05423250580232317,
                0.7628993096478959,
                0,
                0.4992710961694004,
                0.785451412939253,
                -0.36577926526963594,
                0,
                27.88745880126953,
                -29.608451843261722,
                -27.848922729492188,
                1
            ],
            "name": "booby_rt"
        },
        "bracer_model_LOD0": {
            "children": [],
            "instanceSkin": {
                "skeletons": [
                    "root"
                ],
                "skin": "skin_5",
                "sources": [
                    "bracer_model_LOD0-mesh"
                ]
            },
            "matrix": [
                1,
                0,
                0,
                0,
                0,
                1,
                0,
                0,
                0,
                0,
                1,
                0,
                0,
                0,
                0,
                1
            ],
            "name": "bracer_model_LOD0"
        },
        "clavicle_L": {
            "children": [
                "bicep_L"
            ],
            "jointId": "clavicle_L",
            "matrix": [
                -0.30480909347534174,
                0.8759704232215884,
                -0.3738545775413514,
                0,
                -0.12286346283580546,
                0.3530889728692686,
                0.9274873669001399,
                0,
                0.9444552135440891,
                0.3286395761530709,
                2.9802322165650708e-8,
                0,
                17.286727905273438,
                21.066940307617188,
                17.806968688964844,
                1
            ],
            "name": "clavicle_L"
        },
        "clavicle_R": {
            "children": [
                "bicep_R"
