{
    "animations": {},
    "asset": {},
    "attributes": {
        "attribute_1": {
            "bufferView": "bufferView_25",
            "byteOffset": 0,
            "byteStride": 12,
            "count": 2259,
            "max": [
                1,
                1,
                1
            ],
            "min": [
                0,
                0,
                0
            ],
            "type": "FLOAT_VEC3"
        },
        "attribute_10": {
            "bufferView": "bufferView_25",
            "byteOffset": 142324,
            "byteStride": 16,
            "count": 212,
            "max": [
                1,
                1,
                1
            ],
            "min": [
                0,
                0,
                0
            ],
            "type": "FLOAT_VEC4"
        },
        "attribute_11": {
            "bufferView": "bufferView_25",
            "byteOffset": 145716,
            "byteStride": 12,
            "count": 212,
            "max": [
                1,
                1,
                1
            ],
            "min": [
                0,
                0,
                0
            ],
            "type": "FLOAT_VEC3"
        },
        "attribute_13": {
            "bufferView": "bufferView_25",
            "byteOffset": 148260,
            "byteStride": 12,
            "count": 260,
            "max": [
                1,
                1,
                1
            ],
            "min": [
                0,
                0,
                0
            ],
            "type": "FLOAT_VEC3"
        },
        "attribute_14": {
            "bufferView": "bufferView_25",
            "byteOffset": 151380,
            "byteStride": 12,
            "count": 260,
            "max": [
                1,
                1,
                1
            ],
            "min": [
                0,
                0,
                0
            ],
            "type": "FLOAT_VEC3"
        },
        "attribute_15": {
            "bufferView": "bufferView_25",
            "byteOffset": 154500,
            "byteStride": 8,
            "count": 260,
            "max": [
                1,
                1,
                1
            ],
            "min": [
                0,
                0,
                0
            ],
            "type": "FLOAT_VEC2"
        },
        "attribute_16": {
            "bufferView": "bufferView_25",
            "byteOffset": 156580,
            "byteStride": 16,
            "count": 260,
            "max": [
                1,
                1,
                1
            ],
            "min": [
                0,
                0,
                0
            ],
            "type": "FLOAT_VEC4"
        },
        "attribute_17": {
            "bufferView": "bufferView_25",
            "byteOffset": 160740,
            "byteStride": 12,
            "count": 260,
            "max": [
                1,
                1,
                1
            ],
            "min": [
                0,
                0,
                0
            ],
            "type": "FLOAT_VEC3"
        },
        "attribute_19": {
            "bufferView": "bufferView_25",
            "byteOffset": 163860,
            "byteStride": 12,
            "count": 462,
            "max": [
                1,
                1,
                1
            ],
            "min": [
                0,
                0,
                0
            ],
            "type": "FLOAT_VEC3"
        },
        "attribute_2": {
            "bufferView": "bufferView_25",
            "byteOffset": 27108,
            "byteStride": 12,
            "count": 2259,
            "max": [
                1,
                1,
                1
            ],
            "min": [
                0,
                0,
                0
            ],
            "type": "FLOAT_VEC3"
        },
        "attribute_20": {
            "bufferView": "bufferView_25",
            "byteOffset": 169404,
            "byteStride": 12,
            "count": 462,
            "max": [
                1,
                1,
                1
            ],
            "min": [
                0,
                0,
                0
            ],
            "type": "FLOAT_VEC3"
        },
        "attribute_21": {
            "bufferView": "bufferView_25",
            "byteOffset": 174948,
            "byteStride": 8,
            "count": 462,
            "max": [
                1,
                1,
                1
            ],
            "min": [
                0,
                0,
                0
            ],
            "type": "FLOAT_VEC2"
        },
        "attribute_22": {
            "bufferView": "bufferView_25",
            "byteOffset": 178644,
            "byteStride": 16,
            "count": 462,
            "max": [
                1,
                1,
                1
            ],
            "min": [
                0,
                0,
                0
            ],
            "type": "FLOAT_VEC4"
        },
        "attribute_23": {
            "bufferView": "bufferView_25",
            "byteOffset": 186036,
            "byteStride": 12,
            "count": 462,
            "max": [
                1,
                1,
                1
            ],
            "min": [
                0,
                0,
                0
            ],
            "type": "FLOAT_VEC3"
        },
        "attribute_3": {
            "bufferView": "bufferView_25",
            "byteOffset": 54216,
            "byteStride": 8,
            "count": 2259,
            "max": [
                1,
                1,
                1
            ],
            "min": [
                0,
                0,
                0
            ],
            "type": "FLOAT_VEC2"
        },
        "attribute_4": {
            "bufferView": "bufferView_25",
            "byteOffset": 72288,
            "byteStride": 16,
            "count": 2259,
            "max": [
                1,
                1,
                1
            ],
            "min": [
                0,
                0,
                0
            ],
            "type": "FLOAT_VEC4"
        },
        "attribute_5": {
            "bufferView": "bufferView_25",
            "byteOffset": 108432,
            "byteStride": 12,
            "count": 2259,
            "max": [
                1,
                1,
                1
            ],
            "min": [
                0,
                0,
                0
            ],
            "type": "FLOAT_VEC3"
        },
        "attribute_7": {
            "bufferView": "bufferView_25",
            "byteOffset": 135540,
            "byteStride": 12,
            "count": 212,
            "max": [
                1,
                1,
                1
            ],
            "min": [
                0,
                0,
                0
            ],
            "type": "FLOAT_VEC3"
        },
        "attribute_8": {
            "bufferView": "bufferView_25",
            "byteOffset": 138084,
            "byteStride": 12,
            "count": 212,
            "max": [
                1,
                1,
                1
            ],
            "min": [
                0,
                0,
                0
            ],
            "type": "FLOAT_VEC3"
        },
        "attribute_9": {
            "bufferView": "bufferView_25",
            "byteOffset": 140628,
            "byteStride": 8,
            "count": 212,
            "max": [
                1,
                1,
                1
            ],
            "min": [
                0,
                0,
                0
            ],
            "type": "FLOAT_VEC2"
        }
    },
    "bufferViews": {
        "bufferView_25": {
            "buffer": "earthshaker.bin",
            "byteLength": 191580,
            "byteOffset": 0,
            "target": "ARRAY_BUFFER"
        },
        "bufferView_26": {
            "buffer": "earthshaker.bin",
            "byteLength": 36168,
            "byteOffset": 191580,
            "target": "ELEMENT_ARRAY_BUFFER"
        }
    },
    "buffers": {
        "earthshaker.bin": {
            "byteLength": 227748,
            "path": "earthshaker.bin"
        }
    },
    "cameras": {},
    "images": {
        "image_0": {
            "path": "textures/earthshaker_color.png"
        },
        "image_1": {
            "path": "textures/bracers_color.png"
        },
        "image_2": {
            "path": "textures/belt_color.png"
        },
        "image_3": {
            "path": "textures/totem_color.png"
        }
    },
    "indices": {
        "indices_12": {
            "bufferView": "bufferView_26",
            "byteOffset": 26508,
            "count": 900,
            "type": "UNSIGNED_SHORT"
        },
        "indices_18": {
            "bufferView": "bufferView_26",
            "byteOffset": 28308,
            "count": 1410,
            "type": "UNSIGNED_SHORT"
        },
        "indices_24": {
            "bufferView": "bufferView_26",
            "byteOffset": 31128,
            "count": 2520,
            "type": "UNSIGNED_SHORT"
        },
        "indices_6": {
            "bufferView": "bufferView_26",
            "byteOffset": 0,
            "count": 13254,
            "type": "UNSIGNED_SHORT"
        }
    },
    "lights": {},
    "materials": {
        "Material #35": {
            "instanceTechnique": {
                "technique": "technique_0",
                "values": [
                    {
                        "parameter": "ambient",
                        "value": [
                            0.5879999995231628,
                            0.5879999995231628,
                            0.5879999995231628
                        ]
                    },
                    {
                        "parameter": "emission",
                        "value": [
                            0,
                            0,
                            0
                        ]
                    },
                    {
                        "parameter": "diffuse",
                        "value": "Map #7"
                    },
                    {
                        "parameter": "shininess",
                        "value": 2
                    },
                    {
                        "parameter": "specular",
                        "value": [
                            0.8999999761581421,
                            0.8999999761581421,
                            0.8999999761581421
                        ]
                    }
                ]
            },
            "name": "Material #35"
        },
        "Material #46": {
            "instanceTechnique": {
                "technique": "technique_0",
                "values": [
                    {
                        "parameter": "ambient",
                        "value": [
                            0.5879999995231628,
                            0.5879999995231628,
                            0.5879999995231628
                        ]
                    },
                    {
                        "parameter": "emission",
                        "value": [
                            0,
                            0,
                            0
                        ]
                    },
                    {
                        "parameter": "diffuse",
                        "value": "Map #6"
                    },
                    {
                        "parameter": "shininess",
                        "value": 2
                    },
                    {
                        "parameter": "specular",
                        "value": [
                            0.8999999761581421,
                            0.8999999761581421,
                            0.8999999761581421
                        ]
                    }
                ]
            },
            "name": "Material #46"
        },
        "Material #57": {
            "instanceTechnique": {
                "technique": "technique_0",
                "values": [
                    {
                        "parameter": "ambient",
                        "value": [
                            0.5879999995231628,
                            0.5879999995231628,
                            0.5879999995231628
                        ]
                    },
                    {
                        "parameter": "emission",
                        "value": [
                            0,
                            0,
                            0
                        ]
                    },
                    {
                        "parameter": "diffuse",
                        "value": "Map #5"
                    },
                    {
                        "parameter": "shininess",
                        "value": 2
                    },
                    {
                        "parameter": "specular",
                        "value": [
                            0.8999999761581421,
                            0.8999999761581421,
                            0.8999999761581421
                        ]
                    }
                ]
            },
            "name": "Material #57"
        },
        "Material #68": {
            "instanceTechnique": {
                "technique": "technique_0",
                "values": [
                    {
                        "parameter": "ambient",
                        "value": [
                            0.5879999995231628,
                            0.5879999995231628,
                            0.5879999995231628
                        ]
                    },
                    {
                        "parameter": "emission",
                        "value": [
                            0,
                            0,
                            0
                        ]
                    },
                    {
                        "parameter": "diffuse",
                        "value": "Map #8"
                    },
                    {
                        "parameter": "shininess",
                        "value": 2
                    },
                    {
                        "parameter": "specular",
                        "value": [
                            0.8999999761581421,
                            0.8999999761581421,
                            0.8999999761581421
                        ]
                    }
                ]
            },
            "name": "Material #68"
        }
    },
    "meshes": {
        "belt_model_LOD0-mesh": {
            "name": "belt_model_LOD0-mesh",
            "primitives": [
                {
                    "indices": "indices_18",
                    "material": "Material #57",
                    "semantics": {
                        "JOINT": "attribute_16",
                        "NORMAL": "attribute_14",
                        "POSITION": "attribute_13",
                        "TEXCOORD_0": "attribute_15",
                        "WEIGHT": "attribute_17"
                    },
                    "skin": "skin_2"
                }
            ]
        },
        "bracers_model_LOD0-mesh": {
            "name": "bracers_model_LOD0-mesh",
            "primitives": [
                {
                    "indices": "indices_12",
                    "material": "Material #46",
                    "semantics": {
                        "JOINT": "attribute_10",
                        "NORMAL": "attribute_8",
                        "POSITION": "attribute_7",
                        "TEXCOORD_0": "attribute_9",
                        "WEIGHT": "attribute_11"
                    },
                    "skin": "skin_1"
                }
            ]
        },
        "earthshaker_model_LOD0-mesh": {
            "name": "earthshaker_model_LOD0-mesh",
            "primitives": [
                {
                    "indices": "indices_6",
                    "material": "Material #35",
                    "semantics": {
                        "JOINT": "attribute_4",
                        "NORMAL": "attribute_2",
                        "POSITION": "attribute_1",
                        "TEXCOORD_0": "attribute_3",
                        "WEIGHT": "attribute_5"
                    },
                    "skin": "skin_0"
                }
            ]
        },
        "totem_model_LOD0-mesh": {
            "name": "totem_model_LOD0-mesh",
            "primitives": [
                {
                    "indices": "indices_24",
                    "material": "Material #68",
                    "semantics": {
                        "JOINT": "attribute_22",
                        "NORMAL": "attribute_20",
                        "POSITION": "attribute_19",
                        "TEXCOORD_0": "attribute_21",
                        "WEIGHT": "attribute_23"
                    },
                    "skin": "skin_3"
                }
            ]
        }
    },
    "nodes": {
        "Flap_Left_R0C0": {
            "children": [
                "Flap_Left_R1C0"
            ],
            "matrix": [
                -0.5523120164871217,
                0.10433675348758685,
                -0.8270822763442992,
                0,
                -0.5831051307650583,
                0.6606896418462811,
                0.472734326526895,
                0,
                0.595768327598484,
                0.7433728551053191,
                -0.30406756768404175,
                0,
                -7.385913848876953,
                18.399995803833004,
                19.47964859008789,
                1
            ],
            "name": "Flap_Left_R0C0"
        },
        "Flap_Left_R1C0": {
            "children": [
                "Flap_Left_R2C0"
            ],
            "matrix": [
                0.9999999403953552,
                0,
                -1.7881393432617188e-7,
                0,
                -1.3378187446733136e-14,
                0.9999998211860651,
                -7.450580616352731e-8,
                0,
                1.7881393427066072e-7,
                7.45058148232669e-8,
                0.9999999403953528,
                0,
                7.258441925048832,
                0.000007629394545460855,
                0,
                1
            ],
            "name": "Flap_Left_R1C0"
        },
        "Flap_Left_R2C0": {
            "children": [],
            "matrix": [
                1.0000001192092896,
                2.9802322443206464e-8,
                2.9802322387695312e-8,
                0,
                -2.9802328382899645e-8,
                1.0000002384185804,
                7.450580596923828e-8,
                0,
                -2.980232005622696e-8,
                -7.450579811441038e-8,
                1.0000001192092904,
                0,
                19.50248146057129,
                0,
                -0.00000762939453125,
                1
            ],
            "name": "Flap_Left_R2C0"
        },
        "Flap_Right_R0C0": {
            "children": [
                "Flap_Right_R1C0"
            ],
            "matrix": [
                -0.5523120164871216,
                -0.1043373867869378,
                -0.8270823359489443,
                0,
                -0.5461957682182593,
                -0.7042268927218626,
                0.4535796057143715,
                0,
                -0.6297789504117602,
                0.7022663565765858,
                0.3319643445830116,
                0,
                -7.385906219482422,
                -18.40000343322754,
                19.47964859008789,
                1
            ],
            "name": "Flap_Right_R0C0"
        },
        "Flap_Right_R1C0": {
            "children": [
                "Flap_Right_R2C0"
            ],
            "matrix": [
                0.9999999999999996,
                -2.980232233218416e-8,
                2.9802322443206464e-8,
                0,
                2.980232988170073e-8,
                1.000000357627868,
                1.0430812830142244e-7,
                0,
                -2.9802339707174497e-8,
                -1.0430814001427535e-7,
                1.0000004768371544,
                0,
                7.2584571838378835,
                0,
                -0.000003814697265625,
                1
            ],
            "name": "Flap_Right_R1C0"
        },
        "Flap_Right_R2C0": {
            "children": [],
            "matrix": [
                0.9999997615814208,
                -1.1102230246251565e-16,
                -1.1102230246251565e-16,
                0,
                1.1102230246251565e-16,
                0.9999995827674873,
                2.980232241545089e-8,
                0,
                1.6653345369377348e-16,
                -2.98023242195633e-8,
                0.9999996423721326,
                0,
                19.502481460571296,
                -0.00000762939453125,
                0.000011444091789769573,
                1
            ],
            "name": "Flap_Right_R2C0"
        },
        "ankle_L": {
            "children": [],
            "matrix": [
                0.25500118732452404,
                -0.39926683902740484,
                0.8806589245796205,
                0,
                -0.12714943932327102,
                0.8890141494376744,
                0.4398719146309818,
                0,
                -0.958544182339587,
                -0.22414307150994162,
                0.1759330481115609,
                0,
                24.259536743164066,
                -0.000011444091796875,
                0.000011444091796875,
                1
            ],
            "name": "ankle_L"
        },
        "ankle_R": {
            "children": [],
            "matrix": [
                0.25500157475471513,
                -0.399267017841339,
                0.8806589841842658,
                0,
                -0.12714934576442485,
                0.8890137295128993,
                0.43987190383392394,
                0,
                -0.9585442646867591,
                -0.22414324031745542,
                0.17593335969869645,
                0,
                -24.259525299072266,
                -0.000003814697265625,
                0.000030517578121447286,
                1
            ],
            "name": "ankle_R"
        },
        "beard_R0C0": {
            "children": [
                "beard_R1C0"
            ],
            "matrix": [
                -0.19533006846904763,
                2.7942189719231316e-7,
                -0.9807372689247131,
                0,
                2.7555129006029163e-8,
                0.9999999999999999,
                2.7942198246157286e-7,
                0,
                0.9807372689247149,
                2.7555172999732457e-8,
                -0.19533006846904008,
                0,
                5.7609786987304545,
                -0.0000015512132449657673,
                -15.855751037597656,
                1
            ],
            "name": "beard_R0C0"
        },
        "beard_R1C0": {
            "children": [
                "beard_R2C0"
            ],
            "matrix": [
                0.9494330883026123,
                -4.5272497573023413e-7,
                0.31397014856338507,
                0,
                1.613440505254647e-7,
                0.9999999999999999,
                9.540384553473504e-7,
                0,
                -0.31397014856375255,
                -8.551384615064147e-7,
                0.9494330883024911,
                0,
                3.378631591796875,
                0.000003814699084614407,
                -0.036994934082038355,
                1
            ],
            "name": "beard_R1C0"
        },
        "beard_R2C0": {
            "children": [],
            "matrix": [
                0.9999998211860653,
                -9.769962583614153e-15,
                -2.384185789905402e-7,
                0,
                2.4481289452842007e-14,
                0.9999999999999994,
                6.170375854708242e-8,
                0,
                2.3841857915707365e-7,
                -6.170374751359668e-8,
                0.9999998211860653,
                0,
                20.37858963012696,
                0.0000038146899896673723,
                0.00002288818359375,
                1
            ],
            "name": "beard_R2C0"
        },
        "belt_model_LOD0": {
            "children": [],
            "matrix": [
                1,
                0,
                0,
                0,
                0,
                1,
                0,
                0,
                0,
                0,
                1,
                0,
                0,
                0,
                0,
                1
            ],
            "meshes": [
                "belt_model_LOD0-mesh"
            ],
            "name": "belt_model_LOD0"
        },
        "bicep_L": {
            "children": [
                "elbow_L"
            ],
            "matrix": [
                0.6172721385955808,
                -0.7083790898323057,
                -0.3423072099685668,
                0,
                -0.7704750737793317,
                -0.6323257621964564,
                -0.08082344694595167,
                0,
                -0.15919604659502254,
                0.3136292720963241,
                -0.9361056183404923,
                0,
                20.12337684631348,
                -0.00000762939453125,
                -1.7763568394002505e-15,
                1
            ],
            "name": "bicep_L"
        },
        "bicep_R": {
            "children": [
                "elbow_R"
            ],
            "matrix": [
                0.6660377979278567,
                -0.675926923751831,
                -0.31546235084533697,
                0,
                -0.7435954619225591,
                -0.6350112483793406,
                -0.20934822861181793,
                0,
                -0.058818031586892486,
                0.37401017082447596,
                -0.9255576003648676,
                0,
                -20.123376846313477,
                -0.000007629394545460855,
                0,
                1
            ],
            "name": "bicep_R"
        },
        "bracers_model_LOD0": {
            "children": [],
            "matrix": [
                1,
                0,
                0,
                0,
                0,
                1,
                0,
                0,
                0,
                0,
                1,
                0,
                0,
                0,
                0,
                1
            ],
            "meshes": [
                "bracers_model_LOD0-mesh"
            ],
            "name": "bracers_model_LOD0"
        },
        "clavicle_L": {
            "children": [
                "bicep_L"
            ],
            "matrix": [
                0.28684189915657043,
                0.9291678667068478,
                -0.2331712543964386,
                0,
                0.0687796662456427,
                0.2227963451466108,
                0.9724358836861732,
                0,
                0.9555057739408008,
                -0.29497276436085107,
                -5.289912181488665e-7,
                0,
                5.390398025512695,
                11.293956756591797,
                9.768806457519531,
                1
            ],
            "name": "clavicle_L"
        },
        "clavicle_R": {
            "children": [
                "bicep_R"
            ],
            "matrix": [
                -0.28684207797050487,
                0.9291673302650453,
                0.23317286372184753,
                0,
                -0.06877910511401254,
                0.22279820808019404,
                -0.9724354455415976,
                0,
                -0.9555057249960283,
                -0.29497281923727026,
                -6.034970104068504e-7,
                0,
                5.390390396118162,
                -11.293966293334963,
                9.768791198730483,
                1
            ],
            "name": "clavicle_R"
        },
        "ear0_0_L": {
            "children": [],
            "matrix": [
                0.9834715723991395,
                -4.051663531465989e-14,
                -0.18106144666671745,
                0,
                4.250570664822136e-14,
                1,
                7.105427384070781e-15,
                0,
                0.18106144666671745,
                -1.4684130496657632e-14,
                0.9834715723991393,
                0,
                1.3096847534179545,
                13.288200378417969,
                2.0609893798828267,
                1
            ],
            "name": "ear0_0_L"
        },
        "ear1_0_R": {
            "children": [],
            "matrix": [
                0.9834715723991395,
                -4.051663531465989e-14,
                -0.18106144666671745,
                0,
                4.250570664822136e-14,
                1,
                7.105427384070781e-15,
                0,
                0.18106144666671745,
                -1.4684130496657632e-14,
                0.9834715723991393,
                0,
                1.3096847534179616,
                -13.288204193115238,
                2.0609817504882812,
                1
            ],
            "name": "ear1_0_R"
        },
        "earthshaker_model_LOD0": {
            "children": [],
            "matrix": [
                1,
                0,
                0,
                0,
                0,
                1,
                0,
                0,
                0,
                0,
                1,
                0,
                0,
                0,
                0,
                1
            ],
            "meshes": [
                "earthshaker_model_LOD0-mesh"
            ],
            "name": "earthshaker_model_LOD0"
        },
        "elbow_L": {
            "children": [
                "wrist_L"
            ],
            "matrix": [
                0.4573681354522702,
                2.980232238769531e-7,
                -0.8892774581909175,
                0,
                1.306630691422228e-7,
                0.999999761581434,
                4.0233143641654756e-7,
                0,
                0.8892775282205835,
                -3.0020939600916563e-7,
                0.45736817146943,
                0,
                47.27156066894531,
                0,
                -0.000020980834953832073,
                1
            ],
            "name": "elbow_L"
        },
        "elbow_R": {
            "children": [
                "wrist_R"
            ],
            "matrix": [
                0.4870232343673709,
                -5.066394805908203e-7,
                -0.8733896017074585,
                0,
                3.722135111239311e-7,
                0.9999999999999665,
                -3.725288829081741e-7,
                0,
                0.8733894705467231,
                -1.4365716743958146e-7,
                0.4870231612290453,
                0,
                -47.27155685424804,
                0,
                -0.000003814697272730427,
                1
            ],
            "name": "elbow_R"
        },
        "head": {
            "children": [
                "ear0_0_L",
                "ear1_0_R",
                "beard_R0C0"
            ],
            "matrix": [
                0.8793714046478273,
                -4.193169615973602e-7,
                -0.4761364459991455,
                0,
                2.4979759298700935e-7,
                0.9999999999999998,
                -4.1931699001904587e-7,
                0,
                0.47613644599923766,
                2.4979763236172766e-7,
                0.879371404647778,
                0,
                12.333793640136719,
                4.547473491923982e-13,
                -0.00000762939453125,
                1
            ],
            "name": "head"
        },
        "index_0_L": {
            "children": [
                "index_1_L"
            ],
            "matrix": [
                0.8113065361976629,
                0.5836849212646488,
                -0.03306935727596284,
                0,
                -0.0676862621179186,
                0.14996616561352288,
                0.9863718375060233,
                0,
                0.5806896855340538,
                -0.7980116223844268,
                0.16117598996968313,
                0,
                16.915891647338867,
                -2.763328552246101,
                -7.112800598144538,
                1
            ],
            "name": "index_0_L"
        },
        "index_0_R": {
            "children": [
                "index_1_R"
            ],
            "matrix": [
                0.6389377713203432,
                0.7658256888389589,
                -0.07258940488100049,
                0,
                -0.0676863399839497,
                0.1499655781060575,
                0.9863716757894094,
                0,
                0.7662746524913787,
                -0.6253167865299379,
                0.14765460486731713,
                0,
                -16.91586303710937,
                2.7633323669433523,
                7.112794876098633,
                1
            ],
            "name": "index_0_R"
        },
        "index_1_L": {
            "children": [
                "index_2_L"
            ],
            "matrix": [
                0.7371091842651366,
                2.6635825604512386e-7,
                -0.6757732629776001,
                0,
                -2.793879080587036e-7,
                0.9999999403953235,
                8.940698080495135e-8,
                0,
                0.6757732580365161,
                1.2290017807614628e-7,
                0.7371091788756283,
                0,
                7.769382476806641,
                0.0000019073486310361432,
                -0.00000762939453125,
                1
            ],
            "name": "index_1_L"
        },
        "index_1_R": {
            "children": [
                "index_2_R"
            ],
            "matrix": [
                0.7371087670326233,
                -7.385388017273203e-7,
                -0.6757739782333374,
                0,
                0.000001350301183533631,
                0.9999996423721189,
                3.7997956578439407e-7,
                0,
                0.675773953483783,
                -0.0000011925850545713157,
                0.7371087400380459,
                0,
                -7.769439697265618,
                0.000028610229499292927,
                -0.00002288818359375,
                1
            ],
            "name": "index_1_R"
        },
        "index_2_L": {
            "children": [],
            "matrix": [
                0.9999999403953552,
                -4.768371582378195e-7,
                -1.0430812838468917e-7,
                0,
                4.7683714297572233e-7,
                0.9999998807907139,
                1.2665987016158287e-7,
                0,
                1.0430809901929017e-7,
                -1.266599651550404e-7,
                1.0000002384186069,
                0,
                11.528911590576165,
                -9.536743128535363e-7,
                0.000004768371582919428,
                1
            ],
            "name": "index_2_L"
        },
        "index_2_R": {
            "children": [],
            "matrix": [
                0.9999998807907102,
                -6.426125753224154e-8,
                -7.450580624679404e-9,
                0,
                6.426126899876372e-8,
                0.999999999999998,
                4.91738319438606e-7,
                0,
                7.4505490110787775e-9,
                -4.917382612212862e-7,
                0.9999998807906961,
                0,
                -11.528938293457024,
                -0.0000171661376953125,
                0.00001907348632723682,
                1
            ],
            "name": "index_2_R"
        },
        "joint8": {
            "children": [],
            "matrix": [
                -2.82129974432503e-7,
                1.0000000000000002,
                -4.470348713425666e-8,
                0,
                -0.9990561604499817,
                -2.838054815522527e-7,
                -0.04343716055154798,
                0,
                -0.0434371605515572,
                3.240636921924424e-8,
                0.9990561604499815,
                0,
                -13.168300628662102,
                4.5474735003943117e-13,
                11.803333282470703,
                1
            ],
            "name": "joint8"
        },
        "knee_L": {
            "children": [
                "ankle_L"
            ],
            "matrix": [
                0.5696210861206055,
                -2.6449561123242926e-7,
                -0.8219075798988345,
                0,
                5.313100312487329e-8,
                1.0000001192092915,
                -2.849847216719603e-7,
                0,
                0.8219076201636875,
                1.1866452427275465e-7,
                0.5696211140260277,
                0,
                26.994518280029297,
                0.000003814697272730427,
                -0.000011444091798651357,
                1
            ],
            "name": "knee_L"
        },
        "knee_R": {
            "children": [
                "ankle_R"
            ],
            "matrix": [
                0.5696215629577641,
                -2.7194619178078083e-7,
                -0.8219075798988342,
                0,
                1.1727561226998473e-7,
                1.0000003576278675,
                -2.495944513604409e-7,
                0,
                0.8219077565042159,
                4.5784660378939135e-8,
                0.5696216853537892,
                0,
                -26.994537353515625,
                0.000007629394538355427,
                0.000001907348634588857,
                1
            ],
            "name": "knee_R"
        },
        "loincloth1_0": {
            "children": [],
            "matrix": [
                0.7800844311714173,
                3.719732148965704e-7,
                -0.6256742477416991,
                0,
                0.6256742477416255,
                2.5463332069154673e-7,
                0.7800844311714765,
                0,
                4.4948803229967294e-7,
                -1.0000000000000002,
                -3.409857282559623e-8,
                0,
                18.294187545776364,
                0.0000019073486328124992,
                -5.8325653076171875,
                1
            ],
            "name": "loincloth1_0"
        },
        "mid_0_L": {
            "children": [
                "mid_1_L"
            ],
            "matrix": [
                0.8112823367118837,
                0.5837391018867492,
                -0.03271216899156566,
                0,
                -0.06695416304337048,
                0.14834492636465643,
                0.9866665902670131,
                0,
                0.5808085649638015,
                -0.7982749766787594,
                0.15943338463214793,
                0,
                16.51977348327637,
                -1.4644851684570241,
                5.732997894287102,
                1
            ],
            "name": "mid_0_L"
        },
        "mid_0_R": {
            "children": [
