{
    "accessors": [
        {
            "bufferView": 0,
            "byteOffset": 0,
            "componentType": 5126,
            "count": 2691,
            "max": [
                72.09516143798828,
                86.72893524169922,
                124.96073913574219
            ],
            "min": [
                -73.07341003417969,
                -63.37736892700195,
                0.526313841342926
            ],
            "type": "VEC3"
        },
        {
            "bufferView": 0,
            "byteOffset": 32292,
            "componentType": 5126,
            "count": 2691,
            "max": [
                0.9999992847442627,
                0.9995777606964111,
                0.9980831146240234
            ],
            "min": [
                -0.9999992847442627,
                -0.9999570250511169,
                -0.9998518824577332
            ],
            "type": "VEC3"
        },
        {
            "bufferView": 0,
            "byteOffset": 64584,
            "componentType": 5126,
            "count": 2691,
            "max": [
                1.9983329772949219,
                0.9953449964523315
            ],
            "min": [
                0.010665000416338444,
                0.0046340227127075195
            ],
            "type": "VEC2"
        },
        {
            "bufferView": 0,
            "byteOffset": 86112,
            "componentType": 5123,
            "count": 2691,
            "max": [
                40,
                43,
                43,
                0
            ],
            "min": [
                0,
                0,
                0,
                0
            ],
            "type": "VEC4"
        },
        {
            "bufferView": 0,
            "byteOffset": 107640,
            "componentType": 5126,
            "count": 2691,
            "max": [
                1,
                0.9994007349014282,
                0.9671944975852966,
                0
            ],
            "min": [
                0.00011575696407817304,
                0,
                0,
                0
            ],
            "type": "VEC4"
        },
        {
            "bufferView": 2,
            "byteOffset": 0,
            "componentType": 5123,
            "count": 13254,
            "max": [
                2690
            ],
            "min": [
                0
            ],
            "type": "SCALAR"
        },
        {
            "bufferView": 1,
            "byteOffset": 0,
            "componentType": 5126,
            "count": 44,
            "max": [
                0.9999999999999842,
                0.999999999999983,
                0.8718448160697593,
                0,
                0.8063035959100932,
                0.9990561617988526,
                0.9500728394860712,
                0,
                0.9919110650526125,
                0.9595822366683451,
                1.0000000596046406,
                0,
                70.78888481038123,
                105.613797040462,
                42.90397709477893,
                1
            ],
            "min": [
                -0.7716383774546719,
                -0.8329398915152759,
                -0.9999999999999173,
                0,
                -1.0000000596045864,
                -0.8711233910461132,
                -0.9867394434577389,
                0,
                -0.9968170371588176,
                -0.9595821249167333,
                -0.9836201350112851,
                0,
                -84.59393187136703,
                -105.61382946102098,
                -102.7943164825324,
                1
            ],
            "type": "MAT4"
        },
        {
            "bufferView": 0,
            "byteOffset": 150696,
            "componentType": 5126,
            "count": 218,
            "max": [
                76.86325073242188,
                -8.114267349243164,
                61.48241424560547
            ],
            "min": [
                -77.81706237792969,
                -51.19842529296875,
                16.48219108581543
            ],
            "type": "VEC3"
        },
        {
            "bufferView": 0,
            "byteOffset": 153312,
            "componentType": 5126,
            "count": 218,
            "max": [
                0.9989032745361328,
                0.9930418729782104,
                0.7637360692024231
            ],
            "min": [
                -0.9931129813194275,
                -0.9901909232139587,
                -0.9779002666473389
            ],
            "type": "VEC3"
        },
        {
            "bufferView": 0,
            "byteOffset": 155928,
            "componentType": 5126,
            "count": 218,
            "max": [
                1.9923930168151855,
                0.9763529896736145
            ],
            "min": [
                0.01969500072300434,
                0.015594005584716797
            ],
            "type": "VEC2"
        },
        {
            "bufferView": 0,
            "byteOffset": 157672,
            "componentType": 5123,
            "count": 218,
            "max": [
                6,
                9,
                11,
                0
            ],
            "min": [
                0,
                0,
                0,
                0
            ],
            "type": "VEC4"
        },
        {
            "bufferView": 0,
            "byteOffset": 159416,
            "componentType": 5126,
            "count": 218,
            "max": [
                1,
                0.9448743462562561,
                0.917740523815155,
                0
            ],
            "min": [
                0.0003373440995346755,
                0,
                0,
                0
            ],
            "type": "VEC4"
        },
        {
            "bufferView": 2,
            "byteOffset": 26508,
            "componentType": 5123,
            "count": 900,
            "max": [
                217
            ],
            "min": [
                0
            ],
            "type": "SCALAR"
        },
        {
            "bufferView": 1,
            "byteOffset": 2816,
            "componentType": 5126,
            "count": 12,
            "max": [
                0.10635766799541933,
                0.9999999999993345,
                0.871844430109656,
                0,
                0.6071169202389067,
                0.8201444078713895,
                0.9337315423506305,
                0,
                0.991910615935777,
                0.7533462402718236,
                0.9943141147797948,
                0,
                53.37538555080296,
                72.73356732206125,
                33.884330330578905,
                1
            ],
            "min": [
                -0.7716382962656124,
                -0.8329403772775511,
                -0.6087901428038368,
                0,
                -0.9943141147804243,
                -0.8711229254605799,
                -0.9867393616504585,
                0,
                -0.9968171133280862,
                -0.6748997268824137,
                -0.5172303078010961,
                0,
                -61.85596229738418,
                -73.04909980534465,
                -95.8695912557376,
                1
            ],
            "type": "MAT4"
        },
        {
            "bufferView": 0,
            "byteOffset": 162904,
            "componentType": 5126,
            "count": 282,
            "max": [
                29.36176300048828,
                78.74391174316406,
                95.61894226074219
            ],
            "min": [
                -29.361770629882812,
                10.945029258728027,
                36.69584274291992
            ],
            "type": "VEC3"
        },
        {
            "bufferView": 0,
            "byteOffset": 166288,
            "componentType": 5126,
            "count": 282,
            "max": [
                0.9992318153381348,
                0.9916408061981201,
                0.9999455213546753
            ],
            "min": [
                -0.99923175573349,
                -0.9994747638702393,
                -0.9995733499526978
            ],
            "type": "VEC3"
        },
        {
            "bufferView": 0,
            "byteOffset": 169672,
            "componentType": 5126,
            "count": 282,
            "max": [
                1.9898220300674438,
                0.9765419960021973
            ],
            "min": [
                0.014530999585986137,
                0.029336988925933838
            ],
            "type": "VEC2"
        },
        {
            "bufferView": 0,
            "byteOffset": 171928,
            "componentType": 5123,
            "count": 282,
            "max": [
                5,
                6,
                7,
                0
            ],
            "min": [
                0,
                1,
                0,
                0
            ],
            "type": "VEC4"
        },
        {
            "bufferView": 0,
            "byteOffset": 174184,
            "componentType": 5126,
            "count": 282,
            "max": [
                0.8999999761581421,
                0.8138828277587891,
                0.7234581112861633,
                0
            ],
            "min": [
                0.10000000149011612,
                0.010146916843950748,
                0,
                0
            ],
            "type": "VEC4"
        },
        {
            "bufferView": 2,
            "byteOffset": 28308,
            "componentType": 5123,
            "count": 1410,
            "max": [
                281
            ],
            "min": [
                0
            ],
            "type": "SCALAR"
        },
        {
            "bufferView": 1,
            "byteOffset": 3584,
            "componentType": 5126,
            "count": 8,
            "max": [
                0.10433686040393399,
                0.9999999999999922,
                0.7433726379697543,
                0,
                0.552312165958297,
                0.5831049525951489,
                0.629778913969363,
                0,
                0.6096263576557946,
                0.47273431138305644,
                1,
                0,
                40.70845794677625,
                -0.000006632249848573988,
                38.081980056561065,
                1
            ],
            "min": [
                -0.10433730757429036,
                -0.7042269552851205,
                -8.742284662088767e-8,
                0,
                -0.9999999999999732,
                5.3295282324721164e-8,
                -0.5957683613923116,
                0,
                -0.8270824156716721,
                6.123232998135209e-17,
                -0.3040677035122211,
                0,
                -23.323886841905015,
                -76.12510899474847,
                -74.92377307194019,
                1
            ],
            "type": "MAT4"
        },
        {
            "bufferView": 0,
            "byteOffset": 178696,
            "componentType": 5126,
            "count": 631,
            "max": [
                66.11369323730469,
                43.443885803222656,
                176.71878051757812
            ],
            "min": [
                -63.95256042480469,
                -38.21212387084961,
                55.152183532714844
            ],
            "type": "VEC3"
        },
        {
            "bufferView": 0,
            "byteOffset": 186268,
            "componentType": 5126,
            "count": 631,
            "max": [
                0.9999728202819824,
                0.9878416657447815,
                0.998727023601532
            ],
            "min": [
                -0.999930739402771,
                -0.9992634057998657,
                -0.9948371648788452
            ],
            "type": "VEC3"
        },
        {
            "bufferView": 0,
            "byteOffset": 193840,
            "componentType": 5126,
            "count": 631,
            "max": [
                1.9924139976501465,
                0.9969980120658875
            ],
            "min": [
                0.0072119999676942825,
                0.0074579715728759766
            ],
            "type": "VEC2"
        },
        {
            "bufferView": 0,
            "byteOffset": 198888,
            "componentType": 5123,
            "count": 631,
            "max": [
                6,
                7,
                9,
                0
            ],
            "min": [
                0,
                0,
                0,
                0
            ],
            "type": "VEC4"
        },
        {
            "bufferView": 0,
            "byteOffset": 203936,
            "componentType": 5126,
            "count": 631,
            "max": [
                1,
                0.9037940502166748,
                0.45120999217033386,
                0
            ],
            "min": [
                0.08626069873571396,
                0,
                0,
                0
            ],
            "type": "VEC4"
        },
        {
            "bufferView": 2,
            "byteOffset": 31128,
            "componentType": 5123,
            "count": 2520,
            "max": [
                630
            ],
            "min": [
                0
            ],
            "type": "SCALAR"
        },
        {
            "bufferView": 1,
            "byteOffset": 4096,
            "componentType": 5126,
            "count": 10,
            "max": [
                0.9291676495637193,
                0.9999999999999976,
                0.3016907832891763,
                0,
                0.2862891310710027,
                0.3861269682651494,
                0.9500727819638543,
                0,
                0.7912722383094248,
                0.989963229379285,
                1,
                0,
                70.78888673734156,
                105.61382110720636,
                37.37000868664749,
                1
            ],
            "min": [
                -2.6216063368925486e-8,
                -0.8329400435708619,
                -0.9999546198715143,
                0,
                -0.9999999999999732,
                -0.5016975926468169,
                -0.9500727589017384,
                0,
                -0.8068852684762495,
                -0.9595822257451114,
                -0.46850032035793493,
                0,
                -84.59391212196522,
                -149.85619529729772,
                -95.86959564232802,
                1
            ],
            "type": "MAT4"
        }
    ],
    "asset": {
        "generator": "ClayGL - fbx2gltf",
        "version": "2.0"
    },
    "bufferViews": [
        {
            "buffer": 0,
            "byteLength": 214032,
            "byteOffset": 0,
            "target": 34962
        },
        {
            "buffer": 0,
            "byteLength": 4736,
            "byteOffset": 214032,
            "target": 34962
        },
        {
            "buffer": 0,
            "byteLength": 36168,
            "byteOffset": 218768,
            "target": 34963
        }
    ],
    "buffers": [
        {
            "byteLength": 254936,
            "uri": "earthshaker.bin"
        }
    ],
    "images": [
        {
            "uri": "textures/earthshaker_color.png"
        },
        {
            "uri": "textures/bracers_color.png"
        },
        {
            "uri": "textures/belt_color.png"
        },
        {
            "uri": "textures/totem_color.png"
        }
    ],
    "materials": [
        {
            "emissiveFactor": [
                0,
                0,
                0
            ],
            "name": "Material #35",
            "pbrMetallicRoughness": {
                "baseColorFactor": [
                    1,
                    1,
                    1,
                    1
                ],
                "baseColorTexture": {
                    "index": 0,
                    "texCoord": 0
                },
                "metallicFactor": 0,
                "roughnessFactor": 0.9230769230769231
            }
        },
        {
            "emissiveFactor": [
                0,
                0,
                0
            ],
            "name": "Material #46",
            "pbrMetallicRoughness": {
                "baseColorFactor": [
                    1,
                    1,
                    1,
                    1
                ],
                "baseColorTexture": {
                    "index": 1,
                    "texCoord": 0
                },
                "metallicFactor": 0,
                "roughnessFactor": 0.9230769230769231
            }
        },
        {
            "emissiveFactor": [
                0,
                0,
                0
            ],
            "name": "Material #57",
            "pbrMetallicRoughness": {
                "baseColorFactor": [
                    1,
                    1,
                    1,
                    1
                ],
                "baseColorTexture": {
                    "index": 2,
                    "texCoord": 0
                },
                "metallicFactor": 0,
                "roughnessFactor": 0.9230769230769231
            }
        },
        {
            "emissiveFactor": [
                0,
                0,
                0
            ],
            "name": "Material #68",
            "pbrMetallicRoughness": {
                "baseColorFactor": [
                    1,
                    1,
                    1,
                    1
                ],
                "baseColorTexture": {
                    "index": 3,
                    "texCoord": 0
                },
                "metallicFactor": 0,
                "roughnessFactor": 0.9230769230769231
            }
        }
    ],
    "meshes": [
        {
            "name": "earthshaker_model_LOD0",
            "primitives": [
                {
                    "attributes": {
                        "JOINTS_0": 3,
                        "NORMAL": 1,
                        "POSITION": 0,
                        "TEXCOORD_0": 2,
                        "WEIGHTS_0": 4
                    },
                    "indices": 5,
                    "material": 0
                }
            ]
        },
        {
            "name": "bracers_model_LOD0",
            "primitives": [
                {
                    "attributes": {
                        "JOINTS_0": 10,
                        "NORMAL": 8,
                        "POSITION": 7,
                        "TEXCOORD_0": 9,
                        "WEIGHTS_0": 11
                    },
                    "indices": 12,
                    "material": 1
                }
            ]
        },
        {
            "name": "belt_model_LOD0",
            "primitives": [
                {
                    "attributes": {
                        "JOINTS_0": 17,
                        "NORMAL": 15,
                        "POSITION": 14,
                        "TEXCOORD_0": 16,
                        "WEIGHTS_0": 18
                    },
                    "indices": 19,
                    "material": 2
                }
            ]
        },
        {
            "name": "totem_model_LOD0",
            "primitives": [
                {
                    "attributes": {
                        "JOINTS_0": 24,
                        "NORMAL": 22,
                        "POSITION": 21,
                        "TEXCOORD_0": 23,
                        "WEIGHTS_0": 25
                    },
                    "indices": 26,
                    "material": 3
                }
            ]
        }
    ],
    "nodes": [
        {
            "children": [
                1,
                40,
                43,
                44,
                47,
                50,
                53,
                54
            ],
            "matrix": [
                1.6292068478213574e-7,
                1.469367938527879e-39,
                1.0000000000000002,
                0,
                1.0000000000000002,
                6.123233995736847e-17,
                -1.6292068478213574e-7,
                0,
                -6.123233995736685e-17,
                1,
                9.976014756666736e-24,
                0,
                0,
                56.51304244995117,
                -40.708457946777344,
                1
            ],
            "name": "root"
        },
        {
            "children": [
                2
            ],
            "matrix": [
                0.7926889061927794,
                1.2914543390252225e-7,
                0.6096263527870179,
                0,
                -2.162159677037416e-7,
                1.0000000000000004,
                6.92991122264188e-8,
                0,
                -0.6096263527869988,
                -1.8674358927643499e-7,
                0.7926889061927943,
                0,
                13.521537780761719,
                0.0000029502748475351837,
                17.097057342529297,
                1
            ],
            "name": "spine1"
        },
        {
            "children": [
                3,
                38,
                39
            ],
            "matrix": [
                0.9735939502716064,
                1.7763568923398097e-15,
                -0.22828689217567438,
                0,
                2.1615963638723165e-8,
                0.9999999999999999,
                9.218739194238884e-8,
                0,
                0.22828689217567433,
                -9.468772824689367e-8,
                0.9735939502716067,
                0,
                19.053928375244148,
                5.077395144326147e-7,
                -1.4210854715202004e-14,
                1
            ],
            "name": "spine2"
        },
        {
            "children": [
                4,
                11,
                24,
                25
            ],
            "matrix": [
                0.8618146181106568,
                1.7763566805815729e-15,
                -0.5072235465049744,
                0,
                -4.837260375841046e-7,
                1,
                -8.218904099521748e-7,
                0,
                0.5072235465049744,
                9.53674406101953e-7,
                0.8618146181106566,
                0,
                24.47634506225586,
                -4.707726475317031e-8,
                0.000015258789076710855,
                1
            ],
            "name": "spine3"
        },
        {
            "children": [
                5
            ],
            "matrix": [
                0.7073811292648315,
                -6.746113285771571e-7,
                0.7068327665328982,
                0,
                9.304510243545077e-8,
                0.9999999999999999,
                8.612970532336955e-7,
                0,
                -0.7068327665331575,
                -5.434979549818891e-7,
                0.7073811292645722,
                0,
                23.78796768188477,
                -0.000002865541318897158,
                0,
                1
            ],
            "name": "neck1"
        },
        {
            "children": [
                6,
                7,
                8
            ],
            "matrix": [
                0.8793714046478274,
                -4.193169615973603e-7,
                -0.47613644599914573,
                0,
                2.4979759298700935e-7,
                0.9999999999999999,
                -4.1931699001904597e-7,
                0,
                0.4761364459992381,
                2.497976323617277e-7,
                0.8793714046477781,
                0,
                12.333793640136719,
                4.547473508864641e-13,
                -0.000007629394517039145,
                1
            ],
            "name": "head"
        },
        {
            "matrix": [
                0.9834715723991396,
                -4.05166351857833e-14,
                -0.18106144666671756,
                0,
                4.2505706588664356e-14,
                1.0000000000000002,
                7.105427390688226e-15,
                0,
                0.18106144666671747,
                -1.4684130565926625e-14,
                0.9834715723991397,
                0,
                1.3096847534179616,
                13.28820037841797,
                2.0609893798828267,
                1
            ],
            "name": "ear0_0_L"
        },
        {
            "matrix": [
                0.9834715723991396,
                -4.05166351857833e-14,
                -0.18106144666671756,
                0,
                4.2505706588664356e-14,
                1.0000000000000002,
                7.105427390688226e-15,
                0,
                0.18106144666671747,
                -1.4684130565926625e-14,
                0.9834715723991397,
                0,
                1.3096847534179616,
                -13.288204193115236,
                2.0609817504882955,
                1
            ],
            "name": "ear1_0_R"
        },
        {
            "children": [
                9
            ],
            "matrix": [
                -0.19533006846904763,
                2.7942189719231327e-7,
                -0.9807372689247132,
                0,
                2.7555129006029077e-8,
                0.9999999999999999,
                2.7942198246157286e-7,
                0,
                0.9807372689247148,
                2.755517299973254e-8,
                -0.1953300684690401,
                0,
                5.760978698730462,
                -0.0000015512132449657622,
                -15.855751037597656,
                1
            ],
            "name": "beard_R0C0"
        },
        {
            "children": [
                10
            ],
            "matrix": [
                0.9494330883026126,
                -4.5272497573023434e-7,
                0.3139701485633851,
                0,
                1.6134405052546466e-7,
                1,
                9.5403845534735e-7,
                0,
                -0.3139701485637526,
                -8.551384615064152e-7,
                0.9494330883024913,
                0,
                3.378631591796889,
                0.0000038146990846144035,
                -0.036994934082024145,
                1
            ],
            "name": "beard_R1C0"
        },
        {
            "matrix": [
                0.9999998211860656,
                -9.769962775520055e-15,
                -2.384185791015625e-7,
                0,
                2.4481289554585222e-14,
                0.9999999999999996,
                6.170375854708276e-8,
                0,
                2.384185791015625e-7,
                -6.170374751359643e-8,
                0.9999998211860652,
                0,
                20.378589630126946,
                0.000003814689989667386,
                0.00002288818359375,
                1
            ],
            "name": "beard_R2C0"
        },
        {
            "children": [
                12
            ],
            "matrix": [
                -0.2868420779705049,
                0.9291673302650455,
                0.23317286372184765,
                0,
                -0.06877910511401261,
                0.22279820808019402,
                -0.9724354455415977,
                0,
                -0.9555057249960283,
                -0.29497281923727026,
                -6.034970104484838e-7,
                0,
                5.390390396118162,
                -11.293966293334961,
                9.768791198730455,
                1
            ],
            "name": "clavicle_R"
        },
        {
            "children": [
                13
            ],
            "matrix": [
                0.6660377979278569,
                -0.6759269237518317,
                -0.31546235084533714,
                0,
                -0.7435954619225595,
                -0.6350112483793409,
                -0.20934822861181807,
                0,
                -0.05881803158689264,
                0.3740101708244762,
                -0.9255576003648679,
                0,
                -20.123376846313484,
                -0.00000762939453125,
                -3.552713678800501e-15,
                1
            ],
            "name": "bicep_R"
        },
        {
            "children": [
                14
            ],
            "matrix": [
                0.4870232343673709,
                -5.066394806463315e-7,
                -0.8733896017074587,
                0,
                3.7221351115168666e-7,
                0.9999999999999665,
                -3.725288826861295e-7,
                0,
                0.8733894705467228,
                -1.4365716732855915e-7,
                0.4870231612290453,
                0,
                -47.27155685424805,
                0,
                -0.0000038146972585195726,
                1
            ],
            "name": "elbow_R"
        },
        {
            "children": [
                15,
                18,
                21
            ],
            "matrix": [
                0.8312398791313167,
                0.27302876114845265,
                0.4842478930950164,
                0,
                -0.44451914006925985,
                0.8495381425227178,
                0.2840563513497894,
                0,
                -0.3338314384567046,
                -0.45137633837879493,
                0.8275363357206025,
                0,
                -42.01073455810547,
                0.0000152587890625,
                0.00002765655517578125,
                1
            ],
            "name": "wrist_R"
        },
        {
            "children": [
                16
            ],
            "matrix": [
                0.5315431952476506,
                0.535589098930359,
                -0.6562055349349979,
                0,
                0.8306814583617664,
                -0.4810924781273252,
                0.2802097513036339,
                0,
                -0.16561828964424685,
                -0.6940414867558289,
                -0.7006254975071753,
                0,
                -4.6386394500732475,
                -0.6769523620605469,
                8.136257171630856,
                1
            ],
            "name": "thumb_0_R"
        },
        {
            "children": [
                17
            ],
            "matrix": [
                0.8957166671752927,
                5.960464483090178e-8,
                -0.44462555646896373,
                0,
                -8.133768992363288e-8,
                1.0000001192093144,
                -2.9802318779470482e-8,
                0,
                0.44462565159253303,
                6.285925518989544e-8,
                0.8957168588056861,
                0,
                -8.233901977539062,
                -0.000003814697269177714,
                0.0000038146972620722863,
                1
            ],
            "name": "thumb_1_R"
        },
        {
            "matrix": [
                1.000000119209289,
                8.940696705206364e-8,
                4.470348358154297e-8,
                0,
                -8.94069734636016e-8,
                1.0000001192092896,
                1.4156103128604158e-7,
                0,
                -4.470346293139471e-8,
                -1.4156101019180412e-7,
                0.9999999403953475,
                0,
                -7.405723571777344,
                0.000003814697269177714,
                -0.0000011920928919550988,
                1
            ],
            "name": "thumb_2_R"
        },
        {
            "children": [
                19
            ],
            "matrix": [
                0.6388837695121768,
                0.7659449577331545,
                -0.07180510461330403,
                0,
                -0.06695407015716257,
                0.14834431124507685,
                0.9866667399471596,
                0,
                0.7663841301111561,
                -0.6255575889264391,
                0.14605787410644816,
                0,
                -16.51974487304688,
                1.4644851684570384,
                -5.733005523681641,
                1
            ],
            "name": "mid_0_R"
        },
        {
            "children": [
                20
            ],
            "matrix": [
                0.7371094822883604,
                -2.2258609555514397e-7,
                -0.6757736802101133,
                0,
                -2.0349339657776966e-7,
                0.9999998211860932,
                -5.513428217307492e-7,
                0,
                0.6757732323430211,
                5.439152401540484e-7,
                0.7371089937709601,
                0,
                -8.416160583496087,
                3.552713678800501e-15,
                0.000003814697265625,
                1
            ],
            "name": "mid_1_R"
        },
        {
            "matrix": [
                0.999999940395355,
                3.976747393608093e-7,
                3.72529029629351e-8,
                0,
                -3.976747640632716e-7,
                1.0000000000000884,
                2.2351741797710378e-8,
                0,
                -3.7252894094161326e-8,
                -2.2351755294726383e-8,
                0.9999999403953548,
                0,
                -11.528896331787102,
                0.0000019073486363652137,
                -0.000002384185790349491,
                1
            ],
            "name": "mid_2_R"
        },
        {
            "children": [
                22
            ],
            "matrix": [
                0.6389377713203432,
                0.765825688838959,
                -0.07258940488100046,
                0,
                -0.06768633998394968,
                0.1499655781060576,
                0.9863716757894097,
                0,
                0.7662746524913788,
                -0.6253167865299383,
                0.14765460486731719,
                0,
                -16.915863037109382,
                2.7633323669433523,
                7.112794876098629,
                1
            ],
            "name": "index_0_R"
        },
        {
            "children": [
                23
            ],
            "matrix": [
                0.7371087670326237,
                -7.385388017810968e-7,
                -0.6757739782333378,
                0,
                0.0000013503011833670975,
                0.9999996423721191,
                3.799795657566385e-7,
                0,
                0.6757739534837832,
                -0.0000011925850546381025,
                0.7371087400380464,
                0,
                -7.769439697265625,
                0.00002861022950284564,
                -0.00002288818359375,
                1
            ],
            "name": "index_1_R"
        },
        {
            "matrix": [
                0.9999998807907107,
                -6.426125759295687e-8,
                -7.450580563964082e-9,
                0,
                6.426126897274287e-8,
                0.999999999999998,
                4.917383194429428e-7,
                0,
                7.45054900240516e-9,
                -4.917382612455723e-7,
                0.9999998807906966,
                0,
                -11.528938293457031,
                -0.0000171661376953125,
                0.000019073486327791933,
                1
            ],
            "name": "index_2_R"
        },
        {
            "matrix": [
                0.9693643450737001,
                0.0013415218563750393,
                0.24562391638755804,
                0,
                -0.24562551537818111,
                0.009420385700748247,
                0.969319204319583,
                0,
                -0.001013508972138664,
                -0.9999548196813729,
                0.009461296526706449,
                0,
                -30.977607727050778,
                -1.1032665967941282,
                50.89196014404298,
                1
            ],
            "name": "totem_1"
        },
        {
            "children": [
                26
            ],
            "matrix": [
                0.2868418991565703,
                0.9291678667068479,
                -0.23317125439643865,
                0,
                0.06877966624564273,
                0.2227963451466109,
                0.9724358836861732,
                0,
                0.9555057739408007,
                -0.294972764360851,
                -5.289912181627443e-7,
                0,
                5.390398025512695,
                11.293956756591793,
                9.768806457519531,
                1
            ],
            "name": "clavicle_L"
        },
        {
            "children": [
                27
            ],
            "matrix": [
                0.6172721385955812,
                -0.708379089832306,
                -0.342307209968567,
                0,
                -0.7704750737793317,
                -0.6323257621964568,
                -0.08082344694595167,
                0,
                -0.15919604659502246,
                0.31362927209632413,
                -0.9361056183404921,
                0,
                20.12337684631348,
                -0.000007629394545460855,
                1.7763568394002505e-15,
                1
            ],
            "name": "bicep_L"
        },
        {
            "children": [
                28
            ],
            "matrix": [
                0.4573681354522704,
                2.980232239324643e-7,
                -0.8892774581909177,
                0,
                1.3066306907283387e-7,
                0.999999761581434,
                4.02331436388792e-7,
                0,
                0.8892775282205838,
                -3.002093959536545e-7,
                0.45736817146943,
                0,
                47.271560668945305,
                0,
                -0.0000209808349609375,
                1
            ],
            "name": "elbow_L"
        },
        {
            "children": [
                29,
                32,
                35
            ],
            "matrix": [
                0.7042056918144227,
                0.4346237182617187,
                0.5614235997200017,
                0,
                -0.6202870817260996,
                0.7613529255117597,
                0.18864125798761966,
                0,
                -0.3454535962289885,
                -0.48108613895056995,
                0.8057406839731927,
                0,
                42.01073837280274,
                0.00000762939453125,
                -0.000005722045889555716,
                1
            ],
            "name": "wrist_L"
        },
        {
            "children": [
                30
            ],
            "matrix": [
                0.7147710323333741,
                0.21581584215164173,
                -0.6652260422706606,
                0,
                0.6588241703799285,
                -0.5269117992302823,
                0.536949090987014,
                0,
                -0.23463343202550718,
                -0.8220630069713174,
                -0.5188062081905085,
                0,
                4.638637542724602,
                0.67694091796875,
                -8.136251449584957,
                1
            ],
