{
    "accessors": {
        "attrbute_1": {
            "bufferView": "bufferView_25",
            "byteOffset": 0,
            "byteStride": 12,
            "count": 2691,
            "max": [
                72.09516143798828,
                86.72893524169922,
                124.96073913574219,
                0
            ],
            "min": [
                -73.07341003417969,
                -63.37736892700195,
                0.526313841342926,
                0
            ],
            "type": 35665
        },
        "attrbute_10": {
            "bufferView": "bufferView_25",
            "byteOffset": 168436,
            "byteStride": 16,
            "count": 218,
            "max": [
                6,
                9,
                11,
                -1
            ],
            "min": [
                0,
                -1,
                -1,
                -1
            ],
            "type": 35666
        },
        "attrbute_11": {
            "bufferView": "bufferView_25",
            "byteOffset": 171924,
            "byteStride": 12,
            "count": 218,
            "max": [
                1,
                0.9448743462562561,
                0.917740523815155
            ],
            "min": [
                0.0003373440995346755,
                0,
                0
            ],
            "type": 35665
        },
        "attrbute_13": {
            "bufferView": "bufferView_25",
            "byteOffset": 174540,
            "byteStride": 12,
            "count": 282,
            "max": [
                29.36176300048828,
                78.74391174316406,
                95.61894226074219,
                0
            ],
            "min": [
                -29.361770629882812,
                10.945029258728027,
                36.69584274291992,
                0
            ],
            "type": 35665
        },
        "attrbute_14": {
            "bufferView": "bufferView_25",
            "byteOffset": 177924,
            "byteStride": 12,
            "count": 282,
            "max": [
                0.9992318153381348,
                0.9916408061981201,
                0.9999455213546753,
                0
            ],
            "min": [
                -0.99923175573349,
                -0.9994747638702393,
                -0.9995733499526978,
                0
            ],
            "type": 35665
        },
        "attrbute_15": {
            "bufferView": "bufferView_25",
            "byteOffset": 181308,
            "byteStride": 8,
            "count": 282,
            "max": [
                1.9898220300674438,
                0.9706630110740662
            ],
            "min": [
                0.014530999585986137,
                0.023458003997802734
            ],
            "type": 35664
        },
        "attrbute_16": {
            "bufferView": "bufferView_25",
            "byteOffset": 183564,
            "byteStride": 16,
            "count": 282,
            "max": [
                5,
                6,
                7,
                -1
            ],
            "min": [
                0,
                1,
                -1,
                -1
            ],
            "type": 35666
        },
        "attrbute_17": {
            "bufferView": "bufferView_25",
            "byteOffset": 188076,
            "byteStride": 12,
            "count": 282,
            "max": [
                0.8999999761581421,
                0.8138828277587891,
                0.7234581112861633
            ],
            "min": [
                0.10000000149011612,
                0.010146916843950748,
                0
            ],
            "type": 35665
        },
        "attrbute_19": {
            "bufferView": "bufferView_25",
            "byteOffset": 191460,
            "byteStride": 12,
            "count": 631,
            "max": [
                66.11369323730469,
                43.443885803222656,
                176.71878051757812,
                0
            ],
            "min": [
                -63.95256042480469,
                -38.21212387084961,
                55.152183532714844,
                0
            ],
            "type": 35665
        },
        "attrbute_2": {
            "bufferView": "bufferView_25",
            "byteOffset": 32292,
            "byteStride": 12,
            "count": 2691,
            "max": [
                0.9999992847442627,
                0.9995777606964111,
                0.9980831146240234,
                0
            ],
            "min": [
                -0.9999992847442627,
                -0.9999570250511169,
                -0.9998518824577332,
                0
            ],
            "type": 35665
        },
        "attrbute_20": {
            "bufferView": "bufferView_25",
            "byteOffset": 199032,
            "byteStride": 12,
            "count": 631,
            "max": [
                0.9999728202819824,
                0.9878416657447815,
                0.998727023601532,
                0
            ],
            "min": [
                -0.999930739402771,
                -0.9992634057998657,
                -0.9948371648788452,
                0
            ],
            "type": 35665
        },
        "attrbute_21": {
            "bufferView": "bufferView_25",
            "byteOffset": 206604,
            "byteStride": 8,
            "count": 631,
            "max": [
                1.9924139976501465,
                0.992542028427124
            ],
            "min": [
                0.0072119999676942825,
                0.003001987934112549
            ],
            "type": 35664
        },
        "attrbute_22": {
            "bufferView": "bufferView_25",
            "byteOffset": 211652,
            "byteStride": 16,
            "count": 631,
            "max": [
                6,
                7,
                9,
                -1
            ],
            "min": [
                0,
                -1,
                -1,
                -1
            ],
            "type": 35666
        },
        "attrbute_23": {
            "bufferView": "bufferView_25",
            "byteOffset": 221748,
            "byteStride": 12,
            "count": 631,
            "max": [
                1,
                0.9037940502166748,
                0.45120999217033386
            ],
            "min": [
                0.08626069873571396,
                0,
                0
            ],
            "type": 35665
        },
        "attrbute_3": {
            "bufferView": "bufferView_25",
            "byteOffset": 64584,
            "byteStride": 8,
            "count": 2691,
            "max": [
                1.9983329772949219,
                0.9953659772872925
            ],
            "min": [
                0.010665000416338444,
                0.004655003547668457
            ],
            "type": 35664
        },
        "attrbute_4": {
            "bufferView": "bufferView_25",
            "byteOffset": 86112,
            "byteStride": 16,
            "count": 2691,
            "max": [
                40,
                43,
                43,
                -1
            ],
            "min": [
                0,
                -1,
                -1,
                -1
            ],
            "type": 35666
        },
        "attrbute_5": {
            "bufferView": "bufferView_25",
            "byteOffset": 129168,
            "byteStride": 12,
            "count": 2691,
            "max": [
                1,
                0.9994007349014282,
                0.9671944975852966
            ],
            "min": [
                0.00011575696407817304,
                0,
                0
            ],
            "type": 35665
        },
        "attrbute_7": {
            "bufferView": "bufferView_25",
            "byteOffset": 161460,
            "byteStride": 12,
            "count": 218,
            "max": [
                76.86325073242188,
                -8.114267349243164,
                61.48241424560547,
                0
            ],
            "min": [
                -77.81706237792969,
                -51.19842529296875,
                16.48219108581543,
                0
            ],
            "type": 35665
        },
        "attrbute_8": {
            "bufferView": "bufferView_25",
            "byteOffset": 164076,
            "byteStride": 12,
            "count": 218,
            "max": [
                0.9989032745361328,
                0.9930418729782104,
                0.7637360692024231,
                0
            ],
            "min": [
                -0.9931129813194275,
                -0.9901909232139587,
                -0.9779002666473389,
                0
            ],
            "type": 35665
        },
        "attrbute_9": {
            "bufferView": "bufferView_25",
            "byteOffset": 166692,
            "byteStride": 8,
            "count": 218,
            "max": [
                1.9923930168151855,
                0.9844059944152832
            ],
            "min": [
                0.01969500072300434,
                0.023647010326385498
            ],
            "type": 35664
        },
        "indices_12": {
            "bufferView": "bufferView_27",
            "byteOffset": 26508,
            "count": 900,
            "type": 5123
        },
        "indices_18": {
            "bufferView": "bufferView_27",
            "byteOffset": 28308,
            "count": 1410,
            "type": 5123
        },
        "indices_24": {
            "bufferView": "bufferView_27",
            "byteOffset": 31128,
            "count": 2520,
            "type": 5123
        },
        "indices_6": {
            "bufferView": "bufferView_27",
            "byteOffset": 0,
            "count": 13254,
            "type": 5123
        }
    },
    "animations": {},
    "asset": {},
    "bufferViews": {
        "bufferView_25": {
            "buffer": "earthshaker.bin",
            "byteLength": 229320,
            "byteOffset": 0,
            "target": 34962
        },
        "bufferView_26": {
            "buffer": "earthshaker.bin",
            "byteLength": 5312,
            "byteOffset": 229320
        },
        "bufferView_27": {
            "buffer": "earthshaker.bin",
            "byteLength": 36168,
            "byteOffset": 234632,
            "target": 34963
        }
    },
    "buffers": {
        "earthshaker.bin": {
            "byteLength": 270800,
            "path": "earthshaker.bin"
        }
    },
    "cameras": {},
    "images": {
        "image_0": {
            "path": "textures/earthshaker_color.png"
        },
        "image_1": {
            "path": "textures/bracers_color.png"
        },
        "image_2": {
            "path": "textures/belt_color.png"
        },
        "image_3": {
            "path": "textures/totem_color.png"
        }
    },
    "lights": {},
    "materials": {
        "Material #35": {
            "instanceTechnique": {
                "technique": "technique_0",
                "values": {
                    "ambient": [
                        0.5879999995231628,
                        0.5879999995231628,
                        0.5879999995231628
                    ],
                    "diffuse": "Map #7",
                    "emission": [
                        0,
                        0,
                        0
                    ],
                    "shininess": 2,
                    "specular": [
                        0.8999999761581421,
                        0.8999999761581421,
                        0.8999999761581421
                    ],
                    "transparency": 1
                }
            },
            "name": "Material #35"
        },
        "Material #46": {
            "instanceTechnique": {
                "technique": "technique_0",
                "values": {
                    "ambient": [
                        0.5879999995231628,
                        0.5879999995231628,
                        0.5879999995231628
                    ],
                    "diffuse": "Map #6",
                    "emission": [
                        0,
                        0,
                        0
                    ],
                    "shininess": 2,
                    "specular": [
                        0.8999999761581421,
                        0.8999999761581421,
                        0.8999999761581421
                    ],
                    "transparency": 1
                }
            },
            "name": "Material #46"
        },
        "Material #57": {
            "instanceTechnique": {
                "technique": "technique_0",
                "values": {
                    "ambient": [
                        0.5879999995231628,
                        0.5879999995231628,
                        0.5879999995231628
                    ],
                    "diffuse": "Map #5",
                    "emission": [
                        0,
                        0,
                        0
                    ],
                    "shininess": 2,
                    "specular": [
                        0.8999999761581421,
                        0.8999999761581421,
                        0.8999999761581421
                    ],
                    "transparency": 1
                }
            },
            "name": "Material #57"
        },
        "Material #68": {
            "instanceTechnique": {
                "technique": "technique_0",
                "values": {
                    "ambient": [
                        0.5879999995231628,
                        0.5879999995231628,
                        0.5879999995231628
                    ],
                    "diffuse": "Map #8",
                    "emission": [
                        0,
                        0,
                        0
                    ],
                    "shininess": 2,
                    "specular": [
                        0.8999999761581421,
                        0.8999999761581421,
                        0.8999999761581421
                    ],
                    "transparency": 1
                }
            },
            "name": "Material #68"
        }
    },
    "meshes": {
        "belt_model_LOD0-mesh": {
            "name": "belt_model_LOD0-mesh",
            "primitives": [
                {
                    "attributes": {
                        "JOINT": "attrbute_16",
                        "NORMAL": "attrbute_14",
                        "POSITION": "attrbute_13",
                        "TEXCOORD_0": "attrbute_15",
                        "WEIGHT": "attrbute_17"
                    },
                    "indices": "indices_18",
                    "material": "Material #57"
                }
            ]
        },
        "bracers_model_LOD0-mesh": {
            "name": "bracers_model_LOD0-mesh",
            "primitives": [
                {
                    "attributes": {
                        "JOINT": "attrbute_10",
                        "NORMAL": "attrbute_8",
                        "POSITION": "attrbute_7",
                        "TEXCOORD_0": "attrbute_9",
                        "WEIGHT": "attrbute_11"
                    },
                    "indices": "indices_12",
                    "material": "Material #46"
                }
            ]
        },
        "earthshaker_model_LOD0-mesh": {
            "name": "earthshaker_model_LOD0-mesh",
            "primitives": [
                {
                    "attributes": {
                        "JOINT": "attrbute_4",
                        "NORMAL": "attrbute_2",
                        "POSITION": "attrbute_1",
                        "TEXCOORD_0": "attrbute_3",
                        "WEIGHT": "attrbute_5"
                    },
                    "indices": "indices_6",
                    "material": "Material #35"
                }
            ]
        },
        "totem_model_LOD0-mesh": {
            "name": "totem_model_LOD0-mesh",
            "primitives": [
                {
                    "attributes": {
                        "JOINT": "attrbute_22",
                        "NORMAL": "attrbute_20",
                        "POSITION": "attrbute_19",
                        "TEXCOORD_0": "attrbute_21",
                        "WEIGHT": "attrbute_23"
                    },
                    "indices": "indices_24",
                    "material": "Material #68"
                }
            ]
        }
    },
    "nodes": {
        "Flap_Left_R0C0": {
            "children": [
                "Flap_Left_R1C0"
            ],
            "jointId": "Flap_Left_R0C0",
            "matrix": [
                -0.5523120164871217,
                0.10433675348758685,
                -0.8270822763442992,
                0,
                -0.5831051307650583,
                0.6606896418462811,
                0.472734326526895,
                0,
                0.595768327598484,
                0.7433728551053191,
                -0.30406756768404175,
                0,
                -7.385913848876953,
                18.399995803833004,
                19.47964859008789,
                1
            ],
            "name": "Flap_Left_R0C0"
        },
        "Flap_Left_R1C0": {
            "children": [
                "Flap_Left_R2C0"
            ],
            "jointId": "Flap_Left_R1C0",
            "matrix": [
                0.9999999403953552,
                0,
                -1.7881393432617188e-7,
                0,
                -1.3378187446733136e-14,
                0.9999998211860651,
                -7.450580616352731e-8,
                0,
                1.7881393427066072e-7,
                7.45058148232669e-8,
                0.9999999403953528,
                0,
                7.258441925048832,
                0.000007629394545460855,
                0,
                1
            ],
            "name": "Flap_Left_R1C0"
        },
        "Flap_Left_R2C0": {
            "children": [],
            "jointId": "Flap_Left_R2C0",
            "matrix": [
                1.0000001192092896,
                2.9802322443206464e-8,
                2.9802322387695312e-8,
                0,
                -2.9802328382899645e-8,
                1.0000002384185804,
                7.450580596923828e-8,
                0,
                -2.980232005622696e-8,
                -7.450579811441038e-8,
                1.0000001192092904,
                0,
                19.50248146057129,
                0,
                -0.00000762939453125,
                1
            ],
            "name": "Flap_Left_R2C0"
        },
        "Flap_Right_R0C0": {
            "children": [
                "Flap_Right_R1C0"
            ],
            "jointId": "Flap_Right_R0C0",
            "matrix": [
                -0.5523120164871216,
                -0.1043373867869378,
                -0.8270823359489443,
                0,
                -0.5461957682182593,
                -0.7042268927218626,
                0.4535796057143715,
                0,
                -0.6297789504117602,
                0.7022663565765858,
                0.3319643445830116,
                0,
                -7.385906219482422,
                -18.40000343322754,
                19.47964859008789,
                1
            ],
            "name": "Flap_Right_R0C0"
        },
        "Flap_Right_R1C0": {
            "children": [
                "Flap_Right_R2C0"
            ],
            "jointId": "Flap_Right_R1C0",
            "matrix": [
                0.9999999999999996,
                -2.980232233218416e-8,
                2.9802322443206464e-8,
                0,
                2.980232988170073e-8,
                1.000000357627868,
                1.0430812830142244e-7,
                0,
                -2.9802339707174497e-8,
                -1.0430814001427535e-7,
                1.0000004768371544,
                0,
                7.2584571838378835,
                0,
                -0.000003814697265625,
                1
            ],
            "name": "Flap_Right_R1C0"
        },
        "Flap_Right_R2C0": {
            "children": [],
            "jointId": "Flap_Right_R2C0",
            "matrix": [
                0.9999997615814211,
                5.551115123125783e-17,
                0,
                0,
                5.551115123125783e-17,
                0.9999995827674873,
                2.980232241545089e-8,
                0,
                1.1102230246251565e-16,
                -2.980232405302985e-8,
                0.9999996423721326,
                0,
                19.502481460571296,
                -0.00000762939453125,
                0.000011444091789769573,
                1
            ],
            "name": "Flap_Right_R2C0"
        },
        "ankle_L": {
            "children": [],
            "jointId": "ankle_L",
            "matrix": [
                0.2550011873245241,
                -0.399266839027405,
                0.8806589245796206,
                0,
                -0.12714943932327105,
                0.8890141494376747,
                0.4398719146309818,
                0,
                -0.9585441823395869,
                -0.2241430715099417,
                0.1759330481115609,
                0,
                24.259536743164066,
                -0.000011444091796875,
                0.000011444091796875,
                1
            ],
            "name": "ankle_L"
        },
        "ankle_R": {
            "children": [],
            "jointId": "ankle_R",
            "matrix": [
                0.25500157475471497,
                -0.3992670178413391,
                0.8806589841842651,
                0,
                -0.12714934576442485,
                0.8890137295128995,
                0.4398719038339238,
                0,
                -0.9585442646867595,
                -0.22414324031745556,
                0.17593335969869633,
                0,
                -24.259525299072266,
                -0.000003814697265625,
                0.000030517578121447286,
                1
            ],
            "name": "ankle_R"
        },
        "beard_R0C0": {
            "children": [
                "beard_R1C0"
            ],
            "jointId": "beard_R0C0",
            "matrix": [
                -0.19533006846904769,
                2.7942189719231327e-7,
                -0.9807372689247135,
                0,
                2.7555129006029232e-8,
                0.9999999999999999,
                2.794219824615728e-7,
                0,
                0.980737268924715,
                2.7555172999732476e-8,
                -0.19533006846904014,
                0,
                5.760978698730469,
                -0.0000015512132449657622,
                -15.855751037597656,
                1
            ],
            "name": "beard_R0C0"
        },
        "beard_R1C0": {
            "children": [
                "beard_R2C0"
            ],
            "jointId": "beard_R1C0",
            "matrix": [
                0.9494330883026123,
                -4.5272497573023413e-7,
                0.31397014856338495,
                0,
                1.6134405052546466e-7,
                0.9999999999999999,
                9.540384553473502e-7,
                0,
                -0.3139701485637526,
                -8.551384615064147e-7,
                0.949433088302491,
                0,
                3.378631591796875,
                0.0000038146990846144035,
                -0.03699493408203125,
                1
            ],
            "name": "beard_R1C0"
        },
        "beard_R2C0": {
            "children": [],
            "jointId": "beard_R2C0",
            "matrix": [
                0.9999998211860653,
                -9.76996249758737e-15,
                -2.384185791015625e-7,
                0,
                2.448128944291584e-14,
                0.9999999999999994,
                6.170375854708246e-8,
                0,
                2.3841857915707365e-7,
                -6.170374751359658e-8,
                0.9999998211860652,
                0,
                20.378589630126946,
                0.0000038146899896673994,
                0.000022888183579539145,
                1
            ],
            "name": "beard_R2C0"
        },
        "belt_model_LOD0": {
            "children": [],
            "instanceSkin": {
                "skeletons": [
                    "root"
                ],
                "skin": "skin_2",
                "sources": [
                    "belt_model_LOD0-mesh"
                ]
            },
            "matrix": [
                1,
                0,
                0,
                0,
                0,
                1,
                0,
                0,
                0,
                0,
                1,
                0,
                0,
                0,
                0,
                1
            ],
            "name": "belt_model_LOD0"
        },
        "bicep_L": {
            "children": [
                "elbow_L"
            ],
            "jointId": "bicep_L",
            "matrix": [
                0.6172721385955812,
                -0.708379089832306,
                -0.342307209968567,
                0,
                -0.7704750737793316,
                -0.6323257621964566,
                -0.08082344694595178,
                0,
                -0.15919604659502246,
                0.3136292720963241,
                -0.9361056183404922,
                0,
                20.123376846313477,
                -0.00000762939453125,
                -1.7763568394002505e-15,
                1
            ],
            "name": "bicep_L"
        },
        "bicep_R": {
            "children": [
                "elbow_R"
            ],
            "jointId": "bicep_R",
            "matrix": [
                0.6660377979278567,
                -0.675926923751831,
                -0.3154623508453369,
                0,
                -0.7435954619225592,
                -0.6350112483793409,
                -0.2093482286118178,
                0,
                -0.058818031586892555,
                0.37401017082447596,
                -0.9255576003648673,
                0,
                -20.123376846313487,
                -0.00000762939453125,
                0,
                1
            ],
            "name": "bicep_R"
        },
        "bracers_model_LOD0": {
            "children": [],
            "instanceSkin": {
                "skeletons": [
                    "root"
                ],
                "skin": "skin_1",
                "sources": [
                    "bracers_model_LOD0-mesh"
                ]
            },
            "matrix": [
                1,
                0,
                0,
                0,
                0,
                1,
                0,
                0,
                0,
                0,
                1,
                0,
                0,
                0,
                0,
                1
            ],
            "name": "bracers_model_LOD0"
        },
        "clavicle_L": {
            "children": [
                "bicep_L"
            ],
            "jointId": "clavicle_L",
            "matrix": [
                0.28684189915657043,
                0.9291678667068479,
                -0.2331712543964386,
                0,
                0.06877966624564269,
                0.22279634514661084,
                0.9724358836861733,
                0,
                0.9555057739408008,
                -0.29497276436085107,
                -5.289912181488665e-7,
                0,
                5.390398025512697,
                11.293956756591797,
                9.768806457519531,
                1
            ],
            "name": "clavicle_L"
        },
        "clavicle_R": {
            "children": [
                "bicep_R"
            ],
            "jointId": "clavicle_R",
            "matrix": [
                -0.2868420779705048,
                0.9291673302650454,
                0.23317286372184767,
                0,
                -0.0687791051140126,
                0.22279820808019404,
                -0.9724354455415978,
                0,
                -0.955505724996028,
                -0.2949728192372702,
                -6.034970103929727e-7,
                0,
                5.390390396118164,
                -11.293966293334963,
                9.768791198730483,
                1
            ],
            "name": "clavicle_R"
        },
        "ear0_0_L": {
            "children": [],
            "jointId": "ear0_0_L",
            "matrix": [
                0.9834715723991396,
                -4.051663519268897e-14,
                -0.1810614466667175,
                0,
                4.250570671770453e-14,
                1,
                7.105427331131222e-15,
                0,
                0.18106144666671747,
                -1.4684130536362302e-14,
                0.9834715723991394,
                0,
                1.3096847534179616,
                13.288200378417969,
                2.0609893798828125,
                1
            ],
            "name": "ear0_0_L"
        },
        "ear1_0_R": {
            "children": [],
            "jointId": "ear1_0_R",
            "matrix": [
                0.9834715723991396,
                -4.051663519268897e-14,
                -0.1810614466667175,
                0,
                4.250570671770453e-14,
                1,
                7.105427331131222e-15,
                0,
                0.18106144666671747,
                -1.4684130536362302e-14,
                0.9834715723991394,
                0,
                1.3096847534179616,
                -13.288204193115238,
                2.0609817504882812,
                1
            ],
            "name": "ear1_0_R"
        },
        "earthshaker_model_LOD0": {
            "children": [],
            "instanceSkin": {
                "skeletons": [
                    "root"
                ],
                "skin": "skin_0",
                "sources": [
                    "earthshaker_model_LOD0-mesh"
                ]
            },
            "matrix": [
                1,
                0,
                0,
                0,
                0,
                1,
                0,
                0,
                0,
                0,
                1,
                0,
                0,
                0,
                0,
                1
            ],
            "name": "earthshaker_model_LOD0"
        },
        "elbow_L": {
            "children": [
                "wrist_L"
            ],
            "jointId": "elbow_L",
            "matrix": [
                0.45736813545227023,
                2.980232238769531e-7,
                -0.8892774581909177,
                0,
                1.306630689201782e-7,
                0.9999997615814338,
                4.023314363610364e-7,
                0,
                0.8892775282205839,
                -3.002093960369212e-7,
                0.4573681714694301,
                0,
                47.2715606689453,
                0,
                -0.000020980834964490214,
                1
            ],
            "name": "elbow_L"
        },
        "elbow_R": {
            "children": [
                "wrist_R"
            ],
            "jointId": "elbow_R",
            "matrix": [
                0.48702323436737066,
                -5.066394805353092e-7,
                -0.8733896017074587,
                0,
                3.7221351117944224e-7,
                0.9999999999999664,
                -3.7252888293592967e-7,
                0,
                0.8733894705467228,
                -1.436571674950926e-7,
                0.4870231612290453,
                0,
                -47.27155685424803,
                0,
                -0.000003814697265625,
                1
            ],
            "name": "elbow_R"
        },
        "head": {
            "children": [
                "ear0_0_L",
                "ear1_0_R",
                "beard_R0C0"
            ],
            "jointId": "head",
            "matrix": [
                0.8793714046478275,
                -4.1931696159736036e-7,
                -0.47613644599914584,
                0,
                2.497975929870093e-7,
                0.9999999999999998,
                -4.19316990019046e-7,
                0,
                0.47613644599923777,
                2.4979763236172776e-7,
                0.879371404647778,
                0,
                12.333793640136719,
                4.547473508864641e-13,
                -0.00000762939453125,
                1
            ],
            "name": "head"
        },
        "index_0_L": {
            "children": [
                "index_1_L"
            ],
            "jointId": "index_0_L",
            "matrix": [
                0.8113065361976627,
                0.5836849212646487,
                -0.033069357275962816,
                0,
                -0.06768626211791862,
                0.14996616561352294,
                0.9863718375060233,
                0,
                0.5806896855340536,
                -0.7980116223844269,
                0.1611759899696831,
                0,
                16.915891647338867,
                -2.7633285522460866,
                -7.112800598144531,
                1
            ],
            "name": "index_0_L"
        },
        "index_0_R": {
            "children": [
                "index_1_R"
            ],
            "jointId": "index_0_R",
            "matrix": [
                0.6389377713203431,
                0.7658256888389587,
                -0.07258940488100049,
                0,
                -0.06768633998394971,
                0.14996557810605762,
                0.9863716757894097,
                0,
                0.7662746524913785,
                -0.6253167865299382,
                0.14765460486731719,
                0,
                -16.915863037109375,
                2.7633323669433523,
                7.112794876098636,
                1
            ],
            "name": "index_0_R"
        },
        "index_1_L": {
            "children": [
                "index_2_L"
            ],
            "jointId": "index_1_L",
            "matrix": [
                0.7371091842651367,
                2.663582564406408e-7,
                -0.6757732629776002,
                0,
                -2.793879082807482e-7,
                0.9999999403953234,
                8.940698099924038e-8,
                0,
                0.6757732580365166,
                1.2290017800675734e-7,
                0.7371091788756284,
                0,
                7.769382476806641,
                0.000001907348634588857,
                -0.00000762939453125,
                1
            ],
            "name": "index_1_L"
        },
        "index_1_R": {
            "children": [
                "index_2_R"
            ],
            "jointId": "index_1_R",
            "matrix": [
                0.7371087670326232,
                -7.385388017776273e-7,
                -0.6757739782333376,
                0,
                0.0000013503011833670975,
                0.9999996423721191,
                3.799795657288829e-7,
                0,
                0.675773953483783,
                -0.0000011925850545296823,
                0.7371087400380458,
                0,
                -7.769439697265625,
                0.000028610229495740214,
                -0.00002288818359375,
                1
            ],
            "name": "index_1_R"
        },
        "index_2_L": {
            "children": [],
            "jointId": "index_2_L",
            "matrix": [
                0.9999999403953553,
                -4.768371583419029e-7,
                -1.0430812841244474e-7,
                0,
                4.768371430104168e-7,
                0.999999880790714,
                1.2665987014770508e-7,
                0,
                1.0430809907480132e-7,
                -1.2665996522442935e-7,
                1.0000002384186069,
                0,
                11.528911590576165,
                -9.5367431640625e-7,
                0.000004768371582919428,
                1
            ],
            "name": "index_2_L"
        },
        "index_2_R": {
            "children": [],
            "jointId": "index_2_R",
            "matrix": [
                0.9999998807907103,
                -6.426125764152912e-8,
                -7.450580596923828e-9,
                0,
                6.426126895713036e-8,
                0.9999999999999979,
                4.917383194247282e-7,
                0,
                7.450549024956565e-9,
                -4.917382612490417e-7,
                0.9999998807906961,
                0,
                -11.528938293457031,
                -0.000017166137702417927,
                0.000019073486328125,
                1
            ],
            "name": "index_2_R"
        },
        "joint8": {
            "children": [],
            "jointId": "joint8",
            "matrix": [
                -2.82129974432503e-7,
                1.0000000000000002,
                -4.470348713425666e-8,
                0,
                -0.9990561604499817,
                -2.838054815522527e-7,
                -0.04343716055154798,
                0,
                -0.0434371605515572,
                3.240636921924424e-8,
                0.9990561604499815,
                0,
                -13.168300628662102,
                4.5474735003943117e-13,
                11.803333282470703,
                1
            ],
            "name": "joint8"
        },
        "knee_L": {
            "children": [
                "ankle_L"
            ],
            "jointId": "knee_L",
            "matrix": [
                0.5696210861206055,
                -2.6449561123242926e-7,
                -0.8219075798988345,
                0,
                5.313100312487329e-8,
                1.0000001192092915,
                -2.849847216719603e-7,
                0,
                0.8219076201636875,
                1.1866452427275465e-7,
                0.5696211140260277,
                0,
                26.994518280029297,
                0.000003814697272730427,
                -0.000011444091798651357,
                1
            ],
            "name": "knee_L"
        },
        "knee_R": {
            "children": [
                "ankle_R"
            ],
            "jointId": "knee_R",
            "matrix": [
                0.5696215629577643,
                -2.719461918085364e-7,
                -0.8219075798988345,
                0,
                1.1727561224222915e-7,
                1.0000003576278675,
                -2.495944515096271e-7,
                0,
                0.8219077565042159,
                4.578466038240858e-8,
                0.5696216853537892,
                0,
                -26.994537353515625,
                0.000007629394538355427,
                0.000001907348634588857,
                1
            ],
            "name": "knee_R"
        },
        "loincloth1_0": {
            "children": [],
            "jointId": "loincloth1_0",
            "matrix": [
                0.7800844311714173,
                3.719732148965704e-7,
                -0.6256742477416991,
                0,
                0.6256742477416255,
                2.5463332069154673e-7,
                0.7800844311714765,
                0,
