{
    "animations": {},
    "asset": {},
    "attributes": {
        "attribute_1": {
            "bufferView": "bufferView_37",
            "byteOffset": 0,
            "byteStride": 12,
            "count": 1599,
            "max": [
                1,
                1,
                1
            ],
            "min": [
                0,
                0,
                0
            ],
            "type": "FLOAT_VEC3"
        },
        "attribute_10": {
            "bufferView": "bufferView_37",
            "byteOffset": 105892,
            "byteStride": 16,
            "count": 311,
            "max": [
                1,
                1,
                1
            ],
            "min": [
                0,
                0,
                0
            ],
            "type": "FLOAT_VEC4"
        },
        "attribute_11": {
            "bufferView": "bufferView_37",
            "byteOffset": 110868,
            "byteStride": 12,
            "count": 311,
            "max": [
                1,
                1,
                1
            ],
            "min": [
                0,
                0,
                0
            ],
            "type": "FLOAT_VEC3"
        },
        "attribute_13": {
            "bufferView": "bufferView_37",
            "byteOffset": 114600,
            "byteStride": 12,
            "count": 381,
            "max": [
                1,
                1,
                1
            ],
            "min": [
                0,
                0,
                0
            ],
            "type": "FLOAT_VEC3"
        },
        "attribute_14": {
            "bufferView": "bufferView_37",
            "byteOffset": 119172,
            "byteStride": 12,
            "count": 381,
            "max": [
                1,
                1,
                1
            ],
            "min": [
                0,
                0,
                0
            ],
            "type": "FLOAT_VEC3"
        },
        "attribute_15": {
            "bufferView": "bufferView_37",
            "byteOffset": 123744,
            "byteStride": 8,
            "count": 381,
            "max": [
                1,
                1,
                1
            ],
            "min": [
                0,
                0,
                0
            ],
            "type": "FLOAT_VEC2"
        },
        "attribute_16": {
            "bufferView": "bufferView_37",
            "byteOffset": 126792,
            "byteStride": 16,
            "count": 381,
            "max": [
                1,
                1,
                1
            ],
            "min": [
                0,
                0,
                0
            ],
            "type": "FLOAT_VEC4"
        },
        "attribute_17": {
            "bufferView": "bufferView_37",
            "byteOffset": 132888,
            "byteStride": 12,
            "count": 381,
            "max": [
                1,
                1,
                1
            ],
            "min": [
                0,
                0,
                0
            ],
            "type": "FLOAT_VEC3"
        },
        "attribute_19": {
            "bufferView": "bufferView_37",
            "byteOffset": 137460,
            "byteStride": 12,
            "count": 509,
            "max": [
                1,
                1,
                1
            ],
            "min": [
                0,
                0,
                0
            ],
            "type": "FLOAT_VEC3"
        },
        "attribute_2": {
            "bufferView": "bufferView_37",
            "byteOffset": 19188,
            "byteStride": 12,
            "count": 1599,
            "max": [
                1,
                1,
                1
            ],
            "min": [
                0,
                0,
                0
            ],
            "type": "FLOAT_VEC3"
        },
        "attribute_20": {
            "bufferView": "bufferView_37",
            "byteOffset": 143568,
            "byteStride": 12,
            "count": 509,
            "max": [
                1,
                1,
                1
            ],
            "min": [
                0,
                0,
                0
            ],
            "type": "FLOAT_VEC3"
        },
        "attribute_21": {
            "bufferView": "bufferView_37",
            "byteOffset": 149676,
            "byteStride": 8,
            "count": 509,
            "max": [
                1,
                1,
                1
            ],
            "min": [
                0,
                0,
                0
            ],
            "type": "FLOAT_VEC2"
        },
        "attribute_22": {
            "bufferView": "bufferView_37",
            "byteOffset": 153748,
            "byteStride": 16,
            "count": 509,
            "max": [
                1,
                1,
                1
            ],
            "min": [
                0,
                0,
                0
            ],
            "type": "FLOAT_VEC4"
        },
        "attribute_23": {
            "bufferView": "bufferView_37",
            "byteOffset": 161892,
            "byteStride": 12,
            "count": 509,
            "max": [
                1,
                1,
                1
            ],
            "min": [
                0,
                0,
                0
            ],
            "type": "FLOAT_VEC3"
        },
        "attribute_25": {
            "bufferView": "bufferView_37",
            "byteOffset": 168000,
            "byteStride": 12,
            "count": 151,
            "max": [
                1,
                1,
                1
            ],
            "min": [
                0,
                0,
                0
            ],
            "type": "FLOAT_VEC3"
        },
        "attribute_26": {
            "bufferView": "bufferView_37",
            "byteOffset": 169812,
            "byteStride": 12,
            "count": 151,
            "max": [
                1,
                1,
                1
            ],
            "min": [
                0,
                0,
                0
            ],
            "type": "FLOAT_VEC3"
        },
        "attribute_27": {
            "bufferView": "bufferView_37",
            "byteOffset": 171624,
            "byteStride": 8,
            "count": 151,
            "max": [
                1,
                1,
                1
            ],
            "min": [
                0,
                0,
                0
            ],
            "type": "FLOAT_VEC2"
        },
        "attribute_28": {
            "bufferView": "bufferView_37",
            "byteOffset": 172832,
            "byteStride": 16,
            "count": 151,
            "max": [
                1,
                1,
                1
            ],
            "min": [
                0,
                0,
                0
            ],
            "type": "FLOAT_VEC4"
        },
        "attribute_29": {
            "bufferView": "bufferView_37",
            "byteOffset": 175248,
            "byteStride": 12,
            "count": 151,
            "max": [
                1,
                1,
                1
            ],
            "min": [
                0,
                0,
                0
            ],
            "type": "FLOAT_VEC3"
        },
        "attribute_3": {
            "bufferView": "bufferView_37",
            "byteOffset": 38376,
            "byteStride": 8,
            "count": 1599,
            "max": [
                1,
                1,
                1
            ],
            "min": [
                0,
                0,
                0
            ],
            "type": "FLOAT_VEC2"
        },
        "attribute_31": {
            "bufferView": "bufferView_37",
            "byteOffset": 177060,
            "byteStride": 12,
            "count": 198,
            "max": [
                1,
                1,
                1
            ],
            "min": [
                0,
                0,
                0
            ],
            "type": "FLOAT_VEC3"
        },
        "attribute_32": {
            "bufferView": "bufferView_37",
            "byteOffset": 179436,
            "byteStride": 12,
            "count": 198,
            "max": [
                1,
                1,
                1
            ],
            "min": [
                0,
                0,
                0
            ],
            "type": "FLOAT_VEC3"
        },
        "attribute_33": {
            "bufferView": "bufferView_37",
            "byteOffset": 181812,
            "byteStride": 8,
            "count": 198,
            "max": [
                1,
                1,
                1
            ],
            "min": [
                0,
                0,
                0
            ],
            "type": "FLOAT_VEC2"
        },
        "attribute_34": {
            "bufferView": "bufferView_37",
            "byteOffset": 183396,
            "byteStride": 16,
            "count": 198,
            "max": [
                1,
                1,
                1
            ],
            "min": [
                0,
                0,
                0
            ],
            "type": "FLOAT_VEC4"
        },
        "attribute_35": {
            "bufferView": "bufferView_37",
            "byteOffset": 186564,
            "byteStride": 12,
            "count": 198,
            "max": [
                1,
                1,
                1
            ],
            "min": [
                0,
                0,
                0
            ],
            "type": "FLOAT_VEC3"
        },
        "attribute_4": {
            "bufferView": "bufferView_37",
            "byteOffset": 51168,
            "byteStride": 16,
            "count": 1599,
            "max": [
                1,
                1,
                1
            ],
            "min": [
                0,
                0,
                0
            ],
            "type": "FLOAT_VEC4"
        },
        "attribute_5": {
            "bufferView": "bufferView_37",
            "byteOffset": 76752,
            "byteStride": 12,
            "count": 1599,
            "max": [
                1,
                1,
                1
            ],
            "min": [
                0,
                0,
                0
            ],
            "type": "FLOAT_VEC3"
        },
        "attribute_7": {
            "bufferView": "bufferView_37",
            "byteOffset": 95940,
            "byteStride": 12,
            "count": 311,
            "max": [
                1,
                1,
                1
            ],
            "min": [
                0,
                0,
                0
            ],
            "type": "FLOAT_VEC3"
        },
        "attribute_8": {
            "bufferView": "bufferView_37",
            "byteOffset": 99672,
            "byteStride": 12,
            "count": 311,
            "max": [
                1,
                1,
                1
            ],
            "min": [
                0,
                0,
                0
            ],
            "type": "FLOAT_VEC3"
        },
        "attribute_9": {
            "bufferView": "bufferView_37",
            "byteOffset": 103404,
            "byteStride": 8,
            "count": 311,
            "max": [
                1,
                1,
                1
            ],
            "min": [
                0,
                0,
                0
            ],
            "type": "FLOAT_VEC2"
        }
    },
    "bufferViews": {
        "bufferView_37": {
            "buffer": "beastmaster.bin",
            "byteLength": 188940,
            "byteOffset": 0,
            "target": "ARRAY_BUFFER"
        },
        "bufferView_38": {
            "buffer": "beastmaster.bin",
            "byteLength": 34650,
            "byteOffset": 188940,
            "target": "ELEMENT_ARRAY_BUFFER"
        }
    },
    "buffers": {
        "beastmaster.bin": {
            "byteLength": 223590,
            "path": "beastmaster.bin"
        }
    },
    "cameras": {},
    "images": {
        "image_0": {
            "path": "textures/beastmaster_color.png"
        },
        "image_1": {
            "path": "textures/beastmaster_arms_color.png"
        },
        "image_2": {
            "path": "textures/beastmaster_belt_color.png"
        },
        "image_3": {
            "path": "textures/beastmaster_head_color.png"
        },
        "image_4": {
            "path": "textures/beastmaster_shoulder_color.png"
        },
        "image_5": {
            "path": "textures/beastmaster_weapon_color.png"
        }
    },
    "indices": {
        "indices_12": {
            "bufferView": "bufferView_38",
            "byteOffset": 17844,
            "count": 1704,
            "type": "UNSIGNED_SHORT"
        },
        "indices_18": {
            "bufferView": "bufferView_38",
            "byteOffset": 21252,
            "count": 2010,
            "type": "UNSIGNED_SHORT"
        },
        "indices_24": {
            "bufferView": "bufferView_38",
            "byteOffset": 25272,
            "count": 2688,
            "type": "UNSIGNED_SHORT"
        },
        "indices_30": {
            "bufferView": "bufferView_38",
            "byteOffset": 30648,
            "count": 861,
            "type": "UNSIGNED_SHORT"
        },
        "indices_36": {
            "bufferView": "bufferView_38",
            "byteOffset": 32370,
            "count": 1140,
            "type": "UNSIGNED_SHORT"
        },
        "indices_6": {
            "bufferView": "bufferView_38",
            "byteOffset": 0,
            "count": 8922,
            "type": "UNSIGNED_SHORT"
        }
    },
    "lights": {},
    "materials": {
        "Material #35": {
            "instanceTechnique": {
                "technique": "technique_0",
                "values": [
                    {
                        "parameter": "ambient",
                        "value": [
                            0.5879999995231628,
                            0.5879999995231628,
                            0.5879999995231628
                        ]
                    },
                    {
                        "parameter": "emission",
                        "value": [
                            0,
                            0,
                            0
                        ]
                    },
                    {
                        "parameter": "diffuse",
                        "value": "Map #7"
                    },
                    {
                        "parameter": "shininess",
                        "value": 2
                    },
                    {
                        "parameter": "specular",
                        "value": [
                            0.8999999761581421,
                            0.8999999761581421,
                            0.8999999761581421
                        ]
                    }
                ]
            },
            "name": "Material #35"
        },
        "Material #46": {
            "instanceTechnique": {
                "technique": "technique_0",
                "values": [
                    {
                        "parameter": "ambient",
                        "value": [
                            0.5879999995231628,
                            0.5879999995231628,
                            0.5879999995231628
                        ]
                    },
                    {
                        "parameter": "emission",
                        "value": [
                            0,
                            0,
                            0
                        ]
                    },
                    {
                        "parameter": "diffuse",
                        "value": "Map #8"
                    },
                    {
                        "parameter": "shininess",
                        "value": 2
                    },
                    {
                        "parameter": "specular",
                        "value": [
                            0.8999999761581421,
                            0.8999999761581421,
                            0.8999999761581421
                        ]
                    }
                ]
            },
            "name": "Material #46"
        },
        "Material #57": {
            "instanceTechnique": {
                "technique": "technique_0",
                "values": [
                    {
                        "parameter": "ambient",
                        "value": [
                            0.5879999995231628,
                            0.5879999995231628,
                            0.5879999995231628
                        ]
                    },
                    {
                        "parameter": "emission",
                        "value": [
                            0,
                            0,
                            0
                        ]
                    },
                    {
                        "parameter": "diffuse",
                        "value": "Map #9"
                    },
                    {
                        "parameter": "shininess",
                        "value": 2
                    },
                    {
                        "parameter": "specular",
                        "value": [
                            0.8999999761581421,
                            0.8999999761581421,
                            0.8999999761581421
                        ]
                    }
                ]
            },
            "name": "Material #57"
        },
        "Material #68": {
            "instanceTechnique": {
                "technique": "technique_0",
                "values": [
                    {
                        "parameter": "ambient",
                        "value": [
                            0.5879999995231628,
                            0.5879999995231628,
                            0.5879999995231628
                        ]
                    },
                    {
                        "parameter": "emission",
                        "value": [
                            0,
                            0,
                            0
                        ]
                    },
                    {
                        "parameter": "diffuse",
                        "value": "Map #10"
                    },
                    {
                        "parameter": "shininess",
                        "value": 2
                    },
                    {
                        "parameter": "specular",
                        "value": [
                            0.8999999761581421,
                            0.8999999761581421,
                            0.8999999761581421
                        ]
                    }
                ]
            },
            "name": "Material #68"
        },
        "Material #79": {
            "instanceTechnique": {
                "technique": "technique_0",
                "values": [
                    {
                        "parameter": "ambient",
                        "value": [
                            0.5879999995231628,
                            0.5879999995231628,
                            0.5879999995231628
                        ]
                    },
                    {
                        "parameter": "emission",
                        "value": [
                            0,
                            0,
                            0
                        ]
                    },
                    {
                        "parameter": "diffuse",
                        "value": "Map #11"
                    },
                    {
                        "parameter": "shininess",
                        "value": 2
                    },
                    {
                        "parameter": "specular",
                        "value": [
                            0.8999999761581421,
                            0.8999999761581421,
                            0.8999999761581421
                        ]
                    }
                ]
            },
            "name": "Material #79"
        },
        "Material #90": {
            "instanceTechnique": {
                "technique": "technique_0",
                "values": [
                    {
                        "parameter": "ambient",
                        "value": [
                            0.5879999995231628,
                            0.5879999995231628,
                            0.5879999995231628
                        ]
                    },
                    {
                        "parameter": "emission",
                        "value": [
                            0,
                            0,
                            0
                        ]
                    },
                    {
                        "parameter": "diffuse",
                        "value": "Map #12"
                    },
                    {
                        "parameter": "shininess",
                        "value": 2
                    },
                    {
                        "parameter": "specular",
                        "value": [
                            0.8999999761581421,
                            0.8999999761581421,
                            0.8999999761581421
                        ]
                    }
                ]
            },
            "name": "Material #90"
        }
    },
    "meshes": {
        "beastmaster_arms_model_LOD0-mesh": {
            "name": "beastmaster_arms_model_LOD0-mesh",
            "primitives": [
                {
                    "indices": "indices_12",
                    "material": "Material #46",
                    "semantics": {
                        "JOINT": "attribute_10",
                        "NORMAL": "attribute_8",
                        "POSITION": "attribute_7",
                        "TEXCOORD_0": "attribute_9",
                        "WEIGHT": "attribute_11"
                    },
                    "skin": "skin_1"
                }
            ]
        },
        "beastmaster_belt_model_LOD0-mesh": {
            "name": "beastmaster_belt_model_LOD0-mesh",
            "primitives": [
                {
                    "indices": "indices_18",
                    "material": "Material #57",
                    "semantics": {
                        "JOINT": "attribute_16",
                        "NORMAL": "attribute_14",
                        "POSITION": "attribute_13",
                        "TEXCOORD_0": "attribute_15",
                        "WEIGHT": "attribute_17"
                    },
                    "skin": "skin_2"
                }
            ]
        },
        "beastmaster_head_model_LOD0-mesh": {
            "name": "beastmaster_head_model_LOD0-mesh",
            "primitives": [
                {
                    "indices": "indices_24",
                    "material": "Material #68",
                    "semantics": {
                        "JOINT": "attribute_22",
                        "NORMAL": "attribute_20",
                        "POSITION": "attribute_19",
                        "TEXCOORD_0": "attribute_21",
                        "WEIGHT": "attribute_23"
                    },
                    "skin": "skin_3"
                }
            ]
        },
        "beastmaster_model_LOD0-mesh": {
            "name": "beastmaster_model_LOD0-mesh",
            "primitives": [
                {
                    "indices": "indices_6",
                    "material": "Material #35",
                    "semantics": {
                        "JOINT": "attribute_4",
                        "NORMAL": "attribute_2",
                        "POSITION": "attribute_1",
                        "TEXCOORD_0": "attribute_3",
                        "WEIGHT": "attribute_5"
                    },
                    "skin": "skin_0"
                }
            ]
        },
        "beastmaster_shoulder_model_LOD0-mesh": {
            "name": "beastmaster_shoulder_model_LOD0-mesh",
            "primitives": [
                {
                    "indices": "indices_30",
                    "material": "Material #79",
                    "semantics": {
                        "JOINT": "attribute_28",
                        "NORMAL": "attribute_26",
                        "POSITION": "attribute_25",
                        "TEXCOORD_0": "attribute_27",
                        "WEIGHT": "attribute_29"
                    },
                    "skin": "skin_4"
                }
            ]
        },
        "beastmaster_weapon_model_LOD0-mesh": {
            "name": "beastmaster_weapon_model_LOD0-mesh",
            "primitives": [
                {
                    "indices": "indices_36",
                    "material": "Material #90",
                    "semantics": {
                        "JOINT": "attribute_34",
                        "NORMAL": "attribute_32",
                        "POSITION": "attribute_31",
                        "TEXCOORD_0": "attribute_33",
                        "WEIGHT": "attribute_35"
                    },
                    "skin": "skin_5"
                }
            ]
        }
    },
    "nodes": {
        "Head_0": {
            "children": [
                "Head_1"
            ],
            "matrix": [
                0.987219750881195,
                3.552713688726668e-15,
                -0.15936441719532002,
                0,
                -2.9176680444498937e-15,
                0.9999999999999998,
                4.2188474770319826e-15,
                0,
                0.15936441719532005,
                -3.699957141643195e-15,
                0.9872197508811948,
                0,
                27.462265014648438,
                0.0000016589315237069972,
                -0.0000057220458984375,
                1
            ],
            "name": "Head_0"
        },
        "Head_1": {
            "children": [
                "ponyTail2_0",
                "beard_R0C0",
                "beard3_0"
            ],
            "matrix": [
                0.32265096902847246,
                -1.5385194274131195e-7,
                -0.9465178847312927,
                0,
                2.5502213459810814e-8,
                0.9999999999999998,
                -1.538519569521649e-7,
                0,
                0.9465178847312942,
                2.5502181857596167e-8,
                0.3226509690284689,
                0,
                7.0902252197265625,
                1.0617327461659358e-7,
                0.000007629394524144573,
                1
            ],
            "name": "Head_1"
        },
        "Index_0_L": {
            "children": [
                "Index_1_L"
            ],
            "matrix": [
                0.7349982857704164,
                0.5670970082283022,
                -0.3717240095138551,
                0,
                0.24559496348148876,
                0.28834081551963897,
                0.9254960190329472,
                0,
                0.6320291353294052,
                -0.7715314194155125,
                0.07265382549466981,
                0,
                12.516654968261719,
                -7.331588745117202,
                -8.43322372436523,
                1
            ],
            "name": "Index_0_L"
        },
        "Index_0_R": {
            "children": [
                "Index_1_R"
            ],
            "matrix": [
                0.7349983453750613,
                0.5670968294143678,
                -0.3717238903045654,
                0,
                0.24559529691395504,
                0.288340366972964,
                0.9254961914993487,
                0,
                0.6320290195078031,
                -0.771531882747269,
                0.07265338541210181,
                0,
                -12.51666259765625,
                7.331596374511719,
                8.433242797851555,
                1
            ],
            "name": "Index_0_R"
        },
        "Index_1_L": {
            "children": [
                "Index_2_L"
            ],
            "matrix": [
                0.3825876712799075,
                -5.234032869165517e-7,
                -0.9239192008972166,
                0,
                3.2449226672337517e-7,
                0.9999999999999825,
                -4.321336171675405e-7,
                0,
                0.923919221966279,
                -1.3447564450874694e-7,
                0.38258768000451626,
                0,
                11.161216735839844,
                0.0000152587890625,
                -0.000022888183586644573,
                1
            ],
            "name": "Index_1_L"
        },
        "Index_1_R": {
            "children": [
                "Index_2_R"
            ],
            "matrix": [
                0.6458126306533816,
                -3.5017728801378656e-7,
                -0.763495683670044,
                0,
                2.603632497377717e-7,
                1.000000357627846,
                -2.3841855550932323e-7,
                0,
                0.76349567831453,
                -4.481248666587945e-8,
                0.6458126261233712,
                0,
                -11.161216735839844,
                0.00000762939453125,
                -0.000003814697272730427,
                1
            ],
            "name": "Index_1_R"
        },
        "Index_2_L": {
            "children": [],
            "matrix": [
                0.34541296958923323,
                4.76837158203125e-7,
                0.9384506940841675,
                0,
                -0.0000011375750230864512,
                1.0000001192089338,
                -8.940698620341081e-8,
                0,
                -0.9384504883015615,
                -0.0000010366753864510247,
                0.34541289384792145,
                0,
                5.977378845214858,
                -0.000053405761704539145,
                0.000030517578110789145,
                1
            ],
            "name": "Index_2_L"
        },
        "Index_2_R": {
            "children": [],
            "matrix": [
                0.5683642625808714,
                8.940696727410824e-8,
                0.8227771520614624,
                0,
                -2.8673327849559893e-7,
                0.9999995231628005,
                8.940698426052052e-8,
                0,
                -0.8227771366648284,
                -2.867334563116941e-7,
                0.5683642519450984,
                0,
                -5.977386474609375,
                -0.00003814697265625,
                -0.00004196166992898043,
                1
            ],
            "name": "Index_2_R"
        },
        "Mid_0_L": {
            "children": [
                "Mid_1_L"
            ],
            "matrix": [
                0.7901375889778138,
                0.5592934489250185,
                -0.25074613094329834,
                0,
                0.10457161913277946,
                0.2800881684765471,
                0.9542617621546805,
                0,
                0.6039432357584146,
                -0.7802188348261976,
                0.16282193061890976,
                0,
                12.971710205078125,
                -7.016456604003906,
                -2.0954627990722727,
                1
            ],
            "name": "Mid_0_L"
        },
        "Mid_0_R": {
            "children": [
                "Mid_1_R"
            ],
            "matrix": [
                0.7901375293731694,
                0.5592933893203738,
                -0.25074613094329834,
                0,
                0.1045717036354682,
                0.2800881475256276,
                0.9542618902664279,
                0,
                0.603943360609654,
                -0.780219049355532,
                0.16282188743441833,
                0,
                -12.971725463867188,
                7.016456604003906,
                2.095466613769524,
                1
            ],
            "name": "Mid_0_R"
        },
        "Mid_1_L": {
            "children": [
                "Mid_2_L"
            ],
            "matrix": [
                0.6415562629699709,
                -1.7136335370149247e-7,
                -0.7670761346817017,
                0,
                8.894008185489355e-8,
                1.0000001192094297,
                -1.4901168535197407e-7,
                0,
                0.7670762277809993,
                2.7375565925247258e-8,
                0.6415563408350353,
                0,
                11.276229858398423,
                -0.00000762939453125,
                7.105427357601002e-15,
                1
            ],
            "name": "Mid_1_L"
        },
        "Mid_1_R": {
            "children": [
                "Mid_2_R"
            ],
            "matrix": [
                0.595348954200745,
                1.6950070859042543e-7,
                -0.8034671545028689,
                0,
                1.1749633693769468e-7,
                0.9999995231628789,
                2.9802332024431166e-7,
                0,
                0.8034670119454459,
                -2.718324008110784e-7,
                0.5953488485692225,
                0,
                -11.276237487792955,
                0.00000762939453125,
                0.0000038146972585195726,
                1
            ],
            "name": "Mid_1_R"
        },
        "Mid_2_L": {
            "children": [],
            "matrix": [
                0.8508103489875793,
                9.23871994060188e-7,
                -0.5254727602005005,
                0,
                -0.0000013435619791307696,
                1.000000119209542,
                -4.172325357987283e-7,
                0,
                0.5254725673960658,
                0.0000010609904653180458,
                0.8508100368133988,
                0,
                7.390769958496094,
                -0.00003433227538351957,
                0.000015258789055394573,
                1
            ],
            "name": "Mid_2_L"
        },
        "Mid_2_R": {
            "children": [],
            "matrix": [
                1.0000002384185793,
                -0.000001318752765658987,
                7.41332769386982e-7,
                0,
                0.0000013187523875204943,
                1.0000001192096353,
                2.98023223821442e-7,
                0,
                -7.413331624128716e-7,
                -2.980222815196498e-7,
                1.0000002384187403,
                0,
                -7.390739440917976,
                -0.00000762939453125,
                -0.000019073486335230427,
                1
            ],
            "name": "Mid_2_R"
        },
        "Pinky_0_L": {
            "children": [
                "Pinky_1_L"
            ],
            "matrix": [
                0.7549464106559751,
                0.3778432607650758,
                -0.5359951257705687,
                0,
                0.30666782523125236,
                0.5190481095963376,
                0.7978367406439532,
                0,
                0.5796644658709053,
                -0.7666964080684543,
                0.27598112359685095,
                0,
                11.94869232177733,
                0.06521606445311079,
                8.062934875488285,
                1
            ],
            "name": "Pinky_0_L"
        },
        "Pinky_0_R": {
            "children": [
                "Pinky_1_R"
            ],
            "matrix": [
                0.04063368588686013,
                0.8217151761054996,
                -0.5684481263160708,
                0,
                -0.19948334798926273,
                0.5641359582171208,
                0.801222334047642,
                0,
                0.9790583239470075,
                0.08083929762664319,
                0.18684136892843803,
                0,
                -11.948692321777344,
                -0.0652008056640625,
                -8.062934875488281,
                1
            ],
            "name": "Pinky_0_R"
        },
        "Pinky_1_L": {
            "children": [
                "Pinky_2_L"
            ],
            "matrix": [
                0.6457773447036746,
                2.384185791154403e-7,
                -0.7635258436203004,
                0,
                -3.515781287211084e-7,
                1.0000001192092351,
                1.4901155309665626e-8,
                0,
                0.7635258221854913,
                2.588161205352435e-7,
                0.6457773265745538,
                0,
                7.919609069824219,
                -0.00000762939453125,
                -0.000007629394524144573,
                1
            ],
            "name": "Pinky_1_L"
        },
        "Pinky_1_R": {
            "children": [
                "Pinky_2_R"
            ],
            "matrix": [
                0.23857712745666473,
                1.9371509549226396e-7,
                -0.9711237549781799,
                0,
                -2.3446403814991745e-8,
                1.000000000000066,
                1.9371508414023353e-7,
                0,
                0.971123758430652,
                -2.3446628676787595e-8,
                0.2385771283048329,
                0,
                -7.9195899963378835,
                -0.000003814697265625,
                -0.00003814697265625,
                1
            ],
            "name": "Pinky_1_R"
        },
        "Pinky_2_L": {
            "children": [],
            "matrix": [
                0.9996761679649355,
                5.885958671569824e-7,
                -0.025448314845562037,
                0,
                -5.842346880308158e-7,
                1.0000002384186808,
                1.7881393549190605e-7,
                0,
                0.025448307432808057,
                -1.6388815482493158e-7,
                0.9996758767688398,
                0,
                5.670261383056655,
                -0.000022888183607960855,
                0.000019073486328125,
                1
            ],
            "name": "Pinky_2_L"
        },
        "Pinky_2_R": {
            "children": [],
            "matrix": [
                0.9999998211860658,
                -8.940696716308594e-8,
                5.885958671431046e-7,
                0,
                8.940552573277749e-8,
                0.9999997019767733,
                0.0000024307519196908878,
                0,
                -5.885960494417253e-7,
                -0.000002430752011971238,
                0.9999997615808632,
                0,
                -5.670234680175767,
                -7.105427357601002e-15,
                -0.000019073486321019573,
                1
            ],
            "name": "Pinky_2_R"
        },
        "Ring_0_L": {
            "children": [
                "Ring_1_L"
            ],
            "matrix": [
                0.7596214413642884,
                0.5865931510925293,
                -0.2808626890182495,
                0,
                0.0756343757060387,
                0.3492453716760132,
                0.9339739553279672,
                0,
                0.6459526423728265,
                -0.7307094288008799,
                0.2209276393951891,
                0,
                13.93792724609375,
                -3.700798034667983,
                3.5493679046630895,
                1
            ],
