{
    "accessors": {
        "attrbute_1": {
            "bufferView": "bufferView_37",
            "byteOffset": 0,
            "byteStride": 12,
            "count": 1928,
            "max": [
                74.92427825927734,
                33.27250289916992,
                204.65499877929688,
                0
            ],
            "min": [
                -72.72236633300781,
                -37.351070404052734,
                -4.6676530838012695,
                0
            ],
            "type": 35665
        },
        "attrbute_10": {
            "bufferView": "bufferView_37",
            "byteOffset": 131264,
            "byteStride": 16,
            "count": 487,
            "max": [
                10,
                13,
                16,
                -1
            ],
            "min": [
                0,
                -1,
                -1,
                -1
            ],
            "type": 35666
        },
        "attrbute_11": {
            "bufferView": "bufferView_37",
            "byteOffset": 139056,
            "byteStride": 12,
            "count": 487,
            "max": [
                1,
                0.9997989535331726,
                0.5846804976463318
            ],
            "min": [
                0.0002010230382438749,
                0,
                0
            ],
            "type": 35665
        },
        "attrbute_13": {
            "bufferView": "bufferView_37",
            "byteOffset": 144900,
            "byteStride": 12,
            "count": 519,
            "max": [
                47.32002258300781,
                38.77213668823242,
                129.54840087890625,
                0
            ],
            "min": [
                -47.320030212402344,
                -35.90494918823242,
                66.31919860839844,
                0
            ],
            "type": 35665
        },
        "attrbute_14": {
            "bufferView": "bufferView_37",
            "byteOffset": 151128,
            "byteStride": 12,
            "count": 519,
            "max": [
                0.9858019351959229,
                0.9999793767929077,
                0.999736487865448,
                0
            ],
            "min": [
                -0.9985095262527466,
                -0.996999979019165,
                -0.9912638664245605,
                0
            ],
            "type": 35665
        },
        "attrbute_15": {
            "bufferView": "bufferView_37",
            "byteOffset": 157356,
            "byteStride": 8,
            "count": 519,
            "max": [
                1.8291221857070923,
                0.9901648759841919
            ],
            "min": [
                0.01802707463502884,
                0.012374162673950195
            ],
            "type": 35664
        },
        "attrbute_16": {
            "bufferView": "bufferView_37",
            "byteOffset": 161508,
            "byteStride": 16,
            "count": 519,
            "max": [
                8,
                11,
                12,
                -1
            ],
            "min": [
                0,
                -1,
                -1,
                -1
            ],
            "type": 35666
        },
        "attrbute_17": {
            "bufferView": "bufferView_37",
            "byteOffset": 169812,
            "byteStride": 12,
            "count": 519,
            "max": [
                1,
                0.9790697693824768,
                0.5972727537155151
            ],
            "min": [
                0.006645207293331623,
                0,
                0
            ],
            "type": 35665
        },
        "attrbute_19": {
            "bufferView": "bufferView_37",
            "byteOffset": 176040,
            "byteStride": 12,
            "count": 672,
            "max": [
                21.893604278564453,
                42.68610382080078,
                221.53842163085938,
                0
            ],
            "min": [
                -21.893596649169922,
                -26.33437156677246,
                153.3903045654297,
                0
            ],
            "type": 35665
        },
        "attrbute_2": {
            "bufferView": "bufferView_37",
            "byteOffset": 23136,
            "byteStride": 12,
            "count": 1928,
            "max": [
                0.9983348250389099,
                0.9971852898597717,
                0.9912680387496948,
                0
            ],
            "min": [
                -0.9964364171028137,
                -0.9999974966049194,
                -0.9987533688545227,
                0
            ],
            "type": 35665
        },
        "attrbute_20": {
            "bufferView": "bufferView_37",
            "byteOffset": 184104,
            "byteStride": 12,
            "count": 672,
            "max": [
                0.9928076863288879,
                0.9685447216033936,
                0.9999080300331116,
                0
            ],
            "min": [
                -0.9928076863288879,
                -0.992504894733429,
                -0.9881579279899597,
                0
            ],
            "type": 35665
        },
        "attrbute_21": {
            "bufferView": "bufferView_37",
            "byteOffset": 192168,
            "byteStride": 8,
            "count": 672,
            "max": [
                1.9621732234954834,
                0.9877628684043884
            ],
            "min": [
                0.00797935388982296,
                0.008330821990966797
            ],
            "type": 35664
        },
        "attrbute_22": {
            "bufferView": "bufferView_37",
            "byteOffset": 197544,
            "byteStride": 16,
            "count": 672,
            "max": [
                7,
                7,
                7,
                -1
            ],
            "min": [
                0,
                -1,
                -1,
                -1
            ],
            "type": 35666
        },
        "attrbute_23": {
            "bufferView": "bufferView_37",
            "byteOffset": 208296,
            "byteStride": 12,
            "count": 672,
            "max": [
                1,
                0.9970905780792236,
                0.7765172719955444
            ],
            "min": [
                0.001124906470067799,
                0,
                0
            ],
            "type": 35665
        },
        "attrbute_25": {
            "bufferView": "bufferView_37",
            "byteOffset": 216360,
            "byteStride": 12,
            "count": 187,
            "max": [
                41.24559783935547,
                38.84965133666992,
                184.17527770996094,
                0
            ],
            "min": [
                -39.803775787353516,
                -32.115760803222656,
                140.0641632080078,
                0
            ],
            "type": 35665
        },
        "attrbute_26": {
            "bufferView": "bufferView_37",
            "byteOffset": 218604,
            "byteStride": 12,
            "count": 187,
            "max": [
                0.9346733689308167,
                0.9967440366744995,
                0.99586421251297,
                0
            ],
            "min": [
                -0.9052450060844421,
                -0.950432300567627,
                -0.9989436864852905,
                0
            ],
            "type": 35665
        },
        "attrbute_27": {
            "bufferView": "bufferView_37",
            "byteOffset": 220848,
            "byteStride": 8,
            "count": 187,
            "max": [
                0.9843803644180298,
                0.9922747611999512
            ],
            "min": [
                0.01478427741676569,
                0.009934604167938232
            ],
            "type": 35664
        },
        "attrbute_28": {
            "bufferView": "bufferView_37",
            "byteOffset": 222344,
            "byteStride": 16,
            "count": 187,
            "max": [
                4,
                6,
                8,
                -1
            ],
            "min": [
                0,
                -1,
                -1,
                -1
            ],
            "type": 35666
        },
        "attrbute_29": {
            "bufferView": "bufferView_37",
            "byteOffset": 225336,
            "byteStride": 12,
            "count": 187,
            "max": [
                1,
                0.9998102784156799,
                0.8285128474235535
            ],
            "min": [
                0.00018975010607391596,
                0,
                0
            ],
            "type": 35665
        },
        "attrbute_3": {
            "bufferView": "bufferView_37",
            "byteOffset": 46272,
            "byteStride": 8,
            "count": 1928,
            "max": [
                1.994928002357483,
                0.9944400191307068
            ],
            "min": [
                0.006004000082612038,
                0.004954993724822998
            ],
            "type": 35664
        },
        "attrbute_31": {
            "bufferView": "bufferView_37",
            "byteOffset": 227580,
            "byteStride": 12,
            "count": 332,
            "max": [
                74.15296936035156,
                0.07370339334011078,
                106.6780776977539,
                0
            ],
            "min": [
                -70.74708557128906,
                -106.48333740234375,
                38.09421157836914,
                0
            ],
            "type": 35665
        },
        "attrbute_32": {
            "bufferView": "bufferView_37",
            "byteOffset": 231564,
            "byteStride": 12,
            "count": 332,
            "max": [
                0.9804196953773499,
                0.9505470395088196,
                0.9968667030334473,
                0
            ],
            "min": [
                -0.993758499622345,
                -0.984298586845398,
                -0.9964731931686401,
                0
            ],
            "type": 35665
        },
        "attrbute_33": {
            "bufferView": "bufferView_37",
            "byteOffset": 235548,
            "byteStride": 8,
            "count": 332,
            "max": [
                1.979809045791626,
                0.9876695275306702
            ],
            "min": [
                0.005208933260291815,
                0.02371394634246826
            ],
            "type": 35664
        },
        "attrbute_34": {
            "bufferView": "bufferView_37",
            "byteOffset": 238204,
            "byteStride": 16,
            "count": 332,
            "max": [
                1,
                -1,
                -1,
                -1
            ],
            "min": [
                0,
                -1,
                -1,
                -1
            ],
            "type": 35666
        },
        "attrbute_35": {
            "bufferView": "bufferView_37",
            "byteOffset": 243516,
            "byteStride": 12,
            "count": 332,
            "max": [
                1,
                0,
                0
            ],
            "min": [
                1,
                0,
                0
            ],
            "type": 35665
        },
        "attrbute_4": {
            "bufferView": "bufferView_37",
            "byteOffset": 61696,
            "byteStride": 16,
            "count": 1928,
            "max": [
                45,
                45,
                46,
                -1
            ],
            "min": [
                0,
                -1,
                -1,
                -1
            ],
            "type": 35666
        },
        "attrbute_5": {
            "bufferView": "bufferView_37",
            "byteOffset": 92544,
            "byteStride": 12,
            "count": 1928,
            "max": [
                1,
                0.9996376633644104,
                0.9962336421012878
            ],
            "min": [
                0.0001010283303912729,
                0,
                0
            ],
            "type": 35665
        },
        "attrbute_7": {
            "bufferView": "bufferView_37",
            "byteOffset": 115680,
            "byteStride": 12,
            "count": 487,
            "max": [
                76.29063415527344,
                24.246532440185547,
                161.78396606445312,
                0
            ],
            "min": [
                -76.39201354980469,
                -36.79978561401367,
                98.38134002685547,
                0
            ],
            "type": 35665
        },
        "attrbute_8": {
            "bufferView": "bufferView_37",
            "byteOffset": 121524,
            "byteStride": 12,
            "count": 487,
            "max": [
                0.9956601858139038,
                0.9907224774360657,
                0.9889984130859375,
                0
            ],
            "min": [
                -0.9983513355255127,
                -0.9939555525779724,
                -0.9983035326004028,
                0
            ],
            "type": 35665
        },
        "attrbute_9": {
            "bufferView": "bufferView_37",
            "byteOffset": 127368,
            "byteStride": 8,
            "count": 487,
            "max": [
                1.9143636226654053,
                0.9953432083129883
            ],
            "min": [
                0.004461928270757198,
                0.006319224834442139
            ],
            "type": 35664
        },
        "indices_12": {
            "bufferView": "bufferView_39",
            "byteOffset": 17844,
            "count": 1704,
            "type": 5123
        },
        "indices_18": {
            "bufferView": "bufferView_39",
            "byteOffset": 21252,
            "count": 2010,
            "type": 5123
        },
        "indices_24": {
            "bufferView": "bufferView_39",
            "byteOffset": 25272,
            "count": 2688,
            "type": 5123
        },
        "indices_30": {
            "bufferView": "bufferView_39",
            "byteOffset": 30648,
            "count": 861,
            "type": 5123
        },
        "indices_36": {
            "bufferView": "bufferView_39",
            "byteOffset": 32370,
            "count": 1140,
            "type": 5123
        },
        "indices_6": {
            "bufferView": "bufferView_39",
            "byteOffset": 0,
            "count": 8922,
            "type": 5123
        }
    },
    "animations": {},
    "asset": {},
    "bufferViews": {
        "bufferView_37": {
            "buffer": "beastmaster.bin",
            "byteLength": 247500,
            "byteOffset": 0,
            "target": 34962
        },
        "bufferView_38": {
            "buffer": "beastmaster.bin",
            "byteLength": 7616,
            "byteOffset": 247500
        },
        "bufferView_39": {
            "buffer": "beastmaster.bin",
            "byteLength": 34650,
            "byteOffset": 255116,
            "target": 34963
        }
    },
    "buffers": {
        "beastmaster.bin": {
            "byteLength": 289766,
            "path": "beastmaster.bin"
        }
    },
    "cameras": {},
    "images": {
        "image_0": {
            "path": "textures/beastmaster_color.png"
        },
        "image_1": {
            "path": "textures/beastmaster_arms_color.png"
        },
        "image_2": {
            "path": "textures/beastmaster_belt_color.png"
        },
        "image_3": {
            "path": "textures/beastmaster_head_color.png"
        },
        "image_4": {
            "path": "textures/beastmaster_shoulder_color.png"
        },
        "image_5": {
            "path": "textures/beastmaster_weapon_color.png"
        }
    },
    "lights": {},
    "materials": {
        "Material #35": {
            "instanceTechnique": {
                "technique": "technique_0",
                "values": {
                    "ambient": [
                        0.5879999995231628,
                        0.5879999995231628,
                        0.5879999995231628
                    ],
                    "diffuse": "Map #7",
                    "emission": [
                        0,
                        0,
                        0
                    ],
                    "shininess": 2,
                    "specular": [
                        0.8999999761581421,
                        0.8999999761581421,
                        0.8999999761581421
                    ],
                    "transparency": 1
                }
            },
            "name": "Material #35"
        },
        "Material #46": {
            "instanceTechnique": {
                "technique": "technique_0",
                "values": {
                    "ambient": [
                        0.5879999995231628,
                        0.5879999995231628,
                        0.5879999995231628
                    ],
                    "diffuse": "Map #8",
                    "emission": [
                        0,
                        0,
                        0
                    ],
                    "shininess": 2,
                    "specular": [
                        0.8999999761581421,
                        0.8999999761581421,
                        0.8999999761581421
                    ],
                    "transparency": 1
                }
            },
            "name": "Material #46"
        },
        "Material #57": {
            "instanceTechnique": {
                "technique": "technique_0",
                "values": {
                    "ambient": [
                        0.5879999995231628,
                        0.5879999995231628,
                        0.5879999995231628
                    ],
                    "diffuse": "Map #9",
                    "emission": [
                        0,
                        0,
                        0
                    ],
                    "shininess": 2,
                    "specular": [
                        0.8999999761581421,
                        0.8999999761581421,
                        0.8999999761581421
                    ],
                    "transparency": 1
                }
            },
            "name": "Material #57"
        },
        "Material #68": {
            "instanceTechnique": {
                "technique": "technique_0",
                "values": {
                    "ambient": [
                        0.5879999995231628,
                        0.5879999995231628,
                        0.5879999995231628
                    ],
                    "diffuse": "Map #10",
                    "emission": [
                        0,
                        0,
                        0
                    ],
                    "shininess": 2,
                    "specular": [
                        0.8999999761581421,
                        0.8999999761581421,
                        0.8999999761581421
                    ],
                    "transparency": 1
                }
            },
            "name": "Material #68"
        },
        "Material #79": {
            "instanceTechnique": {
                "technique": "technique_0",
                "values": {
                    "ambient": [
                        0.5879999995231628,
                        0.5879999995231628,
                        0.5879999995231628
                    ],
                    "diffuse": "Map #11",
                    "emission": [
                        0,
                        0,
                        0
                    ],
                    "shininess": 2,
                    "specular": [
                        0.8999999761581421,
                        0.8999999761581421,
                        0.8999999761581421
                    ],
                    "transparency": 1
                }
            },
            "name": "Material #79"
        },
        "Material #90": {
            "instanceTechnique": {
                "technique": "technique_0",
                "values": {
                    "ambient": [
                        0.5879999995231628,
                        0.5879999995231628,
                        0.5879999995231628
                    ],
                    "diffuse": "Map #12",
                    "emission": [
                        0,
                        0,
                        0
                    ],
                    "shininess": 2,
                    "specular": [
                        0.8999999761581421,
                        0.8999999761581421,
                        0.8999999761581421
                    ],
                    "transparency": 1
                }
            },
            "name": "Material #90"
        }
    },
    "meshes": {
        "beastmaster_arms_model_LOD0-mesh": {
            "name": "beastmaster_arms_model_LOD0-mesh",
            "primitives": [
                {
                    "attributes": {
                        "JOINT": "attrbute_10",
                        "NORMAL": "attrbute_8",
                        "POSITION": "attrbute_7",
                        "TEXCOORD_0": "attrbute_9",
                        "WEIGHT": "attrbute_11"
                    },
                    "indices": "indices_12",
                    "material": "Material #46"
                }
            ]
        },
        "beastmaster_belt_model_LOD0-mesh": {
            "name": "beastmaster_belt_model_LOD0-mesh",
            "primitives": [
                {
                    "attributes": {
                        "JOINT": "attrbute_16",
                        "NORMAL": "attrbute_14",
                        "POSITION": "attrbute_13",
                        "TEXCOORD_0": "attrbute_15",
                        "WEIGHT": "attrbute_17"
                    },
                    "indices": "indices_18",
                    "material": "Material #57"
                }
            ]
        },
        "beastmaster_head_model_LOD0-mesh": {
            "name": "beastmaster_head_model_LOD0-mesh",
            "primitives": [
                {
                    "attributes": {
                        "JOINT": "attrbute_22",
                        "NORMAL": "attrbute_20",
                        "POSITION": "attrbute_19",
                        "TEXCOORD_0": "attrbute_21",
                        "WEIGHT": "attrbute_23"
                    },
                    "indices": "indices_24",
                    "material": "Material #68"
                }
            ]
        },
        "beastmaster_model_LOD0-mesh": {
            "name": "beastmaster_model_LOD0-mesh",
            "primitives": [
                {
                    "attributes": {
                        "JOINT": "attrbute_4",
                        "NORMAL": "attrbute_2",
                        "POSITION": "attrbute_1",
                        "TEXCOORD_0": "attrbute_3",
                        "WEIGHT": "attrbute_5"
                    },
                    "indices": "indices_6",
                    "material": "Material #35"
                }
            ]
        },
        "beastmaster_shoulder_model_LOD0-mesh": {
            "name": "beastmaster_shoulder_model_LOD0-mesh",
            "primitives": [
                {
                    "attributes": {
                        "JOINT": "attrbute_28",
                        "NORMAL": "attrbute_26",
                        "POSITION": "attrbute_25",
                        "TEXCOORD_0": "attrbute_27",
                        "WEIGHT": "attrbute_29"
                    },
                    "indices": "indices_30",
                    "material": "Material #79"
                }
            ]
        },
        "beastmaster_weapon_model_LOD0-mesh": {
            "name": "beastmaster_weapon_model_LOD0-mesh",
            "primitives": [
                {
                    "attributes": {
                        "JOINT": "attrbute_34",
                        "NORMAL": "attrbute_32",
                        "POSITION": "attrbute_31",
                        "TEXCOORD_0": "attrbute_33",
                        "WEIGHT": "attrbute_35"
                    },
                    "indices": "indices_36",
                    "material": "Material #90"
                }
            ]
        }
    },
    "nodes": {
        "Head_0": {
            "children": [
                "Head_1"
            ],
            "jointId": "Head_0",
            "matrix": [
                0.9872197508811948,
                3.552713725122615e-15,
                -0.15936441719532007,
                0,
                -2.9176680378324488e-15,
                0.9999999999999998,
                4.218847530385132e-15,
                0,
                0.15936441719532005,
                -3.699957192101212e-15,
                0.9872197508811948,
                0,
                27.462265014648438,
                0.0000016589315237069972,
                -0.0000057220458984375,
                1
            ],
            "name": "Head_0"
        },
        "Head_1": {
            "children": [
                "ponyTail2_0",
                "beard_R0C0",
                "beard3_0"
            ],
            "jointId": "Head_1",
            "matrix": [
                0.3226509690284725,
                -1.5385194274131195e-7,
                -0.9465178847312931,
                0,
                2.55022134598108e-8,
                1.0000000000000002,
                -1.5385195695216482e-7,
                0,
                0.9465178847312945,
                2.5502181857596183e-8,
                0.32265096902846896,
                0,
                7.0902252197265625,
                1.0617327461659358e-7,
                0.000007629394538355427,
                1
            ],
            "name": "Head_1"
        },
        "Index_0_L": {
            "children": [
                "Index_1_L"
            ],
            "jointId": "Index_0_L",
            "matrix": [
                0.734998285770416,
                0.5670970082283021,
                -0.3717240095138549,
                0,
                0.24559496348148857,
                0.28834081551963897,
                0.9254960190329468,
                0,
                0.6320291353294047,
                -0.7715314194155122,
                0.0726538254946697,
                0,
                12.516654968261705,
                -7.3315887451171875,
                -8.433223724365238,
                1
            ],
            "name": "Index_0_L"
        },
        "Index_0_R": {
            "children": [
                "Index_1_R"
            ],
            "jointId": "Index_0_R",
            "matrix": [
                0.7349983453750611,
                0.5670968294143678,
                -0.37172389030456554,
                0,
                0.24559529691395515,
                0.28834036697296417,
                0.9254961914993491,
                0,
                0.6320290195078032,
                -0.771531882747269,
                0.07265338541210181,
                0,
                -12.51666259765625,
                7.331596374511719,
                8.433242797851562,
                1
            ],
            "name": "Index_0_R"
        },
        "Index_1_L": {
            "children": [
                "Index_2_L"
            ],
            "jointId": "Index_1_L",
            "matrix": [
                0.3825876712799073,
                -5.23403286895735e-7,
                -0.9239192008972168,
                0,
                3.244922667788863e-7,
                0.9999999999999825,
                -4.321336171952961e-7,
                0,
                0.923919221966279,
                -1.3447564461976924e-7,
                0.3825876800045165,
                0,
                11.161216735839844,
                0.0000152587890625,
                -0.000022888183607960855,
                1
            ],
            "name": "Index_1_L"
        },
        "Index_1_R": {
            "children": [
                "Index_2_R"
            ],
            "jointId": "Index_1_R",
            "matrix": [
                0.6458126306533812,
                -3.501772880554199e-7,
                -0.7634956836700441,
                0,
                2.603632496267494e-7,
                1.000000357627846,
                -2.3841855545381208e-7,
                0,
                0.7634956783145294,
                -4.48124867213906e-8,
                0.6458126261233711,
                0,
                -11.161216735839844,
                0.000007629394545460855,
                -0.000003814697265625,
                1
            ],
            "name": "Index_1_R"
        },
        "Index_2_L": {
            "children": [],
            "jointId": "Index_2_L",
            "matrix": [
                0.3454129695892334,
                4.76837158203125e-7,
                0.9384506940841677,
                0,
                -0.0000011375750231142068,
                1.000000119208934,
                -8.940698603687736e-8,
                0,
                -0.9384504883015619,
                -0.0000010366753864787803,
                0.3454128938479215,
                0,
                5.977378845214844,
                -0.00005340576171875,
                0.000030517578125,
                1
            ],
            "name": "Index_2_L"
        },
        "Index_2_R": {
            "children": [],
            "jointId": "Index_2_R",
            "matrix": [
                0.5683642625808714,
                8.940696721859709e-8,
                0.8227771520614626,
                0,
                -2.867332785372323e-7,
                0.9999995231628007,
                8.940698431603167e-8,
                0,
                -0.8227771366648284,
                -2.867334563116941e-7,
                0.5683642519450988,
                0,
                -5.977386474609375,
                -0.000038146972642039145,
                -0.000041961669921875,
                1
            ],
            "name": "Index_2_R"
        },
        "Mid_0_L": {
            "children": [
                "Mid_1_L"
            ],
            "jointId": "Mid_0_L",
            "matrix": [
                0.7901375889778135,
                0.5592934489250182,
                -0.25074613094329806,
                0,
                0.1045716191327794,
                0.28008816847654694,
                0.9542617621546803,
                0,
                0.603943235758414,
                -0.7802188348261974,
                0.1628219306189096,
                0,
                12.97171020507811,
                -7.016456604003906,
                -2.095462799072269,
                1
            ],
            "name": "Mid_0_L"
        },
        "Mid_0_R": {
            "children": [
                "Mid_1_R"
            ],
            "jointId": "Mid_0_R",
            "matrix": [
                0.7901375293731695,
                0.5592933893203738,
                -0.25074613094329845,
                0,
                0.10457170363546808,
                0.2800881475256278,
                0.9542618902664286,
                0,
                0.6039433606096543,
                -0.7802190493555323,
                0.16282188743441847,
                0,
                -12.971725463867173,
                7.016456604003906,
                2.0954666137695384,
                1
            ],
            "name": "Mid_0_R"
        },
        "Mid_1_L": {
            "children": [
                "Mid_2_L"
            ],
            "jointId": "Mid_1_L",
            "matrix": [
                0.641556262969971,
                -1.713633537708814e-7,
                -0.7670761346817015,
                0,
                8.89400817993824e-8,
                1.0000001192094292,
                -1.490116854352408e-7,
                0,
                0.767076227780999,
                2.7375565925247258e-8,
                0.6415563408350351,
                0,
                11.276229858398452,
                -0.00000762939453125,
                -1.4210854715202004e-14,
                1
            ],
            "name": "Mid_1_L"
        },
        "Mid_1_R": {
            "children": [
                "Mid_2_R"
            ],
            "jointId": "Mid_1_R",
            "matrix": [
                0.5953489542007449,
                1.6950070857654764e-7,
                -0.8034671545028685,
                0,
                1.1749633699320583e-7,
                0.9999995231628789,
                2.9802332024431166e-7,
                0,
                0.8034670119454458,
                -2.7183240075556725e-7,
                0.5953488485692224,
                0,
                -11.276237487792983,
                0.00000762939453125,
                0.000003814697265625,
                1
            ],
            "name": "Mid_1_R"
        },
        "Mid_2_L": {
            "children": [],
            "jointId": "Mid_2_L",
            "matrix": [
                0.8508103489875793,
                9.238719940324325e-7,
                -0.5254727602005005,
                0,
                -0.000001343561979172403,
                1.0000001192095422,
                -4.1723253574321717e-7,
                0,
                0.5254725673960658,
                0.0000010609904652625346,
                0.8508100368133991,
                0,
                7.390769958496094,
                -0.00003433227538351957,
                0.000015258789069605427,
                1
            ],
            "name": "Mid_2_L"
        },
        "Mid_2_R": {
            "children": [],
            "jointId": "Mid_2_R",
            "matrix": [
                1.000000238418579,
                -0.0000013187527656555176,
                7.41332769386982e-7,
                0,
                0.0000013187523875239637,
                1.0000001192096355,
                2.980232238769531e-7,
                0,
                -7.413331624128716e-7,
                -2.980222815196498e-7,
                1.00000023841874,
                0,
                -7.390739440917976,
                -0.000007629394545460855,
                -0.000019073486335230427,
                1
            ],
            "name": "Mid_2_R"
        },
        "Pinky_0_L": {
            "children": [
                "Pinky_1_L"
            ],
            "jointId": "Pinky_0_L",
            "matrix": [
                0.7549464106559748,
                0.3778432607650757,
                -0.5359951257705685,
                0,
                0.30666782523125213,
                0.5190481095963376,
                0.797836740643953,
                0,
                0.5796644658709047,
                -0.7666964080684538,
                0.2759811235968506,
                0,
                11.948692321777315,
                0.065216064453125,
                8.062934875488285,
                1
            ],
            "name": "Pinky_0_L"
        },
        "Pinky_0_R": {
            "children": [
                "Pinky_1_R"
            ],
            "jointId": "Pinky_0_R",
            "matrix": [
                0.040633685886860144,
                0.8217151761054997,
                -0.568448126316071,
                0,
                -0.19948334798926276,
                0.5641359582171208,
                0.8012223340476423,
                0,
                0.9790583239470076,
                0.08083929762664321,
                0.18684136892843808,
                0,
                -11.948692321777344,
                -0.0652008056640625,
                -8.062934875488288,
                1
            ],
            "name": "Pinky_0_R"
        },
        "Pinky_1_L": {
            "children": [
                "Pinky_2_L"
            ],
            "jointId": "Pinky_1_L",
            "matrix": [
                0.6457773447036746,
                2.384185791015625e-7,
                -0.7635258436203002,
                0,
                -3.515781284990638e-7,
                1.0000001192092347,
                1.4901155254154475e-8,
                0,
                0.7635258221854908,
                2.588161205352435e-7,
                0.6457773265745537,
                0,
                7.919609069824219,
                -0.00000762939453125,
                -0.00000762939453125,
                1
            ],
            "name": "Pinky_1_L"
        },
        "Pinky_1_R": {
            "children": [
                "Pinky_2_R"
            ],
            "jointId": "Pinky_1_R",
            "matrix": [
                0.23857712745666468,
                1.937150955477751e-7,
                -0.9711237549781796,
                0,
                -2.344640361723327e-8,
                1.000000000000066,
                1.9371508414023353e-7,
                0,
                0.9711237584306522,
                -2.3446628846790496e-8,
                0.23857712830483296,
                0,
                -7.9195899963378835,
                -0.0000038146972585195726,
                -0.00003814697265625,
                1
            ],
            "name": "Pinky_1_R"
        },
        "Pinky_2_L": {
            "children": [],
            "jointId": "Pinky_2_L",
            "matrix": [
                0.9996761679649354,
                5.885958671569824e-7,
                -0.025448314845562037,
                0,
                -5.842346880446936e-7,
                1.0000002384186804,
                1.7881393560292835e-7,
                0,
                0.02544830743280807,
                -1.6388815510248733e-7,
                0.9996758767688396,
                0,
                5.6702613830566335,
                -0.00002288818359375,
                0.000019073486335230427,
                1
            ],
            "name": "Pinky_2_L"
        },
        "Pinky_2_R": {
            "children": [],
            "jointId": "Pinky_2_R",
            "matrix": [
                0.999999821186066,
                -8.940696721859709e-8,
                5.885958671153491e-7,
                0,
                8.940552576053307e-8,
                0.9999997019767733,
                0.000002430751919670071,
                0,
                -5.885960494000919e-7,
                -0.0000024307520120232795,
                0.9999997615808631,
                0,
                -5.6702346801757955,
                0,
                -0.000019073486328125,
                1
            ],
            "name": "Pinky_2_R"
        },
        "Ring_0_L": {
            "children": [
                "Ring_1_L"
            ],
            "jointId": "Ring_0_L",
            "matrix": [
                0.7596214413642878,
                0.5865931510925291,
                -0.2808626890182494,
                0,
                0.07563437570603876,
                0.3492453716760131,
                0.933973955327967,
                0,
                0.6459526423728259,
                -0.7307094288008795,
                0.22092763939518886,
                0,
                13.937927246093736,
                -3.7007980346679688,
                3.5493679046630824,
                1
            ],
            "name": "Ring_0_L"
        },
        "Ring_0_R": {
            "children": [
                "Ring_1_R"
            ],
            "jointId": "Ring_0_R",
            "matrix": [
                0.6564558148384099,
