{
    "accessors": [
        {
            "bufferView": 0,
            "byteOffset": 0,
            "componentType": 5126,
            "count": 1928,
            "max": [
                74.92427825927734,
                33.27250289916992,
                204.65499877929688
            ],
            "min": [
                -72.72236633300781,
                -37.351070404052734,
                -4.6676530838012695
            ],
            "type": "VEC3"
        },
        {
            "bufferView": 0,
            "byteOffset": 23136,
            "componentType": 5126,
            "count": 1928,
            "max": [
                0.9983348250389099,
                0.9971852898597717,
                0.9912680387496948
            ],
            "min": [
                -0.9964364171028137,
                -0.9999974966049194,
                -0.9987533688545227
            ],
            "type": "VEC3"
        },
        {
            "bufferView": 0,
            "byteOffset": 46272,
            "componentType": 5126,
            "count": 1928,
            "max": [
                1.994928002357483,
                0.995045006275177
            ],
            "min": [
                0.006004000082612038,
                0.005559980869293213
            ],
            "type": "VEC2"
        },
        {
            "bufferView": 0,
            "byteOffset": 61696,
            "componentType": 5123,
            "count": 1928,
            "max": [
                45,
                45,
                46,
                0
            ],
            "min": [
                0,
                0,
                0,
                0
            ],
            "type": "VEC4"
        },
        {
            "bufferView": 0,
            "byteOffset": 77120,
            "componentType": 5126,
            "count": 1928,
            "max": [
                1,
                0.9996376633644104,
                0.9962336421012878,
                0
            ],
            "min": [
                0.0001010283303912729,
                0,
                0,
                0
            ],
            "type": "VEC4"
        },
        {
            "bufferView": 2,
            "byteOffset": 0,
            "componentType": 5123,
            "count": 8922,
            "max": [
                1927
            ],
            "min": [
                0
            ],
            "type": "SCALAR"
        },
        {
            "bufferView": 1,
            "byteOffset": 0,
            "componentType": 5126,
            "count": 47,
            "max": [
                0.9678120045941214,
                1.000000178813772,
                0.9999999999999989,
                0,
                0.9980454368309025,
                0.9538331161209292,
                0.9994340315984142,
                0,
                0.9994340315984406,
                0.633465473684356,
                1,
                0,
                147.16936531831323,
                109.79001123618919,
                154.8417508821863,
                1
            ],
            "min": [
                -0.9921666403278323,
                -0.9999999999999669,
                -0.5635455525822894,
                0,
                -0.9999999999999732,
                -0.953833258078514,
                -0.9990278573902023,
                0,
                -0.9990276189428522,
                -0.6132159182945589,
                -0.999998092654426,
                0,
                -159.3972104295688,
                -96.79032188387771,
                -176.00866699218506,
                1
            ],
            "type": "MAT4"
        },
        {
            "bufferView": 0,
            "byteOffset": 107968,
            "componentType": 5126,
            "count": 487,
            "max": [
                76.29063415527344,
                24.246532440185547,
                161.78396606445312
            ],
            "min": [
                -76.39201354980469,
                -36.79978561401367,
                98.38134002685547
            ],
            "type": "VEC3"
        },
        {
            "bufferView": 0,
            "byteOffset": 113812,
            "componentType": 5126,
            "count": 487,
            "max": [
                0.9956601858139038,
                0.9907224774360657,
                0.9889984130859375
            ],
            "min": [
                -0.9983513355255127,
                -0.9939555525779724,
                -0.9983035326004028
            ],
            "type": "VEC3"
        },
        {
            "bufferView": 0,
            "byteOffset": 119656,
            "componentType": 5126,
            "count": 487,
            "max": [
                1.9143636226654053,
                0.9936807751655579
            ],
            "min": [
                0.004461928270757198,
                0.004656791687011719
            ],
            "type": "VEC2"
        },
        {
            "bufferView": 0,
            "byteOffset": 123552,
            "componentType": 5123,
            "count": 487,
            "max": [
                10,
                13,
                16,
                0
            ],
            "min": [
                0,
                0,
                0,
                0
            ],
            "type": "VEC4"
        },
        {
            "bufferView": 0,
            "byteOffset": 127448,
            "componentType": 5126,
            "count": 487,
            "max": [
                1,
                0.9997989535331726,
                0.5846804976463318,
                0
            ],
            "min": [
                0.0002010230382438749,
                0,
                0,
                0
            ],
            "type": "VEC4"
        },
        {
            "bufferView": 2,
            "byteOffset": 17844,
            "componentType": 5123,
            "count": 1704,
            "max": [
                486
            ],
            "min": [
                0
            ],
            "type": "SCALAR"
        },
        {
            "bufferView": 1,
            "byteOffset": 3008,
            "componentType": 5126,
            "count": 17,
            "max": [
                0.43168333632900957,
                0.9999999999999732,
                0.864551690543314,
                0,
                0.792032289932331,
                0.9020072648141523,
                0.9994340486329859,
                0,
                0.9994340486330122,
                0.6334654185575416,
                1,
                0,
                125.34056289739681,
                96.79028616039551,
                116.86174055938706,
                1
            ],
            "min": [
                -0.6618209016548401,
                -0.9673106751120996,
                -0.36468637963315104,
                0,
                -0.9999999999999732,
                -0.8551936577257306,
                -0.9972210084049411,
                0,
                -0.9309380105995277,
                -0.5178930888461887,
                -0.9068510865009566,
                0,
                -138.9984925614821,
                -96.79032553064638,
                -100.59508514404297,
                1
            ],
            "type": "MAT4"
        },
        {
            "bufferView": 0,
            "byteOffset": 135240,
            "componentType": 5126,
            "count": 519,
            "max": [
                47.32002258300781,
                38.77213668823242,
                129.54840087890625
            ],
            "min": [
                -47.320030212402344,
                -35.90494918823242,
                66.31919860839844
            ],
            "type": "VEC3"
        },
        {
            "bufferView": 0,
            "byteOffset": 141468,
            "componentType": 5126,
            "count": 519,
            "max": [
                0.9858019351959229,
                0.9999793767929077,
                0.999736487865448
            ],
            "min": [
                -0.9985095262527466,
                -0.996999979019165,
                -0.9912638664245605
            ],
            "type": "VEC3"
        },
        {
            "bufferView": 0,
            "byteOffset": 147696,
            "componentType": 5126,
            "count": 519,
            "max": [
                1.8291221857070923,
                0.9876258373260498
            ],
            "min": [
                0.01802707463502884,
                0.009835124015808105
            ],
            "type": "VEC2"
        },
        {
            "bufferView": 0,
            "byteOffset": 151848,
            "componentType": 5123,
            "count": 519,
            "max": [
                8,
                11,
                12,
                0
            ],
            "min": [
                0,
                0,
                0,
                0
            ],
            "type": "VEC4"
        },
        {
            "bufferView": 0,
            "byteOffset": 156000,
            "componentType": 5126,
            "count": 519,
            "max": [
                1,
                0.9790697693824768,
                0.5972727537155151,
                0
            ],
            "min": [
                0.006645207293331623,
                0,
                0,
                0
            ],
            "type": "VEC4"
        },
        {
            "bufferView": 2,
            "byteOffset": 21252,
            "componentType": 5123,
            "count": 2010,
            "max": [
                518
            ],
            "min": [
                0
            ],
            "type": "SCALAR"
        },
        {
            "bufferView": 1,
            "byteOffset": 4096,
            "componentType": 5126,
            "count": 13,
            "max": [
                0.6179620233027437,
                1.000000059604452,
                0.0000011198926875209574,
                0,
                0.3292581905200912,
                0.018819657613034342,
                0.9994340486329859,
                0,
                0.9994340486330122,
                0.5611600664568123,
                1,
                0,
                91.47074609942969,
                55.070003601755104,
                58.411645776295906,
                1
            ],
            "min": [
                -0.3004728793490452,
                0.7862080835871148,
                -0.0000023347575271852498,
                0,
                -0.9999999999999732,
                -0.2587980310976196,
                -0.9990277958455407,
                0,
                -0.9990279151514648,
                -0.2990145068895732,
                -0.41879271030711446,
                0,
                -138.99848116893347,
                -77.58457453501788,
                -107.37945532086262,
                1
            ],
            "type": "MAT4"
        },
        {
            "bufferView": 0,
            "byteOffset": 164304,
            "componentType": 5126,
            "count": 672,
            "max": [
                21.893604278564453,
                42.68610382080078,
                221.53842163085938
            ],
            "min": [
                -21.893596649169922,
                -26.33437156677246,
                153.3903045654297
            ],
            "type": "VEC3"
        },
        {
            "bufferView": 0,
            "byteOffset": 172368,
            "componentType": 5126,
            "count": 672,
            "max": [
                0.9928076863288879,
                0.9685447216033936,
                0.9999080300331116
            ],
            "min": [
                -0.9928076863288879,
                -0.992504894733429,
                -0.9881579279899597
            ],
            "type": "VEC3"
        },
        {
            "bufferView": 0,
            "byteOffset": 180432,
            "componentType": 5126,
            "count": 672,
            "max": [
                1.9621732234954834,
                0.9916691780090332
            ],
            "min": [
                0.00797935388982296,
                0.012237131595611572
            ],
            "type": "VEC2"
        },
        {
            "bufferView": 0,
            "byteOffset": 185808,
            "componentType": 5123,
            "count": 672,
            "max": [
                7,
                7,
                7,
                0
            ],
            "min": [
                0,
                0,
                0,
                0
            ],
            "type": "VEC4"
        },
        {
            "bufferView": 0,
            "byteOffset": 191184,
            "componentType": 5126,
            "count": 672,
            "max": [
                1,
                0.9970905780792236,
                0.7765172719955444,
                0
            ],
            "min": [
                0.001124906470067799,
                0,
                0,
                0
            ],
            "type": "VEC4"
        },
        {
            "bufferView": 2,
            "byteOffset": 25272,
            "componentType": 5123,
            "count": 2688,
            "max": [
                671
            ],
            "min": [
                0
            ],
            "type": "SCALAR"
        },
        {
            "bufferView": 1,
            "byteOffset": 4928,
            "componentType": 5126,
            "count": 8,
            "max": [
                0.9678120810342801,
                0.9999999999999973,
                0.0766552158253227,
                0,
                0.6486272213026627,
                0.9538330718199972,
                0.9858403388254117,
                0,
                0.9858403388254106,
                0.1809372773825647,
                1.0000001788139368,
                0,
                156.96907735684644,
                21.210558400466155,
                154.8418013667907,
                1
            ],
            "min": [
                -0.11861623371182763,
                -0.9999999999997597,
                -0.019945906815647313,
                0,
                -1.0000001788139417,
                -0.9538333733672913,
                -0.16719370870977257,
                0,
                -0.9647040615004226,
                -0.18093634763856445,
                -0.9829399653847811,
                0,
                -159.39721756892328,
                -21.210701952170037,
                -176.00869846499128,
                1
            ],
            "type": "MAT4"
        },
        {
            "bufferView": 0,
            "byteOffset": 201936,
            "componentType": 5126,
            "count": 187,
            "max": [
                41.24559783935547,
                38.84965133666992,
                184.17527770996094
            ],
            "min": [
                -39.803775787353516,
                -32.115760803222656,
                140.0641632080078
            ],
            "type": "VEC3"
        },
        {
            "bufferView": 0,
            "byteOffset": 204180,
            "componentType": 5126,
            "count": 187,
            "max": [
                0.9346733689308167,
                0.9967440366744995,
                0.99586421251297
            ],
            "min": [
                -0.9052450060844421,
                -0.950432300567627,
                -0.9989436864852905
            ],
            "type": "VEC3"
        },
        {
            "bufferView": 0,
            "byteOffset": 206424,
            "componentType": 5126,
            "count": 187,
            "max": [
                0.9843803644180298,
                0.9900653958320618
            ],
            "min": [
                0.01478427741676569,
                0.007725238800048828
            ],
            "type": "VEC2"
        },
        {
            "bufferView": 0,
            "byteOffset": 207920,
            "componentType": 5123,
            "count": 187,
            "max": [
                4,
                6,
                8,
                0
            ],
            "min": [
                0,
                0,
                0,
                0
            ],
            "type": "VEC4"
        },
        {
            "bufferView": 0,
            "byteOffset": 209416,
            "componentType": 5126,
            "count": 187,
            "max": [
                1,
                0.9998102784156799,
                0.8285128474235535,
                0
            ],
            "min": [
                0.00018975010607391596,
                0,
                0,
                0
            ],
            "type": "VEC4"
        },
        {
            "bufferView": 2,
            "byteOffset": 30648,
            "componentType": 5123,
            "count": 861,
            "max": [
                186
            ],
            "min": [
                0
            ],
            "type": "SCALAR"
        },
        {
            "bufferView": 1,
            "byteOffset": 5440,
            "componentType": 5126,
            "count": 9,
            "max": [
                0.9678121295264689,
                0.9999999999999085,
                0.07665496181497347,
                0,
                0.6486272707020638,
                0.9538331404623799,
                0.9994340461278378,
                0,
                0.9994340461279361,
                0.42901718346817047,
                1.0000001788139001,
                0,
                127.39350372873,
                96.79025290821004,
                154.84177230936288,
                1
            ],
            "min": [
                -3.3038059978162287e-7,
                -0.9999999999998844,
                -0.03034372605737535,
                0,
                -1.000000178813813,
                -0.9538333153347303,
                -0.9972207347033757,
                0,
                -0.900730029262557,
                -0.4290167336003268,
                -0.9829399605393306,
                0,
                -159.39722171096358,
                -96.79032131858229,
                -176.00869846498392,
                1
            ],
            "type": "MAT4"
        },
        {
            "bufferView": 0,
            "byteOffset": 212408,
            "componentType": 5126,
            "count": 332,
            "max": [
                74.15296936035156,
                0.07370339334011078,
                106.6780776977539
            ],
            "min": [
                -70.74708557128906,
                -106.48333740234375,
                38.09421157836914
            ],
            "type": "VEC3"
        },
        {
            "bufferView": 0,
            "byteOffset": 216392,
            "componentType": 5126,
            "count": 332,
            "max": [
                0.9804196953773499,
                0.9505470395088196,
                0.9968667030334473
            ],
            "min": [
                -0.993758499622345,
                -0.984298586845398,
                -0.9964731931686401
            ],
            "type": "VEC3"
        },
        {
            "bufferView": 0,
            "byteOffset": 220376,
            "componentType": 5126,
            "count": 332,
            "max": [
                1.979809045791626,
                0.9762860536575317
            ],
            "min": [
                0.005208933260291815,
                0.012330472469329834
            ],
            "type": "VEC2"
        },
        {
            "bufferView": 0,
            "byteOffset": 223032,
            "componentType": 5123,
            "count": 332,
            "max": [
                1,
                0,
                0,
                0
            ],
            "min": [
                0,
                0,
                0,
                0
            ],
            "type": "VEC4"
        },
        {
            "bufferView": 0,
            "byteOffset": 225688,
            "componentType": 5126,
            "count": 332,
            "max": [
                1,
                0,
                0,
                0
            ],
            "min": [
                1,
                0,
                0,
                0
            ],
            "type": "VEC4"
        },
        {
            "bufferView": 2,
            "byteOffset": 32370,
            "componentType": 5123,
            "count": 1140,
            "max": [
                331
            ],
            "min": [
                0
            ],
            "type": "SCALAR"
        },
        {
            "bufferView": 1,
            "byteOffset": 6016,
            "componentType": 5126,
            "count": 2,
            "max": [
                0.9876105549146436,
                0.12528881222325844,
                0.06626772868168732,
                0,
                0.08888635154567548,
                -0.926054905256328,
                -0.3058042606005477,
                0,
                0.13855683457010518,
                0.30875797905049346,
                -0.9423076256060149,
                0,
                67.2629924774898,
                -50.35472854030884,
                74.48352720522385,
                1
            ],
            "min": [
                0.9653475927413503,
                -0.25241394922832744,
                -0.09448912680809819,
                0,
                -0.2211475047612948,
                -0.9428525899320753,
                -0.32113549013382325,
                0,
                -0.1293240314719957,
                0.2805525026110567,
                -0.9497852772459433,
                0,
                -74.66711450330384,
                -57.85205053619189,
                73.32576980482557,
                1
            ],
            "type": "MAT4"
        }
    ],
    "asset": {
        "generator": "ClayGL - fbx2gltf",
        "version": "2.0"
    },
    "bufferViews": [
        {
            "buffer": 0,
            "byteLength": 231000,
            "byteOffset": 0,
            "target": 34962
        },
        {
            "buffer": 0,
            "byteLength": 6144,
            "byteOffset": 231000,
            "target": 34962
        },
        {
            "buffer": 0,
            "byteLength": 34650,
            "byteOffset": 237144,
            "target": 34963
        }
    ],
    "buffers": [
        {
            "byteLength": 271794,
            "uri": "beastmaster.bin"
        }
    ],
    "images": [
        {
            "uri": "textures/beastmaster_color.png"
        },
        {
            "uri": "textures/beastmaster_arms_color.png"
        },
        {
            "uri": "textures/beastmaster_belt_color.png"
        },
        {
            "uri": "textures/beastmaster_head_color.png"
        },
        {
            "uri": "textures/beastmaster_shoulder_color.png"
        },
        {
            "uri": "textures/beastmaster_weapon_color.png"
        }
    ],
    "materials": [
        {
            "emissiveFactor": [
                0,
                0,
                0
            ],
            "name": "Material #35",
            "pbrMetallicRoughness": {
                "baseColorFactor": [
                    1,
                    1,
                    1,
                    1
                ],
                "baseColorTexture": {
                    "index": 0,
                    "texCoord": 0
                },
                "metallicFactor": 0,
                "roughnessFactor": 0.9230769230769231
            }
        },
        {
            "emissiveFactor": [
                0,
                0,
                0
            ],
            "name": "Material #46",
            "pbrMetallicRoughness": {
                "baseColorFactor": [
                    1,
                    1,
                    1,
                    1
                ],
                "baseColorTexture": {
                    "index": 1,
                    "texCoord": 0
                },
                "metallicFactor": 0,
                "roughnessFactor": 0.9230769230769231
            }
        },
        {
            "emissiveFactor": [
                0,
                0,
                0
            ],
            "name": "Material #57",
            "pbrMetallicRoughness": {
                "baseColorFactor": [
                    1,
                    1,
                    1,
                    1
                ],
                "baseColorTexture": {
                    "index": 2,
                    "texCoord": 0
                },
                "metallicFactor": 0,
                "roughnessFactor": 0.9230769230769231
            }
        },
        {
            "emissiveFactor": [
                0,
                0,
                0
            ],
            "name": "Material #68",
            "pbrMetallicRoughness": {
                "baseColorFactor": [
                    1,
                    1,
                    1,
                    1
                ],
                "baseColorTexture": {
                    "index": 3,
                    "texCoord": 0
                },
                "metallicFactor": 0,
                "roughnessFactor": 0.9230769230769231
            }
        },
        {
            "emissiveFactor": [
                0,
                0,
                0
            ],
            "name": "Material #79",
            "pbrMetallicRoughness": {
                "baseColorFactor": [
                    1,
                    1,
                    1,
                    1
                ],
                "baseColorTexture": {
                    "index": 4,
                    "texCoord": 0
                },
                "metallicFactor": 0,
                "roughnessFactor": 0.9230769230769231
            }
        },
        {
            "emissiveFactor": [
                0,
                0,
                0
            ],
            "name": "Material #90",
            "pbrMetallicRoughness": {
                "baseColorFactor": [
                    1,
                    1,
                    1,
                    1
                ],
                "baseColorTexture": {
                    "index": 5,
                    "texCoord": 0
                },
                "metallicFactor": 0,
                "roughnessFactor": 0.9230769230769231
            }
        }
    ],
    "meshes": [
        {
            "name": "beastmaster_model_LOD0",
            "primitives": [
                {
                    "attributes": {
                        "JOINTS_0": 3,
                        "NORMAL": 1,
                        "POSITION": 0,
                        "TEXCOORD_0": 2,
                        "WEIGHTS_0": 4
                    },
                    "indices": 5,
                    "material": 0
                }
            ]
        },
        {
            "name": "beastmaster_arms_model_LOD0",
            "primitives": [
                {
                    "attributes": {
                        "JOINTS_0": 10,
                        "NORMAL": 8,
                        "POSITION": 7,
                        "TEXCOORD_0": 9,
                        "WEIGHTS_0": 11
                    },
                    "indices": 12,
                    "material": 1
                }
            ]
        },
        {
            "name": "beastmaster_belt_model_LOD0",
            "primitives": [
                {
                    "attributes": {
                        "JOINTS_0": 17,
                        "NORMAL": 15,
                        "POSITION": 14,
                        "TEXCOORD_0": 16,
                        "WEIGHTS_0": 18
                    },
                    "indices": 19,
                    "material": 2
                }
            ]
        },
        {
            "name": "beastmaster_head_model_LOD0",
            "primitives": [
                {
                    "attributes": {
                        "JOINTS_0": 24,
                        "NORMAL": 22,
                        "POSITION": 21,
                        "TEXCOORD_0": 23,
                        "WEIGHTS_0": 25
                    },
                    "indices": 26,
                    "material": 3
                }
            ]
        },
        {
            "name": "beastmaster_shoulder_model_LOD0",
            "primitives": [
                {
                    "attributes": {
                        "JOINTS_0": 31,
                        "NORMAL": 29,
                        "POSITION": 28,
                        "TEXCOORD_0": 30,
                        "WEIGHTS_0": 32
                    },
                    "indices": 33,
                    "material": 4
                }
            ]
        },
        {
            "name": "beastmaster_weapon_model_LOD0",
            "primitives": [
                {
                    "attributes": {
                        "JOINTS_0": 38,
                        "NORMAL": 36,
                        "POSITION": 35,
                        "TEXCOORD_0": 37,
                        "WEIGHTS_0": 39
                    },
                    "indices": 40,
                    "material": 5
                }
            ]
        }
    ],
    "nodes": [
        {
            "children": [
                1,
                5,
                9,
                11,
                66,
                68,
                70,
                72
            ],
            "matrix": [
                1.6292068478213574e-7,
                1.469367938527879e-39,
                1.0000000000000002,
                0,
                1.0000000000000002,
                6.123233995736847e-17,
                -1.6292068478213574e-7,
                0,
                -6.123233995736685e-17,
                1,
                9.976014756666736e-24,
                0,
                0,
                100.59508514404297,
                -4.613541126251221,
                1
            ],
            "name": "Root_0"
        },
        {
            "children": [
                2
            ],
            "matrix": [
                -0.03437711298465726,
                0.12402306497096997,
                0.9916836023330688,
                0,
                0.31608652072120175,
                0.9426843496414379,
                -0.10693779755704684,
                0,
                -0.9481075603323931,
                0.30978167054869077,
                -0.07160880023564173,
                0,
                0.30162429809570224,
                -22.457458496093743,
                -10.873733520507812,
                1
            ],
            "name": "thigh_R"
        },
        {
            "children": [
                3
            ],
            "matrix": [
                0.9750730395317078,
                4.768371582239417e-7,
                -0.22188356518745428,
                0,
                -3.44068291583538e-7,
                0.9999997019767837,
                6.370246535269963e-7,
                0,
                0.22188355596014864,
                -5.44802605639827e-7,
                0.9750729989809048,
                0,
                -34.86503219604492,
                7.105427357601002e-15,
                -0.000003814697263848643,
                1
            ],
            "name": "knee_R"
        },
        {
            "children": [
                4
            ],
            "matrix": [
                0.21564693748950975,
                -0.3328821361064913,
                0.9179793596267699,
                0,
                0.052196104553992324,
                0.9426844981554807,
                0.32957919603718605,
                0,
                -0.9750756141747523,
                -0.02315778994384937,
                0.22066210237649775,
                0,
                -44.894653320312486,
                0.000011444091796875,
                -0.000015974044799360598,
                1
            ],
            "name": "ankle_R"
        },
        {
            "matrix": [
                0.9215421676635743,
                0.06246975436806679,
                0.3832205533981322,
                0,
                -0.058078491655687486,
                0.9980463980650335,
                -0.023030952180881647,
                0,
                -0.3839104228448513,
                -0.001032877556916839,
                0.9233694897797747,
                0,
                -14.527447700500487,
                -0.000007629394527697286,
                0.000006675720215731928,
                1
            ],
            "name": "toeBase_R"
        },
        {
            "children": [
                6
            ],
            "matrix": [
                0.034377086907625226,
                0.1240232810378075,
                -0.9916834831237793,
                0,
                -0.3160875712926921,
                0.9426838384621844,
                0.10693792376635643,
                0,
                0.9481070421957599,
                0.3097826935443606,
                0.0716089613852454,
                0,
                0.301616668701171,
                22.457458496093746,
                -10.873733520507812,
                1
            ],
            "name": "thigh_L"
        },
        {
            "children": [
                7
            ],
            "matrix": [
                0.9750731587409974,
                1.3877787807814457e-17,
                -0.22188368439674383,
                0,
                -1.411440379711637e-7,
                1.0000001192092822,
                -6.202608511252095e-7,
                0,
                0.22188369026567273,
                6.361172074642596e-7,
                0.9750731845321463,
                0,
                34.86503219604493,
                -0.000003814697265625,
                -0.00000762939453125,
                1
            ],
            "name": "knee_L"
        },
        {
            "children": [
                8
            ],
            "matrix": [
                0.21564652025699618,
                -0.3328829705715177,
                0.9179792404174801,
                0,
                0.05219584047364309,
                0.9426840351635895,
                0.32958001362642714,
                0,
                -0.9750759492625789,
                -0.023158085111241386,
                0.2206616384789514,
                0,
                44.894660949707024,
                0.000007629394524144573,
                0.000008583068848544428,
                1
            ],
            "name": "ankle_L"
        },
        {
            "matrix": [
                0.9215422272682191,
                0.06246967241168023,
                0.3832205832004548,
                0,
                -0.058077819128215726,
                0.9980461012461069,
                -0.023032296774323575,
                0,
                -0.38391062457752023,
                -0.0010313816368916302,
                0.9233697187214898,
                0,
                14.527450561523438,
                -0.0000019073486328125,
                0.000003337860105645518,
                1
            ],
            "name": "toeBase_L"
        },
        {
            "children": [
                10
            ],
            "matrix": [
                -0.32925805449485784,
                0.6179617047309875,
                -0.7139412164688109,
                0,
                0.2587977100681826,
                0.786208047343214,
                0.5611599742990347,
                0,
                0.9080818871139856,
                8.945268163795968e-8,
                -0.4187924906110249,
                0,
                -8.31447410583496,
                23.393768310546875,
                10.848953247070312,
                1
            ],
            "name": "horn0_0"
        },
        {
            "matrix": [
                1.0000000000000004,
                8.940696719084151e-8,
                -1.4901161182745426e-7,
                0,
                -8.94069450141366e-8,
                0.999999999999998,
                1.4901161199398771e-7,
                0,
                1.49011625316664e-7,
                -1.4901159867131142e-7,
                0.9999999999999836,
                0,
                18.040363311767585,
                0.00000762939453125,
                -0.000003814697265625,
                1
            ],
            "name": "horn0_1"
        },
        {
            "children": [
                12
            ],
            "matrix": [
                -0.09100290387868913,
                -2.1696783007604777e-8,
                0.9958505630493165,
                0,
                -4.758478742650995e-7,
                1.0000000000000002,
                -2.169678479556233e-8,
                0,
                -0.9958505630493154,
                -4.758478439339464e-7,
                -0.09100290387869937,
                0,
                -0.9451136589050293,
                4.846234560318407e-7,
                14.609512329101562,
                1
            ],
            "name": "Spine_0"
        },
        {
            "children": [
                13
            ],
            "matrix": [
                0.9983483552932738,
                6.617444900424222e-24,
                -0.05744936689734457,
                0,
                8.305326792673376e-16,
                0.9999999999999999,
                1.4432899214247917e-14,
                0,
                0.057449366897344575,
                -1.4456774955448647e-14,
                0.9983483552932738,
                0,
                13.204658508300795,
                6.655204742855858e-7,
                -0.000004291534423828125,
                1
            ],
            "name": "Spine_1"
        },
        {
            "children": [
                14,
                34,
                46
            ],
            "matrix": [
                0.9796412587165833,
                -8.881784197001252e-15,
                -0.20075690746307373,
                0,
                6.745691584781929e-15,
                1.0000000000000002,
                -1.1324274745297478e-14,
                0,
                0.20075690746307373,
                9.739482665490024e-15,
                0.9796412587165833,
                0,
                13.877609252929659,
                -0.0000014616075532103423,
                8.881784197001252e-16,
                1
            ],
            "name": "Spine_2"
        },
        {
            "children": [
                15
            ],
            "matrix": [
                0.07440637052059162,
                0.9678118228912352,
                -0.24042412638664257,
                0,
                -0.018429487438606673,
                -0.23971676782602389,
                -0.970667947620445,
                0,
                -0.997057497942485,
                0.07665476374263754,
                -1.7881393249430388e-7,
                0,
                15.910430908203125,
                -5.069524288177491,
                -10.81159973144532,
                1
            ],
            "name": "clavicle_R"
        },
        {
            "children": [
                16
            ],
            "matrix": [
                0.43548864126205433,
                -0.3125507235527039,
                -0.8441930413246157,
                0,
                -0.8724712147744966,
                0.08439680189083479,
