{
    "animations": {},
    "asset": {},
    "attributes": {
        "attribute_1": {
            "bufferView": "bufferView_25",
            "byteOffset": 0,
            "byteStride": 12,
            "count": 1859,
            "max": [
                1,
                1,
                1
            ],
            "min": [
                0,
                0,
                0
            ],
            "type": "FLOAT_VEC3"
        },
        "attribute_10": {
            "bufferView": "bufferView_25",
            "byteOffset": 134324,
            "byteStride": 16,
            "count": 712,
            "max": [
                1,
                1,
                1
            ],
            "min": [
                0,
                0,
                0
            ],
            "type": "FLOAT_VEC4"
        },
        "attribute_11": {
            "bufferView": "bufferView_25",
            "byteOffset": 145716,
            "byteStride": 12,
            "count": 712,
            "max": [
                1,
                1,
                1
            ],
            "min": [
                0,
                0,
                0
            ],
            "type": "FLOAT_VEC3"
        },
        "attribute_13": {
            "bufferView": "bufferView_25",
            "byteOffset": 154260,
            "byteStride": 12,
            "count": 410,
            "max": [
                1,
                1,
                1
            ],
            "min": [
                0,
                0,
                0
            ],
            "type": "FLOAT_VEC3"
        },
        "attribute_14": {
            "bufferView": "bufferView_25",
            "byteOffset": 159180,
            "byteStride": 12,
            "count": 410,
            "max": [
                1,
                1,
                1
            ],
            "min": [
                0,
                0,
                0
            ],
            "type": "FLOAT_VEC3"
        },
        "attribute_15": {
            "bufferView": "bufferView_25",
            "byteOffset": 164100,
            "byteStride": 8,
            "count": 410,
            "max": [
                1,
                1,
                1
            ],
            "min": [
                0,
                0,
                0
            ],
            "type": "FLOAT_VEC2"
        },
        "attribute_16": {
            "bufferView": "bufferView_25",
            "byteOffset": 167380,
            "byteStride": 16,
            "count": 410,
            "max": [
                1,
                1,
                1
            ],
            "min": [
                0,
                0,
                0
            ],
            "type": "FLOAT_VEC4"
        },
        "attribute_17": {
            "bufferView": "bufferView_25",
            "byteOffset": 173940,
            "byteStride": 12,
            "count": 410,
            "max": [
                1,
                1,
                1
            ],
            "min": [
                0,
                0,
                0
            ],
            "type": "FLOAT_VEC3"
        },
        "attribute_19": {
            "bufferView": "bufferView_25",
            "byteOffset": 178860,
            "byteStride": 12,
            "count": 304,
            "max": [
                1,
                1,
                1
            ],
            "min": [
                0,
                0,
                0
            ],
            "type": "FLOAT_VEC3"
        },
        "attribute_2": {
            "bufferView": "bufferView_25",
            "byteOffset": 22308,
            "byteStride": 12,
            "count": 1859,
            "max": [
                1,
                1,
                1
            ],
            "min": [
                0,
                0,
                0
            ],
            "type": "FLOAT_VEC3"
        },
        "attribute_20": {
            "bufferView": "bufferView_25",
            "byteOffset": 182508,
            "byteStride": 12,
            "count": 304,
            "max": [
                1,
                1,
                1
            ],
            "min": [
                0,
                0,
                0
            ],
            "type": "FLOAT_VEC3"
        },
        "attribute_21": {
            "bufferView": "bufferView_25",
            "byteOffset": 186156,
            "byteStride": 8,
            "count": 304,
            "max": [
                1,
                1,
                1
            ],
            "min": [
                0,
                0,
                0
            ],
            "type": "FLOAT_VEC2"
        },
        "attribute_22": {
            "bufferView": "bufferView_25",
            "byteOffset": 188588,
            "byteStride": 16,
            "count": 304,
            "max": [
                1,
                1,
                1
            ],
            "min": [
                0,
                0,
                0
            ],
            "type": "FLOAT_VEC4"
        },
        "attribute_23": {
            "bufferView": "bufferView_25",
            "byteOffset": 193452,
            "byteStride": 12,
            "count": 304,
            "max": [
                1,
                1,
                1
            ],
            "min": [
                0,
                0,
                0
            ],
            "type": "FLOAT_VEC3"
        },
        "attribute_3": {
            "bufferView": "bufferView_25",
            "byteOffset": 44616,
            "byteStride": 8,
            "count": 1859,
            "max": [
                1,
                1,
                1
            ],
            "min": [
                0,
                0,
                0
            ],
            "type": "FLOAT_VEC2"
        },
        "attribute_4": {
            "bufferView": "bufferView_25",
            "byteOffset": 59488,
            "byteStride": 16,
            "count": 1859,
            "max": [
                1,
                1,
                1
            ],
            "min": [
                0,
                0,
                0
            ],
            "type": "FLOAT_VEC4"
        },
        "attribute_5": {
            "bufferView": "bufferView_25",
            "byteOffset": 89232,
            "byteStride": 12,
            "count": 1859,
            "max": [
                1,
                1,
                1
            ],
            "min": [
                0,
                0,
                0
            ],
            "type": "FLOAT_VEC3"
        },
        "attribute_7": {
            "bufferView": "bufferView_25",
            "byteOffset": 111540,
            "byteStride": 12,
            "count": 712,
            "max": [
                1,
                1,
                1
            ],
            "min": [
                0,
                0,
                0
            ],
            "type": "FLOAT_VEC3"
        },
        "attribute_8": {
            "bufferView": "bufferView_25",
            "byteOffset": 120084,
            "byteStride": 12,
            "count": 712,
            "max": [
                1,
                1,
                1
            ],
            "min": [
                0,
                0,
                0
            ],
            "type": "FLOAT_VEC3"
        },
        "attribute_9": {
            "bufferView": "bufferView_25",
            "byteOffset": 128628,
            "byteStride": 8,
            "count": 712,
            "max": [
                1,
                1,
                1
            ],
            "min": [
                0,
                0,
                0
            ],
            "type": "FLOAT_VEC2"
        }
    },
    "bufferViews": {
        "bufferView_25": {
            "buffer": "lanaya.bin",
            "byteLength": 197100,
            "byteOffset": 0,
            "target": "ARRAY_BUFFER"
        },
        "bufferView_26": {
            "buffer": "lanaya.bin",
            "byteLength": 37068,
            "byteOffset": 197100,
            "target": "ELEMENT_ARRAY_BUFFER"
        }
    },
    "buffers": {
        "lanaya.bin": {
            "byteLength": 234168,
            "path": "lanaya.bin"
        }
    },
    "cameras": {},
    "images": {
        "image_0": {
            "path": "textures/lanaya_base_color.png"
        },
        "image_1": {
            "path": "textures/lanaya_cowl_shoulder_color.png"
        },
        "image_2": {
            "path": "textures/lanaya_hair_color.png"
        },
        "image_3": {
            "path": "textures/lanaya_bracers_skirt_color.png"
        }
    },
    "indices": {
        "indices_12": {
            "bufferView": "bufferView_26",
            "byteOffset": 21624,
            "count": 3789,
            "type": "UNSIGNED_SHORT"
        },
        "indices_18": {
            "bufferView": "bufferView_26",
            "byteOffset": 29202,
            "count": 2340,
            "type": "UNSIGNED_SHORT"
        },
        "indices_24": {
            "bufferView": "bufferView_26",
            "byteOffset": 33882,
            "count": 1593,
            "type": "UNSIGNED_SHORT"
        },
        "indices_6": {
            "bufferView": "bufferView_26",
            "byteOffset": 0,
            "count": 10812,
            "type": "UNSIGNED_SHORT"
        }
    },
    "lights": {},
    "materials": {
        "Material #35": {
            "instanceTechnique": {
                "technique": "technique_0",
                "values": [
                    {
                        "parameter": "ambient",
                        "value": [
                            0.5879999995231628,
                            0.5879999995231628,
                            0.5879999995231628
                        ]
                    },
                    {
                        "parameter": "emission",
                        "value": [
                            0,
                            0,
                            0
                        ]
                    },
                    {
                        "parameter": "diffuse",
                        "value": "Map #5"
                    },
                    {
                        "parameter": "shininess",
                        "value": 2
                    },
                    {
                        "parameter": "specular",
                        "value": [
                            0.8999999761581421,
                            0.8999999761581421,
                            0.8999999761581421
                        ]
                    }
                ]
            },
            "name": "Material #35"
        },
        "Material #57": {
            "instanceTechnique": {
                "technique": "technique_0",
                "values": [
                    {
                        "parameter": "ambient",
                        "value": [
                            0.5879999995231628,
                            0.5879999995231628,
                            0.5879999995231628
                        ]
                    },
                    {
                        "parameter": "emission",
                        "value": [
                            0,
                            0,
                            0
                        ]
                    },
                    {
                        "parameter": "diffuse",
                        "value": "Map #7"
                    },
                    {
                        "parameter": "shininess",
                        "value": 2
                    },
                    {
                        "parameter": "specular",
                        "value": [
                            0.8999999761581421,
                            0.8999999761581421,
                            0.8999999761581421
                        ]
                    }
                ]
            },
            "name": "Material #57"
        },
        "Material #68": {
            "instanceTechnique": {
                "technique": "technique_0",
                "values": [
                    {
                        "parameter": "ambient",
                        "value": [
                            0.5879999995231628,
                            0.5879999995231628,
                            0.5879999995231628
                        ]
                    },
                    {
                        "parameter": "emission",
                        "value": [
                            0,
                            0,
                            0
                        ]
                    },
                    {
                        "parameter": "diffuse",
                        "value": "Map #8"
                    },
                    {
                        "parameter": "shininess",
                        "value": 2
                    },
                    {
                        "parameter": "specular",
                        "value": [
                            0.8999999761581421,
                            0.8999999761581421,
                            0.8999999761581421
                        ]
                    }
                ]
            },
            "name": "Material #68"
        },
        "Material #79": {
            "instanceTechnique": {
                "technique": "technique_0",
                "values": [
                    {
                        "parameter": "ambient",
                        "value": [
                            0.5879999995231628,
                            0.5879999995231628,
                            0.5879999995231628
                        ]
                    },
                    {
                        "parameter": "emission",
                        "value": [
                            0,
                            0,
                            0
                        ]
                    },
                    {
                        "parameter": "diffuse",
                        "value": "Map #10"
                    },
                    {
                        "parameter": "shininess",
                        "value": 2
                    },
                    {
                        "parameter": "specular",
                        "value": [
                            0.8999999761581421,
                            0.8999999761581421,
                            0.8999999761581421
                        ]
                    }
                ]
            },
            "name": "Material #79"
        }
    },
    "meshes": {
        "lanaya_bracers_skirt_model_LOD0-mesh": {
            "name": "lanaya_bracers_skirt_model_LOD0-mesh",
            "primitives": [
                {
                    "indices": "indices_24",
                    "material": "Material #79",
                    "semantics": {
                        "JOINT": "attribute_22",
                        "NORMAL": "attribute_20",
                        "POSITION": "attribute_19",
                        "TEXCOORD_0": "attribute_21",
                        "WEIGHT": "attribute_23"
                    },
                    "skin": "skin_3"
                }
            ]
        },
        "lanaya_cowl_shoulder_model_LOD0-mesh": {
            "name": "lanaya_cowl_shoulder_model_LOD0-mesh",
            "primitives": [
                {
                    "indices": "indices_12",
                    "material": "Material #57",
                    "semantics": {
                        "JOINT": "attribute_10",
                        "NORMAL": "attribute_8",
                        "POSITION": "attribute_7",
                        "TEXCOORD_0": "attribute_9",
                        "WEIGHT": "attribute_11"
                    },
                    "skin": "skin_1"
                }
            ]
        },
        "lanaya_hair_model_LOD0-mesh": {
            "name": "lanaya_hair_model_LOD0-mesh",
            "primitives": [
                {
                    "indices": "indices_18",
                    "material": "Material #68",
                    "semantics": {
                        "JOINT": "attribute_16",
                        "NORMAL": "attribute_14",
                        "POSITION": "attribute_13",
                        "TEXCOORD_0": "attribute_15",
                        "WEIGHT": "attribute_17"
                    },
                    "skin": "skin_2"
                }
            ]
        },
        "lanaya_model_LOD0-mesh": {
            "name": "lanaya_model_LOD0-mesh",
            "primitives": [
                {
                    "indices": "indices_6",
                    "material": "Material #35",
                    "semantics": {
                        "JOINT": "attribute_4",
                        "NORMAL": "attribute_2",
                        "POSITION": "attribute_1",
                        "TEXCOORD_0": "attribute_3",
                        "WEIGHT": "attribute_5"
                    },
                    "skin": "skin_0"
                }
            ]
        }
    },
    "nodes": {
        "Head_0": {
            "children": [
                "Head_1"
            ],
            "matrix": [
                0.8736349344253543,
                3.30200649045764e-8,
                -0.48658204078674316,
                0,
                1.9422419982147472e-7,
                1.0000000000000002,
                4.165815710166464e-7,
                0,
                0.48658204078675643,
                -4.5844622099724363e-7,
                0.8736349344253467,
                0,
                9.153701782226591,
                -6.776699592592195e-7,
                0.00000762939453125,
                1
            ],
            "name": "Head_0"
        },
        "Head_1": {
            "children": [
                "strand_R0C0",
                "hair_rope_R0C0"
            ],
            "matrix": [
                0.20867991447448736,
                -5.970379675090953e-7,
                -0.9779840707778924,
                0,
                6.298780635805985e-8,
                0.9999999999999993,
                -5.970380243524087e-7,
                0,
                0.9779840707779008,
                6.298877258843006e-8,
                0.20867991447445053,
                0,
                13.2100830078125,
                -0.000001051993876899359,
                -0.000003814697265625,
                1
            ],
            "name": "Head_1"
        },
        "L_shoulderarmor_front": {
            "children": [],
            "matrix": [
                0.9797697663307194,
                -0.16186645627021784,
                0.11768849939107907,
                0,
                0.14251176882492642,
                0.9771724017672775,
                0.15755754805347444,
                0,
                -0.14050526186793272,
                -0.13759815157287952,
                0.9804720342359412,
                0,
                -0.8615689277648926,
                4.040267944335945,
                5.972900390625,
                1
            ],
            "name": "L_shoulderarmor_front"
        },
        "L_shoulderarmor_rear": {
            "children": [],
            "matrix": [
                0.9963352084159851,
                -0.060797438025474555,
                0.06016338616609575,
                0,
                -0.04317052410395343,
                -0.9646673846435387,
                -0.25990878171904336,
                0,
                0.07383946362937509,
                0.256359051937382,
                -0.9637569875470389,
                0,
                0.6156482696533194,
                -3.9059486389160156,
                -5.942016601562472,
                1
            ],
            "name": "L_shoulderarmor_rear"
        },
        "Root_0": {
            "children": [
                "thigh_R",
                "thigh_L",
                "front_flap_R0C0",
                "back_flap_R0C0",
                "Spine_1"
            ],
            "matrix": [
                -1.629206851037603e-7,
                -1.0000000000000002,
                0,
                0,
                1.0000000000000002,
                -1.629206851037603e-7,
                0,
                0,
                0,
                0,
                1,
                0,
                0,
                -0.000004803156571142608,
                109.88341522216797,
                1
            ],
            "name": "Root_0"
        },
        "Spine_1": {
            "children": [
                "Spine_2"
            ],
            "matrix": [
                -0.05623155087232478,
                1.8769304687180916e-7,
                0.9984177350997925,
                0,
                -2.3275999076758347e-7,
                1.0000000000000002,
                -2.010996951227334e-7,
                0,
                -0.9984177350997951,
                -2.4369985054071415e-7,
                -0.056231550872279115,
                0,
                0.9306915402412415,
                6.70995120799489e-7,
                11.8817138671875,
                1
            ],
            "name": "Spine_1"
        },
        "Spine_2": {
            "children": [
                "Spine_3"
            ],
            "matrix": [
                0.9995086789131165,
                -1.4210854794611343e-14,
                0.031346432864665985,
                0,
                -1.494712083558063e-8,
                0.9999999999999999,
                4.76602593835196e-7,
                0,
                -0.031346432864665985,
                -4.768369678505737e-7,
                0.9995086789131167,
                0,
                8.76239013671875,
                2.682209014892578e-7,
                -0.0000152587890625,
                1
            ],
            "name": "Spine_2"
        },
        "Spine_3": {
            "children": [
                "clavicle_R",
                "Head_0",
                "clavicle_L"
            ],
            "matrix": [
                0.9780653715133668,
                -1.0587911840678754e-22,
                0.20829761028289792,
                0,
                9.932405265368546e-8,
                1.0000000000000002,
                -4.6637796913273643e-7,
                0,
                -0.20829761028289795,
                4.768371044568346e-7,
                0.9780653715133667,
                0,
                17.432708740234375,
                -0.00000423736673837994,
                0.0000133514404296875,
                1
            ],
            "name": "Spine_3"
        },
        "ankle_L": {
            "children": [
                "toeBase_L"
            ],
            "matrix": [
                0.7864573001861569,
                -0.41659131646156294,
                0.45600083470344543,
                0,
                0.10439066590128629,
                0.817322526528419,
                0.5666451601976681,
                0,
                -0.6087592089247938,
                -0.3980399929507699,
                0.6862775140538073,
                0,
                42.13391113281249,
                0.00000762939453125,
                -4.7683715642676816e-7,
                1
            ],
            "name": "ankle_L"
        },
        "ankle_R": {
            "children": [
                "toeBase_R"
            ],
            "matrix": [
                0.7864569425582882,
                -0.41659176349639887,
                0.4560009837150574,
                0,
                0.10439077758528036,
                0.8173222197126621,
                0.5666453852330908,
                0,
                -0.6087595969116205,
                -0.39803993940772486,
                0.6862771402173444,
                0,
                -42.13389205932616,
                -0.0000095367431640625,
                0.000007152557373935053,
                1
            ],
            "name": "ankle_R"
        },
        "back_flap_R0C0": {
            "children": [
                "back_flap_R1C0"
            ],
            "matrix": [
                6.123233995736785e-17,
                -2.938735877055719e-39,
                -1.0000000000000029,
                0,
                2.6469779601696886e-23,
                0.9999999403953553,
                0,
                0,
                0.9999999403953582,
                -2.6469779601696886e-23,
                6.123233630763597e-17,
                0,
                -14.083340644836424,
                -0.0000028610227218450737,
                -2.72607421875,
                1
            ],
            "name": "back_flap_R0C0"
        },
        "back_flap_R1C0": {
            "children": [],
            "matrix": [
                0.9999999999999999,
                -7.888609037516437e-31,
                -2.2112818243158475e-8,
                0,
                -3.142420473869254e-22,
                0.9999998807907104,
                -1.4210854715202004e-14,
                0,
                2.211281560710512e-8,
                1.4210854715202004e-14,
                0.9999998807907104,
                0,
                16.169128417968736,
                0.0000019073484054388241,
                0.000007629394529473643,
                1
            ],
            "name": "back_flap_R1C0"
        },
        "bicep_L": {
            "children": [
                "elbow_L"
            ],
            "matrix": [
                0.34882688522338895,
                0.20435841381549846,
                -0.9146352410316471,
                0,
                -0.9307220079578429,
                -0.03889786038232178,
                -0.3636531254997116,
                0,
                -0.1098929224089497,
                0.9781230692544505,
                0.17663224187049137,
                0,
                13.647850990295412,
                0.000003814697272730427,
                -0.0000457763671875,
                1
            ],
            "name": "bicep_L"
        },
        "bicep_R": {
            "children": [
                "sleeve_R0C0",
                "elbow_R"
            ],
            "matrix": [
                0.40146553516387906,
                0.16626998782157904,
                -0.9006550312042241,
                0,
                -0.9032434555319944,
                0.23463181966375046,
                -0.35930392464215144,
                0,
                0.1515808634819001,
                0.9577588658180528,
                0.2443788573963262,
                0,
                -13.647835731506351,
                7.105427357601002e-15,
                0.0000152587890625,
                1
            ],
            "name": "bicep_R"
        },
        "clavicle_L": {
            "children": [
                "bicep_L",
                "L_shoulderarmor_front"
            ],
            "matrix": [
                0.09618963301181804,
                0.8723445534706118,
                0.47933560609817516,
                0,
                -0.0525353273630334,
                -0.47644795275570995,
                0.8776317158707194,
                0,
                0.9939756393885668,
                -0.10960111725966361,
                -4.4703483165209335e-7,
                0,
                0.7500610351562784,
                2.67101263999939,
                -2.4205093383789062,
                1
            ],
            "name": "clavicle_L"
        },
        "clavicle_R": {
            "children": [
                "bicep_R",
                "L_shoulderarmor_rear"
            ],
            "matrix": [
                -0.0961897298693658,
                0.8723446130752565,
                -0.47933542728424083,
                0,
                0.05253536327276259,
                -0.4764478312194577,
                -0.8776318991502795,
                0,
                -0.9939756403564997,
                -0.10960122024017163,
                4.4703483392805055e-7,
                0,
                0.7500610351562784,
                -2.6710124015808105,
                -2.420513153076172,
                1
            ],
            "name": "clavicle_R"
        },
        "elbow_L": {
            "children": [
                "wrist_L"
            ],
            "matrix": [
                0.8998736143112185,
                2.98023223821442e-7,
                -0.4361508786678317,
                0,
                -2.896551936082403e-7,
                0.9999999403953349,
                8.568168011202637e-8,
                0,
                0.4361508375497062,
                4.923068250284324e-8,
                0.8998735294756645,
                0,
                26.33435821533203,
                0.0000038146972585195726,
                -0.000011444091796875,
                1
            ],
            "name": "elbow_L"
        },
        "elbow_R": {
            "children": [
                "wrist_R"
            ],
            "matrix": [
                0.9222370982170107,
                1.192092897173147e-7,
                -0.38662540912628174,
                0,
                3.62831361067073e-8,
                1.000000000000035,
                3.9488078140345606e-7,
                0,
                0.38662544374347113,
                -3.7820172232860827e-7,
                0.9222371807910227,
                0,
                -26.97219848632814,
                0.000030517578125,
                -0.000003814697263848643,
                1
            ],
            "name": "elbow_R"
        },
        "front_flap_R0C0": {
            "children": [
                "front_flap_R1C0"
            ],
            "matrix": [
                6.123233995736785e-17,
                -2.938735877055719e-39,
                -1.0000000000000029,
                0,
                2.6469779601696886e-23,
                0.9999999403953553,
                0,
                0,
                0.9999999403953582,
                -2.6469779601696886e-23,
                6.123233630763597e-17,
                0,
                8.865709304809569,
                9.536743164062496e-7,
                -1.697479248046875,
                1
            ],
            "name": "front_flap_R0C0"
        },
        "front_flap_R1C0": {
            "children": [],
            "matrix": [
                0.9999999999999999,
                -1.5577787788315062e-32,
                2.465190328815662e-32,
                0,
                4.9787313851403064e-33,
                0.9999998807907104,
                -1.4210854715202004e-14,
                0,
                1.232595164407831e-32,
                1.4210854715202004e-14,
                0.9999998807907104,
                0,
                16.169120788574205,
                -1.1368683729809956e-13,
                -9.5367431640625e-7,
                1
            ],
            "name": "front_flap_R1C0"
        },
        "hair_rope_R0C0": {
            "children": [
                "hair_rope_R1C0"
            ],
            "matrix": [
                -0.4490802586078642,
                -0.002093142829835321,
                -0.893488824367523,
                0,
                -0.8905290100781517,
                -0.08031340492834811,
                0.44778076083333024,
                0,
                -0.0726964254505266,
                0.9967675830314939,
                0.034203172763115276,
                0,
                -8.725917816162106,
                -3.477662176010182e-7,
                2.006057739257784,
                1
            ],
            "name": "hair_rope_R0C0"
        },
        "hair_rope_R1C0": {
            "children": [
                "hair_rope_R2C0"
            ],
            "matrix": [
                1.0000002384185793,
                -4.7683715814761385e-7,
                -3.818422555854073e-7,
                0,
                4.768372561803069e-7,
                1.000000238418579,
                2.5704503058519845e-7,
                0,
                3.818420192223948e-7,
                -2.5704513607546775e-7,
                0.9999999403953419,
                0,
                8.21441650390625,
                -0.000007629394517039145,
                0.0000014305114754975534,
                1
            ],
            "name": "hair_rope_R1C0"
        },
        "hair_rope_R2C0": {
            "children": [
                "hair_rope_R3C0"
            ],
            "matrix": [
                0.9999999403953556,
                1.490116118829654e-7,
                1.8626451353531692e-9,
                0,
                -1.490116208757719e-7,
                0.9999999999999907,
                2.1420419221360176e-8,
                0,
                -1.8626420822398515e-9,
                -2.1420419486772868e-8,
                0.9999999999999998,
                0,
                9.612228393554688,
                0.0000152587890625,
                4.768371590913034e-7,
                1
            ],
            "name": "hair_rope_R2C0"
        },
        "hair_rope_R3C0": {
            "children": [
                "hair_rope_R4C0"
            ],
            "matrix": [
                1.0000001192092898,
                -2.9802322443206464e-8,
                -1.862645149230957e-9,
                0,
                2.9802322443206464e-8,
                1.0000001192092896,
                5.5879354598359354e-9,
                0,
                1.8626449722891625e-9,
                -5.587935518816534e-9,
                1.0000001192092898,
                0,
                19.918312072753906,
                -0.00000762939453125,
                0.0000019073486328125,
                1
            ],
            "name": "hair_rope_R3C0"
        },
        "hair_rope_R4C0": {
            "children": [
                "hair_rope_R5C0"
            ],
            "matrix": [
                0.9969943761825556,
                5.9604644719879474e-8,
                0.07747459411621094,
                0,
                -5.898824184669138e-8,
                0.9999998807907124,
                -1.0244548310361923e-8,
                0,
                -0.07747460797282908,
                5.643668643529054e-9,
                0.9969945544986895,
                0,
                19.638702392578125,
                0.00000762939453125,
                0.15176963806152344,
                1
            ],
            "name": "hair_rope_R4C0"
        },
        "hair_rope_R5C0": {
            "children": [],
            "matrix": [
                0.9999765157699586,
                4.172325134277344e-7,
                -0.006849817931652055,
                0,
                -4.1573679027129273e-7,
                1.0000001192092907,
                2.1979212760231404e-7,
                0,
                0.006849817114850193,
                -2.169391929152109e-7,
                0.9999763965152244,
                0,
                10.646286010742188,
                0.00002288818359375,
                0.037856101989746094,
                1
            ],
            "name": "hair_rope_R5C0"
        },
        "index_0_L": {
            "children": [
                "index_1_L"
            ],
            "matrix": [
                0.9426544904708863,
                0.3247096836566925,
                0.07724393159151079,
                0,
                -0.06232779229113788,
                -0.0561063648903377,
                0.9964776739498027,
                0,
                0.3278997085909644,
                -0.9441482582486564,
                -0.03265046735019235,
                0,
                11.660110473632812,
                -0.10630416870117188,
                0.4939270019531251,
                1
            ],
            "name": "index_0_L"
        },
        "index_0_R": {
            "children": [
                "index_1_R"
            ],
            "matrix": [
                0.952929854393005,
                0.27135401964187617,
                0.13524740934371943,
                0,
                -0.12206869308071286,
                -0.06495332110115984,
                0.9903941771839754,
                0,
                0.2775321606127746,
                -0.9602854846933885,
                -0.02877212321989586,
                0,
                -11.35678100585939,
                0.42612838745116477,
                -0.617431640625,
                1
            ],
            "name": "index_0_R"
        },
        "index_1_L": {
            "children": [
                "index_2_L"
            ],
            "matrix": [
                0.511498987674713,
                2.849847078149892e-7,
                -0.8592840433120731,
                0,
                -5.227357770740126e-7,
                1.0000002384185374,
                2.0489098036258202e-8,
                0,
                0.8592842015403259,
                4.38698335374077e-7,
                0.5114990818620972,
                0,
                5.3376998901367045,
                0.000003814697265625,
                -7.105427357601002e-15,
                1
            ],
            "name": "index_1_L"
        },
        "index_1_R": {
            "children": [
                "index_2_R"
            ],
            "matrix": [
                0.6508824825286869,
                2.5331974028847126e-7,
                -0.7591785192489631,
                0,
                -7.107328268973756e-7,
                0.9999998211861312,
                -2.756714612972555e-7,
                0,
                0.7591783229302558,
                7.190027628278806e-7,
                0.6508823142148819,
                0,
                -5.348670959472656,
                -0.0000095367431640625,
                -0.000009536743174720641,
                1
            ],
            "name": "index_1_R"
        },
        "index_2_L": {
            "children": [],
            "matrix": [
                1.0000003576278682,
                9.313225780849255e-10,
                -3.874301910122835e-7,
                0,
                -9.311651553989275e-10,
                1.0000002384185789,
                4.060566425462264e-7,
                0,
                3.874301452155837e-7,
                -4.0605664218540394e-7,
                1.0000002384186268,
                0,
                3.182952880859375,
                1.7763568394002505e-15,
                -0.0000152587890625,
                1
            ],
            "name": "index_2_L"
        },
        "index_2_R": {
            "children": [],
            "matrix": [
                0.9999999403953552,
                2.0816681711721685e-17,
                -5.364418031450491e-7,
                0,
                6.938893903907228e-18,
                0.9999998211860657,
                -1.3877787807814457e-17,
                0,
                5.364417070552463e-7,
                0,
                0.9999997615813769,
                0,
                -2.8381881713867045,
                -9.5367431640625e-7,
                0.00002288818359375,
                1
            ],
            "name": "index_2_R"
        },
        "knee_L": {
            "children": [
                "ankle_L"
            ],
            "matrix": [
                0.994301915168762,
                -4.6193599700927734e-7,
                -0.10660016536712645,
                0,
                5.19300036666559e-7,
                1.0000001192092827,
                5.10364770332436e-7,
