{
    "accessors": {
        "attrbute_1": {
            "bufferView": "bufferView_25",
            "byteOffset": 0,
            "byteStride": 12,
            "count": 2246,
            "max": [
                39.61417770385742,
                16.264986038208008,
                184.74171447753906,
                0
            ],
            "min": [
                -39.614158630371094,
                -15.009211540222168,
                0.11450134962797165,
                0
            ],
            "type": 35665
        },
        "attrbute_10": {
            "bufferView": "bufferView_25",
            "byteOffset": 161320,
            "byteStride": 16,
            "count": 830,
            "max": [
                8,
                8,
                9,
                -1
            ],
            "min": [
                0,
                -1,
                -1,
                -1
            ],
            "type": 35666
        },
        "attrbute_11": {
            "bufferView": "bufferView_25",
            "byteOffset": 174600,
            "byteStride": 12,
            "count": 830,
            "max": [
                1,
                0.9993860721588135,
                0.9882352948188782
            ],
            "min": [
                0.00020518962992355227,
                0,
                0
            ],
            "type": 35665
        },
        "attrbute_13": {
            "bufferView": "bufferView_25",
            "byteOffset": 184560,
            "byteStride": 12,
            "count": 459,
            "max": [
                12.03859806060791,
                45.267391204833984,
                186.3578338623047,
                0
            ],
            "min": [
                -9.793644905090332,
                -10.268037796020508,
                102.52230072021484,
                0
            ],
            "type": 35665
        },
        "attrbute_14": {
            "bufferView": "bufferView_25",
            "byteOffset": 190068,
            "byteStride": 12,
            "count": 459,
            "max": [
                0.997402012348175,
                0.999565839767456,
                0.9994487166404724,
                0
            ],
            "min": [
                -0.9944761991500854,
                -0.9818770885467529,
                -0.98265141248703,
                0
            ],
            "type": 35665
        },
        "attrbute_15": {
            "bufferView": "bufferView_25",
            "byteOffset": 195576,
            "byteStride": 8,
            "count": 459,
            "max": [
                0.9821649789810181,
                0.9903590083122253
            ],
            "min": [
                0.025224000215530396,
                0.01104801893234253
            ],
            "type": 35664
        },
        "attrbute_16": {
            "bufferView": "bufferView_25",
            "byteOffset": 199248,
            "byteStride": 16,
            "count": 459,
            "max": [
                10,
                10,
                10,
                -1
            ],
            "min": [
                0,
                -1,
                -1,
                -1
            ],
            "type": 35666
        },
        "attrbute_17": {
            "bufferView": "bufferView_25",
            "byteOffset": 206592,
            "byteStride": 12,
            "count": 459,
            "max": [
                1,
                0.9997348785400391,
                0.9986154437065125
            ],
            "min": [
                0.00018016260582953691,
                0,
                0
            ],
            "type": 35665
        },
        "attrbute_19": {
            "bufferView": "bufferView_25",
            "byteOffset": 212100,
            "byteStride": 12,
            "count": 345,
            "max": [
                41.14311218261719,
                13.923990249633789,
                144.23155212402344,
                0
            ],
            "min": [
                -38.54841613769531,
                -10.839205741882324,
                51.870269775390625,
                0
            ],
            "type": 35665
        },
        "attrbute_2": {
            "bufferView": "bufferView_25",
            "byteOffset": 26952,
            "byteStride": 12,
            "count": 2246,
            "max": [
                0.9997128248214722,
                0.9999366402626038,
                0.9994956254959106,
                0
            ],
            "min": [
                -0.9997128248214722,
                -0.9998362064361572,
                -0.9991651177406311,
                0
            ],
            "type": 35665
        },
        "attrbute_20": {
            "bufferView": "bufferView_25",
            "byteOffset": 216240,
            "byteStride": 12,
            "count": 345,
            "max": [
                0.9994753003120422,
                0.9999270439147949,
                0.9940003156661987,
                0
            ],
            "min": [
                -0.9916943907737732,
                -0.9943459033966064,
                -0.9573260545730591,
                0
            ],
            "type": 35665
        },
        "attrbute_21": {
            "bufferView": "bufferView_25",
            "byteOffset": 220380,
            "byteStride": 8,
            "count": 345,
            "max": [
                1.900534987449646,
                0.9884219765663147
            ],
            "min": [
                0.014324000105261803,
                0.014496982097625732
            ],
            "type": 35664
        },
        "attrbute_22": {
            "bufferView": "bufferView_25",
            "byteOffset": 223140,
            "byteStride": 16,
            "count": 345,
            "max": [
                9,
                8,
                8,
                -1
            ],
            "min": [
                0,
                -1,
                -1,
                -1
            ],
            "type": 35666
        },
        "attrbute_23": {
            "bufferView": "bufferView_25",
            "byteOffset": 228660,
            "byteStride": 12,
            "count": 345,
            "max": [
                1,
                0.9998564720153809,
                0.9307114481925964
            ],
            "min": [
                0.00014352798461914062,
                0,
                0
            ],
            "type": 35665
        },
        "attrbute_3": {
            "bufferView": "bufferView_25",
            "byteOffset": 53904,
            "byteStride": 8,
            "count": 2246,
            "max": [
                1.4840699434280396,
                0.9963539838790894
            ],
            "min": [
                0.01090100035071373,
                0.009868025779724121
            ],
            "type": 35664
        },
        "attrbute_4": {
            "bufferView": "bufferView_25",
            "byteOffset": 71872,
            "byteStride": 16,
            "count": 2246,
            "max": [
                39,
                39,
                39,
                -1
            ],
            "min": [
                0,
                -1,
                -1,
                -1
            ],
            "type": 35666
        },
        "attrbute_5": {
            "bufferView": "bufferView_25",
            "byteOffset": 107808,
            "byteStride": 12,
            "count": 2246,
            "max": [
                1,
                0.9993828535079956,
                0.8028448224067688
            ],
            "min": [
                0.0005255146534182131,
                0,
                0
            ],
            "type": 35665
        },
        "attrbute_7": {
            "bufferView": "bufferView_25",
            "byteOffset": 134760,
            "byteStride": 12,
            "count": 830,
            "max": [
                36.73744201660156,
                25.303266525268555,
                171.51797485351562,
                0
            ],
            "min": [
                -31.99089241027832,
                -10.986090660095215,
                123.10687255859375,
                0
            ],
            "type": 35665
        },
        "attrbute_8": {
            "bufferView": "bufferView_25",
            "byteOffset": 144720,
            "byteStride": 12,
            "count": 830,
            "max": [
                0.9997119307518005,
                0.9972596168518066,
                0.9968368411064148,
                0
            ],
            "min": [
                -0.980120062828064,
                -0.9997034668922424,
                -0.9962550401687622,
                0
            ],
            "type": 35665
        },
        "attrbute_9": {
            "bufferView": "bufferView_25",
            "byteOffset": 154680,
            "byteStride": 8,
            "count": 830,
            "max": [
                1.984734058380127,
                0.9880459904670715
            ],
            "min": [
                0.011629000306129456,
                0.009652018547058105
            ],
            "type": 35664
        },
        "indices_12": {
            "bufferView": "bufferView_27",
            "byteOffset": 21624,
            "count": 3789,
            "type": 5123
        },
        "indices_18": {
            "bufferView": "bufferView_27",
            "byteOffset": 29202,
            "count": 2340,
            "type": 5123
        },
        "indices_24": {
            "bufferView": "bufferView_27",
            "byteOffset": 33882,
            "count": 1593,
            "type": 5123
        },
        "indices_6": {
            "bufferView": "bufferView_27",
            "byteOffset": 0,
            "count": 10812,
            "type": 5123
        }
    },
    "animations": {},
    "asset": {},
    "bufferViews": {
        "bufferView_25": {
            "buffer": "lanaya.bin",
            "byteLength": 232800,
            "byteOffset": 0,
            "target": 34962
        },
        "bufferView_26": {
            "buffer": "lanaya.bin",
            "byteLength": 5440,
            "byteOffset": 232800
        },
        "bufferView_27": {
            "buffer": "lanaya.bin",
            "byteLength": 37068,
            "byteOffset": 238240,
            "target": 34963
        }
    },
    "buffers": {
        "lanaya.bin": {
            "byteLength": 275308,
            "path": "lanaya.bin"
        }
    },
    "cameras": {},
    "images": {
        "image_0": {
            "path": "textures/lanaya_base_color.png"
        },
        "image_1": {
            "path": "textures/lanaya_cowl_shoulder_color.png"
        },
        "image_2": {
            "path": "textures/lanaya_hair_color.png"
        },
        "image_3": {
            "path": "textures/lanaya_bracers_skirt_color.png"
        }
    },
    "lights": {},
    "materials": {
        "Material #35": {
            "instanceTechnique": {
                "technique": "technique_0",
                "values": {
                    "ambient": [
                        0.5879999995231628,
                        0.5879999995231628,
                        0.5879999995231628
                    ],
                    "diffuse": "Map #5",
                    "emission": [
                        0,
                        0,
                        0
                    ],
                    "shininess": 2,
                    "specular": [
                        0.8999999761581421,
                        0.8999999761581421,
                        0.8999999761581421
                    ],
                    "transparency": 1
                }
            },
            "name": "Material #35"
        },
        "Material #57": {
            "instanceTechnique": {
                "technique": "technique_0",
                "values": {
                    "ambient": [
                        0.5879999995231628,
                        0.5879999995231628,
                        0.5879999995231628
                    ],
                    "diffuse": "Map #7",
                    "emission": [
                        0,
                        0,
                        0
                    ],
                    "shininess": 2,
                    "specular": [
                        0.8999999761581421,
                        0.8999999761581421,
                        0.8999999761581421
                    ],
                    "transparency": 1
                }
            },
            "name": "Material #57"
        },
        "Material #68": {
            "instanceTechnique": {
                "technique": "technique_0",
                "values": {
                    "ambient": [
                        0.5879999995231628,
                        0.5879999995231628,
                        0.5879999995231628
                    ],
                    "diffuse": "Map #8",
                    "emission": [
                        0,
                        0,
                        0
                    ],
                    "shininess": 2,
                    "specular": [
                        0.8999999761581421,
                        0.8999999761581421,
                        0.8999999761581421
                    ],
                    "transparency": 1
                }
            },
            "name": "Material #68"
        },
        "Material #79": {
            "instanceTechnique": {
                "technique": "technique_0",
                "values": {
                    "ambient": [
                        0.5879999995231628,
                        0.5879999995231628,
                        0.5879999995231628
                    ],
                    "diffuse": "Map #10",
                    "emission": [
                        0,
                        0,
                        0
                    ],
                    "shininess": 2,
                    "specular": [
                        0.8999999761581421,
                        0.8999999761581421,
                        0.8999999761581421
                    ],
                    "transparency": 1
                }
            },
            "name": "Material #79"
        }
    },
    "meshes": {
        "lanaya_bracers_skirt_model_LOD0-mesh": {
            "name": "lanaya_bracers_skirt_model_LOD0-mesh",
            "primitives": [
                {
                    "attributes": {
                        "JOINT": "attrbute_22",
                        "NORMAL": "attrbute_20",
                        "POSITION": "attrbute_19",
                        "TEXCOORD_0": "attrbute_21",
                        "WEIGHT": "attrbute_23"
                    },
                    "indices": "indices_24",
                    "material": "Material #79"
                }
            ]
        },
        "lanaya_cowl_shoulder_model_LOD0-mesh": {
            "name": "lanaya_cowl_shoulder_model_LOD0-mesh",
            "primitives": [
                {
                    "attributes": {
                        "JOINT": "attrbute_10",
                        "NORMAL": "attrbute_8",
                        "POSITION": "attrbute_7",
                        "TEXCOORD_0": "attrbute_9",
                        "WEIGHT": "attrbute_11"
                    },
                    "indices": "indices_12",
                    "material": "Material #57"
                }
            ]
        },
        "lanaya_hair_model_LOD0-mesh": {
            "name": "lanaya_hair_model_LOD0-mesh",
            "primitives": [
                {
                    "attributes": {
                        "JOINT": "attrbute_16",
                        "NORMAL": "attrbute_14",
                        "POSITION": "attrbute_13",
                        "TEXCOORD_0": "attrbute_15",
                        "WEIGHT": "attrbute_17"
                    },
                    "indices": "indices_18",
                    "material": "Material #68"
                }
            ]
        },
        "lanaya_model_LOD0-mesh": {
            "name": "lanaya_model_LOD0-mesh",
            "primitives": [
                {
                    "attributes": {
                        "JOINT": "attrbute_4",
                        "NORMAL": "attrbute_2",
                        "POSITION": "attrbute_1",
                        "TEXCOORD_0": "attrbute_3",
                        "WEIGHT": "attrbute_5"
                    },
                    "indices": "indices_6",
                    "material": "Material #35"
                }
            ]
        }
    },
    "nodes": {
        "Head_0": {
            "children": [
                "Head_1"
            ],
            "jointId": "Head_0",
            "matrix": [
                0.873634934425354,
                3.30200649045764e-8,
                -0.48658204078674305,
                0,
                1.9422419982147461e-7,
                1.0000000000000002,
                4.1658157101664634e-7,
                0,
                0.48658204078675626,
                -4.5844622099724363e-7,
                0.8736349344253466,
                0,
                9.153701782226591,
                -6.776699592592161e-7,
                0.00000762939453125,
                1
            ],
            "name": "Head_0"
        },
        "Head_1": {
            "children": [
                "strand_R0C0",
                "hair_rope_R0C0"
            ],
            "jointId": "Head_1",
            "matrix": [
                0.20867991447448736,
                -5.970379675090955e-7,
                -0.9779840707778924,
                0,
                6.298780635805985e-8,
                0.9999999999999993,
                -5.970380243524088e-7,
                0,
                0.9779840707779012,
                6.298877258843016e-8,
                0.20867991447445067,
                0,
                13.2100830078125,
                -0.0000010519938768993593,
                -0.0000038146972585195726,
                1
            ],
            "name": "Head_1"
        },
        "L_shoulderarmor_front": {
            "children": [],
            "jointId": "L_shoulderarmor_front",
            "matrix": [
                0.9797697663307195,
                -0.1618664562702179,
                0.11768849939107906,
                0,
                0.14251176882492658,
                0.9771724017672777,
                0.15755754805347458,
                0,
                -0.1405052618679327,
                -0.13759815157287952,
                0.9804720342359411,
                0,
                -0.8615689277648926,
                4.0402679443359375,
                5.972900390625,
                1
            ],
            "name": "L_shoulderarmor_front"
        },
        "L_shoulderarmor_rear": {
            "children": [],
            "jointId": "L_shoulderarmor_rear",
            "matrix": [
                0.9963352084159851,
                -0.060797438025474486,
                0.06016338616609575,
                0,
                -0.04317052410395349,
                -0.9646673846435383,
                -0.2599087817190433,
                0,
                0.07383946362937507,
                0.2563590519373818,
                -0.9637569875470383,
                0,
                0.6156482696533194,
                -3.9059486389160156,
                -5.9420166015625,
                1
            ],
            "name": "L_shoulderarmor_rear"
        },
        "Root_0": {
            "children": [
                "thigh_R",
                "thigh_L",
                "front_flap_R0C0",
                "back_flap_R0C0",
                "Spine_1"
            ],
            "jointId": "Root_0",
            "matrix": [
                -1.629206851037603e-7,
                -1.0000000000000002,
                0,
                0,
                1.0000000000000002,
                -1.629206851037603e-7,
                0,
                0,
                0,
                0,
                1,
                0,
                0,
                -0.000004803156571142608,
                109.88341522216797,
                1
            ],
            "name": "Root_0"
        },
        "Spine_1": {
            "children": [
                "Spine_2"
            ],
            "jointId": "Spine_1",
            "matrix": [
                -0.05623155087232478,
                1.8769304687180916e-7,
                0.9984177350997925,
                0,
                -2.3275999076758347e-7,
                1.0000000000000002,
                -2.010996951227334e-7,
                0,
                -0.9984177350997951,
                -2.4369985054071415e-7,
                -0.056231550872279115,
                0,
                0.9306915402412415,
                6.70995120799489e-7,
                11.8817138671875,
                1
            ],
            "name": "Spine_1"
        },
        "Spine_2": {
            "children": [
                "Spine_3"
            ],
            "jointId": "Spine_2",
            "matrix": [
                0.9995086789131165,
                -1.4210854794611343e-14,
                0.031346432864666,
                0,
                -1.494712083558063e-8,
                0.9999999999999999,
                4.76602593835196e-7,
                0,
                -0.031346432864666,
                -4.768369678505738e-7,
                0.9995086789131167,
                0,
                8.76239013671875,
                2.682209014892578e-7,
                -0.0000152587890625,
                1
            ],
            "name": "Spine_2"
        },
        "Spine_3": {
            "children": [
                "clavicle_R",
                "Head_0",
                "clavicle_L"
            ],
            "jointId": "Spine_3",
            "matrix": [
                0.9780653715133665,
                0,
                0.20829761028289795,
                0,
                9.932405265368543e-8,
                1.0000000000000002,
                -4.663779691327363e-7,
                0,
                -0.2082976102828979,
                4.768371044568345e-7,
                0.9780653715133665,
                0,
                17.432708740234375,
                -0.00000423736673837994,
                0.0000133514404296875,
                1
            ],
            "name": "Spine_3"
        },
        "ankle_L": {
            "children": [
                "toeBase_L"
            ],
            "jointId": "ankle_L",
            "matrix": [
                0.786457300186157,
                -0.416591316461563,
                0.4560008347034453,
                0,
                0.10439066590128623,
                0.8173225265284189,
                0.5666451601976679,
                0,
                -0.6087592089247937,
                -0.39803999295076975,
                0.6862775140538071,
                0,
                42.1339111328125,
                0.00000762939453125,
                -4.768371590913034e-7,
                1
            ],
            "name": "ankle_L"
        },
        "ankle_R": {
            "children": [
                "toeBase_R"
            ],
            "jointId": "ankle_R",
            "matrix": [
                0.7864569425582884,
                -0.4165917634963988,
                0.4560009837150573,
                0,
                0.10439077758528043,
                0.8173222197126621,
                0.566645385233091,
                0,
                -0.6087595969116206,
                -0.3980399394077248,
                0.6862771402173445,
                0,
                -42.13389205932617,
                -0.000009536743167615214,
                0.000007152557374823232,
                1
            ],
            "name": "ankle_R"
        },
        "back_flap_R0C0": {
            "children": [
                "back_flap_R1C0"
            ],
            "jointId": "back_flap_R0C0",
            "matrix": [
                6.123233995736785e-17,
                -2.938735877055719e-39,
                -1.0000000000000029,
                0,
                2.6469779601696886e-23,
                0.9999999403953553,
                0,
                0,
                0.9999999403953582,
                -2.6469779601696886e-23,
                6.123233630763597e-17,
                0,
                -14.083340644836424,
                -0.0000028610227218450737,
                -2.72607421875,
                1
            ],
            "name": "back_flap_R0C0"
        },
        "back_flap_R1C0": {
            "children": [],
            "jointId": "back_flap_R1C0",
            "matrix": [
                0.9999999999999999,
                -7.888609037516437e-31,
                -2.2112818243158475e-8,
                0,
                -3.142420473869254e-22,
                0.9999998807907104,
                -1.4210854715202004e-14,
                0,
                2.211281560710512e-8,
                1.4210854715202004e-14,
                0.9999998807907104,
                0,
                16.169128417968736,
                0.0000019073484054388241,
                0.000007629394529473643,
                1
            ],
            "name": "back_flap_R1C0"
        },
        "bicep_L": {
            "children": [
                "elbow_L"
            ],
            "jointId": "bicep_L",
            "matrix": [
                0.3488268852233889,
                0.20435841381549852,
                -0.914635241031647,
                0,
                -0.9307220079578431,
                -0.038897860382321875,
                -0.3636531254997117,
                0,
                -0.10989292240894948,
                0.9781230692544509,
                0.17663224187049154,
                0,
                13.64785099029541,
                0.000003814697265625,
                -0.00004577636715907829,
                1
            ],
            "name": "bicep_L"
        },
        "bicep_R": {
            "children": [
                "sleeve_R0C0",
                "elbow_R"
            ],
            "jointId": "bicep_R",
            "matrix": [
                0.40146553516387923,
                0.16626998782157892,
                -0.900655031204224,
                0,
                -0.903243455531994,
                0.2346318196637503,
                -0.35930392464215133,
                0,
                0.1515808634819001,
                0.9577588658180527,
                0.24437885739632637,
                0,
                -13.647835731506348,
                7.105427357601002e-15,
                0.00001525878903407829,
                1
            ],
            "name": "bicep_R"
        },
        "clavicle_L": {
            "children": [
                "bicep_L",
                "L_shoulderarmor_front"
            ],
            "jointId": "clavicle_L",
            "matrix": [
                0.09618963301181799,
                0.8723445534706117,
                0.4793356060981751,
                0,
                -0.052535327363033485,
                -0.47644795275570995,
                0.8776317158707194,
                0,
                0.9939756393885667,
                -0.10960111725966362,
                -4.4703483165209335e-7,
                0,
                0.7500610351562784,
                2.6710126399993896,
                -2.4205093383789134,
                1
            ],
            "name": "clavicle_L"
        },
        "clavicle_R": {
            "children": [
                "bicep_R",
                "L_shoulderarmor_rear"
            ],
            "jointId": "clavicle_R",
            "matrix": [
                -0.0961897298693657,
                0.8723446130752562,
                -0.47933542728424067,
                0,
                0.0525353632727627,
                -0.4764478312194578,
                -0.8776318991502794,
                0,
                -0.9939756403564997,
                -0.10960122024017163,
                4.4703483392805055e-7,
                0,
                0.7500610351563068,
                -2.67101240158081,
                -2.420513153076179,
                1
            ],
            "name": "clavicle_R"
        },
        "elbow_L": {
            "children": [
                "wrist_L"
            ],
            "jointId": "elbow_L",
            "matrix": [
                0.8998736143112184,
                2.9802322396021985e-7,
                -0.4361508786678315,
                0,
                -2.896551936082403e-7,
                0.9999999403953352,
                8.568168002182075e-8,
                0,
                0.4361508375497061,
                4.923068236406536e-8,
                0.8998735294756642,
                0,
                26.33435821533203,
                0.000003814697272730427,
                -0.000011444091796875,
                1
            ],
            "name": "elbow_L"
        },
        "elbow_R": {
            "children": [
                "wrist_R"
            ],
            "jointId": "elbow_R",
            "matrix": [
                0.9222370982170105,
                1.192092896062924e-7,
                -0.38662540912628185,
                0,
                3.6283135995685e-8,
                1.0000000000000355,
                3.948807815769284e-7,
                0,
                0.38662544374347113,
                -3.782017223008527e-7,
                0.9222371807910226,
                0,
                -26.97219848632814,
                0.000030517578110789145,
                -0.000003814697263848643,
                1
            ],
            "name": "elbow_R"
        },
        "front_flap_R0C0": {
            "children": [
                "front_flap_R1C0"
            ],
            "jointId": "front_flap_R0C0",
            "matrix": [
                6.123233995736785e-17,
                -2.938735877055719e-39,
                -1.0000000000000029,
                0,
                2.6469779601696886e-23,
                0.9999999403953553,
                0,
                0,
                0.9999999403953582,
                -2.6469779601696886e-23,
                6.123233630763597e-17,
                0,
                8.865709304809569,
                9.536743164062496e-7,
                -1.697479248046875,
                1
            ],
            "name": "front_flap_R0C0"
        },
        "front_flap_R1C0": {
            "children": [],
            "jointId": "front_flap_R1C0",
            "matrix": [
                0.9999999999999999,
                -1.5577787788315062e-32,
                2.465190328815662e-32,
                0,
                4.9787313851403064e-33,
                0.9999998807907104,
                -1.4210854715202004e-14,
                0,
                1.232595164407831e-32,
                1.4210854715202004e-14,
                0.9999998807907104,
                0,
                16.169120788574205,
                -1.1368683729809956e-13,
                -9.5367431640625e-7,
                1
            ],
            "name": "front_flap_R1C0"
        },
        "hair_rope_R0C0": {
            "children": [
                "hair_rope_R1C0"
            ],
            "jointId": "hair_rope_R0C0",
            "matrix": [
                -0.44908025860786416,
                -0.002093142829835324,
                -0.8934888243675227,
                0,
                -0.8905290100781518,
                -0.0803134049283481,
                0.4477807608333301,
                0,
                -0.07269642545052657,
                0.9967675830314939,
                0.03420317276311526,
                0,
                -8.725917816162108,
                -3.477662176010182e-7,
                2.006057739257784,
                1
            ],
            "name": "hair_rope_R0C0"
        },
        "hair_rope_R1C0": {
            "children": [
                "hair_rope_R2C0"
            ],
            "jointId": "hair_rope_R1C0",
            "matrix": [
                1.0000002384185789,
                -4.768371580921027e-7,
                -3.8184225558193785e-7,
                0,
                4.768372561803069e-7,
                1.0000002384185789,
                2.570450305973415e-7,
                0,
                3.818420192154559e-7,
                -2.5704513606852886e-7,
                0.9999999403953418,
                0,
                8.21441650390625,
                -0.00000762939453125,
                0.0000014305114754975534,
                1
            ],
            "name": "hair_rope_R1C0"
        },
        "hair_rope_R2C0": {
            "children": [
                "hair_rope_R3C0"
            ],
            "jointId": "hair_rope_R2C0",
            "matrix": [
                0.9999999403953554,
                1.490116118829654e-7,
                1.8626451422920631e-9,
                0,
                -1.490116209867942e-7,
                0.9999999999999907,
                2.1420419224829623e-8,
                0,
                -1.8626420787704046e-9,
                -2.1420419465956186e-8,
                1,
                0,
                9.612228393554716,
                0.0000152587890625,
                4.768371590913034e-7,
                1
            ],
            "name": "hair_rope_R2C0"
        },
        "hair_rope_R3C0": {
            "children": [
                "hair_rope_R4C0"
            ],
            "jointId": "hair_rope_R3C0",
            "matrix": [
                1.00000011920929,
                -2.9802322498717615e-8,
                -1.862645152700404e-9,
                0,
                2.9802322387695312e-8,
                1.0000001192092898,
                5.587935421672019e-9,
                0,
                1.8626449757586094e-9,
                -5.5879355257554275e-9,
                1.00000011920929,
                0,
                19.918312072753906,
                -0.00000762939453125,
                0.0000019073486328125,
                1
            ],
            "name": "hair_rope_R3C0"
        },
        "hair_rope_R4C0": {
            "children": [
                "hair_rope_R5C0"
            ],
            "jointId": "hair_rope_R4C0",
            "matrix": [
                0.9969943761825559,
                5.960464466436832e-8,
                0.07747459411621092,
                0,
                -5.898824184669138e-8,
                0.9999998807907127,
                -1.0244548301688305e-8,
                0,
                -0.07747460797282912,
                5.643668629651266e-9,
                0.9969945544986892,
                0,
                19.638702392578125,
                0.00000762939453125,
                0.15176963806152255,
                1
            ],
            "name": "hair_rope_R4C0"
        },
        "hair_rope_R5C0": {
            "children": [],
            "jointId": "hair_rope_R5C0",
            "matrix": [
                0.9999765157699589,
                4.172325134832455e-7,
                -0.006849817931652069,
                0,
                -4.1573679038231504e-7,
                1.0000001192092904,
                2.1979212759537514e-7,
                0,
                0.006849817114850179,
                -2.1693919290827202e-7,
                0.9999763965152245,
                0,
                10.646286010742188,
                0.000022888183607960855,
                0.037856101989746094,
                1
            ],
            "name": "hair_rope_R5C0"
        },
        "index_0_L": {
            "children": [
                "index_1_L"
            ],
            "jointId": "index_0_L",
            "matrix": [
                0.9426544904708868,
                0.3247096836566926,
                0.07724393159151077,
                0,
                -0.06232779229113787,
                -0.05610636489033768,
                0.9964776739498027,
                0,
                0.3278997085909645,
                -0.9441482582486567,
                -0.032650467350192336,
                0,
                11.660110473632812,
                -0.10630416870116477,
                0.4939270019531251,
                1
            ],
            "name": "index_0_L"
        },
        "index_0_R": {
            "children": [
                "index_1_R"
            ],
            "jointId": "index_0_R",
            "matrix": [
                0.9529298543930055,
                0.27135401964187617,
                0.13524740934371948,
                0,
                -0.12206869308071286,
                -0.06495332110115985,
                0.9903941771839755,
                0,
                0.2775321606127747,
                -0.9602854846933888,
                -0.02877212321989585,
                0,
                -11.35678100585936,
                0.42612838745116477,
                -0.617431640625,
                1
            ],
            "name": "index_0_R"
        },
        "index_1_L": {
            "children": [
                "index_2_L"
            ],
            "jointId": "index_1_L",
            "matrix": [
                0.5114989876747128,
                2.849847078219281e-7,
                -0.859284043312073,
                0,
                -5.227357770670737e-7,
                1.0000002384185374,
                2.0489098032788755e-8,
                0,
                0.8592842015403259,
                4.386983353532603e-7,
                0.5114990818620974,
                0,
                5.337699890136719,
                0.000003814697265625,
                -3.552713678800501e-15,
                1
            ],
            "name": "index_1_L"
        },
        "index_1_R": {
            "children": [
                "index_2_R"
            ],
            "jointId": "index_1_R",
            "matrix": [
                0.6508824825286867,
                2.533197402468379e-7,
                -0.7591785192489627,
                0,
                -7.107328269112534e-7,
                0.9999998211861307,
                -2.756714612972555e-7,
                0,
                0.7591783229302554,
                7.19002762800125e-7,
                0.6508823142148816,
                0,
                -5.348670959472642,
                -0.000009536743165838857,
                -0.000009536743167615214,
                1
            ],
            "name": "index_1_R"
        },
        "index_2_L": {
            "children": [],
            "jointId": "index_2_L",
            "matrix": [
                1.0000003576278684,
                9.313225884932663e-10,
                -3.874301909845279e-7,
                0,
                -9.311651276433519e-10,
                1.0000002384185789,
                4.060566425531653e-7,
                0,
                3.8743014527109487e-7,
                -4.0605664218540394e-7,
                1.0000002384186268,
                0,
                3.182952880859375,
                0,
                -0.000015258789076710855,
                1
            ],
            "name": "index_2_L"
        },
        "index_2_R": {
            "children": [],
            "jointId": "index_2_R",
            "matrix": [
                0.9999999403953552,
                2.7755575615628914e-17,
                -5.364418029785156e-7,
                0,
                -6.938893903907228e-18,
                0.9999998211860657,
                0,
                0,
                5.364417070552463e-7,
                0,
