{
    "animations": {},
    "asset": {},
    "attributes": {
        "attribute_1": {
            "bufferView": "bufferView_23",
            "byteOffset": 0,
            "byteStride": 12,
            "count": 10812,
            "max": [
                1,
                1,
                1
            ],
            "min": [
                0,
                0,
                0
            ],
            "type": "FLOAT_VEC3"
        },
        "attribute_11": {
            "bufferView": "bufferView_23",
            "byteOffset": 699696,
            "byteStride": 12,
            "count": 3789,
            "max": [
                1,
                1,
                1
            ],
            "min": [
                0,
                0,
                0
            ],
            "type": "FLOAT_VEC3"
        },
        "attribute_12": {
            "bufferView": "bufferView_23",
            "byteOffset": 745164,
            "byteStride": 12,
            "count": 3789,
            "max": [
                1,
                1,
                1
            ],
            "min": [
                0,
                0,
                0
            ],
            "type": "FLOAT_VEC3"
        },
        "attribute_13": {
            "bufferView": "bufferView_23",
            "byteOffset": 790632,
            "byteStride": 8,
            "count": 3789,
            "max": [
                1,
                1,
                1
            ],
            "min": [
                0,
                0,
                0
            ],
            "type": "FLOAT_VEC2"
        },
        "attribute_14": {
            "bufferView": "bufferView_23",
            "byteOffset": 820944,
            "byteStride": 16,
            "count": 3789,
            "max": [
                1,
                1,
                1
            ],
            "min": [
                0,
                0,
                0
            ],
            "type": "FLOAT_VEC4"
        },
        "attribute_15": {
            "bufferView": "bufferView_23",
            "byteOffset": 881568,
            "byteStride": 12,
            "count": 3789,
            "max": [
                1,
                1,
                1
            ],
            "min": [
                0,
                0,
                0
            ],
            "type": "FLOAT_VEC3"
        },
        "attribute_17": {
            "bufferView": "bufferView_23",
            "byteOffset": 927036,
            "byteStride": 12,
            "count": 2340,
            "max": [
                1,
                1,
                1
            ],
            "min": [
                0,
                0,
                0
            ],
            "type": "FLOAT_VEC3"
        },
        "attribute_18": {
            "bufferView": "bufferView_23",
            "byteOffset": 955116,
            "byteStride": 12,
            "count": 2340,
            "max": [
                1,
                1,
                1
            ],
            "min": [
                0,
                0,
                0
            ],
            "type": "FLOAT_VEC3"
        },
        "attribute_19": {
            "bufferView": "bufferView_23",
            "byteOffset": 983196,
            "byteStride": 8,
            "count": 2340,
            "max": [
                1,
                1,
                1
            ],
            "min": [
                0,
                0,
                0
            ],
            "type": "FLOAT_VEC2"
        },
        "attribute_2": {
            "bufferView": "bufferView_23",
            "byteOffset": 129744,
            "byteStride": 12,
            "count": 10812,
            "max": [
                1,
                1,
                1
            ],
            "min": [
                0,
                0,
                0
            ],
            "type": "FLOAT_VEC3"
        },
        "attribute_20": {
            "bufferView": "bufferView_23",
            "byteOffset": 1001916,
            "byteStride": 16,
            "count": 2340,
            "max": [
                1,
                1,
                1
            ],
            "min": [
                0,
                0,
                0
            ],
            "type": "FLOAT_VEC4"
        },
        "attribute_21": {
            "bufferView": "bufferView_23",
            "byteOffset": 1039356,
            "byteStride": 12,
            "count": 2340,
            "max": [
                1,
                1,
                1
            ],
            "min": [
                0,
                0,
                0
            ],
            "type": "FLOAT_VEC3"
        },
        "attribute_3": {
            "bufferView": "bufferView_23",
            "byteOffset": 259488,
            "byteStride": 8,
            "count": 10812,
            "max": [
                1,
                1,
                1
            ],
            "min": [
                0,
                0,
                0
            ],
            "type": "FLOAT_VEC2"
        },
        "attribute_4": {
            "bufferView": "bufferView_23",
            "byteOffset": 345984,
            "byteStride": 16,
            "count": 10812,
            "max": [
                1,
                1,
                1
            ],
            "min": [
                0,
                0,
                0
            ],
            "type": "FLOAT_VEC4"
        },
        "attribute_5": {
            "bufferView": "bufferView_23",
            "byteOffset": 518976,
            "byteStride": 12,
            "count": 10812,
            "max": [
                1,
                1,
                1
            ],
            "min": [
                0,
                0,
                0
            ],
            "type": "FLOAT_VEC3"
        },
        "attribute_7": {
            "bufferView": "bufferView_23",
            "byteOffset": 648720,
            "byteStride": 12,
            "count": 1593,
            "max": [
                1,
                1,
                1
            ],
            "min": [
                0,
                0,
                0
            ],
            "type": "FLOAT_VEC3"
        },
        "attribute_8": {
            "bufferView": "bufferView_23",
            "byteOffset": 667836,
            "byteStride": 12,
            "count": 1593,
            "max": [
                1,
                1,
                1
            ],
            "min": [
                0,
                0,
                0
            ],
            "type": "FLOAT_VEC3"
        },
        "attribute_9": {
            "bufferView": "bufferView_23",
            "byteOffset": 686952,
            "byteStride": 8,
            "count": 1593,
            "max": [
                1,
                1,
                1
            ],
            "min": [
                0,
                0,
                0
            ],
            "type": "FLOAT_VEC2"
        }
    },
    "bufferViews": {
        "bufferView_23": {
            "buffer": "lanaya.bin",
            "byteLength": 1067436,
            "byteOffset": 0,
            "target": "ARRAY_BUFFER"
        },
        "bufferView_24": {
            "buffer": "lanaya.bin",
            "byteLength": 37068,
            "byteOffset": 1067436,
            "target": "ELEMENT_ARRAY_BUFFER"
        }
    },
    "buffers": {
        "lanaya.bin": {
            "byteLength": 1104504,
            "path": "lanaya.bin"
        }
    },
    "cameras": {},
    "images": {
        "image_0": {
            "path": "textures/lanaya_base_color.png"
        },
        "image_1": {
            "path": "textures/lanaya_bracers_skirt_color.png"
        },
        "image_2": {
            "path": "textures/lanaya_cowl_shoulder_color.png"
        },
        "image_3": {
            "path": "textures/lanaya_hair_color.png"
        }
    },
    "indices": {
        "indices_10": {
            "bufferView": "bufferView_24",
            "byteOffset": 21624,
            "count": 1593,
            "type": "UNSIGNED_SHORT"
        },
        "indices_16": {
            "bufferView": "bufferView_24",
            "byteOffset": 24810,
            "count": 3789,
            "type": "UNSIGNED_SHORT"
        },
        "indices_22": {
            "bufferView": "bufferView_24",
            "byteOffset": 32388,
            "count": 2340,
            "type": "UNSIGNED_SHORT"
        },
        "indices_6": {
            "bufferView": "bufferView_24",
            "byteOffset": 0,
            "count": 10812,
            "type": "UNSIGNED_SHORT"
        }
    },
    "lights": {},
    "materials": {
        "Material #35": {
            "instanceTechnique": {
                "technique": "technique_0",
                "values": [
                    {
                        "parameter": "ambient",
                        "value": [
                            0.5879999995231628,
                            0.5879999995231628,
                            0.5879999995231628
                        ]
                    },
                    {
                        "parameter": "emission",
                        "value": [
                            0,
                            0,
                            0
                        ]
                    },
                    {
                        "parameter": "diffuse",
                        "value": "Map #5"
                    },
                    {
                        "parameter": "shininess",
                        "value": 2
                    },
                    {
                        "parameter": "specular",
                        "value": [
                            0.8999999761581421,
                            0.8999999761581421,
                            0.8999999761581421
                        ]
                    }
                ]
            },
            "name": "Material #35"
        },
        "Material #46": {
            "instanceTechnique": {
                "technique": "technique_0",
                "values": [
                    {
                        "parameter": "ambient",
                        "value": [
                            0.5879999995231628,
                            0.5879999995231628,
                            0.5879999995231628
                        ]
                    },
                    {
                        "parameter": "emission",
                        "value": [
                            0,
                            0,
                            0
                        ]
                    },
                    {
                        "parameter": "diffuse",
                        "value": "Map #6"
                    },
                    {
                        "parameter": "shininess",
                        "value": 2
                    },
                    {
                        "parameter": "specular",
                        "value": [
                            0.8999999761581421,
                            0.8999999761581421,
                            0.8999999761581421
                        ]
                    }
                ]
            },
            "name": "Material #46"
        },
        "Material #57": {
            "instanceTechnique": {
                "technique": "technique_0",
                "values": [
                    {
                        "parameter": "ambient",
                        "value": [
                            0.5879999995231628,
                            0.5879999995231628,
                            0.5879999995231628
                        ]
                    },
                    {
                        "parameter": "emission",
                        "value": [
                            0,
                            0,
                            0
                        ]
                    },
                    {
                        "parameter": "diffuse",
                        "value": "Map #7"
                    },
                    {
                        "parameter": "shininess",
                        "value": 2
                    },
                    {
                        "parameter": "specular",
                        "value": [
                            0.8999999761581421,
                            0.8999999761581421,
                            0.8999999761581421
                        ]
                    }
                ]
            },
            "name": "Material #57"
        },
        "Material #68": {
            "instanceTechnique": {
                "technique": "technique_0",
                "values": [
                    {
                        "parameter": "ambient",
                        "value": [
                            0.5879999995231628,
                            0.5879999995231628,
                            0.5879999995231628
                        ]
                    },
                    {
                        "parameter": "emission",
                        "value": [
                            0,
                            0,
                            0
                        ]
                    },
                    {
                        "parameter": "diffuse",
                        "value": "Map #8"
                    },
                    {
                        "parameter": "shininess",
                        "value": 2
                    },
                    {
                        "parameter": "specular",
                        "value": [
                            0.8999999761581421,
                            0.8999999761581421,
                            0.8999999761581421
                        ]
                    }
                ]
            },
            "name": "Material #68"
        }
    },
    "meshes": {
        "lanaya_bracers_skirt_model_LOD0-mesh": {
            "name": "lanaya_bracers_skirt_model_LOD0-mesh",
            "primitives": [
                {
                    "indices": "indices_10",
                    "material": "Material #46",
                    "semantics": {
                        "NORMAL": "attribute_8",
                        "POSITION": "attribute_7",
                        "TEXCOORD_0": "attribute_9"
                    }
                }
            ]
        },
        "lanaya_cowl_shoulder_model_LOD0-mesh": {
            "name": "lanaya_cowl_shoulder_model_LOD0-mesh",
            "primitives": [
                {
                    "indices": "indices_16",
                    "material": "Material #57",
                    "semantics": {
                        "JOINT": "attribute_14",
                        "NORMAL": "attribute_12",
                        "POSITION": "attribute_11",
                        "TEXCOORD_0": "attribute_13",
                        "WEIGHT": "attribute_15"
                    },
                    "skin": "skin_1"
                }
            ]
        },
        "lanaya_hair_model_LOD0-mesh": {
            "name": "lanaya_hair_model_LOD0-mesh",
            "primitives": [
                {
                    "indices": "indices_22",
                    "material": "Material #68",
                    "semantics": {
                        "JOINT": "attribute_20",
                        "NORMAL": "attribute_18",
                        "POSITION": "attribute_17",
                        "TEXCOORD_0": "attribute_19",
                        "WEIGHT": "attribute_21"
                    },
                    "skin": "skin_2"
                }
            ]
        },
        "lanaya_model_LOD0-mesh": {
            "name": "lanaya_model_LOD0-mesh",
            "primitives": [
                {
                    "indices": "indices_6",
                    "material": "Material #35",
                    "semantics": {
                        "JOINT": "attribute_4",
                        "NORMAL": "attribute_2",
                        "POSITION": "attribute_1",
                        "TEXCOORD_0": "attribute_3",
                        "WEIGHT": "attribute_5"
                    },
                    "skin": "skin_0"
                }
            ]
        }
    },
    "nodes": {
        "Head_0": {
            "children": [
                "Head_1"
            ],
            "matrix": [
                0.8736349344253543,
                3.30200649045764e-8,
                -0.48658204078674316,
                0,
                1.9422419982147472e-7,
                1.0000000000000002,
                4.165815710166464e-7,
                0,
                0.48658204078675643,
                -4.5844622099724363e-7,
                0.8736349344253467,
                0,
                9.153701782226591,
                -6.776699592592195e-7,
                0.00000762939453125,
                1
            ],
            "name": "Head_0"
        },
        "Head_1": {
            "children": [
                "strand_R0C0",
                "hair_rope_R0C0"
            ],
            "matrix": [
                0.20867991447448736,
                -5.970379675090953e-7,
                -0.9779840707778924,
                0,
                6.298780635805985e-8,
                0.9999999999999993,
                -5.970380243524087e-7,
                0,
                0.9779840707779008,
                6.298877258843006e-8,
                0.20867991447445053,
                0,
                13.2100830078125,
                -0.000001051993876899359,
                -0.000003814697265625,
                1
            ],
            "name": "Head_1"
        },
        "L_shoulderarmor_front": {
            "children": [],
            "matrix": [
                0.9797697663307194,
                -0.16186645627021784,
                0.11768849939107907,
                0,
                0.14251176882492642,
                0.9771724017672775,
                0.15755754805347444,
                0,
                -0.14050526186793272,
                -0.13759815157287952,
                0.9804720342359412,
                0,
                -0.8615689277648926,
                4.040267944335945,
                5.972900390625,
                1
            ],
            "name": "L_shoulderarmor_front"
        },
        "L_shoulderarmor_rear": {
            "children": [],
            "matrix": [
                0.9963352084159851,
                -0.060797438025474555,
                0.06016338616609575,
                0,
                -0.04317052410395343,
                -0.9646673846435387,
                -0.25990878171904336,
                0,
                0.07383946362937509,
                0.256359051937382,
                -0.9637569875470389,
                0,
                0.6156482696533194,
                -3.9059486389160156,
                -5.942016601562472,
                1
            ],
            "name": "L_shoulderarmor_rear"
        },
        "Root_0": {
            "children": [
                "thigh_R",
                "thigh_L",
                "front_flap_R0C0",
                "back_flap_R0C0",
                "Spine_1"
            ],
            "matrix": [
                -1.629206851037603e-7,
                -1.0000000000000002,
                0,
                0,
                1.0000000000000002,
                -1.629206851037603e-7,
                0,
                0,
                0,
                0,
                1,
                0,
                0,
                -0.000004803156571142608,
                109.88341522216797,
                1
            ],
            "name": "Root_0"
        },
        "Spine_1": {
            "children": [
                "Spine_2"
            ],
            "matrix": [
                -0.05623155087232478,
                1.8769304687180916e-7,
                0.9984177350997925,
                0,
                -2.3275999076758347e-7,
                1.0000000000000002,
                -2.010996951227334e-7,
                0,
                -0.9984177350997951,
                -2.4369985054071415e-7,
                -0.056231550872279115,
                0,
                0.9306915402412415,
                6.70995120799489e-7,
                11.8817138671875,
                1
            ],
            "name": "Spine_1"
        },
        "Spine_2": {
            "children": [
                "Spine_3"
            ],
            "matrix": [
                0.9995086789131165,
                -1.4210854794611343e-14,
                0.031346432864665985,
                0,
                -1.494712083558063e-8,
                0.9999999999999999,
                4.76602593835196e-7,
                0,
                -0.031346432864665985,
                -4.768369678505737e-7,
                0.9995086789131167,
                0,
                8.76239013671875,
                2.682209014892578e-7,
                -0.0000152587890625,
                1
            ],
            "name": "Spine_2"
        },
        "Spine_3": {
            "children": [
                "clavicle_R",
                "Head_0",
                "clavicle_L"
            ],
            "matrix": [
                0.9780653715133668,
                -1.0587911840678754e-22,
                0.20829761028289792,
                0,
                9.932405265368546e-8,
                1.0000000000000002,
                -4.6637796913273643e-7,
                0,
                -0.20829761028289795,
                4.768371044568346e-7,
                0.9780653715133667,
                0,
                17.432708740234375,
                -0.00000423736673837994,
                0.0000133514404296875,
                1
            ],
            "name": "Spine_3"
        },
        "ankle_L": {
            "children": [
                "toeBase_L"
            ],
            "matrix": [
                0.7864573001861569,
                -0.41659131646156294,
                0.45600083470344543,
                0,
                0.10439066590128629,
                0.817322526528419,
                0.5666451601976681,
                0,
                -0.6087592089247938,
                -0.3980399929507699,
                0.6862775140538073,
                0,
                42.13391113281249,
                0.00000762939453125,
                -4.7683715642676816e-7,
                1
            ],
            "name": "ankle_L"
        },
        "ankle_R": {
            "children": [
                "toeBase_R"
            ],
            "matrix": [
                0.7864569425582882,
                -0.41659176349639887,
                0.4560009837150574,
                0,
                0.10439077758528036,
                0.8173222197126621,
                0.5666453852330908,
                0,
                -0.6087595969116205,
                -0.39803993940772486,
                0.6862771402173444,
                0,
                -42.13389205932616,
                -0.0000095367431640625,
                0.000007152557373935053,
                1
            ],
            "name": "ankle_R"
        },
        "back_flap_R0C0": {
            "children": [
                "back_flap_R1C0"
            ],
            "matrix": [
                6.123233995736785e-17,
                -2.938735877055719e-39,
                -1.0000000000000029,
                0,
                2.6469779601696886e-23,
                0.9999999403953553,
                0,
                0,
                0.9999999403953582,
                -2.6469779601696886e-23,
                6.123233630763597e-17,
                0,
                -14.083340644836424,
                -0.0000028610227218450737,
                -2.72607421875,
                1
            ],
            "name": "back_flap_R0C0"
        },
        "back_flap_R1C0": {
            "children": [],
            "matrix": [
                0.9999999999999999,
                -7.888609037516437e-31,
                -2.2112818243158475e-8,
                0,
                -3.142420473869254e-22,
                0.9999998807907104,
                -1.4210854715202004e-14,
                0,
                2.211281560710512e-8,
                1.4210854715202004e-14,
                0.9999998807907104,
                0,
                16.169128417968736,
                0.0000019073484054388241,
                0.000007629394529473643,
                1
            ],
            "name": "back_flap_R1C0"
        },
        "bicep_L": {
            "children": [
                "elbow_L"
            ],
            "matrix": [
                0.34882688522338895,
                0.20435841381549846,
                -0.9146352410316471,
                0,
                -0.9307220079578429,
                -0.03889786038232178,
                -0.3636531254997116,
                0,
                -0.1098929224089497,
                0.9781230692544505,
                0.17663224187049137,
                0,
                13.647850990295412,
                0.000003814697272730427,
                -0.0000457763671875,
                1
            ],
            "name": "bicep_L"
        },
        "bicep_R": {
            "children": [
                "sleeve_R0C0",
                "elbow_R"
            ],
            "matrix": [
                0.4014656543731692,
                0.16627013683319106,
                -0.9006550312042242,
                0,
                -0.9032432565539246,
                0.23463214303812574,
                -0.35930385698226486,
                0,
                0.15158110200000122,
                0.9577586363119639,
                0.24437909986858122,
                0,
                -13.647848129272466,
                0.000011444091803980427,
                0.00003051757815342171,
                1
            ],
            "name": "bicep_R"
        },
        "clavicle_L": {
            "children": [
                "bicep_L",
                "L_shoulderarmor_front"
            ],
            "matrix": [
                0.09618963301181804,
                0.8723445534706118,
                0.47933560609817516,
                0,
                -0.0525353273630334,
                -0.47644795275570995,
                0.8776317158707194,
                0,
                0.9939756393885668,
                -0.10960111725966361,
                -4.4703483165209335e-7,
                0,
                0.7500610351562784,
                2.67101263999939,
                -2.4205093383789062,
                1
            ],
            "name": "clavicle_L"
        },
        "clavicle_R": {
            "children": [
                "bicep_R",
                "L_shoulderarmor_rear"
            ],
            "matrix": [
                -0.0961897298693658,
                0.8723446130752565,
                -0.47933542728424083,
                0,
                0.05253536327276259,
                -0.4764478312194577,
                -0.8776318991502795,
                0,
                -0.9939756403564997,
                -0.10960122024017163,
                4.4703483392805055e-7,
                0,
                0.7500610351562784,
                -2.6710124015808105,
                -2.420513153076172,
                1
            ],
            "name": "clavicle_R"
        },
        "elbow_L": {
            "children": [
                "wrist_L"
            ],
            "matrix": [
                0.899873733520508,
                7.450580591372713e-8,
                -0.43615075945854204,
                0,
                7.482813035863956e-9,
                1.0000002384186075,
                1.8626451710884728e-7,
                0,
                0.43615070700202857,
                -1.7087811979288325e-7,
                0.8998736252913002,
                0,
                26.3343505859375,
                -7.105427357601002e-15,
                -0.000017166137698865214,
                1
            ],
            "name": "elbow_L"
        },
        "elbow_R": {
            "children": [
                "wrist_R"
            ],
            "matrix": [
                0.9222370386123663,
                -2.9802322443206464e-8,
                -0.3866252899169923,
                0,
                -1.7071052166306444e-7,
                0.9999998807907124,
                -4.842877323295303e-7,
                0,
                0.3866252597547087,
                5.126291102441893e-7,
                0.922236966664692,
                0,
                -26.972221374511747,
                0.000030517578125,
                -9.536743181826068e-7,
                1
            ],
            "name": "elbow_R"
        },
        "front_flap_R0C0": {
            "children": [
                "front_flap_R1C0"
            ],
            "matrix": [
                6.123233995736785e-17,
                -2.938735877055719e-39,
                -1.0000000000000029,
                0,
                2.6469779601696886e-23,
                0.9999999403953553,
                0,
                0,
                0.9999999403953582,
                -2.6469779601696886e-23,
                6.123233630763597e-17,
                0,
                8.865709304809569,
                9.536743164062496e-7,
                -1.697479248046875,
                1
            ],
            "name": "front_flap_R0C0"
        },
        "front_flap_R1C0": {
            "children": [],
            "matrix": [
                0.9999999999999999,
                -1.5577787788315062e-32,
                2.465190328815662e-32,
                0,
                4.9787313851403064e-33,
                0.9999998807907104,
                -1.4210854715202004e-14,
                0,
                1.232595164407831e-32,
                1.4210854715202004e-14,
                0.9999998807907104,
                0,
                16.169120788574205,
                -1.1368683729809956e-13,
                -9.5367431640625e-7,
                1
            ],
            "name": "front_flap_R1C0"
        },
        "hair_rope_R0C0": {
            "children": [
                "hair_rope_R1C0"
            ],
            "matrix": [
                -0.4490802586078642,
                -0.002093142829835321,
                -0.893488824367523,
                0,
                -0.8905290100781517,
                -0.08031340492834811,
                0.44778076083333024,
                0,
                -0.0726964254505266,
                0.9967675830314939,
                0.034203172763115276,
                0,
                -8.725917816162106,
                -3.477662176010182e-7,
                2.006057739257784,
                1
            ],
            "name": "hair_rope_R0C0"
        },
        "hair_rope_R1C0": {
            "children": [
                "hair_rope_R2C0"
            ],
            "matrix": [
                1.0000002384185793,
                -4.7683715814761385e-7,
                -3.818422555854073e-7,
                0,
                4.768372561803069e-7,
                1.000000238418579,
                2.5704503058519845e-7,
                0,
                3.818420192223948e-7,
                -2.5704513607546775e-7,
                0.9999999403953419,
                0,
                8.21441650390625,
                -0.000007629394517039145,
                0.0000014305114754975534,
                1
            ],
            "name": "hair_rope_R1C0"
        },
        "hair_rope_R2C0": {
            "children": [
                "hair_rope_R3C0"
            ],
            "matrix": [
                0.9999999403953556,
                1.490116118829654e-7,
                1.8626451353531692e-9,
                0,
                -1.490116208757719e-7,
                0.9999999999999907,
                2.1420419221360176e-8,
                0,
                -1.8626420822398515e-9,
                -2.1420419486772868e-8,
                0.9999999999999998,
                0,
                9.612228393554688,
                0.0000152587890625,
                4.768371590913034e-7,
                1
            ],
            "name": "hair_rope_R2C0"
        },
        "hair_rope_R3C0": {
            "children": [
                "hair_rope_R4C0"
            ],
            "matrix": [
                1.0000001192092898,
                -2.9802322443206464e-8,
                -1.862645149230957e-9,
                0,
                2.9802322443206464e-8,
                1.0000001192092896,
                5.5879354598359354e-9,
                0,
                1.8626449722891625e-9,
                -5.587935518816534e-9,
                1.0000001192092898,
                0,
                19.918312072753906,
                -0.00000762939453125,
                0.0000019073486328125,
                1
            ],
            "name": "hair_rope_R3C0"
        },
        "hair_rope_R4C0": {
            "children": [
                "hair_rope_R5C0"
            ],
            "matrix": [
                0.9969943761825556,
                5.9604644719879474e-8,
                0.07747459411621094,
                0,
                -5.898824184669138e-8,
                0.9999998807907124,
                -1.0244548310361923e-8,
                0,
                -0.07747460797282908,
                5.643668643529054e-9,
                0.9969945544986895,
                0,
                19.638702392578125,
                0.00000762939453125,
                0.15176963806152344,
                1
            ],
            "name": "hair_rope_R4C0"
        },
        "hair_rope_R5C0": {
            "children": [],
            "matrix": [
                0.9999765157699586,
                4.172325134277344e-7,
                -0.006849817931652055,
                0,
                -4.1573679027129273e-7,
                1.0000001192092907,
                2.1979212760231404e-7,
                0,
                0.006849817114850193,
                -2.169391929152109e-7,
                0.9999763965152244,
                0,
                10.646286010742188,
                0.00002288818359375,
                0.037856101989746094,
                1
            ],
            "name": "hair_rope_R5C0"
        },
        "index_0_L": {
            "children": [
                "index_1_L"
            ],
            "matrix": [
                0.9426544308662415,
                0.3247096240520479,
                0.07724392414093023,
                0,
                -0.062327802134495354,
                -0.05610637721618314,
                0.9964778506150441,
                0,
                0.3278996554885354,
                -0.9441482170887529,
                -0.03265047100507876,
                0,
                11.66011810302733,
                -0.10630035400390625,
                0.4939270615577698,
                1
            ],
            "name": "index_0_L"
        },
        "index_0_R": {
            "children": [
                "index_1_R"
            ],
            "matrix": [
                0.9529298543930055,
                0.27135396003723145,
                0.1352473944425583,
                0,
                -0.12206867442441527,
                -0.06495331732917674,
                0.9903941186602465,
                0,
                0.2775320720498835,
                -0.9602853824655517,
                -0.028772130701878368,
                0,
                -11.356781005859375,
                0.42612457275390625,
                -0.6174316406249999,
                1
            ],
            "name": "index_0_R"
        },
        "index_1_L": {
            "children": [
                "index_2_L"
            ],
            "matrix": [
                0.5114989280700685,
                2.8219074012930667e-7,
                -0.8592838048934934,
                0,
                -4.891113929428315e-7,
                1.0000001192092447,
                3.725290800837833e-8,
                0,
                0.8592841213500048,
                4.0123077614528935e-7,
                0.5114991164447109,
                0,
                5.33770751953125,
                0.000003814697265625,
                -0.0000019073486363652137,
                1
            ],
            "name": "index_1_L"
        },
        "index_1_R": {
            "children": [
                "index_2_R"
            ],
            "matrix": [
                0.6508823633193971,
                2.570450305799943e-7,
                -0.7591785192489628,
                0,
                -7.034210226242177e-7,
                0.9999997615815157,
                -2.6449558724467304e-7,
                0,
                0.759178450542332,
                7.061777476946585e-7,
                0.6508823044139467,
                0,
                -5.348663330078125,
                -0.0000095367431640625,
                -0.000011444091800427714,
                1
            ],
            "name": "index_1_R"
        },
        "index_2_L": {
            "children": [],
            "matrix": [
                1.000000238418579,
                2.7939677342547764e-9,
                -3.874301910955502e-7,
                0,
                -2.793810065238045e-9,
                1.0000001192092896,
                4.060566425462264e-7,
                0,
                3.8743014596498426e-7,
                -4.060566414498812e-7,
                1.0000001192093335,
                0,
                3.1829566955566406,
                -9.5367431640625e-7,
                -0.000022888183607960855,
                1
            ],
            "name": "index_2_L"
        },
        "index_2_R": {
            "children": [],
            "matrix": [
                1.0000001192092896,
                1.4901161214664338e-8,
                -4.76837158203125e-7,
                0,
                -1.490115585089935e-8,
                1.0000000000000004,
                7.450580610801616e-9,
                0,
                4.7683704468282073e-7,
                -7.450572603318051e-9,
                0.9999998807906839,
                0,
                -2.8381881713867188,
                -9.5367431640625e-7,
                0.0000152587890625,
                1
            ],
            "name": "index_2_R"
        },
        "knee_L": {
            "children": [
                "ankle_L"
            ],
            "matrix": [
                0.994301915168762,
                -4.6193599700927734e-7,
                -0.10660016536712645,
                0,
                5.19300036666559e-7,
                1.0000001192092827,
                5.10364770332436e-7,
                0,
                0.1066001780021755,
                -5.628141377996693e-7,
                0.9943020330233019,
                0,
                42.69473266601562,
                0,
                0.000003814697265625,
                1
            ],
            "name": "knee_L"
        },
        "knee_R": {
            "children": [
                "ankle_R"
            ],
            "matrix": [
                0.9943021535873414,
                -5.960464477539063e-8,
                -0.10659953206777575,
                0,
                1.1835696972495313e-7,
                0.9999998807907042,
                5.448237068491485e-7,
                0,
                0.10659952583478013,
                -5.543362163254462e-7,
                0.9943020954496763,
                0,
                -42.69475173950196,
