{
    "accessors": [
        {
            "bufferView": 0,
            "byteOffset": 0,
            "componentType": 5126,
            "count": 2246,
            "max": [
                39.61417770385742,
                16.264986038208008,
                184.74171447753906
            ],
            "min": [
                -39.614158630371094,
                -15.009211540222168,
                0.11450134962797165
            ],
            "type": "VEC3"
        },
        {
            "bufferView": 0,
            "byteOffset": 26952,
            "componentType": 5126,
            "count": 2246,
            "max": [
                0.9997128248214722,
                0.9999366402626038,
                0.9994956254959106
            ],
            "min": [
                -0.9997128248214722,
                -0.9998362064361572,
                -0.9991651177406311
            ],
            "type": "VEC3"
        },
        {
            "bufferView": 0,
            "byteOffset": 53904,
            "componentType": 5126,
            "count": 2246,
            "max": [
                1.4840699434280396,
                0.9901319742202759
            ],
            "min": [
                0.01090100035071373,
                0.0036460161209106445
            ],
            "type": "VEC2"
        },
        {
            "bufferView": 0,
            "byteOffset": 71872,
            "componentType": 5123,
            "count": 2246,
            "max": [
                39,
                39,
                39,
                0
            ],
            "min": [
                0,
                0,
                0,
                0
            ],
            "type": "VEC4"
        },
        {
            "bufferView": 0,
            "byteOffset": 89840,
            "componentType": 5126,
            "count": 2246,
            "max": [
                1,
                0.9993828535079956,
                0.8028448224067688,
                0
            ],
            "min": [
                0.0005255146534182131,
                0,
                0,
                0
            ],
            "type": "VEC4"
        },
        {
            "bufferView": 2,
            "byteOffset": 0,
            "componentType": 5123,
            "count": 10812,
            "max": [
                2245
            ],
            "min": [
                0
            ],
            "type": "SCALAR"
        },
        {
            "bufferView": 1,
            "byteOffset": 0,
            "componentType": 5126,
            "count": 40,
            "max": [
                0.9189189072604317,
                1.0000001192092776,
                0.9967673885697972,
                0,
                0.9221226851346233,
                0.99647762919189,
                1.0000003576275986,
                0,
                1.000000059604604,
                0.44822703868268654,
                1,
                0,
                148.87310068475023,
                140.85636011420715,
                141.30361745172723,
                1
            ],
            "min": [
                -0.977380049996897,
                -0.999999999999976,
                -0.5812481602641513,
                0,
                -0.9999999999999732,
                -0.9903941602618579,
                -1.0000001192092758,
                0,
                -1.0000002384185291,
                -0.771850756944046,
                -0.9777277485654831,
                0,
                -152.37785914026938,
                -85.56199909466417,
                -169.54854522918433,
                1
            ],
            "type": "MAT4"
        },
        {
            "bufferView": 0,
            "byteOffset": 125776,
            "componentType": 5126,
            "count": 830,
            "max": [
                36.73744201660156,
                25.303266525268555,
                171.51797485351562
            ],
            "min": [
                -31.99089241027832,
                -10.986090660095215,
                123.10687255859375
            ],
            "type": "VEC3"
        },
        {
            "bufferView": 0,
            "byteOffset": 135736,
            "componentType": 5126,
            "count": 830,
            "max": [
                0.9997119307518005,
                0.9972596168518066,
                0.9968368411064148
            ],
            "min": [
                -0.980120062828064,
                -0.9997034668922424,
                -0.9962550401687622
            ],
            "type": "VEC3"
        },
        {
            "bufferView": 0,
            "byteOffset": 145696,
            "componentType": 5126,
            "count": 830,
            "max": [
                1.984734058380127,
                0.9903479814529419
            ],
            "min": [
                0.011629000306129456,
                0.011954009532928467
            ],
            "type": "VEC2"
        },
        {
            "bufferView": 0,
            "byteOffset": 152336,
            "componentType": 5123,
            "count": 830,
            "max": [
                8,
                8,
                9,
                0
            ],
            "min": [
                0,
                0,
                0,
                0
            ],
            "type": "VEC4"
        },
        {
            "bufferView": 0,
            "byteOffset": 158976,
            "componentType": 5126,
            "count": 830,
            "max": [
                1,
                0.9993860721588135,
                0.9882352948188782,
                0
            ],
            "min": [
                0.00020518962992355227,
                0,
                0,
                0
            ],
            "type": "VEC4"
        },
        {
            "bufferView": 2,
            "byteOffset": 21624,
            "componentType": 5123,
            "count": 3789,
            "max": [
                829
            ],
            "min": [
                0
            ],
            "type": "SCALAR"
        },
        {
            "bufferView": 1,
            "byteOffset": 2560,
            "componentType": 5126,
            "count": 10,
            "max": [
                0.9189187768323046,
                0.9999999999999812,
                0.047900829338218105,
                0,
                0.4864782710753093,
                0.9201206246250505,
                0.9778792568272171,
                0,
                0.9778792568274802,
                0.3697696794196027,
                0.9999998680670179,
                0,
                136.1758277508026,
                57.19102393499085,
                141.30361150524664,
                1
            ],
            "min": [
                6.123232535844115e-17,
                -0.860349175860216,
                -0.5812483041501859,
                0,
                -0.9999998680669631,
                -0.8236959860835341,
                -0.9999996354706178,
                0,
                -0.999999761581437,
                -0.3074447690632202,
                -0.9503281577474761,
                0,
                -152.37781870586457,
                -69.48089323403507,
                -169.5485452358844,
                1
            ],
            "type": "MAT4"
        },
        {
            "bufferView": 0,
            "byteOffset": 172256,
            "componentType": 5126,
            "count": 459,
            "max": [
                12.03859806060791,
                45.267391204833984,
                186.3578338623047
            ],
            "min": [
                -9.793644905090332,
                -10.268037796020508,
                102.52230072021484
            ],
            "type": "VEC3"
        },
        {
            "bufferView": 0,
            "byteOffset": 177764,
            "componentType": 5126,
            "count": 459,
            "max": [
                0.997402012348175,
                0.999565839767456,
                0.9994487166404724
            ],
            "min": [
                -0.9944761991500854,
                -0.9818770885467529,
                -0.98265141248703
            ],
            "type": "VEC3"
        },
        {
            "bufferView": 0,
            "byteOffset": 183272,
            "componentType": 5126,
            "count": 459,
            "max": [
                0.9821649789810181,
                0.9889519810676575
            ],
            "min": [
                0.025224000215530396,
                0.009640991687774658
            ],
            "type": "VEC2"
        },
        {
            "bufferView": 0,
            "byteOffset": 186944,
            "componentType": 5123,
            "count": 459,
            "max": [
                10,
                10,
                10,
                0
            ],
            "min": [
                0,
                0,
                0,
                0
            ],
            "type": "VEC4"
        },
        {
            "bufferView": 0,
            "byteOffset": 190616,
            "componentType": 5126,
            "count": 459,
            "max": [
                1,
                0.9997348785400391,
                0.9986154437065125,
                0
            ],
            "min": [
                0.00018016260582953691,
                0,
                0,
                0
            ],
            "type": "VEC4"
        },
        {
            "bufferView": 2,
            "byteOffset": 29202,
            "componentType": 5123,
            "count": 2340,
            "max": [
                458
            ],
            "min": [
                0
            ],
            "type": "SCALAR"
        },
        {
            "bufferView": 1,
            "byteOffset": 3200,
            "componentType": 5126,
            "count": 11,
            "max": [
                0.6893876826679746,
                0.9999999999999866,
                0.9967674490168743,
                0,
                0.49610947148295736,
                0.8903046781159298,
                0.8959764841379126,
                0,
                -0.000501260095206951,
                0.4482272256494809,
                0.999999808342906,
                0,
                166.8839966472264,
                140.8563532524356,
                -6.58135546724752,
                1
            ],
            "min": [
                -0.2387188837606507,
                -0.9312707321682129,
                -0.3953346401562367,
                0,
                -0.9999998083429141,
                -0.42954019665041293,
                -0.000501260095212381,
                0,
                -0.964672552141452,
                -0.7718507086540958,
                0.03423906431785809,
                0,
                1.0920041806989016,
                -85.56203709865659,
                -169.5485502521017,
                1
            ],
            "type": "MAT4"
        },
        {
            "bufferView": 0,
            "byteOffset": 197960,
            "componentType": 5126,
            "count": 345,
            "max": [
                41.14311218261719,
                13.923990249633789,
                144.23155212402344
            ],
            "min": [
                -38.54841613769531,
                -10.839205741882324,
                51.870269775390625
            ],
            "type": "VEC3"
        },
        {
            "bufferView": 0,
            "byteOffset": 202100,
            "componentType": 5126,
            "count": 345,
            "max": [
                0.9994753003120422,
                0.9999270439147949,
                0.9940003156661987
            ],
            "min": [
                -0.9916943907737732,
                -0.9943459033966064,
                -0.9573260545730591
            ],
            "type": "VEC3"
        },
        {
            "bufferView": 0,
            "byteOffset": 206240,
            "componentType": 5126,
            "count": 345,
            "max": [
                1.900534987449646,
                0.9855030179023743
            ],
            "min": [
                0.014324000105261803,
                0.011578023433685303
            ],
            "type": "VEC2"
        },
        {
            "bufferView": 0,
            "byteOffset": 209000,
            "componentType": 5123,
            "count": 345,
            "max": [
                9,
                8,
                8,
                0
            ],
            "min": [
                0,
                0,
                0,
                0
            ],
            "type": "VEC4"
        },
        {
            "bufferView": 0,
            "byteOffset": 211760,
            "componentType": 5126,
            "count": 345,
            "max": [
                1,
                0.9998564720153809,
                0.9307114481925964,
                0
            ],
            "min": [
                0.00014352798461914062,
                0,
                0,
                0
            ],
            "type": "VEC4"
        },
        {
            "bufferView": 2,
            "byteOffset": 33882,
            "componentType": 5123,
            "count": 1593,
            "max": [
                344
            ],
            "min": [
                0
            ],
            "type": "SCALAR"
        },
        {
            "bufferView": 1,
            "byteOffset": 3904,
            "componentType": 5126,
            "count": 10,
            "max": [
                0.5299312337209817,
                0.9999999999999732,
                0.5522882688191835,
                0,
                0.29659192244775157,
                0.5529927246293556,
                0.9984177739628933,
                0,
                0.99841777396286,
                0.369769712250579,
                1,
                0,
                106.68165588378108,
                57.19100320579171,
                68.51670790437012,
                1
            ],
            "min": [
                6.123233995736301e-17,
                -0.8603491633751856,
                -0.3890748401392831,
                0,
                -0.9999999999999732,
                -0.5907531254785631,
                -0.9999997541730323,
                0,
                -0.9999999999999281,
                -0.28847377539993463,
                -0.5286478175590129,
                0,
                -131.93800824095538,
                -69.48091726327044,
                -109.88341522216797,
                1
            ],
            "type": "MAT4"
        }
    ],
    "asset": {
        "generator": "ClayGL - fbx2gltf",
        "version": "2.0"
    },
    "bufferViews": [
        {
            "buffer": 0,
            "byteLength": 217280,
            "byteOffset": 0,
            "target": 34962
        },
        {
            "buffer": 0,
            "byteLength": 4544,
            "byteOffset": 217280,
            "target": 34962
        },
        {
            "buffer": 0,
            "byteLength": 37068,
            "byteOffset": 221824,
            "target": 34963
        }
    ],
    "buffers": [
        {
            "byteLength": 258892,
            "uri": "lanaya.bin"
        }
    ],
    "images": [
        {
            "uri": "textures/lanaya_base_color.png"
        },
        {
            "uri": "textures/lanaya_cowl_shoulder_color.png"
        },
        {
            "uri": "textures/lanaya_hair_color.png"
        },
        {
            "uri": "textures/lanaya_bracers_skirt_color.png"
        }
    ],
    "materials": [
        {
            "emissiveFactor": [
                0,
                0,
                0
            ],
            "name": "Material #35",
            "pbrMetallicRoughness": {
                "baseColorFactor": [
                    1,
                    1,
                    1,
                    1
                ],
                "baseColorTexture": {
                    "index": 0,
                    "texCoord": 0
                },
                "metallicFactor": 0,
                "roughnessFactor": 0.9230769230769231
            }
        },
        {
            "emissiveFactor": [
                0,
                0,
                0
            ],
            "name": "Material #57",
            "pbrMetallicRoughness": {
                "baseColorFactor": [
                    1,
                    1,
                    1,
                    1
                ],
                "baseColorTexture": {
                    "index": 1,
                    "texCoord": 0
                },
                "metallicFactor": 0,
                "roughnessFactor": 0.9230769230769231
            }
        },
        {
            "emissiveFactor": [
                0,
                0,
                0
            ],
            "name": "Material #68",
            "pbrMetallicRoughness": {
                "baseColorFactor": [
                    1,
                    1,
                    1,
                    1
                ],
                "baseColorTexture": {
                    "index": 2,
                    "texCoord": 0
                },
                "metallicFactor": 0,
                "roughnessFactor": 0.9230769230769231
            }
        },
        {
            "emissiveFactor": [
                0,
                0,
                0
            ],
            "name": "Material #79",
            "pbrMetallicRoughness": {
                "baseColorFactor": [
                    1,
                    1,
                    1,
                    1
                ],
                "baseColorTexture": {
                    "index": 3,
                    "texCoord": 0
                },
                "metallicFactor": 0,
                "roughnessFactor": 0.9230769230769231
            }
        }
    ],
    "meshes": [
        {
            "name": "lanaya_model_LOD0",
            "primitives": [
                {
                    "attributes": {
                        "JOINTS_0": 3,
                        "NORMAL": 1,
                        "POSITION": 0,
                        "TEXCOORD_0": 2,
                        "WEIGHTS_0": 4
                    },
                    "indices": 5,
                    "material": 0
                }
            ]
        },
        {
            "name": "lanaya_cowl_shoulder_model_LOD0",
            "primitives": [
                {
                    "attributes": {
                        "JOINTS_0": 10,
                        "NORMAL": 8,
                        "POSITION": 7,
                        "TEXCOORD_0": 9,
                        "WEIGHTS_0": 11
                    },
                    "indices": 12,
                    "material": 1
                }
            ]
        },
        {
            "name": "lanaya_hair_model_LOD0",
            "primitives": [
                {
                    "attributes": {
                        "JOINTS_0": 17,
                        "NORMAL": 15,
                        "POSITION": 14,
                        "TEXCOORD_0": 16,
                        "WEIGHTS_0": 18
                    },
                    "indices": 19,
                    "material": 2
                }
            ]
        },
        {
            "name": "lanaya_bracers_skirt_model_LOD0",
            "primitives": [
                {
                    "attributes": {
                        "JOINTS_0": 24,
                        "NORMAL": 22,
                        "POSITION": 21,
                        "TEXCOORD_0": 23,
                        "WEIGHTS_0": 25
                    },
                    "indices": 26,
                    "material": 3
                }
            ]
        }
    ],
    "nodes": [
        {
            "children": [
                1,
                5,
                9,
                11,
                13
            ],
            "matrix": [
                1.6292068478213574e-7,
                1.469367938527879e-39,
                1.0000000000000002,
                0,
                1.0000000000000002,
                6.123233995736847e-17,
                -1.6292068478213574e-7,
                0,
                -6.123233995736685e-17,
                1,
                9.976014756666736e-24,
                0,
                0,
                109.88341522216797,
                0.000004803156571142608,
                1
            ],
            "name": "Root_0"
        },
        {
            "children": [
                2
            ],
            "matrix": [
                0.04564369842410089,
                0.1642007380723953,
                0.9853704571723939,
                0,
                0.5529924671334264,
                0.8173223662640764,
                -0.16181280453832406,
                0,
                -0.831935213723281,
                0.5522882533959746,
                -0.0534961632440492,
                0,
                0.3016242086887359,
                -12.94136619567871,
                -7.196113586425781,
                1
            ],
            "name": "thigh_R"
        },
        {
            "children": [
                3
            ],
            "matrix": [
                0.9943021535873412,
                -5.9604644719879474e-8,
                -0.10659953206777575,
                0,
                1.1835696973536147e-7,
                0.9999998807907042,
                5.448237069827222e-7,
                0,
                0.10659952583478013,
                -5.543362164850407e-7,
                0.9943020954496762,
                0,
                -42.69475173950194,
                -0.0000019073486363652137,
                -0.000003814697263848643,
                1
            ],
            "name": "knee_R"
        },
        {
            "children": [
                4
            ],
            "matrix": [
                0.7864569425582886,
                -0.41659176349639904,
                0.4560009837150576,
                0,
                0.10439077758528038,
                0.817322219712662,
                0.566645385233091,
                0,
                -0.6087595969116206,
                -0.39803993940772475,
                0.6862771402173445,
                0,
                -42.133892059326165,
                -0.000009536743167615214,
                0.00000715255737571141,
                1
            ],
            "name": "ankle_R"
        },
        {
            "matrix": [
                0.23213782906532288,
                -0.2826119065284729,
                0.9307215213775633,
                0,
                0.08970849320424983,
                0.9590024661092166,
                0.268824535271468,
                0,
                -0.9685372572953439,
                0.021089281445365166,
                0.24797344104863317,
                0,
                -19.134975433349613,
                0.0000019073486292597863,
                0.000001192092896395991,
                1
            ],
            "name": "toeBase_R"
        },
        {
            "children": [
                6
            ],
            "matrix": [
                -0.04564381018280982,
                0.1642004400491713,
                -0.9853703379631046,
                0,
                -0.5529926670712662,
                0.8173221131890009,
                0.16181260672554293,
                0,
                0.8319349486785765,
                0.5522885013963241,
                0.05349596192474083,
                0,
                0.3016199767589569,
                12.941366195678711,
                -7.196113586425781,
                1
            ],
            "name": "thigh_L"
        },
        {
            "children": [
                7
            ],
            "matrix": [
                0.9943019151687625,
                -4.6193599702315513e-7,
                -0.10660016536712653,
                0,
                5.193000366526812e-7,
                1.0000001192092831,
                5.103647701121261e-7,
                0,
                0.10660017800217554,
                -5.628141377389539e-7,
                0.9943020330233024,
                0,
                42.694732666015625,
                0,
                0.000003814697263848643,
                1
            ],
            "name": "knee_L"
        },
        {
            "children": [
                8
            ],
            "matrix": [
                0.786457300186157,
                -0.41659131646156283,
                0.4560008347034453,
                0,
                0.10439066590128619,
                0.817322526528419,
                0.5666451601976678,
                0,
                -0.6087592089247936,
                -0.3980399929507695,
                0.6862775140538068,
                0,
                42.13391113281249,
                0.00000762939453125,
                -4.768371590913034e-7,
                1
            ],
            "name": "ankle_L"
        },
        {
            "matrix": [
                0.46635952591896057,
                -0.3569502234458924,
                0.8093792796134949,
                0,
                0.1512610726101166,
                0.9336741865427164,
                0.3246106912016582,
                0,
                -0.8715667089381551,
                -0.028957720363483264,
                0.4894206985655494,
                0,
                19.134952545166016,
                0.0000019073486292597863,
                0.000008583068845879893,
                1
            ],
            "name": "toeBase_L"
        },
        {
            "children": [
                10
            ],
            "matrix": [
                6.123233995736785e-17,
                1.0264908909639621e-32,
                -1.0000000000000029,
                0,
                -2.6469779601696886e-23,
                0.9999999403953553,
                1.7265583408798527e-33,
                0,
                0.9999999403953582,
                0,
                6.123233630763597e-17,
                0,
                8.86570930480957,
                9.5367431640625e-7,
                -1.697479248046875,
                1
            ],
            "name": "front_flap_R0C0"
        },
        {
            "matrix": [
                0.9999999999999999,
                7.29383665236072e-33,
                1.232595164407831e-32,
                0,
                2.415688645397803e-32,
                0.9999998807907104,
                -1.4210854688732224e-14,
                0,
                2.465190328815662e-32,
                1.4210854715202004e-14,
                0.9999998807907104,
                0,
                16.169120788574205,
                -1.1368683772161603e-13,
                -9.5367431640625e-7,
                1
            ],
            "name": "front_flap_R1C0"
        },
        {
            "children": [
                12
            ],
            "matrix": [
                6.123233995736785e-17,
                1.0264908909639621e-32,
                -1.0000000000000029,
                0,
                -2.6469779601696886e-23,
                0.9999999403953553,
                1.7265583408798527e-33,
                0,
                0.9999999403953582,
                0,
                6.123233630763597e-17,
                0,
                -14.083340644836426,
                -0.0000028610227218450733,
                -2.72607421875,
                1
            ],
            "name": "back_flap_R0C0"
        },
        {
            "matrix": [
                0.9999999999999999,
                7.888609052210118e-31,
                -2.211281824315848e-8,
                0,
                -3.1424204738536253e-22,
                0.9999998807907104,
                -1.4210854688732224e-14,
                0,
                2.211281560710512e-8,
                1.4210854715202004e-14,
                0.9999998807907104,
                0,
                16.169128417968736,
                0.0000019073484054388241,
                0.00000762939453125,
                1
            ],
            "name": "back_flap_R1C0"
        },
        {
            "children": [
                14
            ],
            "matrix": [
                -0.05623155087232478,
                1.8769304687180913e-7,
                0.9984177350997925,
                0,
                -2.3275999076758347e-7,
                1,
                -2.0109969512273343e-7,
                0,
                -0.998417735099795,
                -2.4369985054071426e-7,
                -0.056231550872279115,
                0,
                0.9306915402412413,
                6.70995120799489e-7,
                11.8817138671875,
                1
            ],
            "name": "Spine_1"
        },
        {
            "children": [
                15
            ],
            "matrix": [
                0.9995086789131163,
                -1.4210854715202004e-14,
                0.031346432864665985,
                0,
                -1.4947120835580704e-8,
                1.0000000000000002,
                4.76602593835196e-7,
                0,
                -0.03134643286466598,
                -4.76836967850574e-7,
                0.9995086789131166,
                0,
                8.762390136718736,
                2.682209014892578e-7,
                -0.0000152587890625,
                1
            ],
            "name": "Spine_2"
        },
        {
            "children": [
                16,
                31,
                43
            ],
            "matrix": [
                0.9780653715133671,
                -5.293955920339377e-23,
                0.20829761028289795,
                0,
                9.93240526536855e-8,
                1.0000000000000004,
                -4.663779691327366e-7,
                0,
                -0.208297610282898,
                4.7683710445683484e-7,
                0.978065371513367,
                0,
                17.432708740234432,
                -0.00000423736673837994,
                0.0000133514404296875,
                1
            ],
            "name": "Spine_3"
        },
        {
            "children": [
                17,
                30
            ],
            "matrix": [
                -0.09618972986936575,
                0.8723446130752563,
                -0.47933542728424083,
                0,
                0.052535363272762814,
                -0.47644783121945766,
                -0.8776318991502796,
                0,
                -0.9939756403564998,
                -0.10960122024017159,
                4.4703483392805055e-7,
                0,
                0.75006103515625,
                -2.671012401580811,
                -2.420513153076179,
                1
            ],
            "name": "clavicle_R"
        },
        {
            "children": [
                18,
                23
            ],
            "matrix": [
                0.4014655351638791,
                0.1662699878215788,
                -0.9006550312042235,
                0,
                -0.9032434555319941,
                0.2346318196637504,
                -0.3593039246421513,
                0,
                0.15158086348189992,
                0.9577588658180525,
                0.24437885739632623,
                0,
                -13.647835731506348,
                -7.105427357601002e-15,
                0.00001525878903407829,
                1
            ],
            "name": "bicep_R"
        },
        {
            "children": [
                19
            ],
            "matrix": [
                -0.9265152812004084,
                -0.369769722223282,
                -0.06957243382930757,
                0,
                0.3697696570626468,
                -0.860646991814072,
                -0.35008174009178133,
                0,
                0.06957231307915787,
                -0.3500818124725877,
                0.9341320945672578,
                0,
                -26.462631225585938,
                -3.467765808105483,
                0.10403060913085938,
                1
            ],
            "name": "sleeve_R0C0"
        },
        {
            "children": [
                20
            ],
            "matrix": [
                0.9999998807907108,
                -4.891636535830915e-7,
                -1.2088894152384458e-7,
                0,
                4.891635661349067e-7,
                0.9999997019767684,
                1.7459983437349835e-10,
                0,
                1.2088891982177883e-7,
                -1.7465896903681027e-10,
                0.999999701976784,
                0,
                16.169120788574233,
                -0.000017166137698865214,
                -0.0000028610229483305716,
                1
            ],
            "name": "sleeve_R1C0"
        },
        {
            "children": [
                21
            ],
            "matrix": [
                0.9999999999999998,
                1.3941360066382858e-8,
                -3.353948585527183e-8,
                0,
                -1.3941361230496888e-8,
                1.0000001192092893,
                1.4842969519928903e-8,
                0,
                3.35394980568578e-8,
                -1.4842972591148397e-8,
                1.000000357627868,
                0,
                17.463645935058608,
                0,
                0,
                1
            ],
            "name": "sleeve_R2C0"
        },
        {
            "children": [
                22
            ],
            "matrix": [
                0.9999999999999998,
                -4.699245437223226e-10,
                -3.632118250607166e-8,
                0,
                4.699245093710181e-10,
                0.9999999403953554,
                -1.745959488097526e-10,
                0,
                3.632117168159779e-8,
                1.7459588993757463e-10,
                0.9999997019767762,
                0,
                17.742835998535156,
                0.00000762939453125,
                -4.76837158203125e-7,
                1
            ],
            "name": "sleeve_R3C0"
        },
        {
            "matrix": [
                -0.9265149831771852,
                0.3697700500488282,
                0.06957167387008671,
                0,
                -0.3697696676307981,
                -0.8606467836572084,
                -0.35008117186562787,
                0,
                -0.06957291446350682,
                -0.3500810432600327,
                0.9341321488831894,
                0,
                21.442695617675774,
                -0.020278930664058947,
                0.3851776123046875,
                1
            ],
            "name": "sleeve_R4C0"
        },
        {
            "children": [
                24
            ],
            "matrix": [
                0.9222370982170103,
                1.1920928952302567e-7,
                -0.38662540912628196,
                0,
                3.6283136082421175e-8,
                1.0000000000000353,
                3.9488078146243666e-7,
                0,
                0.38662544374347113,
                -3.7820172221758597e-7,
                0.9222371807910225,
                0,
                -26.972198486328125,
                0.000030517578110789145,
                -0.000003814697269177714,
                1
            ],
            "name": "elbow_R"
        },
        {
            "children": [
                25,
                27
            ],
            "matrix": [
                0.8275679349899294,
                0.36976978182792675,
                0.42237615585327176,
                0,
                -0.47661781641666534,
                0.8603489423245453,
                0.18065077858850767,
                0,
                -0.29659180191119555,
                -0.35081293713884415,
                0.8882364287655586,
                0,
                -25.88548278808595,
                -0.0000152587890625,
                -0.0000152587890625,
                1
            ],
            "name": "wrist_R"
        },
        {
            "children": [
                26
            ],
            "matrix": [
                0.9348986744880678,
                0.3036768436431885,
                -0.18369825184345243,
                0,
                0.3019804438129392,
                -0.9525629947930702,
                -0.03783491088391121,
                0,
                -0.18647376468007662,
                -0.02010147389676899,
                -0.9822544622009783,
                0,
                -7.295631408691406,
                -3.945758819580078,
                3.4624786376953125,
                1
            ],
            "name": "thumb_0_R"
        },
        {
            "matrix": [
                0.9999997615814208,
                -2.98023223720828e-8,
                -7.450580599699386e-8,
                0,
                2.980236611053316e-8,
                1.0000001192092909,
                4.4330954550309e-7,
                0,
                7.450580169487964e-8,
                -4.43309442037243e-7,
                0.9999998807907533,
                0,
                -4.532333374023423,
                -0.000005722045906875195,
                -0.000007629394527697286,
                1
            ],
            "name": "thumb_1_R"
        },
        {
            "children": [
                28
            ],
            "matrix": [
                0.9529298543930054,
                0.27135401964187617,
                0.1352474093437195,
                0,
                -0.12206869308071287,
                -0.06495332110115985,
                0.9903941771839754,
                0,
                0.27753216061277464,
                -0.9602854846933884,
                -0.028772123219895845,
                0,
                -11.356781005859375,
                0.4261283874511719,
                -0.617431640625,
                1
            ],
            "name": "index_0_R"
        },
        {
            "children": [
                29
            ],
            "matrix": [
                0.6508824825286865,
                2.5331974028153237e-7,
                -0.7591785192489626,
                0,
                -7.1073282686962e-7,
                0.9999998211861304,
                -2.756714612729694e-7,
                0,
                0.7591783229302554,
                7.190027628140028e-7,
                0.6508823142148815,
                0,
                -5.348670959472642,
                -0.0000095367431640625,
                -0.000009536743162286143,
                1
            ],
            "name": "index_1_R"
        },
        {
            "matrix": [
                0.999999940395355,
                0,
                -5.364418029264739e-7,
                0,
                1.3877787807814457e-17,
                0.9999998211860656,
                -1.3877787807814457e-17,
                0,
                5.364417071732075e-7,
                0,
                0.9999997615813767,
                0,
                -2.8381881713867188,
                -9.536743146298932e-7,
                0.00002288818359375,
                1
            ],
            "name": "index_2_R"
        },
        {
            "matrix": [
                0.9963352084159848,
