{
    "accessors": {
        "attrbute_1": {
            "bufferView": "bufferView_25",
            "byteOffset": 0,
            "byteStride": 12,
            "count": 3031,
            "max": [
                76.69807434082031,
                23.773883819580078,
                206.6387939453125,
                0
            ],
            "min": [
                -76.69808197021484,
                -49.33738708496094,
                -0.4115157723426819,
                0
            ],
            "type": 35665
        },
        "attrbute_10": {
            "bufferView": "bufferView_25",
            "byteOffset": 199428,
            "byteStride": 16,
            "count": 549,
            "max": [
                7,
                7,
                7,
                -1
            ],
            "min": [
                0,
                -1,
                -1,
                -1
            ],
            "type": 35666
        },
        "attrbute_11": {
            "bufferView": "bufferView_25",
            "byteOffset": 208212,
            "byteStride": 12,
            "count": 549,
            "max": [
                1,
                0.9998801946640015,
                0.9926877021789551
            ],
            "min": [
                0.00011981757415924221,
                0,
                0
            ],
            "type": 35665
        },
        "attrbute_13": {
            "bufferView": "bufferView_25",
            "byteOffset": 214800,
            "byteStride": 12,
            "count": 110,
            "max": [
                10.848600387573242,
                112.79139709472656,
                109.3590316772461,
                0
            ],
            "min": [
                -10.848600387573242,
                12.207193374633789,
                44.32869338989258,
                0
            ],
            "type": 35665
        },
        "attrbute_14": {
            "bufferView": "bufferView_25",
            "byteOffset": 216120,
            "byteStride": 12,
            "count": 110,
            "max": [
                0.9939667582511902,
                0.9214209318161011,
                0.9985758662223816,
                0
            ],
            "min": [
                -0.9939666986465454,
                -0.820225715637207,
                -0.993916928768158,
                0
            ],
            "type": 35665
        },
        "attrbute_15": {
            "bufferView": "bufferView_25",
            "byteOffset": 217440,
            "byteStride": 8,
            "count": 110,
            "max": [
                0.993490993976593,
                0.9817519783973694
            ],
            "min": [
                0.012817000038921833,
                0.018814027309417725
            ],
            "type": 35664
        },
        "attrbute_16": {
            "bufferView": "bufferView_25",
            "byteOffset": 218320,
            "byteStride": 16,
            "count": 110,
            "max": [
                4,
                4,
                4,
                -1
            ],
            "min": [
                0,
                -1,
                -1,
                -1
            ],
            "type": 35666
        },
        "attrbute_17": {
            "bufferView": "bufferView_25",
            "byteOffset": 220080,
            "byteStride": 12,
            "count": 110,
            "max": [
                1,
                0.9997926354408264,
                0.9941068887710571
            ],
            "min": [
                0.00020130859047640115,
                0,
                0
            ],
            "type": 35665
        },
        "attrbute_19": {
            "bufferView": "bufferView_25",
            "byteOffset": 221400,
            "byteStride": 12,
            "count": 837,
            "max": [
                140.11834716796875,
                95.00189971923828,
                261.888916015625,
                0
            ],
            "min": [
                -140.118408203125,
                2.8138434886932373,
                76.65364837646484,
                0
            ],
            "type": 35665
        },
        "attrbute_2": {
            "bufferView": "bufferView_25",
            "byteOffset": 36372,
            "byteStride": 12,
            "count": 3031,
            "max": [
                0.9997965097427368,
                0.9994135499000549,
                0.9950999021530151,
                0
            ],
            "min": [
                -0.9997965693473816,
                -0.9995924234390259,
                -0.9952024817466736,
                0
            ],
            "type": 35665
        },
        "attrbute_20": {
            "bufferView": "bufferView_25",
            "byteOffset": 231444,
            "byteStride": 12,
            "count": 837,
            "max": [
                0.998763918876648,
                0.9982466697692871,
                0.9853984713554382,
                0
            ],
            "min": [
                -0.998763918876648,
                -0.9997156858444214,
                -0.976337194442749,
                0
            ],
            "type": 35665
        },
        "attrbute_21": {
            "bufferView": "bufferView_25",
            "byteOffset": 241488,
            "byteStride": 8,
            "count": 837,
            "max": [
                0.9760169982910156,
                0.9933170080184937
            ],
            "min": [
                0.01331700012087822,
                0.005522012710571289
            ],
            "type": 35664
        },
        "attrbute_22": {
            "bufferView": "bufferView_25",
            "byteOffset": 248184,
            "byteStride": 16,
            "count": 837,
            "max": [
                11,
                12,
                12,
                -1
            ],
            "min": [
                0,
                -1,
                -1,
                -1
            ],
            "type": 35666
        },
        "attrbute_23": {
            "bufferView": "bufferView_25",
            "byteOffset": 261576,
            "byteStride": 12,
            "count": 837,
            "max": [
                1,
                0.9998958706855774,
                0.9993487596511841
            ],
            "min": [
                0.00010015428415499628,
                0,
                0
            ],
            "type": 35665
        },
        "attrbute_3": {
            "bufferView": "bufferView_25",
            "byteOffset": 72744,
            "byteStride": 8,
            "count": 3031,
            "max": [
                2.480729103088379,
                0.9948980212211609
            ],
            "min": [
                0.0033110000658780336,
                0.006649017333984375
            ],
            "type": 35664
        },
        "attrbute_4": {
            "bufferView": "bufferView_25",
            "byteOffset": 96992,
            "byteStride": 16,
            "count": 3031,
            "max": [
                43,
                43,
                43,
                -1
            ],
            "min": [
                0,
                -1,
                -1,
                -1
            ],
            "type": 35666
        },
        "attrbute_5": {
            "bufferView": "bufferView_25",
            "byteOffset": 145488,
            "byteStride": 12,
            "count": 3031,
            "max": [
                1,
                0.9998971223831177,
                0.9997758269309998
            ],
            "min": [
                0.00010087331611430272,
                0,
                0
            ],
            "type": 35665
        },
        "attrbute_7": {
            "bufferView": "bufferView_25",
            "byteOffset": 181860,
            "byteStride": 12,
            "count": 549,
            "max": [
                37.573204040527344,
                36.680301666259766,
                126.48041534423828,
                0
            ],
            "min": [
                -37.573204040527344,
                -36.891117095947266,
                40.326988220214844,
                0
            ],
            "type": 35665
        },
        "attrbute_8": {
            "bufferView": "bufferView_25",
            "byteOffset": 188448,
            "byteStride": 12,
            "count": 549,
            "max": [
                0.9900048971176147,
                0.9930262565612793,
                0.9916298985481262,
                0
            ],
            "min": [
                -0.9900047779083252,
                -0.9332365393638611,
                -0.9985737204551697,
                0
            ],
            "type": 35665
        },
        "attrbute_9": {
            "bufferView": "bufferView_25",
            "byteOffset": 195036,
            "byteStride": 8,
            "count": 549,
            "max": [
                0.9703580141067505,
                0.9800099730491638
            ],
            "min": [
                0.012484000064432621,
                0.014835000038146973
            ],
            "type": 35664
        },
        "indices_12": {
            "bufferView": "bufferView_27",
            "byteOffset": 27888,
            "count": 2520,
            "type": 5123
        },
        "indices_18": {
            "bufferView": "bufferView_27",
            "byteOffset": 32928,
            "count": 504,
            "type": 5123
        },
        "indices_24": {
            "bufferView": "bufferView_27",
            "byteOffset": 33936,
            "count": 3930,
            "type": 5123
        },
        "indices_6": {
            "bufferView": "bufferView_27",
            "byteOffset": 0,
            "count": 13944,
            "type": 5123
        }
    },
    "animations": {},
    "asset": {},
    "bufferViews": {
        "bufferView_25": {
            "buffer": "nightstalker.bin",
            "byteLength": 271620,
            "byteOffset": 0,
            "target": 34962
        },
        "bufferView_26": {
            "buffer": "nightstalker.bin",
            "byteLength": 4608,
            "byteOffset": 271620
        },
        "bufferView_27": {
            "buffer": "nightstalker.bin",
            "byteLength": 41796,
            "byteOffset": 276228,
            "target": 34963
        }
    },
    "buffers": {
        "nightstalker.bin": {
            "byteLength": 318024,
            "path": "nightstalker.bin"
        }
    },
    "cameras": {},
    "images": {
        "image_0": {
            "path": "textures/nightstalker_base_color.png"
        },
        "image_1": {
            "path": "textures/nightstalker_legarmour_color.png"
        },
        "image_2": {
            "path": "textures/nightstalker_tail_color.png"
        },
        "image_3": {
            "path": "textures/nightstalker_wings_color.png"
        }
    },
    "lights": {},
    "materials": {
        "Material #35": {
            "instanceTechnique": {
                "technique": "technique_0",
                "values": {
                    "ambient": [
                        0.5879999995231628,
                        0.5879999995231628,
                        0.5879999995231628
                    ],
                    "diffuse": "Map #5",
                    "emission": [
                        0,
                        0,
                        0
                    ],
                    "shininess": 2,
                    "specular": [
                        0.8999999761581421,
                        0.8999999761581421,
                        0.8999999761581421
                    ],
                    "transparency": 1
                }
            },
            "name": "Material #35"
        },
        "Material #46": {
            "instanceTechnique": {
                "technique": "technique_0",
                "values": {
                    "ambient": [
                        0.5879999995231628,
                        0.5879999995231628,
                        0.5879999995231628
                    ],
                    "diffuse": "Map #6",
                    "emission": [
                        0,
                        0,
                        0
                    ],
                    "shininess": 2,
                    "specular": [
                        0.8999999761581421,
                        0.8999999761581421,
                        0.8999999761581421
                    ],
                    "transparency": 1
                }
            },
            "name": "Material #46"
        },
        "Material #57": {
            "instanceTechnique": {
                "technique": "technique_0",
                "values": {
                    "ambient": [
                        0.5879999995231628,
                        0.5879999995231628,
                        0.5879999995231628
                    ],
                    "diffuse": "Map #7",
                    "emission": [
                        0,
                        0,
                        0
                    ],
                    "shininess": 2,
                    "specular": [
                        0.8999999761581421,
                        0.8999999761581421,
                        0.8999999761581421
                    ],
                    "transparency": 1
                }
            },
            "name": "Material #57"
        },
        "Material #68": {
            "instanceTechnique": {
                "technique": "technique_0",
                "values": {
                    "ambient": [
                        0.5879999995231628,
                        0.5879999995231628,
                        0.5879999995231628
                    ],
                    "diffuse": "Map #8",
                    "emission": [
                        0,
                        0,
                        0
                    ],
                    "shininess": 2,
                    "specular": [
                        0.8999999761581421,
                        0.8999999761581421,
                        0.8999999761581421
                    ],
                    "transparency": 1
                }
            },
            "name": "Material #68"
        }
    },
    "meshes": {
        "nightstalker_legarmor_model_LOD0-mesh": {
            "name": "nightstalker_legarmor_model_LOD0-mesh",
            "primitives": [
                {
                    "attributes": {
                        "JOINT": "attrbute_10",
                        "NORMAL": "attrbute_8",
                        "POSITION": "attrbute_7",
                        "TEXCOORD_0": "attrbute_9",
                        "WEIGHT": "attrbute_11"
                    },
                    "indices": "indices_12",
                    "material": "Material #46"
                }
            ]
        },
        "nightstalker_model_LOD0-mesh": {
            "name": "nightstalker_model_LOD0-mesh",
            "primitives": [
                {
                    "attributes": {
                        "JOINT": "attrbute_4",
                        "NORMAL": "attrbute_2",
                        "POSITION": "attrbute_1",
                        "TEXCOORD_0": "attrbute_3",
                        "WEIGHT": "attrbute_5"
                    },
                    "indices": "indices_6",
                    "material": "Material #35"
                }
            ]
        },
        "nightstalker_tail_model_LOD0-mesh": {
            "name": "nightstalker_tail_model_LOD0-mesh",
            "primitives": [
                {
                    "attributes": {
                        "JOINT": "attrbute_16",
                        "NORMAL": "attrbute_14",
                        "POSITION": "attrbute_13",
                        "TEXCOORD_0": "attrbute_15",
                        "WEIGHT": "attrbute_17"
                    },
                    "indices": "indices_18",
                    "material": "Material #57"
                }
            ]
        },
        "nightstalker_wings_model_LOD0-mesh": {
            "name": "nightstalker_wings_model_LOD0-mesh",
            "primitives": [
                {
                    "attributes": {
                        "JOINT": "attrbute_22",
                        "NORMAL": "attrbute_20",
                        "POSITION": "attrbute_19",
                        "TEXCOORD_0": "attrbute_21",
                        "WEIGHT": "attrbute_23"
                    },
                    "indices": "indices_24",
                    "material": "Material #68"
                }
            ]
        }
    },
    "nodes": {
        "Index_0_L": {
            "children": [
                "Index_1_L"
            ],
            "jointId": "Index_0_L",
            "matrix": [
                0.8812621831893925,
                0.41752687096595775,
                0.22146639227867143,
                0,
                -0.24733625409477858,
                0.008119949083785237,
                0.9688954975258353,
                0,
                0.4027418595101978,
                -0.9086281932519639,
                0.11042540484182875,
                0,
                17.94569015502929,
                3.1461334228515767,
                2.3006677627563494,
                1
            ],
            "name": "Index_0_L"
        },
        "Index_0_R": {
            "children": [
                "Index_1_R"
            ],
            "jointId": "Index_0_R",
            "matrix": [
                0.8812627792358398,
                0.41752672195434565,
                0.22146645188331612,
                0,
                -0.2473358422113553,
                0.008119097945963886,
                0.9688958735577082,
                0,
                0.40274182705952066,
                -0.9086284997858017,
                0.11042438686719144,
                0,
                -17.94567489624025,
                -3.1461334228515625,
                -2.3006734848022443,
                1
            ],
            "name": "Index_0_R"
        },
        "Index_1_L": {
            "children": [],
            "jointId": "Index_1_L",
            "matrix": [
                0.8968642354011538,
                4.470348358154297e-7,
                -0.44230613112449657,
                0,
                -9.379892882549479e-8,
                1.0000002384185747,
                8.204951554152684e-7,
                0,
                0.4423060546840015,
                -6.943846334248049e-7,
                0.8968640804020444,
                0,
                13.906005859375007,
                0.000019073486328125,
                -0.00002288818359375,
                1
            ],
            "name": "Index_1_L"
        },
        "Index_1_R": {
            "children": [],
            "jointId": "Index_1_R",
            "matrix": [
                0.8968637585639951,
                3.725290297768025e-8,
                -0.44230660796165466,
                0,
                -5.031340394034967e-7,
                0.9999999403953219,
                -9.35979199513659e-7,
                0,
                0.4423065843170869,
                0.0000010619853398896595,
                0.8968637106200673,
                0,
                -13.906002044677734,
                0.0000019073486363652137,
                0.000015258789076710855,
                1
            ],
            "name": "Index_1_R"
        },
        "Jaw1_0": {
            "children": [],
            "jointId": "Jaw1_0",
            "matrix": [
                0.9999999999999998,
                5.897002719797555e-15,
                2.6469779601696886e-23,
                0,
                -5.897002679180161e-15,
                1,
                5.6653782110061e-8,
                0,
                3.1763735522036263e-22,
                -5.6653782110060975e-8,
                0.9999999999999998,
                0,
                5.810548782348633,
                0.0000019073486328125,
                -4.83349609375,
                1
            ],
            "name": "Jaw1_0"
        },
        "JawTop8_0_D_L": {
            "children": [],
            "jointId": "JawTop8_0_D_L",
            "matrix": [
                -2.8212997443250287e-7,
                1,
                1.3234889800848443e-23,
                0,
                -0.9999999999999998,
                -2.821299744325029e-7,
                2.6469779601696886e-23,
                0,
                0,
                -6.617444900424222e-24,
                0.9999999999999999,
                0,
                11.195377349853512,
                4.976528167724608,
                0.18273925781252842,
                1
            ],
            "name": "JawTop8_0_D_L"
        },
        "JawTop9_0_D_R": {
            "children": [],
            "jointId": "JawTop9_0_D_R",
            "matrix": [
                -2.8212997443250287e-7,
                1,
                1.3234889800848443e-23,
                0,
                -0.9999999999999998,
                -2.821299744325029e-7,
                2.6469779601696886e-23,
                0,
                0,
                -6.617444900424222e-24,
                0.9999999999999999,
                0,
                11.195377349853516,
                -4.976524353027343,
                0.1827392578125,
                1
            ],
            "name": "JawTop9_0_D_R"
        },
        "Thumb_0_L": {
            "children": [
                "Thumb_1_L"
            ],
            "jointId": "Thumb_0_L",
            "matrix": [
                0.8339486122131352,
                0.5157566666603093,
                -0.19627474248409268,
                0,
                0.2838028062960126,
                -0.09580959469869813,
                0.9540836323963281,
                0,
                0.47327029713664304,
                -0.8513605956201037,
                -0.22627361453681516,
                0,
                17.681255340576165,
                4.028350830078125,
                -6.128691673278812,
                1
            ],
            "name": "Thumb_0_L"
        },
        "Thumb_0_R": {
            "children": [
                "Thumb_1_R"
            ],
            "jointId": "Thumb_0_R",
            "matrix": [
                0.8339492678642273,
                0.5157567262649536,
                -0.19627526402473444,
                0,
                0.2838039010973485,
                -0.09581067784717934,
                0.9540838216162554,
                0,
                0.4732698244673255,
                -0.8513610860514731,
                -0.2262749879115115,
                0,
                -17.681205749511726,
                -4.0283660888671875,
                6.1287012100219656,
                1
            ],
            "name": "Thumb_0_R"
        },
        "Thumb_1_L": {
            "children": [],
            "jointId": "Thumb_1_L",
            "matrix": [
                0.9803222417831419,
                -1.4901161199398771e-7,
                -0.19740442931652066,
                0,
                2.742771848529557e-7,
                1.0000002384185414,
                6.072223287315048e-7,
                0,
                0.19740446856587635,
                -6.494170597826782e-7,
                0.9803224366982879,
                0,
                12.399063110351562,
                0.000005722045901990214,
                -0.000015258789076710855,
                1
            ],
            "name": "Thumb_1_L"
        },
        "Thumb_1_R": {
            "children": [],
            "jointId": "Thumb_1_R",
            "matrix": [
                0.9803220033645628,
                -5.960464488641293e-8,
                -0.19740477204322812,
                0,
                -1.0948333012406053e-7,
                0.9999998211860882,
                -8.456409126694764e-7,
                0,
                0.1974047755273832,
                8.506130925239538e-7,
                0.9803220206667947,
                0,
                -12.399063110351577,
                -0.000020980834957384786,
                -0.000007629394545460855,
                1
            ],
            "name": "Thumb_1_R"
        },
        "ankle_L": {
            "children": [
                "toeBall_L"
            ],
            "jointId": "ankle_L",
            "matrix": [
                0.2395974993705749,
                0.1199171543121339,
                0.9634379744529721,
                0,
                -0.028940381831911555,
                0.9927837878659668,
                -0.11637258084414959,
                0,
                -0.9704409322721796,
                3.1651361133422373e-7,
                0.2413390263507844,
                0,
                32.95580673217773,
                -0.0000019073486328125,
                -0.000015258789066052714,
                1
            ],
            "name": "ankle_L"
        },
        "ankle_R": {
            "children": [
                "toeBall_R"
            ],
            "jointId": "ankle_R",
            "matrix": [
                0.23959717154502874,
                0.11991737782955181,
                0.9634380340576171,
                0,
                -0.02894131081257803,
                0.9927842691516902,
                -0.11637264269441777,
                0,
                -0.970441119490153,
                -6.035574512952557e-7,
                0.2413388422902491,
                0,
                -32.9557876586914,
                -0.0000019073486292597863,
                0.000007629394534802714,
                1
            ],
            "name": "ankle_R"
        },
        "bicep_A_L": {
            "children": [
                "elbow_A_L"
            ],
            "jointId": "bicep_A_L",
            "matrix": [
                0.57630330324173,
                0.7407174110412598,
                0.3452715575695038,
                0,
                0.8125009912298754,
                -0.5647312983631706,
                -0.14464180086819597,
                0,
                0.08784693710190067,
                0.3638909573882994,
                -0.9272899573404054,
                0,
                18.207466125488285,
                19.151706695556644,
                4.795227050781222,
                1
            ],
            "name": "bicep_A_L"
        },
        "bicep_A_R": {
            "children": [
                "elbow_A_R"
            ],
            "jointId": "bicep_A_R",
            "matrix": [
                0.5763032436370852,
                0.7407171726226809,
                0.3452713489532472,
                0,
                0.812500586823103,
                -0.564730998330362,
                -0.1446421066182997,
                0,
                0.08784658000308337,
                0.36389104903432845,
                -0.9272898517419821,
                0,
                -18.075740814208984,
                -18.919151306152344,
                -2.731536865234375,
                1
            ],
            "name": "bicep_A_R"
        },
        "bicep_L": {
            "children": [
                "elbow_L"
            ],
            "jointId": "bicep_L",
            "matrix": [
                0.5021225214004517,
                -0.32683470845222473,
                -0.8006575703620912,
                0,
                -0.7516255722411445,
                0.29295877449304003,
                -0.5909607810474496,
                0,
                0.4277059464405076,
                0.898528983394285,
                -0.09855607815359138,
                0,
                24.871253967285167,
                -0.000020027160646307607,
                -0.00003051757815342171,
                1
            ],
            "name": "bicep_L"
        },
        "bicep_R": {
            "children": [
                "elbow_R"
            ],
            "jointId": "bicep_R",
            "matrix": [
                0.5021224021911623,
                -0.32683467864990245,
                -0.8006578683853152,
                0,
                -0.7516254027736462,
                0.2929594652856066,
                -0.5909606139722164,
                0,
                0.4277065760581486,
                0.8985290464417156,
                -0.09855570258398019,
                0,
                -24.87126541137696,
                0.0000209808349609375,
                -0.00004577636715907829,
                1
            ],
            "name": "bicep_R"
        },
        "clavicle_L": {
            "children": [
                "bicep_A_L",
                "bicep_L"
            ],
            "jointId": "clavicle_L",
            "matrix": [
                0.013886176049709278,
                0.9221901893615726,
                0.38648694753646856,
                0,
                -0.0058193322003970566,
                -0.38644318783523796,
                0.922294859142842,
                0,
                0.9998866318184244,
                -0.01505624642351132,
                3.129243864030684e-7,
                0,
                25.526504516601562,
                3.3046317100524907,
                -7.194816589355469,
                1
            ],
            "name": "clavicle_L"
        },
        "clavicle_R": {
            "children": [
                "bicep_R",
                "bicep_A_R"
            ],
            "jointId": "clavicle_R",
            "matrix": [
                -0.0138864926993848,
                0.9221901297569278,
                -0.38648766279220587,
                0,
                0.005819312952665384,
                -0.38644380336405704,
                -0.9222945654711374,
                0,
                -0.9998866912323965,
                -0.015056529169245892,
                -1.63912774520103e-7,
                0,
                25.526504516601562,
                -3.3046302795410156,
                -7.194817543029787,
                1
            ],
            "name": "clavicle_R"
        },
        "elbow_A_L": {
            "children": [
                "wrist_A_L"
            ],
            "jointId": "elbow_A_L",
            "matrix": [
                0.6392289400100709,
                5.960464477539063e-8,
                -0.7690162658691405,
                0,
                -5.739125405468393e-8,
                0.9999995827674872,
                2.980232075011635e-8,
                0,
                0.7690162951694498,
                2.5084313376444456e-8,
                0.6392289643653519,
                0,
                29.62883758544922,
                0.00000762939453657907,
                0.0000457763671875,
                1
            ],
            "name": "elbow_A_L"
        },
        "elbow_A_R": {
            "children": [
                "wrist_A_R"
            ],
            "jointId": "elbow_A_R",
            "matrix": [
                0.6392287015914917,
                1.341104507446289e-7,
                -0.7690165638923645,
                0,
                -3.1736045945363056e-7,
                1.0000002384185325,
                -8.940695811476829e-8,
                0,
                0.7690165579432262,
                3.0120686966145227e-7,
                0.6392286966464491,
                0,
                -29.628829956054688,
                -0.000003814697267401357,
                0.00001525878903407829,
                1
            ],
            "name": "elbow_A_R"
        },
        "elbow_L": {
            "children": [
                "wrist_L"
            ],
            "jointId": "elbow_L",
            "matrix": [
                0.6815469264984132,
                2.682209014892578e-7,
                -0.7317742109298708,
                0,
                -7.156097231453273e-8,
                0.9999997615814626,
                2.9988577555581375e-7,
                0,
                0.7317741107946598,
                -1.5201976988343802e-7,
                0.6815468332361956,
                0,
                38.83213806152345,
                -0.000030517578125,
                -0.000007629394533026357,
                1
            ],
            "name": "elbow_L"
        },
        "elbow_R": {
            "children": [
                "wrist_R"
            ],
            "jointId": "elbow_R",
            "matrix": [
                0.6815473437309265,
                1.490116118829654e-7,
                -0.7317734956741332,
                0,
                -1.3864066938928943e-7,
                0.9999996423722498,
                7.450581223159003e-8,
                0,
                0.7317736211548557,
                5.067435571159962e-8,
                0.6815474605991391,
                0,
                -38.83222198486327,
                -0.000022888183579539145,
                -4.768371573149466e-7,
                1
            ],
            "name": "elbow_R"
        },
        "head": {
            "children": [
                "Jaw1_0",
                "JawTop8_0_D_L",
                "JawTop9_0_D_R"
            ],
            "jointId": "head",
            "matrix": [
                0.530583918094635,
                -8.313852027402805e-15,
                -0.847632348537445,
                0,
                9.993625451602359e-15,
                1.0000000000000002,
                -3.5527136589481662e-15,
                0,
                0.847632348537445,
                -6.58590746828289e-15,
                0.5305839180946349,
                0,
                17.821945190429716,
                0.0000019073486328124992,
                -0.0000152587890625,
                1
            ],
            "name": "head"
        },
        "innerWing_0_A_L": {
            "children": [],
            "jointId": "innerWing_0_A_L",
            "matrix": [
                1.0000001192092896,
                3.4272670740298494e-7,
                -1.4901161193847656e-7,
                0,
                -3.427267857847305e-7,
                1.0000003576278724,
                2.235174181852706e-8,
                0,
                1.4901161959901543e-7,
                -2.2351685377564046e-8,
                1.0000001192092864,
                0,
                22.959117889404297,
                -1.0957679748535227,
                28.436813354492188,
                1
            ],
            "name": "innerWing_0_A_L"
        },
        "innerWing_0_A_R": {
            "children": [],
            "jointId": "innerWing_0_A_R",
            "matrix": [
                0.9999999403953552,
                3.8370490076239383e-7,
                9.536743164617612e-7,
                0,
                -3.837034521295135e-7,
                0.9999997019767422,
                -0.0000014230608940124512,
                0,
                -9.5367503294419e-7,
                0.000001423061121885727,
                1.0000001192093326,
                0,
                -22.959167480468764,
                1.095775604248054,
                -28.43682861328125,
                1
            ],
            "name": "innerWing_0_A_R"
        },
        "knee_L": {
            "children": [
                "ankle_L"
            ],
            "jointId": "knee_L",
            "matrix": [
                0.37515795230865445,
                8.19563866910622e-8,
                -0.9269607663154604,
                0,
                1.2211370409298539e-7,
                0.9999999999999934,
                1.3783572985759385e-7,
                0,
                0.9269608382590506,
                -1.6490479584629902e-7,
                0.37515798142552476,
                0,
                46.39511871337891,
                -0.0000057220458984375,
                0.0000095367431640625,
                1
            ],
            "name": "knee_L"
        },
        "knee_R": {
            "children": [
                "ankle_R"
            ],
            "jointId": "knee_R",
            "matrix": [
                0.37515854835510254,
                4.3958425521850586e-7,
                -0.9269607067108152,
                0,
                -6.010421213509254e-7,
                1.0000002384184201,
                2.309680105436196e-7,
                0,
                0.926960460392179,
                4.7049256890474567e-7,
                0.37515844866550996,
                0,
                -46.395149230957024,
                0,
                -0.000007629394527697286,
                1
            ],
            "name": "knee_R"
        },
        "neck1": {
            "children": [
                "head"
            ],
            "jointId": "neck1",
            "matrix": [
                0.9145612716674806,
                8.881784081195967e-16,
                -0.4044475555419922,
                0,
                2.8216168444474094e-8,
                1.0000000000000004,
                6.380410866313472e-8,
                0,
                0.40444755554199224,
                -6.976472711069518e-8,
                0.9145612716674807,
                0,
                36.426513671875,
                -0.0000014305114746093752,
                0.000019073486324572286,
                1
            ],
            "name": "neck1"
        },
        "nightstalker_legarmor_model_LOD0": {
            "children": [],
            "instanceSkin": {
                "skeletons": [
                    "root"
                ],
                "skin": "skin_1",
                "sources": [
                    "nightstalker_legarmor_model_LOD0-mesh"
                ]
            },
            "matrix": [
                1,
                0,
                0,
                0,
                0,
                1,
                0,
                0,
                0,
                0,
                1,
                0,
                0,
                0,
                0,
                1
            ],
            "name": "nightstalker_legarmor_model_LOD0"
        },
        "nightstalker_model_LOD0": {
            "children": [],
            "instanceSkin": {
                "skeletons": [
                    "root"
                ],
                "skin": "skin_0",
                "sources": [
                    "nightstalker_model_LOD0-mesh"
                ]
            },
            "matrix": [
                1,
                0,
                0,
                0,
                0,
                1,
                0,
                0,
                0,
                0,
                1,
                0,
                0,
                0,
                0,
                1
            ],
            "name": "nightstalker_model_LOD0"
        },
        "nightstalker_tail_model_LOD0": {
            "children": [],
            "instanceSkin": {
                "skeletons": [
                    "root"
                ],
                "skin": "skin_2",
                "sources": [
                    "nightstalker_tail_model_LOD0-mesh"
                ]
            },
            "matrix": [
                1,
                0,
                0,
                0,
                0,
                1,
                0,
                0,
                0,
                0,
                1,
                0,
                0,
                0,
                0,
                1
            ],
            "name": "nightstalker_tail_model_LOD0"
        },
        "nightstalker_wings_model_LOD0": {
            "children": [],
            "instanceSkin": {
