{
    "animations": {},
    "asset": {},
    "attributes": {
        "attribute_1": {
            "bufferView": "bufferView_25",
            "byteOffset": 0,
            "byteStride": 12,
            "count": 2363,
            "max": [
                1,
                1,
                1
            ],
            "min": [
                0,
                0,
                0
            ],
            "type": "FLOAT_VEC3"
        },
        "attribute_10": {
            "bufferView": "bufferView_25",
            "byteOffset": 157076,
            "byteStride": 16,
            "count": 478,
            "max": [
                1,
                1,
                1
            ],
            "min": [
                0,
                0,
                0
            ],
            "type": "FLOAT_VEC4"
        },
        "attribute_11": {
            "bufferView": "bufferView_25",
            "byteOffset": 164724,
            "byteStride": 12,
            "count": 478,
            "max": [
                1,
                1,
                1
            ],
            "min": [
                0,
                0,
                0
            ],
            "type": "FLOAT_VEC3"
        },
        "attribute_13": {
            "bufferView": "bufferView_25",
            "byteOffset": 170460,
            "byteStride": 12,
            "count": 89,
            "max": [
                1,
                1,
                1
            ],
            "min": [
                0,
                0,
                0
            ],
            "type": "FLOAT_VEC3"
        },
        "attribute_14": {
            "bufferView": "bufferView_25",
            "byteOffset": 171528,
            "byteStride": 12,
            "count": 89,
            "max": [
                1,
                1,
                1
            ],
            "min": [
                0,
                0,
                0
            ],
            "type": "FLOAT_VEC3"
        },
        "attribute_15": {
            "bufferView": "bufferView_25",
            "byteOffset": 172596,
            "byteStride": 8,
            "count": 89,
            "max": [
                1,
                1,
                1
            ],
            "min": [
                0,
                0,
                0
            ],
            "type": "FLOAT_VEC2"
        },
        "attribute_16": {
            "bufferView": "bufferView_25",
            "byteOffset": 173308,
            "byteStride": 16,
            "count": 89,
            "max": [
                1,
                1,
                1
            ],
            "min": [
                0,
                0,
                0
            ],
            "type": "FLOAT_VEC4"
        },
        "attribute_17": {
            "bufferView": "bufferView_25",
            "byteOffset": 174732,
            "byteStride": 12,
            "count": 89,
            "max": [
                1,
                1,
                1
            ],
            "min": [
                0,
                0,
                0
            ],
            "type": "FLOAT_VEC3"
        },
        "attribute_19": {
            "bufferView": "bufferView_25",
            "byteOffset": 175800,
            "byteStride": 12,
            "count": 780,
            "max": [
                1,
                1,
                1
            ],
            "min": [
                0,
                0,
                0
            ],
            "type": "FLOAT_VEC3"
        },
        "attribute_2": {
            "bufferView": "bufferView_25",
            "byteOffset": 28356,
            "byteStride": 12,
            "count": 2363,
            "max": [
                1,
                1,
                1
            ],
            "min": [
                0,
                0,
                0
            ],
            "type": "FLOAT_VEC3"
        },
        "attribute_20": {
            "bufferView": "bufferView_25",
            "byteOffset": 185160,
            "byteStride": 12,
            "count": 780,
            "max": [
                1,
                1,
                1
            ],
            "min": [
                0,
                0,
                0
            ],
            "type": "FLOAT_VEC3"
        },
        "attribute_21": {
            "bufferView": "bufferView_25",
            "byteOffset": 194520,
            "byteStride": 8,
            "count": 780,
            "max": [
                1,
                1,
                1
            ],
            "min": [
                0,
                0,
                0
            ],
            "type": "FLOAT_VEC2"
        },
        "attribute_22": {
            "bufferView": "bufferView_25",
            "byteOffset": 200760,
            "byteStride": 16,
            "count": 780,
            "max": [
                1,
                1,
                1
            ],
            "min": [
                0,
                0,
                0
            ],
            "type": "FLOAT_VEC4"
        },
        "attribute_23": {
            "bufferView": "bufferView_25",
            "byteOffset": 213240,
            "byteStride": 12,
            "count": 780,
            "max": [
                1,
                1,
                1
            ],
            "min": [
                0,
                0,
                0
            ],
            "type": "FLOAT_VEC3"
        },
        "attribute_3": {
            "bufferView": "bufferView_25",
            "byteOffset": 56712,
            "byteStride": 8,
            "count": 2363,
            "max": [
                1,
                1,
                1
            ],
            "min": [
                0,
                0,
                0
            ],
            "type": "FLOAT_VEC2"
        },
        "attribute_4": {
            "bufferView": "bufferView_25",
            "byteOffset": 75616,
            "byteStride": 16,
            "count": 2363,
            "max": [
                1,
                1,
                1
            ],
            "min": [
                0,
                0,
                0
            ],
            "type": "FLOAT_VEC4"
        },
        "attribute_5": {
            "bufferView": "bufferView_25",
            "byteOffset": 113424,
            "byteStride": 12,
            "count": 2363,
            "max": [
                1,
                1,
                1
            ],
            "min": [
                0,
                0,
                0
            ],
            "type": "FLOAT_VEC3"
        },
        "attribute_7": {
            "bufferView": "bufferView_25",
            "byteOffset": 141780,
            "byteStride": 12,
            "count": 478,
            "max": [
                1,
                1,
                1
            ],
            "min": [
                0,
                0,
                0
            ],
            "type": "FLOAT_VEC3"
        },
        "attribute_8": {
            "bufferView": "bufferView_25",
            "byteOffset": 147516,
            "byteStride": 12,
            "count": 478,
            "max": [
                1,
                1,
                1
            ],
            "min": [
                0,
                0,
                0
            ],
            "type": "FLOAT_VEC3"
        },
        "attribute_9": {
            "bufferView": "bufferView_25",
            "byteOffset": 153252,
            "byteStride": 8,
            "count": 478,
            "max": [
                1,
                1,
                1
            ],
            "min": [
                0,
                0,
                0
            ],
            "type": "FLOAT_VEC2"
        }
    },
    "bufferViews": {
        "bufferView_25": {
            "buffer": "nightstalker.bin",
            "byteLength": 222600,
            "byteOffset": 0,
            "target": "ARRAY_BUFFER"
        },
        "bufferView_26": {
            "buffer": "nightstalker.bin",
            "byteLength": 41796,
            "byteOffset": 222600,
            "target": "ELEMENT_ARRAY_BUFFER"
        }
    },
    "buffers": {
        "nightstalker.bin": {
            "byteLength": 264396,
            "path": "nightstalker.bin"
        }
    },
    "cameras": {},
    "images": {
        "image_0": {
            "path": "textures/nightstalker_base_color.png"
        },
        "image_1": {
            "path": "textures/nightstalker_legarmour_color.png"
        },
        "image_2": {
            "path": "textures/nightstalker_tail_color.png"
        },
        "image_3": {
            "path": "textures/nightstalker_wings_color.png"
        }
    },
    "indices": {
        "indices_12": {
            "bufferView": "bufferView_26",
            "byteOffset": 27888,
            "count": 2520,
            "type": "UNSIGNED_SHORT"
        },
        "indices_18": {
            "bufferView": "bufferView_26",
            "byteOffset": 32928,
            "count": 504,
            "type": "UNSIGNED_SHORT"
        },
        "indices_24": {
            "bufferView": "bufferView_26",
            "byteOffset": 33936,
            "count": 3930,
            "type": "UNSIGNED_SHORT"
        },
        "indices_6": {
            "bufferView": "bufferView_26",
            "byteOffset": 0,
            "count": 13944,
            "type": "UNSIGNED_SHORT"
        }
    },
    "lights": {},
    "materials": {
        "Material #35": {
            "instanceTechnique": {
                "technique": "technique_0",
                "values": [
                    {
                        "parameter": "ambient",
                        "value": [
                            0.5879999995231628,
                            0.5879999995231628,
                            0.5879999995231628
                        ]
                    },
                    {
                        "parameter": "emission",
                        "value": [
                            0,
                            0,
                            0
                        ]
                    },
                    {
                        "parameter": "diffuse",
                        "value": "Map #5"
                    },
                    {
                        "parameter": "shininess",
                        "value": 2
                    },
                    {
                        "parameter": "specular",
                        "value": [
                            0.8999999761581421,
                            0.8999999761581421,
                            0.8999999761581421
                        ]
                    }
                ]
            },
            "name": "Material #35"
        },
        "Material #46": {
            "instanceTechnique": {
                "technique": "technique_0",
                "values": [
                    {
                        "parameter": "ambient",
                        "value": [
                            0.5879999995231628,
                            0.5879999995231628,
                            0.5879999995231628
                        ]
                    },
                    {
                        "parameter": "emission",
                        "value": [
                            0,
                            0,
                            0
                        ]
                    },
                    {
                        "parameter": "diffuse",
                        "value": "Map #6"
                    },
                    {
                        "parameter": "shininess",
                        "value": 2
                    },
                    {
                        "parameter": "specular",
                        "value": [
                            0.8999999761581421,
                            0.8999999761581421,
                            0.8999999761581421
                        ]
                    }
                ]
            },
            "name": "Material #46"
        },
        "Material #57": {
            "instanceTechnique": {
                "technique": "technique_0",
                "values": [
                    {
                        "parameter": "ambient",
                        "value": [
                            0.5879999995231628,
                            0.5879999995231628,
                            0.5879999995231628
                        ]
                    },
                    {
                        "parameter": "emission",
                        "value": [
                            0,
                            0,
                            0
                        ]
                    },
                    {
                        "parameter": "diffuse",
                        "value": "Map #7"
                    },
                    {
                        "parameter": "shininess",
                        "value": 2
                    },
                    {
                        "parameter": "specular",
                        "value": [
                            0.8999999761581421,
                            0.8999999761581421,
                            0.8999999761581421
                        ]
                    }
                ]
            },
            "name": "Material #57"
        },
        "Material #68": {
            "instanceTechnique": {
                "technique": "technique_0",
                "values": [
                    {
                        "parameter": "ambient",
                        "value": [
                            0.5879999995231628,
                            0.5879999995231628,
                            0.5879999995231628
                        ]
                    },
                    {
                        "parameter": "emission",
                        "value": [
                            0,
                            0,
                            0
                        ]
                    },
                    {
                        "parameter": "diffuse",
                        "value": "Map #8"
                    },
                    {
                        "parameter": "shininess",
                        "value": 2
                    },
                    {
                        "parameter": "specular",
                        "value": [
                            0.8999999761581421,
                            0.8999999761581421,
                            0.8999999761581421
                        ]
                    }
                ]
            },
            "name": "Material #68"
        }
    },
    "meshes": {
        "nightstalker_legarmor_model_LOD0-mesh": {
            "name": "nightstalker_legarmor_model_LOD0-mesh",
            "primitives": [
                {
                    "indices": "indices_12",
                    "material": "Material #46",
                    "semantics": {
                        "JOINT": "attribute_10",
                        "NORMAL": "attribute_8",
                        "POSITION": "attribute_7",
                        "TEXCOORD_0": "attribute_9",
                        "WEIGHT": "attribute_11"
                    },
                    "skin": "skin_1"
                }
            ]
        },
        "nightstalker_model_LOD0-mesh": {
            "name": "nightstalker_model_LOD0-mesh",
            "primitives": [
                {
                    "indices": "indices_6",
                    "material": "Material #35",
                    "semantics": {
                        "JOINT": "attribute_4",
                        "NORMAL": "attribute_2",
                        "POSITION": "attribute_1",
                        "TEXCOORD_0": "attribute_3",
                        "WEIGHT": "attribute_5"
                    },
                    "skin": "skin_0"
                }
            ]
        },
        "nightstalker_tail_model_LOD0-mesh": {
            "name": "nightstalker_tail_model_LOD0-mesh",
            "primitives": [
                {
                    "indices": "indices_18",
                    "material": "Material #57",
                    "semantics": {
                        "JOINT": "attribute_16",
                        "NORMAL": "attribute_14",
                        "POSITION": "attribute_13",
                        "TEXCOORD_0": "attribute_15",
                        "WEIGHT": "attribute_17"
                    },
                    "skin": "skin_2"
                }
            ]
        },
        "nightstalker_wings_model_LOD0-mesh": {
            "name": "nightstalker_wings_model_LOD0-mesh",
            "primitives": [
                {
                    "indices": "indices_24",
                    "material": "Material #68",
                    "semantics": {
                        "JOINT": "attribute_22",
                        "NORMAL": "attribute_20",
                        "POSITION": "attribute_19",
                        "TEXCOORD_0": "attribute_21",
                        "WEIGHT": "attribute_23"
                    },
                    "skin": "skin_3"
                }
            ]
        }
    },
    "nodes": {
        "Index_0_L": {
            "children": [
                "Index_1_L"
            ],
            "matrix": [
                0.8812621831893925,
                0.41752687096595764,
                0.22146639227867143,
                0,
                -0.24733625409477844,
                0.008119949083785282,
                0.9688954975258353,
                0,
                0.4027418595101979,
                -0.9086281932519639,
                0.11042540484182883,
                0,
                17.945690155029297,
                3.1461334228515625,
                2.3006677627563406,
                1
            ],
            "name": "Index_0_L"
        },
        "Index_0_R": {
            "children": [
                "Index_1_R"
            ],
            "matrix": [
                0.8812627792358395,
                0.41752672195434554,
                0.221466451883316,
                0,
                -0.24733584221135518,
                0.008119097945963782,
                0.9688958735577079,
                0,
                0.40274182705952066,
                -0.9086284997858018,
                0.11042438686719144,
                0,
                -17.94567489624025,
                -3.1461334228515483,
                -2.3006734848022443,
                1
            ],
            "name": "Index_0_R"
        },
        "Index_1_L": {
            "children": [],
            "matrix": [
                0.8968642354011536,
                4.470348357807352e-7,
                -0.44230613112449646,
                0,
                -9.379892875610585e-8,
                1.0000002384185744,
                8.204951555904755e-7,
                0,
                0.4423060546840014,
                -6.94384633254802e-7,
                0.8968640804020441,
                0,
                13.906005859374979,
                0.000019073486324572286,
                -0.000022888183579539145,
                1
            ],
            "name": "Index_1_L"
        },
        "Index_1_R": {
            "children": [],
            "matrix": [
                0.8968637585639954,
                3.725290297768025e-8,
                -0.4423066079616547,
                0,
                -5.031340394034967e-7,
                0.9999999403953219,
                -9.359791994581479e-7,
                0,
                0.4423065843170869,
                0.000001061985339792515,
                0.8968637106200672,
                0,
                -13.906002044677741,
                0.0000019073486292597863,
                0.0000152587890625,
                1
            ],
            "name": "Index_1_R"
        },
        "Jaw1_0": {
            "children": [],
            "matrix": [
                0.9999999999999998,
                5.897002714305542e-15,
                2.6469779601696886e-23,
                0,
                -5.89700271154086e-15,
                1,
                5.6653782110061e-8,
                0,
                2.9116757561866574e-22,
                -5.665378211006099e-8,
                0.9999999999999998,
                0,
                5.810548782348633,
                0.0000019073486328125,
                -4.83349609375,
                1
            ],
            "name": "Jaw1_0"
        },
        "JawTop8_0_D_L": {
            "children": [],
            "matrix": [
                -2.821299744325029e-7,
                1,
                1.9852334701272664e-23,
                0,
                -0.9999999999999998,
                -2.821299744325029e-7,
                0,
                0,
                0,
                -6.617444900424222e-24,
                0.9999999999999999,
                0,
                11.195377349853512,
                4.976528167724608,
                0.1827392578125,
                1
            ],
            "name": "JawTop8_0_D_L"
        },
        "JawTop9_0_D_R": {
            "children": [],
            "matrix": [
                -2.821299744325029e-7,
                1,
                1.9852334701272664e-23,
                0,
                -0.9999999999999998,
                -2.821299744325029e-7,
                0,
                0,
                0,
                -6.617444900424222e-24,
                0.9999999999999999,
                0,
                11.195377349853516,
                -4.976524353027343,
                0.1827392578125,
                1
            ],
            "name": "JawTop9_0_D_R"
        },
        "Thumb_0_L": {
            "children": [
                "Thumb_1_L"
            ],
            "matrix": [
                0.833948612213135,
                0.515756666660309,
                -0.1962747424840927,
                0,
                0.2838028062960125,
                -0.09580959469869782,
                0.9540836323963279,
                0,
                0.47327029713664326,
                -0.8513605956201038,
                -0.2262736145368152,
                0,
                17.681255340576172,
                4.028350830078125,
                -6.12869167327881,
                1
            ],
            "name": "Thumb_0_L"
        },
        "Thumb_0_R": {
            "children": [
                "Thumb_1_R"
            ],
            "matrix": [
                0.8339492678642271,
                0.5157567262649535,
                -0.1962752640247345,
                0,
                0.2838039010973486,
                -0.09581067784717948,
                0.9540838216162554,
                0,
                0.4732698244673253,
                -0.851361086051473,
                -0.22627498791151146,
                0,
                -17.681205749511726,
                -4.0283660888671875,
                6.128701210021976,
                1
            ],
            "name": "Thumb_0_R"
        },
        "Thumb_1_L": {
            "children": [],
            "matrix": [
                0.980322241783142,
                -1.4901161193847656e-7,
                -0.1974044293165205,
                0,
                2.7427718479744456e-7,
                1.0000002384185414,
                6.072223287037493e-7,
                0,
                0.19740446856587643,
                -6.494170598642102e-7,
                0.9803224366982879,
                0,
                12.399063110351562,
                0.000005722045891332073,
                -0.0000152587890625,
                1
            ],
            "name": "Thumb_1_L"
        },
        "Thumb_1_R": {
            "children": [],
            "matrix": [
                0.9803220033645628,
                -5.960464483090178e-8,
                -0.19740477204322823,
                0,
                -1.0948333001303823e-7,
                0.999999821186088,
                -8.456409126555986e-7,
                0,
                0.19740477552738311,
                8.506130924493607e-7,
                0.9803220206667946,
                0,
                -12.399063110351577,
                -0.000020980834964490214,
                -0.00000762939453125,
                1
            ],
            "name": "Thumb_1_R"
        },
        "ankle_L": {
            "children": [
                "toeBall_L"
            ],
            "matrix": [
                0.23959749937057495,
                0.1199171543121339,
                0.9634379744529721,
                0,
                -0.028940381831911582,
                0.9927837878659668,
                -0.11637258084414964,
                0,
                -0.9704409322721799,
                3.1651361129259037e-7,
                0.24133902635078447,
                0,
                32.95580673217773,
                -0.0000019073486328125,
                -0.000015258789066052714,
                1
            ],
            "name": "ankle_L"
        },
        "ankle_R": {
            "children": [
                "toeBall_R"
            ],
            "matrix": [
                0.23959717154502874,
                0.11991737782955181,
                0.9634380340576171,
                0,
                -0.02894131081257803,
                0.9927842691516902,
                -0.11637264269441777,
                0,
                -0.970441119490153,
                -6.035574512952557e-7,
                0.2413388422902491,
                0,
                -32.9557876586914,
                -0.0000019073486292597863,
                0.000007629394534802714,
                1
            ],
            "name": "ankle_R"
        },
        "bicep_A_L": {
            "children": [
                "elbow_A_L"
            ],
            "matrix": [
                0.5763033032417298,
                0.7407174110412598,
                0.3452715575695037,
                0,
                0.8125009912298753,
                -0.5647312983631706,
                -0.1446418008681959,
                0,
                0.08784693710190063,
                0.36389095738829935,
                -0.9272899573404054,
                0,
                18.20746612548828,
                19.15170669555664,
                4.795227050781222,
                1
            ],
            "name": "bicep_A_L"
        },
        "bicep_A_R": {
            "children": [
                "elbow_A_R"
            ],
            "matrix": [
                0.576303243637085,
                0.7407171726226806,
                0.34527134895324696,
                0,
                0.8125005868231027,
                -0.5647309983303618,
                -0.14464210661829968,
                0,
                0.08784658000308332,
                0.36389104903432834,
                -0.9272898517419818,
                0,
                -18.075740814208984,
                -18.919151306152347,
                -2.731536865234375,
                1
            ],
            "name": "bicep_A_R"
        },
        "bicep_L": {
            "children": [
                "elbow_L"
            ],
            "matrix": [
                0.5021225214004518,
                -0.3268347084522248,
                -0.8006575703620912,
                0,
                -0.7516255722411442,
                0.2929587744930399,
                -0.5909607810474493,
                0,
                0.42770594644050747,
                0.898528983394285,
                -0.0985560781535913,
                0,
                24.87125396728516,
                -0.000020027160646307607,
                -0.00003051757815342171,
                1
            ],
            "name": "bicep_L"
        },
        "bicep_R": {
            "children": [
                "elbow_R"
            ],
            "matrix": [
                0.5021224021911621,
                -0.32683467864990234,
                -0.800657868385315,
                0,
                -0.7516254027736462,
                0.2929594652856066,
                -0.5909606139722162,
                0,
                0.4277065760581484,
                0.8985290464417154,
                -0.09855570258398022,
                0,
                -24.871265411376953,
                0.0000209808349609375,
                -0.00004577636715907829,
                1
            ],
            "name": "bicep_R"
        },
        "clavicle_L": {
            "children": [
                "bicep_A_L",
                "bicep_L"
            ],
            "matrix": [
                0.013886176049709285,
                0.9221901893615726,
                0.3864869475364685,
                0,
                -0.0058193322003970566,
                -0.38644318783523796,
                0.922294859142842,
                0,
                0.9998866318184243,
                -0.01505624642351132,
                3.129243864030684e-7,
                0,
                25.526504516601562,
                3.3046317100524907,
                -7.194816589355469,
                1
            ],
            "name": "clavicle_L"
        },
        "clavicle_R": {
            "children": [
                "bicep_R",
                "bicep_A_R"
            ],
            "matrix": [
                -0.01388649269938478,
                0.9221901297569278,
                -0.3864876627922059,
                0,
                0.005819312952665384,
                -0.38644380336405704,
                -0.9222945654711374,
                0,
                -0.9998866912323965,
                -0.015056529169245892,
                -1.6391277454785858e-7,
                0,
                25.526504516601562,
                -3.3046302795410156,
                -7.194817543029787,
                1
            ],
            "name": "clavicle_R"
        },
        "elbow_A_L": {
            "children": [
                "wrist_A_L"
            ],
            "matrix": [
                0.6392289400100709,
                5.960464477539063e-8,
                -0.7690162658691403,
                0,
                -5.739125404080614e-8,
                0.999999582767487,
                2.9802320722360776e-8,
                0,
                0.7690162951694497,
                2.5084313369505562e-8,
                0.6392289643653519,
                0,
                29.62883758544922,
                0.000007629394533026357,
                0.0000457763671875,
                1
            ],
            "name": "elbow_A_L"
        },
        "elbow_A_R": {
            "children": [
                "wrist_A_R"
            ],
            "matrix": [
                0.6392287015914916,
                1.3411045080014006e-7,
                -0.7690165638923643,
                0,
                -3.1736045945363056e-7,
                1.0000002384185325,
                -8.940695814252386e-8,
                0,
                0.7690165579432262,
                3.012068697065551e-7,
                0.6392286966464493,
                0,
                -29.628829956054688,
                -0.0000038146972620722863,
                0.00001525878903407829,
                1
            ],
            "name": "elbow_A_R"
        },
        "elbow_L": {
            "children": [
                "wrist_L"
            ],
            "matrix": [
                0.6815469264984131,
                2.6822090143374666e-7,
                -0.7317742109298705,
                0,
                -7.156097242555504e-8,
                0.9999997615814624,
                2.9988577554887486e-7,
                0,
                0.7317741107946598,
                -1.5201976999446032e-7,
                0.6815468332361954,
                0,
                38.83213806152344,
                -0.00003051757815342171,
                -0.000007629394532138178,
                1
            ],
            "name": "elbow_L"
        },
        "elbow_R": {
            "children": [
                "wrist_R"
            ],
            "matrix": [
                0.6815473437309266,
                1.490116118829654e-7,
                -0.7317734956741333,
                0,
                -1.3864066944480058e-7,
                0.9999996423722503,
                7.450581223852892e-8,
                0,
                0.7317736211548558,
                5.067435576711077e-8,
                0.6815474605991392,
                0,
                -38.832221984863295,
                -0.000022888183579539145,
                -4.768371590913034e-7,
                1
            ],
            "name": "elbow_R"
        },
        "head": {
            "children": [
                "Jaw1_0",
                "JawTop8_0_D_L",
                "JawTop9_0_D_R"
            ],
            "matrix": [
                0.530583918094635,
                -8.313852032894819e-15,
                -0.8476323485374451,
                0,
                9.993625451602359e-15,
                1.0000000000000002,
                -3.5527136258609417e-15,
                0,
                0.8476323485374448,
                -6.58590746828289e-15,
                0.5305839180946348,
                0,
                17.821945190429688,
                0.0000019073486328124992,
                -0.0000152587890625,
                1
            ],
            "name": "head"
        },
        "innerWing_0_A_L": {
            "children": [],
            "matrix": [
                1.0000001192092896,
                3.4272670727114596e-7,
                -1.4901161182745426e-7,
                0,
                -3.4272678582636384e-7,
                1.0000003576278724,
                2.2351741804649272e-8,
                0,
                1.4901161959901543e-7,
                -2.2351685335930682e-8,
                1.0000001192092864,
                0,
                22.959117889404304,
                -1.0957679748535156,
                28.436813354492188,
                1
            ],
            "name": "innerWing_0_A_L"
        },
        "innerWing_0_A_R": {
            "children": [],
            "matrix": [
                0.999999940395355,
                3.83704900817905e-7,
                9.5367431640625e-7,
                0,
                -3.837034520531857e-7,
                0.9999997019767422,
                -0.000001423060894026329,
                0,
                -9.5367503294419e-7,
                0.0000014230611218024602,
                1.0000001192093322,
                0,
                -22.959167480468764,
                1.0957756042480398,
                -28.43682861328122,
                1
            ],
            "name": "innerWing_0_A_R"
        },
        "knee_L": {
            "children": [
                "ankle_L"
            ],
            "matrix": [
                0.37515795230865445,
                8.19563866910622e-8,
                -0.9269607663154604,
                0,
                1.2211370409298539e-7,
                0.9999999999999934,
                1.3783572985759385e-7,
                0,
                0.9269608382590506,
                -1.6490479584629902e-7,
                0.37515798142552476,
                0,
                46.39511871337891,
                -0.0000057220458984375,
                0.0000095367431640625,
                1
            ],
            "name": "knee_L"
        },
        "knee_R": {
            "children": [
                "ankle_R"
            ],
            "matrix": [
                0.37515854835510254,
                4.3958425521850586e-7,
                -0.9269607067108152,
                0,
                -6.010421213509254e-7,
                1.0000002384184201,
                2.309680105436196e-7,
                0,
                0.926960460392179,
                4.7049256890474567e-7,
                0.37515844866550996,
                0,
                -46.395149230957024,
                0,
                -0.000007629394527697286,
                1
            ],
            "name": "knee_R"
        },
        "neck1": {
            "children": [
                "head"
            ],
            "matrix": [
                0.9145612716674806,
                8.881784081195967e-16,
                -0.4044475555419922,
                0,
                2.8216168444474087e-8,
                1.0000000000000004,
                6.380410866313472e-8,
                0,
                0.40444755554199235,
                -6.97647271106952e-8,
                0.9145612716674806,
                0,
                36.426513671875,
                -0.0000014305114746093752,
                0.000019073486324572286,
                1
            ],
            "name": "neck1"
        },
        "nightstalker_legarmor_model_LOD0": {
            "children": [],
            "matrix": [
                1,
                0,
                0,
                0,
                0,
                1,
                0,
                0,
                0,
                0,
                1,
                0,
                0,
                0,
                0,
                1
            ],
            "meshes": [
                "nightstalker_legarmor_model_LOD0-mesh"
            ],
            "name": "nightstalker_legarmor_model_LOD0"
        },
        "nightstalker_model_LOD0": {
            "children": [],
            "matrix": [
                1,
                0,
                0,
                0,
                0,
                1,
                0,
                0,
                0,
                0,
                1,
                0,
                0,
                0,
                0,
                1
            ],
            "meshes": [
                "nightstalker_model_LOD0-mesh"
            ],
            "name": "nightstalker_model_LOD0"
        },
        "nightstalker_tail_model_LOD0": {
            "children": [],
            "matrix": [
                1,
                0,
                0,
                0,
                0,
                1,
                0,
                0,
                0,
                0,
                1,
                0,
                0,
                0,
                0,
                1
            ],
            "meshes": [
                "nightstalker_tail_model_LOD0-mesh"
            ],
            "name": "nightstalker_tail_model_LOD0"
        },
        "nightstalker_wings_model_LOD0": {
            "children": [],
            "matrix": [
                1,
                0,
                0,
                0,
                0,
                1,
                0,
                0,
                0,
                0,
                1,
                0,
                0,
                0,
                0,
                1
            ],
            "meshes": [
                "nightstalker_wings_model_LOD0-mesh"
            ],
            "name": "nightstalker_wings_model_LOD0"
        },
        "outerWing_0_A_L": {
            "children": [],
            "matrix": [
                1.0000001192092896,
                3.4272670727114596e-7,
                -1.4901161182745426e-7,
                0,
                -3.4272678582636384e-7,
                1.0000003576278724,
                2.2351741804649272e-8,
                0,
                1.4901161959901543e-7,
                -2.2351685335930682e-8,
                1.0000001192092864,
                0,
                42.54990386962891,
                -5.755779266357422,
                -8.017349243164062,
                1
