{
    "accessors": [
        {
            "bufferView": 0,
            "byteOffset": 0,
            "componentType": 5126,
            "count": 3031,
            "max": [
                76.69807434082031,
                23.773883819580078,
                206.6387939453125
            ],
            "min": [
                -76.69808197021484,
                -49.33738708496094,
                -0.4115157723426819
            ],
            "type": "VEC3"
        },
        {
            "bufferView": 0,
            "byteOffset": 36372,
            "componentType": 5126,
            "count": 3031,
            "max": [
                0.9997965097427368,
                0.9994135499000549,
                0.9950999021530151
            ],
            "min": [
                -0.9997965693473816,
                -0.9995924234390259,
                -0.9952024817466736
            ],
            "type": "VEC3"
        },
        {
            "bufferView": 0,
            "byteOffset": 72744,
            "componentType": 5126,
            "count": 3031,
            "max": [
                2.480729103088379,
                0.9933509826660156
            ],
            "min": [
                0.0033110000658780336,
                0.005101978778839111
            ],
            "type": "VEC2"
        },
        {
            "bufferView": 0,
            "byteOffset": 96992,
            "componentType": 5123,
            "count": 3031,
            "max": [
                43,
                43,
                43,
                0
            ],
            "min": [
                0,
                0,
                0,
                0
            ],
            "type": "VEC4"
        },
        {
            "bufferView": 0,
            "byteOffset": 121240,
            "componentType": 5126,
            "count": 3031,
            "max": [
                1,
                0.9998971223831177,
                0.9997758269309998,
                0
            ],
            "min": [
                0.00010087331611430272,
                0,
                0,
                0
            ],
            "type": "VEC4"
        },
        {
            "bufferView": 2,
            "byteOffset": 0,
            "componentType": 5123,
            "count": 13944,
            "max": [
                3030
            ],
            "min": [
                0
            ],
            "type": "SCALAR"
        },
        {
            "bufferView": 1,
            "byteOffset": 0,
            "componentType": 5126,
            "count": 44,
            "max": [
                0.9999999999999649,
                0.9999999999999888,
                0.7635569350433317,
                0,
                0.9571462407771638,
                0.9999999999999671,
                0.9999522417261275,
                0,
                0.9999522417352713,
                0.6267027683873034,
                1,
                0,
                179.1447622200726,
                117.94463549062999,
                154.81841480440315,
                1
            ],
            "min": [
                -0.49265424590985096,
                -0.8702256681835723,
                -0.045650543607060806,
                0,
                -0.9999999999999883,
                -0.9137208426732176,
                -0.9978117645549882,
                0,
                -0.9771678160332099,
                -0.6267026349028267,
                -1.0000001192092058,
                0,
                -181.15659625377447,
                -117.94468384037218,
                -181.78132739868178,
                1
            ],
            "type": "MAT4"
        },
        {
            "bufferView": 0,
            "byteOffset": 169736,
            "componentType": 5126,
            "count": 549,
            "max": [
                37.573204040527344,
                36.680301666259766,
                126.48041534423828
            ],
            "min": [
                -37.573204040527344,
                -36.891117095947266,
                40.326988220214844
            ],
            "type": "VEC3"
        },
        {
            "bufferView": 0,
            "byteOffset": 176324,
            "componentType": 5126,
            "count": 549,
            "max": [
                0.9900048971176147,
                0.9930262565612793,
                0.9916298985481262
            ],
            "min": [
                -0.9900047779083252,
                -0.9332365393638611,
                -0.9985737204551697
            ],
            "type": "VEC3"
        },
        {
            "bufferView": 0,
            "byteOffset": 182912,
            "componentType": 5126,
            "count": 549,
            "max": [
                0.9703580141067505,
                0.985164999961853
            ],
            "min": [
                0.012484000064432621,
                0.01999002695083618
            ],
            "type": "VEC2"
        },
        {
            "bufferView": 0,
            "byteOffset": 187304,
            "componentType": 5123,
            "count": 549,
            "max": [
                7,
                7,
                7,
                0
            ],
            "min": [
                0,
                0,
                0,
                0
            ],
            "type": "VEC4"
        },
        {
            "bufferView": 0,
            "byteOffset": 191696,
            "componentType": 5126,
            "count": 549,
            "max": [
                1,
                0.9998801946640015,
                0.9926877021789551,
                0
            ],
            "min": [
                0.00011981757415924221,
                0,
                0,
                0
            ],
            "type": "VEC4"
        },
        {
            "bufferView": 2,
            "byteOffset": 27888,
            "componentType": 5123,
            "count": 2520,
            "max": [
                548
            ],
            "min": [
                0
            ],
            "type": "SCALAR"
        },
        {
            "bufferView": 1,
            "byteOffset": 2816,
            "componentType": 5126,
            "count": 8,
            "max": [
                0.23577166167906835,
                0.9999999999999998,
                0.2799884312900344,
                0,
                0.782138649591334,
                0.2219123204448041,
                0.9999522417352713,
                0,
                0.9999522417352713,
                0.18210381378577814,
                1,
                0,
                92.00405546161103,
                30.57620220134517,
                81.84995804412549,
                1
            ],
            "min": [
                -0.06335082461616172,
                0.9579107525781758,
                -8.742379001992388e-8,
                0,
                -0.9999999999999732,
                -0.221912269066516,
                -0.943447258298567,
                0,
                -0.9400795926954902,
                -0.18210367994662266,
                -0.763277464740278,
                0,
                -129.35913229763457,
                -30.576204872110647,
                -107.26469421386719,
                1
            ],
            "type": "MAT4"
        },
        {
            "bufferView": 0,
            "byteOffset": 200480,
            "componentType": 5126,
            "count": 110,
            "max": [
                10.848600387573242,
                112.79139709472656,
                109.3590316772461
            ],
            "min": [
                -10.848600387573242,
                12.207193374633789,
                44.32869338989258
            ],
            "type": "VEC3"
        },
        {
            "bufferView": 0,
            "byteOffset": 201800,
            "componentType": 5126,
            "count": 110,
            "max": [
                0.9939667582511902,
                0.9214209318161011,
                0.9985758662223816
            ],
            "min": [
                -0.9939666986465454,
                -0.820225715637207,
                -0.993916928768158
            ],
            "type": "VEC3"
        },
        {
            "bufferView": 0,
            "byteOffset": 203120,
            "componentType": 5126,
            "count": 110,
            "max": [
                0.993490993976593,
                0.9811859726905823
            ],
            "min": [
                0.012817000038921833,
                0.018248021602630615
            ],
            "type": "VEC2"
        },
        {
            "bufferView": 0,
            "byteOffset": 204000,
            "componentType": 5123,
            "count": 110,
            "max": [
                4,
                4,
                4,
                0
            ],
            "min": [
                0,
                0,
                0,
                0
            ],
            "type": "VEC4"
        },
        {
            "bufferView": 0,
            "byteOffset": 204880,
            "componentType": 5126,
            "count": 110,
            "max": [
                1,
                0.9997926354408264,
                0.9941068887710571,
                0
            ],
            "min": [
                0.00020130859047640115,
                0,
                0,
                0
            ],
            "type": "VEC4"
        },
        {
            "bufferView": 2,
            "byteOffset": 32928,
            "componentType": 5123,
            "count": 504,
            "max": [
                109
            ],
            "min": [
                0
            ],
            "type": "SCALAR"
        },
        {
            "bufferView": 1,
            "byteOffset": 3328,
            "componentType": 5126,
            "count": 5,
            "max": [
                1.6292068478213135e-7,
                0.9999999999999732,
                1.2973016160242117e-7,
                0,
                0.9781587835099488,
                2.957217590387491e-7,
                6.123232998135289e-17,
                0,
                6.123233995736603e-17,
                6.123232998135209e-17,
                1,
                0,
                58.592704808897885,
                0.0000370778941887596,
                84.09475994998044,
                1
            ],
            "min": [
                -2.8682070830546665e-7,
                0.9999999999997589,
                -4.79828419883366e-7,
                0,
                -0.9999999999999732,
                3.25858190829731e-9,
                -0.699472990479103,
                0,
                -0.699472990479084,
                -4.912349140908346e-7,
                -0.9781587835097243,
                0,
                -76.09021765095558,
                1.4418244788963592e-7,
                -107.26469421386719,
                1
            ],
            "type": "MAT4"
        },
        {
            "bufferView": 0,
            "byteOffset": 206640,
            "componentType": 5126,
            "count": 837,
            "max": [
                140.11834716796875,
                95.00189971923828,
                261.888916015625
            ],
            "min": [
                -140.118408203125,
                2.8138434886932373,
                76.65364837646484
            ],
            "type": "VEC3"
        },
        {
            "bufferView": 0,
            "byteOffset": 216684,
            "componentType": 5126,
            "count": 837,
            "max": [
                0.998763918876648,
                0.9982466697692871,
                0.9853984713554382
            ],
            "min": [
                -0.998763918876648,
                -0.9997156858444214,
                -0.976337194442749
            ],
            "type": "VEC3"
        },
        {
            "bufferView": 0,
            "byteOffset": 226728,
            "componentType": 5126,
            "count": 837,
            "max": [
                0.9760169982910156,
                0.9944779872894287
            ],
            "min": [
                0.01331700012087822,
                0.006682991981506348
            ],
            "type": "VEC2"
        },
        {
            "bufferView": 0,
            "byteOffset": 233424,
            "componentType": 5123,
            "count": 837,
            "max": [
                11,
                12,
                12,
                0
            ],
            "min": [
                0,
                0,
                0,
                0
            ],
            "type": "VEC4"
        },
        {
            "bufferView": 0,
            "byteOffset": 240120,
            "componentType": 5126,
            "count": 837,
            "max": [
                1,
                0.9998958706855774,
                0.9993487596511841,
                0
            ],
            "min": [
                0.00010015428415499628,
                0,
                0,
                0
            ],
            "type": "VEC4"
        },
        {
            "bufferView": 2,
            "byteOffset": 33936,
            "componentType": 5123,
            "count": 3930,
            "max": [
                836
            ],
            "min": [
                0
            ],
            "type": "SCALAR"
        },
        {
            "bufferView": 1,
            "byteOffset": 3648,
            "componentType": 5126,
            "count": 13,
            "max": [
                0.9221904198021365,
                0.9999999999999732,
                0.1553967371777814,
                0,
                0.8469613347166342,
                0.9137209622622265,
                0.9696529112363158,
                0,
                0.9692013194069667,
                0.15818883117237753,
                1,
                0,
                179.1447977366797,
                53.81866608886193,
                243.0607846854703,
                1
            ],
            "min": [
                1.6292068478213135e-7,
                -0.38644373563634477,
                -0.36073637484643123,
                0,
                -0.9999999999999732,
                -0.9137207669019498,
                -0.9696530263010613,
                0,
                -0.9692014573420887,
                -0.15818872222236657,
                -0.989692895030458,
                0,
                -181.1565154183556,
                -53.61228520118386,
                -241.136516443983,
                1
            ],
            "type": "MAT4"
        }
    ],
    "asset": {
        "generator": "ClayGL - fbx2gltf",
        "version": "2.0"
    },
    "bufferViews": [
        {
            "buffer": 0,
            "byteLength": 253512,
            "byteOffset": 0,
            "target": 34962
        },
        {
            "buffer": 0,
            "byteLength": 4480,
            "byteOffset": 253512,
            "target": 34962
        },
        {
            "buffer": 0,
            "byteLength": 41796,
            "byteOffset": 257992,
            "target": 34963
        }
    ],
    "buffers": [
        {
            "byteLength": 299788,
            "uri": "nightstalker.bin"
        }
    ],
    "images": [
        {
            "uri": "textures/nightstalker_base_color.png"
        },
        {
            "uri": "textures/nightstalker_legarmour_color.png"
        },
        {
            "uri": "textures/nightstalker_tail_color.png"
        },
        {
            "uri": "textures/nightstalker_wings_color.png"
        }
    ],
    "materials": [
        {
            "emissiveFactor": [
                0,
                0,
                0
            ],
            "name": "Material #35",
            "pbrMetallicRoughness": {
                "baseColorFactor": [
                    1,
                    1,
                    1,
                    1
                ],
                "baseColorTexture": {
                    "index": 0,
                    "texCoord": 0
                },
                "metallicFactor": 0,
                "roughnessFactor": 0.9230769230769231
            }
        },
        {
            "emissiveFactor": [
                0,
                0,
                0
            ],
            "name": "Material #46",
            "pbrMetallicRoughness": {
                "baseColorFactor": [
                    1,
                    1,
                    1,
                    1
                ],
                "baseColorTexture": {
                    "index": 1,
                    "texCoord": 0
                },
                "metallicFactor": 0,
                "roughnessFactor": 0.9230769230769231
            }
        },
        {
            "emissiveFactor": [
                0,
                0,
                0
            ],
            "name": "Material #57",
            "pbrMetallicRoughness": {
                "baseColorFactor": [
                    1,
                    1,
                    1,
                    1
                ],
                "baseColorTexture": {
                    "index": 2,
                    "texCoord": 0
                },
                "metallicFactor": 0,
                "roughnessFactor": 0.9230769230769231
            }
        },
        {
            "emissiveFactor": [
                0,
                0,
                0
            ],
            "name": "Material #68",
            "pbrMetallicRoughness": {
                "baseColorFactor": [
                    1,
                    1,
                    1,
                    1
                ],
                "baseColorTexture": {
                    "index": 3,
                    "texCoord": 0
                },
                "metallicFactor": 0,
                "roughnessFactor": 0.9230769230769231
            }
        }
    ],
    "meshes": [
        {
            "name": "nightstalker_model_LOD0",
            "primitives": [
                {
                    "attributes": {
                        "JOINTS_0": 3,
                        "NORMAL": 1,
                        "POSITION": 0,
                        "TEXCOORD_0": 2,
                        "WEIGHTS_0": 4
                    },
                    "indices": 5,
                    "material": 0
                }
            ]
        },
        {
            "name": "nightstalker_legarmor_model_LOD0",
            "primitives": [
                {
                    "attributes": {
                        "JOINTS_0": 10,
                        "NORMAL": 8,
                        "POSITION": 7,
                        "TEXCOORD_0": 9,
                        "WEIGHTS_0": 11
                    },
                    "indices": 12,
                    "material": 1
                }
            ]
        },
        {
            "name": "nightstalker_tail_model_LOD0",
            "primitives": [
                {
                    "attributes": {
                        "JOINTS_0": 17,
                        "NORMAL": 15,
                        "POSITION": 14,
                        "TEXCOORD_0": 16,
                        "WEIGHTS_0": 18
                    },
                    "indices": 19,
                    "material": 2
                }
            ]
        },
        {
            "name": "nightstalker_wings_model_LOD0",
            "primitives": [
                {
                    "attributes": {
                        "JOINTS_0": 24,
                        "NORMAL": 22,
                        "POSITION": 21,
                        "TEXCOORD_0": 23,
                        "WEIGHTS_0": 25
                    },
                    "indices": 26,
                    "material": 3
                }
            ]
        }
    ],
    "nodes": [
        {
            "children": [
                1,
                5,
                44,
                48
            ],
            "matrix": [
                1.6292068478213574e-7,
                1.469367938527879e-39,
                1.0000000000000002,
                0,
                1.0000000000000002,
                6.123233995736847e-17,
                -1.6292068478213574e-7,
                0,
                -6.123233995736685e-17,
                1,
                9.976014756666736e-24,
                0,
                0,
                107.26469421386719,
                0.8849855661392212,
                1
            ],
            "name": "root"
        },
        {
            "children": [
                2
            ],
            "matrix": [
                -0.2462968230247497,
                0.2357716113328934,
                0.940079629421234,
                0,
                0.22191210013010673,
                0.9579108750152506,
                -0.1821036643121897,
                0,
                -0.9434473507031846,
                0.16376348669607407,
                -0.28825097132672395,
                0,
                -0.5231626629829407,
                -12.771289825439455,
                -6.0984954833984375,
                1
            ],
            "name": "thigh_R"
        },
        {
            "children": [
                3
            ],
            "matrix": [
                0.37515854835510254,
                4.3958425521850586e-7,
                -0.9269607067108155,
                0,
                -6.010421213370476e-7,
                1.0000002384184206,
                2.309680105505585e-7,
                0,
                0.9269604603921793,
                4.7049256890474567e-7,
                0.37515844866551007,
                0,
                -46.395149230957024,
                0,
                -0.000007629394524144573,
                1
            ],
            "name": "knee_R"
        },
        {
            "children": [
                4
            ],
            "matrix": [
                0.23959717154502874,
                0.11991737782955177,
                0.9634380340576172,
                0,
                -0.028941310812578058,
                0.9927842691516903,
                -0.11637264269441777,
                0,
                -0.970441119490153,
                -6.035574512675002e-7,
                0.24133884229024893,
                0,
                -32.955787658691406,
                -0.0000019073486328125,
                0.00000762939453125,
                1
            ],
            "name": "ankle_R"
        },
        {
            "matrix": [
                0.4390766024589539,
                0.01245187036693085,
                0.8983628749847413,
                0,
                0.2531303523486248,
                0.9576836032286568,
                -0.13699204474639606,
                0,
                -0.862053542039233,
                0.2875530259773465,
                0.4173446808780618,
                0,
                -31.301099777221676,
                -0.00000762939453125,
                0.0000095367431640625,
                1
            ],
            "name": "toeBall_R"
        },
        {
            "children": [
                6
            ],
            "matrix": [
                0.009781518019732628,
                1.5934303876358562e-9,
                0.9999520778656006,
                0,
                -1.6290215735649303e-7,
                1.0000000000000004,
                5.212874576756577e-26,
                0,
                -0.9999520778656007,
                -1.6289435073741413e-7,
                0.009781518019732888,
                0,
                0.725374102592468,
                4.224919223361213e-7,
                6.961891174316406,
                1
            ],
            "name": "spine1"
        },
        {
            "children": [
                7,
                23,
                39
            ],
            "matrix": [
                0.9911510348320006,
                2.6605388898793592e-12,
                -0.13273993134498596,
                0,
                1.1604423742260757e-8,
                1.0000000000000002,
                8.666869888429574e-8,
                0,
                0.13273993134498596,
                -8.744214099755867e-8,
                0.9911510348320007,
                0,
                16.211166381835923,
                7.085793640726477e-7,
                -0.0000019073486325904554,
                1
            ],
            "name": "spine2"
        },
        {
            "children": [
                8,
                18
            ],
            "matrix": [
                -0.013886492699384828,
                0.9221901297569275,
                -0.38648766279220587,
                0,
                0.005819312952665315,
                -0.3864438033640568,
                -0.9222945654711371,
                0,
                -0.9998866912323963,
                -0.015056529169245885,
                -1.6391277454785858e-7,
                0,
                25.526504516601562,
                -3.3046302795410156,
                -7.194817543029782,
                1
            ],
            "name": "clavicle_R"
        },
        {
            "children": [
                9
            ],
            "matrix": [
                0.5021224021911623,
                -0.3268346786499024,
                -0.8006578683853153,
                0,
                -0.7516254027736462,
                0.29295946528560646,
                -0.5909606139722161,
                0,
                0.4277065760581486,
                0.8985290464417154,
                -0.09855570258398018,
                0,
                -24.87126541137695,
                0.00002098083496004932,
                -0.0000457763671875,
                1
            ],
            "name": "bicep_R"
        },
        {
            "children": [
                10
            ],
            "matrix": [
                0.6815473437309263,
                1.4901161193153767e-7,
                -0.7317734956741331,
                0,
                -1.3864066943341646e-7,
                0.9999996423722497,
                7.450581224199837e-8,
                0,
                0.7317736211548556,
                5.0674355746294086e-8,
                0.681547460599139,
                0,
                -38.832221984863295,
                -0.00002288818359375,
                -4.76837158203125e-7,
                1
            ],
            "name": "elbow_R"
        },
        {
            "children": [
                11,
                13,
                15,
                16
            ],
            "matrix": [
                0.9663940668106077,
                0.15686801075935353,
                0.2036554217338563,
                0,
                -0.23163906685542157,
                0.8749271349842164,
                0.42526017666964516,
                0,
                -0.11147391167893256,
                -0.4581433606332851,
                0.8818609538936824,
                0,
                -38.87273025512695,
                0.00001525878909092171,
                0.000019073486328125,
                1
            ],
            "name": "wrist_R"
        },
        {
            "children": [
                12
            ],
            "matrix": [
                0.6562479138374331,
                0.48411470651626576,
                -0.5787677764892578,
                0,
                -0.7541514204616386,
                0.39604126337527135,
                -0.5238385907510239,
                0,
                -0.024382032070120907,
                0.7802461342660929,
                0.6249967349836726,
                0,
                -3.2382431030273295,
                -6.9165496826171875,
                7.171592712402347,
                1
            ],
            "name": "thumb2_0_A_L"
        },
        {
            "matrix": [
                0.9999997615814208,
                4.4703483595420757e-7,
                -8.940696716308594e-8,
                0,
                -4.4703504759047163e-7,
                1.0000002384185231,
                1.490116116609208e-8,
                0,
                8.940698437154282e-8,
                -1.4901115868992676e-8,
                0.9999998807907102,
                0,
                -7.138343811035156,
                0.0000038146972620722863,
                0.000022888183607960855,
                1
            ],
            "name": "thumb2_1_A_L"
        },
        {
            "children": [
                14
            ],
            "matrix": [
                0.8339492678642275,
                0.5157567262649535,
                -0.19627526402473455,
                0,
                0.28380390109734865,
                -0.09581067784717914,
                0.9540838216162553,
                0,
                0.4732698244673254,
                -0.8513610860514728,
                -0.22627498791151135,
                0,
                -17.681205749511715,
                -4.0283660888671875,
                6.128701210021962,
                1
            ],
            "name": "Thumb_0_R"
        },
        {
            "matrix": [
                0.9803220033645632,
                -5.96046448100851e-8,
                -0.19740477204322815,
                0,
                -1.0948333006854938e-7,
                0.9999998211860883,
                -8.456409127943765e-7,
                0,
                0.19740477552738311,
                8.506130925178823e-7,
                0.9803220206667946,
                0,
                -12.399063110351562,
                -0.0000209808349609375,
                -0.00000762939453125,
                1
            ],
            "name": "Thumb_1_R"
        },
        {
            "matrix": [
                1.0000001192092896,
                2.980232260973992e-8,
                -5.14090061132233e-7,
                0,
                -2.980234936611481e-8,
                1.0000000000000009,
                -5.960464483090178e-8,
                0,
                5.140900594113873e-7,
                5.960466731291802e-8,
                1.0000001192092451,
                0,
                -12.168174743652344,
                -6.3974456787109375,
                -11.468811035156257,
                1
            ],
            "name": "pinky4_0_B_L"
        },
        {
            "children": [
                17
            ],
            "matrix": [
                0.8812627792358401,
                0.41752672195434554,
                0.221466451883316,
                0,
                -0.24733584221135535,
                0.008119097945963882,
                0.9688958735577078,
                0,
                0.40274182705952055,
                -0.9086284997858014,
                0.11042438686719153,
                0,
                -17.94567489624023,
                -3.1461334228515625,
                -2.3006734848022496,
                1
            ],
            "name": "Index_0_R"
        },
        {
            "matrix": [
                0.8968637585639953,
                3.7252903012374716e-8,
                -0.44230660796165455,
                0,
                -5.031340394867634e-7,
                0.9999999403953221,
                -9.35979199645498e-7,
                0,
                0.44230658431708714,
                0.0000010619853398341483,
                0.8968637106200673,
                0,
                -13.90600204467772,
                0.0000019073486257070726,
                0.000015258789048289145,
                1
            ],
            "name": "Index_1_R"
        },
        {
            "children": [
                19
            ],
            "matrix": [
                0.5763032436370852,
                0.7407171726226807,
                0.34527134895324724,
                0,
                0.8125005868231031,
                -0.5647309983303621,
                -0.1446421066182997,
                0,
                0.08784658000308344,
                0.3638910490343284,
                -0.9272898517419821,
                0,
                -18.075740814208984,
                -18.919151306152344,
                -2.731536865234375,
                1
            ],
            "name": "bicep_A_R"
        },
        {
            "children": [
                20
            ],
            "matrix": [
                0.6392287015914919,
                1.341104508105484e-7,
                -0.7690165638923648,
                0,
                -3.173604594952639e-7,
                1.0000002384185331,
                -8.94069581008905e-8,
                0,
                0.7690165579432263,
                3.012068697239023e-7,
                0.6392286966464494,
                0,
                -29.628829956054688,
                -0.000003814697269177714,
                0.0000152587890625,
                1
            ],
            "name": "elbow_A_R"
        },
        {
            "children": [
                21,
                22
            ],
            "matrix": [
                -0.11952115595340729,
                0.6964206695556637,
                0.7076105475425718,
                0,
                -0.13954302955884154,
                0.693861436026218,
                -0.7064589296900935,
                0,
                -0.982976320238978,
                -0.18317891654582374,
                0.014249529878478495,
                0,
                -60.94371032714844,
                0.000005722045900213857,
                -0.000011444091800427714,
                1
            ],
            "name": "wrist_A_R"
        },
        {
            "matrix": [
                0.999999940395355,
                3.8370490074157715e-7,
                9.536743164201278e-7,
                0,
                -3.8370345217808577e-7,
                0.9999997019767422,
                -0.0000014230608940402067,
                0,
                -9.536750329233734e-7,
                0.000001423061121816338,
                1.0000001192093322,
                0,
                -22.959167480468754,
                1.095775604248061,
                -28.43682861328125,
                1
            ],
            "name": "innerWing_0_A_R"
        },
        {
            "matrix": [
                0.999999940395355,
                3.8370490074157715e-7,
                9.536743164201278e-7,
                0,
                -3.8370345217808577e-7,
                0.9999997019767422,
                -0.0000014230608940402067,
                0,
                -9.536750329233734e-7,
                0.000001423061121816338,
                1.0000001192093322,
                0,
                -42.549980163574226,
                5.755779266357436,
                8.017303466796847,
                1
            ],
            "name": "outerWing_0_A_R"
        },
        {
            "children": [
                24,
                29
            ],
            "matrix": [
                0.013886176049709278,
                0.9221901893615723,
                0.38648694753646845,
                0,
                -0.005819332200397015,
                -0.38644318783523773,
                0.9222948591428416,
                0,
                0.9998866318184242,
                -0.01505624642351131,
                3.12924386430824e-7,
                0,
                25.526504516601562,
                3.3046317100524902,
                -7.194816589355467,
                1
            ],
            "name": "clavicle_L"
        },
        {
            "children": [
                25
            ],
            "matrix": [
                0.57630330324173,
                0.7407174110412601,
                0.3452715575695039,
                0,
                0.8125009912298754,
                -0.5647312983631705,
                -0.14464180086819595,
                0,
                0.08784693710190065,
                0.36389095738829946,
                -0.9272899573404051,
                0,
                18.20746612548828,
                19.151706695556637,
                4.79522705078125,
                1
            ],
            "name": "bicep_A_L"
        },
        {
            "children": [
                26
            ],
            "matrix": [
                0.6392289400100712,
                5.96046448100851e-8,
                -0.7690162658691406,
                0,
                -5.73912540824395e-8,
                0.9999995827674871,
                2.9802320736238563e-8,
                0,
                0.76901629516945,
                2.5084313431955607e-8,
                0.6392289643653518,
                0,
                29.62883758544922,
                0.000007629394527697286,
                0.0000457763671875,
                1
            ],
            "name": "elbow_A_L"
        },
        {
            "children": [
                27,
                28
            ],
            "matrix": [
                -0.11952143907547003,
                0.6964205503463744,
                0.7076107859611513,
                0,
                -0.13954364189978402,
                0.6938613012087702,
                -0.7064586013433136,
                0,
                -0.9829762045534175,
                -0.1831795675820488,
                0.014249761200060121,
                0,
                60.9436950683594,
                -0.000017166137693536143,
                0,
                1
            ],
            "name": "wrist_A_L"
        },
        {
            "matrix": [
                1.0000001192092896,
                3.427267074584961e-7,
                -1.49011611910721e-7,
                0,
                -3.4272678584024163e-7,
                1.0000003576278729,
                2.235174181852706e-8,
                0,
                1.4901161958513764e-7,
                -2.235168534980847e-8,
                1.0000001192092864,
                0,
                42.549903869628885,
                -5.755779266357429,
                -8.017349243164062,
                1
            ],
            "name": "outerWing_0_A_L"
        },
        {
            "matrix": [
                1.0000001192092896,
                3.427267074584961e-7,
                -1.49011611910721e-7,
                0,
                -3.4272678584024163e-7,
                1.0000003576278729,
                2.235174181852706e-8,
                0,
                1.4901161958513764e-7,
                -2.235168534980847e-8,
                1.0000001192092864,
                0,
                22.959117889404283,
                -1.0957679748535227,
                28.436813354492188,
                1
            ],
            "name": "innerWing_0_A_L"
        },
        {
            "children": [
                30
            ],
            "matrix": [
                0.5021225214004518,
                -0.32683470845222473,
                -0.8006575703620913,
                0,
                -0.7516255722411445,
                0.29295877449304003,
                -0.5909607810474495,
                0,
                0.4277059464405075,
                0.898528983394285,
                -0.0985560781535913,
                0,
                24.871253967285156,
                -0.00002002716064453125,
                -0.000030517578125,
                1
            ],
            "name": "bicep_L"
        },
        {
            "children": [
                31
            ],
            "matrix": [
