{
    "accessors": {
        "attrbute_1": {
            "bufferView": "bufferView_31",
            "byteOffset": 0,
            "byteStride": 12,
            "count": 2552,
            "max": [
                55.13398361206055,
                117.69059753417969,
                165.3608856201172,
                0
            ],
            "min": [
                -55.39750671386719,
                -47.910518646240234,
                -1.3642975091934204,
                0
            ],
            "type": 35665
        },
        "attrbute_10": {
            "bufferView": "bufferView_31",
            "byteOffset": 164000,
            "byteStride": 16,
            "count": 340,
            "max": [
                13,
                13,
                13,
                -1
            ],
            "min": [
                0,
                -1,
                -1,
                -1
            ],
            "type": 35666
        },
        "attrbute_11": {
            "bufferView": "bufferView_31",
            "byteOffset": 169440,
            "byteStride": 12,
            "count": 340,
            "max": [
                1,
                0.9998788833618164,
                0.99742591381073
            ],
            "min": [
                0.00010285617463523522,
                0,
                0
            ],
            "type": 35665
        },
        "attrbute_13": {
            "bufferView": "bufferView_31",
            "byteOffset": 173520,
            "byteStride": 12,
            "count": 374,
            "max": [
                57.32432556152344,
                36.51413345336914,
                96.46139526367188,
                0
            ],
            "min": [
                -58.0589599609375,
                -34.44228744506836,
                56.93874740600586,
                0
            ],
            "type": 35665
        },
        "attrbute_14": {
            "bufferView": "bufferView_31",
            "byteOffset": 178008,
            "byteStride": 12,
            "count": 374,
            "max": [
                0.9942487478256226,
                0.9918215870857239,
                0.9988212585449219,
                0
            ],
            "min": [
                -0.9984514713287354,
                -0.9771923422813416,
                -0.9954051971435547,
                0
            ],
            "type": 35665
        },
        "attrbute_15": {
            "bufferView": "bufferView_31",
            "byteOffset": 182496,
            "byteStride": 8,
            "count": 374,
            "max": [
                0.9839850664138794,
                0.9932876229286194
            ],
            "min": [
                0.009208829142153263,
                0.006712377071380615
            ],
            "type": 35664
        },
        "attrbute_16": {
            "bufferView": "bufferView_31",
            "byteOffset": 185488,
            "byteStride": 16,
            "count": 374,
            "max": [
                4,
                5,
                6,
                -1
            ],
            "min": [
                0,
                -1,
                -1,
                -1
            ],
            "type": 35666
        },
        "attrbute_17": {
            "bufferView": "bufferView_31",
            "byteOffset": 191472,
            "byteStride": 12,
            "count": 374,
            "max": [
                1,
                0.7524966597557068,
                0.6364541053771973
            ],
            "min": [
                0.0005021286779083312,
                0,
                0
            ],
            "type": 35665
        },
        "attrbute_19": {
            "bufferView": "bufferView_31",
            "byteOffset": 195960,
            "byteStride": 12,
            "count": 270,
            "max": [
                41.33979415893555,
                2.5921971797943115,
                178.63336181640625,
                0
            ],
            "min": [
                -41.33980941772461,
                -58.26179885864258,
                134.9296417236328,
                0
            ],
            "type": 35665
        },
        "attrbute_2": {
            "bufferView": "bufferView_31",
            "byteOffset": 30624,
            "byteStride": 12,
            "count": 2552,
            "max": [
                0.999785840511322,
                0.9998126029968262,
                0.9999135732650757,
                0
            ],
            "min": [
                -0.9997857809066772,
                -0.9999291896820068,
                -0.999845564365387,
                0
            ],
            "type": 35665
        },
        "attrbute_20": {
            "bufferView": "bufferView_31",
            "byteOffset": 199200,
            "byteStride": 12,
            "count": 270,
            "max": [
                0.9999598860740662,
                0.9990816116333008,
                0.9997270703315735,
                0
            ],
            "min": [
                -0.9999598860740662,
                -0.9994373321533203,
                -0.9990903735160828,
                0
            ],
            "type": 35665
        },
        "attrbute_21": {
            "bufferView": "bufferView_31",
            "byteOffset": 202440,
            "byteStride": 8,
            "count": 270,
            "max": [
                0.9908072352409363,
                0.9817041754722595
            ],
            "min": [
                0.021066028624773026,
                0.03016364574432373
            ],
            "type": 35664
        },
        "attrbute_22": {
            "bufferView": "bufferView_31",
            "byteOffset": 204600,
            "byteStride": 16,
            "count": 270,
            "max": [
                5,
                7,
                7,
                -1
            ],
            "min": [
                0,
                -1,
                -1,
                -1
            ],
            "type": 35666
        },
        "attrbute_23": {
            "bufferView": "bufferView_31",
            "byteOffset": 208920,
            "byteStride": 12,
            "count": 270,
            "max": [
                1,
                0.9998548030853271,
                0.9816783666610718
            ],
            "min": [
                0.00014519254909828305,
                0,
                0
            ],
            "type": 35665
        },
        "attrbute_25": {
            "bufferView": "bufferView_31",
            "byteOffset": 212160,
            "byteStride": 12,
            "count": 709,
            "max": [
                126.00578308105469,
                -15.837594985961914,
                162.90025329589844,
                0
            ],
            "min": [
                -73.01681518554688,
                -64.47805786132812,
                22.332582473754883,
                0
            ],
            "type": 35665
        },
        "attrbute_26": {
            "bufferView": "bufferView_31",
            "byteOffset": 220668,
            "byteStride": 12,
            "count": 709,
            "max": [
                0.986778974533081,
                0.994999349117279,
                0.9939174652099609,
                0
            ],
            "min": [
                -0.9960728287696838,
                -0.9967062473297119,
                -0.9887006282806396,
                0
            ],
            "type": 35665
        },
        "attrbute_27": {
            "bufferView": "bufferView_31",
            "byteOffset": 229176,
            "byteStride": 8,
            "count": 709,
            "max": [
                0.9868339896202087,
                0.9926750063896179
            ],
            "min": [
                0.008844999596476555,
                0.02193397283554077
            ],
            "type": 35664
        },
        "attrbute_28": {
            "bufferView": "bufferView_31",
            "byteOffset": 234848,
            "byteStride": 16,
            "count": 709,
            "max": [
                0,
                -1,
                -1,
                -1
            ],
            "min": [
                0,
                -1,
                -1,
                -1
            ],
            "type": 35666
        },
        "attrbute_29": {
            "bufferView": "bufferView_31",
            "byteOffset": 246192,
            "byteStride": 12,
            "count": 709,
            "max": [
                1,
                0,
                0
            ],
            "min": [
                1,
                0,
                0
            ],
            "type": 35665
        },
        "attrbute_3": {
            "bufferView": "bufferView_31",
            "byteOffset": 61248,
            "byteStride": 8,
            "count": 2552,
            "max": [
                0.9982128143310547,
                0.9967249631881714
            ],
            "min": [
                0.005861997604370117,
                0.005095481872558594
            ],
            "type": 35664
        },
        "attrbute_4": {
            "bufferView": "bufferView_31",
            "byteOffset": 81664,
            "byteStride": 16,
            "count": 2552,
            "max": [
                36,
                36,
                36,
                -1
            ],
            "min": [
                0,
                -1,
                -1,
                -1
            ],
            "type": 35666
        },
        "attrbute_5": {
            "bufferView": "bufferView_31",
            "byteOffset": 122496,
            "byteStride": 12,
            "count": 2552,
            "max": [
                1,
                0.999803900718689,
                0.9997473955154419
            ],
            "min": [
                0.00010285617463523522,
                0,
                0
            ],
            "type": 35665
        },
        "attrbute_7": {
            "bufferView": "bufferView_31",
            "byteOffset": 153120,
            "byteStride": 12,
            "count": 340,
            "max": [
                5.593700885772705,
                174.64199829101562,
                175.6815185546875,
                0
            ],
            "min": [
                -5.296900749206543,
                5.449987888336182,
                19.122793197631836,
                0
            ],
            "type": 35665
        },
        "attrbute_8": {
            "bufferView": "bufferView_31",
            "byteOffset": 157200,
            "byteStride": 12,
            "count": 340,
            "max": [
                0.999948263168335,
                0.9999832510948181,
                0.9996770620346069,
                0
            ],
            "min": [
                -0.9990665316581726,
                -0.9970448017120361,
                -0.9989052414894104,
                0
            ],
            "type": 35665
        },
        "attrbute_9": {
            "bufferView": "bufferView_31",
            "byteOffset": 161280,
            "byteStride": 8,
            "count": 340,
            "max": [
                0.9866172671318054,
                0.9926938414573669
            ],
            "min": [
                0.013932935893535614,
                0.011987090110778809
            ],
            "type": 35664
        },
        "indices_12": {
            "bufferView": "bufferView_33",
            "byteOffset": 23076,
            "count": 1860,
            "type": 5123
        },
        "indices_18": {
            "bufferView": "bufferView_33",
            "byteOffset": 26796,
            "count": 1662,
            "type": 5123
        },
        "indices_24": {
            "bufferView": "bufferView_33",
            "byteOffset": 30120,
            "count": 1158,
            "type": 5123
        },
        "indices_30": {
            "bufferView": "bufferView_33",
            "byteOffset": 32436,
            "count": 3384,
            "type": 5123
        },
        "indices_6": {
            "bufferView": "bufferView_33",
            "byteOffset": 0,
            "count": 11538,
            "type": 5123
        }
    },
    "animations": {},
    "asset": {},
    "bufferViews": {
        "bufferView_31": {
            "buffer": "slardar.bin",
            "byteLength": 254700,
            "byteOffset": 0,
            "target": 34962
        },
        "bufferView_32": {
            "buffer": "slardar.bin",
            "byteLength": 5568,
            "byteOffset": 254700
        },
        "bufferView_33": {
            "buffer": "slardar.bin",
            "byteLength": 39204,
            "byteOffset": 260268,
            "target": 34963
        }
    },
    "buffers": {
        "slardar.bin": {
            "byteLength": 299472,
            "path": "slardar.bin"
        }
    },
    "cameras": {},
    "images": {
        "image_0": {
            "path": "textures/slardar_color.png"
        },
        "image_1": {
            "path": "textures/slardar_back_color.png"
        },
        "image_2": {
            "path": "textures/slardar_bracers_color.png"
        },
        "image_3": {
            "path": "textures/slardar_head_color.png"
        },
        "image_4": {
            "path": "textures/weapon_color.png"
        }
    },
    "lights": {},
    "materials": {
        "Material #35": {
            "instanceTechnique": {
                "technique": "technique_0",
                "values": {
                    "ambient": [
                        0.5879999995231628,
                        0.5879999995231628,
                        0.5879999995231628
                    ],
                    "diffuse": "Map #6",
                    "emission": [
                        0,
                        0,
                        0
                    ],
                    "shininess": 2,
                    "specular": [
                        0.8999999761581421,
                        0.8999999761581421,
                        0.8999999761581421
                    ],
                    "transparency": 1
                }
            },
            "name": "Material #35"
        },
        "Material #46": {
            "instanceTechnique": {
                "technique": "technique_0",
                "values": {
                    "ambient": [
                        0.5879999995231628,
                        0.5879999995231628,
                        0.5879999995231628
                    ],
                    "diffuse": "Map #7",
                    "emission": [
                        0,
                        0,
                        0
                    ],
                    "shininess": 2,
                    "specular": [
                        0.8999999761581421,
                        0.8999999761581421,
                        0.8999999761581421
                    ],
                    "transparency": 1
                }
            },
            "name": "Material #46"
        },
        "Material #57": {
            "instanceTechnique": {
                "technique": "technique_0",
                "values": {
                    "ambient": [
                        0.5879999995231628,
                        0.5879999995231628,
                        0.5879999995231628
                    ],
                    "diffuse": "Map #8",
                    "emission": [
                        0,
                        0,
                        0
                    ],
                    "shininess": 2,
                    "specular": [
                        0.8999999761581421,
                        0.8999999761581421,
                        0.8999999761581421
                    ],
                    "transparency": 1
                }
            },
            "name": "Material #57"
        },
        "Material #68": {
            "instanceTechnique": {
                "technique": "technique_0",
                "values": {
                    "ambient": [
                        0.5879999995231628,
                        0.5879999995231628,
                        0.5879999995231628
                    ],
                    "diffuse": "Map #9",
                    "emission": [
                        0,
                        0,
                        0
                    ],
                    "shininess": 2,
                    "specular": [
                        0.8999999761581421,
                        0.8999999761581421,
                        0.8999999761581421
                    ],
                    "transparency": 1
                }
            },
            "name": "Material #68"
        },
        "Material #79": {
            "instanceTechnique": {
                "technique": "technique_0",
                "values": {
                    "ambient": [
                        0.5879999995231628,
                        0.5879999995231628,
                        0.5879999995231628
                    ],
                    "diffuse": "Map #10",
                    "emission": [
                        0,
                        0,
                        0
                    ],
                    "shininess": 2,
                    "specular": [
                        0.8999999761581421,
                        0.8999999761581421,
                        0.8999999761581421
                    ],
                    "transparency": 1
                }
            },
            "name": "Material #79"
        }
    },
    "meshes": {
        "slardar_back_model_LOD0-mesh": {
            "name": "slardar_back_model_LOD0-mesh",
            "primitives": [
                {
                    "attributes": {
                        "JOINT": "attrbute_10",
                        "NORMAL": "attrbute_8",
                        "POSITION": "attrbute_7",
                        "TEXCOORD_0": "attrbute_9",
                        "WEIGHT": "attrbute_11"
                    },
                    "indices": "indices_12",
                    "material": "Material #46"
                }
            ]
        },
        "slardar_bracers_model-mesh": {
            "name": "slardar_bracers_model-mesh",
            "primitives": [
                {
                    "attributes": {
                        "JOINT": "attrbute_16",
                        "NORMAL": "attrbute_14",
                        "POSITION": "attrbute_13",
                        "TEXCOORD_0": "attrbute_15",
                        "WEIGHT": "attrbute_17"
                    },
                    "indices": "indices_18",
                    "material": "Material #57"
                }
            ]
        },
        "slardar_head_model-mesh": {
            "name": "slardar_head_model-mesh",
            "primitives": [
                {
                    "attributes": {
                        "JOINT": "attrbute_22",
                        "NORMAL": "attrbute_20",
                        "POSITION": "attrbute_19",
                        "TEXCOORD_0": "attrbute_21",
                        "WEIGHT": "attrbute_23"
                    },
                    "indices": "indices_24",
                    "material": "Material #68"
                }
            ]
        },
        "slardar_model_LOD0-mesh": {
            "name": "slardar_model_LOD0-mesh",
            "primitives": [
                {
                    "attributes": {
                        "JOINT": "attrbute_4",
                        "NORMAL": "attrbute_2",
                        "POSITION": "attrbute_1",
                        "TEXCOORD_0": "attrbute_3",
                        "WEIGHT": "attrbute_5"
                    },
                    "indices": "indices_6",
                    "material": "Material #35"
                }
            ]
        },
        "slardar_weapon_model_LOD0-mesh": {
            "name": "slardar_weapon_model_LOD0-mesh",
            "primitives": [
                {
                    "attributes": {
                        "JOINT": "attrbute_28",
                        "NORMAL": "attrbute_26",
                        "POSITION": "attrbute_25",
                        "TEXCOORD_0": "attrbute_27",
                        "WEIGHT": "attrbute_29"
                    },
                    "indices": "indices_30",
                    "material": "Material #79"
                }
            ]
        }
    },
    "nodes": {
        "Head_0": {
            "children": [
                "Head_1"
            ],
            "jointId": "Head_0",
            "matrix": [
                0.8419905900955201,
                -4.0149240021492005e-7,
                -0.5394920110702515,
                0,
                2.1958732077111192e-7,
                0.9999999999999994,
                -4.014924002148974e-7,
                0,
                0.5394920110703257,
                2.1958721768743713e-7,
                0.8419905900954726,
                0,
                14.270500183105483,
                -0.0000014305114746093746,
                0,
                1
            ],
            "name": "Head_0"
        },
        "Head_1": {
            "children": [
                "L_antenna0_0_L",
                "R_antenna1_0_R",
                "jaw",
                "ear3_0_A_R",
                "ear2_0_A_L",
                "top_antenna1_0"
            ],
            "jointId": "Head_1",
            "matrix": [
                0.7159729003906251,
                3.414025115944241e-7,
                -0.698128402233124,
                0,
                -4.768371978997522e-7,
                0.9999999999999998,
                -2.6469779601696886e-23,
                0,
                0.6981284022330424,
                3.328935910950351e-7,
                0.7159729003907043,
                0,
                14.687179565429688,
                0.000005969955964246763,
                0.000015258789076710855,
                1
            ],
            "name": "Head_1"
        },
        "L_antenna0_0_L": {
            "children": [
                "L_antenna0_1_L"
            ],
            "jointId": "L_antenna0_0_L",
            "matrix": [
                0.0944518223404884,
                0.446673721075058,
                -0.8896972537040709,
                0,
                -0.8103851426388937,
                -0.4845868498272279,
                -0.3293193990387695,
                0,
                -0.5782339011500917,
                0.7521022405859102,
                0.31620763080639547,
                0,
                15.166452407836914,
                13.364165306091309,
                -0.00001525878909092171,
                1
            ],
            "name": "L_antenna0_0_L"
        },
        "L_antenna0_1_L": {
            "children": [
                "L_antenna0_2_L"
            ],
            "jointId": "L_antenna0_1_L",
            "matrix": [
                0.6586914658546448,
                -3.8743019104003906e-7,
                -0.7524132132530212,
                0,
                5.881815159369808e-7,
                0.9999998807906656,
                9.71445146547012e-17,
                0,
                0.7524133102808628,
                -4.425556540121889e-7,
                0.6586915507967769,
                0,
                20.572517395019545,
                -1.4210854715202004e-14,
                7.105427357601002e-15,
                1
            ],
            "name": "L_antenna0_1_L"
        },
        "L_antenna0_2_L": {
            "children": [],
            "jointId": "L_antenna0_2_L",
            "matrix": [
                1.000000476837158,
                2.3841857915707365e-7,
                5.9604644719879474e-8,
                0,
                -2.384185951442852e-7,
                1.0000004768371298,
                2.682209015170134e-7,
                0,
                -5.9604548796610146e-8,
                -2.6822077189847526e-7,
                0.9999999403953425,
                0,
                26.522293090820312,
                0.0000152587890625,
                0.000003814697265625,
                1
            ],
            "name": "L_antenna0_2_L"
        },
        "R_antenna1_0_R": {
            "children": [
                "R_antenna1_1_R"
            ],
            "jointId": "R_antenna1_0_R",
            "matrix": [
                -0.09727719426155089,
                0.47109714150428755,
                0.8767011165618895,
                0,
                0.8318987756219673,
                -0.44506021896270187,
                0.33146002698424964,
                0,
                0.5463346283043958,
                0.7615700397276182,
                -0.3486109042499813,
                0,
                15.166456222534176,
                -13.36416721343994,
                -0.00001525878909092171,
                1
            ],
            "name": "R_antenna1_0_R"
        },
        "R_antenna1_1_R": {
            "children": [
                "R_antenna1_2_R"
            ],
            "jointId": "R_antenna1_1_R",
            "matrix": [
                0.6479610204696657,
                -4.4703483587094084e-7,
                -0.7616735696792605,
                0,
                7.599749039521875e-7,
                0.999999999999825,
                5.9604639196519926e-8,
                0,
                0.7616735005201276,
                -6.174742248066245e-7,
                0.6479609616358711,
                0,
                -19.91701507568358,
                1.4210854715202004e-14,
                -7.105427357601002e-15,
                1
            ],
            "name": "R_antenna1_1_R"
        },
        "R_antenna1_2_R": {
            "children": [],
            "jointId": "R_antenna1_2_R",
            "matrix": [
                1,
                2.9802322387695312e-8,
                2.9802322387695312e-8,
                0,
                -2.980230606741685e-8,
                0.9999999403953547,
                -4.917383193692171e-7,
                0,
                -2.980232982618958e-8,
                4.917382306623974e-7,
                0.9999997615814602,
                0,
                -28.866043090820312,
                0.00000762939453125,
                0.0000152587890625,
                1
            ],
            "name": "R_antenna1_2_R"
        },
        "Root_0": {
            "children": [
                "Tail0_0",
                "Spine_0"
            ],
            "jointId": "Root_0",
            "matrix": [
                -1.629206851037603e-7,
                -1.0000000000000002,
                0,
                0,
                1.0000000000000002,
                -1.629206851037603e-7,
                0,
                0,
                0,
                0,
                1,
                0,
                0,
                -13.95314884185791,
                39.401180267333984,
                1
            ],
            "name": "Root_0"
        },
        "Spine_0": {
            "children": [
                "Spine_1"
            ],
            "jointId": "Spine_0",
            "matrix": [
                -0.39986580610275235,
                -9.533543719371429e-8,
                0.9165737032890319,
                0,
                -2.3841857866769462e-7,
                1.0000000000000002,
                4.896943202387273e-17,
                0,
                -0.9165737032890237,
                -2.1852819956277305e-7,
                -0.39986580610277156,
                0,
                0.15341854095458984,
                5.154279278940517e-7,
                11.21978759765625,
                1
            ],
            "name": "Spine_0"
        },
        "Spine_1": {
            "children": [
                "Spine_2"
            ],
            "jointId": "Spine_1",
            "matrix": [
                0.992236912250519,
                1.681108763307294e-8,
                -0.12436267733573902,
                0,
                -1.6942614191925458e-8,
                0.9999999999999994,
                3.552713692862571e-15,
                0,
                0.12436267733573908,
                2.1070253368406865e-9,
                0.9922369122505186,
                0,
                23.79743194580079,
                0.0000017933989511220716,
                -0.000003814697265625,
                1
            ],
            "name": "Spine_1"
        },
        "Spine_2": {
            "children": [
                "Spine_3",
                "bottom_dorso"
            ],
            "jointId": "Spine_2",
            "matrix": [
                0.9953174591064455,
                -1.7763568327828056e-15,
                -0.09666296839714053,
                0,
                2.0866163804857118e-15,
                0.9999999999999999,
                3.1086244797037863e-15,
                0,
                0.0966629683971405,
                -3.295766719392338e-15,
                0.9953174591064455,
                0,
                25.724426269531264,
                0.000001078558284461906,
                0.0000038146972620722863,
                1
            ],
            "name": "Spine_2"
        },
        "Spine_3": {
            "children": [
                "top_dorso",
                "mid_dorso",
                "clavicle_R",
                "Head_0",
                "clavicle_L"
            ],
            "jointId": "Spine_3",
            "matrix": [
                0.9138805270195014,
                2.6076675041508705e-8,
                -0.4059826731681826,
                0,
                -3.3904280306405666e-9,
                0.9999999999999997,
                5.659903834498434e-8,
                0,
                0.4059826731681838,
                -5.034830395644738e-8,
                0.9138805270195005,
                0,
                27.93955993652345,
                0.0000011308222838124497,
                0.000007629394527697286,
                1
            ],
            "name": "Spine_3"
        },
        "Tail0_0": {
            "children": [
                "Tail0_1"
            ],
            "jointId": "Tail0_0",
            "matrix": [
                -0.9809668660163882,
                -3.196395823279548e-7,
                -0.19417524337768557,
                0,
                -4.0145599249395464e-7,
                1,
                3.8200258272915725e-7,
                0,
                0.1941752433775436,
                4.526846914378853e-7,
                -0.9809668660164158,
                0,
                -13.999999999999998,
                -0.0000027731498448702037,
                -11.261600494384766,
                1
            ],
            "name": "Tail0_0"
        },
        "Tail0_1": {
            "children": [
                "Tail0_2"
            ],
            "jointId": "Tail0_1",
            "matrix": [
                0.9804831743240354,
                1.915068139624037e-7,
                -0.1966030448675156,
                0,
                -0.0000048827006549139,
                1.0000000000000002,
                -0.000023376540411867224,
                0,
                0.19660304486303165,
                0.00002388025836367349,
                0.980483174324935,
                0,
                26.486192703247077,
                0.000004665173037210476,
                0.000011444091796875,
                1
            ],
            "name": "Tail0_1"
        },
        "Tail0_2": {
            "children": [
                "Tail0_3"
            ],
            "jointId": "Tail0_2",
            "matrix": [
                0.9931687712669374,
                0.000002882277385651832,
                -0.11668696999549867,
                0,
                -8.482950132872167e-8,
                0.9999999999999999,
                0.000023978918761520124,
                0,
                0.11668697006364318,
                -0.000023805214785014613,
                0.993168771258931,
                0,
                33.590583801269545,
                0.000002006127033382654,
                -0.000003814697269177714,
                1
            ],
            "name": "Tail0_2"
        },
        "Tail0_3": {
            "children": [
                "Tail0_4"
            ],
            "jointId": "Tail0_3",
            "matrix": [
                0.8504595756530764,
                1.1367697538844364e-7,
                -0.5260408520698546,
                0,
                2.5198784768331215e-8,
                0.9999999999999999,
                2.5683846160972776e-7,
                0,
                0.526040852069877,
                -2.3168631928265274e-7,
                0.8504595756530622,
                0,
                40.43212890625,
                2.105671228491718e-7,
                -0.0000038146972620722863,
                1
            ],
            "name": "Tail0_3"
        },
        "Tail0_4": {
            "children": [],
            "jointId": "Tail0_4",
            "matrix": [
                0.8704342246055606,
                2.3573198504323052e-8,
                0.4922844171524049,
                0,
                5.899352851389812e-8,
                0.9999999999999999,
                -1.5219491444895507e-7,
                0,
                -0.4922844171524079,
                1.6151725714751381e-7,
                0.8704342246055585,
                0,
                29.27597045898439,
                7.981666385603603e-7,
                -0.000007629394545460855,
                1
            ],
            "name": "Tail0_4"
        },
        "bicep_L": {
            "children": [
                "elbow_L"
            ],
            "jointId": "bicep_L",
            "matrix": [
                0.5077295303344724,
                -0.48213487863540627,
                -0.7139720320701599,
                0,
                -0.7840600233815425,
                0.08483569198832668,
                -0.6148597616820242,
                0,
                0.35701572376611557,
                0.871979571286506,
                -0.3349491692714959,
                0,
                25.01609992980956,
                0.000019073486335230427,
                -0.00006103515625,
                1
            ],
            "name": "bicep_L"
        },
        "bicep_R": {
            "children": [
                "elbow_R"
            ],
            "jointId": "bicep_R",
            "matrix": [
                0.5242787599563601,
                -0.4009109139442443,
                -0.7512671351432803,
                0,
                -0.6987326087923345,
                0.3017341093186105,
                -0.6486363377533582,
                0,
                0.4867283708661596,
                0.8650012137927797,
                -0.12193676015627057,
                0,
                -25.016101837158203,
                0.00002288818359375,
                0.0000457763671875,
                1
            ],
            "name": "bicep_R"
        },
        "bottom_dorso": {
            "children": [],
            "jointId": "bottom_dorso",
            "matrix": [
                0.9999998211860658,
                6.617444900424222e-24,
                1.4901161221603232e-8,
                0,
                -3.970466940254533e-23,
                1.0000000000000002,
                2.442490652107393e-15,
                0,
                -1.4901161277114383e-8,
                -2.442490186404708e-15,
                0.9999998211860656,
                0,
                7.772132873535156,
                0.0000049668642532196836,
                34.218532562255874,
                1
            ],
            "name": "bottom_dorso"
        },
        "clavicle_L": {
            "children": [
                "bicep_L"
            ],
            "jointId": "clavicle_L",
            "matrix": [
                -0.2563983798027039,
                0.9593479633331298,
                0.11794562637805937,
                0,
                0.030453663195012776,
                -0.11394623469281621,
                0.993019933684273,
                0,
                0.966091447859257,
                0.25820066853198803,
                -2.980232233218416e-8,
                0,
                8.18814086914061,
                6.555604457855224,
                8.195266723632805,
                1
            ],
            "name": "clavicle_L"
        },
        "clavicle_R": {
            "children": [
                "bicep_R"
            ],
            "jointId": "clavicle_R",
            "matrix": [
                0.2563984394073485,
                0.9593480229377749,
                -0.11794656515121464,
                0,
                -0.030453284915009343,
                -0.11394729893985377,
                -0.9930199369004509,
                0,
                -0.9660912822118483,
                0.2582005894653903,
                -6.109476080040643e-7,
                0,
                8.18813323974608,
                -6.555597782135011,
                8.195289611816406,
                1
            ],
            "name": "clavicle_R"
        },
        "ear2_0_A_L": {
            "children": [],
            "jointId": "ear2_0_A_L",
            "matrix": [
                -1.6292067067086097e-7,
                1,
                4.768371297814155e-7,
                0,
                -1,
                -1.6292067067083392e-7,
                -5.684341891374757e-14,
                0,
                2.084320607200892e-14,
                -4.768371297814121e-7,
                0.9999999999999998,
                0,
                7.885681629180907,
                12.539104461669924,
                0.81561279296875,
                1
            ],
            "name": "ear2_0_A_L"
        },
        "ear3_0_A_R": {
            "children": [],
            "jointId": "ear3_0_A_R",
            "matrix": [
                -1.6292067067086097e-7,
                1,
                4.768371297814155e-7,
                0,
                -1,
                -1.6292067067083392e-7,
                -5.684341891374757e-14,
                0,
                2.084320607200892e-14,
                -4.768371297814121e-7,
                0.9999999999999998,
                0,
                7.885684490203858,
                -12.539108276367188,
                0.815582275390625,
                1
            ],
            "name": "ear3_0_A_R"
        },
        "elbow_L": {
            "children": [
                "wrist_L"
            ],
            "jointId": "elbow_L",
            "matrix": [
                0.2795238494873044,
                7.450580593454381e-8,
                -0.9601390361785889,
                0,
                5.012165196771612e-7,
                1.0000002384186883,
                2.2351741429949001e-7,
                0,
                0.9601389182853054,
                -5.437157977183915e-7,
                0.27952381516516606,
                0,
                46.28311157226564,
                -0.0000152587890625,
                -0.000008583068840550823,
                1
            ],
            "name": "elbow_L"
        },
        "elbow_R": {
            "children": [
                "wrist_R"
            ],
            "jointId": "elbow_R",
            "matrix": [
                0.5437990427017217,
                2.53319740239899e-7,
                -0.8392155766487125,
                0,
                1.2901235357798413e-7,
                1.0000003576278609,
                3.8545116913361877e-7,
                0,
