{
    "accessors": [
        {
            "bufferView": 0,
            "byteOffset": 0,
            "componentType": 5126,
            "count": 2552,
            "max": [
                55.13398361206055,
                117.69059753417969,
                165.3608856201172
            ],
            "min": [
                -55.39750671386719,
                -47.910518646240234,
                -1.3642975091934204
            ],
            "type": "VEC3"
        },
        {
            "bufferView": 0,
            "byteOffset": 30624,
            "componentType": 5126,
            "count": 2552,
            "max": [
                0.999785840511322,
                0.9998126029968262,
                0.9999135732650757
            ],
            "min": [
                -0.9997857809066772,
                -0.9999291896820068,
                -0.999845564365387
            ],
            "type": "VEC3"
        },
        {
            "bufferView": 0,
            "byteOffset": 61248,
            "componentType": 5126,
            "count": 2552,
            "max": [
                0.9982128143310547,
                0.9949045181274414
            ],
            "min": [
                0.005861997604370117,
                0.0032750368118286133
            ],
            "type": "VEC2"
        },
        {
            "bufferView": 0,
            "byteOffset": 81664,
            "componentType": 5123,
            "count": 2552,
            "max": [
                36,
                36,
                36,
                0
            ],
            "min": [
                0,
                0,
                0,
                0
            ],
            "type": "VEC4"
        },
        {
            "bufferView": 0,
            "byteOffset": 102080,
            "componentType": 5126,
            "count": 2552,
            "max": [
                1,
                0.999803900718689,
                0.9997473955154419,
                0
            ],
            "min": [
                0.00010285617463523522,
                0,
                0,
                0
            ],
            "type": "VEC4"
        },
        {
            "bufferView": 2,
            "byteOffset": 0,
            "componentType": 5123,
            "count": 11538,
            "max": [
                2551
            ],
            "min": [
                0
            ],
            "type": "SCALAR"
        },
        {
            "bufferView": 1,
            "byteOffset": 0,
            "componentType": 5126,
            "count": 37,
            "max": [
                0.9999999999999161,
                0.9999999999999993,
                0.8522899509410458,
                0,
                0.999997030198225,
                0.999999880790634,
                0.9820285193829501,
                0,
                0.9820285193830265,
                0.999999880790641,
                1,
                0,
                124.34869318314138,
                75.86795041084683,
                125.06737554575582,
                1
            ],
            "min": [
                -0.6975783116589797,
                -0.9206107878031219,
                -0.7001525143185496,
                0,
                -0.9999999999999732,
                -0.9752708297358876,
                -0.9999998807905657,
                0,
                -0.9077473740219003,
                -0.382138554318822,
                -0.9999970296324672,
                0,
                -152.3212752752869,
                -140.93922494943953,
                -150.4202515063519,
                1
            ],
            "type": "MAT4"
        },
        {
            "bufferView": 0,
            "byteOffset": 142912,
            "componentType": 5126,
            "count": 340,
            "max": [
                5.593700885772705,
                174.64199829101562,
                175.6815185546875
            ],
            "min": [
                -5.296900749206543,
                5.449987888336182,
                19.122793197631836
            ],
            "type": "VEC3"
        },
        {
            "bufferView": 0,
            "byteOffset": 146992,
            "componentType": 5126,
            "count": 340,
            "max": [
                0.999948263168335,
                0.9999832510948181,
                0.9996770620346069
            ],
            "min": [
                -0.9990665316581726,
                -0.9970448017120361,
                -0.9989052414894104
            ],
            "type": "VEC3"
        },
        {
            "bufferView": 0,
            "byteOffset": 151072,
            "componentType": 5126,
            "count": 340,
            "max": [
                0.9866172671318054,
                0.9880129098892212
            ],
            "min": [
                0.013932935893535614,
                0.007306158542633057
            ],
            "type": "VEC2"
        },
        {
            "bufferView": 0,
            "byteOffset": 153792,
            "componentType": 5123,
            "count": 340,
            "max": [
                13,
                13,
                13,
                0
            ],
            "min": [
                0,
                0,
                0,
                0
            ],
            "type": "VEC4"
        },
        {
            "bufferView": 0,
            "byteOffset": 156512,
            "componentType": 5126,
            "count": 340,
            "max": [
                1,
                0.9998788833618164,
                0.99742591381073,
                0
            ],
            "min": [
                0.00010285617463523522,
                0,
                0,
                0
            ],
            "type": "VEC4"
        },
        {
            "bufferView": 2,
            "byteOffset": 23076,
            "componentType": 5123,
            "count": 1860,
            "max": [
                339
            ],
            "min": [
                0
            ],
            "type": "SCALAR"
        },
        {
            "bufferView": 1,
            "byteOffset": 2368,
            "componentType": 5126,
            "count": 14,
            "max": [
                0.31904133463093126,
                0.999999999999999,
                0.00002426166838444411,
                0,
                0.9999969116532353,
                0.3107714602731423,
                0.9820285687273812,
                0,
                0.9820285687273861,
                0.07216976830163134,
                1,
                0,
                43.983206066871205,
                0.000002273256561769867,
                33.171302282089634,
                1
            ],
            "min": [
                -1.5981978846667305e-7,
                0.9477406551231112,
                -7.041892488969267e-8,
                0,
                -0.9999999999999732,
                -3.755626806962416e-8,
                -0.2262082102016798,
                0,
                -0.21438675606935031,
                -1.552915673232053e-8,
                -0.9999969110646084,
                0,
                -152.32127266794842,
                -14.806226709618466,
                -150.42023680508717,
                1
            ],
            "type": "MAT4"
        },
        {
            "bufferView": 0,
            "byteOffset": 161952,
            "componentType": 5126,
            "count": 374,
            "max": [
                57.32432556152344,
                36.51413345336914,
                96.46139526367188
            ],
            "min": [
                -58.0589599609375,
                -34.44228744506836,
                56.93874740600586
            ],
            "type": "VEC3"
        },
        {
            "bufferView": 0,
            "byteOffset": 166440,
            "componentType": 5126,
            "count": 374,
            "max": [
                0.9942487478256226,
                0.9918215870857239,
                0.9988212585449219
            ],
            "min": [
                -0.9984514713287354,
                -0.9771923422813416,
                -0.9954051971435547
            ],
            "type": "VEC3"
        },
        {
            "bufferView": 0,
            "byteOffset": 170928,
            "componentType": 5126,
            "count": 374,
            "max": [
                0.9839850664138794,
                0.9932876229286194
            ],
            "min": [
                0.009208829142153263,
                0.006712377071380615
            ],
            "type": "VEC2"
        },
        {
            "bufferView": 0,
            "byteOffset": 173920,
            "componentType": 5123,
            "count": 374,
            "max": [
                4,
                5,
                6,
                0
            ],
            "min": [
                0,
                0,
                0,
                0
            ],
            "type": "VEC4"
        },
        {
            "bufferView": 0,
            "byteOffset": 176912,
            "componentType": 5126,
            "count": 374,
            "max": [
                1,
                0.7524966597557068,
                0.6364541053771973,
                0
            ],
            "min": [
                0.0005021286779083312,
                0,
                0,
                0
            ],
            "type": "VEC4"
        },
        {
            "bufferView": 2,
            "byteOffset": 26796,
            "componentType": 5123,
            "count": 1662,
            "max": [
                373
            ],
            "min": [
                0
            ],
            "type": "SCALAR"
        },
        {
            "bufferView": 1,
            "byteOffset": 3264,
            "componentType": 5126,
            "count": 7,
            "max": [
                0.3576788901299412,
                0.9999999999999732,
                0.7492185993602891,
                0,
                0.9258202307366792,
                0.7875729362843616,
                0.9723645639135682,
                0,
                0.9258800919571147,
                0.7104255041840192,
                1,
                0,
                110.02039682418346,
                75.86798217326145,
                89.97741773318722,
                1
            ],
            "min": [
                -0.6975791599203454,
                -0.9206106310945538,
                -0.7001515450666622,
                0,
                -0.9999999999999732,
                -0.37343807571904486,
                -0.9415369970679488,
                0,
                -0.9077474081827622,
                -0.38213889090819264,
                -0.9199499692009601,
                0,
                -110.80868790185654,
                -80.60562057275334,
                -39.401180267333984,
                1
            ],
            "type": "MAT4"
        },
        {
            "bufferView": 0,
            "byteOffset": 182896,
            "componentType": 5126,
            "count": 270,
            "max": [
                41.33979415893555,
                2.5921971797943115,
                178.63336181640625
            ],
            "min": [
                -41.33980941772461,
                -58.26179885864258,
                134.9296417236328
            ],
            "type": "VEC3"
        },
        {
            "bufferView": 0,
            "byteOffset": 186136,
            "componentType": 5126,
            "count": 270,
            "max": [
                0.9999598860740662,
                0.9990816116333008,
                0.9997270703315735
            ],
            "min": [
                -0.9999598860740662,
                -0.9994373321533203,
                -0.9990903735160828
            ],
            "type": "VEC3"
        },
        {
            "bufferView": 0,
            "byteOffset": 189376,
            "componentType": 5126,
            "count": 270,
            "max": [
                0.9908072352409363,
                0.9698363542556763
            ],
            "min": [
                0.021066028624773026,
                0.01829582452774048
            ],
            "type": "VEC2"
        },
        {
            "bufferView": 0,
            "byteOffset": 191536,
            "componentType": 5123,
            "count": 270,
            "max": [
                5,
                7,
                7,
                0
            ],
            "min": [
                0,
                0,
                0,
                0
            ],
            "type": "VEC4"
        },
        {
            "bufferView": 0,
            "byteOffset": 193696,
            "componentType": 5126,
            "count": 270,
            "max": [
                1,
                0.9998548030853271,
                0.9816783666610718,
                0
            ],
            "min": [
                0.00014519254909828305,
                0,
                0,
                0
            ],
            "type": "VEC4"
        },
        {
            "bufferView": 2,
            "byteOffset": 30120,
            "componentType": 5123,
            "count": 1158,
            "max": [
                269
            ],
            "min": [
                0
            ],
            "type": "SCALAR"
        },
        {
            "bufferView": 1,
            "byteOffset": 3712,
            "componentType": 5126,
            "count": 8,
            "max": [
                0.9999999999999085,
                0.9999999999999976,
                3.0643981032225097e-7,
                0,
                3.0643968784711385e-7,
                0.9999998807905395,
                0.9740789832664016,
                0,
                0.9740789832664128,
                0.9999998807902206,
                0.9999998807905923,
                0,
                97.83488973699806,
                13.672823917625292,
                -7.970561554283911,
                1
            ],
            "min": [
                4.761906220946558e-8,
                -2.3747761545160997e-7,
                -2.3747769124938092e-7,
                0,
                -0.9999998807905744,
                -6.695602489600874e-7,
                -0.9999998807901824,
                0,
                -0.739748278149286,
                -2.393594797310145e-7,
                -6.695601761874578e-7,
                0,
                -119.51688308531162,
                -140.93927381381303,
                -154.9400466120716,
                1
            ],
            "type": "MAT4"
        },
        {
            "bufferView": 0,
            "byteOffset": 198016,
            "componentType": 5126,
            "count": 709,
            "max": [
                126.00578308105469,
                -15.837594985961914,
                162.90025329589844
            ],
            "min": [
                -73.01681518554688,
                -64.47805786132812,
                22.332582473754883
            ],
            "type": "VEC3"
        },
        {
            "bufferView": 0,
            "byteOffset": 206524,
            "componentType": 5126,
            "count": 709,
            "max": [
                0.986778974533081,
                0.994999349117279,
                0.9939174652099609
            ],
            "min": [
                -0.9960728287696838,
                -0.9967062473297119,
                -0.9887006282806396
            ],
            "type": "VEC3"
        },
        {
            "bufferView": 0,
            "byteOffset": 215032,
            "componentType": 5126,
            "count": 709,
            "max": [
                0.9868339896202087,
                0.9780660271644592
            ],
            "min": [
                0.008844999596476555,
                0.00732499361038208
            ],
            "type": "VEC2"
        },
        {
            "bufferView": 0,
            "byteOffset": 220704,
            "componentType": 5123,
            "count": 709,
            "max": [
                0,
                0,
                0,
                0
            ],
            "min": [
                0,
                0,
                0,
                0
            ],
            "type": "VEC4"
        },
        {
            "bufferView": 0,
            "byteOffset": 226376,
            "componentType": 5126,
            "count": 709,
            "max": [
                1,
                0,
                0,
                0
            ],
            "min": [
                1,
                0,
                0,
                0
            ],
            "type": "VEC4"
        },
        {
            "bufferView": 2,
            "byteOffset": 32436,
            "componentType": 5123,
            "count": 3384,
            "max": [
                708
            ],
            "min": [
                0
            ],
            "type": "SCALAR"
        },
        {
            "bufferView": 1,
            "byteOffset": 4224,
            "componentType": 5126,
            "count": 1,
            "max": [
                -0.6625795189767435,
                -0.047862589791265966,
                0.7474609268817073,
                0,
                -0.13064896632116,
                -0.9752710466683464,
                -0.17826256133905732,
                0,
                0.7375090860937874,
                -0.2157680886263917,
                0.6399412439977233,
                0,
                -66.72563981154315,
                -24.95840077853508,
                -13.861881420224508,
                1
            ],
            "min": [
                -0.6625795189767435,
                -0.047862589791265966,
                0.7474609268817073,
                0,
                -0.13064896632116,
                -0.9752710466683464,
                -0.17826256133905732,
                0,
                0.7375090860937874,
                -0.2157680886263917,
                0.6399412439977233,
                0,
                -66.72563981154315,
                -24.95840077853508,
                -13.861881420224508,
                1
            ],
            "type": "MAT4"
        }
    ],
    "asset": {
        "generator": "ClayGL - fbx2gltf",
        "version": "2.0"
    },
    "bufferViews": [
        {
            "buffer": 0,
            "byteLength": 237720,
            "byteOffset": 0,
            "target": 34962
        },
        {
            "buffer": 0,
            "byteLength": 4288,
            "byteOffset": 237720,
            "target": 34962
        },
        {
            "buffer": 0,
            "byteLength": 39204,
            "byteOffset": 242008,
            "target": 34963
        }
    ],
    "buffers": [
        {
            "byteLength": 281212,
            "uri": "slardar.bin"
        }
    ],
    "images": [
        {
            "uri": "textures/slardar_color.png"
        },
        {
            "uri": "textures/slardar_back_color.png"
        },
        {
            "uri": "textures/slardar_bracers_color.png"
        },
        {
            "uri": "textures/slardar_head_color.png"
        },
        {
            "uri": "textures/weapon_color.png"
        }
    ],
    "materials": [
        {
            "emissiveFactor": [
                0,
                0,
                0
            ],
            "name": "Material #35",
            "pbrMetallicRoughness": {
                "baseColorFactor": [
                    1,
                    1,
                    1,
                    1
                ],
                "baseColorTexture": {
                    "index": 0,
                    "texCoord": 0
                },
                "metallicFactor": 0,
                "roughnessFactor": 0.9230769230769231
            }
        },
        {
            "emissiveFactor": [
                0,
                0,
                0
            ],
            "name": "Material #46",
            "pbrMetallicRoughness": {
                "baseColorFactor": [
                    1,
                    1,
                    1,
                    1
                ],
                "baseColorTexture": {
                    "index": 1,
                    "texCoord": 0
                },
                "metallicFactor": 0,
                "roughnessFactor": 0.9230769230769231
            }
        },
        {
            "emissiveFactor": [
                0,
                0,
                0
            ],
            "name": "Material #57",
            "pbrMetallicRoughness": {
                "baseColorFactor": [
                    1,
                    1,
                    1,
                    1
                ],
                "baseColorTexture": {
                    "index": 2,
                    "texCoord": 0
                },
                "metallicFactor": 0,
                "roughnessFactor": 0.9230769230769231
            }
        },
        {
            "emissiveFactor": [
                0,
                0,
                0
            ],
            "name": "Material #68",
            "pbrMetallicRoughness": {
                "baseColorFactor": [
                    1,
                    1,
                    1,
                    1
                ],
                "baseColorTexture": {
                    "index": 3,
                    "texCoord": 0
                },
                "metallicFactor": 0,
                "roughnessFactor": 0.9230769230769231
            }
        },
        {
            "emissiveFactor": [
                0,
                0,
                0
            ],
            "name": "Material #79",
            "pbrMetallicRoughness": {
                "baseColorFactor": [
                    1,
                    1,
                    1,
                    1
                ],
                "baseColorTexture": {
                    "index": 4,
                    "texCoord": 0
                },
                "metallicFactor": 0,
                "roughnessFactor": 0.9230769230769231
            }
        }
    ],
    "meshes": [
        {
            "name": "slardar_model_LOD0",
            "primitives": [
                {
                    "attributes": {
                        "JOINTS_0": 3,
                        "NORMAL": 1,
                        "POSITION": 0,
                        "TEXCOORD_0": 2,
                        "WEIGHTS_0": 4
                    },
                    "indices": 5,
                    "material": 0
                }
            ]
        },
        {
            "name": "slardar_back_model_LOD0",
            "primitives": [
                {
                    "attributes": {
                        "JOINTS_0": 10,
                        "NORMAL": 8,
                        "POSITION": 7,
                        "TEXCOORD_0": 9,
                        "WEIGHTS_0": 11
                    },
                    "indices": 12,
                    "material": 1
                }
            ]
        },
        {
            "name": "slardar_bracers_model",
            "primitives": [
                {
                    "attributes": {
                        "JOINTS_0": 17,
                        "NORMAL": 15,
                        "POSITION": 14,
                        "TEXCOORD_0": 16,
                        "WEIGHTS_0": 18
                    },
                    "indices": 19,
                    "material": 2
                }
            ]
        },
        {
            "name": "slardar_head_model",
            "primitives": [
                {
                    "attributes": {
                        "JOINTS_0": 24,
                        "NORMAL": 22,
                        "POSITION": 21,
                        "TEXCOORD_0": 23,
                        "WEIGHTS_0": 25
                    },
                    "indices": 26,
                    "material": 3
                }
            ]
        },
        {
            "name": "slardar_weapon_model_LOD0",
            "primitives": [
                {
                    "attributes": {
                        "JOINTS_0": 31,
                        "NORMAL": 29,
                        "POSITION": 28,
                        "TEXCOORD_0": 30,
                        "WEIGHTS_0": 32
                    },
                    "indices": 33,
                    "material": 4
                }
            ]
        }
    ],
    "nodes": [
        {
            "children": [
                1,
                6
            ],
            "matrix": [
                1.6292068478213574e-7,
                1.469367938527879e-39,
                1.0000000000000002,
                0,
                1.0000000000000002,
                6.123233995736847e-17,
                -1.6292068478213574e-7,
                0,
                -6.123233995736685e-17,
                1,
                9.976014756666736e-24,
                0,
                0,
                39.401180267333984,
                13.95314884185791,
                1
            ],
            "name": "Root_0"
        },
        {
            "children": [
                2
            ],
            "matrix": [
                -0.9809668660163883,
                -3.196395823279547e-7,
                -0.19417524337768557,
                0,
                -4.014559924939548e-7,
                1,
                3.8200258272915725e-7,
                0,
                0.1941752433775436,
                4.526846914378852e-7,
                -0.9809668660164158,
                0,
                -14,
                -0.000002773149844870204,
                -11.261600494384766,
                1
            ],
            "name": "Tail0_0"
        },
        {
            "children": [
                3
            ],
            "matrix": [
                0.9804831743240355,
                1.9150681396240395e-7,
                -0.19660304486751556,
                0,
                -0.000004882700654913899,
                1,
                -0.00002337654041186722,
                0,
                0.19660304486303165,
                0.000023880258363673478,
                0.9804831743249349,
                0,
                26.48619270324707,
                0.0000046651730372104785,
                0.000011444091800427714,
                1
            ],
            "name": "Tail0_1"
        },
        {
            "children": [
                4
            ],
            "matrix": [
                0.9931687712669375,
                0.0000028822773856518337,
                -0.11668696999549868,
                0,
                -8.482950132872236e-8,
                1,
                0.000023978918761520137,
                0,
                0.11668697006364323,
                -0.000023805214785014627,
                0.9931687712589312,
                0,
                33.59058380126954,
                0.0000020061270333827626,
                -0.000003814697265625,
                1
            ],
            "name": "Tail0_2"
        },
        {
            "children": [
                5
            ],
            "matrix": [
                0.8504595756530762,
                1.1367697538844379e-7,
                -0.5260408520698548,
                0,
                2.519878476833117e-8,
                1,
                2.5683846160972776e-7,
                0,
                0.5260408520698772,
                -2.3168631928265277e-7,
                0.8504595756530624,
                0,
                40.43212890625002,
                2.105671228491769e-7,
                -0.000003814697263848643,
                1
            ],
            "name": "Tail0_3"
        },
        {
            "matrix": [
                0.8704342246055603,
                2.3573198504323098e-8,
                0.49228441715240484,
                0,
                5.899352851389816e-8,
                1.0000000000000002,
                -1.5219491444895502e-7,
                0,
                -0.4922844171524081,
                1.615172571475139e-7,
                0.8704342246055585,
                0,
                29.275970458984375,
                7.981666385603671e-7,
                -0.000007629394517039145,
                1
            ],
            "name": "Tail0_4"
        },
        {
            "children": [
                7
            ],
            "matrix": [
                -0.39986580610275235,
                -9.533543719371429e-8,
                0.9165737032890319,
                0,
                -2.3841857866769457e-7,
                1,
                4.8969437316050296e-17,
                0,
                -0.9165737032890237,
                -2.1852819956277302e-7,
                -0.39986580610277156,
                0,
                0.15341854095459162,
                5.154279278940521e-7,
                11.21978759765625,
                1
            ],
            "name": "Spine_0"
        },
        {
            "children": [
                8
            ],
            "matrix": [
                0.9922369122505191,
                1.681108763307293e-8,
                -0.12436267733573908,
                0,
                -1.694261419192554e-8,
                0.9999999999999996,
                3.5527136258609417e-15,
                0,
                0.12436267733573902,
                2.1070253368405632e-9,
                0.9922369122505188,
                0,
                23.797431945800803,
                0.000001793398951122072,
                -0.000003814697265625,
                1
            ],
            "name": "Spine_1"
        },
        {
            "children": [
                9,
                40
            ],
            "matrix": [
                0.9953174591064461,
                -1.7763568394002505e-15,
                -0.09666296839714056,
                0,
                2.0866163920662403e-15,
                1.0000000000000002,
                3.108624416010879e-15,
                0,
                0.0966629683971405,
                -3.2957668695256194e-15,
                0.9953174591064454,
                0,
                25.724426269531264,
                0.0000010785582844619057,
                0.000003814697265625,
                1
            ],
            "name": "Spine_2"
        },
        {
            "children": [
                10,
                12,
                13,
                22,
                36
            ],
            "matrix": [
                0.913880527019501,
                2.607667504150872e-8,
                -0.4059826731681824,
                0,
                -3.390428030640593e-9,
                0.9999999999999998,
                5.659903834498447e-8,
                0,
                0.40598267316818354,
                -5.034830395644738e-8,
                0.9138805270195003,
                0,
                27.939559936523423,
                0.0000011308222838124485,
                0.000007629394534802714,
                1
            ],
            "name": "Spine_3"
        },
        {
            "children": [
                11
            ],
            "matrix": [
                7.450580588597155e-8,
                0.3190414011478426,
                -0.9477409720420839,
                0,
                8.120793727750542e-8,
                0.9477408914705864,
                0.3190413740247802,
                0,
                0.9999999999999948,
                -1.0073449583577664e-7,
                4.4703492269038136e-8,
                0,
                30.90337371826169,
                5.204688022786286e-7,
                10.485111236572259,
                1
            ],
            "name": "top_dorso"
        },
        {
            "matrix": [
                8.326672684688674e-17,
                1.3877787807814457e-17,
                0.9999998807907566,
                0,
                0.3190413713455259,
                0.9477406144142326,
                -4.2177820320070674e-17,
                0,
                -0.9477406144142496,
                0.3190413713455317,
                8.326672684688674e-17,
                0,
                -18.605407714843743,
                6.26320838928223,
                1.9010314941406534,
                1
            ],
            "name": "top_dorso_end"
        },
        {
            "matrix": [
                1,
                -2.6469779601696886e-23,
                -2.7755575615628914e-17,
                0,
                -3.970466940254533e-23,
                1,
                4.440893686687402e-16,
                0,
                -2.7755575615628914e-17,
                -4.440892627896218e-16,
                1,
                0,
                6.79302978515625,
                0.000004087288289156278,
                31.02354812622071,
                1
            ],
            "name": "mid_dorso"
        },
        {
            "children": [
                14
            ],
            "matrix": [
                0.2563984394073486,
                0.9593480229377749,
                -0.1179465651512146,
                0,
                -0.030453284915009315,
                -0.1139472989398538,
                -0.9930199369004511,
                0,
                -0.9660912822118484,
                0.2582005894653906,
                -6.109476080318199e-7,
                0,
                8.18813323974608,
                -6.55559778213501,
                8.1952896118164,
                1
            ],
            "name": "clavicle_R"
        },
        {
            "children": [
                15
            ],
            "matrix": [
                0.5242787599563599,
                -0.4009109139442444,
                -0.7512671351432804,
                0,
                -0.6987326087923346,
                0.3017341093186108,
                -0.6486363377533582,
                0,
                0.48672837086615967,
                0.86500121379278,
                -0.12193676015627063,
                0,
                -25.0161018371582,
                0.00002288818359375,
                0.00004577636715907829,
                1
            ],
            "name": "bicep_R"
        },
        {
            "children": [
                16
            ],
            "matrix": [
                0.5437990427017216,
                2.533197404619436e-7,
                -0.839215576648712,
                0,
                1.2901235336287842e-7,
                1.0000003576278609,
                3.854511691492313e-7,
                0,
                0.8392156606057637,
                -3.1787707147068467e-7,
                0.5437990971045292,
                0,
                -46.28311920166014,
                0.0000152587890625,
                0.000009536743160509786,
                1
            ],
            "name": "elbow_R"
        },
        {
            "children": [
                17,
                18,
                21
            ],
            "matrix": [
                0.9456200599670413,
                0.05590058863162989,
                -0.32043343782424927,
                0,
                0.08777705812066283,
                0.9047191717194435,
                0.4168668604507304,
                0,
                0.3132054024462973,
                -0.422324403926876,
                0.8506138763824957,
                0,
                -43.78157806396486,
                0.00000762939453125,
                -0.0000038146972585195726,
                1
            ],
            "name": "wrist_R"
        },
        {
            "matrix": [
                -0.3312092423439027,
                -0.9002072215080258,
                0.28271317481994634,
                0,
                0.4140604155218779,
                0.13056730699566022,
                0.9008362249907533,
                0,
                -0.8478529695625505,
                0.4154259104843666,
                0.3294953091983069,
                0,
                -9.683443069457997,
                -8.062606811523438,
                7.608047485351555,
                1
            ],
            "name": "thumb3_0"
        },
        {
            "children": [
                19
            ],
            "matrix": [
                -0.6622339487075808,
                -0.7458998560905457,
                -0.07126539945602423,
                0,
                -0.007956283302541653,
                -0.08810440279088749,
                0.996079202712506,
                0,
                -0.7492545958544451,
                0.6602048823465982,
                0.05241116861617048,
                0,
                -17.781547546386708,
                -3.6345138549804545,
                7.354883193969721,
                1
            ],
            "name": "index_finger2_0"
        },
        {
            "children": [
                20
            ],
            "matrix": [
                0.41842171549797025,
                2.3841857901829577e-7,
                -0.9082528948783876,
                0,
                1.2412566374048195e-8,
                1.0000002384186661,
                2.682208056908886e-7,
                0,
                0.9082530233286764,
                -1.2350314688991393e-7,
                0.41842177467351643,
                0,
                7.701572418212891,
                0.000007629394534802714,
                0,
                1
            ],
            "name": "index_finger2_1"
        },
        {
            "matrix": [
                0.999893426895142,
                -2.980232248483983e-8,
                0.014589309692382868,
                0,
                3.024033696369388e-8,
                0.9999998807907104,
                -2.980232220728407e-8,
                0,
                -0.014589310517476695,
                3.024033719267738e-8,
                0.9998934834438782,
                0,
                4.9686126708984375,
                0.0000019073486274834295,
                0.000009536743167615214,
                1
            ],
            "name": "index_finger2_2"
        },
        {
            "matrix": [
                0.2504257261753082,
                0.9679779410362246,
                -0.017463773488998552,
                0,
                -0.9420133778797233,
                0.23946710350941336,
                -0.23508724640872095,
                0,
                -0.2233773807176111,
                0.07532304015779234,
                0.9718173771478417,
                0,
                -14.537756919860833,
                -8.995834350585938,
                -2.0804157257080167,
                1
            ],
            "name": "weapon_1"
        },
        {
            "children": [
                23
            ],
            "matrix": [
                0.8419905900955201,
                -4.014924002149201e-7,
                -0.5394920110702515,
                0,
                2.1958732077111192e-7,
                0.9999999999999998,
                -4.0149240021489734e-7,
                0,
                0.5394920110703258,
                2.195872176874372e-7,
                0.8419905900954726,
                0,
                14.27050018310544,
                -0.0000014305114746093742,
                -7.105427357601002e-15,
                1
            ],
            "name": "Head_0"
        },
        {
            "children": [
                24,
                27,
