{
    "animations": {},
    "asset": {},
    "attributes": {
        "attribute_1": {
            "bufferView": "bufferView_31",
            "byteOffset": 0,
            "byteStride": 12,
            "count": 2074,
            "max": [
                1,
                1,
                1
            ],
            "min": [
                0,
                0,
                0
            ],
            "type": "FLOAT_VEC3"
        },
        "attribute_10": {
            "bufferView": "bufferView_31",
            "byteOffset": 134936,
            "byteStride": 16,
            "count": 328,
            "max": [
                1,
                1,
                1
            ],
            "min": [
                0,
                0,
                0
            ],
            "type": "FLOAT_VEC4"
        },
        "attribute_11": {
            "bufferView": "bufferView_31",
            "byteOffset": 140184,
            "byteStride": 12,
            "count": 328,
            "max": [
                1,
                1,
                1
            ],
            "min": [
                0,
                0,
                0
            ],
            "type": "FLOAT_VEC3"
        },
        "attribute_13": {
            "bufferView": "bufferView_31",
            "byteOffset": 144120,
            "byteStride": 12,
            "count": 288,
            "max": [
                1,
                1,
                1
            ],
            "min": [
                0,
                0,
                0
            ],
            "type": "FLOAT_VEC3"
        },
        "attribute_14": {
            "bufferView": "bufferView_31",
            "byteOffset": 147576,
            "byteStride": 12,
            "count": 288,
            "max": [
                1,
                1,
                1
            ],
            "min": [
                0,
                0,
                0
            ],
            "type": "FLOAT_VEC3"
        },
        "attribute_15": {
            "bufferView": "bufferView_31",
            "byteOffset": 151032,
            "byteStride": 8,
            "count": 288,
            "max": [
                1,
                1,
                1
            ],
            "min": [
                0,
                0,
                0
            ],
            "type": "FLOAT_VEC2"
        },
        "attribute_16": {
            "bufferView": "bufferView_31",
            "byteOffset": 153336,
            "byteStride": 16,
            "count": 288,
            "max": [
                1,
                1,
                1
            ],
            "min": [
                0,
                0,
                0
            ],
            "type": "FLOAT_VEC4"
        },
        "attribute_17": {
            "bufferView": "bufferView_31",
            "byteOffset": 157944,
            "byteStride": 12,
            "count": 288,
            "max": [
                1,
                1,
                1
            ],
            "min": [
                0,
                0,
                0
            ],
            "type": "FLOAT_VEC3"
        },
        "attribute_19": {
            "bufferView": "bufferView_31",
            "byteOffset": 161400,
            "byteStride": 12,
            "count": 213,
            "max": [
                1,
                1,
                1
            ],
            "min": [
                0,
                0,
                0
            ],
            "type": "FLOAT_VEC3"
        },
        "attribute_2": {
            "bufferView": "bufferView_31",
            "byteOffset": 24888,
            "byteStride": 12,
            "count": 2074,
            "max": [
                1,
                1,
                1
            ],
            "min": [
                0,
                0,
                0
            ],
            "type": "FLOAT_VEC3"
        },
        "attribute_20": {
            "bufferView": "bufferView_31",
            "byteOffset": 163956,
            "byteStride": 12,
            "count": 213,
            "max": [
                1,
                1,
                1
            ],
            "min": [
                0,
                0,
                0
            ],
            "type": "FLOAT_VEC3"
        },
        "attribute_21": {
            "bufferView": "bufferView_31",
            "byteOffset": 166512,
            "byteStride": 8,
            "count": 213,
            "max": [
                1,
                1,
                1
            ],
            "min": [
                0,
                0,
                0
            ],
            "type": "FLOAT_VEC2"
        },
        "attribute_22": {
            "bufferView": "bufferView_31",
            "byteOffset": 168216,
            "byteStride": 16,
            "count": 213,
            "max": [
                1,
                1,
                1
            ],
            "min": [
                0,
                0,
                0
            ],
            "type": "FLOAT_VEC4"
        },
        "attribute_23": {
            "bufferView": "bufferView_31",
            "byteOffset": 171624,
            "byteStride": 12,
            "count": 213,
            "max": [
                1,
                1,
                1
            ],
            "min": [
                0,
                0,
                0
            ],
            "type": "FLOAT_VEC3"
        },
        "attribute_25": {
            "bufferView": "bufferView_31",
            "byteOffset": 174180,
            "byteStride": 12,
            "count": 611,
            "max": [
                1,
                1,
                1
            ],
            "min": [
                0,
                0,
                0
            ],
            "type": "FLOAT_VEC3"
        },
        "attribute_26": {
            "bufferView": "bufferView_31",
            "byteOffset": 181512,
            "byteStride": 12,
            "count": 611,
            "max": [
                1,
                1,
                1
            ],
            "min": [
                0,
                0,
                0
            ],
            "type": "FLOAT_VEC3"
        },
        "attribute_27": {
            "bufferView": "bufferView_31",
            "byteOffset": 188844,
            "byteStride": 8,
            "count": 611,
            "max": [
                1,
                1,
                1
            ],
            "min": [
                0,
                0,
                0
            ],
            "type": "FLOAT_VEC2"
        },
        "attribute_28": {
            "bufferView": "bufferView_31",
            "byteOffset": 193732,
            "byteStride": 16,
            "count": 611,
            "max": [
                1,
                1,
                1
            ],
            "min": [
                0,
                0,
                0
            ],
            "type": "FLOAT_VEC4"
        },
        "attribute_29": {
            "bufferView": "bufferView_31",
            "byteOffset": 203508,
            "byteStride": 12,
            "count": 611,
            "max": [
                1,
                1,
                1
            ],
            "min": [
                0,
                0,
                0
            ],
            "type": "FLOAT_VEC3"
        },
        "attribute_3": {
            "bufferView": "bufferView_31",
            "byteOffset": 49776,
            "byteStride": 8,
            "count": 2074,
            "max": [
                1,
                1,
                1
            ],
            "min": [
                0,
                0,
                0
            ],
            "type": "FLOAT_VEC2"
        },
        "attribute_4": {
            "bufferView": "bufferView_31",
            "byteOffset": 66368,
            "byteStride": 16,
            "count": 2074,
            "max": [
                1,
                1,
                1
            ],
            "min": [
                0,
                0,
                0
            ],
            "type": "FLOAT_VEC4"
        },
        "attribute_5": {
            "bufferView": "bufferView_31",
            "byteOffset": 99552,
            "byteStride": 12,
            "count": 2074,
            "max": [
                1,
                1,
                1
            ],
            "min": [
                0,
                0,
                0
            ],
            "type": "FLOAT_VEC3"
        },
        "attribute_7": {
            "bufferView": "bufferView_31",
            "byteOffset": 124440,
            "byteStride": 12,
            "count": 328,
            "max": [
                1,
                1,
                1
            ],
            "min": [
                0,
                0,
                0
            ],
            "type": "FLOAT_VEC3"
        },
        "attribute_8": {
            "bufferView": "bufferView_31",
            "byteOffset": 128376,
            "byteStride": 12,
            "count": 328,
            "max": [
                1,
                1,
                1
            ],
            "min": [
                0,
                0,
                0
            ],
            "type": "FLOAT_VEC3"
        },
        "attribute_9": {
            "bufferView": "bufferView_31",
            "byteOffset": 132312,
            "byteStride": 8,
            "count": 328,
            "max": [
                1,
                1,
                1
            ],
            "min": [
                0,
                0,
                0
            ],
            "type": "FLOAT_VEC2"
        }
    },
    "bufferViews": {
        "bufferView_31": {
            "buffer": "slardar.bin",
            "byteLength": 210840,
            "byteOffset": 0,
            "target": "ARRAY_BUFFER"
        },
        "bufferView_32": {
            "buffer": "slardar.bin",
            "byteLength": 39204,
            "byteOffset": 210840,
            "target": "ELEMENT_ARRAY_BUFFER"
        }
    },
    "buffers": {
        "slardar.bin": {
            "byteLength": 250044,
            "path": "slardar.bin"
        }
    },
    "cameras": {},
    "images": {
        "image_0": {
            "path": "textures/slardar_color.png"
        },
        "image_1": {
            "path": "textures/slardar_back_color.png"
        },
        "image_2": {
            "path": "textures/slardar_bracers_color.png"
        },
        "image_3": {
            "path": "textures/slardar_head_color.png"
        },
        "image_4": {
            "path": "textures/weapon_color.png"
        }
    },
    "indices": {
        "indices_12": {
            "bufferView": "bufferView_32",
            "byteOffset": 23076,
            "count": 1860,
            "type": "UNSIGNED_SHORT"
        },
        "indices_18": {
            "bufferView": "bufferView_32",
            "byteOffset": 26796,
            "count": 1662,
            "type": "UNSIGNED_SHORT"
        },
        "indices_24": {
            "bufferView": "bufferView_32",
            "byteOffset": 30120,
            "count": 1158,
            "type": "UNSIGNED_SHORT"
        },
        "indices_30": {
            "bufferView": "bufferView_32",
            "byteOffset": 32436,
            "count": 3384,
            "type": "UNSIGNED_SHORT"
        },
        "indices_6": {
            "bufferView": "bufferView_32",
            "byteOffset": 0,
            "count": 11538,
            "type": "UNSIGNED_SHORT"
        }
    },
    "lights": {},
    "materials": {
        "Material #35": {
            "instanceTechnique": {
                "technique": "technique_0",
                "values": [
                    {
                        "parameter": "ambient",
                        "value": [
                            0.5879999995231628,
                            0.5879999995231628,
                            0.5879999995231628
                        ]
                    },
                    {
                        "parameter": "emission",
                        "value": [
                            0,
                            0,
                            0
                        ]
                    },
                    {
                        "parameter": "diffuse",
                        "value": "Map #6"
                    },
                    {
                        "parameter": "shininess",
                        "value": 2
                    },
                    {
                        "parameter": "specular",
                        "value": [
                            0.8999999761581421,
                            0.8999999761581421,
                            0.8999999761581421
                        ]
                    }
                ]
            },
            "name": "Material #35"
        },
        "Material #46": {
            "instanceTechnique": {
                "technique": "technique_0",
                "values": [
                    {
                        "parameter": "ambient",
                        "value": [
                            0.5879999995231628,
                            0.5879999995231628,
                            0.5879999995231628
                        ]
                    },
                    {
                        "parameter": "emission",
                        "value": [
                            0,
                            0,
                            0
                        ]
                    },
                    {
                        "parameter": "diffuse",
                        "value": "Map #7"
                    },
                    {
                        "parameter": "shininess",
                        "value": 2
                    },
                    {
                        "parameter": "specular",
                        "value": [
                            0.8999999761581421,
                            0.8999999761581421,
                            0.8999999761581421
                        ]
                    }
                ]
            },
            "name": "Material #46"
        },
        "Material #57": {
            "instanceTechnique": {
                "technique": "technique_0",
                "values": [
                    {
                        "parameter": "ambient",
                        "value": [
                            0.5879999995231628,
                            0.5879999995231628,
                            0.5879999995231628
                        ]
                    },
                    {
                        "parameter": "emission",
                        "value": [
                            0,
                            0,
                            0
                        ]
                    },
                    {
                        "parameter": "diffuse",
                        "value": "Map #8"
                    },
                    {
                        "parameter": "shininess",
                        "value": 2
                    },
                    {
                        "parameter": "specular",
                        "value": [
                            0.8999999761581421,
                            0.8999999761581421,
                            0.8999999761581421
                        ]
                    }
                ]
            },
            "name": "Material #57"
        },
        "Material #68": {
            "instanceTechnique": {
                "technique": "technique_0",
                "values": [
                    {
                        "parameter": "ambient",
                        "value": [
                            0.5879999995231628,
                            0.5879999995231628,
                            0.5879999995231628
                        ]
                    },
                    {
                        "parameter": "emission",
                        "value": [
                            0,
                            0,
                            0
                        ]
                    },
                    {
                        "parameter": "diffuse",
                        "value": "Map #9"
                    },
                    {
                        "parameter": "shininess",
                        "value": 2
                    },
                    {
                        "parameter": "specular",
                        "value": [
                            0.8999999761581421,
                            0.8999999761581421,
                            0.8999999761581421
                        ]
                    }
                ]
            },
            "name": "Material #68"
        },
        "Material #79": {
            "instanceTechnique": {
                "technique": "technique_0",
                "values": [
                    {
                        "parameter": "ambient",
                        "value": [
                            0.5879999995231628,
                            0.5879999995231628,
                            0.5879999995231628
                        ]
                    },
                    {
                        "parameter": "emission",
                        "value": [
                            0,
                            0,
                            0
                        ]
                    },
                    {
                        "parameter": "diffuse",
                        "value": "Map #10"
                    },
                    {
                        "parameter": "shininess",
                        "value": 2
                    },
                    {
                        "parameter": "specular",
                        "value": [
                            0.8999999761581421,
                            0.8999999761581421,
                            0.8999999761581421
                        ]
                    }
                ]
            },
            "name": "Material #79"
        }
    },
    "meshes": {
        "slardar_back_model_LOD0-mesh": {
            "name": "slardar_back_model_LOD0-mesh",
            "primitives": [
                {
                    "indices": "indices_12",
                    "material": "Material #46",
                    "semantics": {
                        "JOINT": "attribute_10",
                        "NORMAL": "attribute_8",
                        "POSITION": "attribute_7",
                        "TEXCOORD_0": "attribute_9",
                        "WEIGHT": "attribute_11"
                    },
                    "skin": "skin_1"
                }
            ]
        },
        "slardar_bracers_model-mesh": {
            "name": "slardar_bracers_model-mesh",
            "primitives": [
                {
                    "indices": "indices_18",
                    "material": "Material #57",
                    "semantics": {
                        "JOINT": "attribute_16",
                        "NORMAL": "attribute_14",
                        "POSITION": "attribute_13",
                        "TEXCOORD_0": "attribute_15",
                        "WEIGHT": "attribute_17"
                    },
                    "skin": "skin_2"
                }
            ]
        },
        "slardar_head_model-mesh": {
            "name": "slardar_head_model-mesh",
            "primitives": [
                {
                    "indices": "indices_24",
                    "material": "Material #68",
                    "semantics": {
                        "JOINT": "attribute_22",
                        "NORMAL": "attribute_20",
                        "POSITION": "attribute_19",
                        "TEXCOORD_0": "attribute_21",
                        "WEIGHT": "attribute_23"
                    },
                    "skin": "skin_3"
                }
            ]
        },
        "slardar_model_LOD0-mesh": {
            "name": "slardar_model_LOD0-mesh",
            "primitives": [
                {
                    "indices": "indices_6",
                    "material": "Material #35",
                    "semantics": {
                        "JOINT": "attribute_4",
                        "NORMAL": "attribute_2",
                        "POSITION": "attribute_1",
                        "TEXCOORD_0": "attribute_3",
                        "WEIGHT": "attribute_5"
                    },
                    "skin": "skin_0"
                }
            ]
        },
        "slardar_weapon_model_LOD0-mesh": {
            "name": "slardar_weapon_model_LOD0-mesh",
            "primitives": [
                {
                    "indices": "indices_30",
                    "material": "Material #79",
                    "semantics": {
                        "JOINT": "attribute_28",
                        "NORMAL": "attribute_26",
                        "POSITION": "attribute_25",
                        "TEXCOORD_0": "attribute_27",
                        "WEIGHT": "attribute_29"
                    },
                    "skin": "skin_4"
                }
            ]
        }
    },
    "nodes": {
        "Head_0": {
            "children": [
                "Head_1"
            ],
            "matrix": [
                0.8419905900955202,
                -4.0149240021492005e-7,
                -0.5394920110702515,
                0,
                2.195873207711119e-7,
                0.9999999999999994,
                -4.014924002148974e-7,
                0,
                0.539492011070326,
                2.1958721768743724e-7,
                0.8419905900954727,
                0,
                14.270500183105469,
                -0.000001430511474609375,
                0,
                1
            ],
            "name": "Head_0"
        },
        "Head_1": {
            "children": [
                "L_antenna0_0_L",
                "R_antenna1_0_R",
                "jaw",
                "ear3_0_A_R",
                "ear2_0_A_L",
                "top_antenna1_0"
            ],
            "matrix": [
                0.7159729003906252,
                3.41402511594424e-7,
                -0.6981284022331238,
                0,
                -4.768371978997525e-7,
                0.9999999999999998,
                -1.0587911840678754e-22,
                0,
                0.6981284022330426,
                3.3289359109503505e-7,
                0.7159729003907043,
                0,
                14.687179565429688,
                0.000005969955964246768,
                0.000015258789076710855,
                1
            ],
            "name": "Head_1"
        },
        "L_antenna0_0_L": {
            "children": [
                "L_antenna0_1_L"
            ],
            "matrix": [
                0.09445182234048845,
                0.4466737210750578,
                -0.8896972537040706,
                0,
                -0.8103851426388942,
                -0.48458684982722805,
                -0.3293193990387696,
                0,
                -0.5782339011500918,
                0.7521022405859101,
                0.3162076308063955,
                0,
                15.166452407836914,
                13.364165306091309,
                -0.0000152587890625,
                1
            ],
            "name": "L_antenna0_0_L"
        },
        "L_antenna0_1_L": {
            "children": [
                "L_antenna0_2_L"
            ],
            "matrix": [
                0.6586914658546447,
                -3.874301912065725e-7,
                -0.7524132132530211,
                0,
                5.881815158259585e-7,
                0.9999998807906658,
                -1.3877787807814457e-17,
                0,
                0.752413310280863,
                -4.4255565403994446e-7,
                0.658691550796777,
                0,
                20.57251739501953,
                0,
                0,
                1
            ],
            "name": "L_antenna0_1_L"
        },
        "L_antenna0_2_L": {
            "children": [],
            "matrix": [
                1.0000004768371584,
                2.384185792125848e-7,
                5.960464483090178e-8,
                0,
                -2.3841859519979636e-7,
                1.0000004768371298,
                2.6822090157252454e-7,
                0,
                -5.9604548796610146e-8,
                -2.6822077178745296e-7,
                0.9999999403953426,
                0,
                26.522293090820312,
                0.0000152587890625,
                0.000003814697265625,
                1
            ],
            "name": "L_antenna0_2_L"
        },
        "R_antenna1_0_R": {
            "children": [
                "R_antenna1_1_R"
            ],
            "matrix": [
                -0.0972771942615509,
                0.47109714150428755,
                0.8767011165618895,
                0,
                0.8318987756219675,
                -0.44506021896270204,
                0.33146002698424964,
                0,
                0.5463346283043958,
                0.7615700397276183,
                -0.34861090424998126,
                0,
                15.166456222534173,
                -13.36416721343994,
                -0.0000152587890625,
                1
            ],
            "name": "R_antenna1_0_R"
        },
        "R_antenna1_1_R": {
            "children": [
                "R_antenna1_2_R"
            ],
            "matrix": [
                0.6479610204696654,
                -4.4703483587094084e-7,
                -0.7616735696792604,
                0,
                7.599749038411652e-7,
                0.9999999999998253,
                5.9604639529586834e-8,
                0,
                0.7616735005201276,
                -6.17474224640091e-7,
                0.647960961635871,
                0,
                -19.917015075683594,
                1.4210854715202004e-14,
                0,
                1
            ],
            "name": "R_antenna1_1_R"
        },
        "R_antenna1_2_R": {
            "children": [],
            "matrix": [
                1,
                2.980232227667301e-8,
                2.980232233218416e-8,
                0,
                -2.9802306122928002e-8,
                0.9999999403953546,
                -4.917383194802394e-7,
                0,
                -2.980232999272303e-8,
                4.917382306346418e-7,
                0.9999997615814601,
                0,
                -28.866043090820284,
                0.00000762939453125,
                0.000015258789069605427,
                1
            ],
            "name": "R_antenna1_2_R"
        },
        "Root_0": {
            "children": [
                "Tail0_0",
                "Spine_0"
            ],
            "matrix": [
                -1.629206851037603e-7,
                -1.0000000000000002,
                0,
                0,
                1.0000000000000002,
                -1.629206851037603e-7,
                0,
                0,
                0,
                0,
                1,
                0,
                0,
                -13.95314884185791,
                39.401180267333984,
                1
            ],
            "name": "Root_0"
        },
        "Spine_0": {
            "children": [
                "Spine_1"
            ],
            "matrix": [
                -0.39986580610275235,
                -9.533543719371429e-8,
                0.9165737032890319,
                0,
                -2.3841857866769462e-7,
                1.0000000000000002,
                4.896943202387273e-17,
                0,
                -0.9165737032890237,
                -2.1852819956277305e-7,
                -0.39986580610277156,
                0,
                0.15341854095458984,
                5.154279278940517e-7,
                11.21978759765625,
                1
            ],
            "name": "Spine_0"
        },
        "Spine_1": {
            "children": [
                "Spine_2"
            ],
            "matrix": [
                0.992236912250519,
                1.6811087633072943e-8,
                -0.12436267733573902,
                0,
                -1.6942614191925464e-8,
                0.9999999999999997,
                3.5527136663927917e-15,
                0,
                0.12436267733573902,
                2.107025336840713e-9,
                0.9922369122505189,
                0,
                23.79743194580079,
                0.0000017933989511220716,
                -0.000003814697265625,
                1
            ],
            "name": "Spine_1"
        },
        "Spine_2": {
            "children": [
                "Spine_3",
                "bottom_dorso"
            ],
            "matrix": [
                0.9953174591064456,
                -1.776356836091528e-15,
                -0.09666296839714053,
                0,
                2.0866163771769893e-15,
                0.9999999999999999,
                3.1086244788766057e-15,
                0,
                0.09666296839714048,
                -3.2957667425533953e-15,
                0.9953174591064455,
                0,
                25.72442626953125,
                0.000001078558284461906,
                0.0000038146972620722863,
                1
            ],
            "name": "Spine_2"
        },
        "Spine_3": {
            "children": [
                "top_dorso",
                "mid_dorso",
                "clavicle_R",
                "Head_0",
                "clavicle_L"
            ],
            "matrix": [
                0.9138805270195012,
                2.6076675041508692e-8,
                -0.4059826731681825,
                0,
                -3.390428030640573e-9,
                0.9999999999999997,
                5.6599038344984325e-8,
                0,
                0.4059826731681838,
                -5.034830395644737e-8,
                0.9138805270195005,
                0,
                27.93955993652345,
                0.0000011308222838124504,
                0.00000762939453125,
                1
            ],
            "name": "Spine_3"
        },
        "Tail0_0": {
            "children": [
                "Tail0_1"
            ],
            "matrix": [
                -0.9809668660163882,
                -3.196395823279548e-7,
                -0.19417524337768557,
                0,
                -4.0145599249395464e-7,
                1,
                3.8200258272915725e-7,
                0,
                0.1941752433775436,
                4.526846914378853e-7,
                -0.9809668660164158,
                0,
                -13.999999999999998,
                -0.0000027731498448702037,
                -11.261600494384766,
                1
            ],
            "name": "Tail0_0"
        },
        "Tail0_1": {
            "children": [
                "Tail0_2"
            ],
            "matrix": [
                0.9804831743240354,
                1.9150681396240353e-7,
                -0.1966030448675156,
                0,
                -0.000004882700654913901,
                1.0000000000000002,
                -0.000023376540411867224,
                0,
                0.19660304486303165,
                0.00002388025836367349,
                0.980483174324935,
                0,
                26.486192703247077,
                0.000004665173037210476,
                0.000011444091796875,
                1
            ],
            "name": "Tail0_1"
        },
        "Tail0_2": {
            "children": [
                "Tail0_3"
            ],
            "matrix": [
                0.9931687712669374,
                0.000002882277385651832,
                -0.11668696999549867,
                0,
                -8.482950132872167e-8,
                0.9999999999999999,
                0.000023978918761520124,
                0,
                0.11668697006364318,
                -0.000023805214785014613,
                0.993168771258931,
                0,
                33.590583801269545,
                0.000002006127033382654,
                -0.000003814697269177714,
                1
            ],
            "name": "Tail0_2"
        },
        "Tail0_3": {
            "children": [
                "Tail0_4"
            ],
            "matrix": [
                0.8504595756530764,
                1.1367697538844364e-7,
                -0.5260408520698546,
                0,
                2.5198784768331222e-8,
                0.9999999999999999,
                2.5683846160972776e-7,
                0,
                0.526040852069877,
                -2.3168631928265274e-7,
                0.8504595756530622,
                0,
                40.43212890625,
                2.1056712284917012e-7,
                -0.0000038146972620722863,
                1
            ],
            "name": "Tail0_3"
        },
        "Tail0_4": {
            "children": [],
            "matrix": [
                0.8704342246055606,
                2.3573198504323052e-8,
                0.4922844171524049,
                0,
                5.899352851389812e-8,
                0.9999999999999999,
                -1.5219491444895504e-7,
                0,
                -0.4922844171524079,
                1.6151725714751381e-7,
                0.8704342246055585,
                0,
                29.27597045898439,
                7.981666385603603e-7,
                -0.000007629394545460855,
                1
            ],
            "name": "Tail0_4"
        },
        "bicep_L": {
            "children": [
                "elbow_L"
            ],
            "matrix": [
                0.5077295303344724,
                -0.48213487863540627,
                -0.7139720320701597,
                0,
                -0.7840600233815427,
                0.08483569198832669,
                -0.6148597616820242,
                0,
                0.3570157237661156,
                0.8719795712865058,
                -0.33494916927149576,
                0,
                25.016099929809563,
                0.000019073486335230427,
                -0.00006103515625,
                1
            ],
            "name": "bicep_L"
        },
        "bicep_R": {
            "children": [
                "elbow_R"
            ],
            "matrix": [
                0.5242787599563601,
                -0.4009109139442443,
                -0.7512671351432803,
                0,
                -0.6987326087923343,
                0.30173410931861055,
                -0.6486363377533579,
                0,
                0.48672837086615955,
                0.8650012137927797,
                -0.12193676015627064,
                0,
                -25.016101837158203,
                0.00002288818359375,
                0.000045776367173289145,
                1
            ],
            "name": "bicep_R"
        },
        "bottom_dorso": {
            "children": [],
            "matrix": [
                0.9999998211860658,
                3.308722450212111e-24,
                1.4901161221603232e-8,
                0,
                -4.632211430296955e-23,
                1.0000000000000002,
                2.442490650866622e-15,
                0,
                -1.490116130486996e-8,
                -2.4424901818552146e-15,
                0.9999998211860656,
                0,
                7.7721328735351705,
                0.000004966864253219683,
                34.21853256225586,
                1
            ],
            "name": "bottom_dorso"
        },
        "clavicle_L": {
            "children": [
                "bicep_L"
            ],
            "matrix": [
                -0.25639837980270397,
                0.9593479633331298,
                0.11794562637805941,
                0,
                0.030453663195012776,
                -0.11394623469281621,
                0.993019933684273,
                0,
                0.9660914478592569,
                0.2582006685319881,
                -2.9802322248917434e-8,
                0,
                8.188140869140625,
                6.555604457855223,
                8.195266723632805,
                1
            ],
            "name": "clavicle_L"
        },
        "clavicle_R": {
            "children": [
                "bicep_R"
            ],
            "matrix": [
                0.2563984394073485,
                0.9593480229377749,
                -0.1179465651512146,
                0,
                -0.030453284915009343,
                -0.1139472989398538,
                -0.993019936900451,
                0,
                -0.9660912822118484,
                0.2582005894653904,
                -6.109476080595755e-7,
                0,
                8.188133239746094,
                -6.55559778213501,
                8.195289611816406,
                1
            ],
            "name": "clavicle_R"
        },
        "ear2_0_A_L": {
            "children": [],
            "matrix": [
                -1.6292067067086097e-7,
                1,
                4.768371297814155e-7,
                0,
                -1,
                -1.629206706708339e-7,
                -5.684341891374757e-14,
                0,
                2.084320607200892e-14,
                -4.768371297814122e-7,
                0.9999999999999998,
                0,
                7.885681629180907,
                12.539104461669924,
                0.81561279296875,
                1
            ],
            "name": "ear2_0_A_L"
        },
        "ear3_0_A_R": {
            "children": [],
            "matrix": [
                -1.6292067067086097e-7,
                1,
                4.768371297814155e-7,
                0,
                -1,
                -1.629206706708339e-7,
                -5.684341891374757e-14,
                0,
                2.084320607200892e-14,
                -4.768371297814122e-7,
                0.9999999999999998,
                0,
                7.8856844902038565,
                -12.539108276367188,
                0.8155822753905966,
                1
            ],
            "name": "ear3_0_A_R"
        },
        "elbow_L": {
            "children": [
                "wrist_L"
            ],
            "matrix": [
                0.2795238494873044,
                7.45058059553605e-8,
                -0.9601390361785889,
                0,
                5.012165195106277e-7,
                1.0000002384186886,
                2.235174142023455e-7,
                0,
                0.9601389182853053,
                -5.437157977183915e-7,
                0.279523815165166,
                0,
                46.28311157226564,
                -0.0000152587890625,
                -0.000008583068844103536,
                1
            ],
            "name": "elbow_L"
        },
        "elbow_R": {
            "children": [
                "wrist_R"
            ],
            "matrix": [
                0.5437990427017215,
                2.5331974018438785e-7,
                -0.8392155766487118,
                0,
                1.2901235341145068e-7,
                1.0000003576278604,
                3.8545116911106736e-7,
                0,
                0.8392156606057635,
                -3.1787707160946255e-7,
                0.543799097104529,
                0,
                -46.283119201660156,
                0.0000152587890625,
                0.0000095367431640625,
                1
