{
    "animations": {},
    "asset": {},
    "attributes": {
        "attribute_1": {
            "bufferView": "bufferView_37",
            "byteOffset": 0,
            "byteStride": 12,
            "count": 1001,
            "max": [
                1,
                1,
                1
            ],
            "min": [
                0,
                0,
                0
            ],
            "type": "FLOAT_VEC3"
        },
        "attribute_10": {
            "bufferView": "bufferView_37",
            "byteOffset": 87420,
            "byteStride": 16,
            "count": 855,
            "max": [
                1,
                1,
                1
            ],
            "min": [
                0,
                0,
                0
            ],
            "type": "FLOAT_VEC4"
        },
        "attribute_11": {
            "bufferView": "bufferView_37",
            "byteOffset": 101100,
            "byteStride": 12,
            "count": 855,
            "max": [
                1,
                1,
                1
            ],
            "min": [
                0,
                0,
                0
            ],
            "type": "FLOAT_VEC3"
        },
        "attribute_13": {
            "bufferView": "bufferView_37",
            "byteOffset": 111360,
            "byteStride": 12,
            "count": 584,
            "max": [
                1,
                1,
                1
            ],
            "min": [
                0,
                0,
                0
            ],
            "type": "FLOAT_VEC3"
        },
        "attribute_14": {
            "bufferView": "bufferView_37",
            "byteOffset": 118368,
            "byteStride": 12,
            "count": 584,
            "max": [
                1,
                1,
                1
            ],
            "min": [
                0,
                0,
                0
            ],
            "type": "FLOAT_VEC3"
        },
        "attribute_15": {
            "bufferView": "bufferView_37",
            "byteOffset": 125376,
            "byteStride": 8,
            "count": 584,
            "max": [
                1,
                1,
                1
            ],
            "min": [
                0,
                0,
                0
            ],
            "type": "FLOAT_VEC2"
        },
        "attribute_16": {
            "bufferView": "bufferView_37",
            "byteOffset": 130048,
            "byteStride": 16,
            "count": 584,
            "max": [
                1,
                1,
                1
            ],
            "min": [
                0,
                0,
                0
            ],
            "type": "FLOAT_VEC4"
        },
        "attribute_17": {
            "bufferView": "bufferView_37",
            "byteOffset": 139392,
            "byteStride": 12,
            "count": 584,
            "max": [
                1,
                1,
                1
            ],
            "min": [
                0,
                0,
                0
            ],
            "type": "FLOAT_VEC3"
        },
        "attribute_19": {
            "bufferView": "bufferView_37",
            "byteOffset": 146400,
            "byteStride": 12,
            "count": 880,
            "max": [
                1,
                1,
                1
            ],
            "min": [
                0,
                0,
                0
            ],
            "type": "FLOAT_VEC3"
        },
        "attribute_2": {
            "bufferView": "bufferView_37",
            "byteOffset": 12012,
            "byteStride": 12,
            "count": 1001,
            "max": [
                1,
                1,
                1
            ],
            "min": [
                0,
                0,
                0
            ],
            "type": "FLOAT_VEC3"
        },
        "attribute_20": {
            "bufferView": "bufferView_37",
            "byteOffset": 156960,
            "byteStride": 12,
            "count": 880,
            "max": [
                1,
                1,
                1
            ],
            "min": [
                0,
                0,
                0
            ],
            "type": "FLOAT_VEC3"
        },
        "attribute_21": {
            "bufferView": "bufferView_37",
            "byteOffset": 167520,
            "byteStride": 8,
            "count": 880,
            "max": [
                1,
                1,
                1
            ],
            "min": [
                0,
                0,
                0
            ],
            "type": "FLOAT_VEC2"
        },
        "attribute_22": {
            "bufferView": "bufferView_37",
            "byteOffset": 174560,
            "byteStride": 16,
            "count": 880,
            "max": [
                1,
                1,
                1
            ],
            "min": [
                0,
                0,
                0
            ],
            "type": "FLOAT_VEC4"
        },
        "attribute_23": {
            "bufferView": "bufferView_37",
            "byteOffset": 188640,
            "byteStride": 12,
            "count": 880,
            "max": [
                1,
                1,
                1
            ],
            "min": [
                0,
                0,
                0
            ],
            "type": "FLOAT_VEC3"
        },
        "attribute_25": {
            "bufferView": "bufferView_37",
            "byteOffset": 199200,
            "byteStride": 12,
            "count": 401,
            "max": [
                1,
                1,
                1
            ],
            "min": [
                0,
                0,
                0
            ],
            "type": "FLOAT_VEC3"
        },
        "attribute_26": {
            "bufferView": "bufferView_37",
            "byteOffset": 204012,
            "byteStride": 12,
            "count": 401,
            "max": [
                1,
                1,
                1
            ],
            "min": [
                0,
                0,
                0
            ],
            "type": "FLOAT_VEC3"
        },
        "attribute_27": {
            "bufferView": "bufferView_37",
            "byteOffset": 208824,
            "byteStride": 8,
            "count": 401,
            "max": [
                1,
                1,
                1
            ],
            "min": [
                0,
                0,
                0
            ],
            "type": "FLOAT_VEC2"
        },
        "attribute_28": {
            "bufferView": "bufferView_37",
            "byteOffset": 212032,
            "byteStride": 16,
            "count": 401,
            "max": [
                1,
                1,
                1
            ],
            "min": [
                0,
                0,
                0
            ],
            "type": "FLOAT_VEC4"
        },
        "attribute_29": {
            "bufferView": "bufferView_37",
            "byteOffset": 218448,
            "byteStride": 12,
            "count": 401,
            "max": [
                1,
                1,
                1
            ],
            "min": [
                0,
                0,
                0
            ],
            "type": "FLOAT_VEC3"
        },
        "attribute_3": {
            "bufferView": "bufferView_37",
            "byteOffset": 24024,
            "byteStride": 8,
            "count": 1001,
            "max": [
                1,
                1,
                1
            ],
            "min": [
                0,
                0,
                0
            ],
            "type": "FLOAT_VEC2"
        },
        "attribute_31": {
            "bufferView": "bufferView_37",
            "byteOffset": 223260,
            "byteStride": 12,
            "count": 1017,
            "max": [
                1,
                1,
                1
            ],
            "min": [
                0,
                0,
                0
            ],
            "type": "FLOAT_VEC3"
        },
        "attribute_32": {
            "bufferView": "bufferView_37",
            "byteOffset": 235464,
            "byteStride": 12,
            "count": 1017,
            "max": [
                1,
                1,
                1
            ],
            "min": [
                0,
                0,
                0
            ],
            "type": "FLOAT_VEC3"
        },
        "attribute_33": {
            "bufferView": "bufferView_37",
            "byteOffset": 247668,
            "byteStride": 8,
            "count": 1017,
            "max": [
                1,
                1,
                1
            ],
            "min": [
                0,
                0,
                0
            ],
            "type": "FLOAT_VEC2"
        },
        "attribute_34": {
            "bufferView": "bufferView_37",
            "byteOffset": 255804,
            "byteStride": 16,
            "count": 1017,
            "max": [
                1,
                1,
                1
            ],
            "min": [
                0,
                0,
                0
            ],
            "type": "FLOAT_VEC4"
        },
        "attribute_35": {
            "bufferView": "bufferView_37",
            "byteOffset": 272076,
            "byteStride": 12,
            "count": 1017,
            "max": [
                1,
                1,
                1
            ],
            "min": [
                0,
                0,
                0
            ],
            "type": "FLOAT_VEC3"
        },
        "attribute_4": {
            "bufferView": "bufferView_37",
            "byteOffset": 32032,
            "byteStride": 16,
            "count": 1001,
            "max": [
                1,
                1,
                1
            ],
            "min": [
                0,
                0,
                0
            ],
            "type": "FLOAT_VEC4"
        },
        "attribute_5": {
            "bufferView": "bufferView_37",
            "byteOffset": 48048,
            "byteStride": 12,
            "count": 1001,
            "max": [
                1,
                1,
                1
            ],
            "min": [
                0,
                0,
                0
            ],
            "type": "FLOAT_VEC3"
        },
        "attribute_7": {
            "bufferView": "bufferView_37",
            "byteOffset": 60060,
            "byteStride": 12,
            "count": 855,
            "max": [
                1,
                1,
                1
            ],
            "min": [
                0,
                0,
                0
            ],
            "type": "FLOAT_VEC3"
        },
        "attribute_8": {
            "bufferView": "bufferView_37",
            "byteOffset": 70320,
            "byteStride": 12,
            "count": 855,
            "max": [
                1,
                1,
                1
            ],
            "min": [
                0,
                0,
                0
            ],
            "type": "FLOAT_VEC3"
        },
        "attribute_9": {
            "bufferView": "bufferView_37",
            "byteOffset": 80580,
            "byteStride": 8,
            "count": 855,
            "max": [
                1,
                1,
                1
            ],
            "min": [
                0,
                0,
                0
            ],
            "type": "FLOAT_VEC2"
        }
    },
    "bufferViews": {
        "bufferView_37": {
            "buffer": "lycan.bin",
            "byteLength": 284280,
            "byteOffset": 0,
            "target": "ARRAY_BUFFER"
        },
        "bufferView_38": {
            "buffer": "lycan.bin",
            "byteLength": 41610,
            "byteOffset": 284280,
            "target": "ELEMENT_ARRAY_BUFFER"
        }
    },
    "buffers": {
        "lycan.bin": {
            "byteLength": 325890,
            "path": "lycan.bin"
        }
    },
    "cameras": {},
    "images": {
        "image_0": {
            "path": "textures/lycan_body_color.png"
        },
        "image_1": {
            "path": "textures/lycan_top_armor_color.png"
        },
        "image_2": {
            "path": "textures/lycan_belt_armor_color.png"
        },
        "image_3": {
            "path": "textures/lycan_blades_color.png"
        },
        "image_4": {
            "path": "textures/lycan_fur_color.png"
        },
        "image_5": {
            "path": "textures/lycan_head_color.png"
        }
    },
    "indices": {
        "indices_12": {
            "bufferView": "bufferView_38",
            "byteOffset": 11586,
            "count": 2448,
            "type": "UNSIGNED_SHORT"
        },
        "indices_18": {
            "bufferView": "bufferView_38",
            "byteOffset": 16482,
            "count": 1971,
            "type": "UNSIGNED_SHORT"
        },
        "indices_24": {
            "bufferView": "bufferView_38",
            "byteOffset": 20424,
            "count": 2412,
            "type": "UNSIGNED_SHORT"
        },
        "indices_30": {
            "bufferView": "bufferView_38",
            "byteOffset": 25248,
            "count": 2277,
            "type": "UNSIGNED_SHORT"
        },
        "indices_36": {
            "bufferView": "bufferView_38",
            "byteOffset": 29802,
            "count": 5904,
            "type": "UNSIGNED_SHORT"
        },
        "indices_6": {
            "bufferView": "bufferView_38",
            "byteOffset": 0,
            "count": 5793,
            "type": "UNSIGNED_SHORT"
        }
    },
    "lights": {},
    "materials": {
        "Material #35": {
            "instanceTechnique": {
                "technique": "technique_0",
                "values": [
                    {
                        "parameter": "ambient",
                        "value": [
                            0.5879999995231628,
                            0.5879999995231628,
                            0.5879999995231628
                        ]
                    },
                    {
                        "parameter": "emission",
                        "value": [
                            0,
                            0,
                            0
                        ]
                    },
                    {
                        "parameter": "diffuse",
                        "value": "Map #7"
                    },
                    {
                        "parameter": "shininess",
                        "value": 2
                    },
                    {
                        "parameter": "specular",
                        "value": [
                            0.8999999761581421,
                            0.8999999761581421,
                            0.8999999761581421
                        ]
                    }
                ]
            },
            "name": "Material #35"
        },
        "Material #46": {
            "instanceTechnique": {
                "technique": "technique_0",
                "values": [
                    {
                        "parameter": "ambient",
                        "value": [
                            0.5879999995231628,
                            0.5879999995231628,
                            0.5879999995231628
                        ]
                    },
                    {
                        "parameter": "emission",
                        "value": [
                            0,
                            0,
                            0
                        ]
                    },
                    {
                        "parameter": "diffuse",
                        "value": "Map #8"
                    },
                    {
                        "parameter": "shininess",
                        "value": 2
                    },
                    {
                        "parameter": "specular",
                        "value": [
                            0.8999999761581421,
                            0.8999999761581421,
                            0.8999999761581421
                        ]
                    }
                ]
            },
            "name": "Material #46"
        },
        "Material #57": {
            "instanceTechnique": {
                "technique": "technique_0",
                "values": [
                    {
                        "parameter": "ambient",
                        "value": [
                            0.5879999995231628,
                            0.5879999995231628,
                            0.5879999995231628
                        ]
                    },
                    {
                        "parameter": "emission",
                        "value": [
                            0,
                            0,
                            0
                        ]
                    },
                    {
                        "parameter": "diffuse",
                        "value": "Map #9"
                    },
                    {
                        "parameter": "shininess",
                        "value": 2
                    },
                    {
                        "parameter": "specular",
                        "value": [
                            0.8999999761581421,
                            0.8999999761581421,
                            0.8999999761581421
                        ]
                    }
                ]
            },
            "name": "Material #57"
        },
        "Material #68": {
            "instanceTechnique": {
                "technique": "technique_0",
                "values": [
                    {
                        "parameter": "ambient",
                        "value": [
                            0.5879999995231628,
                            0.5879999995231628,
                            0.5879999995231628
                        ]
                    },
                    {
                        "parameter": "emission",
                        "value": [
                            0,
                            0,
                            0
                        ]
                    },
                    {
                        "parameter": "diffuse",
                        "value": "Map #10"
                    },
                    {
                        "parameter": "shininess",
                        "value": 2
                    },
                    {
                        "parameter": "specular",
                        "value": [
                            0.8999999761581421,
                            0.8999999761581421,
                            0.8999999761581421
                        ]
                    }
                ]
            },
            "name": "Material #68"
        },
        "Material #79": {
            "instanceTechnique": {
                "technique": "technique_0",
                "values": [
                    {
                        "parameter": "ambient",
                        "value": [
                            0.5879999995231628,
                            0.5879999995231628,
                            0.5879999995231628
                        ]
                    },
                    {
                        "parameter": "emission",
                        "value": [
                            0,
                            0,
                            0
                        ]
                    },
                    {
                        "parameter": "diffuse",
                        "value": "Map #11"
                    },
                    {
                        "parameter": "shininess",
                        "value": 2
                    },
                    {
                        "parameter": "specular",
                        "value": [
                            0.8999999761581421,
                            0.8999999761581421,
                            0.8999999761581421
                        ]
                    }
                ]
            },
            "name": "Material #79"
        },
        "Material #90": {
            "instanceTechnique": {
                "technique": "technique_0",
                "values": [
                    {
                        "parameter": "ambient",
                        "value": [
                            0.5879999995231628,
                            0.5879999995231628,
                            0.5879999995231628
                        ]
                    },
                    {
                        "parameter": "emission",
                        "value": [
                            0,
                            0,
                            0
                        ]
                    },
                    {
                        "parameter": "diffuse",
                        "value": "Map #12"
                    },
                    {
                        "parameter": "shininess",
                        "value": 2
                    },
                    {
                        "parameter": "specular",
                        "value": [
                            0.8999999761581421,
                            0.8999999761581421,
                            0.8999999761581421
                        ]
                    }
                ]
            },
            "name": "Material #90"
        }
    },
    "meshes": {
        "lycan_armor_model_LOD0-mesh": {
            "name": "lycan_armor_model_LOD0-mesh",
            "primitives": [
                {
                    "indices": "indices_12",
                    "material": "Material #46",
                    "semantics": {
                        "JOINT": "attribute_10",
                        "NORMAL": "attribute_8",
                        "POSITION": "attribute_7",
                        "TEXCOORD_0": "attribute_9",
                        "WEIGHT": "attribute_11"
                    },
                    "skin": "skin_1"
                }
            ]
        },
        "lycan_belt_model_LOD0-mesh": {
            "name": "lycan_belt_model_LOD0-mesh",
            "primitives": [
                {
                    "indices": "indices_18",
                    "material": "Material #57",
                    "semantics": {
                        "JOINT": "attribute_16",
                        "NORMAL": "attribute_14",
                        "POSITION": "attribute_13",
                        "TEXCOORD_0": "attribute_15",
                        "WEIGHT": "attribute_17"
                    },
                    "skin": "skin_2"
                }
            ]
        },
        "lycan_blades_model_LOD0-mesh": {
            "name": "lycan_blades_model_LOD0-mesh",
            "primitives": [
                {
                    "indices": "indices_24",
                    "material": "Material #68",
                    "semantics": {
                        "JOINT": "attribute_22",
                        "NORMAL": "attribute_20",
                        "POSITION": "attribute_19",
                        "TEXCOORD_0": "attribute_21",
                        "WEIGHT": "attribute_23"
                    },
                    "skin": "skin_3"
                }
            ]
        },
        "lycan_body_model_LOD0-mesh": {
            "name": "lycan_body_model_LOD0-mesh",
            "primitives": [
                {
                    "indices": "indices_6",
                    "material": "Material #35",
                    "semantics": {
                        "JOINT": "attribute_4",
                        "NORMAL": "attribute_2",
                        "POSITION": "attribute_1",
                        "TEXCOORD_0": "attribute_3",
                        "WEIGHT": "attribute_5"
                    },
                    "skin": "skin_0"
                }
            ]
        },
        "lycan_fur_model_LOD0-mesh": {
            "name": "lycan_fur_model_LOD0-mesh",
            "primitives": [
                {
                    "indices": "indices_30",
                    "material": "Material #79",
                    "semantics": {
                        "JOINT": "attribute_28",
                        "NORMAL": "attribute_26",
                        "POSITION": "attribute_25",
                        "TEXCOORD_0": "attribute_27",
                        "WEIGHT": "attribute_29"
                    },
                    "skin": "skin_4"
                }
            ]
        },
        "lycan_head_model_LOD0-mesh": {
            "name": "lycan_head_model_LOD0-mesh",
            "primitives": [
                {
                    "indices": "indices_36",
                    "material": "Material #90",
                    "semantics": {
                        "JOINT": "attribute_34",
                        "NORMAL": "attribute_32",
                        "POSITION": "attribute_31",
                        "TEXCOORD_0": "attribute_33",
                        "WEIGHT": "attribute_35"
                    },
                    "skin": "skin_5"
                }
            ]
        }
    },
    "nodes": {
        "Index_0_L": {
            "children": [
                "Index_1_L"
            ],
            "matrix": [
                0.9933013319969175,
                5.315295084074022e-7,
                -0.11555258184671402,
                0,
                -4.761756613895893e-7,
                0.9999998807907196,
                5.066397079644725e-7,
                0,
                0.11555258184694854,
                -4.482226231096676e-7,
                0.9933013319968723,
                0,
                18.10911560058595,
                -0.7680473327636719,
                -7.010132312774657,
                1
            ],
            "name": "Index_0_L"
        },
        "Index_0_R": {
            "children": [
                "Index_1_R"
            ],
            "matrix": [
                0.9933015108108523,
                1.032459095995364e-7,
                -0.11555222421884538,
                0,
                -1.0047524543179786e-7,
                1.0000002384185795,
                2.9802292011804478e-8,
                0,
                0.11555223046326481,
                -1.7992520274933696e-8,
                0.9933015644886539,
                0,
                -18.109130859375,
                0.768054962158196,
                7.010115623474119,
                1
            ],
            "name": "Index_0_R"
        },
        "Index_1_L": {
            "children": [],
            "matrix": [
                0.827423095703125,
                0.5531731247901921,
                0.0968023389577866,
                0,
                -0.5494255982971697,
                0.8330662845052623,
                -0.06427995875449286,
                0,
                -0.11620070311028573,
                0.0000010394657983120465,
                0.9932256960007555,
                0,
                7.6928558349609375,
                0.000003814697265625,
                -0.000003814697265625,
                1
            ],
            "name": "Index_1_L"
        },
        "Index_1_R": {
            "children": [],
            "matrix": [
                0.8274222016334534,
                0.5531736612319945,
                0.09680262953042984,
                0,
                -0.5494264638789196,
                0.8330657098007651,
                -0.06427877413169669,
                0,
                -0.11620032800393362,
                -2.4162684511445894e-7,
                0.9932257559070441,
                0,
                -7.6928443908691335,
                0.0000038146972585195726,
                -0.000005722045894884786,
                1
            ],
            "name": "Index_1_R"
        },
        "Mid_0_L": {
            "children": [
                "Mid_1_L"
            ],
            "matrix": [
                0.9789009094238281,
                5.385955432719873e-7,
                0.20433548092842105,
                0,
                0.0347475565205154,
                0.9854346514926007,
                -0.1664661725626367,
                0,
                -0.20135939076727463,
                0.1700540781986151,
                0.9646430382875734,
                0,
                18.47784423828125,
                -1.1999626159667969,
                2.58642578125,
                1
            ],
            "name": "Mid_0_L"
        },
        "Mid_0_R": {
            "children": [
                "Mid_1_R"
            ],
            "matrix": [
                0.9789007306098941,
                1.5574927658304605e-7,
                0.20433636009693154,
                0,
                0.03474808664650385,
                0.9854347122280398,
                -0.1664661192465514,
                0,
                -0.20136021012772568,
                0.17005413876037473,
                0.9646429555194143,
                0,
                -18.477851867675767,
                1.1999778747558523,
                -2.5864412784576407,
                1
            ],
            "name": "Mid_0_R"
        },
        "Mid_1_L": {
            "children": [],
            "matrix": [
                0.4186769723892213,
                0.9075767993927001,
                -0.03184454888105394,
                0,
                -0.9049629543400008,
                0.41988635613214953,
                0.06883329915555371,
                0,
                0.07584257083324246,
                -7.8025471717761e-7,
                0.9971197868810012,
                0,
                6.667682647705064,
                -0.0000152587890625,
                -9.5367431640625e-7,
                1
            ],
            "name": "Mid_1_L"
        },
        "Mid_1_R": {
            "children": [],
            "matrix": [
                0.4186770915985112,
                0.9075769782066349,
                -0.031844437122344985,
                0,
                -0.9049630888223326,
                0.41988645368317157,
                0.06883352288854493,
                0,
                0.07584274584427386,
                -9.789871175521977e-7,
                0.9971202072362958,
                0,
                -6.667671203613281,
                0.000007629394524144573,
                -0.00000858306884765625,
                1
            ],
            "name": "Mid_1_R"
        },
        "Thumb_0_L": {
            "children": [
                "Thumb_1_L"
            ],
            "matrix": [
                0.8377792835235597,
                0.39326062798500044,
                -0.37877643108367925,
                0,
                -0.4615912553081533,
                0.13956757784980753,
                -0.8760448924762633,
                0,
                -0.29164896011139474,
                0.9087718533505551,
                0.2984523946693041,
                0,
                6.560134887695298,
                5.456733703613274,
                -6.447623729705808,
                1
            ],
            "name": "Thumb_0_L"
        },
        "Thumb_0_R": {
            "children": [
                "Thumb_1_R"
            ],
            "matrix": [
                0.8377799391746523,
                0.39326032996177696,
                -0.37877640128135687,
                0,
                -0.4615910151764287,
                0.13956793365206002,
                -0.8760449696851641,
                0,
                -0.2916486439406384,
                0.9087725284122207,
                0.2984525984728879,
                0,
                -6.560142517089844,
                -5.456729888916016,
                6.447600364685059,
                1
            ],
            "name": "Thumb_0_R"
        },
        "Thumb_1_L": {
            "children": [],
            "matrix": [
                0.9938310384750368,
                0.08762422204017645,
                -0.06798514723777774,
                0,
                -0.08741990864375093,
                0.9961537008170678,
                0.005980342651969284,
                0,
                0.06824770336554994,
                -1.9478765457547897e-7,
                0.9976689261844294,
                0,
                8.626373291015625,
                0.0000152587890625,
                -0.000011444091793322286,
                1
            ],
            "name": "Thumb_1_L"
        },
        "Thumb_1_R": {
            "children": [],
            "matrix": [
                0.9938308000564574,
                0.08762368559837347,
                -0.06798495352268216,
                0,
                -0.08741944984087613,
                0.9961532924632894,
                0.005978986667966674,
                0,
                0.06824738228159577,
                0.0000011061314060256677,
                0.9976685125681305,
                0,
                -8.62640380859375,
                0.000003814697265625,
                -0.000015258789058947286,
                1
            ],
            "name": "Thumb_1_R"
        },
        "ankle_L": {
            "children": [
                "toeBase_L"
            ],
            "matrix": [
                0.20682522654533403,
                -0.5510810613632208,
                0.8084142208099369,
                0,
                0.17708760724989542,
                0.8337180845812691,
                0.5230240284705903,
                0,
                -0.9622178645480604,
                0.034985564930654744,
                0.27002346625817064,
                0,
                44.329719543457045,
                -0.0000038146972585195726,
                -0.0000019073486310361432,
                1
            ],
            "name": "ankle_L"
        },
        "ankle_R": {
            "children": [
                "toeBase_R"
            ],
            "matrix": [
                0.2068261206150054,
                -0.5510813593864441,
                0.80841326713562,
                0,
                0.17708624563593955,
                0.833717643958251,
                0.5230248049688259,
                0,
                -0.9622181019609429,
                0.03498369634557144,
                0.2700236488275928,
                0,
                -44.3297119140625,
                -0.000026702880859375,
                0.000008583068845879893,
                1
            ],
            "name": "ankle_R"
        },
        "bicep_L": {
            "children": [
                "elbow_L"
            ],
            "matrix": [
                0.5126268863677977,
                -0.30986562371253945,
                -0.8007477521896361,
                0,
                -0.7888235531340212,
                0.19832882633729282,
                -0.5817405620384914,
                0,
                0.3390728859095288,
                0.9298648744173152,
                -0.14276066490547673,
                0,
                21.51197052001953,
                0.000032424926761365214,
                0.00007629394534092171,
                1
            ],
            "name": "bicep_L"
        },
        "bicep_R": {
            "children": [
                "elbow_R"
            ],
            "matrix": [
                0.5126262903213502,
                -0.30986526608467113,
                -0.8007478117942811,
                0,
                -0.7888237727195151,
                0.19832970936180705,
                -0.5817403252674311,
                0,
                0.3390733543273909,
                0.9298647139699837,
                -0.14276012941607275,
                0,
                -21.511962890624996,
                -0.000011444091796875,
                -2.842170943040401e-14,
                1
            ],
            "name": "bicep_R"
        },
        "clavicle_L": {
            "children": [
                "pad0_0_L",
                "bicep_L"
            ],
            "matrix": [
                -0.15825375914573664,
                0.9592229127883911,
                0.23419517278671262,
                0,
                0.038122495554532926,
                -0.2310715500450163,
                0.9721897800753831,
                0,
                0.9866624502474045,
                0.16278077458060164,
                -2.980232233218416e-8,
                0,
                4.1809539794921875,
                10.882567405700682,
                1.446477890014652,
                1
            ],
            "name": "clavicle_L"
        },
        "clavicle_R": {
            "children": [
                "bicep_R",
                "pad1_0_R"
            ],
            "matrix": [
                0.15825358033180245,
                0.9592229127883908,
                -0.23419526219367984,
                0,
                -0.03812184277065997,
                -0.23107180913957528,
                -0.9721899999204762,
                0,
                -0.9866623212675174,
                0.16278041657066492,
                -5.960464339316296e-7,
                0,
                4.180969238281278,
                -10.882566452026367,
                1.4464778900146555,
                1
            ],
            "name": "clavicle_R"
        },
        "elbow_L": {
            "children": [
                "wrist_L"
            ],
            "matrix": [
                0.9551674723625184,
                3.5762786865234375e-7,
                -0.2960657775402069,
                0,
                -2.4162348732925665e-7,
                1.000000238418566,
                4.284083735262012e-7,
                0,
                0.2960658254952503,
                -3.3766527177125916e-7,
                0.9551676270746816,
                0,
                31.349990844726562,
                0.00005340576171875,
                -0.000005722045896661143,
                1
            ],
            "name": "elbow_L"
        },
        "elbow_R": {
            "children": [
                "wrist_R"
            ],
            "matrix": [
                0.9551681280136108,
                2.9802322387695312e-8,
                -0.2960659861564636,
                0,
                -3.408789039927029e-8,
                1.0000004768371593,
                -9.313227355978171e-9,
                0,
                0.29606585155925147,
                1.8987945105131132e-8,
                0.9551676937760673,
                0,
                -31.349975585937486,
                -0.0000152587890625,
                -0.00000667572021484375,
                1
            ],
            "name": "elbow_R"
        },
        "fur_R0C0": {
            "children": [
                "fur_R1C0"
            ],
            "matrix": [
                0.05500102043151833,
                0.9984862208366394,
                -4.856971713707105e-9,
                0,
                3.753493949924526e-8,
                2.79674539431628e-9,
                1.000000000000003,
                0,
                0.9984862835343293,
                -0.055001023885183575,
                -3.732429838305349e-8,
                0,
                10.361053466796875,
                0.000015258789069605427,
                0.000003814697265625,
                1
            ],
            "name": "fur_R0C0"
        },
        "fur_R1C0": {
            "children": [
                "fur_R2C0"
            ],
            "matrix": [
