{
    "accessors": {
        "attrbute_1": {
            "bufferView": "bufferView_37",
            "byteOffset": 0,
            "byteStride": 12,
            "count": 1275,
            "max": [
                69.80892181396484,
                27.41179847717285,
                183.25497436523438,
                0
            ],
            "min": [
                -70.61432647705078,
                -27.867233276367188,
                0.04095824435353279,
                0
            ],
            "type": 35665
        },
        "attrbute_10": {
            "bufferView": "bufferView_37",
            "byteOffset": 104308,
            "byteStride": 16,
            "count": 869,
            "max": [
                4,
                4,
                4,
                -1
            ],
            "min": [
                0,
                -1,
                -1,
                -1
            ],
            "type": 35666
        },
        "attrbute_11": {
            "bufferView": "bufferView_37",
            "byteOffset": 118212,
            "byteStride": 12,
            "count": 869,
            "max": [
                1,
                0.9998250603675842,
                0.6378363966941833
            ],
            "min": [
                0.00017492365441285074,
                0,
                0
            ],
            "type": 35665
        },
        "attrbute_13": {
            "bufferView": "bufferView_37",
            "byteOffset": 128640,
            "byteStride": 12,
            "count": 592,
            "max": [
                48.53889465332031,
                56.80549240112305,
                124.27799987792969,
                0
            ],
            "min": [
                -48.39222717285156,
                -26.577903747558594,
                41.905086517333984,
                0
            ],
            "type": 35665
        },
        "attrbute_14": {
            "bufferView": "bufferView_37",
            "byteOffset": 135744,
            "byteStride": 12,
            "count": 592,
            "max": [
                0.9996306896209717,
                0.9499637484550476,
                0.9984123110771179,
                0
            ],
            "min": [
                -0.9996306896209717,
                -0.982154369354248,
                -0.9986674785614014,
                0
            ],
            "type": 35665
        },
        "attrbute_15": {
            "bufferView": "bufferView_37",
            "byteOffset": 142848,
            "byteStride": 8,
            "count": 592,
            "max": [
                1.1739799976348877,
                0.9937170147895813
            ],
            "min": [
                0.009831270202994347,
                0.007550179958343506
            ],
            "type": 35664
        },
        "attrbute_16": {
            "bufferView": "bufferView_37",
            "byteOffset": 147584,
            "byteStride": 16,
            "count": 592,
            "max": [
                9,
                9,
                9,
                -1
            ],
            "min": [
                0,
                -1,
                -1,
                -1
            ],
            "type": 35666
        },
        "attrbute_17": {
            "bufferView": "bufferView_37",
            "byteOffset": 157056,
            "byteStride": 12,
            "count": 592,
            "max": [
                1,
                0.9952866435050964,
                0.8549690246582031
            ],
            "min": [
                0.0047133732587099075,
                0,
                0
            ],
            "type": 35665
        },
        "attrbute_19": {
            "bufferView": "bufferView_37",
            "byteOffset": 164160,
            "byteStride": 12,
            "count": 880,
            "max": [
                74.38158416748047,
                22.461894989013672,
                120.3289794921875,
                0
            ],
            "min": [
                -74.38159942626953,
                -17.885040283203125,
                31.39734649658203,
                0
            ],
            "type": 35665
        },
        "attrbute_2": {
            "bufferView": "bufferView_37",
            "byteOffset": 15300,
            "byteStride": 12,
            "count": 1275,
            "max": [
                0.9992595314979553,
                0.9999750256538391,
                0.9999043941497803,
                0
            ],
            "min": [
                -0.9992595911026001,
                -0.9999775290489197,
                -0.999786376953125,
                0
            ],
            "type": 35665
        },
        "attrbute_20": {
            "bufferView": "bufferView_37",
            "byteOffset": 174720,
            "byteStride": 12,
            "count": 880,
            "max": [
                0.9938074946403503,
                0.9769802689552307,
                0.991675078868866,
                0
            ],
            "min": [
                -0.9938074946403503,
                -0.9918815493583679,
                -0.9997764825820923,
                0
            ],
            "type": 35665
        },
        "attrbute_21": {
            "bufferView": "bufferView_37",
            "byteOffset": 185280,
            "byteStride": 8,
            "count": 880,
            "max": [
                0.9954450130462646,
                0.9828600287437439
            ],
            "min": [
                0.011660000309348106,
                0.0013237595558166504
            ],
            "type": 35664
        },
        "attrbute_22": {
            "bufferView": "bufferView_37",
            "byteOffset": 192320,
            "byteStride": 16,
            "count": 880,
            "max": [
                3,
                3,
                -1,
                -1
            ],
            "min": [
                0,
                -1,
                -1,
                -1
            ],
            "type": 35666
        },
        "attrbute_23": {
            "bufferView": "bufferView_37",
            "byteOffset": 206400,
            "byteStride": 12,
            "count": 880,
            "max": [
                1,
                0.9998910427093506,
                0
            ],
            "min": [
                0.00010896123421844095,
                0,
                0
            ],
            "type": 35665
        },
        "attrbute_25": {
            "bufferView": "bufferView_37",
            "byteOffset": 216960,
            "byteStride": 12,
            "count": 403,
            "max": [
                64.6801986694336,
                42.36606979370117,
                180.30001831054688,
                0
            ],
            "min": [
                -3.3426780700683594,
                -19.49692726135254,
                128.96002197265625,
                0
            ],
            "type": 35665
        },
        "attrbute_26": {
            "bufferView": "bufferView_37",
            "byteOffset": 221796,
            "byteStride": 12,
            "count": 403,
            "max": [
                0.9974555969238281,
                0.9936016798019409,
                0.999801516532898,
                0
            ],
            "min": [
                -0.999032735824585,
                -0.9926757216453552,
                -0.9848601222038269,
                0
            ],
            "type": 35665
        },
        "attrbute_27": {
            "bufferView": "bufferView_37",
            "byteOffset": 226632,
            "byteStride": 8,
            "count": 403,
            "max": [
                0.994163990020752,
                0.9852650165557861
            ],
            "min": [
                0.0061161401681602,
                0.005755960941314697
            ],
            "type": 35664
        },
        "attrbute_28": {
            "bufferView": "bufferView_37",
            "byteOffset": 229856,
            "byteStride": 16,
            "count": 403,
            "max": [
                3,
                4,
                4,
                -1
            ],
            "min": [
                0,
                -1,
                -1,
                -1
            ],
            "type": 35666
        },
        "attrbute_29": {
            "bufferView": "bufferView_37",
            "byteOffset": 236304,
            "byteStride": 12,
            "count": 403,
            "max": [
                1,
                0.9998857378959656,
                0.983137845993042
            ],
            "min": [
                0.00011426210403442383,
                0,
                0
            ],
            "type": 35665
        },
        "attrbute_3": {
            "bufferView": "bufferView_37",
            "byteOffset": 30600,
            "byteStride": 8,
            "count": 1275,
            "max": [
                1.7470500469207764,
                0.9960370063781738
            ],
            "min": [
                0.005713220220059156,
                0.005045294761657715
            ],
            "type": 35664
        },
        "attrbute_31": {
            "bufferView": "bufferView_37",
            "byteOffset": 241140,
            "byteStride": 12,
            "count": 1158,
            "max": [
                14.85820198059082,
                14.353559494018555,
                197.02496337890625,
                0
            ],
            "min": [
                -14.858198165893555,
                -18.731420516967773,
                158.33499145507812,
                0
            ],
            "type": 35665
        },
        "attrbute_32": {
            "bufferView": "bufferView_37",
            "byteOffset": 255036,
            "byteStride": 12,
            "count": 1158,
            "max": [
                0.9996416568756104,
                0.9835115075111389,
                0.9932173490524292,
                0
            ],
            "min": [
                -0.9996416568756104,
                -0.9999998807907104,
                -0.9981454610824585,
                0
            ],
            "type": 35665
        },
        "attrbute_33": {
            "bufferView": "bufferView_37",
            "byteOffset": 268932,
            "byteStride": 8,
            "count": 1158,
            "max": [
                0.9916999936103821,
                0.9958459734916687
            ],
            "min": [
                0.006738610100001097,
                0.0040000081062316895
            ],
            "type": 35664
        },
        "attrbute_34": {
            "bufferView": "bufferView_37",
            "byteOffset": 278196,
            "byteStride": 16,
            "count": 1158,
            "max": [
                2,
                2,
                2,
                -1
            ],
            "min": [
                0,
                -1,
                -1,
                -1
            ],
            "type": 35666
        },
        "attrbute_35": {
            "bufferView": "bufferView_37",
            "byteOffset": 296724,
            "byteStride": 12,
            "count": 1158,
            "max": [
                1,
                0.9738761186599731,
                0.8880020380020142
            ],
            "min": [
                0.026123885065317154,
                0,
                0
            ],
            "type": 35665
        },
        "attrbute_4": {
            "bufferView": "bufferView_37",
            "byteOffset": 40800,
            "byteStride": 16,
            "count": 1275,
            "max": [
                34,
                34,
                34,
                -1
            ],
            "min": [
                0,
                -1,
                -1,
                -1
            ],
            "type": 35666
        },
        "attrbute_5": {
            "bufferView": "bufferView_37",
            "byteOffset": 61200,
            "byteStride": 12,
            "count": 1275,
            "max": [
                1,
                0.9954565763473511,
                0.9954565763473511
            ],
            "min": [
                0.00024394490174017847,
                0,
                0
            ],
            "type": 35665
        },
        "attrbute_7": {
            "bufferView": "bufferView_37",
            "byteOffset": 76500,
            "byteStride": 12,
            "count": 869,
            "max": [
                38.16010284423828,
                37.034481048583984,
                180.65200805664062,
                0
            ],
            "min": [
                -59.244014739990234,
                -22.808921813964844,
                138.71209716796875,
                0
            ],
            "type": 35665
        },
        "attrbute_8": {
            "bufferView": "bufferView_37",
            "byteOffset": 86928,
            "byteStride": 12,
            "count": 869,
            "max": [
                0.996199905872345,
                0.9713210463523865,
                0.9898554682731628,
                0
            ],
            "min": [
                -0.9961997866630554,
                -0.9569880366325378,
                -0.9949386715888977,
                0
            ],
            "type": 35665
        },
        "attrbute_9": {
            "bufferView": "bufferView_37",
            "byteOffset": 97356,
            "byteStride": 8,
            "count": 869,
            "max": [
                1.9752700328826904,
                0.9976549744606018
            ],
            "min": [
                0.007183900102972984,
                0.004282772541046143
            ],
            "type": 35664
        },
        "indices_12": {
            "bufferView": "bufferView_39",
            "byteOffset": 11586,
            "count": 2448,
            "type": 5123
        },
        "indices_18": {
            "bufferView": "bufferView_39",
            "byteOffset": 16482,
            "count": 1971,
            "type": 5123
        },
        "indices_24": {
            "bufferView": "bufferView_39",
            "byteOffset": 20424,
            "count": 2412,
            "type": 5123
        },
        "indices_30": {
            "bufferView": "bufferView_39",
            "byteOffset": 25248,
            "count": 2277,
            "type": 5123
        },
        "indices_36": {
            "bufferView": "bufferView_39",
            "byteOffset": 29802,
            "count": 5904,
            "type": 5123
        },
        "indices_6": {
            "bufferView": "bufferView_39",
            "byteOffset": 0,
            "count": 5793,
            "type": 5123
        }
    },
    "animations": {},
    "asset": {},
    "bufferViews": {
        "bufferView_37": {
            "buffer": "lycan.bin",
            "byteLength": 310620,
            "byteOffset": 0,
            "target": 34962
        },
        "bufferView_38": {
            "buffer": "lycan.bin",
            "byteLength": 5120,
            "byteOffset": 310620
        },
        "bufferView_39": {
            "buffer": "lycan.bin",
            "byteLength": 41610,
            "byteOffset": 315740,
            "target": 34963
        }
    },
    "buffers": {
        "lycan.bin": {
            "byteLength": 357350,
            "path": "lycan.bin"
        }
    },
    "cameras": {},
    "images": {
        "image_0": {
            "path": "textures/lycan_body_color.png"
        },
        "image_1": {
            "path": "textures/lycan_top_armor_color.png"
        },
        "image_2": {
            "path": "textures/lycan_belt_armor_color.png"
        },
        "image_3": {
            "path": "textures/lycan_blades_color.png"
        },
        "image_4": {
            "path": "textures/lycan_fur_color.png"
        },
        "image_5": {
            "path": "textures/lycan_head_color.png"
        }
    },
    "lights": {},
    "materials": {
        "Material #35": {
            "instanceTechnique": {
                "technique": "technique_0",
                "values": {
                    "ambient": [
                        0.5879999995231628,
                        0.5879999995231628,
                        0.5879999995231628
                    ],
                    "diffuse": "Map #7",
                    "emission": [
                        0,
                        0,
                        0
                    ],
                    "shininess": 2,
                    "specular": [
                        0.8999999761581421,
                        0.8999999761581421,
                        0.8999999761581421
                    ],
                    "transparency": 1
                }
            },
            "name": "Material #35"
        },
        "Material #46": {
            "instanceTechnique": {
                "technique": "technique_0",
                "values": {
                    "ambient": [
                        0.5879999995231628,
                        0.5879999995231628,
                        0.5879999995231628
                    ],
                    "diffuse": "Map #8",
                    "emission": [
                        0,
                        0,
                        0
                    ],
                    "shininess": 2,
                    "specular": [
                        0.8999999761581421,
                        0.8999999761581421,
                        0.8999999761581421
                    ],
                    "transparency": 1
                }
            },
            "name": "Material #46"
        },
        "Material #57": {
            "instanceTechnique": {
                "technique": "technique_0",
                "values": {
                    "ambient": [
                        0.5879999995231628,
                        0.5879999995231628,
                        0.5879999995231628
                    ],
                    "diffuse": "Map #9",
                    "emission": [
                        0,
                        0,
                        0
                    ],
                    "shininess": 2,
                    "specular": [
                        0.8999999761581421,
                        0.8999999761581421,
                        0.8999999761581421
                    ],
                    "transparency": 1
                }
            },
            "name": "Material #57"
        },
        "Material #68": {
            "instanceTechnique": {
                "technique": "technique_0",
                "values": {
                    "ambient": [
                        0.5879999995231628,
                        0.5879999995231628,
                        0.5879999995231628
                    ],
                    "diffuse": "Map #10",
                    "emission": [
                        0,
                        0,
                        0
                    ],
                    "shininess": 2,
                    "specular": [
                        0.8999999761581421,
                        0.8999999761581421,
                        0.8999999761581421
                    ],
                    "transparency": 1
                }
            },
            "name": "Material #68"
        },
        "Material #79": {
            "instanceTechnique": {
                "technique": "technique_0",
                "values": {
                    "ambient": [
                        0.5879999995231628,
                        0.5879999995231628,
                        0.5879999995231628
                    ],
                    "diffuse": "Map #11",
                    "emission": [
                        0,
                        0,
                        0
                    ],
                    "shininess": 2,
                    "specular": [
                        0.8999999761581421,
                        0.8999999761581421,
                        0.8999999761581421
                    ],
                    "transparency": 1
                }
            },
            "name": "Material #79"
        },
        "Material #90": {
            "instanceTechnique": {
                "technique": "technique_0",
                "values": {
                    "ambient": [
                        0.5879999995231628,
                        0.5879999995231628,
                        0.5879999995231628
                    ],
                    "diffuse": "Map #12",
                    "emission": [
                        0,
                        0,
                        0
                    ],
                    "shininess": 2,
                    "specular": [
                        0.8999999761581421,
                        0.8999999761581421,
                        0.8999999761581421
                    ],
                    "transparency": 1
                }
            },
            "name": "Material #90"
        }
    },
    "meshes": {
        "lycan_armor_model_LOD0-mesh": {
            "name": "lycan_armor_model_LOD0-mesh",
            "primitives": [
                {
                    "attributes": {
                        "JOINT": "attrbute_10",
                        "NORMAL": "attrbute_8",
                        "POSITION": "attrbute_7",
                        "TEXCOORD_0": "attrbute_9",
                        "WEIGHT": "attrbute_11"
                    },
                    "indices": "indices_12",
                    "material": "Material #46"
                }
            ]
        },
        "lycan_belt_model_LOD0-mesh": {
            "name": "lycan_belt_model_LOD0-mesh",
            "primitives": [
                {
                    "attributes": {
                        "JOINT": "attrbute_16",
                        "NORMAL": "attrbute_14",
                        "POSITION": "attrbute_13",
                        "TEXCOORD_0": "attrbute_15",
                        "WEIGHT": "attrbute_17"
                    },
                    "indices": "indices_18",
                    "material": "Material #57"
                }
            ]
        },
        "lycan_blades_model_LOD0-mesh": {
            "name": "lycan_blades_model_LOD0-mesh",
            "primitives": [
                {
                    "attributes": {
                        "JOINT": "attrbute_22",
                        "NORMAL": "attrbute_20",
                        "POSITION": "attrbute_19",
                        "TEXCOORD_0": "attrbute_21",
                        "WEIGHT": "attrbute_23"
                    },
                    "indices": "indices_24",
                    "material": "Material #68"
                }
            ]
        },
        "lycan_body_model_LOD0-mesh": {
            "name": "lycan_body_model_LOD0-mesh",
            "primitives": [
                {
                    "attributes": {
                        "JOINT": "attrbute_4",
                        "NORMAL": "attrbute_2",
                        "POSITION": "attrbute_1",
                        "TEXCOORD_0": "attrbute_3",
                        "WEIGHT": "attrbute_5"
                    },
                    "indices": "indices_6",
                    "material": "Material #35"
                }
            ]
        },
        "lycan_fur_model_LOD0-mesh": {
            "name": "lycan_fur_model_LOD0-mesh",
            "primitives": [
                {
                    "attributes": {
                        "JOINT": "attrbute_28",
                        "NORMAL": "attrbute_26",
                        "POSITION": "attrbute_25",
                        "TEXCOORD_0": "attrbute_27",
                        "WEIGHT": "attrbute_29"
                    },
                    "indices": "indices_30",
                    "material": "Material #79"
                }
            ]
        },
        "lycan_head_model_LOD0-mesh": {
            "name": "lycan_head_model_LOD0-mesh",
            "primitives": [
                {
                    "attributes": {
                        "JOINT": "attrbute_34",
                        "NORMAL": "attrbute_32",
                        "POSITION": "attrbute_31",
                        "TEXCOORD_0": "attrbute_33",
                        "WEIGHT": "attrbute_35"
                    },
                    "indices": "indices_36",
                    "material": "Material #90"
                }
            ]
        }
    },
    "nodes": {
        "Index_0_L": {
            "children": [
                "Index_1_L"
            ],
            "jointId": "Index_0_L",
            "matrix": [
                0.9933013319969173,
                5.315295084074022e-7,
                -0.11555258184671399,
                0,
                -4.7617566138958905e-7,
                0.9999998807907196,
                5.066397079644725e-7,
                0,
                0.11555258184694853,
                -4.482226231096678e-7,
                0.993301331996872,
                0,
                18.109115600585923,
                -0.7680473327636719,
                -7.010132312774658,
                1
            ],
            "name": "Index_0_L"
        },
        "Index_0_R": {
            "children": [
                "Index_1_R"
            ],
            "jointId": "Index_0_R",
            "matrix": [
                0.993301510810852,
                1.0324590959953636e-7,
                -0.11555222421884534,
                0,
                -1.0047524543179795e-7,
                1.0000002384185793,
                2.980229201180439e-8,
                0,
                0.11555223046326485,
                -1.79925202749337e-8,
                0.993301564488654,
                0,
                -18.109130859375,
                0.768054962158196,
                7.010115623474118,
                1
            ],
            "name": "Index_0_R"
        },
        "Index_1_L": {
            "children": [],
            "jointId": "Index_1_L",
            "matrix": [
                0.8274230957031251,
                0.5531731247901921,
                0.0968023389577866,
                0,
                -0.5494255982971701,
                0.8330662845052625,
                -0.06427995875449291,
                0,
                -0.11620070311028577,
                0.0000010394657983325195,
                0.9932256960007556,
                0,
                7.692855834960945,
                0.0000038146972585195726,
                -0.000003814697265625,
                1
            ],
            "name": "Index_1_L"
        },
        "Index_1_R": {
            "children": [],
            "jointId": "Index_1_R",
            "matrix": [
                0.8274222016334533,
                0.5531736612319947,
                0.09680262953042984,
                0,
                -0.5494264638789198,
                0.8330657098007657,
                -0.06427877413169675,
                0,
                -0.1162003280039336,
                -2.416268451166077e-7,
                0.9932257559070441,
                0,
                -7.692844390869148,
                0.000003814697265625,
                -0.000005722045894884786,
                1
            ],
            "name": "Index_1_R"
        },
        "Mid_0_L": {
            "children": [
                "Mid_1_L"
            ],
            "jointId": "Mid_0_L",
            "matrix": [
                0.9789009094238281,
                5.385955432801992e-7,
                0.20433548092842102,
                0,
                0.03474755652051542,
                0.9854346514926002,
                -0.16646617256263668,
                0,
                -0.20135939076727463,
                0.170054078198615,
                0.9646430382875729,
                0,
                18.47784423828125,
                -1.1999626159667969,
                2.5864257812499996,
                1
            ],
            "name": "Mid_0_L"
        },
        "Mid_0_R": {
            "children": [
                "Mid_1_R"
            ],
            "jointId": "Mid_0_R",
            "matrix": [
                0.9789007306098941,
                1.5574927657153598e-7,
                0.20433636009693146,
                0,
                0.03474808664650383,
                0.9854347122280394,
                -0.1664661192465513,
                0,
                -0.20136021012772568,
                0.17005413876037467,
                0.9646429555194143,
                0,
                -18.47785186767578,
                1.1999778747558523,
                -2.5864412784576407,
                1
            ],
            "name": "Mid_0_R"
        },
        "Mid_1_L": {
            "children": [],
            "jointId": "Mid_1_L",
            "matrix": [
                0.4186769723892212,
                0.9075767993927003,
                -0.0318445488810539,
                0,
                -0.9049629543400006,
                0.4198863561321495,
                0.06883329915555368,
                0,
                0.0758425708332425,
                -7.802547171619975e-7,
                0.9971197868810014,
                0,
                6.667682647705071,
                -0.0000152587890625,
                -9.5367431640625e-7,
                1
            ],
            "name": "Mid_1_L"
        },
        "Mid_1_R": {
            "children": [],
            "jointId": "Mid_1_R",
            "matrix": [
                0.4186770915985111,
                0.9075769782066347,
                -0.031844437122344985,
                0,
                -0.9049630888223322,
                0.4198864536831714,
                0.06883352288854483,
                0,
                0.07584274584427385,
                -9.789871175452589e-7,
                0.9971202072362957,
                0,
                -6.667671203613281,
                0.000007629394524144573,
                -0.00000858306884765625,
                1
            ],
            "name": "Mid_1_R"
        },
        "Thumb_0_L": {
            "children": [
                "Thumb_1_L"
            ],
            "jointId": "Thumb_0_L",
            "matrix": [
                0.8377792835235596,
                0.39326062798500044,
                -0.37877643108367914,
                0,
                -0.46159125530815326,
                0.13956757784980753,
                -0.876044892476263,
                0,
                -0.2916489601113947,
                0.908771853350555,
                0.29845239466930407,
                0,
                6.560134887695298,
                5.456733703613281,
                -6.4476237297058105,
                1
            ],
            "name": "Thumb_0_L"
        },
        "Thumb_0_R": {
            "children": [
                "Thumb_1_R"
            ],
            "jointId": "Thumb_0_R",
            "matrix": [
                0.8377799391746523,
                0.39326032996177684,
                -0.3787764012813566,
                0,
                -0.46159101517642864,
                0.13956793365205994,
                -0.8760449696851642,
                0,
                -0.2916486439406384,
                0.9087725284122204,
                0.2984525984728878,
                0,
                -6.560142517089844,
                -5.456729888916016,
                6.447600364685058,
                1
            ],
            "name": "Thumb_0_R"
        },
        "Thumb_1_L": {
            "children": [],
            "jointId": "Thumb_1_L",
            "matrix": [
                0.9938310384750368,
                0.0876242220401765,
                -0.06798514723777768,
                0,
                -0.08741990864375071,
                0.9961537008170679,
                0.005980342651969228,
                0,
                0.06824770336555,
                -1.9478765451996782e-7,
                0.9976689261844295,
                0,
                8.626373291015625,
                0.000015258789055394573,
                -0.000011444091796875,
                1
            ],
            "name": "Thumb_1_L"
        },
        "Thumb_1_R": {
            "children": [],
            "jointId": "Thumb_1_R",
            "matrix": [
                0.9938308000564576,
                0.08762368559837341,
                -0.06798495352268225,
                0,
                -0.08741944984087607,
                0.9961532924632899,
                0.005978986667966701,
                0,
                0.06824738228159585,
                0.0000011061314060950567,
                0.9976685125681307,
                0,
                -8.62640380859375,
                0.0000038146972585195726,
                -0.000015258789069605427,
                1
            ],
            "name": "Thumb_1_R"
        },
        "ankle_L": {
            "children": [
                "toeBase_L"
            ],
            "jointId": "ankle_L",
            "matrix": [
                0.20682522654533395,
                -0.5510810613632208,
                0.8084142208099366,
                0,
                0.17708760724989536,
                0.8337180845812693,
                0.5230240284705904,
                0,
                -0.9622178645480599,
                0.0349855649306548,
                0.2700234662581705,
                0,
                44.32971954345703,
                -0.000003814697265625,
                -0.0000019073486310361432,
                1
            ],
            "name": "ankle_L"
        },
        "ankle_R": {
            "children": [
                "toeBase_R"
            ],
            "jointId": "ankle_R",
            "matrix": [
                0.20682612061500538,
                -0.5510813593864439,
                0.8084132671356201,
                0,
                0.17708624563593953,
                0.8337176439582508,
                0.5230248049688258,
                0,
                -0.9622181019609429,
                0.03498369634557141,
                0.27002364882759283,
                0,
                -44.3297119140625,
                -0.000026702880859375,
                0.000008583068845879893,
                1
            ],
            "name": "ankle_R"
        },
        "bicep_L": {
            "children": [
                "elbow_L"
            ],
            "jointId": "bicep_L",
            "matrix": [
                0.5126268863677977,
                -0.30986562371253945,
                -0.8007477521896362,
                0,
                -0.7888235531340213,
                0.19832882633729276,
                -0.5817405620384914,
                0,
                0.3390728859095289,
                0.9298648744173152,
                -0.1427606649054767,
                0,
                21.51197052001953,
                0.000032424926761365214,
                0.00007629394534092171,
                1
            ],
            "name": "bicep_L"
        },
        "bicep_R": {
            "children": [
                "elbow_R"
            ],
            "jointId": "bicep_R",
            "matrix": [
                0.5126262903213502,
                -0.30986526608467113,
                -0.8007478117942811,
                0,
                -0.7888237727195149,
                0.19832970936180702,
                -0.5817403252674311,
                0,
                0.339073354327391,
                0.9298647139699838,
                -0.14276012941607266,
                0,
                -21.511962890624993,
                -0.000011444091796875,
                -2.842170943040401e-14,
                1
            ],
            "name": "bicep_R"
        },
        "clavicle_L": {
            "children": [
                "pad0_0_L",
                "bicep_L"
            ],
            "jointId": "clavicle_L",
            "matrix": [
                -0.15825375914573675,
                0.959222912788391,
                0.23419517278671265,
                0,
                0.0381224955545329,
                -0.23107155004501626,
                0.9721897800753831,
                0,
                0.9866624502474046,
                0.16278077458060167,
                -2.9802322359939737e-8,
                0,
                4.1809539794921875,
                10.882567405700682,
                1.4464778900146484,
                1
            ],
            "name": "clavicle_L"
        },
        "clavicle_R": {
            "children": [
                "bicep_R",
                "pad1_0_R"
            ],
            "jointId": "clavicle_R",
            "matrix": [
                0.15825358033180248,
                0.9592229127883908,
                -0.23419526219367978,
                0,
                -0.03812184277065997,
                -0.23107180913957523,
                -0.9721899999204762,
                0,
                -0.9866623212675174,
                0.16278041657066494,
                -5.96046433903874e-7,
                0,
                4.180969238281278,
                -10.882566452026369,
                1.446477890014652,
                1
            ],
            "name": "clavicle_R"
        },
        "elbow_L": {
            "children": [
                "wrist_L"
            ],
            "jointId": "elbow_L",
            "matrix": [
                0.9551674723625181,
                3.576278688188772e-7,
                -0.2960657775402069,
                0,
                -2.4162348744027895e-7,
                1.0000002384185658,
                4.2840837351579286e-7,
                0,
                0.2960658254952502,
                -3.3766527177125916e-7,
                0.9551676270746815,
                0,
                31.349990844726562,
                0.00005340576171875,
                -0.000005722045900213857,
                1
            ],
            "name": "elbow_L"
        },
        "elbow_R": {
            "children": [
                "wrist_R"
            ],
            "jointId": "elbow_R",
            "matrix": [
                0.9551681280136108,
                2.9802322387695312e-8,
                -0.2960659861564636,
                0,
                -3.4087890454781444e-8,
                1.0000004768371595,
                -9.313227338630936e-9,
                0,
                0.2960658515592516,
                1.8987945077375556e-8,
                0.9551676937760675,
                0,
                -31.349975585937514,
                -0.0000152587890625,
                -0.00000667572021484375,
                1
            ],
            "name": "elbow_R"
        },
        "fur_R0C0": {
            "children": [
                "fur_R1C0"
            ],
            "jointId": "fur_R0C0",
            "matrix": [
                0.05500102043151822,
                0.9984862208366396,
                -4.856971713707317e-9,
                0,
                3.753493949924499e-8,
                2.7967453943162535e-9,
                1.000000000000003,
                0,
                0.9984862835343293,
                -0.055001023885183575,
                -3.732429838305365e-8,
                0,
                10.361053466796903,
                0.000015258789048289145,
                0.000003814697269177714,
                1
            ],
            "name": "fur_R0C0"
        },
        "fur_R1C0": {
            "children": [
                "fur_R2C0"
            ],
            "jointId": "fur_R1C0",
            "matrix": [
                0.85060715675354,
                -1.576171371198143e-8,
                -0.525801539421082,
                0,
