{
    "accessors": [
        {
            "bufferView": 0,
            "byteOffset": 0,
            "componentType": 5126,
            "count": 1275,
            "max": [
                69.80892181396484,
                27.41179847717285,
                183.25497436523438
            ],
            "min": [
                -70.61432647705078,
                -27.867233276367188,
                0.04095824435353279
            ],
            "type": "VEC3"
        },
        {
            "bufferView": 0,
            "byteOffset": 15300,
            "componentType": 5126,
            "count": 1275,
            "max": [
                0.9992595314979553,
                0.9999750256538391,
                0.9999043941497803
            ],
            "min": [
                -0.9992595911026001,
                -0.9999775290489197,
                -0.999786376953125
            ],
            "type": "VEC3"
        },
        {
            "bufferView": 0,
            "byteOffset": 30600,
            "componentType": 5126,
            "count": 1275,
            "max": [
                1.7470500469207764,
                0.9949547052383423
            ],
            "min": [
                0.005713220220059156,
                0.003962993621826172
            ],
            "type": "VEC2"
        },
        {
            "bufferView": 0,
            "byteOffset": 40800,
            "componentType": 5123,
            "count": 1275,
            "max": [
                34,
                34,
                34,
                0
            ],
            "min": [
                0,
                0,
                0,
                0
            ],
            "type": "VEC4"
        },
        {
            "bufferView": 0,
            "byteOffset": 51000,
            "componentType": 5126,
            "count": 1275,
            "max": [
                1,
                0.9954565763473511,
                0.9954565763473511,
                0
            ],
            "min": [
                0.00024394490174017847,
                0,
                0,
                0
            ],
            "type": "VEC4"
        },
        {
            "bufferView": 2,
            "byteOffset": 0,
            "componentType": 5123,
            "count": 5793,
            "max": [
                1274
            ],
            "min": [
                0
            ],
            "type": "SCALAR"
        },
        {
            "bufferView": 1,
            "byteOffset": 0,
            "componentType": 5126,
            "count": 35,
            "max": [
                0.9592226415211431,
                1.0000002384180453,
                0.5230244774096016,
                0,
                0.9984310254488823,
                0.9585537947265059,
                1.0000001700474348,
                0,
                0.9999998807906736,
                0.8851387867238009,
                1.0000000596045195,
                0,
                153.4587391727094,
                94.00962517296739,
                152.58407571604755,
                1
            ],
            "min": [
                -0.8889424558860642,
                -1.000000178813954,
                -0.9334926172937674,
                0,
                -0.9999999999999732,
                -0.9585536457304799,
                -0.9999999999999603,
                0,
                -1.0000000596046057,
                -0.8851383649384936,
                -1.0000000596046215,
                0,
                -148.67032851689387,
                -94.00958194598348,
                -152.5840965815693,
                1
            ],
            "type": "MAT4"
        },
        {
            "bufferView": 0,
            "byteOffset": 71400,
            "componentType": 5126,
            "count": 869,
            "max": [
                38.16010284423828,
                37.034481048583984,
                180.65200805664062
            ],
            "min": [
                -59.244014739990234,
                -22.808921813964844,
                138.71209716796875
            ],
            "type": "VEC3"
        },
        {
            "bufferView": 0,
            "byteOffset": 81828,
            "componentType": 5126,
            "count": 869,
            "max": [
                0.996199905872345,
                0.9713210463523865,
                0.9898554682731628
            ],
            "min": [
                -0.9961997866630554,
                -0.9569880366325378,
                -0.9949386715888977
            ],
            "type": "VEC3"
        },
        {
            "bufferView": 0,
            "byteOffset": 92256,
            "componentType": 5126,
            "count": 869,
            "max": [
                1.9752700328826904,
                0.9957172274589539
            ],
            "min": [
                0.007183900102972984,
                0.0023450255393981934
            ],
            "type": "VEC2"
        },
        {
            "bufferView": 0,
            "byteOffset": 99208,
            "componentType": 5123,
            "count": 869,
            "max": [
                4,
                4,
                4,
                0
            ],
            "min": [
                0,
                0,
                0,
                0
            ],
            "type": "VEC4"
        },
        {
            "bufferView": 0,
            "byteOffset": 106160,
            "componentType": 5126,
            "count": 869,
            "max": [
                1,
                0.9998250603675842,
                0.6378363966941833,
                0
            ],
            "min": [
                0.00017492365441285074,
                0,
                0,
                0
            ],
            "type": "VEC4"
        },
        {
            "bufferView": 2,
            "byteOffset": 11586,
            "componentType": 5123,
            "count": 2448,
            "max": [
                868
            ],
            "min": [
                0
            ],
            "type": "SCALAR"
        },
        {
            "bufferView": 1,
            "byteOffset": 2240,
            "componentType": 5126,
            "count": 5,
            "max": [
                0.959222809575335,
                1.000000119209293,
                0.1627807077858798,
                0,
                0.2531085912887196,
                0.958553688727519,
                0.9999998807903289,
                0,
                0.9911727825372272,
                0.16667515358588705,
                0.97795274092134,
                0,
                153.4586659837529,
                53.64539427901812,
                152.58408449109416,
                1
            ],
            "min": [
                -9.790221555524792e-8,
                -0.9289575248642219,
                -4.999784490729227e-7,
                0,
                -0.2531086248645169,
                -0.9585535595188432,
                -0.13080794021249986,
                0,
                -0.9289575351128786,
                -0.46770033881443923,
                -0.9779529881698473,
                0,
                -148.67031601237508,
                -29.839829603595334,
                -152.58403084327088,
                1
            ],
            "type": "MAT4"
        },
        {
            "bufferView": 0,
            "byteOffset": 120064,
            "componentType": 5126,
            "count": 592,
            "max": [
                48.53889465332031,
                56.80549240112305,
                124.27799987792969
            ],
            "min": [
                -48.39222717285156,
                -26.577903747558594,
                41.905086517333984
            ],
            "type": "VEC3"
        },
        {
            "bufferView": 0,
            "byteOffset": 127168,
            "componentType": 5126,
            "count": 592,
            "max": [
                0.9996306896209717,
                0.9499637484550476,
                0.9984123110771179
            ],
            "min": [
                -0.9996306896209717,
                -0.982154369354248,
                -0.9986674785614014
            ],
            "type": "VEC3"
        },
        {
            "bufferView": 0,
            "byteOffset": 134272,
            "componentType": 5126,
            "count": 592,
            "max": [
                1.1739799976348877,
                0.9924498200416565
            ],
            "min": [
                0.009831270202994347,
                0.006282985210418701
            ],
            "type": "VEC2"
        },
        {
            "bufferView": 0,
            "byteOffset": 139008,
            "componentType": 5123,
            "count": 592,
            "max": [
                9,
                9,
                9,
                0
            ],
            "min": [
                0,
                0,
                0,
                0
            ],
            "type": "VEC4"
        },
        {
            "bufferView": 0,
            "byteOffset": 143744,
            "componentType": 5126,
            "count": 592,
            "max": [
                1,
                0.9952866435050964,
                0.8549690246582031,
                0
            ],
            "min": [
                0.0047133732587099075,
                0,
                0,
                0
            ],
            "type": "VEC4"
        },
        {
            "bufferView": 2,
            "byteOffset": 16482,
            "componentType": 5123,
            "count": 1971,
            "max": [
                591
            ],
            "min": [
                0
            ],
            "type": "SCALAR"
        },
        {
            "bufferView": 1,
            "byteOffset": 2560,
            "componentType": 5126,
            "count": 10,
            "max": [
                0.42745111586458073,
                0.9999999999999732,
                1.000000119209294,
                0,
                0.5210120055933336,
                0.9999999999999432,
                0.04384030044221838,
                0,
                6.123233995736603e-17,
                0.5212179501482903,
                1,
                0,
                83.48164918183599,
                1.746634956023154,
                64.75546674301236,
                1
            ],
            "min": [
                -0.43600879428642764,
                -0.039398607855071995,
                -6.123233995736683e-17,
                0,
                -0.9999999999999732,
                1.6292068478213135e-7,
                -0.028106561958271305,
                0,
                -0.9040385175408773,
                -0.010521042724985734,
                -0.43508326420337784,
                0,
                -0.000004552417976810709,
                -65.23594790462094,
                -104.14717864990234,
                1
            ],
            "type": "MAT4"
        },
        {
            "bufferView": 0,
            "byteOffset": 153216,
            "componentType": 5126,
            "count": 880,
            "max": [
                74.38158416748047,
                22.461894989013672,
                120.3289794921875
            ],
            "min": [
                -74.38159942626953,
                -17.885040283203125,
                31.39734649658203
            ],
            "type": "VEC3"
        },
        {
            "bufferView": 0,
            "byteOffset": 163776,
            "componentType": 5126,
            "count": 880,
            "max": [
                0.9938074946403503,
                0.9769802689552307,
                0.991675078868866
            ],
            "min": [
                -0.9938074946403503,
                -0.9918815493583679,
                -0.9997764825820923
            ],
            "type": "VEC3"
        },
        {
            "bufferView": 0,
            "byteOffset": 174336,
            "componentType": 5126,
            "count": 880,
            "max": [
                0.9954450130462646,
                0.9986762404441833
            ],
            "min": [
                0.011660000309348106,
                0.017139971256256104
            ],
            "type": "VEC2"
        },
        {
            "bufferView": 0,
            "byteOffset": 181376,
            "componentType": 5123,
            "count": 880,
            "max": [
                3,
                3,
                0,
                0
            ],
            "min": [
                0,
                0,
                0,
                0
            ],
            "type": "VEC4"
        },
        {
            "bufferView": 0,
            "byteOffset": 188416,
            "componentType": 5126,
            "count": 880,
            "max": [
                1,
                0.9998910427093506,
                0,
                0
            ],
            "min": [
                0.00010896123421844095,
                0,
                0,
                0
            ],
            "type": "VEC4"
        },
        {
            "bufferView": 2,
            "byteOffset": 20424,
            "componentType": 5123,
            "count": 2412,
            "max": [
                879
            ],
            "min": [
                0
            ],
            "type": "SCALAR"
        },
        {
            "bufferView": 1,
            "byteOffset": 3200,
            "componentType": 5126,
            "count": 4,
            "max": [
                0.38776663681295415,
                -0.8971823055127462,
                0.21142611018132332,
                0,
                0.354554207136886,
                0.0665477385166171,
                0.9999999999999383,
                0,
                0.9999999999999483,
                0.4366178499971104,
                0.2922949704877232,
                0,
                91.84811106851552,
                94.0095251658397,
                17.20169262547422,
                1
            ],
            "min": [
                6.123233995736447e-17,
                -0.9999998807907222,
                -1.490116227190742e-7,
                0,
                -0.3545539940316997,
                -0.06654746585345425,
                -1.000000119209289,
                0,
                -0.9999999999999578,
                -0.43661811542890805,
                -0.29229453344618755,
                0,
                -91.848069669495,
                -94.00947897281648,
                -17.201764626669007,
                1
            ],
            "type": "MAT4"
        },
        {
            "bufferView": 0,
            "byteOffset": 202496,
            "componentType": 5126,
            "count": 403,
            "max": [
                64.6801986694336,
                42.36606979370117,
                180.30001831054688
            ],
            "min": [
                -3.3426780700683594,
                -19.49692726135254,
                128.96002197265625
            ],
            "type": "VEC3"
        },
        {
            "bufferView": 0,
            "byteOffset": 207332,
            "componentType": 5126,
            "count": 403,
            "max": [
                0.9974555969238281,
                0.9936016798019409,
                0.999801516532898
            ],
            "min": [
                -0.999032735824585,
                -0.9926757216453552,
                -0.9848601222038269
            ],
            "type": "VEC3"
        },
        {
            "bufferView": 0,
            "byteOffset": 212168,
            "componentType": 5126,
            "count": 403,
            "max": [
                0.994163990020752,
                0.9942440390586853
            ],
            "min": [
                0.0061161401681602,
                0.014734983444213867
            ],
            "type": "VEC2"
        },
        {
            "bufferView": 0,
            "byteOffset": 215392,
            "componentType": 5123,
            "count": 403,
            "max": [
                3,
                4,
                4,
                0
            ],
            "min": [
                0,
                0,
                0,
                0
            ],
            "type": "VEC4"
        },
        {
            "bufferView": 0,
            "byteOffset": 218616,
            "componentType": 5126,
            "count": 403,
            "max": [
                1,
                0.9998857378959656,
                0.983137845993042,
                0
            ],
            "min": [
                0.00011426210403442383,
                0,
                0,
                0
            ],
            "type": "VEC4"
        },
        {
            "bufferView": 2,
            "byteOffset": 25248,
            "componentType": 5123,
            "count": 2277,
            "max": [
                402
            ],
            "min": [
                0
            ],
            "type": "SCALAR"
        },
        {
            "bufferView": 1,
            "byteOffset": 3456,
            "componentType": 5126,
            "count": 5,
            "max": [
                0.9592228240466013,
                0.8838870148034806,
                0.8660251854598675,
                0,
                0.253108598880704,
                0.9999999999996514,
                0.9999999999996719,
                0,
                0.8838871298624886,
                0.16667537190573595,
                0.9779526986253115,
                0,
                110.73310219878225,
                53.64541036613709,
                -10.123944760348513,
                1
            ],
            "min": [
                0.46770043466130146,
                -0.23107153596995633,
                2.93972336257769e-7,
                0,
                -5.885959582876986e-7,
                -2.114047507309903e-8,
                -0.13080817367037767,
                0,
                -0.8615333465354662,
                -0.46770037377894014,
                5.103649024865086e-7,
                0,
                -148.56134662111972,
                -29.83986402970143,
                -161.63239736574332,
                1
            ],
            "type": "MAT4"
        },
        {
            "bufferView": 0,
            "byteOffset": 225064,
            "componentType": 5126,
            "count": 1158,
            "max": [
                14.85820198059082,
                14.353559494018555,
                197.02496337890625
            ],
            "min": [
                -14.858198165893555,
                -18.731420516967773,
                158.33499145507812
            ],
            "type": "VEC3"
        },
        {
            "bufferView": 0,
            "byteOffset": 238960,
            "componentType": 5126,
            "count": 1158,
            "max": [
                0.9996416568756104,
                0.9835115075111389,
                0.9932173490524292
            ],
            "min": [
                -0.9996416568756104,
                -0.9999998807907104,
                -0.9981454610824585
            ],
            "type": "VEC3"
        },
        {
            "bufferView": 0,
            "byteOffset": 252856,
            "componentType": 5126,
            "count": 1158,
            "max": [
                0.9916999936103821,
                0.9959999918937683
            ],
            "min": [
                0.006738610100001097,
                0.004154026508331299
            ],
            "type": "VEC2"
        },
        {
            "bufferView": 0,
            "byteOffset": 262120,
            "componentType": 5123,
            "count": 1158,
            "max": [
                2,
                2,
                2,
                0
            ],
            "min": [
                0,
                0,
                0,
                0
            ],
            "type": "VEC4"
        },
        {
            "bufferView": 0,
            "byteOffset": 271384,
            "componentType": 5126,
            "count": 1158,
            "max": [
                1,
                0.9738761186599731,
                0.8880020380020142,
                0
            ],
            "min": [
                0.026123885065317154,
                0,
                0,
                0
            ],
            "type": "VEC4"
        },
        {
            "bufferView": 2,
            "byteOffset": 29802,
            "componentType": 5123,
            "count": 5904,
            "max": [
                1157
            ],
            "min": [
                0
            ],
            "type": "SCALAR"
        },
        {
            "bufferView": 1,
            "byteOffset": 3776,
            "componentType": 5126,
            "count": 3,
            "max": [
                7.194896958827908e-7,
                1.000000119209293,
                5.518086932645662e-8,
                0,
                -0.13257641983447044,
                7.19489738767903e-7,
                0.9911728410942424,
                0,
                0.9911727825372272,
                1.0104851770093501e-7,
                1.0000000596044,
                0,
                -1.8853602409376138,
                0.000007910120057932043,
                -25.83981459378772,
                1
            ],
            "min": [
                -9.790221555524792e-8,
                0.9999999999999827,
                -1.1589682241960626e-7,
                0,
                -0.9999999999994824,
                1.700387774546056e-8,
                3.976329923386793e-14,
                0,
                6.123233995734073e-17,
                -5.5180869326484334e-8,
                0.13257642766688535,
                0,
                -148.67031601237508,
                -0.000017346615035075938,
                -176.96222978600824,
                1
            ],
            "type": "MAT4"
        }
    ],
    "asset": {
        "generator": "ClayGL - fbx2gltf",
        "version": "2.0"
    },
    "bufferViews": [
        {
            "buffer": 0,
            "byteLength": 289912,
            "byteOffset": 0,
            "target": 34962
        },
        {
            "buffer": 0,
            "byteLength": 3968,
            "byteOffset": 289912,
            "target": 34962
        },
        {
            "buffer": 0,
            "byteLength": 41610,
            "byteOffset": 293880,
            "target": 34963
        }
    ],
    "buffers": [
        {
            "byteLength": 335490,
            "uri": "lycan.bin"
        }
    ],
    "images": [
        {
            "uri": "textures/lycan_body_color.png"
        },
        {
            "uri": "textures/lycan_top_armor_color.png"
        },
        {
            "uri": "textures/lycan_belt_armor_color.png"
        },
        {
            "uri": "textures/lycan_blades_color.png"
        },
        {
            "uri": "textures/lycan_fur_color.png"
        },
        {
            "uri": "textures/lycan_head_color.png"
        }
    ],
    "materials": [
        {
            "emissiveFactor": [
                0,
                0,
                0
            ],
            "name": "Material #35",
            "pbrMetallicRoughness": {
                "baseColorFactor": [
                    1,
                    1,
                    1,
                    1
                ],
                "baseColorTexture": {
                    "index": 0,
                    "texCoord": 0
                },
                "metallicFactor": 0,
                "roughnessFactor": 0.9230769230769231
            }
        },
        {
            "emissiveFactor": [
                0,
                0,
                0
            ],
            "name": "Material #46",
            "pbrMetallicRoughness": {
                "baseColorFactor": [
                    1,
                    1,
                    1,
                    1
                ],
                "baseColorTexture": {
                    "index": 1,
                    "texCoord": 0
                },
                "metallicFactor": 0,
                "roughnessFactor": 0.9230769230769231
            }
        },
        {
            "emissiveFactor": [
                0,
                0,
                0
            ],
            "name": "Material #57",
            "pbrMetallicRoughness": {
                "baseColorFactor": [
                    1,
                    1,
                    1,
                    1
                ],
                "baseColorTexture": {
                    "index": 2,
                    "texCoord": 0
                },
                "metallicFactor": 0,
                "roughnessFactor": 0.9230769230769231
            }
        },
        {
            "emissiveFactor": [
                0,
                0,
                0
            ],
            "name": "Material #68",
            "pbrMetallicRoughness": {
                "baseColorFactor": [
                    1,
                    1,
                    1,
                    1
                ],
                "baseColorTexture": {
                    "index": 3,
                    "texCoord": 0
                },
                "metallicFactor": 0,
                "roughnessFactor": 0.9230769230769231
            }
        },
        {
            "emissiveFactor": [
                0,
                0,
                0
            ],
            "name": "Material #79",
            "pbrMetallicRoughness": {
                "baseColorFactor": [
                    1,
                    1,
                    1,
                    1
                ],
                "baseColorTexture": {
                    "index": 4,
                    "texCoord": 0
                },
                "metallicFactor": 0,
                "roughnessFactor": 0.9230769230769231
            }
        },
        {
            "emissiveFactor": [
                0,
                0,
                0
            ],
            "name": "Material #90",
            "pbrMetallicRoughness": {
                "baseColorFactor": [
                    1,
                    1,
                    1,
                    1
                ],
                "baseColorTexture": {
                    "index": 5,
                    "texCoord": 0
                },
                "metallicFactor": 0,
                "roughnessFactor": 0.9230769230769231
            }
        }
    ],
    "meshes": [
        {
            "name": "lycan_body_model_LOD0",
            "primitives": [
                {
                    "attributes": {
                        "JOINTS_0": 3,
                        "NORMAL": 1,
                        "POSITION": 0,
                        "TEXCOORD_0": 2,
                        "WEIGHTS_0": 4
                    },
                    "indices": 5,
                    "material": 0
                }
            ]
        },
        {
            "name": "lycan_armor_model_LOD0",
            "primitives": [
                {
                    "attributes": {
                        "JOINTS_0": 10,
                        "NORMAL": 8,
                        "POSITION": 7,
                        "TEXCOORD_0": 9,
                        "WEIGHTS_0": 11
                    },
                    "indices": 12,
                    "material": 1
                }
            ]
        },
        {
            "name": "lycan_belt_model_LOD0",
            "primitives": [
                {
                    "attributes": {
                        "JOINTS_0": 17,
                        "NORMAL": 15,
                        "POSITION": 14,
                        "TEXCOORD_0": 16,
                        "WEIGHTS_0": 18
                    },
                    "indices": 19,
                    "material": 2
                }
            ]
        },
        {
            "name": "lycan_blades_model_LOD0",
            "primitives": [
                {
                    "attributes": {
                        "JOINTS_0": 24,
                        "NORMAL": 22,
                        "POSITION": 21,
                        "TEXCOORD_0": 23,
                        "WEIGHTS_0": 25
                    },
                    "indices": 26,
                    "material": 3
                }
            ]
        },
        {
            "name": "lycan_fur_model_LOD0",
            "primitives": [
                {
                    "attributes": {
                        "JOINTS_0": 31,
                        "NORMAL": 29,
                        "POSITION": 28,
                        "TEXCOORD_0": 30,
                        "WEIGHTS_0": 32
                    },
                    "indices": 33,
                    "material": 4
                }
            ]
        },
        {
            "name": "lycan_head_model_LOD0",
            "primitives": [
                {
                    "attributes": {
                        "JOINTS_0": 38,
                        "NORMAL": 36,
                        "POSITION": 35,
                        "TEXCOORD_0": 37,
                        "WEIGHTS_0": 39
                    },
                    "indices": 40,
                    "material": 5
                }
            ]
        }
    ],
    "nodes": [
        {
            "children": [
                1,
                4,
                7,
                11,
                41,
                44
            ],
            "matrix": [
                1.6292068478213574e-7,
                1.469367938527879e-39,
                1.0000000000000002,
                0,
                1.0000000000000002,
                6.123233995736847e-17,
                -1.6292068478213574e-7,
                0,
                -6.123233995736685e-17,
                1,
                9.976014756666736e-24,
                0,
                0,
                104.14717864990234,
                0.00000455241797681083,
                1
            ],
            "name": "root"
        },
        {
            "children": [
                2
            ],
            "matrix": [
                -2.2250904413123185e-7,
                0.42745107412338257,
                -0.9040384292602538,
                0,
                -1.0000000000000002,
                -4.575180909595685e-7,
                2.980232238770093e-8,
                0,
                -4.008749015932242e-7,
                0.9040384292602158,
                0.4274510741234631,
                0,
                1.0373214483261106,
                24.03706169128418,
                -4.362762451171875,
                1
            ],
            "name": "skirt_L_R0C0"
        },
        {
            "children": [
                3
            ],
            "matrix": [
                0.9999328851699827,
                -0.011598804034292694,
                -1.192092896687083e-7,
                0,
                0.011598801960544356,
                0.9999327063909061,
                1.201406121261888e-7,
                0,
                1.1780776495424358e-7,
                -1.2151521825858694e-7,
                1.0000000000000038,
                0,
                18.97893524169922,
                -4.76837158203125e-7,
                0,
                1
            ],
            "name": "skirt_L_R1C0"
        },
        {
            "matrix": [
                0.995629668235779,
                0.09339025616645816,
                -5.960464465091996e-8,
                0,
                -0.09339027253302455,
                0.9956298427190635,
                -7.450580613542244e-9,
                0,
                5.8648330724110285e-8,
                1.2984508543795889e-8,
                0.9999999999999983,
                0,
                18.876674652099616,
                -0.000003218650817649049,
                0.000007629394517039145,
                1
            ],
            "name": "skirt_L_R2C0"
        },
        {
            "children": [
                5
            ],
            "matrix": [
                -0.43817338347435014,
                -0.019228229299187688,
                -0.8986847996711731,
                0,
                -0.897820724536575,
                -0.03939874999359666,
                0.438595059098344,
                0,
                -0.043840469273235184,
                0.9990386366254661,
                -1.9171600068655848e-8,
                0,
                -16.683256149291992,
                -0.000002854416834452422,
                -3.1197586059570312,
                1
            ],
            "name": "skirt_B_R0C0"
        },
        {
            "children": [
                6
            ],
            "matrix": [
                0.9949708580970761,
                0.09289088845252991,
                0.037476815283298506,
                0,
                -0.09507211852477432,
                0.9935773612905546,
                0.06136336547589698,
                0,
                -0.03153601183880438,
                -0.06461774861556568,
                0.9974116678899115,
                0,
                17.39328002929686,
                0,
                0.000002264976501575866,
                1
            ],
            "name": "skirt_B_R1C0"
        },
        {
            "matrix": [
                0.9995923638343811,
                -0.024844795465469305,
                -0.01405326463282108,
                0,
                0.024497883606898585,
                0.9994032408029289,
                -0.024341085908098106,
                0,
                0.014649630573877425,
                0.0239868933623668,
                0.999604701273071,
                0,
                22.82886505126954,
                0,
                0.0000030994415283203125,
                1
            ],
            "name": "skirt_B_R2C0"
        },
        {
            "children": [
                8
            ],
            "matrix": [
                -0.006095159333199245,
                0.2873693108558656,
                0.9578003883361818,
                0,
                0.4938674964054676,
                0.8337184416835002,
                -0.24699811759869303,
                0,
                -0.8695155628195591,
                0.47152100690438054,
                -0.1470040150545827,
                0,
                2.440306663513183,
                -15.222399711608887,
                -6.33929443359375,
                1
            ],
            "name": "thigh_R"
        },
        {
            "children": [
                9
            ],
            "matrix": [
                0.9757068157196046,
                -4.768371581892472e-7,
                -0.21908047795295726,
                0,
                2.6872085285038413e-7,
                1.0000000000000175,
                -9.797513342846287e-7,
                0,
                0.21908054165829402,
                8.970788224482718e-7,
                0.9757070994386476,
                0,
                -46.22435760498047,
                -0.000007629394524144573,
                -0.00000762939453125,
                1
            ],
            "name": "knee_R"
        },
        {
            "children": [
                10
            ],
            "matrix": [
                0.2068261206150054,
                -0.5510813593864439,
                0.8084132671356205,
                0,
                0.17708624563593955,
                0.8337176439582509,
                0.5230248049688259,
                0,
                -0.962218101960943,
                0.03498369634557147,
                0.2700236488275929,
                0,
                -44.32971191406251,
                -0.000026702880859375,
                0.000008583068849432607,
                1
            ],
            "name": "ankle_R"
        },
        {
            "matrix": [
                0.9194788336753847,
                -0.05599628388881681,
                0.3891316056251528,
                0,
                0.05156841194374598,
                0.9984313214392422,
                0.021823928787865373,
                0,
                -0.3897430170029,
                2.583509788335105e-7,
                0.9209235744239509,
                0,
                -19.309913635253906,
                -0.000011444091789769573,
                -0.000007629394533026357,
                1
            ],
            "name": "toeBase_R"
        },
        {
            "children": [
                12
            ],
            "matrix": [
                -0.16784840822219854,
                -0.0010183150880038166,
                0.9858123064041139,
                0,
                -0.00017068542429195976,
                0.9999994635581546,
                0.001003908409880574,
                0,
                -0.9858127846423335,
                2.406368047943146e-7,
                -0.16784848940040997,
                0,
                -2.7404432296752925,
                -2.718582693842852e-15,
                12.226776123046875,
                1
            ],
            "name": "spine1"
        },
        {
            "children": [
                13
            ],
            "matrix": [
                0.9873607158660891,
                0.002090871799737216,
                -0.15847489237785345,
                0,
                -0.002089135660660168,
                0.9999978542326229,
                0.00017754756819668522,
                0,
                0.158474916248294,
                0.00015577204776703505,
                0.9873629197995446,
                0,
                17.883338928222685,
                -4.84287738786171e-7,
                -0.000015258789066052714,
                1
            ],
            "name": "spine2"
        },
        {
            "children": [
                14,
                25,
                27
            ],
            "matrix": [
                0.989868044853211,
                -0.0010752290254458787,
                -0.14198729395866397,
                0,
                0.0010854884773942761,
                0.9999992251423956,
                -0.000005196489396764453,
                0,
                0.1419872009089809,
                -0.00014898174467282198,
                0.9898685243509633,
                0,
                16.780914306640625,
                -0.0000014305114745816194,
                -0.0000019073486328125,
                1
            ],
            "name": "spine3"
        },
        {
            "children": [
                15,
                24
            ],
            "matrix": [
                0.15825358033180248,
                0.9592229127883907,
                -0.2341952621936798,
                0,
                -0.03812184277065994,
                -0.23107180913957528,
                -0.972189999920476,
                0,
                -0.9866623212675173,
                0.16278041657066503,
                -5.960464338761184e-7,
                0,
                4.180969238281278,
                -10.882566452026365,
                1.4464778900146484,
                1
            ],
            "name": "clavicle_R"
        },
        {
            "children": [
                16
            ],
            "matrix": [
                0.5126262903213502,
                -0.3098652660846712,
                -0.800747811794281,
                0,
                -0.788823772719515,
