{
    "accessors": {
        "attrbute_1": {
            "bufferView": "bufferView_25",
            "byteOffset": 0,
            "byteStride": 12,
            "count": 2429,
            "max": [
                45.531150817871094,
                35.914127349853516,
                168.71804809570312,
                0
            ],
            "min": [
                -45.53108596801758,
                -44.04151916503906,
                72.4239273071289,
                0
            ],
            "type": 35665
        },
        "attrbute_10": {
            "bufferView": "bufferView_25",
            "byteOffset": 153388,
            "byteStride": 16,
            "count": 239,
            "max": [
                8,
                8,
                8,
                -1
            ],
            "min": [
                0,
                -1,
                -1,
                -1
            ],
            "type": 35666
        },
        "attrbute_11": {
            "bufferView": "bufferView_25",
            "byteOffset": 157212,
            "byteStride": 12,
            "count": 239,
            "max": [
                1,
                0.9998598098754883,
                0.9994688034057617
            ],
            "min": [
                0.00010032033605966717,
                0,
                0
            ],
            "type": 35665
        },
        "attrbute_13": {
            "bufferView": "bufferView_25",
            "byteOffset": 160080,
            "byteStride": 12,
            "count": 517,
            "max": [
                30.834972381591797,
                89.36918640136719,
                114.30253601074219,
                0
            ],
            "min": [
                -30.834980010986328,
                2.986527919769287,
                68.85745239257812,
                0
            ],
            "type": 35665
        },
        "attrbute_14": {
            "bufferView": "bufferView_25",
            "byteOffset": 166284,
            "byteStride": 12,
            "count": 517,
            "max": [
                0.9979941844940186,
                0.9929379224777222,
                0.9994256496429443,
                0
            ],
            "min": [
                -0.9979941844940186,
                -0.9908251166343689,
                -0.9999935626983643,
                0
            ],
            "type": 35665
        },
        "attrbute_15": {
            "bufferView": "bufferView_25",
            "byteOffset": 172488,
            "byteStride": 8,
            "count": 517,
            "max": [
                1.9867606163024902,
                0.9705382585525513
            ],
            "min": [
                0.005442783236503601,
                0.04202848672866821
            ],
            "type": 35664
        },
        "attrbute_16": {
            "bufferView": "bufferView_25",
            "byteOffset": 176624,
            "byteStride": 16,
            "count": 517,
            "max": [
                24,
                24,
                19,
                -1
            ],
            "min": [
                0,
                -1,
                -1,
                -1
            ],
            "type": 35666
        },
        "attrbute_17": {
            "bufferView": "bufferView_25",
            "byteOffset": 184896,
            "byteStride": 12,
            "count": 517,
            "max": [
                1,
                0.9998924732208252,
                0.9860525131225586
            ],
            "min": [
                0.00010754119284683838,
                0,
                0
            ],
            "type": 35665
        },
        "attrbute_19": {
            "bufferView": "bufferView_25",
            "byteOffset": 191100,
            "byteStride": 12,
            "count": 766,
            "max": [
                45.514347076416016,
                51.789363861083984,
                196.0132293701172,
                0
            ],
            "min": [
                -45.51434326171875,
                11.41816520690918,
                127.65933990478516,
                0
            ],
            "type": 35665
        },
        "attrbute_2": {
            "bufferView": "bufferView_25",
            "byteOffset": 29148,
            "byteStride": 12,
            "count": 2429,
            "max": [
                0.9999265074729919,
                0.9999983310699463,
                0.9999966621398926,
                0
            ],
            "min": [
                -0.9999265074729919,
                -0.999965488910675,
                -0.9984865188598633,
                0
            ],
            "type": 35665
        },
        "attrbute_20": {
            "bufferView": "bufferView_25",
            "byteOffset": 200292,
            "byteStride": 12,
            "count": 766,
            "max": [
                0.9811467528343201,
                0.9993073344230652,
                0.9924846291542053,
                0
            ],
            "min": [
                -0.9811468124389648,
                -0.9592984914779663,
                -0.927537202835083,
                0
            ],
            "type": 35665
        },
        "attrbute_21": {
            "bufferView": "bufferView_25",
            "byteOffset": 209484,
            "byteStride": 8,
            "count": 766,
            "max": [
                0.9947964549064636,
                0.9876686334609985
            ],
            "min": [
                0.006514597684144974,
                0.009397029876708984
            ],
            "type": 35664
        },
        "attrbute_22": {
            "bufferView": "bufferView_25",
            "byteOffset": 215612,
            "byteStride": 16,
            "count": 766,
            "max": [
                7,
                6,
                5,
                -1
            ],
            "min": [
                0,
                -1,
                -1,
                -1
            ],
            "type": 35666
        },
        "attrbute_23": {
            "bufferView": "bufferView_25",
            "byteOffset": 227868,
            "byteStride": 12,
            "count": 766,
            "max": [
                1,
                0.9998602271080017,
                0.00014423650281969458
            ],
            "min": [
                0.00013982245582155883,
                0,
                0
            ],
            "type": 35665
        },
        "attrbute_3": {
            "bufferView": "bufferView_25",
            "byteOffset": 58296,
            "byteStride": 8,
            "count": 2429,
            "max": [
                1.9962470531463623,
                0.993241012096405
            ],
            "min": [
                0.005673999898135662,
                0.004377007484436035
            ],
            "type": 35664
        },
        "attrbute_4": {
            "bufferView": "bufferView_25",
            "byteOffset": 77728,
            "byteStride": 16,
            "count": 2429,
            "max": [
                71,
                72,
                72,
                -1
            ],
            "min": [
                0,
                -1,
                -1,
                -1
            ],
            "type": 35666
        },
        "attrbute_5": {
            "bufferView": "bufferView_25",
            "byteOffset": 116592,
            "byteStride": 12,
            "count": 2429,
            "max": [
                1,
                0.9998996257781982,
                0.9996964335441589
            ],
            "min": [
                0.00010038808250101283,
                0,
                0
            ],
            "type": 35665
        },
        "attrbute_7": {
            "bufferView": "bufferView_25",
            "byteOffset": 145740,
            "byteStride": 12,
            "count": 239,
            "max": [
                14.023760795593262,
                10.246915817260742,
                182.34039306640625,
                0
            ],
            "min": [
                -14.023758888244629,
                -24.78487777709961,
                162.75209045410156,
                0
            ],
            "type": 35665
        },
        "attrbute_8": {
            "bufferView": "bufferView_25",
            "byteOffset": 148608,
            "byteStride": 12,
            "count": 239,
            "max": [
                0.9997279047966003,
                0.9444944858551025,
                0.9978457093238831,
                0
            ],
            "min": [
                -0.9997279047966003,
                -0.8191997408866882,
                -0.9978207945823669,
                0
            ],
            "type": 35665
        },
        "attrbute_9": {
            "bufferView": "bufferView_25",
            "byteOffset": 151476,
            "byteStride": 8,
            "count": 239,
            "max": [
                0.9778108596801758,
                0.9837824702262878
            ],
            "min": [
                0.027923425659537315,
                0.027261734008789062
            ],
            "type": 35664
        },
        "indices_12": {
            "bufferView": "bufferView_27",
            "byteOffset": 22968,
            "count": 1074,
            "type": 5123
        },
        "indices_18": {
            "bufferView": "bufferView_27",
            "byteOffset": 25116,
            "count": 2256,
            "type": 5123
        },
        "indices_24": {
            "bufferView": "bufferView_27",
            "byteOffset": 29628,
            "count": 3258,
            "type": 5123
        },
        "indices_6": {
            "bufferView": "bufferView_27",
            "byteOffset": 0,
            "count": 11484,
            "type": 5123
        }
    },
    "animations": {},
    "asset": {},
    "bufferViews": {
        "bufferView_25": {
            "buffer": "puck.bin",
            "byteLength": 237060,
            "byteOffset": 0,
            "target": 34962
        },
        "bufferView_26": {
            "buffer": "puck.bin",
            "byteLength": 7680,
            "byteOffset": 237060
        },
        "bufferView_27": {
            "buffer": "puck.bin",
            "byteLength": 36144,
            "byteOffset": 244740,
            "target": 34963
        }
    },
    "buffers": {
        "puck.bin": {
            "byteLength": 280884,
            "path": "puck.bin"
        }
    },
    "cameras": {},
    "images": {
        "image_0": {
            "path": "textures/puck_color.png"
        },
        "image_1": {
            "path": "textures/puck_horns_color.png"
        },
        "image_2": {
            "path": "textures/puck_tail_color.png"
        },
        "image_3": {
            "path": "textures/puck_wings_color.png"
        }
    },
    "lights": {},
    "materials": {
        "Material #35": {
            "instanceTechnique": {
                "technique": "technique_0",
                "values": {
                    "ambient": [
                        0.5879999995231628,
                        0.5879999995231628,
                        0.5879999995231628
                    ],
                    "diffuse": "Map #6",
                    "emission": [
                        0,
                        0,
                        0
                    ],
                    "shininess": 2,
                    "specular": [
                        0.8999999761581421,
                        0.8999999761581421,
                        0.8999999761581421
                    ],
                    "transparency": 1
                }
            },
            "name": "Material #35"
        },
        "Material #46": {
            "instanceTechnique": {
                "technique": "technique_0",
                "values": {
                    "ambient": [
                        0.5879999995231628,
                        0.5879999995231628,
                        0.5879999995231628
                    ],
                    "diffuse": "Map #7",
                    "emission": [
                        0,
                        0,
                        0
                    ],
                    "shininess": 2,
                    "specular": [
                        0.8999999761581421,
                        0.8999999761581421,
                        0.8999999761581421
                    ],
                    "transparency": 1
                }
            },
            "name": "Material #46"
        },
        "Material #57": {
            "instanceTechnique": {
                "technique": "technique_0",
                "values": {
                    "ambient": [
                        0.5879999995231628,
                        0.5879999995231628,
                        0.5879999995231628
                    ],
                    "diffuse": "Map #8",
                    "emission": [
                        0,
                        0,
                        0
                    ],
                    "shininess": 2,
                    "specular": [
                        0.8999999761581421,
                        0.8999999761581421,
                        0.8999999761581421
                    ],
                    "transparency": 1
                }
            },
            "name": "Material #57"
        },
        "Material #68": {
            "instanceTechnique": {
                "technique": "technique_0",
                "values": {
                    "ambient": [
                        0.5879999995231628,
                        0.5879999995231628,
                        0.5879999995231628
                    ],
                    "diffuse": "Map #9",
                    "emission": [
                        0,
                        0,
                        0
                    ],
                    "shininess": 2,
                    "specular": [
                        0.8999999761581421,
                        0.8999999761581421,
                        0.8999999761581421
                    ],
                    "transparency": 1
                }
            },
            "name": "Material #68"
        }
    },
    "meshes": {
        "puck_horns_model_LOD0-mesh": {
            "name": "puck_horns_model_LOD0-mesh",
            "primitives": [
                {
                    "attributes": {
                        "JOINT": "attrbute_10",
                        "NORMAL": "attrbute_8",
                        "POSITION": "attrbute_7",
                        "TEXCOORD_0": "attrbute_9",
                        "WEIGHT": "attrbute_11"
                    },
                    "indices": "indices_12",
                    "material": "Material #46"
                }
            ]
        },
        "puck_model_LOD0-mesh": {
            "name": "puck_model_LOD0-mesh",
            "primitives": [
                {
                    "attributes": {
                        "JOINT": "attrbute_4",
                        "NORMAL": "attrbute_2",
                        "POSITION": "attrbute_1",
                        "TEXCOORD_0": "attrbute_3",
                        "WEIGHT": "attrbute_5"
                    },
                    "indices": "indices_6",
                    "material": "Material #35"
                }
            ]
        },
        "puck_tail_model_LOD0-mesh": {
            "name": "puck_tail_model_LOD0-mesh",
            "primitives": [
                {
                    "attributes": {
                        "JOINT": "attrbute_16",
                        "NORMAL": "attrbute_14",
                        "POSITION": "attrbute_13",
                        "TEXCOORD_0": "attrbute_15",
                        "WEIGHT": "attrbute_17"
                    },
                    "indices": "indices_18",
                    "material": "Material #57"
                }
            ]
        },
        "puck_wings_model_LOD0-mesh": {
            "name": "puck_wings_model_LOD0-mesh",
            "primitives": [
                {
                    "attributes": {
                        "JOINT": "attrbute_22",
                        "NORMAL": "attrbute_20",
                        "POSITION": "attrbute_19",
                        "TEXCOORD_0": "attrbute_21",
                        "WEIGHT": "attrbute_23"
                    },
                    "indices": "indices_24",
                    "material": "Material #68"
                }
            ]
        }
    },
    "nodes": {
        "antenna_c0": {
            "children": [
                "antenna_c1"
            ],
            "jointId": "antenna_c0",
            "matrix": [
                -0.45324686169624323,
                3.926257931320404e-7,
                0.8913850188255311,
                0,
                0.8913850188254862,
                -2.5161511848110513e-7,
                0.4532468616963312,
                0,
                4.0224236798112657e-7,
                0.9999999999999999,
                -2.3593699440947535e-7,
                0,
                8.668036460876465,
                0.000001086229076463498,
                14.743698120117188,
                1
            ],
            "name": "antenna_c0"
        },
        "antenna_c1": {
            "children": [
                "antenna_c2"
            ],
            "jointId": "antenna_c1",
            "matrix": [
                0.8406480550765989,
                -0.541581869125366,
                -1.8145129843105784e-8,
                0,
                0.5415818691253712,
                0.8406480550765956,
                3.377036819074416e-7,
                0,
                -1.6764051082978464e-7,
                -2.9371699514443946e-7,
                0.9999999999999992,
                0,
                6.692871093749972,
                0,
                7.434064173139632e-7,
                1
            ],
            "name": "antenna_c1"
        },
        "antenna_c2": {
            "children": [],
            "jointId": "antenna_c2",
            "matrix": [
                0.907770574092865,
                -0.41946691274642955,
                7.105427430392896e-15,
                0,
                0.41946691274642967,
                0.9077705740928651,
                -5.684341886080802e-14,
                0,
                1.7393837030218345e-14,
                5.4581279838190595e-14,
                1,
                0,
                11.238052368164062,
                -0.0000152587890625,
                2.7064379537476734e-7,
                1
            ],
            "name": "antenna_c2"
        },
        "antenna_l0": {
            "children": [
                "antenna_l2"
            ],
            "jointId": "antenna_l0",
            "matrix": [
                -0.6601172089576722,
                0.1376891285181047,
                0.738435447216034,
                0,
                0.7455362826627018,
                5.232869563681283e-7,
                0.6664648343906991,
                0,
                0.09176459559805367,
                0.9904755381106969,
                -0.10265260859216235,
                0,
                1.6909751892089862,
                9.447367668151854,
                11.204605102539091,
                1
            ],
            "name": "antenna_l0"
        },
        "antenna_l2": {
            "children": [],
            "jointId": "antenna_l2",
            "matrix": [
                0.9316344261169436,
                -0.36339694261550914,
                -1.4901161207725444e-8,
                0,
                0.36339692687305036,
                0.9316343857582756,
                7.450580610801616e-9,
                0,
                1.1174915354184023e-8,
                -1.2356252826473124e-8,
                0.9999999403953552,
                0,
                13.234893798828097,
                -0.2398529052734233,
                -0.000003814697263848643,
                1
            ],
            "name": "antenna_l2"
        },
        "antenna_r0": {
            "children": [
                "antenna_r2"
            ],
            "jointId": "antenna_r0",
            "matrix": [
                0.6601167917251587,
                0.13768902420997625,
                -0.7384358048439028,
                0,
                -0.7455365775040176,
                -2.682629150430345e-7,
                -0.6664645015372727,
                0,
                -0.09176506028557305,
                0.9904754763817815,
                0.10265204390348362,
                0,
                1.690969467163086,
                -9.447370529174805,
                11.204742431640597,
                1
            ],
            "name": "antenna_r0"
        },
        "antenna_r2": {
            "children": [],
            "jointId": "antenna_r2",
            "matrix": [
                0.9316342473030088,
                -0.363396942615509,
                -3.72529029152302e-9,
                0,
                0.3633971074845844,
                0.9316346699749096,
                1.788139342845385e-7,
                0,
                -6.150981746166906e-8,
                -1.6794291755883872e-7,
                0.9999999999999946,
                0,
                -13.23468017578125,
                0.2400054931640625,
                -0.00005722045898615136,
                1
            ],
            "name": "antenna_r2"
        },
        "bicep_A_L": {
            "children": [
                "elbow_A_L"
            ],
            "jointId": "bicep_A_L",
            "matrix": [
                0.5481712818145751,
                -0.056614913046359974,
                -0.8344472646713256,
                0,
                -0.7318352285364064,
                0.4505104848738638,
                -0.5113284988710849,
                0,
                0.4048762575772027,
                0.890973937403578,
                0.20552422227335992,
                0,
                13.996492385864258,
                0.000012636184691938723,
                2.842170943040401e-14,
                1
            ],
            "name": "bicep_A_L"
        },
        "bicep_A_R": {
            "children": [
                "elbow_A_R"
            ],
            "jointId": "bicep_A_R",
            "matrix": [
                0.5481713414192199,
                -0.056614436209201834,
                -0.8344472646713256,
                0,
                -0.7318351716747261,
                0.45051100380751063,
                -0.5113282915599991,
                0,
                0.4048762680782056,
                0.8909734393675379,
                0.20552480102097492,
                0,
                -13.99649524688721,
                -0.000014305114745205572,
                -0.00001525878903407829,
                1
            ],
            "name": "bicep_A_R"
        },
        "bicep_B_L": {
            "children": [
                "elbow_B_L"
            ],
            "jointId": "bicep_B_L",
            "matrix": [
                -0.44679504632949857,
                0.08129200339317318,
                -0.8909353613853455,
                0,
                -0.01720127249444742,
                0.9948984377646993,
                0.09940421534285536,
                0,
                0.8944709277476685,
                0.05973853030389261,
                -0.4431173482455237,
                0,
                -2.204077005386352,
                8.54556369781494,
                -10.176841735839844,
                1
            ],
            "name": "bicep_B_L"
        },
        "bicep_B_R": {
            "children": [
                "elbow_B_R"
            ],
            "jointId": "bicep_B_R",
            "matrix": [
                0.44679462909698503,
                0.08129252493381506,
                0.890935480594635,
                0,
                0.017200836390280035,
                0.9948982598671715,
                -0.09940454145221031,
                0,
                -0.8944711136172727,
                0.0597382578879672,
                0.4431169531650522,
                0,
                -2.2040741443634033,
                -8.545563697814941,
                -10.176841735839844,
                1
            ],
            "name": "bicep_B_R"
        },
        "bicep_L": {
            "children": [
                "elbow_L"
            ],
            "jointId": "bicep_L",
            "matrix": [
                0.7347407937049871,
                0.6279659867286684,
                -0.25654405355453513,
                0,
                -0.6670797216819551,
                0.6002254879327719,
                -0.44128675685572333,
                0,
                -0.1231287982805218,
                0.495366735137013,
                0.8599135571053342,
                0,
                14.684862136840822,
                0.000007629394524144573,
                -0.000030517578125,
                1
            ],
            "name": "bicep_L"
        },
        "bicep_R": {
            "children": [
                "elbow_R"
            ],
            "jointId": "bicep_R",
            "matrix": [
                0.7049736380577087,
                0.3664257526397703,
                -0.6072432994842529,
                0,
                -0.6338809831857989,
                0.7095799369142168,
                -0.30772018485658525,
                0,
                0.31813101437973607,
                0.6018545082183551,
                0.7325053567780968,
                0,
                -14.684860229492188,
                -0.000022888183600855427,
                0.00001525878903407829,
                1
            ],
            "name": "bicep_R"
        },
        "chin0": {
            "children": [
                "chin2"
            ],
            "jointId": "chin0",
            "matrix": [
                -0.0787054300308227,
                -0.99689781665802,
                8.742277657347588e-8,
                0,
                -0.9968978166580168,
                0.0787054300308643,
                4.7683710124718284e-7,
                0,
                -4.822386080483068e-7,
                -4.962191583025426e-8,
                -1.0000000000000002,
                0,
                17.430084228515636,
                -2.546279907226591,
                1.8189894069339883e-12,
                1
            ],
            "name": "chin0"
        },
        "chin2": {
            "children": [
                "chin4"
            ],
            "jointId": "chin2",
            "matrix": [
                -0.21946397423744207,
                -0.9756207466125489,
                -5.535080731533528e-7,
                0,
                -0.9756207466126251,
                0.21946397423710307,
                6.278330603086047e-7,
                0,
                -4.910517414158434e-7,
                6.77800510266624e-7,
                -0.9999999999999997,
                0,
                10.977996826171847,
                -2.98830413818359,
                -1.6940658945086007e-21,
                1
            ],
            "name": "chin2"
        },
        "chin4": {
            "children": [],
            "jointId": "chin4",
            "matrix": [
                0.9008940458297733,
                -0.4340389370918277,
                -1.5243870166159473e-7,
                0,
                0.434038937091877,
                0.9008940458297495,
                3.601145124321193e-7,
                0,
                -1.8972603789419285e-8,
                -3.90589398696051e-7,
                1.0000000000000002,
                0,
                8.461881637573242,
                1.03314208984375,
                -7.275957614183426e-12,
                1
            ],
            "name": "chin4"
        },
        "clavicle_A_L": {
            "children": [
                "bicep_A_L"
            ],
            "jointId": "clavicle_A_L",
            "matrix": [
                -0.2352724224328996,
                0.9700183272361759,
                0.060923039913177504,
                0,
                0.01435906786693932,
                -0.05920672709626207,
                0.9981429545643059,
                0,
                0.9718235034871829,
                0.23571018535774652,
                0.0000011511146985436482,
                0,
                9.15828704833983,
                2.786504745483398,
                -2.102936267852783,
                1
            ],
            "name": "clavicle_A_L"
        },
        "clavicle_A_R": {
            "children": [
                "bicep_A_R"
            ],
            "jointId": "clavicle_A_R",
            "matrix": [
                0.23527196049690247,
                0.9700187444686894,
                -0.060917321592569386,
                0,
                -0.014358650464908997,
                -0.05920095186707732,
                -0.998143372965357,
                0,
                -0.9718238999300444,
                0.23570977933462015,
                -1.6391277293456574e-7,
                0,
                9.15828704833983,
                -2.7864911556243896,
                -2.1029510498046884,
                1
            ],
            "name": "clavicle_A_R"
        },
        "clavicle_L": {
            "children": [
                "bicep_L"
            ],
            "jointId": "clavicle_L",
            "matrix": [
                -0.07381132245063801,
                0.976962089538574,
                0.2002418935298919,
                0,
                0.015086022304016788,
                -0.19967281110510007,
                0.9797464584441336,
                0,
                0.9971580483011693,
                0.07533723840220914,
                -3.576278678196765e-7,
                0,
                9.6678466796875,
                2.5000030994415283,
                -4.868686676025391,
                1
            ],
            "name": "clavicle_L"
        },
        "clavicle_R": {
            "children": [
                "bicep_R"
            ],
            "jointId": "clavicle_R",
            "matrix": [
                0.07381054013967536,
                0.9769621491432187,
                -0.2002417296171189,
                0,
                -0.01508530407579789,
                -0.1996727008959298,
                -0.9797464584911998,
                0,
                -0.9971581693776919,
                0.07533633451919565,
                -1.7881393410412727e-7,
                0,
                9.667831420898438,
                -2.499997854232788,
                -4.8686981201171875,
                1
            ],
            "name": "clavicle_R"
        },
        "elbow_A_L": {
            "children": [
                "wrist_A_L"
            ],
            "jointId": "elbow_A_L",
            "matrix": [
                0.6270076036453247,
                4.0233135228939787e-7,
                -0.7790130972862245,
                0,
                -6.31170782305901e-8,
                1.000000000000034,
                4.6566157303057354e-7,
                0,
                0.7790132049202433,
                -2.4280434990364697e-7,
                0.6270076902770527,
                0,
                18.373435974121094,
                0.000011444091796875,
                0.000007629394534802714,
                1
            ],
            "name": "elbow_A_L"
        },
        "elbow_A_R": {
            "children": [
                "wrist_A_R"
            ],
            "jointId": "elbow_A_R",
            "matrix": [
                0.6270074248313904,
                5.066394805630647e-7,
                -0.7790135741233826,
                0,
                -3.914704010954395e-7,
                0.9999999999999517,
                3.3527609954314697e-7,
                0,
                0.7790134364942813,
                9.474013573651519e-8,
                0.6270073140574277,
                0,
                -18.373428344726562,
                -0.00000762939453125,
                -0.000015258789066052714,
                1
            ],
            "name": "elbow_A_R"
        },
        "elbow_B_L": {
            "children": [
                "wrist_B_L"
            ],
            "jointId": "elbow_B_L",
            "matrix": [
                0.9809132814407349,
                2.0116567613082115e-7,
                -0.1944460272789001,
                0,
                -1.2754144042281812e-7,
                1.0000002384185809,
                3.9115549083090784e-7,
                0,
                0.19444599655336453,
                -3.588895473860543e-7,
                0.9809131264406106,
                0,
                12.73342132568358,
                0.0000057220458984375,
                -0.00000762939453125,
                1
            ],
            "name": "elbow_B_L"
        },
        "elbow_B_R": {
            "children": [
                "wrist_B_R"
            ],
            "jointId": "elbow_B_R",
            "matrix": [
                0.9809130430221558,
                4.395842551907503e-7,
                -0.1944466829299925,
                0,
                -3.5730643210829527e-7,
                0.9999996423721577,
                4.5821073958035585e-7,
                0,
                0.19444662598602358,
                -3.7998786501375337e-7,
                0.9809127557596099,
                0,
                -12.73342895507814,
                0.000003814697265625,
                0.000003814697272730427,
                1
            ],
            "name": "elbow_B_R"
        },
        "elbow_L": {
            "children": [
                "wrist_L"
            ],
            "jointId": "elbow_L",
            "matrix": [
                0.7340095043182369,
                -3.427267074307405e-7,
                -0.6791391968727111,
                0,
                4.944986566140196e-7,
                1.0000002384186448,
                2.9802321499516893e-8,
                0,
                0.679139340993294,
                -3.5770859840855707e-7,
                0.734009660083065,
                0,
                22.24576950073242,
                -0.000011444091789769573,
                0.0000457763671875,
                1
            ],
            "name": "elbow_L"
        },
        "elbow_R": {
            "children": [
                "wrist_R"
            ],
            "jointId": "elbow_R",
            "matrix": [
                0.7340096235275267,
                -3.7252902776452324e-9,
                -0.6791391372680664,
                0,
                -3.8096732350723084e-7,
                0.999999880790705,
                -4.172325758847184e-7,
                0,
                0.6791390184176609,
                5.649825141080395e-7,
                0.7340094950746976,
                0,
                -22.245792388916,
                0.000011444091800427714,
                -0.0000152587890625,
                1
            ],
            "name": "elbow_R"
        },
        "head": {
            "children": [
                "antenna_r0",
                "jaw",
                "antenna_l0",
                "antenna_c0"
            ],
            "jointId": "head",
            "matrix": [
                0.9656144380569458,
                1.3676057619704801e-7,
                -0.25997915863990784,
                0,
                -1.4163062481982365e-7,
                1,
                6.617444900424222e-24,
                0,
                0.25997915863990306,
                3.682101067830153e-8,
                0.9656144380569472,
                0,
                4.903133392333977,
                8.293302471429351e-7,
                -0.0000152587890625,
                1
            ],
            "name": "head"
        },
        "index2_0_A_L": {
            "children": [
                "index2_1_A_L"
            ],
            "jointId": "index2_0_A_L",
            "matrix": [
                0.9350248575210571,
                0.35202777385711653,
                0.0424815639853478,
                0,
                -0.07209311932635623,
                0.071433690898977,
                0.9948366179594321,
                0,
                0.3471755616635094,
                -0.9332597475813613,
                0.09217107198915499,
                0,
                14.676162719726562,
                1.2389144897460973,
                -0.0000152587890625,
                1
            ],
            "name": "index2_0_A_L"
        },
        "index2_1_A_L": {
            "children": [
                "index2_2_A_L"
            ],
            "jointId": "index2_1_A_L",
            "matrix": [
                0.03239086270332109,
                7.450580602474943e-8,
                -0.9994753003120422,
                0,
                -0.000007817839688117889,
                1.0000001191920977,
                -1.7881458108659487e-7,
                0,
                0.9994752368922558,
                0.000007819528200336823,
                0.03239086064860397,
                0,
                4.827945709228523,
                0.0000038146972585195726,
                0.000003814697265625,
                1
            ],
            "name": "index2_1_A_L"
        },
        "index2_2_A_L": {
            "children": [],
            "jointId": "index2_2_A_L",
            "matrix": [
                0.9999999999999993,
                1.0430812842632253e-7,
                -5.662441253662109e-7,
                0,
                -1.043081368917731e-7,
                1.0000000000000018,
                -1.4901161138336505e-8,
                0,
                5.662442588150185e-7,
                1.4901223754915094e-8,
                1.0000002384184834,
                0,
                7.016880035400391,
                0.000019073486328125,
                0.000015258789048289145,
                1
            ],
            "name": "index2_2_A_L"
        },
        "index3_0_A_R": {
            "children": [
                "index3_1_A_R"
            ],
            "jointId": "index3_0_A_R",
            "matrix": [
                0.9415892362594604,
                0.33529728651046753,
                0.031395033001899775,
                0,
                -0.047608282062740453,
                0.04024331166149399,
                0.9980550982345108,
                0,
                0.33338177825933185,
                -0.9412527484621955,
                0.05385560530438836,
                0,
                -15.036277770996108,
                -1.4102325439453125,
                0.000007629394524144573,
                1
            ],
            "name": "index3_0_A_R"
        },
        "index3_1_A_R": {
            "children": [
                "index3_2_A_R"
            ],
            "jointId": "index3_1_A_R",
            "matrix": [
                0.12142091989517201,
                7.823109626214908e-7,
                -0.9926010370254522,
                0,
                -0.000002362168605607451,
                0.9999999999972853,
                4.991877493171204e-7,
                0,
                0.9926014288886149,
                0.000002284080073522432,
                0.12142096783202766,
                0,
                -3.8104095458984233,
                0,
                -0.000011444091796875,
                1
            ],
            "name": "index3_1_A_R"
        },
        "index3_2_A_R": {
            "children": [],
