{
    "animations": {},
    "asset": {},
    "attributes": {
        "attribute_1": {
            "bufferView": "bufferView_25",
            "byteOffset": 0,
            "byteStride": 12,
            "count": 1916,
            "max": [
                1,
                1,
                1
            ],
            "min": [
                0,
                0,
                0
            ],
            "type": "FLOAT_VEC3"
        },
        "attribute_10": {
            "bufferView": "bufferView_25",
            "byteOffset": 121040,
            "byteStride": 16,
            "count": 190,
            "max": [
                1,
                1,
                1
            ],
            "min": [
                0,
                0,
                0
            ],
            "type": "FLOAT_VEC4"
        },
        "attribute_11": {
            "bufferView": "bufferView_25",
            "byteOffset": 124080,
            "byteStride": 12,
            "count": 190,
            "max": [
                1,
                1,
                1
            ],
            "min": [
                0,
                0,
                0
            ],
            "type": "FLOAT_VEC3"
        },
        "attribute_13": {
            "bufferView": "bufferView_25",
            "byteOffset": 126360,
            "byteStride": 12,
            "count": 384,
            "max": [
                1,
                1,
                1
            ],
            "min": [
                0,
                0,
                0
            ],
            "type": "FLOAT_VEC3"
        },
        "attribute_14": {
            "bufferView": "bufferView_25",
            "byteOffset": 130968,
            "byteStride": 12,
            "count": 384,
            "max": [
                1,
                1,
                1
            ],
            "min": [
                0,
                0,
                0
            ],
            "type": "FLOAT_VEC3"
        },
        "attribute_15": {
            "bufferView": "bufferView_25",
            "byteOffset": 135576,
            "byteStride": 8,
            "count": 384,
            "max": [
                1,
                1,
                1
            ],
            "min": [
                0,
                0,
                0
            ],
            "type": "FLOAT_VEC2"
        },
        "attribute_16": {
            "bufferView": "bufferView_25",
            "byteOffset": 138648,
            "byteStride": 16,
            "count": 384,
            "max": [
                1,
                1,
                1
            ],
            "min": [
                0,
                0,
                0
            ],
            "type": "FLOAT_VEC4"
        },
        "attribute_17": {
            "bufferView": "bufferView_25",
            "byteOffset": 144792,
            "byteStride": 12,
            "count": 384,
            "max": [
                1,
                1,
                1
            ],
            "min": [
                0,
                0,
                0
            ],
            "type": "FLOAT_VEC3"
        },
        "attribute_19": {
            "bufferView": "bufferView_25",
            "byteOffset": 149400,
            "byteStride": 12,
            "count": 572,
            "max": [
                1,
                1,
                1
            ],
            "min": [
                0,
                0,
                0
            ],
            "type": "FLOAT_VEC3"
        },
        "attribute_2": {
            "bufferView": "bufferView_25",
            "byteOffset": 22992,
            "byteStride": 12,
            "count": 1916,
            "max": [
                1,
                1,
                1
            ],
            "min": [
                0,
                0,
                0
            ],
            "type": "FLOAT_VEC3"
        },
        "attribute_20": {
            "bufferView": "bufferView_25",
            "byteOffset": 156264,
            "byteStride": 12,
            "count": 572,
            "max": [
                1,
                1,
                1
            ],
            "min": [
                0,
                0,
                0
            ],
            "type": "FLOAT_VEC3"
        },
        "attribute_21": {
            "bufferView": "bufferView_25",
            "byteOffset": 163128,
            "byteStride": 8,
            "count": 572,
            "max": [
                1,
                1,
                1
            ],
            "min": [
                0,
                0,
                0
            ],
            "type": "FLOAT_VEC2"
        },
        "attribute_22": {
            "bufferView": "bufferView_25",
            "byteOffset": 167704,
            "byteStride": 16,
            "count": 572,
            "max": [
                1,
                1,
                1
            ],
            "min": [
                0,
                0,
                0
            ],
            "type": "FLOAT_VEC4"
        },
        "attribute_23": {
            "bufferView": "bufferView_25",
            "byteOffset": 176856,
            "byteStride": 12,
            "count": 572,
            "max": [
                1,
                1,
                1
            ],
            "min": [
                0,
                0,
                0
            ],
            "type": "FLOAT_VEC3"
        },
        "attribute_3": {
            "bufferView": "bufferView_25",
            "byteOffset": 45984,
            "byteStride": 8,
            "count": 1916,
            "max": [
                1,
                1,
                1
            ],
            "min": [
                0,
                0,
                0
            ],
            "type": "FLOAT_VEC2"
        },
        "attribute_4": {
            "bufferView": "bufferView_25",
            "byteOffset": 61312,
            "byteStride": 16,
            "count": 1916,
            "max": [
                1,
                1,
                1
            ],
            "min": [
                0,
                0,
                0
            ],
            "type": "FLOAT_VEC4"
        },
        "attribute_5": {
            "bufferView": "bufferView_25",
            "byteOffset": 91968,
            "byteStride": 12,
            "count": 1916,
            "max": [
                1,
                1,
                1
            ],
            "min": [
                0,
                0,
                0
            ],
            "type": "FLOAT_VEC3"
        },
        "attribute_7": {
            "bufferView": "bufferView_25",
            "byteOffset": 114960,
            "byteStride": 12,
            "count": 190,
            "max": [
                1,
                1,
                1
            ],
            "min": [
                0,
                0,
                0
            ],
            "type": "FLOAT_VEC3"
        },
        "attribute_8": {
            "bufferView": "bufferView_25",
            "byteOffset": 117240,
            "byteStride": 12,
            "count": 190,
            "max": [
                1,
                1,
                1
            ],
            "min": [
                0,
                0,
                0
            ],
            "type": "FLOAT_VEC3"
        },
        "attribute_9": {
            "bufferView": "bufferView_25",
            "byteOffset": 119520,
            "byteStride": 8,
            "count": 190,
            "max": [
                1,
                1,
                1
            ],
            "min": [
                0,
                0,
                0
            ],
            "type": "FLOAT_VEC2"
        }
    },
    "bufferViews": {
        "bufferView_25": {
            "buffer": "puck.bin",
            "byteLength": 183720,
            "byteOffset": 0,
            "target": "ARRAY_BUFFER"
        },
        "bufferView_26": {
            "buffer": "puck.bin",
            "byteLength": 36144,
            "byteOffset": 183720,
            "target": "ELEMENT_ARRAY_BUFFER"
        }
    },
    "buffers": {
        "puck.bin": {
            "byteLength": 219864,
            "path": "puck.bin"
        }
    },
    "cameras": {},
    "images": {
        "image_0": {
            "path": "textures/puck_color.png"
        },
        "image_1": {
            "path": "textures/puck_horns_color.png"
        },
        "image_2": {
            "path": "textures/puck_tail_color.png"
        },
        "image_3": {
            "path": "textures/puck_wings_color.png"
        }
    },
    "indices": {
        "indices_12": {
            "bufferView": "bufferView_26",
            "byteOffset": 22968,
            "count": 1074,
            "type": "UNSIGNED_SHORT"
        },
        "indices_18": {
            "bufferView": "bufferView_26",
            "byteOffset": 25116,
            "count": 2256,
            "type": "UNSIGNED_SHORT"
        },
        "indices_24": {
            "bufferView": "bufferView_26",
            "byteOffset": 29628,
            "count": 3258,
            "type": "UNSIGNED_SHORT"
        },
        "indices_6": {
            "bufferView": "bufferView_26",
            "byteOffset": 0,
            "count": 11484,
            "type": "UNSIGNED_SHORT"
        }
    },
    "lights": {},
    "materials": {
        "Material #35": {
            "instanceTechnique": {
                "technique": "technique_0",
                "values": [
                    {
                        "parameter": "ambient",
                        "value": [
                            0.5879999995231628,
                            0.5879999995231628,
                            0.5879999995231628
                        ]
                    },
                    {
                        "parameter": "emission",
                        "value": [
                            0,
                            0,
                            0
                        ]
                    },
                    {
                        "parameter": "diffuse",
                        "value": "Map #6"
                    },
                    {
                        "parameter": "shininess",
                        "value": 2
                    },
                    {
                        "parameter": "specular",
                        "value": [
                            0.8999999761581421,
                            0.8999999761581421,
                            0.8999999761581421
                        ]
                    }
                ]
            },
            "name": "Material #35"
        },
        "Material #46": {
            "instanceTechnique": {
                "technique": "technique_0",
                "values": [
                    {
                        "parameter": "ambient",
                        "value": [
                            0.5879999995231628,
                            0.5879999995231628,
                            0.5879999995231628
                        ]
                    },
                    {
                        "parameter": "emission",
                        "value": [
                            0,
                            0,
                            0
                        ]
                    },
                    {
                        "parameter": "diffuse",
                        "value": "Map #7"
                    },
                    {
                        "parameter": "shininess",
                        "value": 2
                    },
                    {
                        "parameter": "specular",
                        "value": [
                            0.8999999761581421,
                            0.8999999761581421,
                            0.8999999761581421
                        ]
                    }
                ]
            },
            "name": "Material #46"
        },
        "Material #57": {
            "instanceTechnique": {
                "technique": "technique_0",
                "values": [
                    {
                        "parameter": "ambient",
                        "value": [
                            0.5879999995231628,
                            0.5879999995231628,
                            0.5879999995231628
                        ]
                    },
                    {
                        "parameter": "emission",
                        "value": [
                            0,
                            0,
                            0
                        ]
                    },
                    {
                        "parameter": "diffuse",
                        "value": "Map #8"
                    },
                    {
                        "parameter": "shininess",
                        "value": 2
                    },
                    {
                        "parameter": "specular",
                        "value": [
                            0.8999999761581421,
                            0.8999999761581421,
                            0.8999999761581421
                        ]
                    }
                ]
            },
            "name": "Material #57"
        },
        "Material #68": {
            "instanceTechnique": {
                "technique": "technique_0",
                "values": [
                    {
                        "parameter": "ambient",
                        "value": [
                            0.5879999995231628,
                            0.5879999995231628,
                            0.5879999995231628
                        ]
                    },
                    {
                        "parameter": "emission",
                        "value": [
                            0,
                            0,
                            0
                        ]
                    },
                    {
                        "parameter": "diffuse",
                        "value": "Map #9"
                    },
                    {
                        "parameter": "shininess",
                        "value": 2
                    },
                    {
                        "parameter": "specular",
                        "value": [
                            0.8999999761581421,
                            0.8999999761581421,
                            0.8999999761581421
                        ]
                    }
                ]
            },
            "name": "Material #68"
        }
    },
    "meshes": {
        "puck_horns_model_LOD0-mesh": {
            "name": "puck_horns_model_LOD0-mesh",
            "primitives": [
                {
                    "indices": "indices_12",
                    "material": "Material #46",
                    "semantics": {
                        "JOINT": "attribute_10",
                        "NORMAL": "attribute_8",
                        "POSITION": "attribute_7",
                        "TEXCOORD_0": "attribute_9",
                        "WEIGHT": "attribute_11"
                    },
                    "skin": "skin_1"
                }
            ]
        },
        "puck_model_LOD0-mesh": {
            "name": "puck_model_LOD0-mesh",
            "primitives": [
                {
                    "indices": "indices_6",
                    "material": "Material #35",
                    "semantics": {
                        "JOINT": "attribute_4",
                        "NORMAL": "attribute_2",
                        "POSITION": "attribute_1",
                        "TEXCOORD_0": "attribute_3",
                        "WEIGHT": "attribute_5"
                    },
                    "skin": "skin_0"
                }
            ]
        },
        "puck_tail_model_LOD0-mesh": {
            "name": "puck_tail_model_LOD0-mesh",
            "primitives": [
                {
                    "indices": "indices_18",
                    "material": "Material #57",
                    "semantics": {
                        "JOINT": "attribute_16",
                        "NORMAL": "attribute_14",
                        "POSITION": "attribute_13",
                        "TEXCOORD_0": "attribute_15",
                        "WEIGHT": "attribute_17"
                    },
                    "skin": "skin_2"
                }
            ]
        },
        "puck_wings_model_LOD0-mesh": {
            "name": "puck_wings_model_LOD0-mesh",
            "primitives": [
                {
                    "indices": "indices_24",
                    "material": "Material #68",
                    "semantics": {
                        "JOINT": "attribute_22",
                        "NORMAL": "attribute_20",
                        "POSITION": "attribute_19",
                        "TEXCOORD_0": "attribute_21",
                        "WEIGHT": "attribute_23"
                    },
                    "skin": "skin_3"
                }
            ]
        }
    },
    "nodes": {
        "antenna_c0": {
            "children": [
                "antenna_c1"
            ],
            "matrix": [
                -0.4532468616962432,
                3.9262579313204034e-7,
                0.8913850188255309,
                0,
                0.891385018825486,
                -2.5161511848110513e-7,
                0.45324686169633116,
                0,
                4.0224236798112657e-7,
                0.9999999999999999,
                -2.3593699440947535e-7,
                0,
                8.668036460876463,
                0.0000010862290764634963,
                14.743698120117159,
                1
            ],
            "name": "antenna_c0"
        },
        "antenna_c1": {
            "children": [
                "antenna_c2"
            ],
            "matrix": [
                0.8406480550765991,
                -0.5415818691253662,
                -1.8145129843105758e-8,
                0,
                0.5415818691253714,
                0.840648055076596,
                3.3770368190744183e-7,
                0,
                -1.6764051082978464e-7,
                -2.937169951444395e-7,
                0.9999999999999994,
                0,
                6.69287109375,
                0,
                7.434064173139564e-7,
                1
            ],
            "name": "antenna_c1"
        },
        "antenna_c2": {
            "children": [],
            "matrix": [
                0.9077705740928651,
                -0.4194669127464295,
                7.105427384070781e-15,
                0,
                0.41946691274642944,
                0.907770574092865,
                -5.684341917844537e-14,
                0,
                1.7393837030218345e-14,
                5.458127973231148e-14,
                1,
                0,
                11.238052368164062,
                -0.0000152587890625,
                2.7064379537479445e-7,
                1
            ],
            "name": "antenna_c2"
        },
        "antenna_l0": {
            "children": [
                "antenna_l2"
            ],
            "matrix": [
                -0.6601172089576721,
                0.13768912851810464,
                0.7384354472160339,
                0,
                0.7455362826627017,
                5.232869563665876e-7,
                0.6664648343906993,
                0,
                0.09176459559805367,
                0.9904755381106969,
                -0.10265260859216235,
                0,
                1.6909751892089862,
                9.447367668151854,
                11.204605102539091,
                1
            ],
            "name": "antenna_l0"
        },
        "antenna_l2": {
            "children": [],
            "matrix": [
                0.9316344261169438,
                -0.36339694261550914,
                -1.4901161152214293e-8,
                0,
                0.36339692687305053,
                0.9316343857582761,
                7.450580610801616e-9,
                0,
                1.117491531255066e-8,
                -1.2356252826473124e-8,
                0.9999999403953553,
                0,
                13.23489379882811,
                -0.2398529052734375,
                -0.000003814697265625,
                1
            ],
            "name": "antenna_l2"
        },
        "antenna_r0": {
            "children": [
                "antenna_r2"
            ],
            "matrix": [
                0.6601167917251586,
                0.13768902420997622,
                -0.7384358048439028,
                0,
                -0.7455365775040177,
                -2.6826291505986213e-7,
                -0.6664645015372725,
                0,
                -0.09176506028557305,
                0.9904754763817815,
                0.10265204390348362,
                0,
                1.690969467163086,
                -9.447370529174805,
                11.204742431640625,
                1
            ],
            "name": "antenna_r0"
        },
        "antenna_r2": {
            "children": [],
            "matrix": [
                0.9316342473030088,
                -0.363396942615509,
                -3.7252902707063384e-9,
                0,
                0.3633971074845845,
                0.9316346699749094,
                1.788139343122941e-7,
                0,
                -6.150981748942463e-8,
                -1.679429175727165e-7,
                0.9999999999999946,
                0,
                -13.23468017578125,
                0.2400054931640483,
                -0.000057220458984375,
                1
            ],
            "name": "antenna_r2"
        },
        "bicep_A_L": {
            "children": [
                "elbow_A_L"
            ],
            "matrix": [
                0.5481712818145751,
                -0.056614913046359974,
                -0.8344472646713256,
                0,
                -0.7318352285364064,
                0.4505104848738638,
                -0.5113284988710849,
                0,
                0.4048762575772027,
                0.8909739374035779,
                0.2055242222733599,
                0,
                13.996492385864258,
                0.000012636184691494634,
                2.842170943040401e-14,
                1
            ],
            "name": "bicep_A_L"
        },
        "bicep_A_R": {
            "children": [
                "elbow_A_R"
            ],
            "matrix": [
                0.54817134141922,
                -0.05661443620920183,
                -0.8344472646713256,
                0,
                -0.7318351716747262,
                0.4505110038075107,
                -0.5113282915599991,
                0,
                0.4048762680782056,
                0.8909734393675379,
                0.20552480102097492,
                0,
                -13.99649524688721,
                -0.000014305114745205572,
                -0.00001525878903407829,
                1
            ],
            "name": "bicep_A_R"
        },
        "bicep_B_L": {
            "children": [
                "elbow_B_L"
            ],
            "matrix": [
                -0.44679504632949857,
                0.08129200339317318,
                -0.8909353613853455,
                0,
                -0.01720127249444742,
                0.9948984377646993,
                0.09940421534285536,
                0,
                0.8944709277476685,
                0.05973853030389261,
                -0.4431173482455237,
                0,
                -2.204077005386352,
                8.54556369781494,
                -10.176841735839844,
                1
            ],
            "name": "bicep_B_L"
        },
        "bicep_B_R": {
            "children": [
                "elbow_B_R"
            ],
            "matrix": [
                0.44679462909698503,
                0.08129252493381506,
                0.890935480594635,
                0,
                0.017200836390280035,
                0.9948982598671715,
                -0.09940454145221031,
                0,
                -0.8944711136172727,
                0.0597382578879672,
                0.4431169531650522,
                0,
                -2.2040741443634033,
                -8.545563697814941,
                -10.176841735839844,
                1
            ],
            "name": "bicep_B_R"
        },
        "bicep_L": {
            "children": [
                "elbow_L"
            ],
            "matrix": [
                0.7347407937049869,
                0.6279659867286682,
                -0.25654405355453497,
                0,
                -0.6670797216819551,
                0.6002254879327718,
                -0.4412867568557232,
                0,
                -0.12312879828052178,
                0.4953667351370129,
                0.859913557105334,
                0,
                14.68486213684082,
                0.000007629394538355427,
                -0.000030517578125,
                1
            ],
            "name": "bicep_L"
        },
        "bicep_R": {
            "children": [
                "elbow_R"
            ],
            "matrix": [
                0.7049736380577089,
                0.3664257526397703,
                -0.6072432994842529,
                0,
                -0.633880983185799,
                0.709579936914217,
                -0.3077201848565853,
                0,
                0.3181310143797361,
                0.6018545082183552,
                0.732505356778097,
                0,
                -14.684860229492188,
                -0.000022888183600855427,
                0.00001525878903407829,
                1
            ],
            "name": "bicep_R"
        },
        "chin0": {
            "children": [
                "chin2"
            ],
            "matrix": [
                -0.07870543003082267,
                -0.9968978166580199,
                8.742277657347583e-8,
                0,
                -0.9968978166580167,
                0.07870543003086439,
                4.768371012471828e-7,
                0,
                -4.822386080483067e-7,
                -4.962191583025426e-8,
                -1,
                0,
                17.43008422851562,
                -2.546279907226534,
                1.8189894035458565e-12,
                1
            ],
            "name": "chin0"
        },
        "chin2": {
            "children": [
                "chin4"
            ],
            "matrix": [
                -0.21946397423744213,
                -0.9756207466125488,
                -5.535080731533527e-7,
                0,
                -0.975620746612625,
                0.219463974237103,
                6.278330603086047e-7,
                0,
                -4.910517414158434e-7,
                6.778005102666238e-7,
                -0.9999999999999999,
                0,
                10.977996826171875,
                -2.9883041381835973,
                1.6940658945086007e-21,
                1
            ],
            "name": "chin2"
        },
        "chin4": {
            "children": [],
            "matrix": [
                0.9008940458297732,
                -0.43403893709182745,
                -1.5243870166159468e-7,
                0,
                0.43403893709187713,
                0.9008940458297494,
                3.6011451243211923e-7,
                0,
                -1.8972603789419255e-8,
                -3.905893986960507e-7,
                1.0000000000000002,
                0,
                8.461881637573235,
                1.0331420898437784,
                -7.275957627735953e-12,
                1
            ],
            "name": "chin4"
        },
        "clavicle_A_L": {
            "children": [
                "bicep_A_L"
            ],
            "matrix": [
                -0.23527242243289959,
                0.9700183272361759,
                0.06092303991317751,
                0,
                0.014359067866939324,
                -0.05920672709626207,
                0.9981429545643059,
                0,
                0.9718235034871829,
                0.23571018535774652,
                0.000001151114698545383,
                0,
                9.15828704833983,
                2.786504745483398,
                -2.102936267852783,
                1
            ],
            "name": "clavicle_A_L"
        },
        "clavicle_A_R": {
            "children": [
                "bicep_A_R"
            ],
            "matrix": [
                0.23527196049690247,
                0.9700187444686894,
                -0.06091732159256937,
                0,
                -0.014358650464908992,
                -0.059200951867077314,
                -0.9981433729653568,
                0,
                -0.9718238999300444,
                0.23570977933462015,
                -1.6391277293630047e-7,
                0,
                9.15828704833983,
                -2.7864911556243896,
                -2.1029510498046884,
                1
            ],
            "name": "clavicle_A_R"
        },
        "clavicle_L": {
            "children": [
                "bicep_L"
            ],
            "matrix": [
                -0.07381132245063801,
                0.976962089538574,
                0.2002418935298919,
                0,
                0.015086022304016788,
                -0.19967281110510007,
                0.9797464584441337,
                0,
                0.9971580483011695,
                0.07533723840220914,
                -3.5762786787518763e-7,
                0,
                9.667846679687528,
                2.5000030994415283,
                -4.868686676025391,
                1
            ],
            "name": "clavicle_L"
        },
        "clavicle_R": {
            "children": [
                "bicep_R"
            ],
            "matrix": [
                0.07381054013967536,
                0.9769621491432187,
                -0.20024172961711892,
                0,
                -0.015085304075797945,
                -0.1996727008959298,
                -0.9797464584911999,
                0,
                -0.997158169377692,
                0.07533633451919565,
                -1.7881393415963842e-7,
                0,
                9.667831420898466,
                -2.499997854232788,
                -4.8686981201171875,
                1
            ],
            "name": "clavicle_R"
        },
        "elbow_A_L": {
            "children": [
                "wrist_A_L"
            ],
            "matrix": [
                0.6270076036453247,
                4.0233135228939787e-7,
                -0.7790130972862245,
                0,
                -6.31170782305901e-8,
                1.000000000000034,
                4.6566157303057354e-7,
                0,
                0.7790132049202433,
                -2.4280434990364697e-7,
                0.6270076902770527,
                0,
                18.373435974121094,
                0.000011444091796875,
                0.000007629394534802714,
                1
            ],
            "name": "elbow_A_L"
        },
        "elbow_A_R": {
            "children": [
                "wrist_A_R"
            ],
            "matrix": [
                0.62700742483139,
                5.066394805908203e-7,
                -0.7790135741233823,
                0,
                -3.9147040126197297e-7,
                0.9999999999999516,
                3.352760994945747e-7,
                0,
                0.7790134364942813,
                9.474013576427076e-8,
                0.6270073140574277,
                0,
                -18.373428344726562,
                -0.00000762939453125,
                -0.000015258789058947286,
                1
            ],
            "name": "elbow_A_R"
        },
        "elbow_B_L": {
            "children": [
                "wrist_B_L"
            ],
            "matrix": [
                0.9809132814407349,
                2.0116567613082115e-7,
                -0.1944460272789001,
                0,
                -1.2754144042281812e-7,
                1.0000002384185809,
                3.9115549083090784e-7,
                0,
                0.19444599655336453,
                -3.588895473860543e-7,
                0.9809131264406106,
                0,
                12.73342132568358,
                0.0000057220458984375,
                -0.00000762939453125,
                1
            ],
            "name": "elbow_B_L"
        },
        "elbow_B_R": {
            "children": [
                "wrist_B_R"
            ],
            "matrix": [
                0.9809130430221558,
                4.395842551907503e-7,
                -0.1944466829299925,
                0,
                -3.5730643210829527e-7,
                0.9999996423721577,
                4.5821073958035585e-7,
                0,
                0.19444662598602358,
                -3.7998786501375337e-7,
                0.9809127557596099,
                0,
                -12.73342895507814,
                0.000003814697265625,
                0.000003814697272730427,
                1
            ],
            "name": "elbow_B_R"
        },
        "elbow_L": {
            "children": [
                "wrist_L"
            ],
            "matrix": [
                0.7340095043182371,
                -3.427267073197182e-7,
                -0.6791391968727112,
                0,
                4.944986566274637e-7,
                1.000000238418645,
                2.9802321499516893e-8,
                0,
                0.679139340993294,
                -3.577085983808015e-7,
                0.7340096600830653,
                0,
                22.245769500732425,
                -0.000011444091796875,
                0.0000457763671875,
                1
            ],
            "name": "elbow_L"
        },
        "elbow_R": {
            "children": [
                "wrist_R"
            ],
            "matrix": [
                0.7340096235275267,
                -3.7252902776452324e-9,
                -0.6791391372680666,
                0,
                -3.8096732350723084e-7,
                0.9999998807907051,
                -4.172325758847184e-7,
                0,
                0.679139018417661,
                5.649825140195686e-7,
                0.7340094950746978,
                0,
                -22.245792388916016,
                0.000011444091796875,
                -0.0000152587890625,
                1
            ],
            "name": "elbow_R"
        },
        "head": {
            "children": [
                "antenna_r0",
                "jaw",
                "antenna_l0",
                "antenna_c0"
            ],
            "matrix": [
                0.9656144380569458,
                1.3676057619704807e-7,
                -0.2599791586399078,
                0,
                -1.4163062481982373e-7,
                1,
                6.617444900424222e-24,
                0,
                0.25997915863990306,
                3.6821010678301515e-8,
                0.965614438056947,
                0,
                4.903133392333977,
                8.293302471429342e-7,
                -0.0000152587890625,
                1
            ],
            "name": "head"
        },
        "index2_0_A_L": {
            "children": [
                "index2_1_A_L"
            ],
            "matrix": [
                0.9350248575210574,
                0.3520277738571167,
                0.04248156398534775,
                0,
                -0.07209311932635626,
                0.07143369089897705,
                0.9948366179594323,
                0,
                0.3471755616635096,
                -0.9332597475813615,
                0.0921710719891551,
                0,
                14.676162719726562,
                1.2389144897460973,
                -0.0000152587890625,
                1
            ],
            "name": "index2_0_A_L"
        },
        "index2_1_A_L": {
            "children": [
                "index2_2_A_L"
            ],
            "matrix": [
                0.03239086270332109,
                7.45058059553605e-8,
                -0.9994753003120425,
                0,
                -0.000007817839688145645,
                1.0000001191920986,
                -1.7881458114210602e-7,
                0,
                0.9994752368922561,
                0.000007819528200503356,
                0.03239086064860408,
                0,
                4.827945709228516,
                0.000003814697265625,
                0.000003814697265625,
                1
            ],
            "name": "index2_1_A_L"
        },
        "index2_2_A_L": {
            "children": [],
            "matrix": [
                0.9999999999999996,
                1.0430812831530023e-7,
                -5.662441253662109e-7,
                0,
                -1.0430813675299522e-7,
                1.0000000000000018,
                -1.4901161249358807e-8,
                0,
                5.662442588150185e-7,
                1.4901223865937396e-8,
                1.0000002384184836,
                0,
                7.0168800354003835,
                0.000019073486328125,
                0.000015258789076710855,
                1
            ],
            "name": "index2_2_A_L"
        },
        "index3_0_A_R": {
            "children": [
                "index3_1_A_R"
            ],
            "matrix": [
                0.9415892362594607,
                0.3352972865104675,
                0.031395033001899775,
                0,
                -0.04760828206274048,
                0.04024331166149407,
                0.9980550982345107,
                0,
                0.333381778259332,
                -0.9412527484621955,
                0.05385560530438832,
                0,
                -15.036277770996094,
                -1.4102325439453125,
                0.00000762939453125,
                1
            ],
            "name": "index3_0_A_R"
        },
        "index3_1_A_R": {
            "children": [
                "index3_2_A_R"
            ],
            "matrix": [
                0.12142091989517212,
                7.823109627047575e-7,
                -0.9926010370254519,
                0,
                -0.000002362168605524184,
                0.9999999999972848,
                4.991877493587538e-7,
                0,
                0.9926014288886144,
                0.0000022840800736334543,
                0.12142096783202777,
                0,
                -3.8104095458984375,
                0,
                -0.000011444091789769573,
                1
            ],
            "name": "index3_1_A_R"
        },
        "index3_2_A_R": {
            "children": [],
            "matrix": [
                1.0000001192092896,
                -4.470348358293075e-7,
                -8.940696721859709e-8,
                0,
                4.4703484780583835e-7,
                1.0000001192092456,
                1.3411045071687333e-7,
                0,
                8.940686990754898e-8,
                -1.3411043478517293e-7,
                0.9999997019767858,
                0,
                -6.9977874755859375,
                -0.000003814697265625,
                0.00003814697265625,
                1
            ],
            "name": "index3_2_A_R"
        },
        "index_0_L": {
            "children": [
