{
    "accessors": [
        {
            "bufferView": 0,
            "byteOffset": 0,
            "componentType": 5126,
            "count": 2429,
            "max": [
                45.531150817871094,
                35.914127349853516,
                168.71804809570312
            ],
            "min": [
                -45.53108596801758,
                -44.04151916503906,
                72.4239273071289
            ],
            "type": "VEC3"
        },
        {
            "bufferView": 0,
            "byteOffset": 29148,
            "componentType": 5126,
            "count": 2429,
            "max": [
                0.9999265074729919,
                0.9999983310699463,
                0.9999966621398926
            ],
            "min": [
                -0.9999265074729919,
                -0.999965488910675,
                -0.9984865188598633
            ],
            "type": "VEC3"
        },
        {
            "bufferView": 0,
            "byteOffset": 58296,
            "componentType": 5126,
            "count": 2429,
            "max": [
                1.9962470531463623,
                0.995622992515564
            ],
            "min": [
                0.005673999898135662,
                0.006758987903594971
            ],
            "type": "VEC2"
        },
        {
            "bufferView": 0,
            "byteOffset": 77728,
            "componentType": 5123,
            "count": 2429,
            "max": [
                71,
                72,
                72,
                0
            ],
            "min": [
                0,
                0,
                0,
                0
            ],
            "type": "VEC4"
        },
        {
            "bufferView": 0,
            "byteOffset": 97160,
            "componentType": 5126,
            "count": 2429,
            "max": [
                1,
                0.9998996257781982,
                0.9996964335441589,
                0
            ],
            "min": [
                0.00010038808250101283,
                0,
                0,
                0
            ],
            "type": "VEC4"
        },
        {
            "bufferView": 2,
            "byteOffset": 0,
            "componentType": 5123,
            "count": 11484,
            "max": [
                2428
            ],
            "min": [
                0
            ],
            "type": "SCALAR"
        },
        {
            "bufferView": 1,
            "byteOffset": 0,
            "componentType": 5126,
            "count": 73,
            "max": [
                0.97696232001059,
                0.999999999999984,
                0.9999999999999583,
                0,
                0.9806642818164935,
                0.9979329141947983,
                0.9999434238372221,
                0,
                0.9999434238463657,
                0.9978568927314169,
                1,
                0,
                149.44364428292167,
                158.21287171313227,
                140.51750533059544,
                1
            ],
            "min": [
                -0.23251778493726408,
                -0.857091217631479,
                -0.999999999999965,
                0,
                -0.9999999999999932,
                -0.9979328436717805,
                -0.9126843426433305,
                0,
                -0.962116554750963,
                -0.9818712944960394,
                -0.9717682130669539,
                0,
                -141.12296579934147,
                -158.21298526404917,
                -154.05422973632628,
                1
            ],
            "type": "MAT4"
        },
        {
            "bufferView": 0,
            "byteOffset": 136024,
            "componentType": 5126,
            "count": 239,
            "max": [
                14.023760795593262,
                10.246915817260742,
                182.34039306640625
            ],
            "min": [
                -14.023758888244629,
                -24.78487777709961,
                162.75209045410156
            ],
            "type": "VEC3"
        },
        {
            "bufferView": 0,
            "byteOffset": 138892,
            "componentType": 5126,
            "count": 239,
            "max": [
                0.9997279047966003,
                0.9444944858551025,
                0.9978457093238831
            ],
            "min": [
                -0.9997279047966003,
                -0.8191997408866882,
                -0.9978207945823669
            ],
            "type": "VEC3"
        },
        {
            "bufferView": 0,
            "byteOffset": 141760,
            "componentType": 5126,
            "count": 239,
            "max": [
                0.9778108596801758,
                0.9727382659912109
            ],
            "min": [
                0.027923425659537315,
                0.016217529773712158
            ],
            "type": "VEC2"
        },
        {
            "bufferView": 0,
            "byteOffset": 143672,
            "componentType": 5123,
            "count": 239,
            "max": [
                8,
                8,
                8,
                0
            ],
            "min": [
                0,
                0,
                0,
                0
            ],
            "type": "VEC4"
        },
        {
            "bufferView": 0,
            "byteOffset": 145584,
            "componentType": 5126,
            "count": 239,
            "max": [
                1,
                0.9998598098754883,
                0.9994688034057617,
                0
            ],
            "min": [
                0.00010032033605966717,
                0,
                0,
                0
            ],
            "type": "VEC4"
        },
        {
            "bufferView": 2,
            "byteOffset": 22968,
            "componentType": 5123,
            "count": 1074,
            "max": [
                238
            ],
            "min": [
                0
            ],
            "type": "SCALAR"
        },
        {
            "bufferView": 1,
            "byteOffset": 4672,
            "componentType": 5126,
            "count": 9,
            "max": [
                0.13768912620150928,
                0.999999999999992,
                0.9999999999998533,
                0,
                0.9954703681001622,
                0.7455367851624202,
                0.09176513101852503,
                0,
                0.8913850701616781,
                0.9954703681000039,
                1,
                0,
                114.33519497413225,
                158.21280419717138,
                6.355919887154726,
                1
            ],
            "min": [
                6.6640318879988e-8,
                -2.7839222700353575e-7,
                -6.500505362344911e-8,
                0,
                -0.9999999999999956,
                -0.8913850701616847,
                -0.09176454118836826,
                0,
                -0.738435872335761,
                -0.8892464372703267,
                -0.10265258180669905,
                0,
                -141.12293714132065,
                -180.35719906107948,
                -154.05424499511648,
                1
            ],
            "type": "MAT4"
        },
        {
            "bufferView": 0,
            "byteOffset": 149408,
            "componentType": 5126,
            "count": 517,
            "max": [
                30.834972381591797,
                89.36918640136719,
                114.30253601074219
            ],
            "min": [
                -30.834980010986328,
                2.986527919769287,
                68.85745239257812
            ],
            "type": "VEC3"
        },
        {
            "bufferView": 0,
            "byteOffset": 155612,
            "componentType": 5126,
            "count": 517,
            "max": [
                0.9979941844940186,
                0.9929379224777222,
                0.9994256496429443
            ],
            "min": [
                -0.9979941844940186,
                -0.9908251166343689,
                -0.9999935626983643
            ],
            "type": "VEC3"
        },
        {
            "bufferView": 0,
            "byteOffset": 161816,
            "componentType": 5126,
            "count": 517,
            "max": [
                1.9867606163024902,
                0.9579715132713318
            ],
            "min": [
                0.005442783236503601,
                0.02946174144744873
            ],
            "type": "VEC2"
        },
        {
            "bufferView": 0,
            "byteOffset": 165952,
            "componentType": 5123,
            "count": 517,
            "max": [
                24,
                24,
                19,
                0
            ],
            "min": [
                0,
                0,
                0,
                0
            ],
            "type": "VEC4"
        },
        {
            "bufferView": 0,
            "byteOffset": 170088,
            "componentType": 5126,
            "count": 517,
            "max": [
                1,
                0.9998924732208252,
                0.9860525131225586,
                0
            ],
            "min": [
                0.00010754119284683838,
                0,
                0,
                0
            ],
            "type": "VEC4"
        },
        {
            "bufferView": 2,
            "byteOffset": 25116,
            "componentType": 5123,
            "count": 2256,
            "max": [
                516
            ],
            "min": [
                0
            ],
            "type": "SCALAR"
        },
        {
            "bufferView": 1,
            "byteOffset": 5248,
            "componentType": 5126,
            "count": 25,
            "max": [
                0.550001660265367,
                0.9999999999999732,
                0.9999999999999767,
                0,
                0.9930888841903592,
                0.7802946784649186,
                0.8944712205731693,
                0,
                0.8993249463309578,
                0.993653210329309,
                1,
                0,
                115.83628596026007,
                109.70916643101337,
                46.05140847074062,
                1
            ],
            "min": [
                -0.574753775226394,
                -0.43671816406822855,
                -0.8030948108565057,
                0,
                -0.9999999999999732,
                -0.7802941896343347,
                -0.8944710143211382,
                0,
                -0.8993249628476973,
                -0.9936529166092284,
                -0.4431173993671577,
                0,
                -115.99041229841313,
                -109.53906042749209,
                -114.66374969482422,
                1
            ],
            "type": "MAT4"
        },
        {
            "bufferView": 0,
            "byteOffset": 178360,
            "componentType": 5126,
            "count": 766,
            "max": [
                45.514347076416016,
                51.789363861083984,
                196.0132293701172
            ],
            "min": [
                -45.51434326171875,
                11.41816520690918,
                127.65933990478516
            ],
            "type": "VEC3"
        },
        {
            "bufferView": 0,
            "byteOffset": 187552,
            "componentType": 5126,
            "count": 766,
            "max": [
                0.9811467528343201,
                0.9993073344230652,
                0.9924846291542053
            ],
            "min": [
                -0.9811468124389648,
                -0.9592984914779663,
                -0.927537202835083
            ],
            "type": "VEC3"
        },
        {
            "bufferView": 0,
            "byteOffset": 196744,
            "componentType": 5126,
            "count": 766,
            "max": [
                0.9947964549064636,
                0.990602970123291
            ],
            "min": [
                0.006514597684144974,
                0.012331366539001465
            ],
            "type": "VEC2"
        },
        {
            "bufferView": 0,
            "byteOffset": 202872,
            "componentType": 5123,
            "count": 766,
            "max": [
                7,
                6,
                5,
                0
            ],
            "min": [
                0,
                0,
                0,
                0
            ],
            "type": "VEC4"
        },
        {
            "bufferView": 0,
            "byteOffset": 209000,
            "componentType": 5126,
            "count": 766,
            "max": [
                1,
                0.9998602271080017,
                0.00014423650281969458,
                0
            ],
            "min": [
                0.00013982245582155883,
                0,
                0,
                0
            ],
            "type": "VEC4"
        },
        {
            "bufferView": 2,
            "byteOffset": 29628,
            "componentType": 5123,
            "count": 3258,
            "max": [
                765
            ],
            "min": [
                0
            ],
            "type": "SCALAR"
        },
        {
            "bufferView": 1,
            "byteOffset": 6848,
            "componentType": 5126,
            "count": 8,
            "max": [
                0.7360956138187162,
                0.9999999999999905,
                0.7074432072574657,
                0,
                0.6521223271109776,
                0.432406555495047,
                0.9382857562646781,
                0,
                0.9382857562646829,
                0.9818711932344569,
                1,
                0,
                91.5115623145345,
                146.62570500833857,
                22.271557283457184,
                1
            ],
            "min": [
                5.821812282989174e-8,
                -0.36508605314499126,
                -8.12998633323474e-8,
                0,
                -0.9999999999999732,
                -0.4324067981542161,
                -0.7540699596988879,
                0,
                -0.5142711940512535,
                -0.9818711688559297,
                -0.10855396027279335,
                0,
                -131.06120158793595,
                -146.6259680950251,
                -114.66374969482422,
                1
            ],
            "type": "MAT4"
        }
    ],
    "asset": {
        "generator": "ClayGL - fbx2gltf",
        "version": "2.0"
    },
    "bufferViews": [
        {
            "buffer": 0,
            "byteLength": 221256,
            "byteOffset": 0,
            "target": 34962
        },
        {
            "buffer": 0,
            "byteLength": 7360,
            "byteOffset": 221256,
            "target": 34962
        },
        {
            "buffer": 0,
            "byteLength": 36144,
            "byteOffset": 228616,
            "target": 34963
        }
    ],
    "buffers": [
        {
            "byteLength": 264760,
            "uri": "puck.bin"
        }
    ],
    "images": [
        {
            "uri": "textures/puck_color.png"
        },
        {
            "uri": "textures/puck_horns_color.png"
        },
        {
            "uri": "textures/puck_tail_color.png"
        },
        {
            "uri": "textures/puck_wings_color.png"
        }
    ],
    "materials": [
        {
            "emissiveFactor": [
                0,
                0,
                0
            ],
            "name": "Material #35",
            "pbrMetallicRoughness": {
                "baseColorFactor": [
                    1,
                    1,
                    1,
                    1
                ],
                "baseColorTexture": {
                    "index": 0,
                    "texCoord": 0
                },
                "metallicFactor": 0,
                "roughnessFactor": 0.9230769230769231
            }
        },
        {
            "emissiveFactor": [
                0,
                0,
                0
            ],
            "name": "Material #46",
            "pbrMetallicRoughness": {
                "baseColorFactor": [
                    1,
                    1,
                    1,
                    1
                ],
                "baseColorTexture": {
                    "index": 1,
                    "texCoord": 0
                },
                "metallicFactor": 0,
                "roughnessFactor": 0.9230769230769231
            }
        },
        {
            "emissiveFactor": [
                0,
                0,
                0
            ],
            "name": "Material #57",
            "pbrMetallicRoughness": {
                "baseColorFactor": [
                    1,
                    1,
                    1,
                    1
                ],
                "baseColorTexture": {
                    "index": 2,
                    "texCoord": 0
                },
                "metallicFactor": 0,
                "roughnessFactor": 0.9230769230769231
            }
        },
        {
            "emissiveFactor": [
                0,
                0,
                0
            ],
            "name": "Material #68",
            "pbrMetallicRoughness": {
                "baseColorFactor": [
                    1,
                    1,
                    1,
                    1
                ],
                "baseColorTexture": {
                    "index": 3,
                    "texCoord": 0
                },
                "metallicFactor": 0,
                "roughnessFactor": 0.9230769230769231
            }
        }
    ],
    "meshes": [
        {
            "name": "puck_model_LOD0",
            "primitives": [
                {
                    "attributes": {
                        "JOINTS_0": 3,
                        "NORMAL": 1,
                        "POSITION": 0,
                        "TEXCOORD_0": 2,
                        "WEIGHTS_0": 4
                    },
                    "indices": 5,
                    "material": 0
                }
            ]
        },
        {
            "name": "puck_horns_model_LOD0",
            "primitives": [
                {
                    "attributes": {
                        "JOINTS_0": 10,
                        "NORMAL": 8,
                        "POSITION": 7,
                        "TEXCOORD_0": 9,
                        "WEIGHTS_0": 11
                    },
                    "indices": 12,
                    "material": 1
                }
            ]
        },
        {
            "name": "puck_tail_model_LOD0",
            "primitives": [
                {
                    "attributes": {
                        "JOINTS_0": 17,
                        "NORMAL": 15,
                        "POSITION": 14,
                        "TEXCOORD_0": 16,
                        "WEIGHTS_0": 18
                    },
                    "indices": 19,
                    "material": 2
                }
            ]
        },
        {
            "name": "puck_wings_model_LOD0",
            "primitives": [
                {
                    "attributes": {
                        "JOINTS_0": 24,
                        "NORMAL": 22,
                        "POSITION": 21,
                        "TEXCOORD_0": 23,
                        "WEIGHTS_0": 25
                    },
                    "indices": 26,
                    "material": 3
                }
            ]
        }
    ],
    "nodes": [
        {
            "children": [
                1,
                75,
                97,
                100
            ],
            "matrix": [
                1.6292068478213574e-7,
                1.469367938527879e-39,
                1.0000000000000002,
                0,
                1.0000000000000002,
                6.123233995736847e-17,
                -1.6292068478213574e-7,
                0,
                -6.123233995736685e-17,
                1,
                9.976014756666736e-24,
                0,
                0,
                114.66374969482422,
                1.911232352256775,
                1
            ],
            "name": "root"
        },
        {
            "children": [
                2,
                3,
                4,
                17,
                18,
                19,
                32,
                33,
                34
            ],
            "matrix": [
                0.010645024478430003,
                3.1019272970738538e-24,
                0.9999432563781738,
                0,
                0.0000028608609381396054,
                1,
                -3.045566288049726e-8,
                0,
                -0.9999432563781739,
                0.000002861022803805304,
                0.01064502447843,
                0,
                -1.996051549911499,
                2.1606680888908159e-7,
                12.5,
                1
            ],
            "name": "spine1"
        },
        {
            "matrix": [
                0.18831421434879306,
                0.7360975742340089,
                -0.6501525044441222,
                0,
                -0.9809831462853429,
                0.1726685395339694,
                -0.08864409041063802,
                0,
                0.04701018395826405,
                0.6544815980631168,
                0.7546152621422633,
                0,
                19.420509338378906,
                -6.826310157775879,
                17.268770217895504,
                1
            ],
            "name": "wing_r2a"
        },
        {
            "matrix": [
                0.5066565275192261,
                0.6417118906974791,
                0.5757649540901183,
                0,
                0.8561983784131326,
                -0.2961877876717857,
                -0.42331731084812846,
                0,
                -0.1011131748515276,
                0.7074452952836761,
                -0.6994979549966965,
                0,
                30.005455017089844,
                5.4189152717590305,
                13.163477897644041,
                1
            ],
            "name": "wing_l0a"
        },
        {
            "children": [
                5
            ],
            "matrix": [
                0.23527196049690244,
                0.9700187444686893,
                -0.06091732159256934,
                0,
                -0.014358650464908996,
                -0.059200951867077314,
                -0.9981433729653564,
                0,
                -0.9718238999300441,
                0.2357097793346201,
                -1.6391277293283102e-7,
                0,
                9.158287048339844,
                -2.786491155624389,
                -2.102951049804688,
                1
            ],
            "name": "clavicle_A_R"
        },
        {
            "children": [
                6
            ],
            "matrix": [
                0.5481713414192201,
                -0.05661443620920184,
                -0.8344472646713258,
                0,
                -0.7318351716747264,
                0.4505110038075107,
                -0.5113282915599991,
                0,
                0.4048762680782057,
                0.890973439367538,
                0.20552480102097498,
                0,
                -13.996495246887214,
                -0.000014305114745871705,
                -0.00001525878903407829,
                1
            ],
            "name": "bicep_A_R"
        },
        {
            "children": [
                7
            ],
            "matrix": [
                0.6270074248313905,
                5.066394805908203e-7,
                -0.7790135741233826,
                0,
                -3.914704009939582e-7,
                0.9999999999999518,
                3.3527609955008586e-7,
                0,
                0.7790134364942812,
                9.474013565324846e-8,
                0.6270073140574278,
                0,
                -18.37342834472655,
                -0.00000762939453125,
                -0.000015258789066052714,
                1
            ],
            "name": "elbow_A_R"
        },
        {
            "children": [
                8,
                11,
                14
            ],
            "matrix": [
                0.5357692837715148,
                0.16606953740119934,
                0.8278720378875732,
                0,
                -0.8383647272703032,
                -0.012047177087016747,
                0.5449764189958219,
                0,
                0.10047752144299724,
                -0.9860405234677729,
                0.13277235957014527,
                0,
                -18.184265136718764,
                0.000007629394538355427,
                0.0000152587890625,
                1
            ],
            "name": "wrist_A_R"
        },
        {
            "children": [
                9
            ],
            "matrix": [
                0.9415892362594606,
                0.3352972865104675,
                0.03139503300189975,
                0,
                -0.04760828206274042,
                0.04024331166149414,
                0.9980550982345107,
                0,
                0.333381778259332,
                -0.9412527484621954,
                0.053855605304388376,
                0,
                -15.036277770996094,
                -1.4102325439453196,
                0.00000762939453125,
                1
            ],
            "name": "index3_0_A_R"
        },
        {
            "children": [
                10
            ],
            "matrix": [
                0.12142091989517206,
                7.823109627325131e-7,
                -0.9926010370254521,
                0,
                -0.000002362168605524184,
                0.9999999999972852,
                4.991877493587538e-7,
                0,
                0.9926014288886149,
                0.00000228408007366121,
                0.1214209678320276,
                0,
                -3.8104095458984375,
                7.105427357601002e-15,
                -0.000011444091796875,
                1
            ],
            "name": "index3_1_A_R"
        },
        {
            "matrix": [
                1.0000001192092893,
                -4.470348358154297e-7,
                -8.940696710757479e-8,
                0,
                4.4703484780583835e-7,
                1.0000001192092451,
                1.3411045078626227e-7,
                0,
                8.940686996306013e-8,
                -1.341104347019062e-7,
                0.9999997019767854,
                0,
                -6.997787475585952,
                -0.0000038146972585195726,
                0.00003814697265625,
                1
            ],
            "name": "index3_2_A_R"
        },
        {
            "children": [
                12
            ],
            "matrix": [
                0.7632271051406858,
                0.5318044424057007,
                0.3669721484184265,
                0,
                -0.2815158243674848,
                -0.23751604199298282,
                0.929696151133429,
                0,
                0.5815784143386041,
                -0.8128779071556178,
                -0.03156732051487543,
                0,
                -15.036270141601577,
                -1.4102325439453125,
                -3.372844696044922,
                1
            ],
            "name": "thumb3_0_A_R"
        },
        {
            "children": [
                13
            ],
            "matrix": [
                0.37740528583526645,
                6.407499313354492e-7,
                -0.9260479211807251,
                0,
                -6.008776368693347e-7,
                0.9999999999998357,
                4.470346789409163e-7,
                0,
                0.9260480347901209,
                3.877282834102713e-7,
                0.37740533213636346,
                0,
                -3.578918457031257,
                0,
                -0.00000762939453125,
                1
            ],
            "name": "thumb3_1_A_R"
        },
        {
            "matrix": [
                1.0000002384185793,
                5.551115123125783e-17,
                -5.960464485865735e-8,
                0,
                3.497202527569243e-15,
                1.000000000000007,
                5.960464483090178e-8,
                0,
                5.9604637753229994e-8,
                -5.960465182530683e-8,
                1.000000119209287,
                0,
                -4.9158859252929545,
                0.000003814697265625,
                -0.000011444091789769573,
                1
            ],
            "name": "thumb3_2_A_R"
        },
        {
            "children": [
                15
            ],
            "matrix": [
                0.8680166006088257,
                0.41963654756546015,
                -0.2654287219047547,
                0,
                0.15401935920283671,
                0.2806446591144798,
                0.9473734215429586,
                0,
                0.47204382368510567,
                -0.8632173086301025,
                0.17897213097495446,
                0,
                -14.677276611328125,
                -1.410232543945316,
                3.6737403869628835,
                1
            ],
            "name": "mid3_0_A_R"
        },
        {
            "children": [
                16
            ],
            "matrix": [
                0.15500584244728055,
                -2.3469328881697837e-7,
                -0.9879137277603143,
                0,
                4.931555347559291e-7,
                1.00000035762814,
                -1.601874527745739e-7,
                0,
                0.9879137323242804,
                -4.623649684162845e-7,
                0.15500584316348648,
                0,
                -3.5936737060547017,
                0.000003814697265625,
                -0.00000762939453125,
                1
            ],
            "name": "mid3_1_A_R"
        },
        {
            "matrix": [
                1.0000002384185787,
                1.6763806329200825e-8,
                5.066394805353092e-7,
                0,
                -1.6763802596075905e-8,
                1.0000002384185789,
                -7.45058061774051e-9,
                0,
                -5.066393598540664e-7,
                7.45057032736085e-9,
                0.9999999999999589,
                0,
                -5.507099151611321,
                0.000005722045894884786,
                -0.000015258789048289145,
                1
            ],
            "name": "mid3_2_A_R"
        },
        {
            "matrix": [
                -0.508064091205597,
                0.6314291357994082,
                -0.585805654525757,
                0,
                -0.8612693049804241,
                -0.3650875477376318,
                0.3534501423115802,
                0,
                0.009308368174060912,
                0.6841117636543633,
                0.7293184160938092,
                0,
                26.622276306152344,
                -4.148056983947754,
                16.487892150878903,
                1
            ],
            "name": "wing_r1a"
        },
        {
            "matrix": [
                0.5080640912055969,
                0.6314257979393004,
                0.5858094692230225,
                0,
                0.8612692575469127,
                -0.36508488517458115,
                -0.35345274967401685,
                0,
                -0.009308999558103614,
                0.6841161799018081,
                -0.7293139814619667,
                0,
                26.62261199951169,
                4.147964477539062,
                16.487874984741207,
                1
            ],
            "name": "wing_l1a"
        },
        {
            "children": [
                20
            ],
            "matrix": [
                -0.23527242243289956,
                0.9700183272361758,
                0.060923039913177504,
                0,
                0.014359067866939317,
                -0.059206727096262075,
                0.9981429545643057,
                0,
                0.9718235034871828,
                0.2357101853577465,
                0.0000011511146985436482,
                0,
                9.158287048339815,
                2.7865047454833984,
                -2.102936267852783,
                1
            ],
            "name": "clavicle_A_L"
        },
        {
            "children": [
                21
            ],
            "matrix": [
                0.5481712818145753,
                -0.05661491304636,
                -0.8344472646713259,
                0,
                -0.7318352285364066,
                0.45051048487386397,
                -0.5113284988710851,
                0,
                0.4048762575772027,
                0.8909739374035781,
                0.20552422227336004,
                0,
                13.996492385864258,
                0.000012636184691938723,
                2.842170943040401e-14,
                1
            ],
            "name": "bicep_A_L"
        },
        {
            "children": [
                22
            ],
            "matrix": [
                0.6270076036453248,
                4.0233135217837557e-7,
                -0.7790130972862245,
                0,
                -6.311707824967205e-8,
                1.000000000000034,
                4.656615729681235e-7,
                0,
                0.7790132049202435,
                -2.4280434979262466e-7,
                0.6270076902770529,
                0,
                18.373435974121094,
                0.000011444091796875,
                0.000007629394534802714,
                1
            ],
            "name": "elbow_A_L"
        },
        {
            "children": [
                23,
                26,
                29
            ],
            "matrix": [
                0.5357697010040283,
                0.1660703569650651,
                0.8278716802597047,
                0,
                -0.8383644269899249,
                -0.012047116753004683,
                0.5449768824304322,
                0,
                0.10047799058344203,
                -0.9860404486849959,
                0.1327730238196481,
                0,
                18.184280395507812,
                0.000019073486321019573,
                0,
                1
            ],
            "name": "wrist_A_L"
        },
        {
            "children": [
                24
            ],
            "matrix": [
                0.8214641213417052,
                0.48177707195282005,
                -0.3051021993160249,
                0,
                0.20964046910404965,
                0.2424265259260127,
                0.9472487127999885,
                0,
                0.5303276438606213,
                -0.8420927051194764,
                0.09814473402361529,
                0,
                14.676155090332045,
                1.2389144897460938,
                -3.780975341796875,
                1
            ],
            "name": "thumb2_0_A_L"
        },
        {
            "children": [
                25
            ],
            "matrix": [
                0.2325839698314665,
                2.2188760338825997e-7,
                -0.972576141357422,
                0,
                -1.5175814192802672e-7,
                0.9999999999999898,
                1.9185242611241549e-7,
                0,
                0.9725762676009495,
                1.0297456261298965e-7,
                0.23258400002164148,
                0,
                3.516601562500014,
                -0.000003814697269177714,
                0.00000762939453125,
                1
            ],
            "name": "thumb2_1_A_L"
        },
        {
            "matrix": [
                1.000000238418579,
                -3.1257513868898634e-8,
                -8.940696710757479e-8,
                0,
                3.125750350219114e-8,
                0.9999998807907113,
                8.498318493366241e-9,
                0,
                8.940694556924811e-8,
                -8.498322309757889e-9,
                0.9999999999999963,
                0,
                4.944316864013679,
                0.0000019073486328125,
                -0.0000152587890625,
                1
            ],
            "name": "thumb2_2_A_L"
        },
        {
            "children": [
                27
            ],
            "matrix": [
                0.935024857521057,
                0.35202777385711664,
                0.04248156398534775,
                0,
                -0.07209311932635619,
                0.07143369089897694,
                0.9948366179594321,
                0,
                0.34717556166350955,
                -0.9332597475813613,
                0.09217107198915503,
                0,
                14.676162719726577,
                1.2389144897460973,
                -0.0000152587890625,
                1
            ],
            "name": "index2_0_A_L"
        },
        {
            "children": [
                28
            ],
            "matrix": [
                0.03239086270332109,
                7.450580596923828e-8,
                -0.9994753003120425,
                0,
                -0.0000078178396881734,
                1.0000001191920982,
                -1.7881458108659487e-7,
                0,
                0.999475236892256,
                0.000007819528200642134,
                0.032390860648604025,
                0,
                4.827945709228501,
                0.0000038146972585195726,
                0.000003814697265625,
                1
            ],
            "name": "index2_1_A_L"
        },
        {
            "matrix": [
                0.9999999999999996,
                1.0430812841244474e-7,
                -5.662441251441663e-7,
                0,
                -1.0430813685013973e-7,
                1.000000000000002,
                -1.4901161138336505e-8,
                0,
                5.662442588150185e-7,
                1.4901223893692972e-8,
                1.0000002384184834,
                0,
                7.016880035400398,
                0.000019073486321019573,
                0.000015258789076710855,
                1
            ],
            "name": "index2_2_A_L"
        },
        {
            "children": [
                30
            ],
            "matrix": [
                0.7879402041435241,
                0.5330476760864259,
                0.3082374632358551,
                0,
                -0.22593258789461318,
                -0.21539173409217038,
                0.9500319320703181,
                0,
                0.5728042231787935,
                -0.8182093963267514,
                -0.04928297528225939,
                0,
                14.676147460937514,
                1.2389163970947266,
                3.6154823303222656,
                1
            ],
            "name": "mid2_0_A_L"
        },
        {
            "children": [
                31
            ],
            "matrix": [
                0.3327509164810176,
                5.364418030340268e-7,
