{
    "animations": {},
    "asset": {},
    "attributes": {
        "attribute_1": {
            "bufferView": "bufferView_43",
            "byteOffset": 0,
            "byteStride": 12,
            "count": 1674,
            "max": [
                1,
                1,
                1
            ],
            "min": [
                0,
                0,
                0
            ],
            "type": "FLOAT_VEC3"
        },
        "attribute_10": {
            "bufferView": "bufferView_43",
            "byteOffset": 113208,
            "byteStride": 16,
            "count": 399,
            "max": [
                1,
                1,
                1
            ],
            "min": [
                0,
                0,
                0
            ],
            "type": "FLOAT_VEC4"
        },
        "attribute_11": {
            "bufferView": "bufferView_43",
            "byteOffset": 119592,
            "byteStride": 12,
            "count": 399,
            "max": [
                1,
                1,
                1
            ],
            "min": [
                0,
                0,
                0
            ],
            "type": "FLOAT_VEC3"
        },
        "attribute_13": {
            "bufferView": "bufferView_43",
            "byteOffset": 124380,
            "byteStride": 12,
            "count": 127,
            "max": [
                1,
                1,
                1
            ],
            "min": [
                0,
                0,
                0
            ],
            "type": "FLOAT_VEC3"
        },
        "attribute_14": {
            "bufferView": "bufferView_43",
            "byteOffset": 125904,
            "byteStride": 12,
            "count": 127,
            "max": [
                1,
                1,
                1
            ],
            "min": [
                0,
                0,
                0
            ],
            "type": "FLOAT_VEC3"
        },
        "attribute_15": {
            "bufferView": "bufferView_43",
            "byteOffset": 127428,
            "byteStride": 8,
            "count": 127,
            "max": [
                1,
                1,
                1
            ],
            "min": [
                0,
                0,
                0
            ],
            "type": "FLOAT_VEC2"
        },
        "attribute_16": {
            "bufferView": "bufferView_43",
            "byteOffset": 128444,
            "byteStride": 16,
            "count": 127,
            "max": [
                1,
                1,
                1
            ],
            "min": [
                0,
                0,
                0
            ],
            "type": "FLOAT_VEC4"
        },
        "attribute_17": {
            "bufferView": "bufferView_43",
            "byteOffset": 130476,
            "byteStride": 12,
            "count": 127,
            "max": [
                1,
                1,
                1
            ],
            "min": [
                0,
                0,
                0
            ],
            "type": "FLOAT_VEC3"
        },
        "attribute_19": {
            "bufferView": "bufferView_43",
            "byteOffset": 132000,
            "byteStride": 12,
            "count": 418,
            "max": [
                1,
                1,
                1
            ],
            "min": [
                0,
                0,
                0
            ],
            "type": "FLOAT_VEC3"
        },
        "attribute_2": {
            "bufferView": "bufferView_43",
            "byteOffset": 20088,
            "byteStride": 12,
            "count": 1674,
            "max": [
                1,
                1,
                1
            ],
            "min": [
                0,
                0,
                0
            ],
            "type": "FLOAT_VEC3"
        },
        "attribute_20": {
            "bufferView": "bufferView_43",
            "byteOffset": 137016,
            "byteStride": 12,
            "count": 418,
            "max": [
                1,
                1,
                1
            ],
            "min": [
                0,
                0,
                0
            ],
            "type": "FLOAT_VEC3"
        },
        "attribute_21": {
            "bufferView": "bufferView_43",
            "byteOffset": 142032,
            "byteStride": 8,
            "count": 418,
            "max": [
                1,
                1,
                1
            ],
            "min": [
                0,
                0,
                0
            ],
            "type": "FLOAT_VEC2"
        },
        "attribute_22": {
            "bufferView": "bufferView_43",
            "byteOffset": 145376,
            "byteStride": 16,
            "count": 418,
            "max": [
                1,
                1,
                1
            ],
            "min": [
                0,
                0,
                0
            ],
            "type": "FLOAT_VEC4"
        },
        "attribute_23": {
            "bufferView": "bufferView_43",
            "byteOffset": 152064,
            "byteStride": 12,
            "count": 418,
            "max": [
                1,
                1,
                1
            ],
            "min": [
                0,
                0,
                0
            ],
            "type": "FLOAT_VEC3"
        },
        "attribute_25": {
            "bufferView": "bufferView_43",
            "byteOffset": 157080,
            "byteStride": 12,
            "count": 1342,
            "max": [
                1,
                1,
                1
            ],
            "min": [
                0,
                0,
                0
            ],
            "type": "FLOAT_VEC3"
        },
        "attribute_26": {
            "bufferView": "bufferView_43",
            "byteOffset": 173184,
            "byteStride": 12,
            "count": 1342,
            "max": [
                1,
                1,
                1
            ],
            "min": [
                0,
                0,
                0
            ],
            "type": "FLOAT_VEC3"
        },
        "attribute_27": {
            "bufferView": "bufferView_43",
            "byteOffset": 189288,
            "byteStride": 8,
            "count": 1342,
            "max": [
                1,
                1,
                1
            ],
            "min": [
                0,
                0,
                0
            ],
            "type": "FLOAT_VEC2"
        },
        "attribute_28": {
            "bufferView": "bufferView_43",
            "byteOffset": 200024,
            "byteStride": 16,
            "count": 1342,
            "max": [
                1,
                1,
                1
            ],
            "min": [
                0,
                0,
                0
            ],
            "type": "FLOAT_VEC4"
        },
        "attribute_29": {
            "bufferView": "bufferView_43",
            "byteOffset": 221496,
            "byteStride": 12,
            "count": 1342,
            "max": [
                1,
                1,
                1
            ],
            "min": [
                0,
                0,
                0
            ],
            "type": "FLOAT_VEC3"
        },
        "attribute_3": {
            "bufferView": "bufferView_43",
            "byteOffset": 40176,
            "byteStride": 8,
            "count": 1674,
            "max": [
                1,
                1,
                1
            ],
            "min": [
                0,
                0,
                0
            ],
            "type": "FLOAT_VEC2"
        },
        "attribute_31": {
            "bufferView": "bufferView_43",
            "byteOffset": 237600,
            "byteStride": 12,
            "count": 212,
            "max": [
                1,
                1,
                1
            ],
            "min": [
                0,
                0,
                0
            ],
            "type": "FLOAT_VEC3"
        },
        "attribute_32": {
            "bufferView": "bufferView_43",
            "byteOffset": 240144,
            "byteStride": 12,
            "count": 212,
            "max": [
                1,
                1,
                1
            ],
            "min": [
                0,
                0,
                0
            ],
            "type": "FLOAT_VEC3"
        },
        "attribute_33": {
            "bufferView": "bufferView_43",
            "byteOffset": 242688,
            "byteStride": 8,
            "count": 212,
            "max": [
                1,
                1,
                1
            ],
            "min": [
                0,
                0,
                0
            ],
            "type": "FLOAT_VEC2"
        },
        "attribute_34": {
            "bufferView": "bufferView_43",
            "byteOffset": 244384,
            "byteStride": 16,
            "count": 212,
            "max": [
                1,
                1,
                1
            ],
            "min": [
                0,
                0,
                0
            ],
            "type": "FLOAT_VEC4"
        },
        "attribute_35": {
            "bufferView": "bufferView_43",
            "byteOffset": 247776,
            "byteStride": 12,
            "count": 212,
            "max": [
                1,
                1,
                1
            ],
            "min": [
                0,
                0,
                0
            ],
            "type": "FLOAT_VEC3"
        },
        "attribute_37": {
            "bufferView": "bufferView_43",
            "byteOffset": 250320,
            "byteStride": 12,
            "count": 264,
            "max": [
                1,
                1,
                1
            ],
            "min": [
                0,
                0,
                0
            ],
            "type": "FLOAT_VEC3"
        },
        "attribute_38": {
            "bufferView": "bufferView_43",
            "byteOffset": 253488,
            "byteStride": 12,
            "count": 264,
            "max": [
                1,
                1,
                1
            ],
            "min": [
                0,
                0,
                0
            ],
            "type": "FLOAT_VEC3"
        },
        "attribute_39": {
            "bufferView": "bufferView_43",
            "byteOffset": 256656,
            "byteStride": 8,
            "count": 264,
            "max": [
                1,
                1,
                1
            ],
            "min": [
                0,
                0,
                0
            ],
            "type": "FLOAT_VEC2"
        },
        "attribute_4": {
            "bufferView": "bufferView_43",
            "byteOffset": 53568,
            "byteStride": 16,
            "count": 1674,
            "max": [
                1,
                1,
                1
            ],
            "min": [
                0,
                0,
                0
            ],
            "type": "FLOAT_VEC4"
        },
        "attribute_40": {
            "bufferView": "bufferView_43",
            "byteOffset": 258768,
            "byteStride": 16,
            "count": 264,
            "max": [
                1,
                1,
                1
            ],
            "min": [
                0,
                0,
                0
            ],
            "type": "FLOAT_VEC4"
        },
        "attribute_41": {
            "bufferView": "bufferView_43",
            "byteOffset": 262992,
            "byteStride": 12,
            "count": 264,
            "max": [
                1,
                1,
                1
            ],
            "min": [
                0,
                0,
                0
            ],
            "type": "FLOAT_VEC3"
        },
        "attribute_5": {
            "bufferView": "bufferView_43",
            "byteOffset": 80352,
            "byteStride": 12,
            "count": 1674,
            "max": [
                1,
                1,
                1
            ],
            "min": [
                0,
                0,
                0
            ],
            "type": "FLOAT_VEC3"
        },
        "attribute_7": {
            "bufferView": "bufferView_43",
            "byteOffset": 100440,
            "byteStride": 12,
            "count": 399,
            "max": [
                1,
                1,
                1
            ],
            "min": [
                0,
                0,
                0
            ],
            "type": "FLOAT_VEC3"
        },
        "attribute_8": {
            "bufferView": "bufferView_43",
            "byteOffset": 105228,
            "byteStride": 12,
            "count": 399,
            "max": [
                1,
                1,
                1
            ],
            "min": [
                0,
                0,
                0
            ],
            "type": "FLOAT_VEC3"
        },
        "attribute_9": {
            "bufferView": "bufferView_43",
            "byteOffset": 110016,
            "byteStride": 8,
            "count": 399,
            "max": [
                1,
                1,
                1
            ],
            "min": [
                0,
                0,
                0
            ],
            "type": "FLOAT_VEC2"
        }
    },
    "bufferViews": {
        "bufferView_43": {
            "buffer": "mirana.bin",
            "byteLength": 266160,
            "byteOffset": 0,
            "target": "ARRAY_BUFFER"
        },
        "bufferView_44": {
            "buffer": "mirana.bin",
            "byteLength": 47826,
            "byteOffset": 266160,
            "target": "ELEMENT_ARRAY_BUFFER"
        }
    },
    "buffers": {
        "mirana.bin": {
            "byteLength": 313986,
            "path": "mirana.bin"
        }
    },
    "cameras": {},
    "images": {
        "image_0": {
            "path": "textures/mirana_color.png"
        },
        "image_1": {
            "path": "textures/mirana_bow_color.png"
        },
        "image_2": {
            "path": "textures/cape_color.png"
        },
        "image_3": {
            "path": "textures/head_item_color.png"
        },
        "image_4": {
            "path": "textures/mirana_cat_color.png"
        },
        "image_5": {
            "path": "textures/quiver_color.png"
        },
        "image_6": {
            "path": "textures/shoulder_color.png"
        }
    },
    "indices": {
        "indices_12": {
            "bufferView": "bufferView_44",
            "byteOffset": 19740,
            "count": 1248,
            "type": "UNSIGNED_SHORT"
        },
        "indices_18": {
            "bufferView": "bufferView_44",
            "byteOffset": 22236,
            "count": 600,
            "type": "UNSIGNED_SHORT"
        },
        "indices_24": {
            "bufferView": "bufferView_44",
            "byteOffset": 23436,
            "count": 2184,
            "type": "UNSIGNED_SHORT"
        },
        "indices_30": {
            "bufferView": "bufferView_44",
            "byteOffset": 27804,
            "count": 7980,
            "type": "UNSIGNED_SHORT"
        },
        "indices_36": {
            "bufferView": "bufferView_44",
            "byteOffset": 43764,
            "count": 789,
            "type": "UNSIGNED_SHORT"
        },
        "indices_42": {
            "bufferView": "bufferView_44",
            "byteOffset": 45342,
            "count": 1242,
            "type": "UNSIGNED_SHORT"
        },
        "indices_6": {
            "bufferView": "bufferView_44",
            "byteOffset": 0,
            "count": 9870,
            "type": "UNSIGNED_SHORT"
        }
    },
    "lights": {},
    "materials": {
        "Material #101": {
            "instanceTechnique": {
                "technique": "technique_0",
                "values": [
                    {
                        "parameter": "ambient",
                        "value": [
                            0.5879999995231628,
                            0.5879999995231628,
                            0.5879999995231628
                        ]
                    },
                    {
                        "parameter": "emission",
                        "value": [
                            0,
                            0,
                            0
                        ]
                    },
                    {
                        "parameter": "diffuse",
                        "value": "Map #15"
                    },
                    {
                        "parameter": "shininess",
                        "value": 2
                    },
                    {
                        "parameter": "specular",
                        "value": [
                            0.8999999761581421,
                            0.8999999761581421,
                            0.8999999761581421
                        ]
                    }
                ]
            },
            "name": "Material #101"
        },
        "Material #35": {
            "instanceTechnique": {
                "technique": "technique_0",
                "values": [
                    {
                        "parameter": "ambient",
                        "value": [
                            0.5879999995231628,
                            0.5879999995231628,
                            0.5879999995231628
                        ]
                    },
                    {
                        "parameter": "emission",
                        "value": [
                            0,
                            0,
                            0
                        ]
                    },
                    {
                        "parameter": "diffuse",
                        "value": "Map #12"
                    },
                    {
                        "parameter": "shininess",
                        "value": 2
                    },
                    {
                        "parameter": "specular",
                        "value": [
                            0.8999999761581421,
                            0.8999999761581421,
                            0.8999999761581421
                        ]
                    }
                ]
            },
            "name": "Material #35"
        },
        "Material #46": {
            "instanceTechnique": {
                "technique": "technique_0",
                "values": [
                    {
                        "parameter": "ambient",
                        "value": [
                            0.5879999995231628,
                            0.5879999995231628,
                            0.5879999995231628
                        ]
                    },
                    {
                        "parameter": "emission",
                        "value": [
                            0,
                            0,
                            0
                        ]
                    },
                    {
                        "parameter": "diffuse",
                        "value": "Map #9"
                    },
                    {
                        "parameter": "shininess",
                        "value": 2
                    },
                    {
                        "parameter": "specular",
                        "value": [
                            0.8999999761581421,
                            0.8999999761581421,
                            0.8999999761581421
                        ]
                    }
                ]
            },
            "name": "Material #46"
        },
        "Material #57": {
            "instanceTechnique": {
                "technique": "technique_0",
                "values": [
                    {
                        "parameter": "ambient",
                        "value": [
                            0.5879999995231628,
                            0.5879999995231628,
                            0.5879999995231628
                        ]
                    },
                    {
                        "parameter": "emission",
                        "value": [
                            0,
                            0,
                            0
                        ]
                    },
                    {
                        "parameter": "diffuse",
                        "value": "Map #10"
                    },
                    {
                        "parameter": "shininess",
                        "value": 2
                    },
                    {
                        "parameter": "specular",
                        "value": [
                            0.8999999761581421,
                            0.8999999761581421,
                            0.8999999761581421
                        ]
                    }
                ]
            },
            "name": "Material #57"
        },
        "Material #68": {
            "instanceTechnique": {
                "technique": "technique_0",
                "values": [
                    {
                        "parameter": "ambient",
                        "value": [
                            0.5879999995231628,
                            0.5879999995231628,
                            0.5879999995231628
                        ]
                    },
                    {
                        "parameter": "emission",
                        "value": [
                            0,
                            0,
                            0
                        ]
                    },
                    {
                        "parameter": "diffuse",
                        "value": "Map #11"
                    },
                    {
                        "parameter": "shininess",
                        "value": 2
                    },
                    {
                        "parameter": "specular",
                        "value": [
                            0.8999999761581421,
                            0.8999999761581421,
                            0.8999999761581421
                        ]
                    }
                ]
            },
            "name": "Material #68"
        },
        "Material #79": {
            "instanceTechnique": {
                "technique": "technique_0",
                "values": [
                    {
                        "parameter": "ambient",
                        "value": [
                            0.5879999995231628,
                            0.5879999995231628,
                            0.5879999995231628
                        ]
                    },
                    {
                        "parameter": "emission",
                        "value": [
                            0,
                            0,
                            0
                        ]
                    },
                    {
                        "parameter": "diffuse",
                        "value": "Map #13"
                    },
                    {
                        "parameter": "shininess",
                        "value": 2
                    },
                    {
                        "parameter": "specular",
                        "value": [
                            0.8999999761581421,
                            0.8999999761581421,
                            0.8999999761581421
                        ]
                    }
                ]
            },
            "name": "Material #79"
        },
        "Material #90": {
            "instanceTechnique": {
                "technique": "technique_0",
                "values": [
                    {
                        "parameter": "ambient",
                        "value": [
                            0.5879999995231628,
                            0.5879999995231628,
                            0.5879999995231628
                        ]
                    },
                    {
                        "parameter": "emission",
                        "value": [
                            0,
                            0,
                            0
                        ]
                    },
                    {
                        "parameter": "diffuse",
                        "value": "Map #14"
                    },
                    {
                        "parameter": "shininess",
                        "value": 2
                    },
                    {
                        "parameter": "specular",
                        "value": [
                            0.8999999761581421,
                            0.8999999761581421,
                            0.8999999761581421
                        ]
                    }
                ]
            },
            "name": "Material #90"
        }
    },
    "meshes": {
        "bow_model_LOD0-mesh": {
            "name": "bow_model_LOD0-mesh",
            "primitives": [
                {
                    "indices": "indices_12",
                    "material": "Material #46",
                    "semantics": {
                        "JOINT": "attribute_10",
                        "NORMAL": "attribute_8",
                        "POSITION": "attribute_7",
                        "TEXCOORD_0": "attribute_9",
                        "WEIGHT": "attribute_11"
                    },
                    "skin": "skin_1"
                }
            ]
        },
        "cape_model_LOD0-mesh": {
            "name": "cape_model_LOD0-mesh",
            "primitives": [
                {
                    "indices": "indices_18",
                    "material": "Material #57",
                    "semantics": {
                        "JOINT": "attribute_16",
                        "NORMAL": "attribute_14",
                        "POSITION": "attribute_13",
                        "TEXCOORD_0": "attribute_15",
                        "WEIGHT": "attribute_17"
                    },
                    "skin": "skin_2"
                }
            ]
        },
        "head_item_model_LOD0-mesh": {
            "name": "head_item_model_LOD0-mesh",
            "primitives": [
                {
                    "indices": "indices_24",
                    "material": "Material #68",
                    "semantics": {
                        "JOINT": "attribute_22",
                        "NORMAL": "attribute_20",
                        "POSITION": "attribute_19",
                        "TEXCOORD_0": "attribute_21",
                        "WEIGHT": "attribute_23"
                    },
                    "skin": "skin_3"
                }
            ]
        },
        "mirana_model_LOD0-mesh": {
            "name": "mirana_model_LOD0-mesh",
            "primitives": [
                {
                    "indices": "indices_6",
                    "material": "Material #35",
                    "semantics": {
                        "JOINT": "attribute_4",
                        "NORMAL": "attribute_2",
                        "POSITION": "attribute_1",
                        "TEXCOORD_0": "attribute_3",
                        "WEIGHT": "attribute_5"
                    },
                    "skin": "skin_0"
                }
            ]
        },
        "mount_model_LOD0-mesh": {
            "name": "mount_model_LOD0-mesh",
            "primitives": [
                {
                    "indices": "indices_30",
                    "material": "Material #79",
                    "semantics": {
                        "JOINT": "attribute_28",
                        "NORMAL": "attribute_26",
                        "POSITION": "attribute_25",
                        "TEXCOORD_0": "attribute_27",
                        "WEIGHT": "attribute_29"
                    },
                    "skin": "skin_4"
                }
            ]
        },
        "quiver_model_LOD0-mesh": {
            "name": "quiver_model_LOD0-mesh",
            "primitives": [
                {
                    "indices": "indices_36",
                    "material": "Material #90",
                    "semantics": {
                        "JOINT": "attribute_34",
                        "NORMAL": "attribute_32",
                        "POSITION": "attribute_31",
                        "TEXCOORD_0": "attribute_33",
                        "WEIGHT": "attribute_35"
                    },
                    "skin": "skin_5"
                }
            ]
        },
        "shoulders_model_LOD0-mesh": {
            "name": "shoulders_model_LOD0-mesh",
            "primitives": [
                {
                    "indices": "indices_42",
                    "material": "Material #101",
                    "semantics": {
                        "JOINT": "attribute_40",
                        "NORMAL": "attribute_38",
                        "POSITION": "attribute_37",
                        "TEXCOORD_0": "attribute_39",
                        "WEIGHT": "attribute_41"
                    },
                    "skin": "skin_6"
                }
            ]
        }
    },
    "nodes": {
        "Head_0": {
            "children": [
                "Head_1"
            ],
            "matrix": [
                0.9452580213546753,
                1.5494427074713736e-8,
                -0.3263242244720459,
                0,
                1.143011276340671e-8,
                1,
                8.059111422653586e-8,
                0,
                0.32632422447204706,
                -7.990931985569057e-8,
                0.9452580213546748,
                0,
                16.89320373535159,
                -9.260475053451955e-9,
                -0.00000762939453125,
                1
            ],
            "name": "Head_0"
        },
        "Head_1": {
            "children": [
                "hair_R0C0"
            ],
            "matrix": [
                0.4160944223403934,
                -3.96818563785928e-7,
                -0.9093217849731445,
                0,
                5.200759626793705e-7,
                0.9999999999999996,
                -1.984092534713218e-7,
                0,
                0.90932178497308,
                -3.9035941899503185e-7,
                0.4160944223405343,
                0,
                11.412033081054688,
                -0.0000021621917767333802,
                0.000022888183579539145,
                1
            ],
            "name": "Head_1"
        },
        "Spine_0": {
            "children": [
                "Spine_1"
            ],
            "matrix": [
                0.22844581305980644,
                1.3682185340257978e-7,
                0.9735566377639769,
                0,
                -1.3469674765403155e-7,
                0.9999999999999994,
                -1.0893145940827452e-7,
                0,
                -0.9735566377639742,
                -1.0624997695148535e-7,
                0.22844581305982062,
                0,
                5.734872817993162,
                8.970200724434108e-7,
                9.699188232421847,
                1
            ],
            "name": "Spine_0"
        },
        "Spine_1": {
            "children": [
                "clavicle_R",
                "clavicle_L",
                "Head_0"
            ],
            "matrix": [
                0.9910692572593688,
                7.402308099813126e-9,
                0.13334871828556058,
                0,
                -1.1657770900963615e-8,
                1.0000000000000002,
                3.1131534683481705e-8,
                0,
                -0.1333487182855604,
                -3.240805576381276e-8,
                0.9910692572593689,
                0,
                13.701431274414062,
                5.830756890645725e-7,
                -0.000007629394524144573,
                1
            ],
            "name": "Spine_1"
        },
        "Teapot01": {
            "children": [],
            "matrix": [
                1,
                0,
                0,
                0,
                0,
                -1,
                1.509958026505525e-7,
                0,
                0,
                -1.509958026505525e-7,
                -1,
                0,
                27.066179275512695,
                -17.704614639282227,
                -0.000001773893245626823,
                1
            ],
            "name": "Teapot01"
        },
        "ankle_L": {
            "children": [
                "toeBase_L"
            ],
            "matrix": [
                0.8582031726837159,
                0.08062386512756359,
                0.5069390535354614,
                0,
                0.4827571750569942,
                0.20886375763549755,
                -0.85048318863684,
                0,
                -0.17445040791968597,
                0.9746156709125131,
                0.14032576629018093,
                0,
                39.19092559814453,
                -7.105427357601002e-15,
                -0.000003814697272730427,
                1
            ],
            "name": "ankle_L"
        },
        "ankle_R": {
            "children": [
                "toeBase_R"
            ],
            "matrix": [
                0.860071897506714,
                0.07996097207069397,
                0.5038671493530275,
                0,
                0.483815282116021,
                0.1855073665474602,
                -0.8552835358308767,
                0,
                -0.16186037644566661,
                0.9793839942137619,
                0.12086333663776164,
                0,
                -39.32757568359375,
                -0.000003814697272730427,
                -0.000015258789069605427,
                1
            ],
            "name": "ankle_R"
        },
        "bicep_L": {
            "children": [
                "elbow_L"
            ],
            "matrix": [
                0.09693537652492518,
                -0.1674904525279997,
                -0.9810965657234194,
                0,
                -0.8412020048406232,
                0.5130685414068528,
                -0.17070319181820007,
                0,
                0.5319608708348942,
                0.8418474686435002,
                -0.09115880056699353,
                0,
                10.031349182128906,
                9.536743181826068e-7,
                -0.00006103515625,
                1
            ],
            "name": "bicep_L"
        },
        "bicep_R": {
            "children": [
                "elbow_R"
            ],
            "matrix": [
                0.0750637948513031,
                -0.16221952438354487,
                -0.9838953614234921,
                0,
                -0.8689213360816156,
                0.4734337024316324,
                -0.14434941815730315,
                0,
                0.4892253695718169,
                0.8657628249475618,
                -0.10541824362734456,
                0,
                -10.031352996826165,
                -0.000002861022950995107,
                -0.00001525878909092171,
                1
            ],
            "name": "bicep_R"
        },
        "blanky_L_R0C0": {
            "children": [
                "blanky_L_R1C0"
            ],
            "matrix": [
                0.2952934801578521,
                0.0005036324146203768,
                0.9554066061973573,
                0,
                -0.9522005099605428,
                -0.08169861871015471,
                0.29434561854897956,
                0,
                0.07820362903565975,
                -0.9966568341385889,
                -0.023645506472792694,
                0,
                -13.917984008789062,
                23.730131149291992,
                -32.074806213378906,
                1
            ],
            "name": "blanky_L_R0C0"
        },
        "blanky_L_R1C0": {
            "children": [],
            "matrix": [
                -0.999077022075653,
                -0.042826924473047145,
                0.0033362777903676024,
                0,
                -0.042827174708099436,
                0.9990828593111322,
                -3.970853758805492e-9,
                0,
                -0.003333216757194231,
                -0.00014288727496631904,
                -0.9999945759540061,
                0,
                -14.904792785644524,
                4.768371586472142e-7,
                -3.552713678800501e-15,
                1
            ],
            "name": "blanky_L_R1C0"
        },
        "blanky_R_R0C0": {
            "children": [
                "blanky_R_R1C0"
            ],
            "matrix": [
                0.25052526593208346,
                0.008679737336933625,
                0.9680712819099428,
                0,
                -0.9678841941180661,
                -0.019355575313087115,
                0.2506503921424917,
                0,
                0.020913155396989444,
                -0.9997751116069025,
                0.003551919793197132,
                0,
                -13.917982101440426,
                -23.54341316223145,
                -32.07478332519531,
                1
            ],
            "name": "blanky_R_R0C0"
        },
        "blanky_R_R1C0": {
            "children": [],
            "matrix": [
                -0.9996594786643979,
                -0.025980528444051635,
                -0.0024048397317528707,
                0,
                -0.025980611721100513,
                0.9996626394673831,
                4.696194082168953e-7,
                0,
                0.0024040154575393448,
                0.00006294864651542924,
                -0.9999969005557705,
                0,
                -15.691246032714844,
                -0.000008821487426757812,
                3.552713678800501e-15,
                1
            ],
            "name": "blanky_R_R1C0"
        },
        "bow_1": {
            "children": [
                "bow_bottom",
                "joint1",
                "bow_top"
            ],
            "matrix": [
                0.9999998807907104,
                1.14370992676529e-8,
                4.796312964572282e-7,
                0,
                6.273090829855457e-8,
                0.9880160691654196,
                -0.1543496832428441,
                0,
                -4.756490798246372e-7,
                0.15434977484998127,
                0.9880166555566057,
                0,
                -6.234804153442379,
                -2.7633323669433576,
                -0.465850830078125,
                1
            ],
            "name": "bow_1"
        },
        "bow_bottom": {
            "children": [],
            "matrix": [
                -0.7305632233619691,
                -0.5035567283630371,
                0.4612028598785402,
                0,
                -0.08630660943512629,
                0.7380906496730155,
                0.6691590726033223,
                0,
                -0.6773689039738915,
                0.4490580426435523,
                -0.5826820136466766,
                0,
                11.943775177001957,
                18.076536178588867,
                -18.299720764160156,
                1
            ],
            "name": "bow_bottom"
        },
        "bow_model_LOD0": {
            "children": [],
            "matrix": [
                1,
                0,
                0,
                0,
