{
    "accessors": {
        "attrbute_1": {
            "bufferView": "bufferView_43",
            "byteOffset": 0,
            "byteStride": 12,
            "count": 2030,
            "max": [
                45.70743942260742,
                30.014951705932617,
                190.2195587158203,
                0
            ],
            "min": [
                -45.83312225341797,
                -33.01481628417969,
                28.21392059326172,
                0
            ],
            "type": 35665
        },
        "attrbute_10": {
            "bufferView": "bufferView_43",
            "byteOffset": 135624,
            "byteStride": 16,
            "count": 432,
            "max": [
                2,
                1,
                3,
                -1
            ],
            "min": [
                0,
                -1,
                -1,
                -1
            ],
            "type": 35666
        },
        "attrbute_11": {
            "bufferView": "bufferView_43",
            "byteOffset": 142536,
            "byteStride": 12,
            "count": 432,
            "max": [
                1,
                0.0006049879593774676,
                0.9918758273124695
            ],
            "min": [
                0.007559536024928093,
                0,
                0
            ],
            "type": 35665
        },
        "attrbute_13": {
            "bufferView": "bufferView_43",
            "byteOffset": 147720,
            "byteStride": 12,
            "count": 127,
            "max": [
                26.585248947143555,
                55.256168365478516,
                132.59246826171875,
                0
            ],
            "min": [
                -26.585248947143555,
                -7.514683246612549,
                85.9852523803711,
                0
            ],
            "type": 35665
        },
        "attrbute_14": {
            "bufferView": "bufferView_43",
            "byteOffset": 149244,
            "byteStride": 12,
            "count": 127,
            "max": [
                0.9781535267829895,
                0.9953104257583618,
                0.9152023792266846,
                0
            ],
            "min": [
                -0.9781535267829895,
                -0.9773354530334473,
                -0.30269548296928406,
                0
            ],
            "type": 35665
        },
        "attrbute_15": {
            "bufferView": "bufferView_43",
            "byteOffset": 150768,
            "byteStride": 8,
            "count": 127,
            "max": [
                0.9808819890022278,
                0.9267249703407288
            ],
            "min": [
                0.022972000762820244,
                0.0368649959564209
            ],
            "type": 35664
        },
        "attrbute_16": {
            "bufferView": "bufferView_43",
            "byteOffset": 151784,
            "byteStride": 16,
            "count": 127,
            "max": [
                6,
                6,
                6,
                -1
            ],
            "min": [
                0,
                -1,
                -1,
                -1
            ],
            "type": 35666
        },
        "attrbute_17": {
            "bufferView": "bufferView_43",
            "byteOffset": 153816,
            "byteStride": 12,
            "count": 127,
            "max": [
                1,
                0.9976381659507751,
                0.5664560794830322
            ],
            "min": [
                0.002361810300499201,
                0,
                0
            ],
            "type": 35665
        },
        "attrbute_19": {
            "bufferView": "bufferView_43",
            "byteOffset": 155340,
            "byteStride": 12,
            "count": 457,
            "max": [
                16.19571876525879,
                36.82025146484375,
                190.8365936279297,
                0
            ],
            "min": [
                -17.228151321411133,
                -8.938924789428711,
                150.29598999023438,
                0
            ],
            "type": 35665
        },
        "attrbute_2": {
            "bufferView": "bufferView_43",
            "byteOffset": 24360,
            "byteStride": 12,
            "count": 2030,
            "max": [
                0.9999406933784485,
                0.9986633062362671,
                0.9995150566101074,
                0
            ],
            "min": [
                -0.9986695647239685,
                -0.9999998807907104,
                -0.9993342161178589,
                0
            ],
            "type": 35665
        },
        "attrbute_20": {
            "bufferView": "bufferView_43",
            "byteOffset": 160824,
            "byteStride": 12,
            "count": 457,
            "max": [
                0.997435450553894,
                0.9987996220588684,
                0.998447597026825,
                0
            ],
            "min": [
                -0.9974353909492493,
                -0.9999921917915344,
                -0.9996532797813416,
                0
            ],
            "type": 35665
        },
        "attrbute_21": {
            "bufferView": "bufferView_43",
            "byteOffset": 166308,
            "byteStride": 8,
            "count": 457,
            "max": [
                0.9882529973983765,
                0.9812260270118713
            ],
            "min": [
                0.008503000251948833,
                0.015412986278533936
            ],
            "type": 35664
        },
        "attrbute_22": {
            "bufferView": "bufferView_43",
            "byteOffset": 169964,
            "byteStride": 16,
            "count": 457,
            "max": [
                8,
                8,
                9,
                -1
            ],
            "min": [
                0,
                -1,
                -1,
                -1
            ],
            "type": 35666
        },
        "attrbute_23": {
            "bufferView": "bufferView_43",
            "byteOffset": 177276,
            "byteStride": 12,
            "count": 457,
            "max": [
                1,
                0.9998895525932312,
                0.9996745586395264
            ],
            "min": [
                0.0001036703324643895,
                0,
                0
            ],
            "type": 35665
        },
        "attrbute_25": {
            "bufferView": "bufferView_43",
            "byteOffset": 182760,
            "byteStride": 12,
            "count": 1613,
            "max": [
                36.75187683105469,
                151.52157592773438,
                168.0903778076172,
                0
            ],
            "min": [
                -36.75201416015625,
                -130.40760803222656,
                -0.0691324844956398,
                0
            ],
            "type": 35665
        },
        "attrbute_26": {
            "bufferView": "bufferView_43",
            "byteOffset": 202116,
            "byteStride": 12,
            "count": 1613,
            "max": [
                0.9992645382881165,
                0.9815940856933594,
                0.9998072385787964,
                0
            ],
            "min": [
                -0.9998703002929688,
                -0.9994066953659058,
                -0.9998422861099243,
                0
            ],
            "type": 35665
        },
        "attrbute_27": {
            "bufferView": "bufferView_43",
            "byteOffset": 221472,
            "byteStride": 8,
            "count": 1613,
            "max": [
                0.9954479932785034,
                0.9839169979095459
            ],
            "min": [
                0.004188000224530697,
                0.008222997188568115
            ],
            "type": 35664
        },
        "attrbute_28": {
            "bufferView": "bufferView_43",
            "byteOffset": 234376,
            "byteStride": 16,
            "count": 1613,
            "max": [
                35,
                35,
                35,
                -1
            ],
            "min": [
                0,
                -1,
                -1,
                -1
            ],
            "type": 35666
        },
        "attrbute_29": {
            "bufferView": "bufferView_43",
            "byteOffset": 260184,
            "byteStride": 12,
            "count": 1613,
            "max": [
                1,
                0.9998851418495178,
                0.9997440576553345
            ],
            "min": [
                0.00010671372001525015,
                0,
                0
            ],
            "type": 35665
        },
        "attrbute_3": {
            "bufferView": "bufferView_43",
            "byteOffset": 48720,
            "byteStride": 8,
            "count": 2030,
            "max": [
                1.9939730167388916,
                0.9864619970321655
            ],
            "min": [
                0.008198999799787998,
                0.010206997394561768
            ],
            "type": 35664
        },
        "attrbute_31": {
            "bufferView": "bufferView_43",
            "byteOffset": 279540,
            "byteStride": 12,
            "count": 260,
            "max": [
                43.600284576416016,
                75.96240234375,
                155.94984436035156,
                0
            ],
            "min": [
                -16.166301727294922,
                39.47777557373047,
                71.1388168334961,
                0
            ],
            "type": 35665
        },
        "attrbute_32": {
            "bufferView": "bufferView_43",
            "byteOffset": 282660,
            "byteStride": 12,
            "count": 260,
            "max": [
                0.966870129108429,
                0.996746301651001,
                0.9938856363296509,
                0
            ],
            "min": [
                -0.947088360786438,
                -0.994442343711853,
                -0.9987425804138184,
                0
            ],
            "type": 35665
        },
        "attrbute_33": {
            "bufferView": "bufferView_43",
            "byteOffset": 285780,
            "byteStride": 8,
            "count": 260,
            "max": [
                0.9821410179138184,
                0.9842510223388672
            ],
            "min": [
                0.007861999794840813,
                0.015363991260528564
            ],
            "type": 35664
        },
        "attrbute_34": {
            "bufferView": "bufferView_43",
            "byteOffset": 287860,
            "byteStride": 16,
            "count": 260,
            "max": [
                0,
                -1,
                -1,
                -1
            ],
            "min": [
                0,
                -1,
                -1,
                -1
            ],
            "type": 35666
        },
        "attrbute_35": {
            "bufferView": "bufferView_43",
            "byteOffset": 292020,
            "byteStride": 12,
            "count": 260,
            "max": [
                1,
                0,
                0
            ],
            "min": [
                1,
                0,
                0
            ],
            "type": 35665
        },
        "attrbute_37": {
            "bufferView": "bufferView_43",
            "byteOffset": 295140,
            "byteStride": 12,
            "count": 300,
            "max": [
                24.28600311279297,
                15.247733116149902,
                168.69735717773438,
                0
            ],
            "min": [
                -24.28600311279297,
                -10.524603843688965,
                136.11312866210938,
                0
            ],
            "type": 35665
        },
        "attrbute_38": {
            "bufferView": "bufferView_43",
            "byteOffset": 298740,
            "byteStride": 12,
            "count": 300,
            "max": [
                0.9901502728462219,
                0.9942312240600586,
                0.9982022643089294,
                0
            ],
            "min": [
                -0.9901502728462219,
                -0.9997287392616272,
                -0.8434612154960632,
                0
            ],
            "type": 35665
        },
        "attrbute_39": {
            "bufferView": "bufferView_43",
            "byteOffset": 302340,
            "byteStride": 8,
            "count": 300,
            "max": [
                0.9832990169525146,
                0.9724199771881104
            ],
            "min": [
                0.01566700078547001,
                0.03397798538208008
            ],
            "type": 35664
        },
        "attrbute_4": {
            "bufferView": "bufferView_43",
            "byteOffset": 64960,
            "byteStride": 16,
            "count": 2030,
            "max": [
                27,
                29,
                29,
                -1
            ],
            "min": [
                0,
                -1,
                -1,
                -1
            ],
            "type": 35666
        },
        "attrbute_40": {
            "bufferView": "bufferView_43",
            "byteOffset": 304740,
            "byteStride": 16,
            "count": 300,
            "max": [
                5,
                7,
                8,
                -1
            ],
            "min": [
                0,
                -1,
                -1,
                -1
            ],
            "type": 35666
        },
        "attrbute_41": {
            "bufferView": "bufferView_43",
            "byteOffset": 309540,
            "byteStride": 12,
            "count": 300,
            "max": [
                1,
                0.998511016368866,
                0.9965341687202454
            ],
            "min": [
                0.0002620528102852404,
                0,
                0
            ],
            "type": 35665
        },
        "attrbute_5": {
            "bufferView": "bufferView_43",
            "byteOffset": 97440,
            "byteStride": 12,
            "count": 2030,
            "max": [
                1,
                0.9998825192451477,
                0.9988870024681091
            ],
            "min": [
                0.0001174815115518868,
                0,
                0
            ],
            "type": 35665
        },
        "attrbute_7": {
            "bufferView": "bufferView_43",
            "byteOffset": 121800,
            "byteStride": 12,
            "count": 432,
            "max": [
                36.063453674316406,
                28.975170135498047,
                182.92369079589844,
                0
            ],
            "min": [
                -62.78080749511719,
                -55.33751678466797,
                81.19747161865234,
                0
            ],
            "type": 35665
        },
        "attrbute_8": {
            "bufferView": "bufferView_43",
            "byteOffset": 126984,
            "byteStride": 12,
            "count": 432,
            "max": [
                0.9640814065933228,
                0.9855644702911377,
                0.976990282535553,
                0
            ],
            "min": [
                -0.982413649559021,
                -0.9997426271438599,
                -0.9843311309814453,
                0
            ],
            "type": 35665
        },
        "attrbute_9": {
            "bufferView": "bufferView_43",
            "byteOffset": 132168,
            "byteStride": 8,
            "count": 432,
            "max": [
                0.9991457462310791,
                0.9974294900894165
            ],
            "min": [
                0.0041504958644509315,
                0.002570509910583496
            ],
            "type": 35664
        },
        "indices_12": {
            "bufferView": "bufferView_45",
            "byteOffset": 19740,
            "count": 1248,
            "type": 5123
        },
        "indices_18": {
            "bufferView": "bufferView_45",
            "byteOffset": 22236,
            "count": 600,
            "type": 5123
        },
        "indices_24": {
            "bufferView": "bufferView_45",
            "byteOffset": 23436,
            "count": 2184,
            "type": 5123
        },
        "indices_30": {
            "bufferView": "bufferView_45",
            "byteOffset": 27804,
            "count": 7980,
            "type": 5123
        },
        "indices_36": {
            "bufferView": "bufferView_45",
            "byteOffset": 43764,
            "count": 789,
            "type": 5123
        },
        "indices_42": {
            "bufferView": "bufferView_45",
            "byteOffset": 45342,
            "count": 1242,
            "type": 5123
        },
        "indices_6": {
            "bufferView": "bufferView_45",
            "byteOffset": 0,
            "count": 9870,
            "type": 5123
        }
    },
    "animations": {},
    "asset": {},
    "bufferViews": {
        "bufferView_43": {
            "buffer": "mirana.bin",
            "byteLength": 313140,
            "byteOffset": 0,
            "target": 34962
        },
        "bufferView_44": {
            "buffer": "mirana.bin",
            "byteLength": 7424,
            "byteOffset": 313140
        },
        "bufferView_45": {
            "buffer": "mirana.bin",
            "byteLength": 47826,
            "byteOffset": 320564,
            "target": 34963
        }
    },
    "buffers": {
        "mirana.bin": {
            "byteLength": 368390,
            "path": "mirana.bin"
        }
    },
    "cameras": {},
    "images": {
        "image_0": {
            "path": "textures/mirana_color.png"
        },
        "image_1": {
            "path": "textures/mirana_bow_color.png"
        },
        "image_2": {
            "path": "textures/cape_color.png"
        },
        "image_3": {
            "path": "textures/head_item_color.png"
        },
        "image_4": {
            "path": "textures/mirana_cat_color.png"
        },
        "image_5": {
            "path": "textures/quiver_color.png"
        },
        "image_6": {
            "path": "textures/shoulder_color.png"
        }
    },
    "lights": {},
    "materials": {
        "Material #101": {
            "instanceTechnique": {
                "technique": "technique_0",
                "values": {
                    "ambient": [
                        0.5879999995231628,
                        0.5879999995231628,
                        0.5879999995231628
                    ],
                    "diffuse": "Map #15",
                    "emission": [
                        0,
                        0,
                        0
                    ],
                    "shininess": 2,
                    "specular": [
                        0.8999999761581421,
                        0.8999999761581421,
                        0.8999999761581421
                    ],
                    "transparency": 1
                }
            },
            "name": "Material #101"
        },
        "Material #35": {
            "instanceTechnique": {
                "technique": "technique_0",
                "values": {
                    "ambient": [
                        0.5879999995231628,
                        0.5879999995231628,
                        0.5879999995231628
                    ],
                    "diffuse": "Map #12",
                    "emission": [
                        0,
                        0,
                        0
                    ],
                    "shininess": 2,
                    "specular": [
                        0.8999999761581421,
                        0.8999999761581421,
                        0.8999999761581421
                    ],
                    "transparency": 1
                }
            },
            "name": "Material #35"
        },
        "Material #46": {
            "instanceTechnique": {
                "technique": "technique_0",
                "values": {
                    "ambient": [
                        0.5879999995231628,
                        0.5879999995231628,
                        0.5879999995231628
                    ],
                    "diffuse": "Map #9",
                    "emission": [
                        0,
                        0,
                        0
                    ],
                    "shininess": 2,
                    "specular": [
                        0.8999999761581421,
                        0.8999999761581421,
                        0.8999999761581421
                    ],
                    "transparency": 1
                }
            },
            "name": "Material #46"
        },
        "Material #57": {
            "instanceTechnique": {
                "technique": "technique_0",
                "values": {
                    "ambient": [
                        0.5879999995231628,
                        0.5879999995231628,
                        0.5879999995231628
                    ],
                    "diffuse": "Map #10",
                    "emission": [
                        0,
                        0,
                        0
                    ],
                    "shininess": 2,
                    "specular": [
                        0.8999999761581421,
                        0.8999999761581421,
                        0.8999999761581421
                    ],
                    "transparency": 1
                }
            },
            "name": "Material #57"
        },
        "Material #68": {
            "instanceTechnique": {
                "technique": "technique_0",
                "values": {
                    "ambient": [
                        0.5879999995231628,
                        0.5879999995231628,
                        0.5879999995231628
                    ],
                    "diffuse": "Map #11",
                    "emission": [
                        0,
                        0,
                        0
                    ],
                    "shininess": 2,
                    "specular": [
                        0.8999999761581421,
                        0.8999999761581421,
                        0.8999999761581421
                    ],
                    "transparency": 1
                }
            },
            "name": "Material #68"
        },
        "Material #79": {
            "instanceTechnique": {
                "technique": "technique_0",
                "values": {
                    "ambient": [
                        0.5879999995231628,
                        0.5879999995231628,
                        0.5879999995231628
                    ],
                    "diffuse": "Map #13",
                    "emission": [
                        0,
                        0,
                        0
                    ],
                    "shininess": 2,
                    "specular": [
                        0.8999999761581421,
                        0.8999999761581421,
                        0.8999999761581421
                    ],
                    "transparency": 1
                }
            },
            "name": "Material #79"
        },
        "Material #90": {
            "instanceTechnique": {
                "technique": "technique_0",
                "values": {
                    "ambient": [
                        0.5879999995231628,
                        0.5879999995231628,
                        0.5879999995231628
                    ],
                    "diffuse": "Map #14",
                    "emission": [
                        0,
                        0,
                        0
                    ],
                    "shininess": 2,
                    "specular": [
                        0.8999999761581421,
                        0.8999999761581421,
                        0.8999999761581421
                    ],
                    "transparency": 1
                }
            },
            "name": "Material #90"
        }
    },
    "meshes": {
        "bow_model_LOD0-mesh": {
            "name": "bow_model_LOD0-mesh",
            "primitives": [
                {
                    "attributes": {
                        "JOINT": "attrbute_10",
                        "NORMAL": "attrbute_8",
                        "POSITION": "attrbute_7",
                        "TEXCOORD_0": "attrbute_9",
                        "WEIGHT": "attrbute_11"
                    },
                    "indices": "indices_12",
                    "material": "Material #46"
                }
            ]
        },
        "cape_model_LOD0-mesh": {
            "name": "cape_model_LOD0-mesh",
            "primitives": [
                {
                    "attributes": {
                        "JOINT": "attrbute_16",
                        "NORMAL": "attrbute_14",
                        "POSITION": "attrbute_13",
                        "TEXCOORD_0": "attrbute_15",
                        "WEIGHT": "attrbute_17"
                    },
                    "indices": "indices_18",
                    "material": "Material #57"
                }
            ]
        },
        "head_item_model_LOD0-mesh": {
            "name": "head_item_model_LOD0-mesh",
            "primitives": [
                {
                    "attributes": {
                        "JOINT": "attrbute_22",
                        "NORMAL": "attrbute_20",
                        "POSITION": "attrbute_19",
                        "TEXCOORD_0": "attrbute_21",
                        "WEIGHT": "attrbute_23"
                    },
                    "indices": "indices_24",
                    "material": "Material #68"
                }
            ]
        },
        "mirana_model_LOD0-mesh": {
            "name": "mirana_model_LOD0-mesh",
            "primitives": [
                {
                    "attributes": {
                        "JOINT": "attrbute_4",
                        "NORMAL": "attrbute_2",
                        "POSITION": "attrbute_1",
                        "TEXCOORD_0": "attrbute_3",
                        "WEIGHT": "attrbute_5"
                    },
                    "indices": "indices_6",
                    "material": "Material #35"
                }
            ]
        },
        "mount_model_LOD0-mesh": {
            "name": "mount_model_LOD0-mesh",
            "primitives": [
                {
                    "attributes": {
                        "JOINT": "attrbute_28",
                        "NORMAL": "attrbute_26",
                        "POSITION": "attrbute_25",
                        "TEXCOORD_0": "attrbute_27",
                        "WEIGHT": "attrbute_29"
                    },
                    "indices": "indices_30",
                    "material": "Material #79"
                }
            ]
        },
        "quiver_model_LOD0-mesh": {
            "name": "quiver_model_LOD0-mesh",
            "primitives": [
                {
                    "attributes": {
                        "JOINT": "attrbute_34",
                        "NORMAL": "attrbute_32",
                        "POSITION": "attrbute_31",
                        "TEXCOORD_0": "attrbute_33",
                        "WEIGHT": "attrbute_35"
                    },
                    "indices": "indices_36",
                    "material": "Material #90"
                }
            ]
        },
        "shoulders_model_LOD0-mesh": {
            "name": "shoulders_model_LOD0-mesh",
            "primitives": [
                {
                    "attributes": {
                        "JOINT": "attrbute_40",
                        "NORMAL": "attrbute_38",
                        "POSITION": "attrbute_37",
                        "TEXCOORD_0": "attrbute_39",
                        "WEIGHT": "attrbute_41"
                    },
                    "indices": "indices_42",
                    "material": "Material #101"
                }
            ]
        }
    },
    "nodes": {
        "Head_0": {
            "children": [
                "Head_1"
            ],
            "jointId": "Head_0",
            "matrix": [
                0.9452580213546753,
                1.5494427074713762e-8,
                -0.3263242244720459,
                0,
                1.1430112763406708e-8,
                1,
                8.059111422653586e-8,
                0,
                0.32632422447204695,
                -7.990931985569063e-8,
                0.9452580213546748,
                0,
                16.89320373535159,
                -9.260475053451955e-9,
                -0.00000762939453125,
                1
            ],
            "name": "Head_0"
        },
        "Head_1": {
            "children": [
                "hair_R0C0"
            ],
            "jointId": "Head_1",
            "matrix": [
                0.41609442234039334,
                -3.96818563785928e-7,
                -0.9093217849731445,
                0,
                5.200759626793705e-7,
                0.9999999999999996,
                -1.984092534713218e-7,
                0,
                0.90932178497308,
                -3.903594189950319e-7,
                0.41609442234053434,
                0,
                11.412033081054688,
                -0.0000021621917767333794,
                0.000022888183579539145,
                1
            ],
            "name": "Head_1"
        },
        "Spine_0": {
            "children": [
                "Spine_1"
            ],
            "jointId": "Spine_0",
            "matrix": [
                0.22844581305980644,
                1.3682185340257978e-7,
                0.9735566377639769,
                0,
                -1.3469674765403155e-7,
                0.9999999999999994,
                -1.0893145940827452e-7,
                0,
                -0.9735566377639742,
                -1.0624997695148535e-7,
                0.22844581305982062,
                0,
                5.734872817993162,
                8.970200724434108e-7,
                9.699188232421847,
                1
            ],
            "name": "Spine_0"
        },
        "Spine_1": {
            "children": [
                "clavicle_R",
                "clavicle_L",
                "Head_0"
            ],
            "jointId": "Spine_1",
            "matrix": [
                0.9910692572593688,
                7.402308099813126e-9,
                0.13334871828556058,
                0,
                -1.1657770900963615e-8,
                1.0000000000000002,
                3.1131534683481705e-8,
                0,
                -0.1333487182855604,
                -3.240805576381276e-8,
                0.9910692572593689,
                0,
                13.701431274414062,
                5.830756890645725e-7,
                -0.000007629394524144573,
                1
            ],
            "name": "Spine_1"
        },
        "Teapot01": {
            "children": [],
            "jointId": "Teapot01",
            "matrix": [
                1,
                0,
                0,
                0,
                0,
                -1,
                1.509958026505525e-7,
                0,
                0,
                -1.509958026505525e-7,
                -1,
                0,
                27.066179275512695,
                -17.704614639282227,
                -0.000001773893245626823,
                1
            ],
            "name": "Teapot01"
        },
        "ankle_L": {
            "children": [
                "toeBase_L"
            ],
            "jointId": "ankle_L",
            "matrix": [
                0.8582031726837159,
                0.08062386512756353,
                0.5069390535354613,
                0,
                0.48275717505699434,
                0.20886375763549764,
                -0.8504831886368399,
                0,
                -0.17445040791968597,
                0.9746156709125129,
                0.14032576629018093,
                0,
                39.19092559814453,
                0,
                -0.000003814697272730427,
                1
            ],
            "name": "ankle_L"
        },
        "ankle_R": {
            "children": [
                "toeBase_R"
            ],
            "jointId": "ankle_R",
            "matrix": [
                0.860071897506714,
                0.07996097207069397,
                0.5038671493530275,
                0,
                0.483815282116021,
                0.1855073665474602,
                -0.8552835358308767,
                0,
                -0.16186037644566661,
                0.9793839942137619,
                0.12086333663776164,
                0,
                -39.32757568359375,
                -0.000003814697272730427,
                -0.000015258789069605427,
                1
            ],
            "name": "ankle_R"
        },
        "bicep_L": {
            "children": [
                "elbow_L"
            ],
            "jointId": "bicep_L",
            "matrix": [
                0.0969353765249251,
                -0.1674904525279997,
                -0.9810965657234194,
                0,
                -0.8412020048406231,
                0.5130685414068528,
                -0.1707031918182001,
                0,
                0.5319608708348941,
                0.8418474686435004,
                -0.09115880056699355,
                0,
                10.031349182128906,
                9.536743146298932e-7,
                -0.00006103515625,
                1
            ],
            "name": "bicep_L"
        },
        "bicep_R": {
            "children": [
                "elbow_R"
            ],
            "jointId": "bicep_R",
            "matrix": [
                0.07506379485130307,
                -0.1622195243835448,
                -0.9838953614234922,
                0,
                -0.8689213360816158,
                0.4734337024316322,
                -0.1443494181573033,
                0,
                0.48922536957181695,
                0.8657628249475617,
                -0.10541824362734452,
                0,
                -10.031352996826172,
                -0.000002861022950995107,
                -0.0000152587890625,
                1
            ],
            "name": "bicep_R"
        },
        "blanky_L_R0C0": {
            "children": [
                "blanky_L_R1C0"
            ],
            "jointId": "blanky_L_R0C0",
            "matrix": [
                0.2952934801578521,
                0.0005036324146203768,
                0.9554066061973573,
                0,
                -0.9522005099605428,
                -0.08169861871015471,
                0.29434561854897956,
                0,
                0.07820362903565975,
                -0.9966568341385889,
                -0.023645506472792694,
                0,
                -13.917984008789062,
                23.730131149291992,
                -32.074806213378906,
                1
            ],
            "name": "blanky_L_R0C0"
        },
        "blanky_L_R1C0": {
            "children": [],
            "jointId": "blanky_L_R1C0",
            "matrix": [
                -0.999077022075653,
                -0.042826924473047145,
                0.0033362777903676024,
                0,
                -0.042827174708099436,
                0.9990828593111322,
                -3.970853758805492e-9,
                0,
                -0.003333216757194231,
                -0.00014288727496631904,
                -0.9999945759540061,
                0,
                -14.904792785644524,
                4.768371586472142e-7,
                -3.552713678800501e-15,
                1
            ],
            "name": "blanky_L_R1C0"
        },
        "blanky_R_R0C0": {
            "children": [
                "blanky_R_R1C0"
            ],
            "jointId": "blanky_R_R0C0",
            "matrix": [
                0.25052526593208346,
                0.008679737336933625,
                0.9680712819099428,
                0,
                -0.9678841941180661,
                -0.019355575313087115,
                0.2506503921424917,
                0,
                0.020913155396989444,
                -0.9997751116069025,
                0.003551919793197132,
                0,
                -13.917982101440426,
                -23.54341316223145,
                -32.07478332519531,
                1
            ],
            "name": "blanky_R_R0C0"
        },
        "blanky_R_R1C0": {
            "children": [],
            "jointId": "blanky_R_R1C0",
            "matrix": [
                -0.999659478664398,
                -0.02598052844405164,
                -0.0024048397317528707,
                0,
                -0.02598061172110052,
                0.9996626394673832,
                4.6961940822031053e-7,
                0,
                0.0024040154575393448,
                0.00006294864651542924,
                -0.9999969005557705,
                0,
                -15.691246032714844,
                -0.000008821487426757812,
                3.552713678800501e-15,
                1
            ],
            "name": "blanky_R_R1C0"
        },
        "bow_1": {
            "children": [
                "bow_bottom",
                "joint1",
                "bow_top"
            ],
            "jointId": "bow_1",
            "matrix": [
                0.9999998807907103,
                1.1437099267652525e-8,
                4.796312964572279e-7,
                0,
                6.273090829855385e-8,
                0.9880160691654197,
                -0.15434968324284407,
                0,
                -4.7564907982463676e-7,
                0.15434977484998122,
                0.9880166555566052,
                0,
                -6.234804153442383,
                -2.7633323669433576,
                -0.465850830078125,
                1
            ],
            "name": "bow_1"
        },
        "bow_bottom": {
            "children": [],
            "jointId": "bow_bottom",
            "matrix": [
                -0.7305632233619689,
                -0.5035567283630372,
                0.46120285987854004,
                0,
                -0.0863066094351263,
                0.7380906496730156,
                0.6691590726033224,
                0,
                -0.6773689039738915,
                0.4490580426435523,
                -0.5826820136466765,
                0,
                11.943775177001957,
                18.076536178588867,
                -18.29972076416017,
                1
            ],
            "name": "bow_bottom"
        },
        "bow_model_LOD0": {
            "children": [],
            "instanceSkin": {
                "skeletons": [
                    "root"
                ],
                "skin": "skin_1",
                "sources": [
                    "bow_model_LOD0-mesh"
                ]
            },
            "matrix": [
                1,
                0,
                0,
                0,
                0,
                1,
                0,
                0,
                0,
                0,
                1,
                0,
                0,
                0,
                0,
                1
            ],
            "name": "bow_model_LOD0"
        },
        "bow_top": {
            "children": [],
