{
    "accessors": [
        {
            "bufferView": 0,
            "byteOffset": 0,
            "componentType": 5126,
            "count": 1183,
            "max": [
                52.73402786254883,
                11.534274101257324,
                193.55429077148438
            ],
            "min": [
                -52.73404312133789,
                -81.68657684326172,
                -0.4327930808067322
            ],
            "type": "VEC3"
        },
        {
            "bufferView": 0,
            "byteOffset": 14196,
            "componentType": 5126,
            "count": 1183,
            "max": [
                0.9991673231124878,
                0.9997398257255554,
                0.9623892307281494
            ],
            "min": [
                -0.9999691247940063,
                -0.9967336058616638,
                -0.9799143075942993
            ],
            "type": "VEC3"
        },
        {
            "bufferView": 0,
            "byteOffset": 28392,
            "componentType": 5126,
            "count": 1183,
            "max": [
                2.0003483295440674,
                0.9957261681556702
            ],
            "min": [
                0.0026601552963256836,
                0.004230856895446777
            ],
            "type": "VEC2"
        },
        {
            "bufferView": 0,
            "byteOffset": 37856,
            "componentType": 5123,
            "count": 1183,
            "max": [
                41,
                41,
                41,
                0
            ],
            "min": [
                0,
                0,
                0,
                0
            ],
            "type": "VEC4"
        },
        {
            "bufferView": 0,
            "byteOffset": 47320,
            "componentType": 5126,
            "count": 1183,
            "max": [
                1,
                0.9997738599777222,
                0.9992340207099915,
                0
            ],
            "min": [
                0.00017542914429213852,
                0,
                0,
                0
            ],
            "type": "VEC4"
        },
        {
            "bufferView": 2,
            "byteOffset": 0,
            "componentType": 5123,
            "count": 4788,
            "max": [
                1182
            ],
            "min": [
                0
            ],
            "type": "SCALAR"
        },
        {
            "bufferView": 1,
            "byteOffset": 0,
            "componentType": 5126,
            "count": 42,
            "max": [
                0.9164320821301476,
                1.0000000596044618,
                0.9997635796580726,
                0,
                0.999999880790011,
                0.9980236843447721,
                0.9995411739571312,
                0,
                0.9995411739571574,
                0.9677523486700665,
                1.0000001788105994,
                0,
                170.65266713882704,
                160.2386117270024,
                172.3151472068527,
                1
            ],
            "min": [
                -0.7872900496766148,
                -1.0000001788025967,
                -0.3974060270572161,
                0,
                -0.9999999999999738,
                -0.9192709149920827,
                -0.9481868344861901,
                0,
                -0.999888308892207,
                -0.9817876889589684,
                -1.0000001788047976,
                0,
                -188.53256196880747,
                -177.70256748431783,
                -214.59303283691384,
                1
            ],
            "type": "MAT4"
        },
        {
            "bufferView": 0,
            "byteOffset": 66248,
            "componentType": 5126,
            "count": 648,
            "max": [
                14.536184310913086,
                8.115485191345215,
                259.5087890625
            ],
            "min": [
                -14.53618335723877,
                -27.29945182800293,
                176.7947998046875
            ],
            "type": "VEC3"
        },
        {
            "bufferView": 0,
            "byteOffset": 74024,
            "componentType": 5126,
            "count": 648,
            "max": [
                0.9998050332069397,
                0.9998750686645508,
                0.9998055696487427
            ],
            "min": [
                -0.9998049736022949,
                -0.9999873042106628,
                -0.9866079092025757
            ],
            "type": "VEC3"
        },
        {
            "bufferView": 0,
            "byteOffset": 81800,
            "componentType": 5126,
            "count": 648,
            "max": [
                1.9952552318572998,
                0.9972015023231506
            ],
            "min": [
                0.022665539756417274,
                0.007054328918457031
            ],
            "type": "VEC2"
        },
        {
            "bufferView": 0,
            "byteOffset": 86984,
            "componentType": 5123,
            "count": 648,
            "max": [
                3,
                4,
                4,
                0
            ],
            "min": [
                0,
                0,
                0,
                0
            ],
            "type": "VEC4"
        },
        {
            "bufferView": 0,
            "byteOffset": 92168,
            "componentType": 5126,
            "count": 648,
            "max": [
                1,
                0.9827936887741089,
                0.8634693026542664,
                0
            ],
            "min": [
                0.00473495339974761,
                0,
                0,
                0
            ],
            "type": "VEC4"
        },
        {
            "bufferView": 2,
            "byteOffset": 9576,
            "componentType": 5123,
            "count": 3354,
            "max": [
                647
            ],
            "min": [
                0
            ],
            "type": "SCALAR"
        },
        {
            "bufferView": 1,
            "byteOffset": 2688,
            "componentType": 5126,
            "count": 5,
            "max": [
                0.9164319425608081,
                0.9999999999999969,
                4.3432867978160745e-8,
                0,
                0.390063434816051,
                0.9192710248841713,
                0.9990498135266517,
                0,
                0.9990498135266597,
                0.019273097072833104,
                1.0000001192093002,
                0,
                -7.904462802942528,
                15.825231544672587,
                4.69313401555759,
                1
            ],
            "min": [
                4.564642410830775e-8,
                -0.39315320966719347,
                -0.07471905293072383,
                0,
                -1.0000001192093013,
                4.953213023645496e-8,
                -0.052833452125618255,
                0,
                6.123234360709864e-17,
                -4.343286280055954e-8,
                0.043583948382683195,
                0,
                -188.5326139935036,
                0.0000024464052000603827,
                -239.63689990483468,
                1
            ],
            "type": "MAT4"
        },
        {
            "bufferView": 0,
            "byteOffset": 102536,
            "componentType": 5126,
            "count": 278,
            "max": [
                57.97179412841797,
                -14.244057655334473,
                238.87179565429688
            ],
            "min": [
                17.798194885253906,
                -104.93451690673828,
                20.118864059448242
            ],
            "type": "VEC3"
        },
        {
            "bufferView": 0,
            "byteOffset": 105872,
            "componentType": 5126,
            "count": 278,
            "max": [
                0.998798668384552,
                0.9980595111846924,
                0.9757346510887146
            ],
            "min": [
                -0.9951819181442261,
                -0.9950408935546875,
                -0.9959620833396912
            ],
            "type": "VEC3"
        },
        {
            "bufferView": 0,
            "byteOffset": 109208,
            "componentType": 5126,
            "count": 278,
            "max": [
                0.9936569929122925,
                0.9856420159339905
            ],
            "min": [
                0.0088919997215271,
                0.00766301155090332
            ],
            "type": "VEC2"
        },
        {
            "bufferView": 0,
            "byteOffset": 111432,
            "componentType": 5123,
            "count": 278,
            "max": [
                0,
                0,
                0,
                0
            ],
            "min": [
                0,
                0,
                0,
                0
            ],
            "type": "VEC4"
        },
        {
            "bufferView": 0,
            "byteOffset": 113656,
            "componentType": 5126,
            "count": 278,
            "max": [
                1,
                0,
                0,
                0
            ],
            "min": [
                1,
                0,
                0,
                0
            ],
            "type": "VEC4"
        },
        {
            "bufferView": 2,
            "byteOffset": 16284,
            "componentType": 5123,
            "count": 1320,
            "max": [
                277
            ],
            "min": [
                0
            ],
            "type": "SCALAR"
        },
        {
            "bufferView": 1,
            "byteOffset": 3008,
            "componentType": 5126,
            "count": 1,
            "max": [
                0.906057127318223,
                0.08779632232699573,
                0.41394692086268386,
                0,
                0.41752458919248525,
                -0.34453776945184145,
                -0.8408131786018773,
                0,
                0.06880003699019609,
                0.9346580302585615,
                -0.34882802459990414,
                0,
                -18.631140382659105,
                -177.70251522042068,
                -20.36725473050286,
                1
            ],
            "min": [
                0.906057127318223,
                0.08779632232699573,
                0.41394692086268386,
                0,
                0.41752458919248525,
                -0.34453776945184145,
                -0.8408131786018773,
                0,
                0.06880003699019609,
                0.9346580302585615,
                -0.34882802459990414,
                0,
                -18.631140382659105,
                -177.70251522042068,
                -20.36725473050286,
                1
            ],
            "type": "MAT4"
        },
        {
            "bufferView": 0,
            "byteOffset": 118104,
            "componentType": 5126,
            "count": 518,
            "max": [
                42.57309341430664,
                27.531152725219727,
                215.9533233642578
            ],
            "min": [
                -63.51224136352539,
                -52.97461700439453,
                84.58446502685547
            ],
            "type": "VEC3"
        },
        {
            "bufferView": 0,
            "byteOffset": 124320,
            "componentType": 5126,
            "count": 518,
            "max": [
                0.9897741079330444,
                0.9928879737854004,
                0.9991569519042969
            ],
            "min": [
                -0.9982132911682129,
                -0.9982770681381226,
                -0.9940298199653625
            ],
            "type": "VEC3"
        },
        {
            "bufferView": 0,
            "byteOffset": 130536,
            "componentType": 5126,
            "count": 518,
            "max": [
                0.9881637096405029,
                0.9890415668487549
            ],
            "min": [
                0.005129635334014893,
                0.010311007499694824
            ],
            "type": "VEC2"
        },
        {
            "bufferView": 0,
            "byteOffset": 134680,
            "componentType": 5123,
            "count": 518,
            "max": [
                9,
                9,
                10,
                0
            ],
            "min": [
                0,
                0,
                0,
                0
            ],
            "type": "VEC4"
        },
        {
            "bufferView": 0,
            "byteOffset": 138824,
            "componentType": 5126,
            "count": 518,
            "max": [
                1,
                0.9356616735458374,
                0.9757392406463623,
                0
            ],
            "min": [
                0.004036549013108015,
                0,
                0,
                0
            ],
            "type": "VEC4"
        },
        {
            "bufferView": 2,
            "byteOffset": 18924,
            "componentType": 5123,
            "count": 1920,
            "max": [
                517
            ],
            "min": [
                0
            ],
            "type": "SCALAR"
        },
        {
            "bufferView": 1,
            "byteOffset": 3072,
            "componentType": 5126,
            "count": 11,
            "max": [
                0.9164320716254919,
                0.9999999999999881,
                0.9999998807906039,
                0,
                0.3900638326461473,
                0.9962505321486563,
                0.9985955066896072,
                0,
                0.998595506689615,
                0.049803087583583185,
                0.9958041726849385,
                0,
                170.6526624841275,
                118.40535697332214,
                168.99466371576722,
                1
            ],
            "min": [
                -0.41752384394439235,
                -0.9060573611585974,
                -0.07471908364129531,
                0,
                -0.8408134245803655,
                -0.9192710603827552,
                -0.3773305807548673,
                0,
                -0.9984547910116381,
                -0.6042341900831139,
                -0.9958042195276416,
                0,
                -174.7905534877411,
                -15.825189166496187,
                -168.99466289117126,
                1
            ],
            "type": "MAT4"
        },
        {
            "bufferView": 0,
            "byteOffset": 147112,
            "componentType": 5126,
            "count": 771,
            "max": [
                103.86022186279297,
                86.38018035888672,
                243.5931396484375
            ],
            "min": [
                -89.02386474609375,
                -48.868534088134766,
                9.922611236572266
            ],
            "type": "VEC3"
        },
        {
            "bufferView": 0,
            "byteOffset": 156364,
            "componentType": 5126,
            "count": 771,
            "max": [
                0.9999688267707825,
                0.9996273517608643,
                0.9988865852355957
            ],
            "min": [
                -0.9985938668251038,
                -0.9996307492256165,
                -0.9987805485725403
            ],
            "type": "VEC3"
        },
        {
            "bufferView": 0,
            "byteOffset": 165616,
            "componentType": 5126,
            "count": 771,
            "max": [
                0.9924032688140869,
                0.9962611198425293
            ],
            "min": [
                0.007556989789009094,
                0.008365511894226074
            ],
            "type": "VEC2"
        },
        {
            "bufferView": 0,
            "byteOffset": 171784,
            "componentType": 5123,
            "count": 771,
            "max": [
                20,
                20,
                21,
                0
            ],
            "min": [
                0,
                0,
                0,
                0
            ],
            "type": "VEC4"
        },
        {
            "bufferView": 0,
            "byteOffset": 177952,
            "componentType": 5126,
            "count": 771,
            "max": [
                1,
                0.9992546439170837,
                0.9933488368988037,
                0
            ],
            "min": [
                0.0007453309954144061,
                0,
                0,
                0
            ],
            "type": "VEC4"
        },
        {
            "bufferView": 2,
            "byteOffset": 22764,
            "componentType": 5123,
            "count": 3195,
            "max": [
                770
            ],
            "min": [
                0
            ],
            "type": "SCALAR"
        },
        {
            "bufferView": 1,
            "byteOffset": 3776,
            "componentType": 5126,
            "count": 22,
            "max": [
                0.9164320529579228,
                0.9999999999999897,
                0.9969490410125289,
                0,
                0.5198768805336238,
                0.9999297987421261,
                0.9985956168097792,
                0,
                0.9985956168097894,
                0.5471017413599861,
                0.9958040859465724,
                0,
                170.65266388916544,
                169.8350401949454,
                168.9946304213286,
                1
            ],
            "min": [
                -0.9007910960312554,
                -0.906057250508983,
                -0.08478553125651535,
                0,
                -0.9132550760016448,
                -0.9192710751753965,
                -0.8333084098824503,
                0,
                -0.9998880222573623,
                -0.7759403147697744,
                -0.9958040362252905,
                0,
                -185.13251662897528,
                -40.493018215493066,
                -168.9946219602793,
                1
            ],
            "type": "MAT4"
        }
    ],
    "asset": {
        "generator": "ClayGL - fbx2gltf",
        "version": "2.0"
    },
    "bufferViews": [
        {
            "buffer": 0,
            "byteLength": 190288,
            "byteOffset": 0,
            "target": 34962
        },
        {
            "buffer": 0,
            "byteLength": 5184,
            "byteOffset": 190288,
            "target": 34962
        },
        {
            "buffer": 0,
            "byteLength": 29154,
            "byteOffset": 195472,
            "target": 34963
        }
    ],
    "buffers": [
        {
            "byteLength": 224626,
            "uri": "rubick.bin"
        }
    ],
    "images": [
        {
            "uri": "textures/rubick_base_color.png"
        },
        {
            "uri": "textures/rubick_head_color.png"
        },
        {
            "uri": "textures/rubick_staff_color.png"
        },
        {
            "uri": "textures/rubick_shoulder_color.png"
        },
        {
            "uri": "textures/rubick_robe_color.png"
        }
    ],
    "materials": [
        {
            "emissiveFactor": [
                0,
                0,
                0
            ],
            "name": "Material #35",
            "pbrMetallicRoughness": {
                "baseColorFactor": [
                    1,
                    1,
                    1,
                    1
                ],
                "baseColorTexture": {
                    "index": 0,
                    "texCoord": 0
                },
                "metallicFactor": 0,
                "roughnessFactor": 0.9230769230769231
            }
        },
        {
            "emissiveFactor": [
                0,
                0,
                0
            ],
            "name": "Material #46",
            "pbrMetallicRoughness": {
                "baseColorFactor": [
                    1,
                    1,
                    1,
                    1
                ],
                "baseColorTexture": {
                    "index": 1,
                    "texCoord": 0
                },
                "metallicFactor": 0,
                "roughnessFactor": 0.9230769230769231
            }
        },
        {
            "emissiveFactor": [
                0,
                0,
                0
            ],
            "name": "Material #57",
            "pbrMetallicRoughness": {
                "baseColorFactor": [
                    1,
                    1,
                    1,
                    1
                ],
                "baseColorTexture": {
                    "index": 2,
                    "texCoord": 0
                },
                "metallicFactor": 0,
                "roughnessFactor": 0.9230769230769231
            }
        },
        {
            "emissiveFactor": [
                0,
                0,
                0
            ],
            "name": "Material #69",
            "pbrMetallicRoughness": {
                "baseColorFactor": [
                    1,
                    1,
                    1,
                    1
                ],
                "baseColorTexture": {
                    "index": 3,
                    "texCoord": 0
                },
                "metallicFactor": 0,
                "roughnessFactor": 0.9230769230769231
            }
        },
        {
            "emissiveFactor": [
                0,
                0,
                0
            ],
            "name": "Material #81",
            "pbrMetallicRoughness": {
                "baseColorFactor": [
                    1,
                    1,
                    1,
                    1
                ],
                "baseColorTexture": {
                    "index": 4,
                    "texCoord": 0
                },
                "metallicFactor": 0,
                "roughnessFactor": 0.9230769230769231
            }
        }
    ],
    "meshes": [
        {
            "name": "rubick_model_LOD0",
            "primitives": [
                {
                    "attributes": {
                        "JOINTS_0": 3,
                        "NORMAL": 1,
                        "POSITION": 0,
                        "TEXCOORD_0": 2,
                        "WEIGHTS_0": 4
                    },
                    "indices": 5,
                    "material": 0
                }
            ]
        },
        {
            "name": "rubick_head_model_LOD0",
            "primitives": [
                {
                    "attributes": {
                        "JOINTS_0": 10,
                        "NORMAL": 8,
                        "POSITION": 7,
                        "TEXCOORD_0": 9,
                        "WEIGHTS_0": 11
                    },
                    "indices": 12,
                    "material": 1
                }
            ]
        },
        {
            "name": "rubick_staff_model_LOD0",
            "primitives": [
                {
                    "attributes": {
                        "JOINTS_0": 17,
                        "NORMAL": 15,
                        "POSITION": 14,
                        "TEXCOORD_0": 16,
                        "WEIGHTS_0": 18
                    },
                    "indices": 19,
                    "material": 2
                }
            ]
        },
        {
            "name": "shoulder_model_LOD0",
            "primitives": [
                {
                    "attributes": {
                        "JOINTS_0": 24,
                        "NORMAL": 22,
                        "POSITION": 21,
                        "TEXCOORD_0": 23,
                        "WEIGHTS_0": 25
                    },
                    "indices": 26,
                    "material": 3
                }
            ]
        },
        {
            "name": "cape_model_LOD0",
            "primitives": [
                {
                    "attributes": {
                        "JOINTS_0": 31,
                        "NORMAL": 29,
                        "POSITION": 28,
                        "TEXCOORD_0": 30,
                        "WEIGHTS_0": 32
                    },
                    "indices": 33,
                    "material": 4
                }
            ]
        }
    ],
    "nodes": [
        {
            "children": [
                1,
                73,
                77
            ],
            "matrix": [
                1.6292068478213574e-7,
                1.469367938527879e-39,
                1.0000000000000002,
                0,
                1.0000000000000002,
                6.123233995736847e-17,
                -1.6292068478213574e-7,
                0,
                -6.123233995736685e-17,
                1,
                9.976014756666736e-24,
                0,
                0,
                101.8054428100586,
                13.248841285705566,
                1
            ],
            "name": "Root_0"
        },
        {
            "children": [
                2
            ],
            "matrix": [
                -0.03028947114944429,
                3.709390540959321e-18,
                0.999541163444519,
                0,
                2.4487314870515957e-16,
                1.0000000000000002,
                3.7093904086100085e-18,
                0,
                -0.9995411634445192,
                2.4487314870515957e-16,
                -0.030289471149444285,
                0,
                0.048274993896484375,
                0.0000019073484054388246,
                35.578346252441406,
                1
            ],
            "name": "Spine_0"
        },
        {
            "children": [
                3,
                15,
                16,
                47,
                62,
                65,
                67,
                70
            ],
            "matrix": [
                0.996532499790192,
                3.308722450212111e-24,
                -0.08320416510105137,
                0,
                2.2165377338231937e-8,
                1,
                2.6547371589913393e-7,
                0,
                0.08320416510105139,
                -2.6639743744913247e-7,
                0.996532499790192,
                0,
                37.02359008789065,
                0.0000010906032912316732,
                -0.0000095367431640625,
                1
            ],
            "name": "Spine_3"
        },
        {
            "children": [
                4
            ],
            "matrix": [
                0.068667121231556,
                0.9164320826530455,
                0.3942550718784332,
                0,
                -0.029458307294128565,
                -0.39315297783187536,
                0.9190010358209787,
                0,
                0.9972045418764317,
                -0.07471923908597908,
                -1.4528633016791526e-7,
                0,
                -4.942718505859403,
                5.064598560333252,
                -6.689816474914551,
                1
            ],
            "name": "clavicle_L"
        },
        {
            "children": [
                5,
                8
            ],
            "matrix": [
                0.17698845267295824,
                -0.5364466905593872,
                -0.8251666426658633,
                0,
                -0.9403592967064525,
                0.15530671109069585,
                -0.30266190506697865,
                0,
                0.29051592689707545,
                0.8295208779407854,
                -0.4769651910205243,
                0,
                19.712430953979485,
                -0.000003814697265625,
                -0.00001525878903407829,
                1
            ],
            "name": "bicep_L"
        },
        {
            "children": [
                6
            ],
            "matrix": [
                0.8954862952232358,
                0.2741944789886475,
                0.3506020307540896,
                0,
                -0.3404866406842805,
                -0.08531336717673318,
                0.9363710016084489,
                0,
                0.2866588175506679,
                -0.9578827698144845,
                0.01696260705385165,
                0,
                33.43037414550783,
                -8.982467651367173,
                -0.9571533203125142,
                1
            ],
            "name": "LFRobe_R0C0"
        },
        {
            "children": [
                7
            ],
            "matrix": [
                0.9091506600379943,
                0.03099631518125535,
                0.41531220078468317,
                0,
                -0.08677787711167982,
                0.9894376472913884,
                0.11611805045462223,
                0,
                -0.4073262227968442,
                -0.14160868818343955,
                0.9022375242766802,
                0,
                87.94064331054688,
                9.829587936401367,
                -7.480285644531243,
                1
            ],
            "name": "LFRobe_R1C0"
        },
        {
            "matrix": [
                0.99663257598877,
                0.04439985752105712,
                0.068937450647354,
                0,
                -0.04628946018368843,
                0.9985879047621748,
                0.026058742141437052,
                0,
                -0.06768310216673619,
                -0.02916206963371721,
                0.9972805137774589,
                0,
                45.357597351074226,
                -0.0000095367431640625,
                -0.000007629394545460855,
                1
            ],
            "name": "LFRobe_R2C0"
        },
        {
            "children": [
                9
            ],
            "matrix": [
                0.03332796692848233,
                4.917383193692171e-7,
                -0.9994442462921145,
                0,
                8.854944384545371e-7,
                0.999999999999708,
                5.215398965752183e-7,
                0,
                0.9994446055078677,
                -9.023845104760841e-7,
                0.033327978906626365,
                0,
                38.110290527343764,
                0.00000762939453125,
                -1.4210854715202004e-14,
                1
            ],
            "name": "elbow_L"
        },
        {
            "children": [
                10,
                12,
                13,
                14
            ],
            "matrix": [
                0.891432523727417,
                0.4189931750297545,
                -0.1726088374853133,
                0,
                -0.44873414990755633,
                0.7631176709225921,
                -0.46506958185401126,
                0,
                -0.06314008212300637,
                0.4920332838870789,
                0.8682838449314502,
                0,
                34.57883453369142,
                0.0000152587890625,
                0.000007629394545460855,
                1
            ],
            "name": "wrist_L"
        },
        {
            "children": [
                11
            ],
            "matrix": [
                0.9521778225898745,
                0.26563632488250744,
                -0.15097934007644662,
                0,
                0.17578065753937694,
                -0.07207135559832076,
                0.9817877972162806,
                0,
                0.24991718954435638,
                -0.9613757107476026,
                -0.11531846183298805,
                0,
                15.135627746582017,
                -5.6162261962890625,
                -7.465988159179673,
                1
            ],
            "name": "index_0_L"
        },
        {
            "matrix": [
                1,
                1.6653345369377348e-16,
                -6.705522526129215e-8,
                0,
                -3.291811268013589e-14,
                1,
                -4.917383193414615e-7,
                0,
                6.705524130401486e-8,
                4.917384367475464e-7,
                1.0000002384185656,
                0,
                5.680931091308608,
                -0.000015258789076710855,
                -0.0000152587890625,
                1
            ],
            "name": "index_1_L"
        },
        {
            "matrix": [
                0.9999999403953554,
                -5.587935447692871e-9,
                5.06639480479798e-7,
                0,
                5.587928231243211e-9,
                1.0000000000000067,
                1.4901161249358807e-8,
                0,
                -5.066396921438177e-7,
                -1.4901163691849462e-8,
                1.0000003576278402,
                0,
                12.999961853027358,
                -5.012535095214844,
                0.1749877929687642,
                1
            ],
            "name": "ring_0_L"
        },
        {
            "matrix": [
                0.9999996423721313,
                -3.8556754583529695e-7,
                -2.0861625676937834e-7,
                0,
                3.8556751702500947e-7,
                0.9999998211860889,
                -4.6938657755069e-7,
                0,
                2.086164874182117e-7,
                4.693865251204077e-7,
                0.9999998807907138,
                0,
                7.819435119628906,
                2.3865966796875,
                -8.41525268554686,
                1
            ],
            "name": "thumb_0_L"
        },
        {
            "matrix": [
                -0.417525738477707,
                -0.9060568809509278,
                -0.0688032358884811,
                0,
                0.34453854552609586,
                -0.08779383308056758,
                -0.9346581342677653,
                0,
                0.8408126504288719,
                -0.4139490549061589,
                0.34882758723799967,
                0,
                13.585685729980469,
                0.1241912841796875,
                -6.487365722656207,
                1
            ],
            "name": "Staff_1"
        },
        {
            "matrix": [
                0.9999998807907104,
                -3.308722450212111e-24,
                4.768371581961861e-7,
                0,
                -2.3161057151484775e-23,
                0.9999999999999999,
                5.551115123125783e-17,
                0,
                -4.76837158203125e-7,
                -5.551120417081703e-17,
                0.9999998807907104,
                0,
                10.341964721679659,
                -0.0000015734967746539075,
                -19.941152572631843,
                1
            ],
            "name": "FrontCloth1_0"
        },
        {
            "children": [
                17,
                19,
                20,
                21,
                22,
                23,
                24,
                25,
                26,
                27,
                28,
                29,
                30,
                31,
                32,
                33,
                34,
                35,
                36,
                37,
                38,
                39,
                40,
                41,
                42,
                43,
                44,
                45,
                46
            ],
            "matrix": [
                0.9999556541442871,
                2.0407142642397957e-10,
                0.009408336132764823,
                0,
                -2.0408050527333652e-10,
                0.9999999999999999,
                3.0531133706587397e-15,
                0,
                -0.00940833613276481,
                -1.923110969721129e-12,
                0.999955654144287,
                0,
                13.777862548828125,
                -3.785908120334995e-8,
                0.000002861022950995107,
                1
            ],
            "name": "Head_0"
        },
        {
            "children": [
                18
            ],
            "matrix": [
                0.04358407855033936,
                -1.0391254079422805e-7,
                -0.999049723148346,
                0,
                2.2654736941290885e-9,
                1,
                -1.0391254789965493e-7,
                0,
                0.9990497231483457,
                2.2656117831050475e-9,
                0.04358407855033913,
                0,
                26.469284057617244,
                0.000001155907739303074,
                0.000002861022950995107,
                1
            ],
            "name": "Head_1"
        },
        {
            "matrix": [
                0.9999999403953556,
                3.564003314693362e-9,
                -1.8353132702486619e-7,
                0,
                -3.5640035271213903e-9,
                1,
                1.687538997315109e-14,
                0,
                1.8353132702486632e-7,
                -1.6221282669993314e-14,
                0.9999999403953553,
                0,
                -6.154836654663087,
                0.0000011256684047111776,
                25.0438232421875,
                1
            ],
            "name": "PonyTail0_0"
        },
        {
            "matrix": [
                0.04358371347188975,
                -4.779937512466886e-7,
                -0.9990495443344114,
                0,
                1.0423890780567449e-8,
                0.9999999999999999,
                -4.779937512466342e-7,
                0,
                0.999049544334412,
                1.041875936116696e-8,
                0.04358371347188479,
                0,
                26.46929931640628,
                0.0000019073486328124992,
                -0.000015258789060723643,
                1
            ],
            "name": "Head_1Base"
        },
        {
            "matrix": [
                0.04358371347188975,
                -4.779937512466886e-7,
                -0.9990495443344114,
                0,
                1.0423890780567449e-8,
                0.9999999999999999,
                -4.779937512466342e-7,
                0,
                0.999049544334412,
                1.041875936116696e-8,
                0.04358371347188479,
                0,
                26.46929931640628,
                0.0000019073486328124992,
                -0.000015258789060723643,
                1
            ],
            "name": "Head_1Base1"
        },
        {
            "matrix": [
                0.04358371347188975,
                -4.779937512466886e-7,
                -0.9990495443344114,
                0,
                1.0423890780567449e-8,
                0.9999999999999999,
                -4.779937512466342e-7,
                0,
                0.999049544334412,
                1.041875936116696e-8,
                0.04358371347188479,
                0,
                26.46929931640628,
                0.0000019073486328124992,
                -0.000015258789060723643,
                1
            ],
            "name": "Head_1Base2"
        },
        {
            "matrix": [
                0.04358371347188975,
                -4.779937512466886e-7,
                -0.9990495443344114,
                0,
                1.0423890780567449e-8,
