{
    "accessors": {
        "attrbute_1": {
            "bufferView": "bufferView_31",
            "byteOffset": 0,
            "byteStride": 12,
            "count": 1183,
            "max": [
                52.73402786254883,
                11.534274101257324,
                193.55429077148438,
                0
            ],
            "min": [
                -52.73404312133789,
                -81.68657684326172,
                -0.4327930808067322,
                0
            ],
            "type": 35665
        },
        "attrbute_10": {
            "bufferView": "bufferView_31",
            "byteOffset": 91716,
            "byteStride": 16,
            "count": 648,
            "max": [
                3,
                4,
                4,
                -1
            ],
            "min": [
                0,
                -1,
                -1,
                -1
            ],
            "type": 35666
        },
        "attrbute_11": {
            "bufferView": "bufferView_31",
            "byteOffset": 102084,
            "byteStride": 12,
            "count": 648,
            "max": [
                1,
                0.9827936887741089,
                0.8634693026542664
            ],
            "min": [
                0.00473495339974761,
                0,
                0
            ],
            "type": 35665
        },
        "attrbute_13": {
            "bufferView": "bufferView_31",
            "byteOffset": 109860,
            "byteStride": 12,
            "count": 278,
            "max": [
                57.97179412841797,
                -14.244057655334473,
                238.87179565429688,
                0
            ],
            "min": [
                17.798194885253906,
                -104.93451690673828,
                20.118864059448242,
                0
            ],
            "type": 35665
        },
        "attrbute_14": {
            "bufferView": "bufferView_31",
            "byteOffset": 113196,
            "byteStride": 12,
            "count": 278,
            "max": [
                0.998798668384552,
                0.9980595111846924,
                0.9757346510887146,
                0
            ],
            "min": [
                -0.9951819181442261,
                -0.9950408935546875,
                -0.9959620833396912,
                0
            ],
            "type": 35665
        },
        "attrbute_15": {
            "bufferView": "bufferView_31",
            "byteOffset": 116532,
            "byteStride": 8,
            "count": 278,
            "max": [
                0.9936569929122925,
                0.9923369884490967
            ],
            "min": [
                0.0088919997215271,
                0.014357984066009521
            ],
            "type": 35664
        },
        "attrbute_16": {
            "bufferView": "bufferView_31",
            "byteOffset": 118756,
            "byteStride": 16,
            "count": 278,
            "max": [
                0,
                -1,
                -1,
                -1
            ],
            "min": [
                0,
                -1,
                -1,
                -1
            ],
            "type": 35666
        },
        "attrbute_17": {
            "bufferView": "bufferView_31",
            "byteOffset": 123204,
            "byteStride": 12,
            "count": 278,
            "max": [
                1,
                0,
                0
            ],
            "min": [
                1,
                0,
                0
            ],
            "type": 35665
        },
        "attrbute_19": {
            "bufferView": "bufferView_31",
            "byteOffset": 126540,
            "byteStride": 12,
            "count": 518,
            "max": [
                42.57309341430664,
                27.531152725219727,
                215.9533233642578,
                0
            ],
            "min": [
                -63.51224136352539,
                -52.97461700439453,
                84.58446502685547,
                0
            ],
            "type": 35665
        },
        "attrbute_2": {
            "bufferView": "bufferView_31",
            "byteOffset": 14196,
            "byteStride": 12,
            "count": 1183,
            "max": [
                0.9991673231124878,
                0.9997398257255554,
                0.9623892307281494,
                0
            ],
            "min": [
                -0.9999691247940063,
                -0.9967336058616638,
                -0.9799143075942993,
                0
            ],
            "type": 35665
        },
        "attrbute_20": {
            "bufferView": "bufferView_31",
            "byteOffset": 132756,
            "byteStride": 12,
            "count": 518,
            "max": [
                0.9897741079330444,
                0.9928879737854004,
                0.9991569519042969,
                0
            ],
            "min": [
                -0.9982132911682129,
                -0.9982770681381226,
                -0.9940298199653625,
                0
            ],
            "type": 35665
        },
        "attrbute_21": {
            "bufferView": "bufferView_31",
            "byteOffset": 138972,
            "byteStride": 8,
            "count": 518,
            "max": [
                0.9881637096405029,
                0.9896889925003052
            ],
            "min": [
                0.005129635334014893,
                0.010958433151245117
            ],
            "type": 35664
        },
        "attrbute_22": {
            "bufferView": "bufferView_31",
            "byteOffset": 143116,
            "byteStride": 16,
            "count": 518,
            "max": [
                9,
                9,
                10,
                -1
            ],
            "min": [
                0,
                -1,
                -1,
                -1
            ],
            "type": 35666
        },
        "attrbute_23": {
            "bufferView": "bufferView_31",
            "byteOffset": 151404,
            "byteStride": 12,
            "count": 518,
            "max": [
                1,
                0.9356616735458374,
                0.9757392406463623
            ],
            "min": [
                0.004036549013108015,
                0,
                0
            ],
            "type": 35665
        },
        "attrbute_25": {
            "bufferView": "bufferView_31",
            "byteOffset": 157620,
            "byteStride": 12,
            "count": 771,
            "max": [
                103.86022186279297,
                86.38018035888672,
                243.5931396484375,
                0
            ],
            "min": [
                -89.02386474609375,
                -48.868534088134766,
                9.922611236572266,
                0
            ],
            "type": 35665
        },
        "attrbute_26": {
            "bufferView": "bufferView_31",
            "byteOffset": 166872,
            "byteStride": 12,
            "count": 771,
            "max": [
                0.9999688267707825,
                0.9996273517608643,
                0.9988865852355957,
                0
            ],
            "min": [
                -0.9985938668251038,
                -0.9996307492256165,
                -0.9987805485725403,
                0
            ],
            "type": 35665
        },
        "attrbute_27": {
            "bufferView": "bufferView_31",
            "byteOffset": 176124,
            "byteStride": 8,
            "count": 771,
            "max": [
                0.9924032688140869,
                0.9916344881057739
            ],
            "min": [
                0.007556989789009094,
                0.003738880157470703
            ],
            "type": 35664
        },
        "attrbute_28": {
            "bufferView": "bufferView_31",
            "byteOffset": 182292,
            "byteStride": 16,
            "count": 771,
            "max": [
                20,
                20,
                21,
                -1
            ],
            "min": [
                0,
                -1,
                -1,
                -1
            ],
            "type": 35666
        },
        "attrbute_29": {
            "bufferView": "bufferView_31",
            "byteOffset": 194628,
            "byteStride": 12,
            "count": 771,
            "max": [
                1,
                0.9992546439170837,
                0.9933488368988037
            ],
            "min": [
                0.0007453309954144061,
                0,
                0
            ],
            "type": 35665
        },
        "attrbute_3": {
            "bufferView": "bufferView_31",
            "byteOffset": 28392,
            "byteStride": 8,
            "count": 1183,
            "max": [
                2.0003483295440674,
                0.9957691431045532
            ],
            "min": [
                0.0026601552963256836,
                0.004273831844329834
            ],
            "type": 35664
        },
        "attrbute_4": {
            "bufferView": "bufferView_31",
            "byteOffset": 37856,
            "byteStride": 16,
            "count": 1183,
            "max": [
                41,
                41,
                41,
                -1
            ],
            "min": [
                0,
                -1,
                -1,
                -1
            ],
            "type": 35666
        },
        "attrbute_5": {
            "bufferView": "bufferView_31",
            "byteOffset": 56784,
            "byteStride": 12,
            "count": 1183,
            "max": [
                1,
                0.9997738599777222,
                0.9992340207099915
            ],
            "min": [
                0.00017542914429213852,
                0,
                0
            ],
            "type": 35665
        },
        "attrbute_7": {
            "bufferView": "bufferView_31",
            "byteOffset": 70980,
            "byteStride": 12,
            "count": 648,
            "max": [
                14.536184310913086,
                8.115485191345215,
                259.5087890625,
                0
            ],
            "min": [
                -14.53618335723877,
                -27.29945182800293,
                176.7947998046875,
                0
            ],
            "type": 35665
        },
        "attrbute_8": {
            "bufferView": "bufferView_31",
            "byteOffset": 78756,
            "byteStride": 12,
            "count": 648,
            "max": [
                0.9998050332069397,
                0.9998750686645508,
                0.9998055696487427,
                0
            ],
            "min": [
                -0.9998049736022949,
                -0.9999873042106628,
                -0.9866079092025757,
                0
            ],
            "type": 35665
        },
        "attrbute_9": {
            "bufferView": "bufferView_31",
            "byteOffset": 86532,
            "byteStride": 8,
            "count": 648,
            "max": [
                1.9952552318572998,
                0.992945671081543
            ],
            "min": [
                0.022665539756417274,
                0.0027984976768493652
            ],
            "type": 35664
        },
        "indices_12": {
            "bufferView": "bufferView_33",
            "byteOffset": 9576,
            "count": 3354,
            "type": 5123
        },
        "indices_18": {
            "bufferView": "bufferView_33",
            "byteOffset": 16284,
            "count": 1320,
            "type": 5123
        },
        "indices_24": {
            "bufferView": "bufferView_33",
            "byteOffset": 18924,
            "count": 1920,
            "type": 5123
        },
        "indices_30": {
            "bufferView": "bufferView_33",
            "byteOffset": 22764,
            "count": 3195,
            "type": 5123
        },
        "indices_6": {
            "bufferView": "bufferView_33",
            "byteOffset": 0,
            "count": 4788,
            "type": 5123
        }
    },
    "animations": {},
    "asset": {},
    "bufferViews": {
        "bufferView_31": {
            "buffer": "rubick.bin",
            "byteLength": 203880,
            "byteOffset": 0,
            "target": 34962
        },
        "bufferView_32": {
            "buffer": "rubick.bin",
            "byteLength": 6592,
            "byteOffset": 203880
        },
        "bufferView_33": {
            "buffer": "rubick.bin",
            "byteLength": 29154,
            "byteOffset": 210472,
            "target": 34963
        }
    },
    "buffers": {
        "rubick.bin": {
            "byteLength": 239626,
            "path": "rubick.bin"
        }
    },
    "cameras": {},
    "images": {
        "image_0": {
            "path": "textures/rubick_base_color.png"
        },
        "image_1": {
            "path": "textures/rubick_head_color.png"
        },
        "image_2": {
            "path": "textures/rubick_staff_color.png"
        },
        "image_3": {
            "path": "textures/rubick_shoulder_color.png"
        },
        "image_4": {
            "path": "textures/rubick_robe_color.png"
        }
    },
    "lights": {},
    "materials": {
        "Material #35": {
            "instanceTechnique": {
                "technique": "technique_0",
                "values": {
                    "ambient": [
                        0.5879999995231628,
                        0.5879999995231628,
                        0.5879999995231628
                    ],
                    "diffuse": "Map #10",
                    "emission": [
                        0,
                        0,
                        0
                    ],
                    "shininess": 2,
                    "specular": [
                        0.8999999761581421,
                        0.8999999761581421,
                        0.8999999761581421
                    ],
                    "transparency": 1
                }
            },
            "name": "Material #35"
        },
        "Material #46": {
            "instanceTechnique": {
                "technique": "technique_0",
                "values": {
                    "ambient": [
                        0.5879999995231628,
                        0.5879999995231628,
                        0.5879999995231628
                    ],
                    "diffuse": "Map #11",
                    "emission": [
                        0,
                        0,
                        0
                    ],
                    "shininess": 2,
                    "specular": [
                        0.8999999761581421,
                        0.8999999761581421,
                        0.8999999761581421
                    ],
                    "transparency": 1
                }
            },
            "name": "Material #46"
        },
        "Material #57": {
            "instanceTechnique": {
                "technique": "technique_0",
                "values": {
                    "ambient": [
                        0.5879999995231628,
                        0.5879999995231628,
                        0.5879999995231628
                    ],
                    "diffuse": "Map #12",
                    "emission": [
                        0,
                        0,
                        0
                    ],
                    "shininess": 2,
                    "specular": [
                        0.8999999761581421,
                        0.8999999761581421,
                        0.8999999761581421
                    ],
                    "transparency": 1
                }
            },
            "name": "Material #57"
        },
        "Material #69": {
            "instanceTechnique": {
                "technique": "technique_0",
                "values": {
                    "ambient": [
                        0.5879999995231628,
                        0.5879999995231628,
                        0.5879999995231628
                    ],
                    "diffuse": "Map #14",
                    "emission": [
                        0,
                        0,
                        0
                    ],
                    "shininess": 2,
                    "specular": [
                        0.8999999761581421,
                        0.8999999761581421,
                        0.8999999761581421
                    ],
                    "transparency": 1
                }
            },
            "name": "Material #69"
        },
        "Material #81": {
            "instanceTechnique": {
                "technique": "technique_0",
                "values": {
                    "ambient": [
                        0.5879999995231628,
                        0.5879999995231628,
                        0.5879999995231628
                    ],
                    "diffuse": "Map #9",
                    "emission": [
                        0,
                        0,
                        0
                    ],
                    "shininess": 2,
                    "specular": [
                        0.8999999761581421,
                        0.8999999761581421,
                        0.8999999761581421
                    ],
                    "transparency": 1
                }
            },
            "name": "Material #81"
        }
    },
    "meshes": {
        "cape_model_LOD0-mesh": {
            "name": "cape_model_LOD0-mesh",
            "primitives": [
                {
                    "attributes": {
                        "JOINT": "attrbute_28",
                        "NORMAL": "attrbute_26",
                        "POSITION": "attrbute_25",
                        "TEXCOORD_0": "attrbute_27",
                        "WEIGHT": "attrbute_29"
                    },
                    "indices": "indices_30",
                    "material": "Material #81"
                }
            ]
        },
        "rubick_head_model_LOD0-mesh": {
            "name": "rubick_head_model_LOD0-mesh",
            "primitives": [
                {
                    "attributes": {
                        "JOINT": "attrbute_10",
                        "NORMAL": "attrbute_8",
                        "POSITION": "attrbute_7",
                        "TEXCOORD_0": "attrbute_9",
                        "WEIGHT": "attrbute_11"
                    },
                    "indices": "indices_12",
                    "material": "Material #46"
                }
            ]
        },
        "rubick_model_LOD0-mesh": {
            "name": "rubick_model_LOD0-mesh",
            "primitives": [
                {
                    "attributes": {
                        "JOINT": "attrbute_4",
                        "NORMAL": "attrbute_2",
                        "POSITION": "attrbute_1",
                        "TEXCOORD_0": "attrbute_3",
                        "WEIGHT": "attrbute_5"
                    },
                    "indices": "indices_6",
                    "material": "Material #35"
                }
            ]
        },
        "rubick_staff_model_LOD0-mesh": {
            "name": "rubick_staff_model_LOD0-mesh",
            "primitives": [
                {
                    "attributes": {
                        "JOINT": "attrbute_16",
                        "NORMAL": "attrbute_14",
                        "POSITION": "attrbute_13",
                        "TEXCOORD_0": "attrbute_15",
                        "WEIGHT": "attrbute_17"
                    },
                    "indices": "indices_18",
                    "material": "Material #57"
                }
            ]
        },
        "shoulder_model_LOD0-mesh": {
            "name": "shoulder_model_LOD0-mesh",
            "primitives": [
                {
                    "attributes": {
                        "JOINT": "attrbute_22",
                        "NORMAL": "attrbute_20",
                        "POSITION": "attrbute_19",
                        "TEXCOORD_0": "attrbute_21",
                        "WEIGHT": "attrbute_23"
                    },
                    "indices": "indices_24",
                    "material": "Material #69"
                }
            ]
        }
    },
    "nodes": {
        "FrontCloth1_0": {
            "children": [],
            "jointId": "FrontCloth1_0",
            "matrix": [
                0.9999998807907102,
                -3.308722450212111e-24,
                4.768371582100639e-7,
                0,
                -2.9778502051908996e-23,
                1,
                5.551112672603218e-17,
                0,
                -4.768371582170028e-7,
                -5.551114089150017e-17,
                0.9999998807907103,
                0,
                10.341964721679688,
                -0.0000015734967746539046,
                -19.941152572631836,
                1
            ],
            "name": "FrontCloth1_0"
        },
        "Head_0": {
            "children": [
                "Head_1",
                "Head_1Base",
                "Head_1Base1",
                "Head_1Base2",
                "Head_1Base3",
                "Head_1Base4",
                "Head_1Base5",
                "Head_1Base6",
                "Head_1Base7",
                "Head_1Base8",
                "Head_1Base9",
                "Head_1Base10",
                "Head_1Base11",
                "Head_1Base12",
                "Head_1Base13",
                "Head_1Base14",
                "Head_1Base15",
                "Head_1Base16",
                "Head_1Base17",
                "Head_1Base18",
                "Head_1Base19",
                "Head_1Base20",
                "Head_1Base21",
                "Head_1Base22",
                "Head_1Base23",
                "Head_1Base24",
                "Head_1Base25",
                "Head_1Base26",
                "Head_1Base27"
            ],
            "jointId": "Head_0",
            "matrix": [
                0.9999556541442869,
                2.040714264239746e-10,
                0.00940833613276483,
                0,
                -2.0408050527333983e-10,
                1,
                3.0531132837013778e-15,
                0,
                -0.009408336132764816,
                -1.9231109696854567e-12,
                0.999955654144287,
                0,
                13.777862548828153,
                -3.78590812033508e-8,
                0.00000286102294921875,
                1
            ],
            "name": "Head_0"
        },
        "Head_1": {
            "children": [
                "PonyTail0_0"
            ],
            "jointId": "Head_1",
            "matrix": [
                0.04358407855033938,
                -1.0391254079422804e-7,
                -0.9990497231483462,
                0,
                2.265473694129082e-9,
                0.9999999999999997,
                -1.0391254789965481e-7,
                0,
                0.999049723148346,
                2.2656117831050533e-9,
                0.043584078550339134,
                0,
                26.469284057617216,
                0.0000011559077393030756,
                0.000002861022947442393,
                1
            ],
            "name": "Head_1"
        },
        "Head_1Base": {
            "children": [],
            "jointId": "Head_1Base",
            "matrix": [
                0.043583713471889766,
                -4.779937512466885e-7,
                -0.9990495443344117,
                0,
                1.0423890780567452e-8,
                0.9999999999999993,
                -4.779937512466343e-7,
                0,
                0.9990495443344121,
                1.0418759361166959e-8,
                0.04358371347188479,
                0,
                26.46929931640628,
                0.0000019073486328125,
                -0.0000152587890625,
                1
            ],
            "name": "Head_1Base"
        },
        "Head_1Base1": {
            "children": [],
            "jointId": "Head_1Base1",
            "matrix": [
                0.043583713471889766,
                -4.779937512466885e-7,
                -0.9990495443344117,
                0,
                1.0423890780567452e-8,
                0.9999999999999993,
                -4.779937512466343e-7,
                0,
                0.9990495443344121,
                1.0418759361166959e-8,
                0.04358371347188479,
                0,
                26.46929931640628,
                0.0000019073486328125,
                -0.0000152587890625,
                1
            ],
            "name": "Head_1Base1"
        },
        "Head_1Base10": {
            "children": [],
            "jointId": "Head_1Base10",
            "matrix": [
                0.043583713471889766,
                -4.779937512466885e-7,
                -0.9990495443344117,
                0,
                1.0423890780567452e-8,
                0.9999999999999993,
                -4.779937512466343e-7,
                0,
                0.9990495443344121,
                1.0418759361166959e-8,
                0.04358371347188479,
                0,
                26.46929931640628,
                0.0000019073486328125,
                -0.0000152587890625,
                1
            ],
            "name": "Head_1Base10"
        },
        "Head_1Base11": {
            "children": [],
            "jointId": "Head_1Base11",
            "matrix": [
                0.043583713471889766,
                -4.779937512466885e-7,
                -0.9990495443344117,
                0,
                1.0423890780567452e-8,
                0.9999999999999993,
                -4.779937512466343e-7,
                0,
                0.9990495443344121,
                1.0418759361166959e-8,
                0.04358371347188479,
                0,
                26.46929931640628,
                0.0000019073486328125,
                -0.0000152587890625,
                1
            ],
            "name": "Head_1Base11"
        },
        "Head_1Base12": {
            "children": [],
            "jointId": "Head_1Base12",
            "matrix": [
                0.043583713471889766,
                -4.779937512466885e-7,
                -0.9990495443344117,
                0,
                1.0423890780567452e-8,
                0.9999999999999993,
                -4.779937512466343e-7,
                0,
                0.9990495443344121,
                1.0418759361166959e-8,
                0.04358371347188479,
                0,
                26.46929931640628,
                0.0000019073486328125,
                -0.0000152587890625,
                1
            ],
            "name": "Head_1Base12"
        },
        "Head_1Base13": {
            "children": [],
            "jointId": "Head_1Base13",
            "matrix": [
                0.043583713471889766,
                -4.779937512466885e-7,
                -0.9990495443344117,
                0,
                1.0423890780567452e-8,
                0.9999999999999993,
                -4.779937512466343e-7,
                0,
                0.9990495443344121,
                1.0418759361166959e-8,
                0.04358371347188479,
                0,
                26.46929931640628,
                0.0000019073486328125,
                -0.0000152587890625,
                1
            ],
            "name": "Head_1Base13"
        },
        "Head_1Base14": {
            "children": [],
            "jointId": "Head_1Base14",
            "matrix": [
                0.043583713471889766,
                -4.779937512466885e-7,
                -0.9990495443344117,
                0,
                1.0423890780567452e-8,
                0.9999999999999993,
                -4.779937512466343e-7,
                0,
                0.9990495443344121,
                1.0418759361166959e-8,
                0.04358371347188479,
                0,
                26.46929931640628,
                0.0000019073486328125,
                -0.0000152587890625,
                1
            ],
            "name": "Head_1Base14"
        },
        "Head_1Base15": {
            "children": [],
            "jointId": "Head_1Base15",
            "matrix": [
                0.043583713471889766,
                -4.779937512466885e-7,
                -0.9990495443344117,
                0,
                1.0423890780567452e-8,
                0.9999999999999993,
                -4.779937512466343e-7,
                0,
                0.9990495443344121,
                1.0418759361166959e-8,
                0.04358371347188479,
                0,
                26.46929931640628,
                0.0000019073486328125,
                -0.0000152587890625,
                1
            ],
            "name": "Head_1Base15"
        },
        "Head_1Base16": {
            "children": [],
            "jointId": "Head_1Base16",
            "matrix": [
                0.043583713471889766,
                -4.779937512466885e-7,
                -0.9990495443344117,
                0,
                1.0423890780567452e-8,
                0.9999999999999993,
                -4.779937512466343e-7,
                0,
                0.9990495443344121,
                1.0418759361166959e-8,
                0.04358371347188479,
                0,
                26.46929931640628,
                0.0000019073486328125,
                -0.0000152587890625,
                1
            ],
            "name": "Head_1Base16"
        },
        "Head_1Base17": {
            "children": [],
            "jointId": "Head_1Base17",
            "matrix": [
                0.043583713471889766,
                -4.779937512466885e-7,
                -0.9990495443344117,
                0,
                1.0423890780567452e-8,
                0.9999999999999993,
                -4.779937512466343e-7,
                0,
                0.9990495443344121,
                1.0418759361166959e-8,
                0.04358371347188479,
                0,
                26.46929931640628,
                0.0000019073486328125,
                -0.0000152587890625,
                1
            ],
            "name": "Head_1Base17"
        },
        "Head_1Base18": {
            "children": [],
            "jointId": "Head_1Base18",
            "matrix": [
                0.043583713471889766,
                -4.779937512466885e-7,
                -0.9990495443344117,
                0,
                1.0423890780567452e-8,
                0.9999999999999993,
                -4.779937512466343e-7,
                0,
                0.9990495443344121,
                1.0418759361166959e-8,
                0.04358371347188479,
                0,
                26.46929931640628,
                0.0000019073486328125,
                -0.0000152587890625,
                1
            ],
            "name": "Head_1Base18"
        },
        "Head_1Base19": {
            "children": [],
            "jointId": "Head_1Base19",
            "matrix": [
                0.043583713471889766,
                -4.779937512466885e-7,
                -0.9990495443344117,
                0,
                1.0423890780567452e-8,
                0.9999999999999993,
                -4.779937512466343e-7,
                0,
                0.9990495443344121,
                1.0418759361166959e-8,
                0.04358371347188479,
                0,
                26.46929931640628,
                0.0000019073486328125,
                -0.0000152587890625,
                1
            ],
            "name": "Head_1Base19"
        },
        "Head_1Base2": {
            "children": [],
            "jointId": "Head_1Base2",
            "matrix": [
                0.043583713471889766,
                -4.779937512466885e-7,
                -0.9990495443344117,
                0,
                1.0423890780567452e-8,
                0.9999999999999993,
                -4.779937512466343e-7,
                0,
                0.9990495443344121,
                1.0418759361166959e-8,
                0.04358371347188479,
                0,
                26.46929931640628,
                0.0000019073486328125,
                -0.0000152587890625,
                1
            ],
            "name": "Head_1Base2"
        },
        "Head_1Base20": {
            "children": [],
            "jointId": "Head_1Base20",
            "matrix": [
                0.043583713471889766,
                -4.779937512466885e-7,
                -0.9990495443344117,
                0,
                1.0423890780567452e-8,
                0.9999999999999993,
                -4.779937512466343e-7,
                0,
                0.9990495443344121,
                1.0418759361166959e-8,
                0.04358371347188479,
                0,
                26.46929931640628,
                0.0000019073486328125,
                -0.0000152587890625,
                1
            ],
            "name": "Head_1Base20"
        },
        "Head_1Base21": {
            "children": [],
            "jointId": "Head_1Base21",
            "matrix": [
                0.043583713471889766,
                -4.779937512466885e-7,
                -0.9990495443344117,
                0,
                1.0423890780567452e-8,
                0.9999999999999993,
                -4.779937512466343e-7,
                0,
                0.9990495443344121,
                1.0418759361166959e-8,
                0.04358371347188479,
                0,
                26.46929931640628,
                0.0000019073486328125,
                -0.0000152587890625,
                1
            ],
            "name": "Head_1Base21"
        },
        "Head_1Base22": {
            "children": [],
            "jointId": "Head_1Base22",
            "matrix": [
                0.043583713471889766,
                -4.779937512466885e-7,
                -0.9990495443344117,
                0,
                1.0423890780567452e-8,
                0.9999999999999993,
                -4.779937512466343e-7,
                0,
                0.9990495443344121,
                1.0418759361166959e-8,
                0.04358371347188479,
                0,
                26.46929931640628,
                0.0000019073486328125,
                -0.0000152587890625,
                1
            ],
            "name": "Head_1Base22"
        },
        "Head_1Base23": {
            "children": [],
            "jointId": "Head_1Base23",
            "matrix": [
                0.043583713471889766,
                -4.779937512466885e-7,
                -0.9990495443344117,
                0,
                1.0423890780567452e-8,
                0.9999999999999993,
                -4.779937512466343e-7,
                0,
                0.9990495443344121,
                1.0418759361166959e-8,
                0.04358371347188479,
                0,
                26.46929931640628,
                0.0000019073486328125,
                -0.0000152587890625,
                1
            ],
            "name": "Head_1Base23"
        },
        "Head_1Base24": {
            "children": [],
            "jointId": "Head_1Base24",
            "matrix": [
                0.043583713471889766,
                -4.779937512466885e-7,
                -0.9990495443344117,
                0,
                1.0423890780567452e-8,
                0.9999999999999993,
                -4.779937512466343e-7,
                0,
                0.9990495443344121,
                1.0418759361166959e-8,
                0.04358371347188479,
                0,
                26.46929931640628,
                0.0000019073486328125,
                -0.0000152587890625,
                1
            ],
            "name": "Head_1Base24"
        },
        "Head_1Base25": {
            "children": [],
            "jointId": "Head_1Base25",
            "matrix": [
                0.043583713471889766,
                -4.779937512466885e-7,
                -0.9990495443344117,
                0,
                1.0423890780567452e-8,
                0.9999999999999993,
                -4.779937512466343e-7,
                0,
                0.9990495443344121,
                1.0418759361166959e-8,
                0.04358371347188479,
                0,
                26.46929931640628,
                0.0000019073486328125,
                -0.0000152587890625,
                1
            ],
            "name": "Head_1Base25"
        },
        "Head_1Base26": {
            "children": [],
            "jointId": "Head_1Base26",
            "matrix": [
                0.043583713471889766,
                -4.779937512466885e-7,
                -0.9990495443344117,
                0,
                1.0423890780567452e-8,
                0.9999999999999993,
                -4.779937512466343e-7,
                0,
                0.9990495443344121,
                1.0418759361166959e-8,
                0.04358371347188479,
                0,
                26.46929931640628,
                0.0000019073486328125,
                -0.0000152587890625,
                1
            ],
            "name": "Head_1Base26"
        },
        "Head_1Base27": {
            "children": [],
            "jointId": "Head_1Base27",
            "matrix": [
                0.043583713471889766,
                -4.779937512466885e-7,
                -0.9990495443344117,
                0,
                1.0423890780567452e-8,
                0.9999999999999993,
                -4.779937512466343e-7,
                0,
                0.9990495443344121,
                1.0418759361166959e-8,
                0.04358371347188479,
                0,
                26.46929931640628,
                0.0000019073486328125,
                -0.0000152587890625,
                1
            ],
            "name": "Head_1Base27"
        },
        "Head_1Base3": {
            "children": [],
            "jointId": "Head_1Base3",
            "matrix": [
                0.043583713471889766,
                -4.779937512466885e-7,
                -0.9990495443344117,
                0,
                1.0423890780567452e-8,
                0.9999999999999993,
                -4.779937512466343e-7,
                0,
                0.9990495443344121,
                1.0418759361166959e-8,
                0.04358371347188479,
                0,
                26.46929931640628,
                0.0000019073486328125,
                -0.0000152587890625,
                1
            ],
            "name": "Head_1Base3"
        },
        "Head_1Base4": {
            "children": [],
            "jointId": "Head_1Base4",
            "matrix": [
                0.043583713471889766,
                -4.779937512466885e-7,
                -0.9990495443344117,
                0,
                1.0423890780567452e-8,
                0.9999999999999993,
                -4.779937512466343e-7,
                0,
                0.9990495443344121,
                1.0418759361166959e-8,
                0.04358371347188479,
                0,
                26.46929931640628,
                0.0000019073486328125,
                -0.0000152587890625,
                1
            ],
            "name": "Head_1Base4"
        },
        "Head_1Base5": {
            "children": [],
            "jointId": "Head_1Base5",
            "matrix": [
                0.043583713471889766,
                -4.779937512466885e-7,
