{
    "animations": {},
    "asset": {},
    "attributes": {
        "attribute_1": {
            "bufferView": "bufferView_31",
            "byteOffset": 0,
            "byteStride": 12,
            "count": 866,
            "max": [
                1,
                1,
                1
            ],
            "min": [
                0,
                0,
                0
            ],
            "type": "FLOAT_VEC3"
        },
        "attribute_10": {
            "bufferView": "bufferView_31",
            "byteOffset": 70168,
            "byteStride": 16,
            "count": 569,
            "max": [
                1,
                1,
                1
            ],
            "min": [
                0,
                0,
                0
            ],
            "type": "FLOAT_VEC4"
        },
        "attribute_11": {
            "bufferView": "bufferView_31",
            "byteOffset": 79272,
            "byteStride": 12,
            "count": 569,
            "max": [
                1,
                1,
                1
            ],
            "min": [
                0,
                0,
                0
            ],
            "type": "FLOAT_VEC3"
        },
        "attribute_13": {
            "bufferView": "bufferView_31",
            "byteOffset": 86100,
            "byteStride": 12,
            "count": 232,
            "max": [
                1,
                1,
                1
            ],
            "min": [
                0,
                0,
                0
            ],
            "type": "FLOAT_VEC3"
        },
        "attribute_14": {
            "bufferView": "bufferView_31",
            "byteOffset": 88884,
            "byteStride": 12,
            "count": 232,
            "max": [
                1,
                1,
                1
            ],
            "min": [
                0,
                0,
                0
            ],
            "type": "FLOAT_VEC3"
        },
        "attribute_15": {
            "bufferView": "bufferView_31",
            "byteOffset": 91668,
            "byteStride": 8,
            "count": 232,
            "max": [
                1,
                1,
                1
            ],
            "min": [
                0,
                0,
                0
            ],
            "type": "FLOAT_VEC2"
        },
        "attribute_16": {
            "bufferView": "bufferView_31",
            "byteOffset": 93524,
            "byteStride": 16,
            "count": 232,
            "max": [
                1,
                1,
                1
            ],
            "min": [
                0,
                0,
                0
            ],
            "type": "FLOAT_VEC4"
        },
        "attribute_17": {
            "bufferView": "bufferView_31",
            "byteOffset": 97236,
            "byteStride": 12,
            "count": 232,
            "max": [
                1,
                1,
                1
            ],
            "min": [
                0,
                0,
                0
            ],
            "type": "FLOAT_VEC3"
        },
        "attribute_19": {
            "bufferView": "bufferView_31",
            "byteOffset": 100020,
            "byteStride": 12,
            "count": 441,
            "max": [
                1,
                1,
                1
            ],
            "min": [
                0,
                0,
                0
            ],
            "type": "FLOAT_VEC3"
        },
        "attribute_2": {
            "bufferView": "bufferView_31",
            "byteOffset": 10392,
            "byteStride": 12,
            "count": 866,
            "max": [
                1,
                1,
                1
            ],
            "min": [
                0,
                0,
                0
            ],
            "type": "FLOAT_VEC3"
        },
        "attribute_20": {
            "bufferView": "bufferView_31",
            "byteOffset": 105312,
            "byteStride": 12,
            "count": 441,
            "max": [
                1,
                1,
                1
            ],
            "min": [
                0,
                0,
                0
            ],
            "type": "FLOAT_VEC3"
        },
        "attribute_21": {
            "bufferView": "bufferView_31",
            "byteOffset": 110604,
            "byteStride": 8,
            "count": 441,
            "max": [
                1,
                1,
                1
            ],
            "min": [
                0,
                0,
                0
            ],
            "type": "FLOAT_VEC2"
        },
        "attribute_22": {
            "bufferView": "bufferView_31",
            "byteOffset": 114132,
            "byteStride": 16,
            "count": 441,
            "max": [
                1,
                1,
                1
            ],
            "min": [
                0,
                0,
                0
            ],
            "type": "FLOAT_VEC4"
        },
        "attribute_23": {
            "bufferView": "bufferView_31",
            "byteOffset": 121188,
            "byteStride": 12,
            "count": 441,
            "max": [
                1,
                1,
                1
            ],
            "min": [
                0,
                0,
                0
            ],
            "type": "FLOAT_VEC3"
        },
        "attribute_25": {
            "bufferView": "bufferView_31",
            "byteOffset": 126480,
            "byteStride": 12,
            "count": 730,
            "max": [
                1,
                1,
                1
            ],
            "min": [
                0,
                0,
                0
            ],
            "type": "FLOAT_VEC3"
        },
        "attribute_26": {
            "bufferView": "bufferView_31",
            "byteOffset": 135240,
            "byteStride": 12,
            "count": 730,
            "max": [
                1,
                1,
                1
            ],
            "min": [
                0,
                0,
                0
            ],
            "type": "FLOAT_VEC3"
        },
        "attribute_27": {
            "bufferView": "bufferView_31",
            "byteOffset": 144000,
            "byteStride": 8,
            "count": 730,
            "max": [
                1,
                1,
                1
            ],
            "min": [
                0,
                0,
                0
            ],
            "type": "FLOAT_VEC2"
        },
        "attribute_28": {
            "bufferView": "bufferView_31",
            "byteOffset": 149840,
            "byteStride": 16,
            "count": 730,
            "max": [
                1,
                1,
                1
            ],
            "min": [
                0,
                0,
                0
            ],
            "type": "FLOAT_VEC4"
        },
        "attribute_29": {
            "bufferView": "bufferView_31",
            "byteOffset": 161520,
            "byteStride": 12,
            "count": 730,
            "max": [
                1,
                1,
                1
            ],
            "min": [
                0,
                0,
                0
            ],
            "type": "FLOAT_VEC3"
        },
        "attribute_3": {
            "bufferView": "bufferView_31",
            "byteOffset": 20784,
            "byteStride": 8,
            "count": 866,
            "max": [
                1,
                1,
                1
            ],
            "min": [
                0,
                0,
                0
            ],
            "type": "FLOAT_VEC2"
        },
        "attribute_4": {
            "bufferView": "bufferView_31",
            "byteOffset": 27712,
            "byteStride": 16,
            "count": 866,
            "max": [
                1,
                1,
                1
            ],
            "min": [
                0,
                0,
                0
            ],
            "type": "FLOAT_VEC4"
        },
        "attribute_5": {
            "bufferView": "bufferView_31",
            "byteOffset": 41568,
            "byteStride": 12,
            "count": 866,
            "max": [
                1,
                1,
                1
            ],
            "min": [
                0,
                0,
                0
            ],
            "type": "FLOAT_VEC3"
        },
        "attribute_7": {
            "bufferView": "bufferView_31",
            "byteOffset": 51960,
            "byteStride": 12,
            "count": 569,
            "max": [
                1,
                1,
                1
            ],
            "min": [
                0,
                0,
                0
            ],
            "type": "FLOAT_VEC3"
        },
        "attribute_8": {
            "bufferView": "bufferView_31",
            "byteOffset": 58788,
            "byteStride": 12,
            "count": 569,
            "max": [
                1,
                1,
                1
            ],
            "min": [
                0,
                0,
                0
            ],
            "type": "FLOAT_VEC3"
        },
        "attribute_9": {
            "bufferView": "bufferView_31",
            "byteOffset": 65616,
            "byteStride": 8,
            "count": 569,
            "max": [
                1,
                1,
                1
            ],
            "min": [
                0,
                0,
                0
            ],
            "type": "FLOAT_VEC2"
        }
    },
    "bufferViews": {
        "bufferView_31": {
            "buffer": "rubick.bin",
            "byteLength": 170280,
            "byteOffset": 0,
            "target": "ARRAY_BUFFER"
        },
        "bufferView_32": {
            "buffer": "rubick.bin",
            "byteLength": 29154,
            "byteOffset": 170280,
            "target": "ELEMENT_ARRAY_BUFFER"
        }
    },
    "buffers": {
        "rubick.bin": {
            "byteLength": 199434,
            "path": "rubick.bin"
        }
    },
    "cameras": {},
    "images": {
        "image_0": {
            "path": "textures/rubick_base_color.png"
        },
        "image_1": {
            "path": "textures/rubick_head_color.png"
        },
        "image_2": {
            "path": "textures/rubick_staff_color.png"
        },
        "image_3": {
            "path": "textures/rubick_shoulder_color.png"
        },
        "image_4": {
            "path": "textures/rubick_robe_color.png"
        }
    },
    "indices": {
        "indices_12": {
            "bufferView": "bufferView_32",
            "byteOffset": 9576,
            "count": 3354,
            "type": "UNSIGNED_SHORT"
        },
        "indices_18": {
            "bufferView": "bufferView_32",
            "byteOffset": 16284,
            "count": 1320,
            "type": "UNSIGNED_SHORT"
        },
        "indices_24": {
            "bufferView": "bufferView_32",
            "byteOffset": 18924,
            "count": 1920,
            "type": "UNSIGNED_SHORT"
        },
        "indices_30": {
            "bufferView": "bufferView_32",
            "byteOffset": 22764,
            "count": 3195,
            "type": "UNSIGNED_SHORT"
        },
        "indices_6": {
            "bufferView": "bufferView_32",
            "byteOffset": 0,
            "count": 4788,
            "type": "UNSIGNED_SHORT"
        }
    },
    "lights": {},
    "materials": {
        "Material #35": {
            "instanceTechnique": {
                "technique": "technique_0",
                "values": [
                    {
                        "parameter": "ambient",
                        "value": [
                            0.5879999995231628,
                            0.5879999995231628,
                            0.5879999995231628
                        ]
                    },
                    {
                        "parameter": "emission",
                        "value": [
                            0,
                            0,
                            0
                        ]
                    },
                    {
                        "parameter": "diffuse",
                        "value": "Map #10"
                    },
                    {
                        "parameter": "shininess",
                        "value": 2
                    },
                    {
                        "parameter": "specular",
                        "value": [
                            0.8999999761581421,
                            0.8999999761581421,
                            0.8999999761581421
                        ]
                    }
                ]
            },
            "name": "Material #35"
        },
        "Material #46": {
            "instanceTechnique": {
                "technique": "technique_0",
                "values": [
                    {
                        "parameter": "ambient",
                        "value": [
                            0.5879999995231628,
                            0.5879999995231628,
                            0.5879999995231628
                        ]
                    },
                    {
                        "parameter": "emission",
                        "value": [
                            0,
                            0,
                            0
                        ]
                    },
                    {
                        "parameter": "diffuse",
                        "value": "Map #11"
                    },
                    {
                        "parameter": "shininess",
                        "value": 2
                    },
                    {
                        "parameter": "specular",
                        "value": [
                            0.8999999761581421,
                            0.8999999761581421,
                            0.8999999761581421
                        ]
                    }
                ]
            },
            "name": "Material #46"
        },
        "Material #57": {
            "instanceTechnique": {
                "technique": "technique_0",
                "values": [
                    {
                        "parameter": "ambient",
                        "value": [
                            0.5879999995231628,
                            0.5879999995231628,
                            0.5879999995231628
                        ]
                    },
                    {
                        "parameter": "emission",
                        "value": [
                            0,
                            0,
                            0
                        ]
                    },
                    {
                        "parameter": "diffuse",
                        "value": "Map #12"
                    },
                    {
                        "parameter": "shininess",
                        "value": 2
                    },
                    {
                        "parameter": "specular",
                        "value": [
                            0.8999999761581421,
                            0.8999999761581421,
                            0.8999999761581421
                        ]
                    }
                ]
            },
            "name": "Material #57"
        },
        "Material #69": {
            "instanceTechnique": {
                "technique": "technique_0",
                "values": [
                    {
                        "parameter": "ambient",
                        "value": [
                            0.5879999995231628,
                            0.5879999995231628,
                            0.5879999995231628
                        ]
                    },
                    {
                        "parameter": "emission",
                        "value": [
                            0,
                            0,
                            0
                        ]
                    },
                    {
                        "parameter": "diffuse",
                        "value": "Map #14"
                    },
                    {
                        "parameter": "shininess",
                        "value": 2
                    },
                    {
                        "parameter": "specular",
                        "value": [
                            0.8999999761581421,
                            0.8999999761581421,
                            0.8999999761581421
                        ]
                    }
                ]
            },
            "name": "Material #69"
        },
        "Material #81": {
            "instanceTechnique": {
                "technique": "technique_0",
                "values": [
                    {
                        "parameter": "ambient",
                        "value": [
                            0.5879999995231628,
                            0.5879999995231628,
                            0.5879999995231628
                        ]
                    },
                    {
                        "parameter": "emission",
                        "value": [
                            0,
                            0,
                            0
                        ]
                    },
                    {
                        "parameter": "diffuse",
                        "value": "Map #9"
                    },
                    {
                        "parameter": "shininess",
                        "value": 2
                    },
                    {
                        "parameter": "specular",
                        "value": [
                            0.8999999761581421,
                            0.8999999761581421,
                            0.8999999761581421
                        ]
                    }
                ]
            },
            "name": "Material #81"
        }
    },
    "meshes": {
        "cape_model_LOD0-mesh": {
            "name": "cape_model_LOD0-mesh",
            "primitives": [
                {
                    "indices": "indices_30",
                    "material": "Material #81",
                    "semantics": {
                        "JOINT": "attribute_28",
                        "NORMAL": "attribute_26",
                        "POSITION": "attribute_25",
                        "TEXCOORD_0": "attribute_27",
                        "WEIGHT": "attribute_29"
                    },
                    "skin": "skin_4"
                }
            ]
        },
        "rubick_head_model_LOD0-mesh": {
            "name": "rubick_head_model_LOD0-mesh",
            "primitives": [
                {
                    "indices": "indices_12",
                    "material": "Material #46",
                    "semantics": {
                        "JOINT": "attribute_10",
                        "NORMAL": "attribute_8",
                        "POSITION": "attribute_7",
                        "TEXCOORD_0": "attribute_9",
                        "WEIGHT": "attribute_11"
                    },
                    "skin": "skin_1"
                }
            ]
        },
        "rubick_model_LOD0-mesh": {
            "name": "rubick_model_LOD0-mesh",
            "primitives": [
                {
                    "indices": "indices_6",
                    "material": "Material #35",
                    "semantics": {
                        "JOINT": "attribute_4",
                        "NORMAL": "attribute_2",
                        "POSITION": "attribute_1",
                        "TEXCOORD_0": "attribute_3",
                        "WEIGHT": "attribute_5"
                    },
                    "skin": "skin_0"
                }
            ]
        },
        "rubick_staff_model_LOD0-mesh": {
            "name": "rubick_staff_model_LOD0-mesh",
            "primitives": [
                {
                    "indices": "indices_18",
                    "material": "Material #57",
                    "semantics": {
                        "JOINT": "attribute_16",
                        "NORMAL": "attribute_14",
                        "POSITION": "attribute_13",
                        "TEXCOORD_0": "attribute_15",
                        "WEIGHT": "attribute_17"
                    },
                    "skin": "skin_2"
                }
            ]
        },
        "shoulder_model_LOD0-mesh": {
            "name": "shoulder_model_LOD0-mesh",
            "primitives": [
                {
                    "indices": "indices_24",
                    "material": "Material #69",
                    "semantics": {
                        "JOINT": "attribute_22",
                        "NORMAL": "attribute_20",
                        "POSITION": "attribute_19",
                        "TEXCOORD_0": "attribute_21",
                        "WEIGHT": "attribute_23"
                    },
                    "skin": "skin_3"
                }
            ]
        }
    },
    "nodes": {
        "FrontCloth1_0": {
            "children": [],
            "matrix": [
                0.9999998807907104,
                -1.6543612251060553e-24,
                4.76837158203125e-7,
                0,
                -2.6469779601696886e-23,
                1,
                5.551112672603218e-17,
                0,
                -4.768371582100639e-7,
                -5.551111431832299e-17,
                0.9999998807907106,
                0,
                10.341964721679688,
                -0.0000015734967746539041,
                -19.941152572631836,
                1
            ],
            "name": "FrontCloth1_0"
        },
        "Head_0": {
            "children": [
                "Head_1",
                "Head_1Base",
                "Head_1Base1",
                "Head_1Base2",
                "Head_1Base3",
                "Head_1Base4",
                "Head_1Base5",
                "Head_1Base6",
                "Head_1Base7",
                "Head_1Base8",
                "Head_1Base9",
                "Head_1Base10",
                "Head_1Base11",
                "Head_1Base12",
                "Head_1Base13",
                "Head_1Base14",
                "Head_1Base15",
                "Head_1Base16",
                "Head_1Base17",
                "Head_1Base18",
                "Head_1Base19",
                "Head_1Base20",
                "Head_1Base21",
                "Head_1Base22",
                "Head_1Base23",
                "Head_1Base24",
                "Head_1Base25",
                "Head_1Base26",
                "Head_1Base27"
            ],
            "matrix": [
                0.9999556541442871,
                2.0407142642397627e-10,
                0.009408336132764816,
                0,
                -2.0408050527333817e-10,
                1,
                3.0531132969362676e-15,
                0,
                -0.009408336132764816,
                -1.923110969672325e-12,
                0.9999556541442872,
                0,
                13.777862548828153,
                -3.78590812033508e-8,
                0.000002861022950995107,
                1
            ],
            "name": "Head_0"
        },
        "Head_1": {
            "children": [
                "PonyTail0_0"
            ],
            "matrix": [
                0.043584078550339383,
                -1.0391254079422802e-7,
                -0.9990497231483462,
                0,
                2.265473694129082e-9,
                0.9999999999999997,
                -1.039125478996548e-7,
                0,
                0.999049723148346,
                2.2656117831050533e-9,
                0.04358407855033913,
                0,
                26.469284057617216,
                0.0000011559077393030756,
                0.000002861022950995107,
                1
            ],
            "name": "Head_1"
        },
        "Head_1Base": {
            "children": [],
            "matrix": [
                0.043583713471889766,
                -4.779937512466886e-7,
                -0.9990495443344117,
                0,
                1.0423890780567456e-8,
                0.9999999999999993,
                -4.779937512466343e-7,
                0,
                0.9990495443344121,
                1.0418759361166959e-8,
                0.04358371347188479,
                0,
                26.46929931640628,
                0.0000019073486328125,
                -0.0000152587890625,
                1
            ],
            "name": "Head_1Base"
        },
        "Head_1Base1": {
            "children": [],
            "matrix": [
                0.043583713471889766,
                -4.779937512466886e-7,
                -0.9990495443344117,
                0,
                1.0423890780567456e-8,
                0.9999999999999993,
                -4.779937512466343e-7,
                0,
                0.9990495443344121,
                1.0418759361166959e-8,
                0.04358371347188479,
                0,
                26.46929931640628,
                0.0000019073486328125,
                -0.0000152587890625,
                1
            ],
            "name": "Head_1Base1"
        },
        "Head_1Base10": {
            "children": [],
            "matrix": [
                0.043583713471889766,
                -4.779937512466886e-7,
                -0.9990495443344117,
                0,
                1.0423890780567456e-8,
                0.9999999999999993,
                -4.779937512466343e-7,
                0,
                0.9990495443344121,
                1.0418759361166959e-8,
                0.04358371347188479,
                0,
                26.46929931640628,
                0.0000019073486328125,
                -0.0000152587890625,
                1
            ],
            "name": "Head_1Base10"
        },
        "Head_1Base11": {
            "children": [],
            "matrix": [
                0.043583713471889766,
                -4.779937512466886e-7,
                -0.9990495443344117,
                0,
                1.0423890780567456e-8,
                0.9999999999999993,
                -4.779937512466343e-7,
                0,
                0.9990495443344121,
                1.0418759361166959e-8,
                0.04358371347188479,
                0,
                26.46929931640628,
                0.0000019073486328125,
                -0.0000152587890625,
                1
            ],
            "name": "Head_1Base11"
        },
        "Head_1Base12": {
            "children": [],
            "matrix": [
                0.043583713471889766,
                -4.779937512466886e-7,
                -0.9990495443344117,
                0,
                1.0423890780567456e-8,
                0.9999999999999993,
                -4.779937512466343e-7,
                0,
                0.9990495443344121,
                1.0418759361166959e-8,
                0.04358371347188479,
                0,
                26.46929931640628,
                0.0000019073486328125,
                -0.0000152587890625,
                1
            ],
            "name": "Head_1Base12"
        },
        "Head_1Base13": {
            "children": [],
            "matrix": [
                0.043583713471889766,
                -4.779937512466886e-7,
                -0.9990495443344117,
                0,
                1.0423890780567456e-8,
                0.9999999999999993,
                -4.779937512466343e-7,
                0,
                0.9990495443344121,
                1.0418759361166959e-8,
                0.04358371347188479,
                0,
                26.46929931640628,
                0.0000019073486328125,
                -0.0000152587890625,
                1
            ],
            "name": "Head_1Base13"
        },
        "Head_1Base14": {
            "children": [],
            "matrix": [
                0.043583713471889766,
                -4.779937512466886e-7,
                -0.9990495443344117,
                0,
                1.0423890780567456e-8,
                0.9999999999999993,
                -4.779937512466343e-7,
                0,
                0.9990495443344121,
                1.0418759361166959e-8,
                0.04358371347188479,
                0,
                26.46929931640628,
                0.0000019073486328125,
                -0.0000152587890625,
                1
            ],
            "name": "Head_1Base14"
        },
        "Head_1Base15": {
            "children": [],
            "matrix": [
                0.043583713471889766,
                -4.779937512466886e-7,
                -0.9990495443344117,
                0,
                1.0423890780567456e-8,
                0.9999999999999993,
                -4.779937512466343e-7,
                0,
                0.9990495443344121,
                1.0418759361166959e-8,
                0.04358371347188479,
                0,
                26.46929931640628,
                0.0000019073486328125,
                -0.0000152587890625,
                1
            ],
            "name": "Head_1Base15"
        },
        "Head_1Base16": {
            "children": [],
            "matrix": [
                0.043583713471889766,
                -4.779937512466886e-7,
                -0.9990495443344117,
                0,
                1.0423890780567456e-8,
                0.9999999999999993,
                -4.779937512466343e-7,
                0,
                0.9990495443344121,
                1.0418759361166959e-8,
                0.04358371347188479,
                0,
                26.46929931640628,
                0.0000019073486328125,
                -0.0000152587890625,
                1
            ],
            "name": "Head_1Base16"
        },
        "Head_1Base17": {
            "children": [],
            "matrix": [
                0.043583713471889766,
                -4.779937512466886e-7,
                -0.9990495443344117,
                0,
                1.0423890780567456e-8,
                0.9999999999999993,
                -4.779937512466343e-7,
                0,
                0.9990495443344121,
                1.0418759361166959e-8,
                0.04358371347188479,
                0,
                26.46929931640628,
                0.0000019073486328125,
                -0.0000152587890625,
                1
            ],
            "name": "Head_1Base17"
        },
        "Head_1Base18": {
            "children": [],
            "matrix": [
                0.043583713471889766,
                -4.779937512466886e-7,
                -0.9990495443344117,
                0,
                1.0423890780567456e-8,
                0.9999999999999993,
                -4.779937512466343e-7,
                0,
                0.9990495443344121,
                1.0418759361166959e-8,
                0.04358371347188479,
                0,
                26.46929931640628,
                0.0000019073486328125,
                -0.0000152587890625,
                1
            ],
            "name": "Head_1Base18"
        },
        "Head_1Base19": {
            "children": [],
            "matrix": [
                0.043583713471889766,
                -4.779937512466886e-7,
                -0.9990495443344117,
                0,
                1.0423890780567456e-8,
                0.9999999999999993,
                -4.779937512466343e-7,
                0,
                0.9990495443344121,
                1.0418759361166959e-8,
                0.04358371347188479,
                0,
                26.46929931640628,
                0.0000019073486328125,
                -0.0000152587890625,
                1
            ],
            "name": "Head_1Base19"
        },
        "Head_1Base2": {
            "children": [],
            "matrix": [
                0.043583713471889766,
                -4.779937512466886e-7,
                -0.9990495443344117,
                0,
                1.0423890780567456e-8,
                0.9999999999999993,
                -4.779937512466343e-7,
                0,
                0.9990495443344121,
                1.0418759361166959e-8,
                0.04358371347188479,
                0,
                26.46929931640628,
                0.0000019073486328125,
                -0.0000152587890625,
                1
            ],
            "name": "Head_1Base2"
        },
        "Head_1Base20": {
            "children": [],
            "matrix": [
                0.043583713471889766,
                -4.779937512466886e-7,
                -0.9990495443344117,
                0,
                1.0423890780567456e-8,
                0.9999999999999993,
                -4.779937512466343e-7,
                0,
                0.9990495443344121,
                1.0418759361166959e-8,
                0.04358371347188479,
                0,
                26.46929931640628,
                0.0000019073486328125,
                -0.0000152587890625,
                1
            ],
            "name": "Head_1Base20"
        },
        "Head_1Base21": {
            "children": [],
            "matrix": [
                0.043583713471889766,
                -4.779937512466886e-7,
                -0.9990495443344117,
                0,
                1.0423890780567456e-8,
                0.9999999999999993,
                -4.779937512466343e-7,
                0,
                0.9990495443344121,
                1.0418759361166959e-8,
                0.04358371347188479,
                0,
                26.46929931640628,
                0.0000019073486328125,
                -0.0000152587890625,
                1
            ],
            "name": "Head_1Base21"
        },
        "Head_1Base22": {
            "children": [],
            "matrix": [
                0.043583713471889766,
                -4.779937512466886e-7,
                -0.9990495443344117,
                0,
                1.0423890780567456e-8,
                0.9999999999999993,
                -4.779937512466343e-7,
                0,
                0.9990495443344121,
                1.0418759361166959e-8,
                0.04358371347188479,
                0,
                26.46929931640628,
                0.0000019073486328125,
                -0.0000152587890625,
                1
            ],
            "name": "Head_1Base22"
        },
        "Head_1Base23": {
            "children": [],
            "matrix": [
                0.043583713471889766,
                -4.779937512466886e-7,
                -0.9990495443344117,
                0,
                1.0423890780567456e-8,
                0.9999999999999993,
                -4.779937512466343e-7,
                0,
                0.9990495443344121,
                1.0418759361166959e-8,
                0.04358371347188479,
                0,
                26.46929931640628,
                0.0000019073486328125,
                -0.0000152587890625,
                1
            ],
            "name": "Head_1Base23"
        },
        "Head_1Base24": {
            "children": [],
            "matrix": [
                0.043583713471889766,
                -4.779937512466886e-7,
                -0.9990495443344117,
                0,
                1.0423890780567456e-8,
                0.9999999999999993,
                -4.779937512466343e-7,
                0,
                0.9990495443344121,
                1.0418759361166959e-8,
                0.04358371347188479,
                0,
                26.46929931640628,
                0.0000019073486328125,
                -0.0000152587890625,
                1
            ],
            "name": "Head_1Base24"
        },
        "Head_1Base25": {
            "children": [],
            "matrix": [
                0.043583713471889766,
                -4.779937512466886e-7,
                -0.9990495443344117,
                0,
                1.0423890780567456e-8,
                0.9999999999999993,
                -4.779937512466343e-7,
                0,
                0.9990495443344121,
                1.0418759361166959e-8,
                0.04358371347188479,
                0,
                26.46929931640628,
                0.0000019073486328125,
                -0.0000152587890625,
                1
            ],
            "name": "Head_1Base25"
        },
        "Head_1Base26": {
            "children": [],
            "matrix": [
                0.043583713471889766,
                -4.779937512466886e-7,
                -0.9990495443344117,
                0,
                1.0423890780567456e-8,
                0.9999999999999993,
                -4.779937512466343e-7,
                0,
                0.9990495443344121,
                1.0418759361166959e-8,
                0.04358371347188479,
                0,
                26.46929931640628,
                0.0000019073486328125,
                -0.0000152587890625,
                1
            ],
            "name": "Head_1Base26"
        },
        "Head_1Base27": {
            "children": [],
            "matrix": [
                0.043583713471889766,
                -4.779937512466886e-7,
                -0.9990495443344117,
                0,
                1.0423890780567456e-8,
                0.9999999999999993,
                -4.779937512466343e-7,
                0,
                0.9990495443344121,
                1.0418759361166959e-8,
                0.04358371347188479,
                0,
                26.46929931640628,
                0.0000019073486328125,
                -0.0000152587890625,
                1
            ],
            "name": "Head_1Base27"
        },
        "Head_1Base3": {
            "children": [],
            "matrix": [
                0.043583713471889766,
                -4.779937512466886e-7,
                -0.9990495443344117,
                0,
                1.0423890780567456e-8,
                0.9999999999999993,
                -4.779937512466343e-7,
                0,
                0.9990495443344121,
                1.0418759361166959e-8,
                0.04358371347188479,
                0,
                26.46929931640628,
                0.0000019073486328125,
                -0.0000152587890625,
                1
            ],
            "name": "Head_1Base3"
        },
        "Head_1Base4": {
            "children": [],
            "matrix": [
                0.043583713471889766,
                -4.779937512466886e-7,
                -0.9990495443344117,
                0,
                1.0423890780567456e-8,
                0.9999999999999993,
                -4.779937512466343e-7,
                0,
                0.9990495443344121,
                1.0418759361166959e-8,
                0.04358371347188479,
                0,
                26.46929931640628,
                0.0000019073486328125,
                -0.0000152587890625,
                1
            ],
            "name": "Head_1Base4"
        },
        "Head_1Base5": {
            "children": [],
            "matrix": [
                0.043583713471889766,
                -4.779937512466886e-7,
                -0.9990495443344117,
                0,
                1.0423890780567456e-8,
                0.9999999999999993,
                -4.779937512466343e-7,
                0,
                0.9990495443344121,
                1.0418759361166959e-8,
