{
    "accessors": {
        "attrbute_1": {
            "bufferView": "bufferView_37",
            "byteOffset": 0,
            "byteStride": 12,
            "count": 2564,
            "max": [
                83.9515151977539,
                46.297000885009766,
                164.09799194335938,
                0
            ],
            "min": [
                -83.95149993896484,
                -29.999608993530273,
                -1.8437572717666626,
                0
            ],
            "type": 35665
        },
        "attrbute_10": {
            "bufferView": "bufferView_37",
            "byteOffset": 160432,
            "byteStride": 16,
            "count": 206,
            "max": [
                4,
                8,
                8,
                -1
            ],
            "min": [
                0,
                -1,
                -1,
                -1
            ],
            "type": 35666
        },
        "attrbute_11": {
            "bufferView": "bufferView_37",
            "byteOffset": 163728,
            "byteStride": 12,
            "count": 206,
            "max": [
                1,
                0.9474111199378967,
                0.3367481231689453
            ],
            "min": [
                0.052588898688554764,
                0,
                0
            ],
            "type": 35665
        },
        "attrbute_13": {
            "bufferView": "bufferView_37",
            "byteOffset": 166200,
            "byteStride": 12,
            "count": 98,
            "max": [
                38.86848449707031,
                75.48474884033203,
                8.484604835510254,
                0
            ],
            "min": [
                -20.47551727294922,
                -23.718074798583984,
                -8.484576225280762,
                0
            ],
            "type": 35665
        },
        "attrbute_14": {
            "bufferView": "bufferView_37",
            "byteOffset": 167376,
            "byteStride": 12,
            "count": 98,
            "max": [
                0.9944183230400085,
                0.9999029040336609,
                0.998157262802124,
                0
            ],
            "min": [
                -0.9824734926223755,
                -0.9967827200889587,
                -0.9981571435928345,
                0
            ],
            "type": 35665
        },
        "attrbute_15": {
            "bufferView": "bufferView_37",
            "byteOffset": 168552,
            "byteStride": 8,
            "count": 98,
            "max": [
                0.9976879954338074,
                0.9970629811286926
            ],
            "min": [
                0.01231169980019331,
                0.012937307357788086
            ],
            "type": 35664
        },
        "attrbute_16": {
            "bufferView": "bufferView_37",
            "byteOffset": 169336,
            "byteStride": 16,
            "count": 98,
            "max": [
                0,
                -1,
                -1,
                -1
            ],
            "min": [
                0,
                -1,
                -1,
                -1
            ],
            "type": 35666
        },
        "attrbute_17": {
            "bufferView": "bufferView_37",
            "byteOffset": 170904,
            "byteStride": 12,
            "count": 98,
            "max": [
                1,
                0,
                0
            ],
            "min": [
                1,
                0,
                0
            ],
            "type": 35665
        },
        "attrbute_19": {
            "bufferView": "bufferView_37",
            "byteOffset": 172080,
            "byteStride": 12,
            "count": 756,
            "max": [
                15.759005546569824,
                100.44896697998047,
                179.9479522705078,
                0
            ],
            "min": [
                -15.758994102478027,
                -40.62831115722656,
                133.13694763183594,
                0
            ],
            "type": 35665
        },
        "attrbute_2": {
            "bufferView": "bufferView_37",
            "byteOffset": 30768,
            "byteStride": 12,
            "count": 2564,
            "max": [
                0.9988821744918823,
                0.9979013204574585,
                0.9999057650566101,
                0
            ],
            "min": [
                -0.9989815354347229,
                -0.9998688101768494,
                -0.9996543526649475,
                0
            ],
            "type": 35665
        },
        "attrbute_20": {
            "bufferView": "bufferView_37",
            "byteOffset": 181152,
            "byteStride": 12,
            "count": 756,
            "max": [
                0.9998222589492798,
                0.949566125869751,
                0.997849702835083,
                0
            ],
            "min": [
                -0.9999037981033325,
                -0.9999637603759766,
                -0.9996688365936279,
                0
            ],
            "type": 35665
        },
        "attrbute_21": {
            "bufferView": "bufferView_37",
            "byteOffset": 190224,
            "byteStride": 8,
            "count": 756,
            "max": [
                0.9947819709777832,
                0.9955180287361145
            ],
            "min": [
                0.006946600042283535,
                0.00448155403137207
            ],
            "type": 35664
        },
        "attrbute_22": {
            "bufferView": "bufferView_37",
            "byteOffset": 196272,
            "byteStride": 16,
            "count": 756,
            "max": [
                5,
                6,
                9,
                -1
            ],
            "min": [
                0,
                -1,
                -1,
                -1
            ],
            "type": 35666
        },
        "attrbute_23": {
            "bufferView": "bufferView_37",
            "byteOffset": 208368,
            "byteStride": 12,
            "count": 756,
            "max": [
                1,
                0.9993947148323059,
                0.9552819132804871
            ],
            "min": [
                0.00014424145047087222,
                0,
                0
            ],
            "type": 35665
        },
        "attrbute_25": {
            "bufferView": "bufferView_37",
            "byteOffset": 217440,
            "byteStride": 12,
            "count": 178,
            "max": [
                -2.641085624694824,
                37.285186767578125,
                165.3881378173828,
                0
            ],
            "min": [
                -46.63871383666992,
                -14.582805633544922,
                129.1232452392578,
                0
            ],
            "type": 35665
        },
        "attrbute_26": {
            "bufferView": "bufferView_37",
            "byteOffset": 219576,
            "byteStride": 12,
            "count": 178,
            "max": [
                0.9923886060714722,
                0.9198582172393799,
                0.9816301465034485,
                0
            ],
            "min": [
                -0.9870425462722778,
                -0.9503448009490967,
                -0.998590886592865,
                0
            ],
            "type": 35665
        },
        "attrbute_27": {
            "bufferView": "bufferView_37",
            "byteOffset": 221712,
            "byteStride": 8,
            "count": 178,
            "max": [
                0.9905920028686523,
                0.9988970160484314
            ],
            "min": [
                0.00963031966239214,
                0.007016301155090332
            ],
            "type": 35664
        },
        "attrbute_28": {
            "bufferView": "bufferView_37",
            "byteOffset": 223136,
            "byteStride": 16,
            "count": 178,
            "max": [
                2,
                7,
                6,
                -1
            ],
            "min": [
                0,
                -1,
                -1,
                -1
            ],
            "type": 35666
        },
        "attrbute_29": {
            "bufferView": "bufferView_37",
            "byteOffset": 225984,
            "byteStride": 12,
            "count": 178,
            "max": [
                1,
                0.9980831742286682,
                0.5162125825881958
            ],
            "min": [
                0.0008439946686848998,
                0,
                0
            ],
            "type": 35665
        },
        "attrbute_3": {
            "bufferView": "bufferView_37",
            "byteOffset": 61536,
            "byteStride": 8,
            "count": 2564,
            "max": [
                0.9983289837837219,
                0.998645007610321
            ],
            "min": [
                0.0023938401136547327,
                0.004851877689361572
            ],
            "type": 35664
        },
        "attrbute_31": {
            "bufferView": "bufferView_37",
            "byteOffset": 228120,
            "byteStride": 12,
            "count": 250,
            "max": [
                14.813474655151367,
                87.31752014160156,
                7.529178142547607,
                0
            ],
            "min": [
                -13.624320030212402,
                -173.6896514892578,
                -6.434679985046387,
                0
            ],
            "type": 35665
        },
        "attrbute_32": {
            "bufferView": "bufferView_37",
            "byteOffset": 231120,
            "byteStride": 12,
            "count": 250,
            "max": [
                0.9992283582687378,
                0.8872892260551453,
                0.9998701214790344,
                0
            ],
            "min": [
                -0.9994292855262756,
                -0.988145112991333,
                -0.9969063997268677,
                0
            ],
            "type": 35665
        },
        "attrbute_33": {
            "bufferView": "bufferView_37",
            "byteOffset": 234120,
            "byteStride": 8,
            "count": 250,
            "max": [
                0.9912070035934448,
                0.9937760233879089
            ],
            "min": [
                0.008534640073776245,
                0.004202783107757568
            ],
            "type": 35664
        },
        "attrbute_34": {
            "bufferView": "bufferView_37",
            "byteOffset": 236120,
            "byteStride": 16,
            "count": 250,
            "max": [
                0,
                -1,
                -1,
                -1
            ],
            "min": [
                0,
                -1,
                -1,
                -1
            ],
            "type": 35666
        },
        "attrbute_35": {
            "bufferView": "bufferView_37",
            "byteOffset": 240120,
            "byteStride": 12,
            "count": 250,
            "max": [
                1,
                0,
                0
            ],
            "min": [
                1,
                0,
                0
            ],
            "type": 35665
        },
        "attrbute_4": {
            "bufferView": "bufferView_37",
            "byteOffset": 82048,
            "byteStride": 16,
            "count": 2564,
            "max": [
                47,
                47,
                47,
                -1
            ],
            "min": [
                0,
                -1,
                -1,
                -1
            ],
            "type": 35666
        },
        "attrbute_5": {
            "bufferView": "bufferView_37",
            "byteOffset": 123072,
            "byteStride": 12,
            "count": 2564,
            "max": [
                1,
                0.9344571232795715,
                0.8200518488883972
            ],
            "min": [
                0.06399611383676529,
                0,
                0
            ],
            "type": 35665
        },
        "attrbute_7": {
            "bufferView": "bufferView_37",
            "byteOffset": 153840,
            "byteStride": 12,
            "count": 206,
            "max": [
                77.57487487792969,
                8.527297019958496,
                121.66511535644531,
                0
            ],
            "min": [
                -77.77975463867188,
                -20.88191795349121,
                88.50685119628906,
                0
            ],
            "type": 35665
        },
        "attrbute_8": {
            "bufferView": "bufferView_37",
            "byteOffset": 156312,
            "byteStride": 12,
            "count": 206,
            "max": [
                0.9891324639320374,
                0.9830965995788574,
                0.9978641867637634,
                0
            ],
            "min": [
                -0.9830657243728638,
                -0.9927684664726257,
                -0.996070146560669,
                0
            ],
            "type": 35665
        },
        "attrbute_9": {
            "bufferView": "bufferView_37",
            "byteOffset": 158784,
            "byteStride": 8,
            "count": 206,
            "max": [
                0.9950829744338989,
                0.991150975227356
            ],
            "min": [
                0.008844849653542042,
                0.007026612758636475
            ],
            "type": 35664
        },
        "indices_12": {
            "bufferView": "bufferView_39",
            "byteOffset": 24648,
            "count": 864,
            "type": 5123
        },
        "indices_18": {
            "bufferView": "bufferView_39",
            "byteOffset": 26376,
            "count": 486,
            "type": 5123
        },
        "indices_24": {
            "bufferView": "bufferView_39",
            "byteOffset": 27348,
            "count": 3774,
            "type": 5123
        },
        "indices_30": {
            "bufferView": "bufferView_39",
            "byteOffset": 34896,
            "count": 834,
            "type": 5123
        },
        "indices_36": {
            "bufferView": "bufferView_39",
            "byteOffset": 36564,
            "count": 1116,
            "type": 5123
        },
        "indices_6": {
            "bufferView": "bufferView_39",
            "byteOffset": 0,
            "count": 12324,
            "type": 5123
        }
    },
    "animations": {},
    "asset": {},
    "bufferViews": {
        "bufferView_37": {
            "buffer": "huskar.bin",
            "byteLength": 243120,
            "byteOffset": 0,
            "target": 34962
        },
        "bufferView_38": {
            "buffer": "huskar.bin",
            "byteLength": 6912,
            "byteOffset": 243120
        },
        "bufferView_39": {
            "buffer": "huskar.bin",
            "byteLength": 38796,
            "byteOffset": 250032,
            "target": 34963
        }
    },
    "buffers": {
        "huskar.bin": {
            "byteLength": 288828,
            "path": "huskar.bin"
        }
    },
    "cameras": {},
    "images": {
        "image_0": {
            "path": "textures/huskar_body.png"
        },
        "image_1": {
            "path": "textures/huskar_bracer.png"
        },
        "image_2": {
            "path": "textures/huskar_dagger.png"
        },
        "image_3": {
            "path": "textures/huskar_helmet.png"
        },
        "image_4": {
            "path": "textures/huskar_shoulder.png"
        },
        "image_5": {
            "path": "textures/huskar_spear.png"
        }
    },
    "lights": {},
    "materials": {
        "Material #35": {
            "instanceTechnique": {
                "technique": "technique_0",
                "values": {
                    "ambient": [
                        0.5879999995231628,
                        0.5879999995231628,
                        0.5879999995231628
                    ],
                    "diffuse": "Map #7",
                    "emission": [
                        0,
                        0,
                        0
                    ],
                    "shininess": 2,
                    "specular": [
                        0.8999999761581421,
                        0.8999999761581421,
                        0.8999999761581421
                    ],
                    "transparency": 1
                }
            },
            "name": "Material #35"
        },
        "Material #46": {
            "instanceTechnique": {
                "technique": "technique_0",
                "values": {
                    "ambient": [
                        0.5879999995231628,
                        0.5879999995231628,
                        0.5879999995231628
                    ],
                    "diffuse": "Map #8",
                    "emission": [
                        0,
                        0,
                        0
                    ],
                    "shininess": 2,
                    "specular": [
                        0.8999999761581421,
                        0.8999999761581421,
                        0.8999999761581421
                    ],
                    "transparency": 1
                }
            },
            "name": "Material #46"
        },
        "Material #57": {
            "instanceTechnique": {
                "technique": "technique_0",
                "values": {
                    "ambient": [
                        0.5879999995231628,
                        0.5879999995231628,
                        0.5879999995231628
                    ],
                    "diffuse": "Map #9",
                    "emission": [
                        0,
                        0,
                        0
                    ],
                    "shininess": 2,
                    "specular": [
                        0.8999999761581421,
                        0.8999999761581421,
                        0.8999999761581421
                    ],
                    "transparency": 1
                }
            },
            "name": "Material #57"
        },
        "Material #68": {
            "instanceTechnique": {
                "technique": "technique_0",
                "values": {
                    "ambient": [
                        0.5879999995231628,
                        0.5879999995231628,
                        0.5879999995231628
                    ],
                    "diffuse": "Map #10",
                    "emission": [
                        0,
                        0,
                        0
                    ],
                    "shininess": 2,
                    "specular": [
                        0.8999999761581421,
                        0.8999999761581421,
                        0.8999999761581421
                    ],
                    "transparency": 1
                }
            },
            "name": "Material #68"
        },
        "Material #79": {
            "instanceTechnique": {
                "technique": "technique_0",
                "values": {
                    "ambient": [
                        0.5879999995231628,
                        0.5879999995231628,
                        0.5879999995231628
                    ],
                    "diffuse": "Map #11",
                    "emission": [
                        0,
                        0,
                        0
                    ],
                    "shininess": 2,
                    "specular": [
                        0.8999999761581421,
                        0.8999999761581421,
                        0.8999999761581421
                    ],
                    "transparency": 1
                }
            },
            "name": "Material #79"
        },
        "Material #90": {
            "instanceTechnique": {
                "technique": "technique_0",
                "values": {
                    "ambient": [
                        0.5879999995231628,
                        0.5879999995231628,
                        0.5879999995231628
                    ],
                    "diffuse": "Map #12",
                    "emission": [
                        0,
                        0,
                        0
                    ],
                    "shininess": 2,
                    "specular": [
                        0.8999999761581421,
                        0.8999999761581421,
                        0.8999999761581421
                    ],
                    "transparency": 1
                }
            },
            "name": "Material #90"
        }
    },
    "meshes": {
        "huskar_bracer_model-mesh": {
            "name": "huskar_bracer_model-mesh",
            "primitives": [
                {
                    "attributes": {
                        "JOINT": "attrbute_10",
                        "NORMAL": "attrbute_8",
                        "POSITION": "attrbute_7",
                        "TEXCOORD_0": "attrbute_9",
                        "WEIGHT": "attrbute_11"
                    },
                    "indices": "indices_12",
                    "material": "Material #46"
                }
            ]
        },
        "huskar_dagger_model-mesh": {
            "name": "huskar_dagger_model-mesh",
            "primitives": [
                {
                    "attributes": {
                        "JOINT": "attrbute_16",
                        "NORMAL": "attrbute_14",
                        "POSITION": "attrbute_13",
                        "TEXCOORD_0": "attrbute_15",
                        "WEIGHT": "attrbute_17"
                    },
                    "indices": "indices_18",
                    "material": "Material #57"
                }
            ]
        },
        "huskar_helmet_model_LOD0-mesh": {
            "name": "huskar_helmet_model_LOD0-mesh",
            "primitives": [
                {
                    "attributes": {
                        "JOINT": "attrbute_22",
                        "NORMAL": "attrbute_20",
                        "POSITION": "attrbute_19",
                        "TEXCOORD_0": "attrbute_21",
                        "WEIGHT": "attrbute_23"
                    },
                    "indices": "indices_24",
                    "material": "Material #68"
                }
            ]
        },
        "huskar_model_LOD0-mesh": {
            "name": "huskar_model_LOD0-mesh",
            "primitives": [
                {
                    "attributes": {
                        "JOINT": "attrbute_4",
                        "NORMAL": "attrbute_2",
                        "POSITION": "attrbute_1",
                        "TEXCOORD_0": "attrbute_3",
                        "WEIGHT": "attrbute_5"
                    },
                    "indices": "indices_6",
                    "material": "Material #35"
                }
            ]
        },
        "huskar_shoulder_model-mesh": {
            "name": "huskar_shoulder_model-mesh",
            "primitives": [
                {
                    "attributes": {
                        "JOINT": "attrbute_28",
                        "NORMAL": "attrbute_26",
                        "POSITION": "attrbute_25",
                        "TEXCOORD_0": "attrbute_27",
                        "WEIGHT": "attrbute_29"
                    },
                    "indices": "indices_30",
                    "material": "Material #79"
                }
            ]
        },
        "huskar_spear_model-mesh": {
            "name": "huskar_spear_model-mesh",
            "primitives": [
                {
                    "attributes": {
                        "JOINT": "attrbute_34",
                        "NORMAL": "attrbute_32",
                        "POSITION": "attrbute_31",
                        "TEXCOORD_0": "attrbute_33",
                        "WEIGHT": "attrbute_35"
                    },
                    "indices": "indices_36",
                    "material": "Material #90"
                }
            ]
        }
    },
    "nodes": {
        "Head_0": {
            "children": [
                "Head_1"
            ],
            "jointId": "Head_0",
            "matrix": [
                0.7202978730201723,
                2.2112885744718359e-7,
                -0.6936653852462771,
                0,
                1.5444033300321443e-7,
                0.9999999999999993,
                4.791530727743057e-7,
                0,
                0.6936653852463489,
                -4.522628522606282e-7,
                0.7202978730201028,
                0,
                27.900413513183594,
                9.619473075872512e-7,
                0.0000152587890625,
                1
            ],
            "name": "Head_0"
        },
        "Head_1": {
            "children": [
                "hair_R0C0"
            ],
            "jointId": "Head_1",
            "matrix": [
                0.9836196899414059,
                1.2230932117599482e-14,
                -0.18025481700897206,
                0,
                -8.595222275499658e-8,
                0.9999999999999997,
                -4.690265029694274e-7,
                0,
                0.18025481700897208,
                4.7683700560930634e-7,
                0.983619689941406,
                0,
                19.390996932983395,
                -6.805639714002745e-7,
                -0.00004577636721592171,
                1
            ],
            "name": "Head_1"
        },
        "Hip_Lo0_0": {
            "children": [
                "thigh_R",
                "flap_Bk_R0C1",
                "flap_Bk_R0C0",
                "flap_Fr_R0C0",
                "thigh_L"
            ],
            "jointId": "Hip_Lo0_0",
            "matrix": [
                1.0000000000000002,
                -2.6469779601696886e-23,
                0,
                0,
                2.6469779601696886e-23,
                1.0000000000000002,
                0,
                0,
                0,
                0,
                1,
                0,
                2.1794261932373047,
                0,
                -9.364151000976562,
                1
            ],
            "name": "Hip_Lo0_0"
        },
        "Root_0": {
            "children": [
                "Spine_0",
                "Hip_Lo0_0"
            ],
            "jointId": "Root_0",
            "matrix": [
                -1.629206851037603e-7,
                -1.0000000000000002,
                0,
                0,
                1.0000000000000002,
                -1.629206851037603e-7,
                0,
                0,
                0,
                0,
                1,
                0,
                0,
                24.738672256469727,
                97.96826171875,
                1
            ],
            "name": "Root_0"
        },
        "Spine_0": {
            "children": [
                "Spine_1"
            ],
            "jointId": "Spine_0",
            "matrix": [
                0.07194242626428583,
                4.963083675318166e-24,
                0.9974088072776796,
                0,
                4.7560158122905705e-7,
                1.0000000000000002,
                -3.4304822094099906e-8,
                0,
                -0.9974088072776797,
                4.768371780070666e-7,
                0.07194242626428582,
                0,
                -0.31496429443359375,
                -4.547473508864641e-13,
                10.7275390625,
                1
            ],
            "name": "Spine_0"
        },
        "Spine_1": {
            "children": [
                "Spine_2"
            ],
            "jointId": "Spine_1",
            "matrix": [
                0.9702225923538206,
                1.3234889800848443e-23,
                -0.24221575260162365,
                0,
                1.1904224046400041e-7,
                0.9999999999999999,
                4.768371582031249e-7,
                0,
                0.2422157526016236,
                -4.914720896278361e-7,
                0.9702225923538208,
                0,
                10.902786254882812,
                0,
                -0.000007629394524144573,
                1
            ],
            "name": "Spine_1"
        },
        "Spine_2": {
            "children": [
                "clavicle_R",
                "Head_0",
                "clavicle_L"
            ],
            "jointId": "Spine_2",
            "matrix": [
                0.953445911407471,
                2.555733829012752e-7,
                -0.30156332254409823,
                0,
                -2.0816448730761058e-7,
                0.9999999999999996,
                1.893459824486837e-7,
                0,
                0.30156332254412677,
                -1.177563783789486e-7,
                0.953445911407462,
                0,
                10.825584411621094,
                0.000003269938133598771,
                0.000007629394524144573,
                1
            ],
            "name": "Spine_2"
        },
        "ankle_L": {
            "children": [
                "toeBase_L"
            ],
            "jointId": "ankle_L",
            "matrix": [
                -0.034075617790222335,
                -0.4780769348144531,
                0.8776566982269285,
                0,
                0.1104132562153006,
                0.87099033311918,
                0.47873250381069304,
                0,
                -0.993301037772486,
                0.1132179906793419,
                0.023106487396534592,
                0,
                50.052886962890625,
                0.000007629394538355427,
                0.000004291534430045374,
                1
            ],
            "name": "ankle_L"
        },
        "ankle_R": {
            "children": [
                "toeBase_R"
            ],
            "jointId": "ankle_R",
            "matrix": [
                -0.03407549858093267,
                -0.47807803750038147,
                0.8776559829711917,
                0,
                0.11041411325423368,
                0.8709898534000301,
                0.4787337452350421,
                0,
                -0.9933012654394101,
                0.1132186662535083,
                0.023107142551814952,
                0,
                -50.05288314819336,
                -0.000011444091803980427,
                0.000046253204345703125,
                1
            ],
            "name": "ankle_R"
        },
        "bicep_L": {
            "children": [
                "elbow_L"
            ],
            "jointId": "bicep_L",
            "matrix": [
                0.8550856113433836,
                -0.051093339920043834,
                -0.515963315963745,
                0,
                -0.386384177920182,
                -0.7263725544678165,
                -0.5684100828146522,
                0,
                -0.34573965226986625,
                0.6853994043387315,
                -0.6408524335806381,
                0,
                13.960163116455085,
                0.29447174072265625,
                -0.6361923217773438,
                1
            ],
            "name": "bicep_L"
        },
        "bicep_R": {
            "children": [
                "elbow_R"
            ],
            "jointId": "bicep_R",
            "matrix": [
                0.8764166831970218,
                -0.05829489231109608,
                -0.47801172733306885,
                0,
                -0.3753304704145915,
                -0.7045912281602769,
                -0.6022275181838892,
                0,
                -0.3016960896043659,
                0.7072146289885796,
                -0.6393953732631507,
                0,
                -13.977737426757805,
                -0.00000762939453125,
                1.4210854715202004e-14,
                1
            ],
            "name": "bicep_R"
        },
        "clavicle_L": {
            "children": [
                "bicep_L"
            ],
            "jointId": "clavicle_L",
            "matrix": [
                -0.1549429148435593,
                0.9027054905891415,
                -0.401391863822937,
                0,
                -0.06405738300950675,
                0.3962636867487469,
                0.9158995897139186,
                0,
                0.9858443224407709,
                0.1676242158952072,
                -0.0035732982800973923,
                0,
                21.465293884277344,
                9.86349105834961,
                2.6677017211914062,
                1
            ],
            "name": "clavicle_L"
        },
        "clavicle_R": {
            "children": [
                "sh_Pad1_0",
                "bicep_R"
            ],
            "jointId": "clavicle_R",
            "matrix": [
                0.20096752047538768,
                0.9022886753082274,
                0.3814277052879334,
                0,
                0.0829237704524236,
                0.3723046839299298,
                -0.924398725426391,
                0,
                -0.9760821692702861,
                0.2174036204531858,
                -2.9802320722360776e-8,
                0,
                21.465293884277344,
                -9.863490104675291,
                2.6677017211914062,
                1
            ],
            "name": "clavicle_R"
        },
        "elbowHelper_L": {
            "children": [],
            "jointId": "elbowHelper_L",
            "matrix": [
                0.9989131689071651,
                0.0119048953056336,
                -0.04506039619445812,
                0,
                -0.012805939697788815,
                0.9997227126882361,
                -0.019760757790325767,
                0,
                0.0448126474854561,
                0.02031631996027977,
                0.9987885409333098,
                0,
                20.808994293212884,
                -0.000007629394517039145,
                0.000011444091803980427,
                1
            ],
            "name": "elbowHelper_L"
        },
        "elbow_L": {
            "children": [
                "wrist_L",
                "elbowHelper_L"
            ],
            "jointId": "elbow_L",
            "matrix": [
                0.8045212030410764,
                -2.980232222116186e-8,
                -0.5939239859580994,
                0,
                9.542235168691349e-9,
                1.000000000000007,
                -3.725290165235151e-8,
                0,
                0.5939239649328198,
                2.4303386025881224e-8,
                0.8045211745605231,
                0,
                35.600997924804695,
                0.00000762939453125,
                -0.000009536743163174322,
                1
            ],
            "name": "elbow_L"
        },
        "elbow_R": {
            "children": [
                "wrist_R"
            ],
            "jointId": "elbow_R",
            "matrix": [
                0.8257135152816771,
                0.007691025733947698,
                -0.5640370845794678,
                0,
                -0.038655760481062174,
                0.9983279118406183,
                -0.042976639080199636,
                0,
                0.5627634983781817,
                0.05728968109286825,
                0.8246302515311051,
                0,
                -35.817714691162124,
                -1.6234054565429545,
                -1.8999891281127939,
                1
            ],
            "name": "elbow_R"
        },
        "flap_Bk_R0C0": {
            "children": [
                "flap_Bk_R1C0"
            ],
            "jointId": "flap_Bk_R0C0",
            "matrix": [
                -0.04894525185227115,
                -3.9287304067365414e-8,
                -0.9988014698028564,
                0,
                0.9988014698028546,
                9.646372041515733e-7,
                -0.04894525185230901,
                0,
                9.654039710420704e-7,
                -0.9999999999999998,
                -7.97419374647444e-9,
                0,
                -11.662971496582031,
                -8.469909667968748,
                -0.3610992431640625,
                1
            ],
            "name": "flap_Bk_R0C0"
        },
        "flap_Bk_R0C1": {
            "children": [
                "flap_Bk_R1C1"
            ],
            "jointId": "flap_Bk_R0C1",
            "matrix": [
                -0.04894525185227115,
                -3.9287304067365414e-8,
                -0.9988014698028564,
                0,
                0.9988014698028546,
                9.646372041515733e-7,
                -0.04894525185230901,
                0,
                9.654039710420704e-7,
                -0.9999999999999998,
                -7.97419374647444e-9,
                0,
                -11.662971496582031,
                8.469907760620117,
                -0.3610992431640625,
                1
            ],
            "name": "flap_Bk_R0C1"
        },
        "flap_Bk_R1C0": {
            "children": [
                "flap_Bk_R2C0"
            ],
            "jointId": "flap_Bk_R1C0",
            "matrix": [
                0.99969619512558,
                0.024651056155562404,
                2.6645352789527104e-15,
                0,
                -0.024651056155562418,
                0.9996961951255798,
                -0.0000038146970382513237,
                0,
                -9.40362987953079e-8,
                0.0000038135375154550407,
                0.9999999999999999,
                0,
                10.033172607421875,
                -0.000015258789055394573,
                0,
                1
            ],
            "name": "flap_Bk_R1C0"
        },
        "flap_Bk_R1C1": {
            "children": [
                "flap_Bk_R2C1"
            ],
            "jointId": "flap_Bk_R1C1",
            "matrix": [
                0.99969619512558,
                0.0246510561555624,
                2.6645352806070716e-15,
                0,
                -0.02465105615556242,
                0.99969619512558,
                -0.000009059906005859378,
                0,
                -2.2333621928810977e-7,
                0.000009057152139144371,
                1.0000000000000002,
                0,
                10.033164978027344,
                -0.000007629394524144573,
                0,
                1
            ],
            "name": "flap_Bk_R1C1"
        },
        "flap_Bk_R2C0": {
            "children": [],
            "jointId": "flap_Bk_R2C0",
            "matrix": [
                1.0000001192092896,
                1.8626451422920631e-9,
                0,
                0,
                -1.862645149230957e-9,
                1.0000001192092896,
                5.784261954611976e-13,
                0,
                1.0852609636695723e-21,
                -5.784261272055622e-13,
                1,
                0,
                15.022407531738288,
                0.0000038146972585195726,
                -9.536743181826068e-7,
                1
            ],
            "name": "flap_Bk_R2C0"
        },
        "flap_Bk_R2C1": {
            "children": [],
            "jointId": "flap_Bk_R2C1",
            "matrix": [
                1.0000001192092898,
                1.862645159639298e-9,
                -4.263256409266645e-14,
                0,
