{
    "animations": {},
    "asset": {},
    "attributes": {
        "attribute_1": {
            "bufferView": "bufferView_37",
            "byteOffset": 0,
            "byteStride": 12,
            "count": 2092,
            "max": [
                1,
                1,
                1
            ],
            "min": [
                0,
                0,
                0
            ],
            "type": "FLOAT_VEC3"
        },
        "attribute_10": {
            "bufferView": "bufferView_37",
            "byteOffset": 130128,
            "byteStride": 16,
            "count": 144,
            "max": [
                1,
                1,
                1
            ],
            "min": [
                0,
                0,
                0
            ],
            "type": "FLOAT_VEC4"
        },
        "attribute_11": {
            "bufferView": "bufferView_37",
            "byteOffset": 132432,
            "byteStride": 12,
            "count": 144,
            "max": [
                1,
                1,
                1
            ],
            "min": [
                0,
                0,
                0
            ],
            "type": "FLOAT_VEC3"
        },
        "attribute_13": {
            "bufferView": "bufferView_37",
            "byteOffset": 134160,
            "byteStride": 12,
            "count": 83,
            "max": [
                1,
                1,
                1
            ],
            "min": [
                0,
                0,
                0
            ],
            "type": "FLOAT_VEC3"
        },
        "attribute_14": {
            "bufferView": "bufferView_37",
            "byteOffset": 135156,
            "byteStride": 12,
            "count": 83,
            "max": [
                1,
                1,
                1
            ],
            "min": [
                0,
                0,
                0
            ],
            "type": "FLOAT_VEC3"
        },
        "attribute_15": {
            "bufferView": "bufferView_37",
            "byteOffset": 136152,
            "byteStride": 8,
            "count": 83,
            "max": [
                1,
                1,
                1
            ],
            "min": [
                0,
                0,
                0
            ],
            "type": "FLOAT_VEC2"
        },
        "attribute_16": {
            "bufferView": "bufferView_37",
            "byteOffset": 136816,
            "byteStride": 16,
            "count": 83,
            "max": [
                1,
                1,
                1
            ],
            "min": [
                0,
                0,
                0
            ],
            "type": "FLOAT_VEC4"
        },
        "attribute_17": {
            "bufferView": "bufferView_37",
            "byteOffset": 138144,
            "byteStride": 12,
            "count": 83,
            "max": [
                1,
                1,
                1
            ],
            "min": [
                0,
                0,
                0
            ],
            "type": "FLOAT_VEC3"
        },
        "attribute_19": {
            "bufferView": "bufferView_37",
            "byteOffset": 139140,
            "byteStride": 12,
            "count": 635,
            "max": [
                1,
                1,
                1
            ],
            "min": [
                0,
                0,
                0
            ],
            "type": "FLOAT_VEC3"
        },
        "attribute_2": {
            "bufferView": "bufferView_37",
            "byteOffset": 25104,
            "byteStride": 12,
            "count": 2092,
            "max": [
                1,
                1,
                1
            ],
            "min": [
                0,
                0,
                0
            ],
            "type": "FLOAT_VEC3"
        },
        "attribute_20": {
            "bufferView": "bufferView_37",
            "byteOffset": 146760,
            "byteStride": 12,
            "count": 635,
            "max": [
                1,
                1,
                1
            ],
            "min": [
                0,
                0,
                0
            ],
            "type": "FLOAT_VEC3"
        },
        "attribute_21": {
            "bufferView": "bufferView_37",
            "byteOffset": 154380,
            "byteStride": 8,
            "count": 635,
            "max": [
                1,
                1,
                1
            ],
            "min": [
                0,
                0,
                0
            ],
            "type": "FLOAT_VEC2"
        },
        "attribute_22": {
            "bufferView": "bufferView_37",
            "byteOffset": 159460,
            "byteStride": 16,
            "count": 635,
            "max": [
                1,
                1,
                1
            ],
            "min": [
                0,
                0,
                0
            ],
            "type": "FLOAT_VEC4"
        },
        "attribute_23": {
            "bufferView": "bufferView_37",
            "byteOffset": 169620,
            "byteStride": 12,
            "count": 635,
            "max": [
                1,
                1,
                1
            ],
            "min": [
                0,
                0,
                0
            ],
            "type": "FLOAT_VEC3"
        },
        "attribute_25": {
            "bufferView": "bufferView_37",
            "byteOffset": 177240,
            "byteStride": 12,
            "count": 141,
            "max": [
                1,
                1,
                1
            ],
            "min": [
                0,
                0,
                0
            ],
            "type": "FLOAT_VEC3"
        },
        "attribute_26": {
            "bufferView": "bufferView_37",
            "byteOffset": 178932,
            "byteStride": 12,
            "count": 141,
            "max": [
                1,
                1,
                1
            ],
            "min": [
                0,
                0,
                0
            ],
            "type": "FLOAT_VEC3"
        },
        "attribute_27": {
            "bufferView": "bufferView_37",
            "byteOffset": 180624,
            "byteStride": 8,
            "count": 141,
            "max": [
                1,
                1,
                1
            ],
            "min": [
                0,
                0,
                0
            ],
            "type": "FLOAT_VEC2"
        },
        "attribute_28": {
            "bufferView": "bufferView_37",
            "byteOffset": 181752,
            "byteStride": 16,
            "count": 141,
            "max": [
                1,
                1,
                1
            ],
            "min": [
                0,
                0,
                0
            ],
            "type": "FLOAT_VEC4"
        },
        "attribute_29": {
            "bufferView": "bufferView_37",
            "byteOffset": 184008,
            "byteStride": 12,
            "count": 141,
            "max": [
                1,
                1,
                1
            ],
            "min": [
                0,
                0,
                0
            ],
            "type": "FLOAT_VEC3"
        },
        "attribute_3": {
            "bufferView": "bufferView_37",
            "byteOffset": 50208,
            "byteStride": 8,
            "count": 2092,
            "max": [
                1,
                1,
                1
            ],
            "min": [
                0,
                0,
                0
            ],
            "type": "FLOAT_VEC2"
        },
        "attribute_31": {
            "bufferView": "bufferView_37",
            "byteOffset": 185700,
            "byteStride": 12,
            "count": 188,
            "max": [
                1,
                1,
                1
            ],
            "min": [
                0,
                0,
                0
            ],
            "type": "FLOAT_VEC3"
        },
        "attribute_32": {
            "bufferView": "bufferView_37",
            "byteOffset": 187956,
            "byteStride": 12,
            "count": 188,
            "max": [
                1,
                1,
                1
            ],
            "min": [
                0,
                0,
                0
            ],
            "type": "FLOAT_VEC3"
        },
        "attribute_33": {
            "bufferView": "bufferView_37",
            "byteOffset": 190212,
            "byteStride": 8,
            "count": 188,
            "max": [
                1,
                1,
                1
            ],
            "min": [
                0,
                0,
                0
            ],
            "type": "FLOAT_VEC2"
        },
        "attribute_34": {
            "bufferView": "bufferView_37",
            "byteOffset": 191716,
            "byteStride": 16,
            "count": 188,
            "max": [
                1,
                1,
                1
            ],
            "min": [
                0,
                0,
                0
            ],
            "type": "FLOAT_VEC4"
        },
        "attribute_35": {
            "bufferView": "bufferView_37",
            "byteOffset": 194724,
            "byteStride": 12,
            "count": 188,
            "max": [
                1,
                1,
                1
            ],
            "min": [
                0,
                0,
                0
            ],
            "type": "FLOAT_VEC3"
        },
        "attribute_4": {
            "bufferView": "bufferView_37",
            "byteOffset": 66944,
            "byteStride": 16,
            "count": 2092,
            "max": [
                1,
                1,
                1
            ],
            "min": [
                0,
                0,
                0
            ],
            "type": "FLOAT_VEC4"
        },
        "attribute_5": {
            "bufferView": "bufferView_37",
            "byteOffset": 100416,
            "byteStride": 12,
            "count": 2092,
            "max": [
                1,
                1,
                1
            ],
            "min": [
                0,
                0,
                0
            ],
            "type": "FLOAT_VEC3"
        },
        "attribute_7": {
            "bufferView": "bufferView_37",
            "byteOffset": 125520,
            "byteStride": 12,
            "count": 144,
            "max": [
                1,
                1,
                1
            ],
            "min": [
                0,
                0,
                0
            ],
            "type": "FLOAT_VEC3"
        },
        "attribute_8": {
            "bufferView": "bufferView_37",
            "byteOffset": 127248,
            "byteStride": 12,
            "count": 144,
            "max": [
                1,
                1,
                1
            ],
            "min": [
                0,
                0,
                0
            ],
            "type": "FLOAT_VEC3"
        },
        "attribute_9": {
            "bufferView": "bufferView_37",
            "byteOffset": 128976,
            "byteStride": 8,
            "count": 144,
            "max": [
                1,
                1,
                1
            ],
            "min": [
                0,
                0,
                0
            ],
            "type": "FLOAT_VEC2"
        }
    },
    "bufferViews": {
        "bufferView_37": {
            "buffer": "huskar.bin",
            "byteLength": 196980,
            "byteOffset": 0,
            "target": "ARRAY_BUFFER"
        },
        "bufferView_38": {
            "buffer": "huskar.bin",
            "byteLength": 38796,
            "byteOffset": 196980,
            "target": "ELEMENT_ARRAY_BUFFER"
        }
    },
    "buffers": {
        "huskar.bin": {
            "byteLength": 235776,
            "path": "huskar.bin"
        }
    },
    "cameras": {},
    "images": {
        "image_0": {
            "path": "textures/huskar_body.png"
        },
        "image_1": {
            "path": "textures/huskar_bracer.png"
        },
        "image_2": {
            "path": "textures/huskar_dagger.png"
        },
        "image_3": {
            "path": "textures/huskar_helmet.png"
        },
        "image_4": {
            "path": "textures/huskar_shoulder.png"
        },
        "image_5": {
            "path": "textures/huskar_spear.png"
        }
    },
    "indices": {
        "indices_12": {
            "bufferView": "bufferView_38",
            "byteOffset": 24648,
            "count": 864,
            "type": "UNSIGNED_SHORT"
        },
        "indices_18": {
            "bufferView": "bufferView_38",
            "byteOffset": 26376,
            "count": 486,
            "type": "UNSIGNED_SHORT"
        },
        "indices_24": {
            "bufferView": "bufferView_38",
            "byteOffset": 27348,
            "count": 3774,
            "type": "UNSIGNED_SHORT"
        },
        "indices_30": {
            "bufferView": "bufferView_38",
            "byteOffset": 34896,
            "count": 834,
            "type": "UNSIGNED_SHORT"
        },
        "indices_36": {
            "bufferView": "bufferView_38",
            "byteOffset": 36564,
            "count": 1116,
            "type": "UNSIGNED_SHORT"
        },
        "indices_6": {
            "bufferView": "bufferView_38",
            "byteOffset": 0,
            "count": 12324,
            "type": "UNSIGNED_SHORT"
        }
    },
    "lights": {},
    "materials": {
        "Material #35": {
            "instanceTechnique": {
                "technique": "technique_0",
                "values": [
                    {
                        "parameter": "ambient",
                        "value": [
                            0.5879999995231628,
                            0.5879999995231628,
                            0.5879999995231628
                        ]
                    },
                    {
                        "parameter": "emission",
                        "value": [
                            0,
                            0,
                            0
                        ]
                    },
                    {
                        "parameter": "diffuse",
                        "value": "Map #7"
                    },
                    {
                        "parameter": "shininess",
                        "value": 2
                    },
                    {
                        "parameter": "specular",
                        "value": [
                            0.8999999761581421,
                            0.8999999761581421,
                            0.8999999761581421
                        ]
                    }
                ]
            },
            "name": "Material #35"
        },
        "Material #46": {
            "instanceTechnique": {
                "technique": "technique_0",
                "values": [
                    {
                        "parameter": "ambient",
                        "value": [
                            0.5879999995231628,
                            0.5879999995231628,
                            0.5879999995231628
                        ]
                    },
                    {
                        "parameter": "emission",
                        "value": [
                            0,
                            0,
                            0
                        ]
                    },
                    {
                        "parameter": "diffuse",
                        "value": "Map #8"
                    },
                    {
                        "parameter": "shininess",
                        "value": 2
                    },
                    {
                        "parameter": "specular",
                        "value": [
                            0.8999999761581421,
                            0.8999999761581421,
                            0.8999999761581421
                        ]
                    }
                ]
            },
            "name": "Material #46"
        },
        "Material #57": {
            "instanceTechnique": {
                "technique": "technique_0",
                "values": [
                    {
                        "parameter": "ambient",
                        "value": [
                            0.5879999995231628,
                            0.5879999995231628,
                            0.5879999995231628
                        ]
                    },
                    {
                        "parameter": "emission",
                        "value": [
                            0,
                            0,
                            0
                        ]
                    },
                    {
                        "parameter": "diffuse",
                        "value": "Map #9"
                    },
                    {
                        "parameter": "shininess",
                        "value": 2
                    },
                    {
                        "parameter": "specular",
                        "value": [
                            0.8999999761581421,
                            0.8999999761581421,
                            0.8999999761581421
                        ]
                    }
                ]
            },
            "name": "Material #57"
        },
        "Material #68": {
            "instanceTechnique": {
                "technique": "technique_0",
                "values": [
                    {
                        "parameter": "ambient",
                        "value": [
                            0.5879999995231628,
                            0.5879999995231628,
                            0.5879999995231628
                        ]
                    },
                    {
                        "parameter": "emission",
                        "value": [
                            0,
                            0,
                            0
                        ]
                    },
                    {
                        "parameter": "diffuse",
                        "value": "Map #10"
                    },
                    {
                        "parameter": "shininess",
                        "value": 2
                    },
                    {
                        "parameter": "specular",
                        "value": [
                            0.8999999761581421,
                            0.8999999761581421,
                            0.8999999761581421
                        ]
                    }
                ]
            },
            "name": "Material #68"
        },
        "Material #79": {
            "instanceTechnique": {
                "technique": "technique_0",
                "values": [
                    {
                        "parameter": "ambient",
                        "value": [
                            0.5879999995231628,
                            0.5879999995231628,
                            0.5879999995231628
                        ]
                    },
                    {
                        "parameter": "emission",
                        "value": [
                            0,
                            0,
                            0
                        ]
                    },
                    {
                        "parameter": "diffuse",
                        "value": "Map #11"
                    },
                    {
                        "parameter": "shininess",
                        "value": 2
                    },
                    {
                        "parameter": "specular",
                        "value": [
                            0.8999999761581421,
                            0.8999999761581421,
                            0.8999999761581421
                        ]
                    }
                ]
            },
            "name": "Material #79"
        },
        "Material #90": {
            "instanceTechnique": {
                "technique": "technique_0",
                "values": [
                    {
                        "parameter": "ambient",
                        "value": [
                            0.5879999995231628,
                            0.5879999995231628,
                            0.5879999995231628
                        ]
                    },
                    {
                        "parameter": "emission",
                        "value": [
                            0,
                            0,
                            0
                        ]
                    },
                    {
                        "parameter": "diffuse",
                        "value": "Map #12"
                    },
                    {
                        "parameter": "shininess",
                        "value": 2
                    },
                    {
                        "parameter": "specular",
                        "value": [
                            0.8999999761581421,
                            0.8999999761581421,
                            0.8999999761581421
                        ]
                    }
                ]
            },
            "name": "Material #90"
        }
    },
    "meshes": {
        "huskar_bracer_model-mesh": {
            "name": "huskar_bracer_model-mesh",
            "primitives": [
                {
                    "indices": "indices_12",
                    "material": "Material #46",
                    "semantics": {
                        "JOINT": "attribute_10",
                        "NORMAL": "attribute_8",
                        "POSITION": "attribute_7",
                        "TEXCOORD_0": "attribute_9",
                        "WEIGHT": "attribute_11"
                    },
                    "skin": "skin_1"
                }
            ]
        },
        "huskar_dagger_model-mesh": {
            "name": "huskar_dagger_model-mesh",
            "primitives": [
                {
                    "indices": "indices_18",
                    "material": "Material #57",
                    "semantics": {
                        "JOINT": "attribute_16",
                        "NORMAL": "attribute_14",
                        "POSITION": "attribute_13",
                        "TEXCOORD_0": "attribute_15",
                        "WEIGHT": "attribute_17"
                    },
                    "skin": "skin_2"
                }
            ]
        },
        "huskar_helmet_model_LOD0-mesh": {
            "name": "huskar_helmet_model_LOD0-mesh",
            "primitives": [
                {
                    "indices": "indices_24",
                    "material": "Material #68",
                    "semantics": {
                        "JOINT": "attribute_22",
                        "NORMAL": "attribute_20",
                        "POSITION": "attribute_19",
                        "TEXCOORD_0": "attribute_21",
                        "WEIGHT": "attribute_23"
                    },
                    "skin": "skin_3"
                }
            ]
        },
        "huskar_model_LOD0-mesh": {
            "name": "huskar_model_LOD0-mesh",
            "primitives": [
                {
                    "indices": "indices_6",
                    "material": "Material #35",
                    "semantics": {
                        "JOINT": "attribute_4",
                        "NORMAL": "attribute_2",
                        "POSITION": "attribute_1",
                        "TEXCOORD_0": "attribute_3",
                        "WEIGHT": "attribute_5"
                    },
                    "skin": "skin_0"
                }
            ]
        },
        "huskar_shoulder_model-mesh": {
            "name": "huskar_shoulder_model-mesh",
            "primitives": [
                {
                    "indices": "indices_30",
                    "material": "Material #79",
                    "semantics": {
                        "JOINT": "attribute_28",
                        "NORMAL": "attribute_26",
                        "POSITION": "attribute_25",
                        "TEXCOORD_0": "attribute_27",
                        "WEIGHT": "attribute_29"
                    },
                    "skin": "skin_4"
                }
            ]
        },
        "huskar_spear_model-mesh": {
            "name": "huskar_spear_model-mesh",
            "primitives": [
                {
                    "indices": "indices_36",
                    "material": "Material #90",
                    "semantics": {
                        "JOINT": "attribute_34",
                        "NORMAL": "attribute_32",
                        "POSITION": "attribute_31",
                        "TEXCOORD_0": "attribute_33",
                        "WEIGHT": "attribute_35"
                    },
                    "skin": "skin_5"
                }
            ]
        }
    },
    "nodes": {
        "Head_0": {
            "children": [
                "Head_1"
            ],
            "matrix": [
                0.7202978730201723,
                2.2112885744718359e-7,
                -0.6936653852462769,
                0,
                1.5444033300321448e-7,
                0.9999999999999993,
                4.791530727743056e-7,
                0,
                0.6936653852463489,
                -4.522628522606281e-7,
                0.7202978730201026,
                0,
                27.900413513183594,
                9.61947307587252e-7,
                0.0000152587890625,
                1
            ],
            "name": "Head_0"
        },
        "Head_1": {
            "children": [
                "hair_R0C0"
            ],
            "matrix": [
                0.983619689941406,
                1.2230932075342324e-14,
                -0.1802548170089721,
                0,
                -8.595222275499658e-8,
                0.9999999999999994,
                -4.690265029694274e-7,
                0,
                0.18025481700897214,
                4.768370056093065e-7,
                0.9836196899414059,
                0,
                19.3909969329834,
                -6.805639714002609e-7,
                -0.00004577636721592171,
                1
            ],
            "name": "Head_1"
        },
        "Hip_Lo0_0": {
            "children": [
                "thigh_R",
                "flap_Bk_R0C1",
                "flap_Bk_R0C0",
                "flap_Fr_R0C0",
                "thigh_L"
            ],
            "matrix": [
                1.0000000000000002,
                -2.6469779601696886e-23,
                0,
                0,
                2.6469779601696886e-23,
                1.0000000000000002,
                0,
                0,
                0,
                0,
                1,
                0,
                2.1794261932373047,
                0,
                -9.364151000976562,
                1
            ],
            "name": "Hip_Lo0_0"
        },
        "Root_0": {
            "children": [
                "Spine_0",
                "Hip_Lo0_0"
            ],
            "matrix": [
                -1.629206851037603e-7,
                -1.0000000000000002,
                0,
                0,
                1.0000000000000002,
                -1.629206851037603e-7,
                0,
                0,
                0,
                0,
                1,
                0,
                0,
                24.738672256469727,
                97.96826171875,
                1
            ],
            "name": "Root_0"
        },
        "Spine_0": {
            "children": [
                "Spine_1"
            ],
            "matrix": [
                0.07194242626428583,
                4.963083675318166e-24,
                0.9974088072776796,
                0,
                4.7560158122905705e-7,
                1.0000000000000002,
                -3.4304822094099906e-8,
                0,
                -0.9974088072776797,
                4.768371780070666e-7,
                0.07194242626428582,
                0,
                -0.31496429443359375,
                -4.547473508864641e-13,
                10.7275390625,
                1
            ],
            "name": "Spine_0"
        },
        "Spine_1": {
            "children": [
                "Spine_2"
            ],
            "matrix": [
                0.9702225923538206,
                3.970466940254533e-23,
                -0.24221575260162365,
                0,
                1.1904224046400037e-7,
                0.9999999999999999,
                4.768371582031249e-7,
                0,
                0.2422157526016236,
                -4.914720896278361e-7,
                0.9702225923538208,
                0,
                10.902786254882812,
                0,
                -0.000007629394524144573,
                1
            ],
            "name": "Spine_1"
        },
        "Spine_2": {
            "children": [
                "clavicle_R",
                "Head_0",
                "clavicle_L"
            ],
            "matrix": [
                0.9534459114074709,
                2.5557338290127513e-7,
                -0.3015633225440981,
                0,
                -2.0816448730761055e-7,
                0.9999999999999996,
                1.8934598244868367e-7,
                0,
                0.3015633225441268,
                -1.1775637837894861e-7,
                0.9534459114074618,
                0,
                10.825584411621094,
                0.000003269938133598771,
                0.000007629394524144573,
                1
            ],
            "name": "Spine_2"
        },
        "ankle_L": {
            "children": [
                "toeBase_L"
            ],
            "matrix": [
                -0.03407561779022217,
                -0.4780769348144531,
                0.8776566982269288,
                0,
                0.1104132562153007,
                0.8709903331191803,
                0.4787325038106933,
                0,
                -0.9933010377724865,
                0.1132179906793419,
                0.023106487396534703,
                0,
                50.05288696289063,
                0.000007629394538355427,
                0.000004291534428269017,
                1
            ],
            "name": "ankle_L"
        },
        "ankle_R": {
            "children": [
                "toeBase_R"
            ],
            "matrix": [
                -0.03407549858093273,
                -0.47807803750038136,
                0.8776559829711916,
                0,
                0.11041411325423361,
                0.8709898534000301,
                0.478733745235042,
                0,
                -0.99330126543941,
                0.11321866625350835,
                0.02310714255181512,
                0,
                -50.05288314819336,
                -0.000011444091803980427,
                0.000046253204345703125,
                1
            ],
            "name": "ankle_R"
        },
        "bicep_L": {
            "children": [
                "elbow_L"
            ],
            "matrix": [
                0.8550856113433835,
                -0.05109333992004389,
                -0.515963315963745,
                0,
                -0.3863841779201822,
                -0.7263725544678166,
                -0.5684100828146523,
                0,
                -0.34573965226986636,
                0.6853994043387314,
                -0.6408524335806386,
                0,
                13.960163116455078,
                0.29447174072265625,
                -0.6361923217773295,
                1
            ],
            "name": "bicep_L"
        },
        "bicep_R": {
            "children": [
                "elbow_R"
            ],
            "matrix": [
                0.8764166831970218,
                -0.05829489231109647,
                -0.4780117273330692,
                0,
                -0.3753304704145915,
                -0.704591228160277,
                -0.602227518183889,
                0,
                -0.30169608960436606,
                0.7072146289885796,
                -0.6393953732631505,
                0,
                -13.977737426757812,
                -0.000007629394517039145,
                1.4210854715202004e-14,
                1
            ],
            "name": "bicep_R"
        },
        "clavicle_L": {
            "children": [
                "bicep_L"
            ],
            "matrix": [
                -0.1549429148435594,
                0.9027054905891415,
                -0.40139186382293707,
                0,
                -0.06405738300950675,
                0.3962636867487469,
                0.9158995897139184,
                0,
                0.9858443224407711,
                0.16762421589520718,
                -0.0035732982800973923,
                0,
                21.465293884277344,
                9.86349105834961,
                2.6677017211914062,
                1
            ],
            "name": "clavicle_L"
        },
        "clavicle_R": {
            "children": [
                "sh_Pad1_0",
                "bicep_R"
            ],
            "matrix": [
                0.2009675204753878,
                0.9022886753082274,
                0.38142770528793346,
                0,
                0.08292377045242366,
                0.3723046839299299,
                -0.924398725426391,
                0,
                -0.9760821692702861,
                0.21740362045318576,
                -2.9802320777871927e-8,
                0,
                21.465293884277344,
                -9.863490104675291,
                2.6677017211914062,
                1
            ],
            "name": "clavicle_R"
        },
        "elbowHelper_L": {
            "children": [],
            "matrix": [
                0.9989131689071655,
                0.011904895305633545,
                -0.04506039619445801,
                0,
                -0.012805939697788704,
                0.9997227126882358,
                -0.019760757790325767,
                0,
                0.04481264748545616,
                0.02031631996027966,
                0.9987885409333095,
                0,
                20.808994293212898,
                -0.000007629394545460855,
                0.000011444091789769573,
                1
            ],
            "name": "elbowHelper_L"
        },
        "elbow_L": {
            "children": [
                "wrist_L",
                "elbowHelper_L"
            ],
            "matrix": [
                0.8045212030410762,
                -2.9802322443206464e-8,
                -0.5939239859580993,
                0,
                9.542235113180197e-9,
                1.0000000000000067,
                -3.7252901589901466e-8,
                0,
                0.5939239649328198,
                2.4303386081392375e-8,
                0.8045211745605226,
                0,
                35.600997924804695,
                0.000007629394545460855,
                -0.000009536743164950678,
                1
            ],
            "name": "elbow_L"
        },
        "elbow_R": {
            "children": [
                "wrist_R"
            ],
            "matrix": [
                0.8257135152816772,
                0.0076910257339479204,
                -0.5640370845794677,
                0,
                -0.03865576048106201,
                0.9983279118406185,
                -0.04297663908019969,
                0,
                0.5627634983781817,
                0.057289681092868416,
                0.8246302515311051,
                0,
                -35.817714691162095,
                -1.6234054565429688,
                -1.8999891281127939,
                1
            ],
            "name": "elbow_R"
        },
        "flap_Bk_R0C0": {
            "children": [
                "flap_Bk_R1C0"
            ],
            "matrix": [
                -0.04894525185227115,
                -3.9287304067365414e-8,
                -0.9988014698028564,
                0,
                0.9988014698028546,
                9.646372041515733e-7,
                -0.04894525185230901,
                0,
                9.654039710420704e-7,
                -0.9999999999999998,
                -7.97419374647444e-9,
                0,
                -11.662971496582031,
                -8.469909667968748,
                -0.3610992431640625,
                1
            ],
            "name": "flap_Bk_R0C0"
        },
        "flap_Bk_R0C1": {
            "children": [
                "flap_Bk_R1C1"
            ],
            "matrix": [
                -0.04894525185227115,
                -3.9287304067365414e-8,
                -0.9988014698028564,
                0,
                0.9988014698028546,
                9.646372041515733e-7,
                -0.04894525185230901,
                0,
                9.654039710420704e-7,
                -0.9999999999999998,
                -7.97419374647444e-9,
                0,
                -11.662971496582031,
                8.469907760620117,
                -0.3610992431640625,
                1
            ],
            "name": "flap_Bk_R0C1"
        },
        "flap_Bk_R1C0": {
            "children": [
                "flap_Bk_R2C0"
            ],
            "matrix": [
                0.9996961951255798,
                0.024651056155562394,
                2.6645352574460145e-15,
                0,
                -0.02465105615556242,
                0.9996961951255796,
                -0.0000038146970382513237,
                0,
                -9.403629879530787e-8,
                0.0000038135375154550395,
                0.9999999999999997,
                0,
                10.033172607421875,
                -0.000015258789055394573,
                0,
                1
            ],
            "name": "flap_Bk_R1C0"
        },
        "flap_Bk_R1C1": {
            "children": [
                "flap_Bk_R2C1"
            ],
            "matrix": [
                0.9996961951255798,
                0.024651056155562387,
                2.6645352706809043e-15,
                0,
                -0.024651056155562418,
                0.9996961951255797,
                -0.000009059906005859377,
                0,
                -2.2333621928810977e-7,
                0.00000905715213914437,
                0.9999999999999999,
                0,
                10.033164978027344,
                -0.000007629394524144573,
                0,
                1
            ],
            "name": "flap_Bk_R1C1"
        },
        "flap_Bk_R2C0": {
            "children": [],
            "matrix": [
                1.0000001192092898,
                1.86264514576151e-9,
                3.970466940254533e-23,
                0,
                -1.862645149230957e-9,
                1.0000001192092898,
                5.784261954624384e-13,
                0,
                1.0852609636695723e-21,
                -5.784261255110827e-13,
                1.0000000000000002,
                0,
                15.022407531738281,
                0.000003814697265625,
                -9.536743181826068e-7,
                1
            ],
