{
    "accessors": [
        {
            "bufferView": 0,
            "byteOffset": 0,
            "componentType": 5126,
            "count": 2564,
            "max": [
                83.9515151977539,
                46.297000885009766,
                164.09799194335938
            ],
            "min": [
                -83.95149993896484,
                -29.999608993530273,
                -1.8437572717666626
            ],
            "type": "VEC3"
        },
        {
            "bufferView": 0,
            "byteOffset": 30768,
            "componentType": 5126,
            "count": 2564,
            "max": [
                0.9988821744918823,
                0.9979013204574585,
                0.9999057650566101
            ],
            "min": [
                -0.9989815354347229,
                -0.9998688101768494,
                -0.9996543526649475
            ],
            "type": "VEC3"
        },
        {
            "bufferView": 0,
            "byteOffset": 61536,
            "componentType": 5126,
            "count": 2564,
            "max": [
                0.9983289837837219,
                0.9951481223106384
            ],
            "min": [
                0.0023938401136547327,
                0.001354992389678955
            ],
            "type": "VEC2"
        },
        {
            "bufferView": 0,
            "byteOffset": 82048,
            "componentType": 5123,
            "count": 2564,
            "max": [
                47,
                47,
                47,
                0
            ],
            "min": [
                0,
                0,
                0,
                0
            ],
            "type": "VEC4"
        },
        {
            "bufferView": 0,
            "byteOffset": 102560,
            "componentType": 5126,
            "count": 2564,
            "max": [
                1,
                0.9344571232795715,
                0.8200518488883972,
                0
            ],
            "min": [
                0.06399611383676529,
                0,
                0,
                0
            ],
            "type": "VEC4"
        },
        {
            "bufferView": 2,
            "byteOffset": 0,
            "componentType": 5123,
            "count": 12324,
            "max": [
                2563
            ],
            "min": [
                0
            ],
            "type": "SCALAR"
        },
        {
            "bufferView": 1,
            "byteOffset": 0,
            "componentType": 5126,
            "count": 48,
            "max": [
                0.9975446525675417,
                1.0000000596045575,
                0.9999999999999338,
                0,
                0.9840241704713169,
                0.9774515842184734,
                0.9974087658530142,
                0,
                0.9974087658534225,
                0.9999999999998186,
                1,
                0,
                101.72653380322583,
                117.97216027318883,
                114.42289145487231,
                1
            ],
            "min": [
                -0.9817487567710597,
                -0.7509302839561222,
                -0.9999999999993561,
                0,
                -0.9999999999999742,
                -0.9997044518806621,
                -0.9975445984602926,
                0,
                -0.9997044519019752,
                -0.712161974156468,
                -0.8845457258285613,
                0,
                -106.61172518531824,
                -175.1333059372608,
                -156.012023925774,
                1
            ],
            "type": "MAT4"
        },
        {
            "bufferView": 0,
            "byteOffset": 143584,
            "componentType": 5126,
            "count": 206,
            "max": [
                77.57487487792969,
                8.527297019958496,
                121.66511535644531
            ],
            "min": [
                -77.77975463867188,
                -20.88191795349121,
                88.50685119628906
            ],
            "type": "VEC3"
        },
        {
            "bufferView": 0,
            "byteOffset": 146056,
            "componentType": 5126,
            "count": 206,
            "max": [
                0.9891324639320374,
                0.9830965995788574,
                0.9978641867637634
            ],
            "min": [
                -0.9830657243728638,
                -0.9927684664726257,
                -0.996070146560669
            ],
            "type": "VEC3"
        },
        {
            "bufferView": 0,
            "byteOffset": 148528,
            "componentType": 5126,
            "count": 206,
            "max": [
                0.9950829744338989,
                0.9929733872413635
            ],
            "min": [
                0.008844849653542042,
                0.008849024772644043
            ],
            "type": "VEC2"
        },
        {
            "bufferView": 0,
            "byteOffset": 150176,
            "componentType": 5123,
            "count": 206,
            "max": [
                4,
                8,
                8,
                0
            ],
            "min": [
                0,
                0,
                0,
                0
            ],
            "type": "VEC4"
        },
        {
            "bufferView": 0,
            "byteOffset": 151824,
            "componentType": 5126,
            "count": 206,
            "max": [
                1,
                0.9474111199378967,
                0.3367481231689453,
                0
            ],
            "min": [
                0.052588898688554764,
                0,
                0,
                0
            ],
            "type": "VEC4"
        },
        {
            "bufferView": 2,
            "byteOffset": 24648,
            "componentType": 5123,
            "count": 864,
            "max": [
                205
            ],
            "min": [
                0
            ],
            "type": "SCALAR"
        },
        {
            "bufferView": 1,
            "byteOffset": 3072,
            "componentType": 5126,
            "count": 9,
            "max": [
                0.6651559682169086,
                0.8705668018850126,
                1.0000001192091488,
                0,
                0.9999997615810653,
                0.559476724413509,
                0.987373848089544,
                0,
                0.5653362427799984,
                0.999999999999769,
                0.8308256637056503,
                0,
                91.4102344384995,
                113.03336778438661,
                68.8845637243975,
                1
            ],
            "min": [
                -0.31446443582680045,
                -0.7319058204614268,
                -0.8226410062869364,
                0,
                -1.0000001788138035,
                -0.5594771613430793,
                -0.8281705227957955,
                0,
                -0.7445316549852586,
                -1.0000001192092198,
                -0.6400163867683569,
                0,
                -52.543183428740136,
                -113.03337534900349,
                -110.6203304861335,
                1
            ],
            "type": "MAT4"
        },
        {
            "bufferView": 0,
            "byteOffset": 155120,
            "componentType": 5126,
            "count": 98,
            "max": [
                38.86848449707031,
                75.48474884033203,
                8.484604835510254
            ],
            "min": [
                -20.47551727294922,
                -23.718074798583984,
                -8.484576225280762
            ],
            "type": "VEC3"
        },
        {
            "bufferView": 0,
            "byteOffset": 156296,
            "componentType": 5126,
            "count": 98,
            "max": [
                0.9944183230400085,
                0.9999029040336609,
                0.998157262802124
            ],
            "min": [
                -0.9824734926223755,
                -0.9967827200889587,
                -0.9981571435928345
            ],
            "type": "VEC3"
        },
        {
            "bufferView": 0,
            "byteOffset": 157472,
            "componentType": 5126,
            "count": 98,
            "max": [
                0.9976879954338074,
                0.9870626926422119
            ],
            "min": [
                0.01231169980019331,
                0.002937018871307373
            ],
            "type": "VEC2"
        },
        {
            "bufferView": 0,
            "byteOffset": 158256,
            "componentType": 5123,
            "count": 98,
            "max": [
                0,
                0,
                0,
                0
            ],
            "min": [
                0,
                0,
                0,
                0
            ],
            "type": "VEC4"
        },
        {
            "bufferView": 0,
            "byteOffset": 159040,
            "componentType": 5126,
            "count": 98,
            "max": [
                1,
                0,
                0,
                0
            ],
            "min": [
                1,
                0,
                0,
                0
            ],
            "type": "VEC4"
        },
        {
            "bufferView": 2,
            "byteOffset": 26376,
            "componentType": 5123,
            "count": 486,
            "max": [
                97
            ],
            "min": [
                0
            ],
            "type": "SCALAR"
        },
        {
            "bufferView": 1,
            "byteOffset": 3648,
            "componentType": 5126,
            "count": 1,
            "max": [
                4.76837158264285e-7,
                -0.9999999999995985,
                5.364418030395314e-7,
                0,
                0.9999999999997726,
                4.76837158264202e-7,
                -2.557341525956403e-13,
                0,
                -6.123233995735373e-17,
                5.36441803039645e-7,
                0.9999999999996141,
                0,
                0.00007438660759360701,
                -0.00002288814403072128,
                0.000007629406809406504,
                1
            ],
            "min": [
                4.76837158264285e-7,
                -0.9999999999995985,
                5.364418030395314e-7,
                0,
                0.9999999999997726,
                4.76837158264202e-7,
                -2.557341525956403e-13,
                0,
                -6.123233995735373e-17,
                5.36441803039645e-7,
                0.9999999999996141,
                0,
                0.00007438660759360701,
                -0.00002288814403072128,
                0.000007629406809406504,
                1
            ],
            "type": "MAT4"
        },
        {
            "bufferView": 0,
            "byteOffset": 160608,
            "componentType": 5126,
            "count": 756,
            "max": [
                15.759005546569824,
                100.44896697998047,
                179.9479522705078
            ],
            "min": [
                -15.758994102478027,
                -40.62831115722656,
                133.13694763183594
            ],
            "type": "VEC3"
        },
        {
            "bufferView": 0,
            "byteOffset": 169680,
            "componentType": 5126,
            "count": 756,
            "max": [
                0.9998222589492798,
                0.949566125869751,
                0.997849702835083
            ],
            "min": [
                -0.9999037981033325,
                -0.9999637603759766,
                -0.9996688365936279
            ],
            "type": "VEC3"
        },
        {
            "bufferView": 0,
            "byteOffset": 178752,
            "componentType": 5126,
            "count": 756,
            "max": [
                0.9947819709777832,
                0.9955184459686279
            ],
            "min": [
                0.006946600042283535,
                0.004481971263885498
            ],
            "type": "VEC2"
        },
        {
            "bufferView": 0,
            "byteOffset": 184800,
            "componentType": 5123,
            "count": 756,
            "max": [
                5,
                6,
                9,
                0
            ],
            "min": [
                0,
                0,
                0,
                0
            ],
            "type": "VEC4"
        },
        {
            "bufferView": 0,
            "byteOffset": 190848,
            "componentType": 5126,
            "count": 756,
            "max": [
                1,
                0.9993947148323059,
                0.9552819132804871,
                0
            ],
            "min": [
                0.00014424145047087222,
                0,
                0,
                0
            ],
            "type": "VEC4"
        },
        {
            "bufferView": 2,
            "byteOffset": 27348,
            "componentType": 5123,
            "count": 3774,
            "max": [
                755
            ],
            "min": [
                0
            ],
            "type": "SCALAR"
        },
        {
            "bufferView": 1,
            "byteOffset": 3712,
            "componentType": 5126,
            "count": 10,
            "max": [
                0.9027055478404975,
                0.9999999999999938,
                0.9999999999998774,
                0,
                0.9998373593010064,
                0.7812136326352784,
                0.812139982250463,
                0,
                0.8121399822504665,
                0.9998373593010227,
                1.0000001788138098,
                0,
                47.169153609173065,
                0.000008388183828127711,
                0.00001044485939001575,
                1
            ],
            "min": [
                -4.280193428576836e-7,
                -4.0435496968026986e-7,
                -3.325545162615756e-7,
                0,
                -1.0000001788138044,
                -0.3927506256195624,
                -0.5781055871864622,
                0,
                -0.436930987630213,
                -6.004310630494584e-8,
                -6.475434577290824e-8,
                0,
                -93.26924660836261,
                -177.91822076293488,
                -156.0120518228858,
                1
            ],
            "type": "MAT4"
        },
        {
            "bufferView": 0,
            "byteOffset": 202944,
            "componentType": 5126,
            "count": 178,
            "max": [
                -2.641085624694824,
                37.285186767578125,
                165.3881378173828
            ],
            "min": [
                -46.63871383666992,
                -14.582805633544922,
                129.1232452392578
            ],
            "type": "VEC3"
        },
        {
            "bufferView": 0,
            "byteOffset": 205080,
            "componentType": 5126,
            "count": 178,
            "max": [
                0.9923886060714722,
                0.9198582172393799,
                0.9816301465034485
            ],
            "min": [
                -0.9870425462722778,
                -0.9503448009490967,
                -0.998590886592865
            ],
            "type": "VEC3"
        },
        {
            "bufferView": 0,
            "byteOffset": 207216,
            "componentType": 5126,
            "count": 178,
            "max": [
                0.9905920028686523,
                0.9929836988449097
            ],
            "min": [
                0.00963031966239214,
                0.0011029839515686035
            ],
            "type": "VEC2"
        },
        {
            "bufferView": 0,
            "byteOffset": 208640,
            "componentType": 5123,
            "count": 178,
            "max": [
                2,
                7,
                6,
                0
            ],
            "min": [
                0,
                0,
                0,
                0
            ],
            "type": "VEC4"
        },
        {
            "bufferView": 0,
            "byteOffset": 210064,
            "componentType": 5126,
            "count": 178,
            "max": [
                1,
                0.9980831742286682,
                0.5162125825881958,
                0
            ],
            "min": [
                0.0008439946686848998,
                0,
                0,
                0
            ],
            "type": "VEC4"
        },
        {
            "bufferView": 2,
            "byteOffset": 34896,
            "componentType": 5123,
            "count": 834,
            "max": [
                177
            ],
            "min": [
                0
            ],
            "type": "SCALAR"
        },
        {
            "bufferView": 1,
            "byteOffset": 4352,
            "componentType": 5126,
            "count": 8,
            "max": [
                0.9022887972548941,
                0.9999999999999944,
                0.9999999999999772,
                0,
                0.9840240656459252,
                0.6793952219730987,
                0.812140151134139,
                0,
                0.8121401511341396,
                0.9840240656459333,
                1,
                0,
                24.738672256469062,
                82.35221958003197,
                114.13466958146083,
                1
            ],
            "min": [
                -0.9808244331146835,
                -0.7319055492623457,
                -0.14792452905338518,
                0,
                -0.9999999999999732,
                -0.7991241519751265,
                -0.9873740246530295,
                0,
                -0.17803452721020468,
                -0.4720061150869229,
                -0.7927150816881947,
                0,
                -93.26927589657629,
                -175.13326160544543,
                -156.01205444335332,
                1
            ],
            "type": "MAT4"
        },
        {
            "bufferView": 0,
            "byteOffset": 212912,
            "componentType": 5126,
            "count": 250,
            "max": [
                14.813474655151367,
                87.31752014160156,
                7.529178142547607
            ],
            "min": [
                -13.624320030212402,
                -173.6896514892578,
                -6.434679985046387
            ],
            "type": "VEC3"
        },
        {
            "bufferView": 0,
            "byteOffset": 215912,
            "componentType": 5126,
            "count": 250,
            "max": [
                0.9992283582687378,
                0.8872892260551453,
                0.9998701214790344
            ],
            "min": [
                -0.9994292855262756,
                -0.988145112991333,
                -0.9969063997268677
            ],
            "type": "VEC3"
        },
        {
            "bufferView": 0,
            "byteOffset": 218912,
            "componentType": 5126,
            "count": 250,
            "max": [
                0.9912070035934448,
                0.9957972168922424
            ],
            "min": [
                0.008534640073776245,
                0.0062239766120910645
            ],
            "type": "VEC2"
        },
        {
            "bufferView": 0,
            "byteOffset": 220912,
            "componentType": 5123,
            "count": 250,
            "max": [
                0,
                0,
                0,
                0
            ],
            "min": [
                0,
                0,
                0,
                0
            ],
            "type": "VEC4"
        },
        {
            "bufferView": 0,
            "byteOffset": 222912,
            "componentType": 5126,
            "count": 250,
            "max": [
                1,
                0,
                0,
                0
            ],
            "min": [
                1,
                0,
                0,
                0
            ],
            "type": "VEC4"
        },
        {
            "bufferView": 2,
            "byteOffset": 36564,
            "componentType": 5123,
            "count": 1116,
            "max": [
                249
            ],
            "min": [
                0
            ],
            "type": "SCALAR"
        },
        {
            "bufferView": 1,
            "byteOffset": 4864,
            "componentType": 5126,
            "count": 1,
            "max": [
                5.138199191502028e-7,
                -0.9999999999997353,
                -1.788139344869534e-7,
                0,
                0.9999998807904618,
                5.138199804023097e-7,
                9.1939404653728e-14,
                0,
                -6.123233265791489e-17,
                -1.788139344869623e-7,
                0.9999999999999494,
                0,
                -0.000018119805931529447,
                -0.000007629399748843273,
                -0.000022888184957992557,
                1
            ],
            "min": [
                5.138199191502028e-7,
                -0.9999999999997353,
                -1.788139344869534e-7,
                0,
                0.9999998807904618,
                5.138199804023097e-7,
                9.1939404653728e-14,
                0,
                -6.123233265791489e-17,
                -1.788139344869623e-7,
                0.9999999999999494,
                0,
                -0.000018119805931529447,
                -0.000007629399748843273,
                -0.000022888184957992557,
                1
            ],
            "type": "MAT4"
        }
    ],
    "asset": {
        "generator": "ClayGL - fbx2gltf",
        "version": "2.0"
    },
    "bufferViews": [
        {
            "buffer": 0,
            "byteLength": 226912,
            "byteOffset": 0,
            "target": 34962
        },
        {
            "buffer": 0,
            "byteLength": 4928,
            "byteOffset": 226912,
            "target": 34962
        },
        {
            "buffer": 0,
            "byteLength": 38796,
            "byteOffset": 231840,
            "target": 34963
        }
    ],
    "buffers": [
        {
            "byteLength": 270636,
            "uri": "huskar.bin"
        }
    ],
    "images": [
        {
            "uri": "textures/huskar_body.png"
        },
        {
            "uri": "textures/huskar_bracer.png"
        },
        {
            "uri": "textures/huskar_dagger.png"
        },
        {
            "uri": "textures/huskar_helmet.png"
        },
        {
            "uri": "textures/huskar_shoulder.png"
        },
        {
            "uri": "textures/huskar_spear.png"
        }
    ],
    "materials": [
        {
            "emissiveFactor": [
                0,
                0,
                0
            ],
            "name": "Material #35",
            "pbrMetallicRoughness": {
                "baseColorFactor": [
                    1,
                    1,
                    1,
                    1
                ],
                "baseColorTexture": {
                    "index": 0,
                    "texCoord": 0
                },
                "metallicFactor": 0,
                "roughnessFactor": 0.9230769230769231
            }
        },
        {
            "emissiveFactor": [
                0,
                0,
                0
            ],
            "name": "Material #46",
            "pbrMetallicRoughness": {
                "baseColorFactor": [
                    1,
                    1,
                    1,
                    1
                ],
                "baseColorTexture": {
                    "index": 1,
                    "texCoord": 0
                },
                "metallicFactor": 0,
                "roughnessFactor": 0.9230769230769231
            }
        },
        {
            "emissiveFactor": [
                0,
                0,
                0
            ],
            "name": "Material #57",
            "pbrMetallicRoughness": {
                "baseColorFactor": [
                    1,
                    1,
                    1,
                    1
                ],
                "baseColorTexture": {
                    "index": 2,
                    "texCoord": 0
                },
                "metallicFactor": 0,
                "roughnessFactor": 0.9230769230769231
            }
        },
        {
            "emissiveFactor": [
                0,
                0,
                0
            ],
            "name": "Material #68",
            "pbrMetallicRoughness": {
                "baseColorFactor": [
                    1,
                    1,
                    1,
                    1
                ],
                "baseColorTexture": {
                    "index": 3,
                    "texCoord": 0
                },
                "metallicFactor": 0,
                "roughnessFactor": 0.9230769230769231
            }
        },
        {
            "emissiveFactor": [
                0,
                0,
                0
            ],
            "name": "Material #79",
            "pbrMetallicRoughness": {
                "baseColorFactor": [
                    1,
                    1,
                    1,
                    1
                ],
                "baseColorTexture": {
                    "index": 4,
                    "texCoord": 0
                },
                "metallicFactor": 0,
                "roughnessFactor": 0.9230769230769231
            }
        },
        {
            "emissiveFactor": [
                0,
                0,
                0
            ],
            "name": "Material #90",
            "pbrMetallicRoughness": {
                "baseColorFactor": [
                    1,
                    1,
                    1,
                    1
                ],
                "baseColorTexture": {
                    "index": 5,
                    "texCoord": 0
                },
                "metallicFactor": 0,
                "roughnessFactor": 0.9230769230769231
            }
        }
    ],
    "meshes": [
        {
            "name": "huskar_model_LOD0",
            "primitives": [
                {
                    "attributes": {
                        "JOINTS_0": 3,
                        "NORMAL": 1,
                        "POSITION": 0,
                        "TEXCOORD_0": 2,
                        "WEIGHTS_0": 4
                    },
                    "indices": 5,
                    "material": 0
                }
            ]
        },
        {
            "name": "huskar_bracer_model",
            "primitives": [
                {
                    "attributes": {
                        "JOINTS_0": 10,
                        "NORMAL": 8,
                        "POSITION": 7,
                        "TEXCOORD_0": 9,
                        "WEIGHTS_0": 11
                    },
                    "indices": 12,
                    "material": 1
                }
            ]
        },
        {
            "name": "huskar_dagger_model",
            "primitives": [
                {
                    "attributes": {
                        "JOINTS_0": 17,
                        "NORMAL": 15,
                        "POSITION": 14,
                        "TEXCOORD_0": 16,
                        "WEIGHTS_0": 18
                    },
                    "indices": 19,
                    "material": 2
                }
            ]
        },
        {
            "name": "huskar_helmet_model_LOD0",
            "primitives": [
                {
                    "attributes": {
                        "JOINTS_0": 24,
                        "NORMAL": 22,
                        "POSITION": 21,
                        "TEXCOORD_0": 23,
                        "WEIGHTS_0": 25
                    },
                    "indices": 26,
                    "material": 3
                }
            ]
        },
        {
            "name": "huskar_shoulder_model",
            "primitives": [
                {
                    "attributes": {
                        "JOINTS_0": 31,
                        "NORMAL": 29,
                        "POSITION": 28,
                        "TEXCOORD_0": 30,
                        "WEIGHTS_0": 32
                    },
                    "indices": 33,
                    "material": 4
                }
            ]
        },
        {
            "name": "huskar_spear_model",
            "primitives": [
                {
                    "attributes": {
                        "JOINTS_0": 38,
                        "NORMAL": 36,
                        "POSITION": 35,
                        "TEXCOORD_0": 37,
                        "WEIGHTS_0": 39
                    },
                    "indices": 40,
                    "material": 5
                }
            ]
        }
    ],
    "nodes": [
        {
            "children": [
                1,
                42
            ],
            "matrix": [
                1.6292068478213574e-7,
                1.469367938527879e-39,
                1.0000000000000002,
                0,
                1.0000000000000002,
                6.123233995736847e-17,
                -1.6292068478213574e-7,
                0,
                -6.123233995736685e-17,
                1,
                9.976014756666736e-24,
                0,
                0,
                97.96826171875,
                -24.738672256469727,
                1
            ],
            "name": "Root_0"
        },
        {
            "children": [
                2
            ],
            "matrix": [
                0.07194242626428583,
                3.308722450212111e-24,
                0.9974088072776796,
                0,
                4.7560158122905705e-7,
                1.0000000000000002,
                -3.4304822094099906e-8,
                0,
                -0.9974088072776798,
                4.768371780070665e-7,
                0.07194242626428582,
                0,
                -0.31496429443359375,
                -4.547473517334971e-13,
                10.7275390625,
                1
            ],
            "name": "Spine_0"
        },
        {
            "children": [
                3
            ],
            "matrix": [
                0.9702225923538206,
                2.6469779601696886e-23,
                -0.24221575260162365,
                0,
                1.1904224046400043e-7,
                1.0000000000000002,
                4.768371582031251e-7,
                0,
                0.24221575260162348,
                -4.914720896278362e-7,
                0.9702225923538207,
                0,
                10.902786254882812,
                -1.6940658945086007e-21,
                -0.000007629394524144573,
                1
            ],
            "name": "Spine_1"
        },
        {
            "children": [
                4,
                19,
                27
            ],
            "matrix": [
                0.9534459114074706,
                2.555733829012751e-7,
                -0.3015633225440978,
                0,
                -2.0816448730761055e-7,
                0.9999999999999994,
                1.8934598244868354e-7,
                0,
                0.30156332254412677,
                -1.177563783789486e-7,
                0.9534459114074615,
                0,
                10.82558441162108,
                0.0000032699381335987676,
                0.00000762939453125,
                1
            ],
            "name": "Spine_2"
        },
        {
            "children": [
                5,
                6
            ],
            "matrix": [
                0.20096752047538777,
                0.9022886753082274,
                0.3814277052879335,
                0,
                0.08292377045242355,
                0.3723046839299298,
                -0.924398725426391,
                0,
                -0.9760821692702863,
                0.2174036204531858,
                -2.9802320833383078e-8,
                0,
                21.465293884277344,
                -9.863490104675295,
                2.6677017211914062,
                1
            ],
            "name": "clavicle_R"
        },
        {
            "matrix": [
                -0.8047720789909365,
                -0.5393943190574645,
                -0.24778121709823603,
                0,
                0.5795395370477542,
                -0.8042663490006947,
                -0.13148913710592608,
                0,
                -0.128357571490702,
                -0.24941774024551866,
                0.9598512131332824,
                0,
                -9.085285186767578,
                -0.25780487060546875,
                -2.0353240966796875,
                1
            ],
            "name": "sh_Pad1_0"
        },
        {
            "children": [
                7
            ],
            "matrix": [
                0.8764166831970219,
                -0.05829489231109611,
                -0.47801172733306874,
                0,
                -0.3753304704145917,
                -0.7045912281602773,
                -0.602227518183889,
                0,
                -0.30169608960436595,
                0.7072146289885797,
                -0.6393953732631508,
                0,
                -13.977737426757812,
                -0.000007629394517039145,
                1.4210854715202004e-14,
                1
            ],
            "name": "bicep_R"
        },
        {
            "children": [
                8
            ],
            "matrix": [
                0.8257135152816771,
                0.0076910257339480315,
                -0.5640370845794678,
                0,
                -0.0386557604810621,
                0.9983279118406182,
                -0.04297663908019966,
                0,
                0.5627634983781815,
                0.05728968109286829,
                0.8246302515311049,
                0,
                -35.8177146911621,
                -1.6234054565429688,
                -1.899989128112793,
                1
            ],
            "name": "elbow_R"
        },
        {
            "children": [
                9,
                12,
                14,
                17,
                18
            ],
            "matrix": [
                0.5110518336296083,
                0.19221262633800515,
                -0.8377832174301146,
                0,
                0.5879242522830413,
                0.6328499811627731,
                0.5038314391360181,
                0,
                0.6270339453442665,
                -0.7500371575494921,
                0.21041270813857002,
                0,
                -37.33840179443358,
                1.7340545654296875,
                3.1320953369140625,
                1
            ],
            "name": "wrist_R"
        },
        {
            "children": [
                10
            ],
            "matrix": [
                0.7011774182319638,
                0.5956328511238099,
                0.3918821513652801,
                0,
                -0.49200852969504766,
                0.006422942020991757,
                0.8705667102789567,
                0,
                0.5160210548566543,
                -0.8032310163104079,
                0.297560041844384,
                0,
                -11.742689132690433,
                0.06890869140625,
                -5.2309341430664205,
                1
            ],
            "name": "mid_0_R"
        },
        {
            "children": [
                11
            ],
            "matrix": [
                0.9735890626907349,
                -6.062909958526319e-7,
                -0.2283066809177398,
                0,
                5.152876236258486e-7,
                0.9999999403952757,
                -4.5821070576712586e-7,
                0,
                0.22830677831936097,
                3.2846548442266865e-7,
                0.9735894780485044,
                0,
                -7.42401123046875,
                0.00000762939453125,
                -0.00000762939453125,
                1
            ],
            "name": "mid_1_R"
        },
        {
            "matrix": [
                0.9597669839859009,
                -0.2790992558002473,
                0.030835509300231878,
                0,
                0.27895539146708315,
                0.9602624202693097,
                0.008962139475276576,
                0,
                -0.032111507550446894,
                1.6599368746206267e-7,
                0.9994844184855373,
                0,
                -5.5559349060058665,
                -0.000003814697265625,
                0.000022888183607960855,
                1
            ],
            "name": "mid_2_R"
        },
        {
            "children": [
                13
            ],
            "matrix": [
                0.6929802298545836,
                0.7158027887344363,
                0.08605244755744938,
                0,
                0.559476856325123,
                -0.609202612638681,
                0.562012236831281,
                0,
                0.4547131174344615,
                -0.34131887745527734,
                -0.8226401260716334,
                0,
                -9.034255981445316,
                -4.795516967773452,
                4.709182739257798,
                1
            ],
            "name": "thumb_1_R"
        },
        {
            "matrix": [
                0.9111528992652892,
                0.36202505230903637,
                0.19681939482688898,
                0,
                -0.35386384218134403,
                0.9321684137025337,
                -0.07643684198925986,
                0,
                -0.21114095580487305,
                -0.0000016170806734494558,
                0.9774559038156687,
                0,
                -4.586669921874993,
                0,
                -0.000013351440431463857,
                1
            ],
            "name": "thumb_2_R"
        },
        {
            "children": [
                15
            ],
            "matrix": [
                0.696528434753418,
                0.5538194179534912,
                0.45621463656425487,
                0,
                -0.5161826928385868,
                -0.05488944527718408,
                0.8547177851667757,
                0,
                0.4984008260672118,
                -0.8308255931256211,
                0.24764001434964472,
                0,
                -14.20968246459961,
                0.21514129638671875,
                -2.1455841064453267,
                1
            ],
            "name": "index_0_R"
        },
        {
            "children": [
                16
            ],
            "matrix": [
                0.9426554441452029,
                4.3958425521850586e-7,
                -0.33376738429069536,
                0,
                -4.4917829311597046e-7,
                1.0000001192092867,
                4.842877099342502e-8,
                0,
                0.33376736437066856,
                1.0426940072472135e-7,
