{
    "accessors": {
        "attrbute_1": {
            "bufferView": "bufferView_7",
            "byteOffset": 0,
            "byteStride": 12,
            "count": 5203,
            "max": [
                117.7730941772461,
                69.07080841064453,
                254.41477966308594,
                0
            ],
            "min": [
                -144.57850646972656,
                -80.00466918945312,
                -0.289791077375412,
                0
            ],
            "type": 35665
        },
        "attrbute_2": {
            "bufferView": "bufferView_7",
            "byteOffset": 62436,
            "byteStride": 12,
            "count": 5203,
            "max": [
                0.9998307824134827,
                0.9998465776443481,
                0.9985447525978088,
                0
            ],
            "min": [
                -0.999915361404419,
                -0.9999423027038574,
                -0.9998567700386047,
                0
            ],
            "type": 35665
        },
        "attrbute_3": {
            "bufferView": "bufferView_7",
            "byteOffset": 124872,
            "byteStride": 8,
            "count": 5203,
            "max": [
                0.9959328770637512,
                0.9983510375022888
            ],
            "min": [
                0.0015710763400420547,
                0.00213700532913208
            ],
            "type": 35664
        },
        "attrbute_4": {
            "bufferView": "bufferView_7",
            "byteOffset": 166496,
            "byteStride": 16,
            "count": 5203,
            "max": [
                35,
                35,
                34,
                -1
            ],
            "min": [
                0,
                -1,
                -1,
                -1
            ],
            "type": 35666
        },
        "attrbute_5": {
            "bufferView": "bufferView_7",
            "byteOffset": 249744,
            "byteStride": 12,
            "count": 5203,
            "max": [
                1,
                0.9981344938278198,
                0.8437497615814209
            ],
            "min": [
                0.00023719646560493857,
                0,
                0
            ],
            "type": 35665
        },
        "indices_6": {
            "bufferView": "bufferView_9",
            "byteOffset": 0,
            "count": 27159,
            "type": 5123
        }
    },
    "animations": {},
    "asset": {},
    "bufferViews": {
        "bufferView_7": {
            "buffer": "tiny_04.bin",
            "byteLength": 312180,
            "byteOffset": 0,
            "target": 34962
        },
        "bufferView_8": {
            "buffer": "tiny_04.bin",
            "byteLength": 2304,
            "byteOffset": 312180
        },
        "bufferView_9": {
            "buffer": "tiny_04.bin",
            "byteLength": 54318,
            "byteOffset": 314484,
            "target": 34963
        }
    },
    "buffers": {
        "tiny_04.bin": {
            "byteLength": 368802,
            "path": "tiny_04.bin"
        }
    },
    "cameras": {},
    "images": {
        "image_0": {
            "path": "textures/tiny_04_color.png"
        }
    },
    "lights": {},
    "materials": {
        "Material #35": {
            "instanceTechnique": {
                "technique": "technique_0",
                "values": {
                    "ambient": [
                        0.5879999995231628,
                        0.5879999995231628,
                        0.5879999995231628
                    ],
                    "diffuse": "Map #4",
                    "emission": [
                        0,
                        0,
                        0
                    ],
                    "shininess": 2,
                    "specular": [
                        0.8999999761581421,
                        0.8999999761581421,
                        0.8999999761581421
                    ],
                    "transparency": 1
                }
            },
            "name": "Material #35"
        }
    },
    "meshes": {
        "tiny_04_model_LOD0-mesh": {
            "name": "tiny_04_model_LOD0-mesh",
            "primitives": [
                {
                    "attributes": {
                        "JOINT": "attrbute_4",
                        "NORMAL": "attrbute_2",
                        "POSITION": "attrbute_1",
                        "TEXCOORD_0": "attrbute_3",
                        "WEIGHT": "attrbute_5"
                    },
                    "indices": "indices_6",
                    "material": "Material #35"
                }
            ]
        }
    },
    "nodes": {
        "RootA2_0": {
            "children": [
                "RootA2_1"
            ],
            "jointId": "RootA2_0",
            "matrix": [
                -0.14980256557464608,
                -0.9855762124061589,
                0.07873374223709109,
                0,
                0.9887163545246915,
                -0.14932686342045517,
                0.011929346253577654,
                0,
                -2.1712337103319967e-7,
                0.07963235145963377,
                0.996824443763967,
                0,
                -13.56245994567871,
                0.06824111938476562,
                16.448631286621097,
                1
            ],
            "name": "RootA2_0"
        },
        "RootA2_1": {
            "children": [],
            "jointId": "RootA2_1",
            "matrix": [
                0.9157539606094363,
                -0.32655805349349976,
                0.23399671912193293,
                0,
                0.30577539517125457,
                0.944352132294268,
                0.12124428520160804,
                0,
                -0.2605687104351042,
                -0.039479512087271684,
                0.9646480378817832,
                0,
                16.155557632446286,
                0.000007629394529473643,
                -0.00000762939453125,
                1
            ],
            "name": "RootA2_1"
        },
        "RootB3_0": {
            "children": [],
            "jointId": "RootB3_0",
            "matrix": [
                6.123261519978527e-17,
                -2.117582368135751e-22,
                -1.0000002384187203,
                0,
                1.0000001192092902,
                -1.7136338208972785e-7,
                6.123236709876442e-17,
                0,
                -1.7136338208975273e-7,
                -1.0000001192094354,
                2.117582368135751e-22,
                0,
                -12.821175575256348,
                3.7958850860595703,
                -20.777696609497067,
                1
            ],
            "name": "RootB3_0"
        },
        "RootC4_0": {
            "children": [],
            "jointId": "RootC4_0",
            "matrix": [
                0.20745588839054113,
                -0.49001953005790727,
                0.8466659188270569,
                0,
                0.978244750989652,
                0.10391817460090405,
                -0.179552165047739,
                0,
                9.075623101968056e-8,
                0.8654952927985016,
                0.500917266640525,
                0,
                22.765817642211914,
                0.3679533004760742,
                -14.290346145629883,
                1
            ],
            "name": "RootC4_0"
        },
        "RootD5_0": {
            "children": [],
            "jointId": "RootD5_0",
            "matrix": [
                6.123261519978527e-17,
                -2.117582368135751e-22,
                -1.0000002384187203,
                0,
                1.0000001192092902,
                -1.7136338208972785e-7,
                6.123236709876442e-17,
                0,
                -1.7136338208975273e-7,
                -1.0000001192094354,
                2.117582368135751e-22,
                0,
                15.082710266113285,
                -1.5102300643920898,
                17.463651657104492,
                1
            ],
            "name": "RootD5_0"
        },
        "Tree_1": {
            "children": [
                "RootA2_0",
                "RootB3_0",
                "RootC4_0",
                "RootD5_0",
                "TrunkA6_0",
                "TrunkB7_0"
            ],
            "jointId": "Tree_1",
            "matrix": [
                0.2027058750391006,
                -0.9199692010879515,
                0.33550930023193365,
                0,
                -0.9573010224844887,
                -0.2582884064789528,
                -0.12985284607628192,
                0,
                0.2061187773166401,
                -0.29486145527657903,
                -0.9330440150063798,
                0,
                54.287567138671875,
                123.6388931274414,
                4.039589405059818,
                1
            ],
            "name": "Tree_1"
        },
        "TrunkA6_0": {
            "children": [
                "TrunkA6_1"
            ],
            "jointId": "TrunkA6_0",
            "matrix": [
                -0.0006142722559159853,
                0.9843949079513549,
                0.17597420513629913,
                0,
                0.3158718296387724,
                -0.1667736807507093,
                0.9340300374442275,
                0,
                0.948801936335052,
                0.05615902262291206,
                -0.3108400640724723,
                0,
                -6.34185791015625,
                88.67532348632814,
                11.85985469818115,
                1
            ],
            "name": "TrunkA6_0"
        },
        "TrunkA6_1": {
            "children": [],
            "jointId": "TrunkA6_1",
            "matrix": [
                0.9857650995254514,
                0.0000010430812835970915,
                -0.1681272387504577,
                0,
                -0.0000010500425464965435,
                0.9999996423719795,
                4.749745004944961e-8,
                0,
                0.16812725471649728,
                1.297194839669502e-7,
                0.9857651931384791,
                0,
                35.02965545654298,
                0.00002288818359375,
                9.536743172944284e-7,
                1
            ],
            "name": "TrunkA6_1"
        },
        "TrunkB7_0": {
            "children": [
                "TrunkB7_1"
            ],
            "jointId": "TrunkB7_0",
            "matrix": [
                -0.025925690308213428,
                0.9949971437454221,
                0.09648171812295916,
                0,
                0.30540328881359813,
                0.09978331552371637,
                -0.9469806781240662,
                0,
                -0.9518704391739695,
                0.004914706770813415,
                -0.3064623847306567,
                0,
                0.4706303775310517,
                92.01402282714845,
                -3.749671936035156,
                1
            ],
            "name": "TrunkB7_0"
        },
        "TrunkB7_1": {
            "children": [
                "TrunkB7_2",
                "TrunkC8_0"
            ],
            "jointId": "TrunkB7_1",
            "matrix": [
                0.9965180754661561,
                -1.3877787807814457e-17,
                -0.08337631076574327,
                0,
                6.352554947353095e-8,
                0.9999999403953563,
                7.592607269524222e-7,
                0,
                0.08337629059394164,
                -7.619134254309434e-7,
                0.9965178343717167,
                0,
                36.03256988525392,
                -0.000030517578125,
                0.000015258789062277955,
                1
            ],
            "name": "TrunkB7_1"
        },
        "TrunkB7_2": {
            "children": [],
            "jointId": "TrunkB7_2",
            "matrix": [
                0.998512625694275,
                -0.02624831348657608,
                0.047787141054868726,
                0,
                0.026218303787358316,
                0.9996556041345792,
                0.0012548631001567476,
                0,
                -0.0478036284928148,
                -9.886773322601017e-8,
                0.9988570765126318,
                0,
                36.82859039306638,
                0.000003814697265625,
                -9.536743181826068e-7,
                1
            ],
            "name": "TrunkB7_2"
        },
        "TrunkC8_0": {
            "children": [
                "TrunkC8_1"
            ],
            "jointId": "TrunkC8_0",
            "matrix": [
                0.8685241937637331,
                0.15653911232948303,
                0.4702783226966859,
                0,
                0.38468330397969003,
                0.3854128335207506,
                -0.8387351069495471,
                0,
                -0.3125460123061621,
                0.9093695508372779,
                0.27452226661107976,
                0,
                0.06896972656248579,
                4.7584381103515625,
                8.920212745666506,
                1
            ],
            "name": "TrunkC8_0"
        },
        "TrunkC8_1": {
            "children": [],
            "jointId": "TrunkC8_1",
            "matrix": [
                0.8950492739677426,
                0.33747723698616006,
                -0.2915405333042144,
                0,
                -0.35280377981007194,
                0.9356970962459226,
                -0.0000010162395938344078,
                0,
                0.27279334866371224,
                0.10285753476667454,
                0.9565584659542054,
                0,
                48.141990661621094,
                0.00004196166992898043,
                -0.0000171661376953125,
                1
            ],
            "name": "TrunkC8_1"
        },
        "ankle_R": {
            "children": [],
            "jointId": "ankle_R",
            "matrix": [
                0.13283187150955195,
                -0.11584314703941331,
                0.9843456745147708,
                0,
                0.18265591131094286,
                0.9789967948457886,
                0.09056528150912509,
                0,
                -0.9741623954730012,
                0.16776656041203988,
                0.15120137602512745,
                0,
                -32.70353698730469,
                -0.00000762939453125,
                -0.0000019073486363652137,
                1
            ],
            "name": "ankle_R"
        },
        "beard_LF": {
            "children": [],
            "jointId": "beard_LF",
            "matrix": [
                -2.8212997443250276e-7,
                0.9999999999999996,
                -2.9802322387695297e-7,
                0,
                0.2383978366851145,
                3.566896640335992e-7,
                0.971167564392106,
                0,
                0.971167564392089,
                2.0294738825740596e-7,
                -0.23839783668518474,
                0,
                18.288883209228516,
                20.284362792968746,
                -26.519515991210938,
                1
            ],
            "name": "beard_LF"
        },
        "beard_RT": {
            "children": [],
            "jointId": "beard_RT",
            "matrix": [
                -1.629206851037603e-7,
                1.0000000000000002,
                -1.490116119384766e-7,
                0,
                0.23839783668516026,
                1.8355518311243095e-7,
                0.9711675643920952,
                0,
                0.9711675643920897,
                1.2269923901420474e-7,
                -0.23839783668518208,
                0,
                18.288890838623047,
                -15.674949645996094,
                -26.51945495605466,
                1
            ],
            "name": "beard_RT"
        },
        "bicep_L": {
            "children": [
                "elbow_L"
            ],
            "jointId": "bicep_L",
            "matrix": [
                0.20163674652576463,
                -0.6548618078231812,
                -0.7283536195755006,
                0,
                -0.6151655559368647,
                -0.6633328653235451,
                0.4260998638015474,
                0,
                -0.7621773215371377,
                0.36214062202115194,
                -0.5366006391802374,
                0,
                53.10812759399413,
                -0.000091552734375,
                -0.00003814697265625,
                1
            ],
            "name": "bicep_L"
        },
        "bicep_R": {
            "children": [
                "elbow_R"
            ],
            "jointId": "bicep_R",
            "matrix": [
                0.4040445983409885,
                -0.5901708602905276,
                -0.6988897323608403,
                0,
                -0.9146857954015938,
                -0.26894956348762455,
                -0.3016894508390483,
                0,
                -0.009917763066244116,
                0.7611603014303946,
                -0.6484883487667467,
                0,
                -37.41485595703126,
                0.000030517578125,
                -0.000015258789083816282,
                1
            ],
            "name": "bicep_R"
        },
        "clavicle_L": {
            "children": [
                "shoulder_rock_JNT",
                "bicep_L"
            ],
            "jointId": "clavicle_L",
            "matrix": [
                0.6030152440071107,
                0.7106248140335083,
                -0.3624694645404817,
                0,
                0.23452349327813535,
                0.2763746950826211,
                0.9319956323753757,
                0,
                0.7624768516021907,
                -0.6470153831440114,
                -5.9604644719879474e-8,
                0,
                1.3323364257812642,
                15.524496078491211,
                18.23297119140625,
                1
            ],
            "name": "clavicle_L"
        },
        "clavicle_R": {
            "children": [
                "bicep_R"
            ],
            "jointId": "clavicle_R",
            "matrix": [
                -0.5578863024711609,
                0.7723066210746765,
                0.30381760001182556,
                0,
                -0.17790549389002197,
                0.24628183632171005,
                -0.9527299636559234,
                0,
                -0.8106245549084765,
                -0.5855659175886639,
                3.278255542582542e-7,
                0,
                8.639389038085952,
                -23.168487548828125,
                30.715957641601562,
                1
            ],
            "name": "clavicle_R"
        },
        "elbow_L": {
            "children": [
                "wrist_L"
            ],
            "jointId": "elbow_L",
            "matrix": [
                0.6692279577255251,
                -8.940696710757479e-8,
                -0.7430571913719175,
                0,
                2.4114001562214327e-7,
                0.9999999999999706,
                9.685751490434713e-8,
                0,
                0.7430573363014306,
                -2.4400062709206694e-7,
                0.6692280882550519,
                0,
                57.173889160156236,
                -0.00002288818359375,
                0.000014305114744317393,
                1
            ],
            "name": "elbow_L"
        },
        "elbow_R": {
            "children": [
                "wrist_R"
            ],
            "jointId": "elbow_R",
            "matrix": [
                0.8703397512435913,
                2.6822090143374666e-7,
                -0.4924518167972566,
                0,
                -5.695501966718197e-7,
                1.0000002384186124,
                -4.619359765811737e-7,
                0,
                0.4924517951151326,
                6.825170793152424e-7,
                0.8703397129238396,
                0,
                -64.42839050292972,
                0,
                -0.000030517578125,
                1
            ],
            "name": "elbow_R"
        },
        "head": {
            "children": [
                "jaw0_0"
            ],
            "jointId": "head",
            "matrix": [
                0.9068464636802674,
                1.9515530705902193e-14,
                -0.4214616119861603,
                0,
                -2.152021477735769e-14,
                0.9999999999999999,
                1.3234889800848443e-23,
                0,
                0.4214616119861604,
                9.069944466481237e-15,
                0.9068464636802674,
                0,
                20.81104278564453,
                0.000007510185241699219,
                -0.0000457763671875,
                1
            ],
            "name": "head"
        },
        "index_0_L": {
            "children": [
                "index_1_L"
            ],
            "jointId": "index_0_L",
            "matrix": [
                0.8569086194038388,
                0.42248183488845825,
                -0.2953245043754576,
                0,
                0.2648802999464165,
                0.13059474582664915,
                0.955396913556763,
                0,
                0.44220565980231497,
                -0.8969134734616676,
                6.482005274477398e-7,
                0,
                27.102783203125,
                0.44681549072265625,
                -15.616960525512688,
                1
            ],
            "name": "index_0_L"
        },
        "index_1_L": {
            "children": [],
            "jointId": "index_1_L",
            "matrix": [
                0.9881514310836794,
                1.490116118829654e-7,
                -0.15348437428474435,
                0,
                -7.441925775619751e-8,
                1.0000002384185838,
                4.917383397973207e-7,
                0,
                0.15348436217244363,
                -4.744896004993393e-7,
                0.9881513531027261,
                0,
                9.545257568359375,
                0.0000152587890625,
                -0.000022888183607960855,
                1
            ],
            "name": "index_1_L"
        },
        "jaw0_0": {
            "children": [
                "beard_LF",
                "beard_RT"
            ],
            "jointId": "jaw0_0",
            "matrix": [
                0.9999999999999999,
                -1.8007531123705753e-15,
                -2.6469779601696886e-23,
                0,
                1.8007531133710308e-15,
                0.9999999999999998,
                2.6469779601696886e-23,
                0,
                2.6469779601696886e-23,
                0,
                0.9999999999999997,
                0,
                8.923805236816406,
                2.220446049250313e-16,
                -5.175750732421875,
                1
            ],
            "name": "jaw0_0"
        },
        "knee_L": {
            "children": [],
            "jointId": "knee_L",
            "matrix": [
                0.8480799794197084,
                -4.470348358154297e-8,
                -0.5298685431480407,
                0,
                9.926161889661778e-8,
                1.0000003576278635,
                7.450582360790658e-8,
                0,
                0.5298685196829085,
                -1.1578246023047356e-7,
                0.8480799418626505,
                0,
                50.14026260375978,
                0.000011444091796875,
                -0.0000019073486328125,
                1
            ],
            "name": "knee_L"
        },
        "knee_R": {
            "children": [
                "ankle_R"
            ],
            "jointId": "knee_R",
            "matrix": [
                0.7943115234375002,
                -2.9802322359939737e-8,
                -0.6075109839439392,
                0,
                -2.3030537801838058e-7,
                1.0000002384186113,
                -3.501772822614435e-7,
                0,
                0.6075108824226596,
                4.1806272764455255e-7,
                0.7943113906999255,
                0,
                -45.69507980346678,
                -7.105427357601002e-15,
                0.000006675720213067393,
                1
            ],
            "name": "knee_R"
        },
        "mid_0_L": {
            "children": [
                "mid_1_L"
            ],
            "jointId": "mid_0_L",
            "matrix": [
                0.991425335407257,
                0.13067504763603205,
                4.6193599698152177e-7,
                0,
                -4.910774246968952e-7,
                1.9078404035061114e-7,
                0.9999997615813155,
                0,
                0.13067503889605755,
                -0.991425269098384,
                2.533197403647991e-7,
                0,
                28.408523559570312,
                -0.9596481323242188,
                -2.0047492980957022,
                1
            ],
            "name": "mid_0_L"
        },
        "mid_1_L": {
            "children": [],
            "jointId": "mid_1_L",
            "matrix": [
                0.9869860410690309,
                -5.551115123125783e-17,
                -0.16080491244792938,
                0,
                -1.0439432013287231e-7,
                1.0000003576278687,
                -6.407499322756693e-7,
                0,
                0.16080487383731645,
                6.491979704439932e-7,
                0.9869858040853747,
                0,
                11.703605651855469,
                0.0000042915344184990545,
                -0.000038146972642039145,
                1
            ],
            "name": "mid_1_L"
        },
        "mountain_A": {
            "children": [],
            "jointId": "mountain_A",
            "matrix": [
                0.8540422916412355,
                7.721057002182652e-14,
                -0.5202032923698425,
                0,
                2.729391210443423e-8,
                0.9999999999999998,
                4.480985182908623e-8,
                0,
                0.5202032923698426,
                -5.246789148259683e-8,
                0.8540422916412354,
                0,
                27.605247497558608,
                -49.35571289062501,
                29.430267333984375,
                1
            ],
            "name": "mountain_A"
        },
        "mountain_B": {
            "children": [],
            "jointId": "mountain_B",
            "matrix": [
                0.8540425300598143,
                7.695920452413978e-14,
                -0.5202031135559083,
                0,
                -1.377192823072246e-13,
                1,
                -7.815970092037613e-14,
                0,
                0.5202031135559083,
                1.383937081907415e-13,
                0.8540425300598143,
                0,
                16.59391021728517,
                -20.618234634399414,
                43.41471862792969,
                1
            ],
            "name": "mountain_B"
        },
        "mountain_C": {
            "children": [],
            "jointId": "mountain_C",
            "matrix": [
                0.8540425300598143,
                7.695920452413978e-14,
                -0.5202031135559083,
                0,
                -1.377192823072246e-13,
                1,
                -7.815970092037613e-14,
                0,
                0.5202031135559083,
                1.383937081907415e-13,
                0.8540425300598143,
                0,
                39.65608978271486,
                -44.41364669799805,
                52.197418212890625,
                1
            ],
            "name": "mountain_C"
        },
        "mountain_D": {
            "children": [],
            "jointId": "mountain_D",
            "matrix": [
                0.8540425300598143,
                7.695920452413978e-14,
                -0.5202031135559083,
                0,
                -1.377192823072246e-13,
                1,
                -7.815970092037613e-14,
                0,
                0.5202031135559083,
                1.383937081907415e-13,
                0.8540425300598143,
                0,
                54.94123840332031,
                -14.891651153564455,
                40.2725830078125,
                1
            ],
            "name": "mountain_D"
        },
        "mountain_E": {
            "children": [],
            "jointId": "mountain_E",
            "matrix": [
                0.8540425300598143,
                7.695920452413978e-14,
                -0.5202031135559083,
                0,
                -1.377192823072246e-13,
                1,
                -7.815970092037613e-14,
                0,
                0.5202031135559083,
                1.383937081907415e-13,
                0.8540425300598143,
                0,
                59.03511810302736,
                -32.878604888916016,
                32.54933166503906,
                1
            ],
            "name": "mountain_E"
        },
        "mountain_F": {
            "children": [],
            "jointId": "mountain_F",
            "matrix": [
                0.8540425300598143,
                7.695920452413978e-14,
                -0.5202031135559083,
                0,
                -1.377192823072246e-13,
                1,
                -7.815970092037613e-14,
                0,
                0.5202031135559083,
                1.383937081907415e-13,
                0.8540425300598143,
                0,
                44.992828369140625,
                -44.33412170410156,
                30.884979248046875,
                1
            ],
            "name": "mountain_F"
        },
        "mountain_G": {
            "children": [],
            "jointId": "mountain_G",
            "matrix": [
                0.8540425300598143,
                7.695920452413978e-14,
                -0.5202031135559083,
                0,
                -1.377192823072246e-13,
                1,
                -7.815970092037613e-14,
                0,
                0.5202031135559083,
                1.383937081907415e-13,
                0.8540425300598143,
                0,
                51.22657775878906,
                -41.178043365478516,
                15.185577392578153,
                1
            ],
            "name": "mountain_G"
        },
        "mountain_H": {
            "children": [],
            "jointId": "mountain_H",
            "matrix": [
                0.8540425300598143,
                7.695920452413978e-14,
                -0.5202031135559083,
                0,
                -1.377192823072246e-13,
                1,
                -7.815970092037613e-14,
                0,
                0.5202031135559083,
                1.383937081907415e-13,
                0.8540425300598143,
                0,
                55.39077758789064,
                9.324934959411621,
                29.80096435546878,
                1
            ],
            "name": "mountain_H"
        },
        "mountain_I": {
            "children": [],
            "jointId": "mountain_I",
            "matrix": [
                0.8540425300598143,
                7.695920452413978e-14,
                -0.5202031135559083,
                0,
                -1.377192823072246e-13,
                1,
                -7.815970092037613e-14,
                0,
                0.5202031135559083,
                1.383937081907415e-13,
                0.8540425300598143,
                0,
                50.05059051513672,
                33.92615127563477,
                26.347198486328125,
                1
            ],
            "name": "mountain_I"
        },
        "neck1": {
            "children": [
                "head"
            ],
            "jointId": "neck1",
            "matrix": [
                0.9937307238578797,
                4.263256406619667e-14,
                -0.11179819703102117,
                0,
                -5.1694766545660887e-14,
                1,
                -7.815970092037613e-14,
                0,
                0.11179819703102123,
                8.344907789971666e-14,
                0.9937307238578799,
                0,
                59.97335815429689,
                0.0000057220458984375,
                0.000030517578125,
                1
            ],
            "name": "neck1"
        },
        "root": {
            "children": [
                "spine1",
                "thigh_R",
                "thigh_L"
            ],
            "jointId": "root",
            "matrix": [
                -1.629206851037603e-7,
                -1.0000000000000002,
                0,
                0,
                1.0000000000000002,
                -1.629206851037603e-7,
                0,
                0,
                0,
                0,
                1,
                0,
                1.9356492757797241,
                27.75965690612793,
                85.92821502685547,
                1
            ],
            "name": "root"
        },
        "shoulder_rock_JNT": {
            "children": [],
            "jointId": "shoulder_rock_JNT",
            "matrix": [
                0.7035591006278993,
                -0.2845338582992554,
                0.6511878371238708,
                0,
                0.7106250321095299,
                0.27637498589324466,
                -0.6470155666020212,
                0,
                0.004125805122628267,
                0.9179638178558674,
                0.3966429107045349,
                0,
                49.07656478881836,
                17.557830810546903,
                3.215953826904304,
                1
            ],
            "name": "shoulder_rock_JNT"
        },
        "spine1": {
            "children": [
                "spine2"
            ],
            "jointId": "spine1",
            "matrix": [
                -0.12044411152601178,
                -1.1486445568602448e-7,
                0.9927201271057131,
                0,
                -4.803084719551345e-7,
                1.0000000000000002,
                5.7432227841695234e-8,
                0,
                -0.992720127105707,
                -4.698945136738933e-7,
                -0.12044411152606538,
                0,
                -4.1207180023193395,
                -0.0000019073486328125,
                18.456100463867188,
                1
            ],
            "name": "spine1"
        },
        "spine2": {
            "children": [
                "spine3"
            ],
            "jointId": "spine2",
            "matrix": [
                0.95844829082489,
                3.55271373174006e-15,
                -0.28526628017425537,
                0,
                -2.720511284456715e-7,
                0.9999999999999999,
                -9.140475185631652e-7,
                0,
                0.28526628017425537,
                9.536742953285033e-7,
                0.9584482908248898,
                0,
                23.889266967773423,
                0.000003933906555397826,
                -0.000003814697265625,
                1
            ],
            "name": "spine2"
        },
        "spine3": {
            "children": [
                "clavicle_R",
                "mountain_B",
                "clavicle_L",
                "mountain_C",
                "mountain_D",
                "mountain_E",
                "mountain_F",
                "mountain_G",
                "mountain_H",
                "mountain_I",
                "neck1",
                "mountain_A"
            ],
            "jointId": "spine3",
            "matrix": [
                0.6560971736907962,
                3.128515402295308e-7,
                -0.7546762824058538,
                0,
                1.4340386164768126e-7,
                0.9999999999999999,
                5.392224693422594e-7,
                0,
                0.7546762824059483,
                -4.6200583131689833e-7,
                0.6560971736906871,
                0,
                31.61388397216794,
                0.0000019073486328125,
                -0.000011444091803980427,
                1
            ],
            "name": "spine3"
        },
        "thigh_L": {
            "children": [
                "knee_L"
            ],
            "jointId": "thigh_L",
            "matrix": [
                0.29356443881988553,
                0.30928307771682767,
                -0.9045239686965943,
                0,
                -0.3547405424085243,
                0.9138977465596827,
                0.19735673756978225,
                0,
                0.8876818139938357,
                0.2629344916599786,
                0.37800325279043456,
                0,
                1.546157836914059,
                25.96382904052734,
                0.4293670654296875,
                1
            ],
            "name": "thigh_L"
        },
        "thigh_R": {
            "children": [
                "knee_R"
            ],
            "jointId": "thigh_R",
            "matrix": [
                -0.12328828871250154,
                0.269180715084076,
                0.95516574382782,
                0,
                0.3857293711847864,
                0.8998220988992125,
                -0.20379587857760517,
                0,
                -0.9143372386595973,
                0.34330986438441863,
                -0.21476845204767894,
                0,
                0.36250495910644176,
                -26.211914062499996,
                -0.1041259765625,
                1
            ],
            "name": "thigh_R"
        },
        "thumb_0_L": {
            "children": [
                "thumb_1_L"
            ],
            "jointId": "thumb_0_L",
            "matrix": [
                0.5249095559120177,
                0.4342348575592041,
                -0.7320585250854492,
                0,
                -0.7380901285631184,
                0.6605613097136309,
                -0.13740952659864084,
                0,
                0.4239016025493744,
                0.6124528465441735,
                0.667239516770067,
                0,
                0.6851615905761719,
                -0.8935623168945312,
                -10.48550796508789,
                1
            ],
            "name": "thumb_0_L"
        },
        "thumb_1_L": {
            "children": [],
            "jointId": "thumb_1_L",
            "matrix": [
                0.9940085411071781,
                -4.4703483664809696e-8,
                -0.10930198431015004,
                0,
                5.647909195882761e-9,
                1.0000004768371868,
                -3.5762786065873797e-7,
                0,
                0.10930200807739332,
                3.5486772825832347e-7,
                0.9940087572498854,
                0,
                11.961090087890625,
                0.00000762939453125,
                -0.0000152587890625,
                1
            ],
            "name": "thumb_1_L"
        },
        "tiny_04_model_LOD0": {
            "children": [],
            "instanceSkin": {
                "skeletons": [
                    "root"
                ],
                "skin": "skin_0",
