{
    "accessors": [
        {
            "bufferView": 0,
            "byteOffset": 0,
            "componentType": 5126,
            "count": 5203,
            "max": [
                117.7730941772461,
                69.07080841064453,
                254.41477966308594
            ],
            "min": [
                -144.57850646972656,
                -80.00466918945312,
                -0.289791077375412
            ],
            "type": "VEC3"
        },
        {
            "bufferView": 0,
            "byteOffset": 62436,
            "componentType": 5126,
            "count": 5203,
            "max": [
                0.9998307824134827,
                0.9998465776443481,
                0.9985447525978088
            ],
            "min": [
                -0.999915361404419,
                -0.9999423027038574,
                -0.9998567700386047
            ],
            "type": "VEC3"
        },
        {
            "bufferView": 0,
            "byteOffset": 124872,
            "componentType": 5126,
            "count": 5203,
            "max": [
                0.9959328770637512,
                0.9978629946708679
            ],
            "min": [
                0.0015710763400420547,
                0.0016489624977111816
            ],
            "type": "VEC2"
        },
        {
            "bufferView": 0,
            "byteOffset": 166496,
            "componentType": 5123,
            "count": 5203,
            "max": [
                35,
                35,
                34,
                0
            ],
            "min": [
                0,
                0,
                0,
                0
            ],
            "type": "VEC4"
        },
        {
            "bufferView": 0,
            "byteOffset": 208120,
            "componentType": 5126,
            "count": 5203,
            "max": [
                1,
                0.9981344938278198,
                0.8437497615814209,
                0
            ],
            "min": [
                0.00023719646560493857,
                0,
                0,
                0
            ],
            "type": "VEC4"
        },
        {
            "bufferView": 2,
            "byteOffset": 0,
            "componentType": 5123,
            "count": 27159,
            "max": [
                5202
            ],
            "min": [
                0
            ],
            "type": "SCALAR"
        },
        {
            "bufferView": 1,
            "byteOffset": 0,
            "componentType": 5126,
            "count": 36,
            "max": [
                0.9999999999999436,
                1.000000119209216,
                0.9393404911642186,
                0,
                0.7725334898440464,
                0.9330445205335808,
                0.9927200925966063,
                0,
                0.9927200925966952,
                0.9711675667974412,
                1.0000000596045153,
                0,
                132.28077149652114,
                190.48257665403176,
                117.8276113788505,
                1
            ],
            "min": [
                -0.5386935351504087,
                -0.9199689771886694,
                -0.64701560098724,
                0,
                -1.0000000596044352,
                -0.6968040569142022,
                -0.9711675667974616,
                0,
                -0.991115903683618,
                -0.9062193650802636,
                -0.838445174751522,
                0,
                -126.96190871658612,
                -178.88451792012614,
                -224.47363830404026,
                1
            ],
            "type": "MAT4"
        }
    ],
    "asset": {
        "generator": "ClayGL - fbx2gltf",
        "version": "2.0"
    },
    "bufferViews": [
        {
            "buffer": 0,
            "byteLength": 291368,
            "byteOffset": 0,
            "target": 34962
        },
        {
            "buffer": 0,
            "byteLength": 2304,
            "byteOffset": 291368,
            "target": 34962
        },
        {
            "buffer": 0,
            "byteLength": 54318,
            "byteOffset": 293672,
            "target": 34963
        }
    ],
    "buffers": [
        {
            "byteLength": 347990,
            "uri": "tiny_04.bin"
        }
    ],
    "images": [
        {
            "uri": "textures/tiny_04_color.png"
        }
    ],
    "materials": [
        {
            "emissiveFactor": [
                0,
                0,
                0
            ],
            "name": "Material #35",
            "pbrMetallicRoughness": {
                "baseColorFactor": [
                    1,
                    1,
                    1,
                    1
                ],
                "baseColorTexture": {
                    "index": 0,
                    "texCoord": 0
                },
                "metallicFactor": 0,
                "roughnessFactor": 0.9230769230769231
            }
        }
    ],
    "meshes": [
        {
            "name": "tiny_04_model_LOD0",
            "primitives": [
                {
                    "attributes": {
                        "JOINTS_0": 3,
                        "NORMAL": 1,
                        "POSITION": 0,
                        "TEXCOORD_0": 2,
                        "WEIGHTS_0": 4
                    },
                    "indices": 5,
                    "material": 0
                }
            ]
        }
    ],
    "nodes": [
        {
            "children": [
                1,
                46,
                49
            ],
            "matrix": [
                1.6292068478213574e-7,
                1.469367938527879e-39,
                1.0000000000000002,
                0,
                1.0000000000000002,
                6.123233995736847e-17,
                -1.6292068478213574e-7,
                0,
                -6.123233995736685e-17,
                1,
                9.976014756666736e-24,
                0,
                1.9356492757797241,
                85.92821502685547,
                -27.75965690612793,
                1
            ],
            "name": "root"
        },
        {
            "children": [
                2
            ],
            "matrix": [
                -0.1204441115260118,
                -1.1486445568602445e-7,
                0.9927201271057131,
                0,
                -4.803084719551346e-7,
                1.0000000000000002,
                5.743222784169524e-8,
                0,
                -0.9927201271057069,
                -4.698945136738934e-7,
                -0.12044411152606538,
                0,
                -4.120718002319336,
                -0.0000019073486328125,
                18.456100463867188,
                1
            ],
            "name": "spine1"
        },
        {
            "children": [
                3
            ],
            "matrix": [
                0.9584482908248902,
                3.5527137714447295e-15,
                -0.2852662801742555,
                0,
                -2.7205112844567165e-7,
                1,
                -9.140475185631659e-7,
                0,
                0.2852662801742554,
                9.536742953285034e-7,
                0.9584482908248906,
                0,
                23.889266967773423,
                0.000003933906555397826,
                -0.000003814697265625,
                1
            ],
            "name": "spine2"
        },
        {
            "children": [
                4,
                8,
                9,
                33,
                34,
                35,
                36,
                37,
                38,
                39,
                40,
                45
            ],
            "matrix": [
                0.6560971736907961,
                3.1285154022953055e-7,
                -0.7546762824058533,
                0,
                1.434038616476812e-7,
                0.9999999999999997,
                5.392224693422588e-7,
                0,
                0.7546762824059481,
                -4.620058313168982e-7,
                0.6560971736906867,
                0,
                31.61388397216794,
                0.0000019073486330345446,
                -0.000011444091796875,
                1
            ],
            "name": "spine3"
        },
        {
            "children": [
                5
            ],
            "matrix": [
                -0.5578863024711609,
                0.7723066210746764,
                0.3038176000118255,
                0,
                -0.1779054938900218,
                0.24628183632171,
                -0.9527299636559234,
                0,
                -0.8106245549084765,
                -0.585565917588664,
                3.2782555420274306e-7,
                0,
                8.639389038085952,
                -23.168487548828125,
                30.71595764160159,
                1
            ],
            "name": "clavicle_R"
        },
        {
            "children": [
                6
            ],
            "matrix": [
                0.40404459834098827,
                -0.5901708602905275,
                -0.6988897323608403,
                0,
                -0.9146857954015939,
                -0.26894956348762444,
                -0.3016894508390481,
                0,
                -0.009917763066244312,
                0.7611603014303943,
                -0.6484883487667465,
                0,
                -37.41485595703125,
                0.000030517578125,
                -0.000015258789083816282,
                1
            ],
            "name": "bicep_R"
        },
        {
            "children": [
                7
            ],
            "matrix": [
                0.8703397512435913,
                2.6822090157252454e-7,
                -0.4924518167972564,
                0,
                -5.695501965642669e-7,
                1.0000002384186124,
                -4.6193597674770714e-7,
                0,
                0.49245179511513265,
                6.82517079242384e-7,
                0.8703397129238402,
                0,
                -64.42839050292969,
                0,
                -0.000030517578110789145,
                1
            ],
            "name": "elbow_R"
        },
        {
            "matrix": [
                0.2257236540317535,
                -0.5959965586662295,
                0.7706078886985781,
                0,
                0.9160359446754109,
                0.3990644706000429,
                0.04031891051556105,
                0,
                -0.3315520836552827,
                0.6968034308129134,
                0.6360324126496768,
                0,
                -130.5612335205078,
                0.000015258789076710855,
                -0.000015258789048289145,
                1
            ],
            "name": "wrist_R"
        },
        {
            "matrix": [
                0.8540425300598145,
                7.695920452559929e-14,
                -0.5202031135559082,
                0,
                -1.3771928234692927e-13,
                0.9999999999999998,
                -7.815970088067146e-14,
                0,
                0.5202031135559083,
                1.3839370823614822e-13,
                0.8540425300598145,
                0,
                16.59391021728517,
                -20.618234634399414,
                43.414718627929716,
                1
            ],
            "name": "mountain_B"
        },
        {
            "children": [
                10,
                11
            ],
            "matrix": [
                0.6030152440071107,
                0.7106248140335083,
                -0.36246946454048157,
                0,
                0.2345234932781352,
                0.276374695082621,
                0.9319956323753755,
                0,
                0.7624768516021907,
                -0.6470153831440113,
                -5.9604644719879474e-8,
                0,
                1.3323364257812642,
                15.524496078491213,
                18.23297119140625,
                1
            ],
            "name": "clavicle_L"
        },
        {
            "matrix": [
                0.7035591006278992,
                -0.2845338582992555,
                0.6511878371238708,
                0,
                0.7106250321095301,
                0.2763749858932446,
                -0.6470155666020211,
                0,
                0.004125805122628211,
                0.9179638178558678,
                0.3966429107045349,
                0,
                49.07656478881836,
                17.557830810546903,
                3.215953826904297,
                1
            ],
            "name": "shoulder_rock_JNT"
        },
        {
            "children": [
                12
            ],
            "matrix": [
                0.20163674652576463,
                -0.654861807823181,
                -0.7283536195755006,
                0,
                -0.6151655559368652,
                -0.6633328653235451,
                0.4260998638015473,
                0,
                -0.7621773215371377,
                0.36214062202115205,
                -0.5366006391802373,
                0,
                53.10812759399414,
                -0.000091552734375,
                -0.00003814697267756628,
                1
            ],
            "name": "bicep_L"
        },
        {
            "children": [
                13
            ],
            "matrix": [
                0.6692279577255251,
                -8.940696712839147e-8,
                -0.7430571913719176,
                0,
                2.4114001568112386e-7,
                0.9999999999999709,
                9.685751490434713e-8,
                0,
                0.7430573363014303,
                -2.4400062720308924e-7,
                0.6692280882550519,
                0,
                57.17388916015629,
                -0.00002288818356532829,
                0.000014305114749646464,
                1
            ],
            "name": "elbow_L"
        },
        {
            "children": [
                14,
                16,
                18,
                20
            ],
            "matrix": [
                0.8568038940429684,
                0.2487788200378417,
                0.451659381389618,
                0,
                -0.34316590114507434,
                0.9288798492718967,
                0.13935334931254031,
                0,
                -0.38486907344584625,
                -0.2743925461542629,
                0.8812401360068289,
                0,
                59.391380310058594,
                -1.4210854715202004e-14,
                0.000026702880852269573,
                1
            ],
            "name": "wrist_L"
        },
        {
            "children": [
                15
            ],
            "matrix": [
                0.856908619403839,
                0.42248183488845825,
                -0.29532450437545765,
                0,
                0.26488029994641654,
                0.13059474582664915,
                0.9553969135567634,
                0,
                0.442205659802315,
                -0.8969134734616678,
                6.482005274754954e-7,
                0,
                27.102783203124993,
                0.44681549072265625,
                -15.616960525512699,
                1
            ],
            "name": "index_0_L"
        },
        {
            "matrix": [
                0.9881514310836792,
                1.490116118829654e-7,
                -0.15348437428474443,
                0,
                -7.441925775619751e-8,
                1.0000002384185835,
                4.917383398805875e-7,
                0,
                0.15348436217244366,
                -4.744896006103616e-7,
                0.9881513531027261,
                0,
                9.545257568359375,
                0.000015258789069605427,
                -0.00002288818359375,
                1
            ],
            "name": "index_1_L"
        },
        {
            "children": [
                17
            ],
            "matrix": [
                0.5249095559120179,
                0.4342348575592043,
                -0.7320585250854492,
                0,
                -0.7380901285631186,
                0.660561309713631,
                -0.1374095265986408,
                0,
                0.42390160254937465,
                0.6124528465441736,
                0.6672395167700674,
                0,
                0.6851615905761648,
                -0.8935623168945312,
                -10.485507965087894,
                1
            ],
            "name": "thumb_0_L"
        },
        {
            "matrix": [
                0.9940085411071782,
                -4.470348363705412e-8,
                -0.10930198431015026,
                0,
                5.6479092236383366e-9,
                1.0000004768371868,
                -3.576278607142491e-7,
                0,
                0.10930200807739349,
                3.548677282305679e-7,
                0.9940087572498856,
                0,
                11.961090087890653,
                0.00000762939453125,
                -0.000015258789076710855,
                1
            ],
            "name": "thumb_1_L"
        },
        {
            "children": [
                19
            ],
            "matrix": [
                0.9914253354072574,
                0.13067504763603213,
                4.6193599698152177e-7,
                0,
                -4.91077424641384e-7,
                1.907840402881611e-7,
                0.9999997615813159,
                0,
                0.1306750388960577,
                -0.9914252690983842,
                2.53319740239899e-7,
                0,
                28.408523559570305,
                -0.9596481323242188,
                -2.004749298095696,
                1
            ],
            "name": "mid_0_L"
        },
        {
            "matrix": [
                0.9869860410690309,
                2.7755575615628914e-17,
                -0.16080491244792938,
                0,
                -1.0439432013287231e-7,
                1.0000003576278687,
                -6.407499322791388e-7,
                0,
                0.16080487383731643,
                6.491979704925654e-7,
                0.9869858040853747,
                0,
                11.703605651855465,
                0.000004291534416722698,
                -0.000038146972642039145,
                1
            ],
            "name": "mid_1_L"
        },
        {
            "children": [
                21,
                23,
                24,
                25,
                26,
                28
            ],
            "matrix": [
                0.20270587503910067,
                -0.9199692010879518,
                0.3355093002319337,
                0,
                -0.9573010224844891,
                -0.2582884064789529,
                -0.12985284607628206,
                0,
                0.20611877731664016,
                -0.2948614552765791,
                -0.9330440150063799,
                0,
                54.28756713867187,
                123.63889312744142,
                4.039589405059819,
                1
            ],
            "name": "Tree_1"
        },
        {
            "children": [
                22
            ],
            "matrix": [
                -0.14980256557464605,
                -0.9855762124061588,
                0.07873374223709113,
                0,
                0.9887163545246914,
                -0.14932686342045515,
                0.011929346253577652,
                0,
                -2.1712337102950457e-7,
                0.07963235145963377,
                0.996824443763967,
                0,
                -13.562459945678711,
                0.06824111938476564,
                16.448631286621094,
                1
            ],
            "name": "RootA2_0"
        },
        {
            "matrix": [
                0.915753960609436,
                -0.3265580534934999,
                0.23399671912193298,
                0,
                0.30577539517125457,
                0.9443521322942681,
                0.12124428520160804,
                0,
                -0.2605687104351042,
                -0.03947951208727167,
                0.9646480378817831,
                0,
                16.155557632446286,
                0.000007629394533026357,
                -0.00000762939453125,
                1
            ],
            "name": "RootA2_1"
        },
        {
            "matrix": [
                6.123232939436859e-17,
                -2.117582368135751e-22,
                -1.0000002384187205,
                0,
                1.0000001192092902,
                -1.7136338208972782e-7,
                6.123217057569098e-17,
                0,
                -1.7136338208975273e-7,
                -1.0000001192094352,
                0,
                0,
                -12.82117557525635,
                3.7958850860595708,
                -20.777696609497074,
                1
            ],
            "name": "RootB3_0"
        },
        {
            "matrix": [
                0.20745588839054113,
                -0.4900195300579072,
                0.8466659188270569,
                0,
                0.9782447509896521,
                0.10391817460090405,
                -0.17955216504773902,
                0,
                9.075623103075416e-8,
                0.8654952927985013,
                0.5009172666405252,
                0,
                22.765817642211918,
                0.3679533004760743,
                -14.290346145629886,
                1
            ],
            "name": "RootC4_0"
        },
        {
            "matrix": [
                6.123232939436859e-17,
                -2.117582368135751e-22,
                -1.0000002384187205,
                0,
                1.0000001192092902,
                -1.7136338208972782e-7,
                6.123217057569098e-17,
                0,
                -1.7136338208975273e-7,
                -1.0000001192094352,
                0,
                0,
                15.082710266113285,
                -1.51023006439209,
                17.463651657104492,
                1
            ],
            "name": "RootD5_0"
        },
        {
            "children": [
                27
            ],
            "matrix": [
                -0.0006142722559159916,
                0.9843949079513548,
                0.1759742051362991,
                0,
                0.3158718296387722,
                -0.16677368075070925,
                0.9340300374442275,
                0,
                0.9488019363350518,
                0.056159022622912065,
                -0.3108400640724723,
                0,
                -6.341857910156252,
                88.67532348632814,
                11.859854698181154,
                1
            ],
            "name": "TrunkA6_0"
        },
        {
            "matrix": [
                0.9857650995254515,
                0.000001043081283569336,
                -0.1681272387504578,
                0,
                -0.0000010500425465520546,
                0.9999996423719795,
                4.7497449973121775e-8,
                0,
                0.16812725471649728,
                1.297194839877669e-7,
                0.9857651931384793,
                0,
                35.02965545654297,
                0.000022888183597302714,
                9.536743172944284e-7,
                1
            ],
            "name": "TrunkA6_1"
        },
        {
            "children": [
                29
            ],
            "matrix": [
                -0.025925690308213428,
                0.994997143745422,
                0.09648171812295915,
                0,
                0.3054032888135982,
                0.09978331552371639,
                -0.9469806781240662,
                0,
                -0.9518704391739694,
                0.0049147067708134136,
                -0.3064623847306567,
                0,
                0.47063037753105164,
                92.01402282714845,
                -3.7496719360351567,
                1
            ],
            "name": "TrunkB7_0"
        },
        {
            "children": [
                30,
                31
            ],
            "matrix": [
                0.996518075466156,
                2.7755575615628914e-17,
                -0.08337631076574328,
                0,
                6.352554944577538e-8,
                0.9999999403953562,
                7.592607269013563e-7,
                0,
                0.08337629059394164,
                -7.619134253511461e-7,
                0.9965178343717168,
                0,
                36.03256988525389,
                -0.000030517578125,
                0.0000152587890625,
                1
            ],
            "name": "TrunkB7_1"
        },
        {
            "matrix": [
                0.9985126256942748,
                -0.02624831348657604,
                0.0477871410548687,
                0,
                0.026218303787358274,
                0.9996556041345788,
                0.0012548631001567667,
                0,
                -0.04780362849281478,
                -9.886773305600727e-8,
                0.9988570765126316,
                0,
                36.82859039306639,
                0.000003814697265625,
                -9.5367431640625e-7,
                1
            ],
            "name": "TrunkB7_2"
        },
        {
            "children": [
                32
            ],
            "matrix": [
                0.8685241937637327,
                0.15653911232948298,
                0.4702783226966857,
                0,
                0.38468330397969,
                0.3854128335207504,
                -0.838735106949547,
                0,
                -0.3125460123061621,
                0.9093695508372778,
                0.27452226661108,
                0,
                0.06896972656248579,
                4.758438110351559,
                8.920212745666504,
                1
            ],
            "name": "TrunkC8_0"
        },
        {
            "matrix": [
                0.8950492739677427,
                0.3374772369861604,
                -0.29154053330421437,
                0,
                -0.3528037798100718,
                0.9356970962459222,
                -0.0000010162395938264205,
                0,
                0.27279334866371235,
                0.10285753476667461,
                0.9565584659542055,
                0,
                48.14199066162108,
                0.000041961669936085855,
                -0.000017166137691759786,
                1
            ],
            "name": "TrunkC8_1"
        },
        {
            "matrix": [
                0.8540425300598145,
                7.695920452559929e-14,
                -0.5202031135559082,
                0,
                -1.3771928234692927e-13,
                0.9999999999999998,
                -7.815970088067146e-14,
                0,
                0.5202031135559083,
                1.3839370823614822e-13,
                0.8540425300598145,
                0,
                39.65608978271486,
                -44.41364669799805,
                52.197418212890625,
                1
            ],
            "name": "mountain_C"
        },
        {
            "matrix": [
                0.8540425300598145,
                7.695920452559929e-14,
                -0.5202031135559082,
                0,
                -1.3771928234692927e-13,
                0.9999999999999998,
                -7.815970088067146e-14,
                0,
                0.5202031135559083,
                1.3839370823614822e-13,
                0.8540425300598145,
                0,
                54.9412384033203,
                -14.891651153564455,
                40.27258300781253,
                1
            ],
            "name": "mountain_D"
        },
        {
            "matrix": [
                0.8540425300598145,
                7.695920452559929e-14,
                -0.5202031135559082,
                0,
                -1.3771928234692927e-13,
                0.9999999999999998,
                -7.815970088067146e-14,
                0,
                0.5202031135559083,
                1.3839370823614822e-13,
                0.8540425300598145,
                0,
                59.03511810302736,
                -32.878604888916016,
                32.54933166503909,
                1
            ],
            "name": "mountain_E"
        },
        {
            "matrix": [
                0.8540425300598145,
                7.695920452559929e-14,
                -0.5202031135559082,
                0,
                -1.3771928234692927e-13,
                0.9999999999999998,
                -7.815970088067146e-14,
                0,
                0.5202031135559083,
                1.3839370823614822e-13,
                0.8540425300598145,
                0,
                44.992828369140625,
                -44.334121704101555,
                30.884979248046875,
                1
            ],
            "name": "mountain_F"
        },
        {
            "matrix": [
                0.8540425300598145,
                7.695920452559929e-14,
                -0.5202031135559082,
                0,
                -1.3771928234692927e-13,
                0.9999999999999998,
                -7.815970088067146e-14,
                0,
                0.5202031135559083,
                1.3839370823614822e-13,
                0.8540425300598145,
                0,
                51.22657775878908,
                -41.17804336547852,
                15.185577392578153,
                1
            ],
            "name": "mountain_G"
        },
        {
            "matrix": [
                0.8540425300598145,
                7.695920452559929e-14,
                -0.5202031135559082,
                0,
                -1.3771928234692927e-13,
                0.9999999999999998,
                -7.815970088067146e-14,
                0,
                0.5202031135559083,
                1.3839370823614822e-13,
                0.8540425300598145,
                0,
                55.39077758789064,
                9.32493495941162,
                29.80096435546875,
                1
            ],
            "name": "mountain_H"
        },
        {
            "matrix": [
                0.8540425300598145,
                7.695920452559929e-14,
                -0.5202031135559082,
                0,
                -1.3771928234692927e-13,
                0.9999999999999998,
                -7.815970088067146e-14,
                0,
                0.5202031135559083,
                1.3839370823614822e-13,
                0.8540425300598145,
                0,
                50.05059051513673,
                33.92615127563477,
                26.347198486328153,
                1
            ],
            "name": "mountain_I"
        },
        {
            "children": [
                41
            ],
            "matrix": [
                0.9937307238578799,
                4.263256406619667e-14,
                -0.11179819703102117,
                0,
                -5.1694766572130666e-14,
                0.9999999999999998,
                -7.815970089390635e-14,
                0,
                0.11179819703102106,
                8.344907793942133e-14,
                0.9937307238578799,
                0,
                59.97335815429689,
                0.000005722045898659545,
                0.00003051757815342171,
                1
            ],
            "name": "neck1"
        },
        {
            "children": [
                42
            ],
            "matrix": [
                0.9068464636802676,
                1.9515530658052052e-14,
                -0.4214616119861601,
                0,
                -2.1520214783975135e-14,
                1,
                -2.6469779601696886e-23,
                0,
                0.42146161198616033,
                9.069944383018661e-15,
                0.9068464636802674,
                0,
                20.81104278564453,
                0.000007510185241477174,
                -0.00004577636715907829,
                1
            ],
            "name": "head"
        },
        {
            "children": [
                43,
                44
            ],
            "matrix": [
                1,
                -1.80075300293773e-15,
                7.940933880509066e-23,
                0,
                1.800753082347069e-15,
                0.9999999999999998,
                -9.088674748330255e-24,
                0,
                2.6469779601696886e-23,
                -3.008280041293257e-23,
                1,
                0,
                8.9238052368164,
                0,
                -5.175750732421875,
                1
            ],
            "name": "jaw0_0"
        },
        {
            "matrix": [
                -2.821299744325031e-7,
                0.9999999999999994,
                -2.9802322387695307e-7,
                0,
                0.2383978366851146,
                3.5668966403359925e-7,
                0.9711675643921062,
                0,
                0.971167564392089,
                2.0294738825740596e-7,
                -0.23839783668518477,
                0,
                18.288883209228523,
                20.28436279296875,
                -26.519515991210938,
                1
            ],
            "name": "beard_LF"
        },
        {
            "matrix": [
                -1.6292068510376037e-7,
                1,
                -1.4901161193847654e-7,
                0,
                0.2383978366851603,
                1.8355518311243095e-7,
                0.9711675643920951,
                0,
                0.9711675643920898,
                1.2269923901420487e-7,
                -0.23839783668518208,
                0,
                18.288890838623054,
                -15.674949645996094,
                -26.519454956054688,
                1
            ],
            "name": "beard_RT"
        },
        {
            "matrix": [
                0.8540422916412356,
                7.721056997008692e-14,
                -0.5202032923698424,
                0,
                2.729391210443419e-8,
                0.9999999999999997,
                4.4809851829086216e-8,
                0,
                0.5202032923698425,
                -5.246789148259678e-8,
                0.8540422916412356,
                0,
                27.605247497558608,
                -49.355712890625,
                29.430267333984403,
                1
            ],
            "name": "mountain_A"
        },
        {
            "children": [
                47
            ],
            "matrix": [
                -0.12328828871250153,
                0.2691807150840759,
                0.9551657438278199,
                0,
                0.3857293711847865,
                0.8998220988992128,
                -0.20379587857760526,
                0,
                -0.9143372386595975,
                0.34330986438441874,
                -0.21476845204767897,
                0,
                0.3625049591064453,
                -26.2119140625,
                -0.1041259765625,
                1
            ],
            "name": "thigh_R"
        },
        {
            "children": [
                48
            ],
            "matrix": [
                0.7943115234375007,
                -2.9802322498717615e-8,
                -0.6075109839439394,
                0,
                -2.30305378122464e-7,
                1.0000002384186113,
                -3.5017728222674904e-7,
                0,
                0.6075108824226599,
                4.180627277139415e-7,
                0.7943113906999256,
                0,
                -45.695079803466804,
                0,
                0.000006675720221949177,
                1
            ],
            "name": "knee_R"
        },
        {
            "matrix": [
                0.132831871509552,
                -0.11584314703941345,
                0.9843456745147711,
                0,
                0.1826559113109429,
                0.9789967948457889,
                0.09056528150912507,
                0,
                -0.9741623954730014,
                0.16776656041203997,
                0.15120137602512745,
                0,
                -32.703536987304695,
                -0.000007629394538355427,
                -0.0000019073486399179274,
                1
            ],
            "name": "ankle_R"
        },
        {
            "children": [
                50
            ],
            "matrix": [
                0.2935644388198856,
                0.30928307771682767,
                -0.9045239686965942,
                0,
                -0.35474054240852426,
                0.9138977465596827,
                0.19735673756978217,
                0,
                0.8876818139938355,
                0.26293449165997856,
                0.37800325279043456,
                0,
                1.5461578369140625,
                25.96382904052734,
                0.4293670654296875,
                1
            ],
            "name": "thigh_L"
        },
        {
            "matrix": [
                0.8480799794197083,
                -4.470348362317633e-8,
                -0.5298685431480408,
                0,
                9.926161903539565e-8,
                1.0000003576278633,
                7.450582356627322e-8,
                0,
                0.5298685196829085,
                -1.1578246023047356e-7,
                0.8480799418626501,
                0,
                50.140262603759766,
                0.000011444091796875,
                -0.0000019073486363652137,
                1
            ],
            "name": "knee_L"
        },
        {
            "matrix": [
                1,
                0,
                0,
                0,
                0,
                6.123233995736766e-17,
                -1,
                0,
                0,
                1,
                6.123233995736766e-17,
                0,
                0,
                0,
                0,
                1
            ],
            "mesh": 0,
            "name": "tiny_04_model_LOD0",
            "skin": 0
        }
    ],
    "samplers": [
        {
            "magFilter": 9729,
            "minFilter": 9987,
            "wrapS": 10497,
            "wrapT": 10497
        }
    ],
    "scene": 0,
    "scenes": [
        {
            "nodes": [
                0,
                51
            ]
        }
    ],
    "skins": [
        {
            "inverseBindMatrices": 6,
            "joints": [
                40,
                3,
                2,
                42,
                45,
                43,
                41,
                38,
                34,
                9,
                8,
                50,
                49,
                0,
                47,
                48,
                46,
                18,
                19,
                13,
                16,
                17,
                15,
