{
    "animations": {},
    "asset": {},
    "attributes": {
        "attribute_1": {
            "bufferView": "bufferView_7",
            "byteOffset": 0,
            "byteStride": 12,
            "count": 4711,
            "max": [
                1,
                1,
                1
            ],
            "min": [
                0,
                0,
                0
            ],
            "type": "FLOAT_VEC3"
        },
        "attribute_2": {
            "bufferView": "bufferView_7",
            "byteOffset": 56532,
            "byteStride": 12,
            "count": 4711,
            "max": [
                1,
                1,
                1
            ],
            "min": [
                0,
                0,
                0
            ],
            "type": "FLOAT_VEC3"
        },
        "attribute_3": {
            "bufferView": "bufferView_7",
            "byteOffset": 113064,
            "byteStride": 8,
            "count": 4711,
            "max": [
                1,
                1,
                1
            ],
            "min": [
                0,
                0,
                0
            ],
            "type": "FLOAT_VEC2"
        },
        "attribute_4": {
            "bufferView": "bufferView_7",
            "byteOffset": 150752,
            "byteStride": 16,
            "count": 4711,
            "max": [
                1,
                1,
                1
            ],
            "min": [
                0,
                0,
                0
            ],
            "type": "FLOAT_VEC4"
        },
        "attribute_5": {
            "bufferView": "bufferView_7",
            "byteOffset": 226128,
            "byteStride": 12,
            "count": 4711,
            "max": [
                1,
                1,
                1
            ],
            "min": [
                0,
                0,
                0
            ],
            "type": "FLOAT_VEC3"
        }
    },
    "bufferViews": {
        "bufferView_7": {
            "buffer": "tiny_04.bin",
            "byteLength": 282660,
            "byteOffset": 0,
            "target": "ARRAY_BUFFER"
        },
        "bufferView_8": {
            "buffer": "tiny_04.bin",
            "byteLength": 54318,
            "byteOffset": 282660,
            "target": "ELEMENT_ARRAY_BUFFER"
        }
    },
    "buffers": {
        "tiny_04.bin": {
            "byteLength": 336978,
            "path": "tiny_04.bin"
        }
    },
    "cameras": {},
    "images": {
        "image_0": {
            "path": "textures/tiny_04_color.png"
        }
    },
    "indices": {
        "indices_6": {
            "bufferView": "bufferView_8",
            "byteOffset": 0,
            "count": 27159,
            "type": "UNSIGNED_SHORT"
        }
    },
    "lights": {},
    "materials": {
        "Material #35": {
            "instanceTechnique": {
                "technique": "technique_0",
                "values": [
                    {
                        "parameter": "ambient",
                        "value": [
                            0.5879999995231628,
                            0.5879999995231628,
                            0.5879999995231628
                        ]
                    },
                    {
                        "parameter": "emission",
                        "value": [
                            0,
                            0,
                            0
                        ]
                    },
                    {
                        "parameter": "diffuse",
                        "value": "Map #4"
                    },
                    {
                        "parameter": "shininess",
                        "value": 2
                    },
                    {
                        "parameter": "specular",
                        "value": [
                            0.8999999761581421,
                            0.8999999761581421,
                            0.8999999761581421
                        ]
                    }
                ]
            },
            "name": "Material #35"
        }
    },
    "meshes": {
        "tiny_04_model_LOD0-mesh": {
            "name": "tiny_04_model_LOD0-mesh",
            "primitives": [
                {
                    "indices": "indices_6",
                    "material": "Material #35",
                    "semantics": {
                        "JOINT": "attribute_4",
                        "NORMAL": "attribute_2",
                        "POSITION": "attribute_1",
                        "TEXCOORD_0": "attribute_3",
                        "WEIGHT": "attribute_5"
                    },
                    "skin": "skin_0"
                }
            ]
        }
    },
    "nodes": {
        "RootA2_0": {
            "children": [
                "RootA2_1"
            ],
            "matrix": [
                -0.14980256557464602,
                -0.9855762124061583,
                0.07873374223709108,
                0,
                0.9887163545246914,
                -0.14932686342045512,
                0.011929346253577652,
                0,
                -2.1712337103245505e-7,
                0.07963235145963375,
                0.9968244437639667,
                0,
                -13.56245994567871,
                0.0682411193847656,
                16.448631286621094,
                1
            ],
            "name": "RootA2_0"
        },
        "RootA2_1": {
            "children": [],
            "matrix": [
                0.9157539606094361,
                -0.32655805349349976,
                0.23399671912193304,
                0,
                0.3057753951712546,
                0.9443521322942678,
                0.1212442852016081,
                0,
                -0.26056871043510427,
                -0.039479512087271657,
                0.9646480378817833,
                0,
                16.15555763244629,
                0.000007629394533026357,
                -0.000007629394527697286,
                1
            ],
            "name": "RootA2_1"
        },
        "RootB3_0": {
            "children": [],
            "matrix": [
                6.123228118466791e-17,
                1.0587911840678754e-22,
                -1.0000002384187203,
                0,
                1.00000011920929,
                -1.713633820897278e-7,
                6.123233322040709e-17,
                0,
                -1.7136338208975273e-7,
                -1.0000001192094352,
                0,
                0,
                -12.821175575256346,
                3.79588508605957,
                -20.777696609497063,
                1
            ],
            "name": "RootB3_0"
        },
        "RootC4_0": {
            "children": [],
            "matrix": [
                0.20745588839054116,
                -0.4900195300579072,
                0.8466659188270568,
                0,
                0.9782447509896519,
                0.10391817460090406,
                -0.17955216504773897,
                0,
                9.07562310479347e-8,
                0.8654952927985013,
                0.500917266640525,
                0,
                22.765817642211918,
                0.36795330047607416,
                -14.290346145629883,
                1
            ],
            "name": "RootC4_0"
        },
        "RootD5_0": {
            "children": [],
            "matrix": [
                6.123228118466791e-17,
                1.0587911840678754e-22,
                -1.0000002384187203,
                0,
                1.00000011920929,
                -1.713633820897278e-7,
                6.123233322040709e-17,
                0,
                -1.7136338208975273e-7,
                -1.0000001192094352,
                0,
                0,
                15.082710266113281,
                -1.5102300643920896,
                17.463651657104492,
                1
            ],
            "name": "RootD5_0"
        },
        "Tree_1": {
            "children": [
                "RootA2_0",
                "RootB3_0",
                "RootC4_0",
                "RootD5_0",
                "TrunkA6_0",
                "TrunkB7_0"
            ],
            "matrix": [
                0.20270587503910067,
                -0.9199692010879518,
                0.3355093002319337,
                0,
                -0.9573010224844891,
                -0.2582884064789529,
                -0.12985284607628203,
                0,
                0.20611877731664005,
                -0.29486145527657903,
                -0.9330440150063799,
                0,
                54.287567138671896,
                123.63889312744142,
                4.0395894050598145,
                1
            ],
            "name": "Tree_1"
        },
        "TrunkA6_0": {
            "children": [
                "TrunkA6_1"
            ],
            "matrix": [
                -0.0006142722559159838,
                0.984394907951355,
                0.17597420513629916,
                0,
                0.3158718296387722,
                -0.16677368075070934,
                0.9340300374442275,
                0,
                0.9488019363350518,
                0.05615902262291208,
                -0.3108400640724722,
                0,
                -6.341857910156251,
                88.67532348632812,
                11.859854698181152,
                1
            ],
            "name": "TrunkA6_0"
        },
        "TrunkA6_1": {
            "children": [],
            "matrix": [
                0.9857650995254518,
                0.000001043081283624847,
                -0.1681272387504577,
                0,
                -0.000001050042546524299,
                0.9999996423719799,
                4.74974500268982e-8,
                0,
                0.16812725471649737,
                1.2971948406409473e-7,
                0.9857651931384795,
                0,
                35.02965545654297,
                0.00002288818359375,
                9.536743172944284e-7,
                1
            ],
            "name": "TrunkA6_1"
        },
        "TrunkB7_0": {
            "children": [
                "TrunkB7_1"
            ],
            "matrix": [
                -0.02592569030821342,
                0.994997143745422,
                0.09648171812295911,
                0,
                0.3054032888135982,
                0.09978331552371639,
                -0.9469806781240664,
                0,
                -0.9518704391739692,
                0.004914706770813402,
                -0.3064623847306565,
                0,
                0.4706303775310515,
                92.01402282714845,
                -3.7496719360351567,
                1
            ],
            "name": "TrunkB7_0"
        },
        "TrunkB7_1": {
            "children": [
                "TrunkB7_2",
                "TrunkC8_0"
            ],
            "matrix": [
                0.996518075466156,
                1.3877787807814457e-17,
                -0.08337631076574326,
                0,
                6.352554947353095e-8,
                0.9999999403953559,
                7.592607268320757e-7,
                0,
                0.08337629059394167,
                -7.619134254066573e-7,
                0.9965178343717167,
                0,
                36.03256988525389,
                -0.000030517578125,
                0.0000152587890625,
                1
            ],
            "name": "TrunkB7_1"
        },
        "TrunkB7_2": {
            "children": [],
            "matrix": [
                0.9985126256942748,
                -0.02624831348657608,
                0.04778714105486869,
                0,
                0.026218303787358316,
                0.9996556041345788,
                0.0012548631001566418,
                0,
                -0.0478036284928148,
                -9.886773310111008e-8,
                0.9988570765126313,
                0,
                36.828590393066435,
                0.000003814697267401357,
                -9.536743146298932e-7,
                1
            ],
            "name": "TrunkB7_2"
        },
        "TrunkC8_0": {
            "children": [
                "TrunkC8_1"
            ],
            "matrix": [
                0.8685241937637327,
                0.156539112329483,
                0.47027832269668574,
                0,
                0.3846833039796898,
                0.3854128335207504,
                -0.8387351069495467,
                0,
                -0.312546012306162,
                0.9093695508372774,
                0.2745222666110797,
                0,
                0.06896972656248579,
                4.758438110351559,
                8.9202127456665,
                1
            ],
            "name": "TrunkC8_0"
        },
        "TrunkC8_1": {
            "children": [],
            "matrix": [
                0.8950492739677428,
                0.3374772369861601,
                -0.2915405333042145,
                0,
                -0.35280377981007194,
                0.9356970962459227,
                -0.0000010162395938258273,
                0,
                0.2727933486637123,
                0.10285753476667456,
                0.9565584659542052,
                0,
                48.14199066162108,
                0.000041961669921875,
                -0.0000171661376953125,
                1
            ],
            "name": "TrunkC8_1"
        },
        "ankle_R": {
            "children": [],
            "matrix": [
                0.13283187150955206,
                -0.11584314703941338,
                0.9843456745147705,
                0,
                0.18265591131094286,
                0.9789967948457885,
                0.0905652815091251,
                0,
                -0.9741623954730011,
                0.1677665604120398,
                0.1512013760251274,
                0,
                -32.70353698730468,
                -0.000007629394538355427,
                -0.0000019073486328125,
                1
            ],
            "name": "ankle_R"
        },
        "beard_LF": {
            "children": [],
            "matrix": [
                -2.8212997443250276e-7,
                0.9999999999999996,
                -2.98023223876953e-7,
                0,
                0.23839783668511452,
                3.566896640335992e-7,
                0.9711675643921062,
                0,
                0.971167564392089,
                2.0294738825740596e-7,
                -0.23839783668518477,
                0,
                18.288883209228523,
                20.284362792968746,
                -26.519515991210938,
                1
            ],
            "name": "beard_LF"
        },
        "beard_RT": {
            "children": [],
            "matrix": [
                -1.629206851037603e-7,
                1.0000000000000002,
                -1.4901161193847662e-7,
                0,
                0.23839783668516026,
                1.8355518311243095e-7,
                0.9711675643920952,
                0,
                0.9711675643920896,
                1.226992390142048e-7,
                -0.23839783668518208,
                0,
                18.288890838623026,
                -15.674949645996094,
                -26.51945495605466,
                1
            ],
            "name": "beard_RT"
        },
        "bicep_L": {
            "children": [
                "elbow_L"
            ],
            "matrix": [
                0.2016367465257647,
                -0.654861807823181,
                -0.7283536195755003,
                0,
                -0.6151655559368648,
                -0.663332865323545,
                0.4260998638015472,
                0,
                -0.7621773215371378,
                0.36214062202115194,
                -0.5366006391802374,
                0,
                53.10812759399414,
                -0.000091552734375,
                -0.00003814697266335543,
                1
            ],
            "name": "bicep_L"
        },
        "bicep_R": {
            "children": [
                "elbow_R"
            ],
            "matrix": [
                0.4040445983409884,
                -0.5901708602905276,
                -0.6988897323608401,
                0,
                -0.9146857954015938,
                -0.26894956348762455,
                -0.3016894508390484,
                0,
                -0.009917763066244216,
                0.7611603014303945,
                -0.6484883487667467,
                0,
                -37.41485595703125,
                0.000030517578125,
                -0.0000152587890625,
                1
            ],
            "name": "bicep_R"
        },
        "clavicle_L": {
            "children": [
                "shoulder_rock_JNT",
                "bicep_L"
            ],
            "matrix": [
                0.6030152440071107,
                0.7106248140335083,
                -0.3624694645404816,
                0,
                0.2345234932781353,
                0.276374695082621,
                0.9319956323753755,
                0,
                0.7624768516021907,
                -0.6470153831440113,
                -5.9604644719879474e-8,
                0,
                1.33233642578125,
                15.524496078491211,
                18.23297119140622,
                1
            ],
            "name": "clavicle_L"
        },
        "clavicle_R": {
            "children": [
                "bicep_R"
            ],
            "matrix": [
                -0.5578863024711609,
                0.7723066210746764,
                0.3038176000118255,
                0,
                -0.17790549389002192,
                0.24628183632171002,
                -0.9527299636559233,
                0,
                -0.8106245549084765,
                -0.5855659175886639,
                3.2782555420274306e-7,
                0,
                8.639389038085952,
                -23.168487548828125,
                30.715957641601534,
                1
            ],
            "name": "clavicle_R"
        },
        "elbow_L": {
            "children": [
                "wrist_L"
            ],
            "matrix": [
                0.6692279577255253,
                -8.940696721859709e-8,
                -0.743057191371918,
                0,
                2.4114001551112096e-7,
                0.999999999999971,
                9.685751489046934e-8,
                0,
                0.7430573363014308,
                -2.4400062709206694e-7,
                0.6692280882550523,
                0,
                57.173889160156236,
                -0.00002288818359375,
                0.000014305114744317393,
                1
            ],
            "name": "elbow_L"
        },
        "elbow_R": {
            "children": [
                "wrist_R"
            ],
            "matrix": [
                0.8703397512435914,
                2.6822090132272436e-7,
                -0.4924518167972565,
                0,
                -5.695501966163086e-7,
                1.0000002384186126,
                -4.619359765811737e-7,
                0,
                0.49245179511513265,
                6.825170791209534e-7,
                0.8703397129238402,
                0,
                -64.42839050292972,
                -1.4210854715202004e-14,
                -0.000030517578110789145,
                1
            ],
            "name": "elbow_R"
        },
        "head": {
            "children": [
                "jaw0_0"
            ],
            "matrix": [
                0.9068464636802676,
                1.951553066619752e-14,
                -0.4214616119861603,
                0,
                -2.152021475088791e-14,
                1,
                2.6469779601696886e-23,
                0,
                0.4214616119861604,
                9.069944387071898e-15,
                0.9068464636802673,
                0,
                20.811042785644517,
                0.000007510185241699219,
                -0.0000457763671875,
                1
            ],
            "name": "head"
        },
        "index_0_L": {
            "children": [
                "index_1_L"
            ],
            "matrix": [
                0.8569086194038393,
                0.42248183488845836,
                -0.29532450437545765,
                0,
                0.2648802999464166,
                0.1305947458266492,
                0.9553969135567633,
                0,
                0.4422056598023151,
                -0.8969134734616679,
                6.482005275310065e-7,
                0,
                27.102783203125007,
                0.44681549072265625,
                -15.616960525512704,
                1
            ],
            "name": "index_0_L"
        },
        "index_1_L": {
            "children": [],
            "matrix": [
                0.9881514310836794,
                1.490116117719431e-7,
                -0.15348437428474448,
                0,
                -7.441925775619751e-8,
                1.0000002384185838,
                4.917383397973207e-7,
                0,
                0.15348436217244368,
                -4.744896004160726e-7,
                0.9881513531027261,
                0,
                9.545257568359375,
                0.0000152587890625,
                -0.000022888183579539145,
                1
            ],
            "name": "index_1_L"
        },
        "jaw0_0": {
            "children": [
                "beard_LF",
                "beard_RT"
            ],
            "matrix": [
                0.9999999999999999,
                -1.8007531123705942e-15,
                -2.6469779601696886e-23,
                0,
                1.8007531061945643e-15,
                0.9999999999999998,
                2.6469779601696886e-23,
                0,
                0,
                0,
                0.9999999999999997,
                0,
                8.923805236816413,
                2.220446049250313e-16,
                -5.175750732421875,
                1
            ],
            "name": "jaw0_0"
        },
        "knee_L": {
            "children": [],
            "matrix": [
                0.8480799794197085,
                -4.470348358154297e-8,
                -0.5298685431480408,
                0,
                9.926161892437335e-8,
                1.0000003576278638,
                7.450582362178437e-8,
                0,
                0.5298685196829087,
                -1.157824603068014e-7,
                0.8480799418626506,
                0,
                50.14026260375978,
                0.000011444091796875,
                -0.0000019073486328125,
                1
            ],
            "name": "knee_L"
        },
        "knee_R": {
            "children": [
                "ankle_R"
            ],
            "matrix": [
                0.7943115234375003,
                -2.980232241545089e-8,
                -0.6075109839439392,
                0,
                -2.3030537804613616e-7,
                1.0000002384186113,
                -3.501772821504212e-7,
                0,
                0.6075108824226598,
                4.1806272772781927e-7,
                0.7943113906999255,
                0,
                -45.69507980346678,
                -7.105427357601002e-15,
                0.000006675720213067393,
                1
            ],
            "name": "knee_R"
        },
        "mid_0_L": {
            "children": [
                "mid_1_L"
            ],
            "matrix": [
                0.9914253354072573,
                0.1306750476360322,
                4.6193599698152177e-7,
                0,
                -4.91077424641384e-7,
                1.907840402881611e-7,
                0.9999997615813159,
                0,
                0.13067503889605755,
                -0.991425269098384,
                2.533197402850018e-7,
                0,
                28.40852355957032,
                -0.9596481323242188,
                -2.0047492980957013,
                1
            ],
            "name": "mid_0_L"
        },
        "mid_1_L": {
            "children": [],
            "matrix": [
                0.9869860410690305,
                0,
                -0.16080491244792933,
                0,
                -1.0439432018838346e-7,
                1.0000003576278687,
                -6.407499324213861e-7,
                0,
                0.1608048738373164,
                6.491979703303688e-7,
                0.9869858040853745,
                0,
                11.703605651855469,
                0.000004291534423828125,
                -0.00003814697265625,
                1
            ],
            "name": "mid_1_L"
        },
        "mountain_A": {
            "children": [],
            "matrix": [
                0.8540422916412355,
                7.721057004111985e-14,
                -0.5202032923698425,
                0,
                2.7293912104434243e-8,
                0.9999999999999997,
                4.480985182908623e-8,
                0,
                0.5202032923698424,
                -5.2467891482596855e-8,
                0.8540422916412354,
                0,
                27.605247497558594,
                -49.355712890625,
                29.430267333984347,
                1
            ],
            "name": "mountain_A"
        },
        "mountain_B": {
            "children": [],
            "matrix": [
                0.8540425300598143,
                7.695920455666799e-14,
                -0.5202031135559082,
                0,
                -1.3771928226751993e-13,
                1,
                -7.815970090714124e-14,
                0,
                0.5202031135559082,
                1.3839370816427173e-13,
                0.8540425300598142,
                0,
                16.593910217285156,
                -20.618234634399414,
                43.41471862792969,
                1
            ],
            "name": "mountain_B"
        },
        "mountain_C": {
            "children": [],
            "matrix": [
                0.8540425300598143,
                7.695920455666799e-14,
                -0.5202031135559082,
                0,
                -1.3771928226751993e-13,
                1,
                -7.815970090714124e-14,
                0,
                0.5202031135559082,
                1.3839370816427173e-13,
                0.8540425300598142,
                0,
                39.656089782714844,
                -44.41364669799804,
                52.1974182128906,
                1
            ],
            "name": "mountain_C"
        },
        "mountain_D": {
            "children": [],
            "matrix": [
                0.8540425300598143,
                7.695920455666799e-14,
                -0.5202031135559082,
                0,
                -1.3771928226751993e-13,
                1,
                -7.815970090714124e-14,
                0,
                0.5202031135559082,
                1.3839370816427173e-13,
                0.8540425300598142,
                0,
                54.9412384033203,
                -14.891651153564453,
                40.27258300781247,
                1
            ],
            "name": "mountain_D"
        },
        "mountain_E": {
            "children": [],
            "matrix": [
                0.8540425300598143,
                7.695920455666799e-14,
                -0.5202031135559082,
                0,
                -1.3771928226751993e-13,
                1,
                -7.815970090714124e-14,
                0,
                0.5202031135559082,
                1.3839370816427173e-13,
                0.8540425300598142,
                0,
                59.035118103027344,
                -32.878604888916016,
                32.54933166503906,
                1
            ],
            "name": "mountain_E"
        },
        "mountain_F": {
            "children": [],
            "matrix": [
                0.8540425300598143,
                7.695920455666799e-14,
                -0.5202031135559082,
                0,
                -1.3771928226751993e-13,
                1,
                -7.815970090714124e-14,
                0,
                0.5202031135559082,
                1.3839370816427173e-13,
                0.8540425300598142,
                0,
                44.992828369140625,
                -44.334121704101555,
                30.884979248046847,
                1
            ],
            "name": "mountain_F"
        },
        "mountain_G": {
            "children": [],
            "matrix": [
                0.8540425300598143,
                7.695920455666799e-14,
                -0.5202031135559082,
                0,
                -1.3771928226751993e-13,
                1,
                -7.815970090714124e-14,
                0,
                0.5202031135559082,
                1.3839370816427173e-13,
                0.8540425300598142,
                0,
                51.22657775878905,
                -41.178043365478516,
                15.185577392578125,
                1
            ],
            "name": "mountain_G"
        },
        "mountain_H": {
            "children": [],
            "matrix": [
                0.8540425300598143,
                7.695920455666799e-14,
                -0.5202031135559082,
                0,
                -1.3771928226751993e-13,
                1,
                -7.815970090714124e-14,
                0,
                0.5202031135559082,
                1.3839370816427173e-13,
                0.8540425300598142,
                0,
                55.390777587890625,
                9.324934959411621,
                29.80096435546875,
                1
            ],
            "name": "mountain_H"
        },
        "mountain_I": {
            "children": [],
            "matrix": [
                0.8540425300598143,
                7.695920455666799e-14,
                -0.5202031135559082,
                0,
                -1.3771928226751993e-13,
                1,
                -7.815970090714124e-14,
                0,
                0.5202031135559082,
                1.3839370816427173e-13,
                0.8540425300598142,
                0,
                50.05059051513672,
                33.92615127563477,
                26.347198486328125,
                1
            ],
            "name": "mountain_I"
        },
        "neck1": {
            "children": [
                "head"
            ],
            "matrix": [
                0.9937307238578796,
                4.263256410590134e-14,
                -0.11179819703102112,
                0,
                -5.1694766532426e-14,
                1,
                -7.815970093361102e-14,
                0,
                0.11179819703102117,
                8.344907787324688e-14,
                0.9937307238578797,
                0,
                59.97335815429689,
                0.0000057220458984375,
                0.00003051757809657829,
                1
            ],
            "name": "neck1"
        },
        "root": {
            "children": [
                "spine1",
                "thigh_R",
                "thigh_L"
            ],
            "matrix": [
                -1.629206851037603e-7,
                -1.0000000000000002,
                0,
                0,
                1.0000000000000002,
                -1.629206851037603e-7,
                0,
                0,
                0,
                0,
                1,
                0,
                1.9356492757797241,
                27.75965690612793,
                85.92821502685547,
                1
            ],
            "name": "root"
        },
        "shoulder_rock_JNT": {
            "children": [],
            "matrix": [
                0.7035591006278992,
                -0.28453385829925537,
                0.6511878371238707,
                0,
                0.7106250321095299,
                0.27637498589324455,
                -0.6470155666020212,
                0,
                0.004125805122628249,
                0.9179638178558672,
                0.39664291070453483,
                0,
                49.07656478881837,
                17.557830810546875,
                3.215953826904297,
                1
            ],
            "name": "shoulder_rock_JNT"
        },
        "spine1": {
            "children": [
                "spine2"
            ],
            "matrix": [
                -0.12044411152601178,
                -1.1486445568602448e-7,
                0.9927201271057131,
                0,
                -4.803084719551345e-7,
                1.0000000000000002,
                5.7432227841695234e-8,
                0,
                -0.992720127105707,
                -4.698945136738933e-7,
                -0.12044411152606538,
                0,
                -4.1207180023193395,
                -0.0000019073486328125,
                18.456100463867188,
                1
            ],
            "name": "spine1"
        },
        "spine2": {
            "children": [
                "spine3"
            ],
            "matrix": [
                0.9584482908248902,
                3.552713725122615e-15,
                -0.2852662801742554,
                0,
                -2.720511284456716e-7,
                0.9999999999999999,
                -9.140475185631654e-7,
                0,
                0.2852662801742555,
                9.536742953285033e-7,
                0.9584482908248899,
                0,
                23.889266967773423,
                0.000003933906555397826,
                -0.000003814697265625,
                1
            ],
            "name": "spine2"
        },
        "spine3": {
            "children": [
                "clavicle_R",
                "mountain_B",
                "clavicle_L",
                "mountain_C",
                "mountain_D",
                "mountain_E",
                "mountain_F",
                "mountain_G",
                "mountain_H",
                "mountain_I",
                "neck1",
                "mountain_A"
            ],
            "matrix": [
                0.656097173690796,
                3.1285154022953055e-7,
                -0.7546762824058535,
                0,
                1.434038616476813e-7,
                0.9999999999999999,
                5.39222469342259e-7,
                0,
                0.7546762824059482,
                -4.620058313168982e-7,
                0.6560971736906869,
                0,
                31.613883972167955,
                0.0000019073486328125,
                -0.000011444091796875,
                1
            ],
            "name": "spine3"
        },
        "thigh_L": {
            "children": [
                "knee_L"
            ],
            "matrix": [
                0.29356443881988553,
                0.30928307771682767,
                -0.9045239686965943,
                0,
                -0.3547405424085243,
                0.9138977465596827,
                0.19735673756978225,
                0,
                0.8876818139938357,
                0.2629344916599786,
                0.37800325279043456,
                0,
                1.546157836914059,
                25.96382904052734,
                0.4293670654296875,
                1
            ],
            "name": "thigh_L"
        },
        "thigh_R": {
            "children": [
                "knee_R"
            ],
            "matrix": [
                -0.12328828871250154,
                0.269180715084076,
                0.95516574382782,
                0,
                0.3857293711847864,
                0.8998220988992125,
                -0.20379587857760517,
                0,
                -0.9143372386595973,
                0.34330986438441863,
                -0.21476845204767894,
                0,
                0.36250495910644176,
                -26.211914062499996,
                -0.1041259765625,
                1
            ],
            "name": "thigh_R"
        },
        "thumb_0_L": {
            "children": [
                "thumb_1_L"
            ],
            "matrix": [
                0.524909555912018,
                0.4342348575592043,
                -0.7320585250854494,
                0,
                -0.7380901285631187,
                0.6605613097136311,
                -0.13740952659864095,
                0,
                0.4239016025493748,
                0.6124528465441736,
                0.6672395167700672,
                0,
                0.685161590576179,
                -0.8935623168945455,
                -10.485507965087892,
                1
            ],
            "name": "thumb_0_L"
        },
        "thumb_1_L": {
            "children": [],
            "matrix": [
                0.9940085411071781,
                -4.470348358154297e-8,
                -0.10930198431014998,
                0,
                5.647909362416215e-9,
                1.0000004768371866,
                -3.576278603811822e-7,
                0,
                0.10930200807739326,
                3.5486772814730116e-7,
                0.9940087572498856,
                0,
                11.961090087890625,
                0.000007629394538355427,
                -0.0000152587890625,
                1
            ],
            "name": "thumb_1_L"
        },
        "tiny_04_model_LOD0": {
            "children": [],
            "matrix": [
                1,
                0,
                0,
                0,
                0,
                1,
                0,
                0,
                0,
                0,
                1,
                0,
                0,
                0,
                0,
                1
            ],
            "meshes": [
                "tiny_04_model_LOD0-mesh"
            ],
            "name": "tiny_04_model_LOD0"
        },
        "wrist_L": {
            "children": [
                "index_0_L",
                "thumb_0_L",
                "mid_0_L",
                "Tree_1"
            ],
            "matrix": [
                0.8568038940429685,
                0.24877882003784166,
                0.4516593813896177,
                0,
                -0.34316590114507417,
                0.9288798492718964,
                0.13935334931254031,
                0,
                -0.3848690734458462,
                -0.27439254615426295,
                0.8812401360068288,
                0,
                59.39138031005858,
                0,
                0.000026702880852269573,
                1
            ],
            "name": "wrist_L"
        },
        "wrist_R": {
            "children": [],
            "matrix": [
                0.22572365403175346,
                -0.5959965586662291,
                0.770607888698578,
                0,
                0.9160359446754104,
                0.39906447060004274,
                0.04031891051556104,
                0,
                -0.3315520836552825,
                0.6968034308129131,
                0.6360324126496765,
                0,
                -130.56123352050778,
                0.000015258789076710855,
                -0.0000152587890625,
                1
            ],
            "name": "wrist_R"
        }
    },
    "samplers": {
