{
    "accessors": [
        {
            "bufferView": 0,
            "byteOffset": 0,
            "componentType": 5126,
            "count": 1749,
            "max": [
                42.74201583862305,
                96.92865753173828,
                165.09226989746094
            ],
            "min": [
                -42.74203109741211,
                -84.25365447998047,
                -0.5855935215950012
            ],
            "type": "VEC3"
        },
        {
            "bufferView": 0,
            "byteOffset": 20988,
            "componentType": 5126,
            "count": 1749,
            "max": [
                0.9989548921585083,
                0.9997943043708801,
                0.9998802542686462
            ],
            "min": [
                -0.9989548325538635,
                -0.9986340403556824,
                -0.9999693632125854
            ],
            "type": "VEC3"
        },
        {
            "bufferView": 0,
            "byteOffset": 41976,
            "componentType": 5126,
            "count": 1749,
            "max": [
                1.9961780309677124,
                0.9965239763259888
            ],
            "min": [
                0.003984999842941761,
                0.0053550004959106445
            ],
            "type": "VEC2"
        },
        {
            "bufferView": 0,
            "byteOffset": 55968,
            "componentType": 5123,
            "count": 1749,
            "max": [
                21,
                25,
                26,
                0
            ],
            "min": [
                0,
                0,
                0,
                0
            ],
            "type": "VEC4"
        },
        {
            "bufferView": 0,
            "byteOffset": 69960,
            "componentType": 5126,
            "count": 1749,
            "max": [
                1,
                0.9998599886894226,
                0.9262507557868958,
                0
            ],
            "min": [
                0.0001399814209435135,
                0,
                0,
                0
            ],
            "type": "VEC4"
        },
        {
            "bufferView": 2,
            "byteOffset": 0,
            "componentType": 5123,
            "count": 8460,
            "max": [
                1748
            ],
            "min": [
                0
            ],
            "type": "SCALAR"
        },
        {
            "bufferView": 1,
            "byteOffset": 0,
            "componentType": 5126,
            "count": 27,
            "max": [
                0.9522089705692859,
                0.9999999999999732,
                0.1754869722405278,
                0,
                0.9991791186956153,
                0.40958004395724806,
                0.8824047703252306,
                0,
                0.8769304186671083,
                0.8773493679141722,
                1,
                0,
                61.4761002086142,
                100.48286510274819,
                102.89267129888486,
                1
            ],
            "min": [
                -0.3987697370078004,
                -0.9894807086145085,
                -0.14466517922410696,
                0,
                -0.9999999999999732,
                -0.40957988719518074,
                -0.8719495212224392,
                0,
                -0.73646503126941,
                -0.877349418265684,
                -0.9991791186938497,
                0,
                -136.4835044604066,
                -100.4828558611506,
                -131.88036446671723,
                1
            ],
            "type": "MAT4"
        },
        {
            "bufferView": 0,
            "byteOffset": 97944,
            "componentType": 5126,
            "count": 904,
            "max": [
                55.843990325927734,
                42.55445098876953,
                110.04344177246094
            ],
            "min": [
                -55.84486389160156,
                -15.243664741516113,
                45.71165084838867
            ],
            "type": "VEC3"
        },
        {
            "bufferView": 0,
            "byteOffset": 108792,
            "componentType": 5126,
            "count": 904,
            "max": [
                0.9983111619949341,
                0.9953206777572632,
                0.9964379072189331
            ],
            "min": [
                -0.9983115792274475,
                -0.9978926181793213,
                -0.9977800846099854
            ],
            "type": "VEC3"
        },
        {
            "bufferView": 0,
            "byteOffset": 119640,
            "componentType": 5126,
            "count": 904,
            "max": [
                1.9953420162200928,
                0.9903690218925476
            ],
            "min": [
                0.01832599937915802,
                0.011677980422973633
            ],
            "type": "VEC2"
        },
        {
            "bufferView": 0,
            "byteOffset": 126872,
            "componentType": 5123,
            "count": 904,
            "max": [
                12,
                12,
                12,
                0
            ],
            "min": [
                0,
                0,
                0,
                0
            ],
            "type": "VEC4"
        },
        {
            "bufferView": 0,
            "byteOffset": 134104,
            "componentType": 5126,
            "count": 904,
            "max": [
                1,
                0.9998999834060669,
                0.8989550471305847,
                0
            ],
            "min": [
                0.00010001754708355293,
                0,
                0,
                0
            ],
            "type": "VEC4"
        },
        {
            "bufferView": 2,
            "byteOffset": 16920,
            "componentType": 5123,
            "count": 3912,
            "max": [
                903
            ],
            "min": [
                0
            ],
            "type": "SCALAR"
        },
        {
            "bufferView": 1,
            "byteOffset": 1728,
            "componentType": 5126,
            "count": 13,
            "max": [
                0.9522090233514643,
                0.9999999999999291,
                0.5189995425859153,
                0,
                0.9412982932606626,
                0.4095800376687826,
                1.0000000596042486,
                0,
                1.0000001192092558,
                0.8773491925130418,
                0.8856939121400448,
                0,
                76.60228723353984,
                93.25720871619262,
                76.10463226058215,
                1
            ],
            "min": [
                -0.322287900386893,
                -1.0000001788134036,
                -0.2678815643727834,
                0,
                -0.9412986848726341,
                -0.4095801203495483,
                -1.0000000596039345,
                0,
                -1.0000002980230824,
                -0.8773492350324729,
                -0.8532685018899062,
                0,
                -125.26992489290016,
                -93.25718992922913,
                -116.17897260687613,
                1
            ],
            "type": "MAT4"
        },
        {
            "bufferView": 0,
            "byteOffset": 148568,
            "componentType": 5126,
            "count": 250,
            "max": [
                26.646238327026367,
                -32.540977478027344,
                106.09152221679688
            ],
            "min": [
                -26.646211624145508,
                -79.44500732421875,
                70.94895935058594
            ],
            "type": "VEC3"
        },
        {
            "bufferView": 0,
            "byteOffset": 151568,
            "componentType": 5126,
            "count": 250,
            "max": [
                0.9948554635047913,
                0.9515097141265869,
                0.9986605644226074
            ],
            "min": [
                -0.994855523109436,
                -0.988730251789093,
                -0.9392019510269165
            ],
            "type": "VEC3"
        },
        {
            "bufferView": 0,
            "byteOffset": 154568,
            "componentType": 5126,
            "count": 250,
            "max": [
                1.922855019569397,
                0.986391007900238
            ],
            "min": [
                0.023896999657154083,
                0.013180971145629883
            ],
            "type": "VEC2"
        },
        {
            "bufferView": 0,
            "byteOffset": 156568,
            "componentType": 5123,
            "count": 250,
            "max": [
                4,
                5,
                5,
                0
            ],
            "min": [
                0,
                0,
                0,
                0
            ],
            "type": "VEC4"
        },
        {
            "bufferView": 0,
            "byteOffset": 158568,
            "componentType": 5126,
            "count": 250,
            "max": [
                1,
                0.9613345861434937,
                0.928848147392273,
                0
            ],
            "min": [
                0.00013331935042515397,
                0,
                0,
                0
            ],
            "type": "VEC4"
        },
        {
            "bufferView": 2,
            "byteOffset": 24744,
            "componentType": 5123,
            "count": 1068,
            "max": [
                249
            ],
            "min": [
                0
            ],
            "type": "SCALAR"
        },
        {
            "bufferView": 1,
            "byteOffset": 2560,
            "componentType": 5126,
            "count": 6,
            "max": [
                0.040124556144710305,
                0.9999999999999969,
                0.14466538886745803,
                0,
                -0.4806165324826847,
                0.07567260816036546,
                0.8769308248911244,
                0,
                0.8769308248911215,
                0.12329541441490016,
                0.9222635444045952,
                0,
                44.64090019207382,
                35.79680817138953,
                102.89272190383562,
                1
            ],
            "min": [
                -0.040124129687603004,
                -0.9894807873382212,
                -0.14466548950422364,
                0,
                -0.9222635444045946,
                -0.07567276633545178,
                -0.38656159951369146,
                0,
                -0.7364648105928704,
                -0.12329584502764429,
                -0.8433145172879007,
                0,
                -121.22735495528062,
                -35.796759828058185,
                -116.78110975025294,
                1
            ],
            "type": "MAT4"
        },
        {
            "bufferView": 0,
            "byteOffset": 162568,
            "componentType": 5126,
            "count": 724,
            "max": [
                63.43599319458008,
                43.962974548339844,
                214.8377227783203
            ],
            "min": [
                -63.43601989746094,
                -76.9302978515625,
                101.83279418945312
            ],
            "type": "VEC3"
        },
        {
            "bufferView": 0,
            "byteOffset": 171256,
            "componentType": 5126,
            "count": 724,
            "max": [
                0.9996296763420105,
                0.9957287311553955,
                0.9955446124076843
            ],
            "min": [
                -0.9994794726371765,
                -0.994931161403656,
                -0.9992141127586365
            ],
            "type": "VEC3"
        },
        {
            "bufferView": 0,
            "byteOffset": 179944,
            "componentType": 5126,
            "count": 724,
            "max": [
                1.9607290029525757,
                0.9849780201911926
            ],
            "min": [
                0.014163999818265438,
                0.010152995586395264
            ],
            "type": "VEC2"
        },
        {
            "bufferView": 0,
            "byteOffset": 185736,
            "componentType": 5123,
            "count": 724,
            "max": [
                24,
                25,
                26,
                0
            ],
            "min": [
                0,
                0,
                0,
                0
            ],
            "type": "VEC4"
        },
        {
            "bufferView": 0,
            "byteOffset": 191528,
            "componentType": 5126,
            "count": 724,
            "max": [
                1,
                0.9995203614234924,
                0.8783479332923889,
                0
            ],
            "min": [
                0.00019101415819022804,
                0,
                0,
                0
            ],
            "type": "VEC4"
        },
        {
            "bufferView": 2,
            "byteOffset": 26880,
            "componentType": 5123,
            "count": 3114,
            "max": [
                723
            ],
            "min": [
                0
            ],
            "type": "SCALAR"
        },
        {
            "bufferView": 1,
            "byteOffset": 2944,
            "componentType": 5126,
            "count": 27,
            "max": [
                0.9522090233514643,
                0.9999999999999291,
                0.17548718933435836,
                0,
                0.6118803615570948,
                0.4095800376687826,
                0.9811742700889378,
                0,
                0.9502620888520605,
                0.8773491925130418,
                0.998621005942841,
                0,
                76.44922494505201,
                100.48287209717304,
                77.18835857231718,
                1
            ],
            "min": [
                -0.39876967215560577,
                -0.7737092236914633,
                -0.23243484661987235,
                0,
                -0.9959832093633516,
                -0.4095801203495483,
                -0.8719494584921987,
                0,
                -0.6561482322008066,
                -0.8773492350324729,
                -0.6118803615570556,
                0,
                -170.9449741502918,
                -100.48285327386496,
                -204.8593480898446,
                1
            ],
            "type": "MAT4"
        },
        {
            "bufferView": 0,
            "byteOffset": 203112,
            "componentType": 5126,
            "count": 122,
            "max": [
                28.458940505981445,
                128.7766876220703,
                46.31523895263672
            ],
            "min": [
                -28.458961486816406,
                84.75800323486328,
                2.127584218978882
            ],
            "type": "VEC3"
        },
        {
            "bufferView": 0,
            "byteOffset": 204576,
            "componentType": 5126,
            "count": 122,
            "max": [
                0.9994369745254517,
                0.9873997569084167,
                0.9932224750518799
            ],
            "min": [
                -0.9994370937347412,
                -0.7032708525657654,
                -0.8661664724349976
            ],
            "type": "VEC3"
        },
        {
            "bufferView": 0,
            "byteOffset": 206040,
            "componentType": 5126,
            "count": 122,
            "max": [
                1.9659589529037476,
                0.9357919692993164
            ],
            "min": [
                0.023777000606060028,
                0.042115986347198486
            ],
            "type": "VEC2"
        },
        {
            "bufferView": 0,
            "byteOffset": 207016,
            "componentType": 5123,
            "count": 122,
            "max": [
                5,
                6,
                6,
                0
            ],
            "min": [
                0,
                1,
                0,
                0
            ],
            "type": "VEC4"
        },
        {
            "bufferView": 0,
            "byteOffset": 207992,
            "componentType": 5126,
            "count": 122,
            "max": [
                0.8895424008369446,
                0.9964028000831604,
                0.9912440776824951,
                0
            ],
            "min": [
                0.0001569788291817531,
                0.0013343407772481441,
                0,
                0
            ],
            "type": "VEC4"
        },
        {
            "bufferView": 2,
            "byteOffset": 33108,
            "componentType": 5123,
            "count": 552,
            "max": [
                121
            ],
            "min": [
                0
            ],
            "type": "SCALAR"
        },
        {
            "bufferView": 1,
            "byteOffset": 4672,
            "componentType": 5126,
            "count": 7,
            "max": [
                8.558045352244352e-8,
                0.9999999999998851,
                0.0000013393820799316796,
                0,
                0.9991791223142725,
                0.6909968825552556,
                0.4889632319050137,
                0,
                0.7961828416877096,
                0.21257644509760898,
                0.7245930112153592,
                0,
                89.97487899777435,
                58.808927295321034,
                56.04428145066558,
                1
            ],
            "min": [
                -0.4235488742944358,
                0.6908942278015915,
                -0.6633331605208311,
                0,
                -0.6251645922131326,
                -0.6909965230084728,
                -0.4889633927200532,
                0,
                -0.7961830559400023,
                -0.21257633678820823,
                -0.9991791223124828,
                0,
                -96.37435483096472,
                -58.80895947598438,
                -56.04425295640137,
                1
            ],
            "type": "MAT4"
        }
    ],
    "asset": {
        "generator": "ClayGL - fbx2gltf",
        "version": "2.0"
    },
    "bufferViews": [
        {
            "buffer": 0,
            "byteLength": 209944,
            "byteOffset": 0,
            "target": 34962
        },
        {
            "buffer": 0,
            "byteLength": 5120,
            "byteOffset": 209944,
            "target": 34962
        },
        {
            "buffer": 0,
            "byteLength": 34212,
            "byteOffset": 215064,
            "target": 34963
        }
    ],
    "buffers": [
        {
            "byteLength": 249276,
            "uri": "venomancer.bin"
        }
    ],
    "images": [
        {
            "uri": "textures/venomancer_body_color.png"
        },
        {
            "uri": "textures/venomancer_limbs_color.png"
        },
        {
            "uri": "textures/venomancer_mandibles_color.png"
        },
        {
            "uri": "textures/venomancer_stinger_color.png"
        },
        {
            "uri": "textures/venomancer_tail_color.png"
        }
    ],
    "materials": [
        {
            "emissiveFactor": [
                0,
                0,
                0
            ],
            "name": "Material #35",
            "pbrMetallicRoughness": {
                "baseColorFactor": [
                    1,
                    1,
                    1,
                    1
                ],
                "baseColorTexture": {
                    "index": 0,
                    "texCoord": 0
                },
                "metallicFactor": 0,
                "roughnessFactor": 0.9230769230769231
            }
        },
        {
            "emissiveFactor": [
                0,
                0,
                0
            ],
            "name": "Material #46",
            "pbrMetallicRoughness": {
                "baseColorFactor": [
                    1,
                    1,
                    1,
                    1
                ],
                "baseColorTexture": {
                    "index": 1,
                    "texCoord": 0
                },
                "metallicFactor": 0,
                "roughnessFactor": 0.9230769230769231
            }
        },
        {
            "emissiveFactor": [
                0,
                0,
                0
            ],
            "name": "Material #57",
            "pbrMetallicRoughness": {
                "baseColorFactor": [
                    1,
                    1,
                    1,
                    1
                ],
                "baseColorTexture": {
                    "index": 2,
                    "texCoord": 0
                },
                "metallicFactor": 0,
                "roughnessFactor": 0.9230769230769231
            }
        },
        {
            "emissiveFactor": [
                0,
                0,
                0
            ],
            "name": "Material #68",
            "pbrMetallicRoughness": {
                "baseColorFactor": [
                    1,
                    1,
                    1,
                    1
                ],
                "baseColorTexture": {
                    "index": 3,
                    "texCoord": 0
                },
                "metallicFactor": 0,
                "roughnessFactor": 0.9230769230769231
            }
        },
        {
            "emissiveFactor": [
                0,
                0,
                0
            ],
            "name": "Material #79",
            "pbrMetallicRoughness": {
                "baseColorFactor": [
                    1,
                    1,
                    1,
                    1
                ],
                "baseColorTexture": {
                    "index": 4,
                    "texCoord": 0
                },
                "metallicFactor": 0,
                "roughnessFactor": 0.9230769230769231
            }
        }
    ],
    "meshes": [
        {
            "name": "venomancer_model_LOD0",
            "primitives": [
                {
                    "attributes": {
                        "JOINTS_0": 3,
                        "NORMAL": 1,
                        "POSITION": 0,
                        "TEXCOORD_0": 2,
                        "WEIGHTS_0": 4
                    },
                    "indices": 5,
                    "material": 0
                }
            ]
        },
        {
            "name": "venomancer_limbs_model",
            "primitives": [
                {
                    "attributes": {
                        "JOINTS_0": 10,
                        "NORMAL": 8,
                        "POSITION": 7,
                        "TEXCOORD_0": 9,
                        "WEIGHTS_0": 11
                    },
                    "indices": 12,
                    "material": 1
                }
            ]
        },
        {
            "name": "venomancer_mandibles_model",
            "primitives": [
                {
                    "attributes": {
                        "JOINTS_0": 17,
                        "NORMAL": 15,
                        "POSITION": 14,
                        "TEXCOORD_0": 16,
                        "WEIGHTS_0": 18
                    },
                    "indices": 19,
                    "material": 2
                }
            ]
        },
        {
            "name": "venomancer_stingers_model",
            "primitives": [
                {
                    "attributes": {
                        "JOINTS_0": 24,
                        "NORMAL": 22,
                        "POSITION": 21,
                        "TEXCOORD_0": 23,
                        "WEIGHTS_0": 25
                    },
                    "indices": 26,
                    "material": 3
                }
            ]
        },
        {
            "name": "venomancer_tail_model",
            "primitives": [
                {
                    "attributes": {
                        "JOINTS_0": 31,
                        "NORMAL": 29,
                        "POSITION": 28,
                        "TEXCOORD_0": 30,
                        "WEIGHTS_0": 32
                    },
                    "indices": 33,
                    "material": 4
                }
            ]
        }
    ],
    "nodes": [
        {
            "children": [
                1,
                13
            ],
            "matrix": [
                1.6292068478213574e-7,
                1.469367938527879e-39,
                1.0000000000000002,
                0,
                1.0000000000000002,
                6.123233995736847e-17,
                -1.6292068478213574e-7,
                0,
                -6.123233995736685e-17,
                1,
                9.976014756666736e-24,
                0,
                7.616374082063918e-32,
                -1.6846015453338623,
                17.031370162963867,
                1
            ],
            "name": "root"
        },
        {
            "children": [
                2
            ],
            "matrix": [
                -0.9877164959907534,
                -5.573288602014648e-7,
                -0.15625613927841187,
                0,
                -5.406659262873917e-7,
                1.0000000000000002,
                -1.4914105836036633e-7,
                0,
                0.15625613927844653,
                -6.282671329097967e-8,
                -0.9877164959907477,
                0,
                -2.3968324661254865,
                -0.0000019073484054388246,
                -20.965364456176758,
                1
            ],
            "name": "tail9_0"
        },
        {
            "children": [
                3
            ],
            "matrix": [
                0.9981781840324401,
                2.2819806133611575e-7,
                -0.0603382438421249,
                0,
                -2.7560770707361517e-7,
                0.9999999999999998,
                -7.774097525725749e-7,
                0,
                0.06033824384194442,
                7.926231401061367e-7,
                0.998178184032451,
                0,
                23.286581039428704,
                0.000008583069757150953,
                0.0000019073486328125,
                1
            ],
            "name": "tail9_1"
        },
        {
            "children": [
                4
            ],
            "matrix": [
                0.9999460577964784,
                -1.4210854609322885e-14,
                0.0103614777326584,
                0,
                -8.06980360610752e-9,
                0.9999999999999996,
                7.787868412378887e-7,
                0,
                -0.0103614777326584,
                -7.788284468499703e-7,
                0.999946057796478,
                0,
                27.591464996337884,
                0.000007629393621755295,
                0.000007629394527697286,
                1
            ],
            "name": "tail9_2"
        },
        {
            "children": [
                5
            ],
            "matrix": [
                0.9977988004684455,
                2.3393411652250517e-7,
                -0.06631880998611453,
                0,
                -3.293199803877191e-7,
                1.0000000000000004,
                -0.0000014273622355176815,
                0,
                0.06631880998577702,
                0.0000014460604356373861,
                0.9977988004684679,
                0,
                24.08714675903321,
                0.0000014416254998650402,
                -0.000003814697265625,
                1
            ],
            "name": "tail9_3"
        },
        {
            "children": [
                6
            ],
            "matrix": [
                0.9358042478561402,
                1.9656013705571246e-7,
                -0.35252019762992876,
                0,
                6.45088120857791e-8,
                0.9999999999999999,
                7.288313099706631e-7,
                0,
                0.3525201976300585,
                -7.047840950264255e-7,
                0.9358042478560915,
                0,
                24.415962219238274,
                -0.0000014722172636538812,
                0.0000038146972620722863,
                1
            ],
            "name": "tail9_4"
        },
        {
            "children": [
                7,
                10
            ],
            "matrix": [
                0.9999996423721311,
                -1.4210854609322885e-14,
                -2.980232222116186e-8,
                0,
                2.3210914251913992e-14,
                0.9999999999999998,
                3.019916050561732e-7,
                0,
                2.980232233218416e-8,
                -3.019914970555599e-7,
                0.9999996423721311,
                0,
                13.235191345214858,
                1.8184800865128975e-7,
                0,
                1
            ],
            "name": "tail9_5"
        },
        {
            "children": [
                8
            ],
            "matrix": [
                0.7995409965515139,
                -0.42354863882064814,
                -0.42584162950515764,
                0,
                0.5891561782896196,
                0.6908941678624965,
                0.41899903904232527,
                0,
                0.11674501123484846,
                -0.5858940641099806,
                0.801934410144071,
                0,
                8.874649047851562,
                -15.300984382629393,
                -0.3233184814453125,
                1
            ],
            "name": "prong2_0_A_L"
        },
        {
            "children": [
                9
            ],
            "matrix": [
                0.9765555858612063,
                1.490116118829654e-7,
                -0.21526482701301575,
                0,
                -1.558736748008549e-7,
                0.9999999999999989,
                -1.4901161138336505e-8,
                0,
                0.21526482701300848,
                4.8105931793607226e-8,
                0.9765555858612067,
                0,
                16.790794372558587,
                0.0000152587890625,
                -0.00000762939453125,
                1
            ],
            "name": "prong2_1_A_L"
        },
        {
            "matrix": [
                0.9999998807907104,
                -5.215406417291568e-7,
                -8.940696721859709e-8,
                0,
                5.215408589442916e-7,
                1.000000238418507,
                3.427267074584961e-7,
                0,
                8.940680962243874e-8,
                -3.4272671328716697e-7,
                1.0000001192092713,
                0,
                15.622524261474616,
                -0.000015258789048289145,
                -0.0000152587890625,
                1
            ],
            "name": "prong2_2_A_L"
        },
        {
            "children": [
                11
            ],
            "matrix": [
                -0.7995409965515137,
                -0.42354848980903614,
                0.4258415997028351,
                0,
                -0.5891562381469669,
                0.6908946832817429,
                -0.41899890986696475,
                0,
                -0.11674531661171605,
                -0.5858939152247323,
                -0.8019346865278058,
                0,
                8.874671936035156,
                15.300986289978031,
                -0.323314666748054,
                1
            ],
            "name": "prong3_0_A_R"
        },
        {
            "children": [
                12
            ],
            "matrix": [
                0.976555585861206,
                0,
                -0.21526437997817988,
                0,
                1.6423485793559678e-8,
                0.9999997019767776,
                7.45058093554185e-8,
                0,
                0.21526438964520545,
                -7.629448206536438e-8,
                0.9765556297160589,
                0,
                -16.79081344604493,
                0.00000762939453125,
                -1.4210854715202004e-14,
                1
            ],
            "name": "prong3_1_A_R"
        },
        {
            "matrix": [
                0.9999999999999996,
                -4.47034835926452e-7,
                2.9802322387695312e-8,
                0,
                4.470349891372294e-7,
                1.0000003576278824,
                2.1606683725527986e-7,
                0,
                -2.980243329897547e-8,
                -2.1606684980080004e-7,
                1.0000004768371764,
                0,
                -15.622493743896484,
                0.00002288818359375,
                0,
                1
            ],
            "name": "prong3_2_A_R"
        },
        {
            "children": [
                14
            ],
            "matrix": [
                -0.41054138541221635,
                5.027681848947127e-17,
                0.9118419885635377,
                0,
                2.3413308857133026e-16,
                1.0000000000000002,
                5.027681831945835e-17,
                0,
                -0.9118419885635377,
                2.3413308857133026e-16,
                -0.4105413854122163,
                0,
                0.882431030273441,
                0.0000019073486328124996,
                13.684083938598633,
                1
            ],
            "name": "spine1_0"
        },
        {
            "children": [
                15
            ],
            "matrix": [
                0.8989050984382634,
                -3.5004654819204017e-7,
                0.4381435513496402,
                0,
                2.1879496597716802e-7,
                1.0000000000000002,
                3.5004654819202715e-7,
                0,
                -0.4381435513497087,
                -2.1879502344984154e-7,
                0.8989050984382299,
                0,
                22.014015197753906,
                -0.0000016730823517718822,
                -0.0000247955322265625,
                1
            ],
            "name": "spine1_1"
        },
        {
            "children": [
                16
            ],
            "matrix": [
                0.9001769423484802,
                5.747676112832778e-9,
                -0.43552473187446544,
                0,
                -2.1405941319742685e-7,
                1.0000000000000002,
                -4.2923778664771843e-7,
                0,
                0.43552473187446356,
                4.796181268629875e-7,
                0.9001769423484813,
                0,
                29.228870391845717,
                0.000005569955646933523,
                -0.000011444091796875,
                1
            ],
            "name": "spine1_2"
        },
        {
            "children": [
                17
            ],
            "matrix": [
                0.8579369187355039,
                6.070533231650191e-8,
                -0.513755440711975,
                0,
                -7.075737603184388e-8,
                0.9999999999999999,
                -6.394884627134858e-14,
                0,
                0.5137554407119733,
                3.635204177093892e-8,
                0.8579369187355055,
                0,
                30.02018737792968,
                0.0000011949641702813062,
                0.0000057220459037665705,
                1
            ],
            "name": "spine1_3"
        },
        {
            "children": [
                18,
                25,
                32,
                42,
                65
            ],
            "matrix": [
                0.6580755114555356,
                1.0370095537837187e-7,
                -0.7529526352882387,
                0,
                6.582507392467819e-8,
                1,
                1.9525640482242626e-7,
                0,
                0.7529526352882507,
                -1.7805662134811486e-7,
                0.658075511455522,
                0,
                25.179618835449233,
                0.0000010935473255813135,
                -0.000003814697265625,
                1
            ],
            "name": "spine1_4"
        },
        {
            "children": [
                19
            ],
            "matrix": [
                -0.16973428428173054,
                0.9522088766098021,
                0.2539458870887756,
                0,
                0.044564056112172123,
                -0.25000511239632406,
                0.9672184031263165,
                0,
                0.9844816956636823,
                0.17548697797902196,
                1.4901161254909923e-7,
                0,
                3.2655372619628764,
                19.00630760192871,
                -18.71860504150392,
                1
            ],
            "name": "clavicle_A_L"
        },
        {
            "children": [
                20
            ],
            "matrix": [
                0.6168901920318605,
                -0.5653601884841921,
                -0.5475534796714782,
                0,
                -0.7380572491374723,
                -0.17392436343794254,
                -0.6519369897344623,
                0,
                0.27334633808560577,
                0.8062993765638797,
                -0.5245604368879835,
                0,
                14.259342193603512,
                -0.00002288818359375,
                -7.105427357601002e-15,
                1
            ],
            "name": "bicep_A_L"
        },
        {
            "children": [
                21
            ],
            "matrix": [
                -0.5327558517456054,
                -5.867332219522403e-7,
                -0.8462686538696292,
                0,
                -6.5158488612993e-7,
                0.9999996423721338,
                -2.831220911880816e-7,
                0,
                0.8462687392436969,
                4.0058109725127355e-7,
                -0.5327559054918587,
                0,
                33.559158325195305,
                0.000022888183579539145,
                -0.000015258789055394573,
                1
            ],
            "name": "elbow_A_L"
        },
        {
            "children": [
                22
            ],
            "matrix": [
                0.13280746340751637,
                0.5042772293090823,
                0.8532679677009581,
                0,
                0.310353801945474,
                0.7964424199012128,
                -0.5189988312821134,
                0,
                -0.9412984223842228,
                0.3337419912760961,
                -0.05073087531352244,
                0,
                49.538875579833984,
                -0.000007629394545460855,
                0.000019073486328125,
                1
            ],
            "name": "wrist_A_L"
        },
        {
            "children": [
                23
            ],
            "matrix": [
                0.8167627453804019,
                0.32228723168373097,
                0.478571355342865,
                0,
                0.4097626241905011,
