{
    "animations": {},
    "asset": {},
    "attributes": {
        "attribute_1": {
            "bufferView": "bufferView_31",
            "byteOffset": 0,
            "byteStride": 12,
            "count": 1417,
            "max": [
                1,
                1,
                1
            ],
            "min": [
                0,
                0,
                0
            ],
            "type": "FLOAT_VEC3"
        },
        "attribute_10": {
            "bufferView": "bufferView_31",
            "byteOffset": 106268,
            "byteStride": 16,
            "count": 664,
            "max": [
                1,
                1,
                1
            ],
            "min": [
                0,
                0,
                0
            ],
            "type": "FLOAT_VEC4"
        },
        "attribute_11": {
            "bufferView": "bufferView_31",
            "byteOffset": 116892,
            "byteStride": 12,
            "count": 664,
            "max": [
                1,
                1,
                1
            ],
            "min": [
                0,
                0,
                0
            ],
            "type": "FLOAT_VEC3"
        },
        "attribute_13": {
            "bufferView": "bufferView_31",
            "byteOffset": 124860,
            "byteStride": 12,
            "count": 182,
            "max": [
                1,
                1,
                1
            ],
            "min": [
                0,
                0,
                0
            ],
            "type": "FLOAT_VEC3"
        },
        "attribute_14": {
            "bufferView": "bufferView_31",
            "byteOffset": 127044,
            "byteStride": 12,
            "count": 182,
            "max": [
                1,
                1,
                1
            ],
            "min": [
                0,
                0,
                0
            ],
            "type": "FLOAT_VEC3"
        },
        "attribute_15": {
            "bufferView": "bufferView_31",
            "byteOffset": 129228,
            "byteStride": 8,
            "count": 182,
            "max": [
                1,
                1,
                1
            ],
            "min": [
                0,
                0,
                0
            ],
            "type": "FLOAT_VEC2"
        },
        "attribute_16": {
            "bufferView": "bufferView_31",
            "byteOffset": 130684,
            "byteStride": 16,
            "count": 182,
            "max": [
                1,
                1,
                1
            ],
            "min": [
                0,
                0,
                0
            ],
            "type": "FLOAT_VEC4"
        },
        "attribute_17": {
            "bufferView": "bufferView_31",
            "byteOffset": 133596,
            "byteStride": 12,
            "count": 182,
            "max": [
                1,
                1,
                1
            ],
            "min": [
                0,
                0,
                0
            ],
            "type": "FLOAT_VEC3"
        },
        "attribute_19": {
            "bufferView": "bufferView_31",
            "byteOffset": 135780,
            "byteStride": 12,
            "count": 546,
            "max": [
                1,
                1,
                1
            ],
            "min": [
                0,
                0,
                0
            ],
            "type": "FLOAT_VEC3"
        },
        "attribute_2": {
            "bufferView": "bufferView_31",
            "byteOffset": 17004,
            "byteStride": 12,
            "count": 1417,
            "max": [
                1,
                1,
                1
            ],
            "min": [
                0,
                0,
                0
            ],
            "type": "FLOAT_VEC3"
        },
        "attribute_20": {
            "bufferView": "bufferView_31",
            "byteOffset": 142332,
            "byteStride": 12,
            "count": 546,
            "max": [
                1,
                1,
                1
            ],
            "min": [
                0,
                0,
                0
            ],
            "type": "FLOAT_VEC3"
        },
        "attribute_21": {
            "bufferView": "bufferView_31",
            "byteOffset": 148884,
            "byteStride": 8,
            "count": 546,
            "max": [
                1,
                1,
                1
            ],
            "min": [
                0,
                0,
                0
            ],
            "type": "FLOAT_VEC2"
        },
        "attribute_22": {
            "bufferView": "bufferView_31",
            "byteOffset": 153252,
            "byteStride": 16,
            "count": 546,
            "max": [
                1,
                1,
                1
            ],
            "min": [
                0,
                0,
                0
            ],
            "type": "FLOAT_VEC4"
        },
        "attribute_23": {
            "bufferView": "bufferView_31",
            "byteOffset": 161988,
            "byteStride": 12,
            "count": 546,
            "max": [
                1,
                1,
                1
            ],
            "min": [
                0,
                0,
                0
            ],
            "type": "FLOAT_VEC3"
        },
        "attribute_25": {
            "bufferView": "bufferView_31",
            "byteOffset": 168540,
            "byteStride": 12,
            "count": 97,
            "max": [
                1,
                1,
                1
            ],
            "min": [
                0,
                0,
                0
            ],
            "type": "FLOAT_VEC3"
        },
        "attribute_26": {
            "bufferView": "bufferView_31",
            "byteOffset": 169704,
            "byteStride": 12,
            "count": 97,
            "max": [
                1,
                1,
                1
            ],
            "min": [
                0,
                0,
                0
            ],
            "type": "FLOAT_VEC3"
        },
        "attribute_27": {
            "bufferView": "bufferView_31",
            "byteOffset": 170868,
            "byteStride": 8,
            "count": 97,
            "max": [
                1,
                1,
                1
            ],
            "min": [
                0,
                0,
                0
            ],
            "type": "FLOAT_VEC2"
        },
        "attribute_28": {
            "bufferView": "bufferView_31",
            "byteOffset": 171644,
            "byteStride": 16,
            "count": 97,
            "max": [
                1,
                1,
                1
            ],
            "min": [
                0,
                0,
                0
            ],
            "type": "FLOAT_VEC4"
        },
        "attribute_29": {
            "bufferView": "bufferView_31",
            "byteOffset": 173196,
            "byteStride": 12,
            "count": 97,
            "max": [
                1,
                1,
                1
            ],
            "min": [
                0,
                0,
                0
            ],
            "type": "FLOAT_VEC3"
        },
        "attribute_3": {
            "bufferView": "bufferView_31",
            "byteOffset": 34008,
            "byteStride": 8,
            "count": 1417,
            "max": [
                1,
                1,
                1
            ],
            "min": [
                0,
                0,
                0
            ],
            "type": "FLOAT_VEC2"
        },
        "attribute_4": {
            "bufferView": "bufferView_31",
            "byteOffset": 45344,
            "byteStride": 16,
            "count": 1417,
            "max": [
                1,
                1,
                1
            ],
            "min": [
                0,
                0,
                0
            ],
            "type": "FLOAT_VEC4"
        },
        "attribute_5": {
            "bufferView": "bufferView_31",
            "byteOffset": 68016,
            "byteStride": 12,
            "count": 1417,
            "max": [
                1,
                1,
                1
            ],
            "min": [
                0,
                0,
                0
            ],
            "type": "FLOAT_VEC3"
        },
        "attribute_7": {
            "bufferView": "bufferView_31",
            "byteOffset": 85020,
            "byteStride": 12,
            "count": 664,
            "max": [
                1,
                1,
                1
            ],
            "min": [
                0,
                0,
                0
            ],
            "type": "FLOAT_VEC3"
        },
        "attribute_8": {
            "bufferView": "bufferView_31",
            "byteOffset": 92988,
            "byteStride": 12,
            "count": 664,
            "max": [
                1,
                1,
                1
            ],
            "min": [
                0,
                0,
                0
            ],
            "type": "FLOAT_VEC3"
        },
        "attribute_9": {
            "bufferView": "bufferView_31",
            "byteOffset": 100956,
            "byteStride": 8,
            "count": 664,
            "max": [
                1,
                1,
                1
            ],
            "min": [
                0,
                0,
                0
            ],
            "type": "FLOAT_VEC2"
        }
    },
    "bufferViews": {
        "bufferView_31": {
            "buffer": "venomancer.bin",
            "byteLength": 174360,
            "byteOffset": 0,
            "target": "ARRAY_BUFFER"
        },
        "bufferView_32": {
            "buffer": "venomancer.bin",
            "byteLength": 34212,
            "byteOffset": 174360,
            "target": "ELEMENT_ARRAY_BUFFER"
        }
    },
    "buffers": {
        "venomancer.bin": {
            "byteLength": 208572,
            "path": "venomancer.bin"
        }
    },
    "cameras": {},
    "images": {
        "image_0": {
            "path": "textures/venomancer_body_color.png"
        },
        "image_1": {
            "path": "textures/venomancer_limbs_color.png"
        },
        "image_2": {
            "path": "textures/venomancer_mandibles_color.png"
        },
        "image_3": {
            "path": "textures/venomancer_stinger_color.png"
        },
        "image_4": {
            "path": "textures/venomancer_tail_color.png"
        }
    },
    "indices": {
        "indices_12": {
            "bufferView": "bufferView_32",
            "byteOffset": 16920,
            "count": 3912,
            "type": "UNSIGNED_SHORT"
        },
        "indices_18": {
            "bufferView": "bufferView_32",
            "byteOffset": 24744,
            "count": 1068,
            "type": "UNSIGNED_SHORT"
        },
        "indices_24": {
            "bufferView": "bufferView_32",
            "byteOffset": 26880,
            "count": 3114,
            "type": "UNSIGNED_SHORT"
        },
        "indices_30": {
            "bufferView": "bufferView_32",
            "byteOffset": 33108,
            "count": 552,
            "type": "UNSIGNED_SHORT"
        },
        "indices_6": {
            "bufferView": "bufferView_32",
            "byteOffset": 0,
            "count": 8460,
            "type": "UNSIGNED_SHORT"
        }
    },
    "lights": {},
    "materials": {
        "Material #35": {
            "instanceTechnique": {
                "technique": "technique_0",
                "values": [
                    {
                        "parameter": "ambient",
                        "value": [
                            0.5879999995231628,
                            0.5879999995231628,
                            0.5879999995231628
                        ]
                    },
                    {
                        "parameter": "emission",
                        "value": [
                            0,
                            0,
                            0
                        ]
                    },
                    {
                        "parameter": "diffuse",
                        "value": "Map #6"
                    },
                    {
                        "parameter": "shininess",
                        "value": 2
                    },
                    {
                        "parameter": "specular",
                        "value": [
                            0.8999999761581421,
                            0.8999999761581421,
                            0.8999999761581421
                        ]
                    }
                ]
            },
            "name": "Material #35"
        },
        "Material #46": {
            "instanceTechnique": {
                "technique": "technique_0",
                "values": [
                    {
                        "parameter": "ambient",
                        "value": [
                            0.5879999995231628,
                            0.5879999995231628,
                            0.5879999995231628
                        ]
                    },
                    {
                        "parameter": "emission",
                        "value": [
                            0,
                            0,
                            0
                        ]
                    },
                    {
                        "parameter": "diffuse",
                        "value": "Map #7"
                    },
                    {
                        "parameter": "shininess",
                        "value": 2
                    },
                    {
                        "parameter": "specular",
                        "value": [
                            0.8999999761581421,
                            0.8999999761581421,
                            0.8999999761581421
                        ]
                    }
                ]
            },
            "name": "Material #46"
        },
        "Material #57": {
            "instanceTechnique": {
                "technique": "technique_0",
                "values": [
                    {
                        "parameter": "ambient",
                        "value": [
                            0.5879999995231628,
                            0.5879999995231628,
                            0.5879999995231628
                        ]
                    },
                    {
                        "parameter": "emission",
                        "value": [
                            0,
                            0,
                            0
                        ]
                    },
                    {
                        "parameter": "diffuse",
                        "value": "Map #8"
                    },
                    {
                        "parameter": "shininess",
                        "value": 2
                    },
                    {
                        "parameter": "specular",
                        "value": [
                            0.8999999761581421,
                            0.8999999761581421,
                            0.8999999761581421
                        ]
                    }
                ]
            },
            "name": "Material #57"
        },
        "Material #68": {
            "instanceTechnique": {
                "technique": "technique_0",
                "values": [
                    {
                        "parameter": "ambient",
                        "value": [
                            0.5879999995231628,
                            0.5879999995231628,
                            0.5879999995231628
                        ]
                    },
                    {
                        "parameter": "emission",
                        "value": [
                            0,
                            0,
                            0
                        ]
                    },
                    {
                        "parameter": "diffuse",
                        "value": "Map #9"
                    },
                    {
                        "parameter": "shininess",
                        "value": 2
                    },
                    {
                        "parameter": "specular",
                        "value": [
                            0.8999999761581421,
                            0.8999999761581421,
                            0.8999999761581421
                        ]
                    }
                ]
            },
            "name": "Material #68"
        },
        "Material #79": {
            "instanceTechnique": {
                "technique": "technique_0",
                "values": [
                    {
                        "parameter": "ambient",
                        "value": [
                            0.5879999995231628,
                            0.5879999995231628,
                            0.5879999995231628
                        ]
                    },
                    {
                        "parameter": "emission",
                        "value": [
                            0,
                            0,
                            0
                        ]
                    },
                    {
                        "parameter": "diffuse",
                        "value": "Map #10"
                    },
                    {
                        "parameter": "shininess",
                        "value": 2
                    },
                    {
                        "parameter": "specular",
                        "value": [
                            0.8999999761581421,
                            0.8999999761581421,
                            0.8999999761581421
                        ]
                    }
                ]
            },
            "name": "Material #79"
        }
    },
    "meshes": {
        "venomancer_limbs_model-mesh": {
            "name": "venomancer_limbs_model-mesh",
            "primitives": [
                {
                    "indices": "indices_12",
                    "material": "Material #46",
                    "semantics": {
                        "JOINT": "attribute_10",
                        "NORMAL": "attribute_8",
                        "POSITION": "attribute_7",
                        "TEXCOORD_0": "attribute_9",
                        "WEIGHT": "attribute_11"
                    },
                    "skin": "skin_1"
                }
            ]
        },
        "venomancer_mandibles_model-mesh": {
            "name": "venomancer_mandibles_model-mesh",
            "primitives": [
                {
                    "indices": "indices_18",
                    "material": "Material #57",
                    "semantics": {
                        "JOINT": "attribute_16",
                        "NORMAL": "attribute_14",
                        "POSITION": "attribute_13",
                        "TEXCOORD_0": "attribute_15",
                        "WEIGHT": "attribute_17"
                    },
                    "skin": "skin_2"
                }
            ]
        },
        "venomancer_model_LOD0-mesh": {
            "name": "venomancer_model_LOD0-mesh",
            "primitives": [
                {
                    "indices": "indices_6",
                    "material": "Material #35",
                    "semantics": {
                        "JOINT": "attribute_4",
                        "NORMAL": "attribute_2",
                        "POSITION": "attribute_1",
                        "TEXCOORD_0": "attribute_3",
                        "WEIGHT": "attribute_5"
                    },
                    "skin": "skin_0"
                }
            ]
        },
        "venomancer_stingers_model-mesh": {
            "name": "venomancer_stingers_model-mesh",
            "primitives": [
                {
                    "indices": "indices_24",
                    "material": "Material #68",
                    "semantics": {
                        "JOINT": "attribute_22",
                        "NORMAL": "attribute_20",
                        "POSITION": "attribute_19",
                        "TEXCOORD_0": "attribute_21",
                        "WEIGHT": "attribute_23"
                    },
                    "skin": "skin_3"
                }
            ]
        },
        "venomancer_tail_model-mesh": {
            "name": "venomancer_tail_model-mesh",
            "primitives": [
                {
                    "indices": "indices_30",
                    "material": "Material #79",
                    "semantics": {
                        "JOINT": "attribute_28",
                        "NORMAL": "attribute_26",
                        "POSITION": "attribute_25",
                        "TEXCOORD_0": "attribute_27",
                        "WEIGHT": "attribute_29"
                    },
                    "skin": "skin_4"
                }
            ]
        }
    },
    "nodes": {
        "Index1_0_A_L": {
            "children": [
                "Index1_1_A_L"
            ],
            "matrix": [
                0.8167627453804016,
                0.3222872316837311,
                0.4785713553428649,
                0,
                0.40976262419050097,
                -0.9079488638818661,
                -0.08788348815215614,
                0,
                0.40619446711435003,
                0.2678805309505818,
                -0.8736397993589406,
                0,
                14.443614959716783,
                6.370635986328111,
                5.193588256835934,
                1
            ],
            "name": "Index1_0_A_L"
        },
        "Index1_0_A_R": {
            "children": [
                "Index1_1_A_R"
            ],
            "matrix": [
                0.8167626261711121,
                0.3222868740558625,
                0.4785707592964172,
                0,
                0.4097623813538315,
                -0.9079487462199882,
                -0.08788383882947243,
                0,
                0.4061938655768024,
                0.26788049757930305,
                -0.8736395369895671,
                0,
                -14.443630218505866,
                -6.370639801025391,
                -5.193569183349602,
                1
            ],
            "name": "Index1_0_A_R"
        },
        "Index1_1_A_L": {
            "children": [
                "Index1_2_A_L"
            ],
            "matrix": [
                0.8209245204925537,
                -3.874301910122835e-7,
                -0.5710362195968627,
                0,
                3.3201257104709114e-7,
                0.9999998807906834,
                -2.0116567078787284e-7,
                0,
                0.5710363702343247,
                -2.4449380964242096e-8,
                0.8209247370497378,
                0,
                14.888084411621094,
                0.000017166137693536143,
                0.000003814697266513178,
                1
            ],
            "name": "Index1_1_A_L"
        },
        "Index1_1_A_R": {
            "children": [
                "Index1_2_A_R"
            ],
            "matrix": [
                0.8209246397018434,
                -1.4901161221603232e-8,
                -0.5710356235504152,
                0,
                4.9247440625510563e-8,
                0.999999940395358,
                4.470347574059286e-8,
                0,
                0.5710357717624003,
                -6.482024830778421e-8,
                0.8209248527723882,
                0,
                -14.888092041015632,
                -0.00000286102294921875,
                0.000007629394529473643,
                1
            ],
            "name": "Index1_1_A_R"
        },
        "Index1_2_A_L": {
            "children": [],
            "matrix": [
                0.43854898214340216,
                0.40976315736770635,
                0.7998554706573487,
                0,
                -0.1969995192278015,
                0.9121920133353909,
                -0.3593008379796877,
                0,
                -0.8768503231304834,
                -1.263920051258749e-7,
                0.4807641912803874,
                0,
                8.44932937622071,
                1.7763568394002505e-15,
                -0.00000762939453125,
                1
            ],
            "name": "Index1_2_A_L"
        },
        "Index1_2_A_R": {
            "children": [],
            "matrix": [
                0.4385493993759156,
                0.40976303815841686,
                0.7998555898666383,
                0,
                -0.19699862951946123,
                0.9121921152356883,
                -0.3593010857339974,
                0,
                -0.8768503102936092,
                8.20326591599585e-7,
                0.48076408498494927,
                0,
                -8.449312210083008,
                0.000006675720216620107,
                -0.0000171661376953125,
                1
            ],
            "name": "Index1_2_A_R"
        },
        "bicep_A_L": {
            "children": [
                "elbow_A_L"
            ],
            "matrix": [
                0.6168901920318602,
                -0.5653601884841918,
                -0.5475534796714782,
                0,
                -0.7380572491374722,
                -0.1739243634379425,
                -0.6519369897344623,
                0,
                0.27334633808560566,
                0.8062993765638796,
                -0.5245604368879832,
                0,
                14.259342193603512,
                -0.000022888183579539145,
                0,
                1
            ],
            "name": "bicep_A_L"
        },
        "bicep_A_R": {
            "children": [
                "elbow_A_R"
            ],
            "matrix": [
                0.6168899536132812,
                -0.5653605461120605,
                -0.5475533604621889,
                0,
                -0.7380574816895531,
                -0.17392424688563962,
                -0.6519370790468562,
                0,
                0.2733466278092964,
                0.8062990841034341,
                -0.5245605683550219,
                0,
                -14.259346008300781,
                -1.4210854715202004e-14,
                -0.00000762939453125,
                1
            ],
            "name": "bicep_A_R"
        },
        "clavicle_A_L": {
            "children": [
                "bicep_A_L"
            ],
            "matrix": [
                -0.1697342842817307,
                0.9522088766098027,
                0.25394588708877563,
                0,
                0.044564056112172123,
                -0.25000511239632406,
                0.9672184031263166,
                0,
                0.9844816956636825,
                0.175486977979022,
                1.4901161249358807e-7,
                0,
                3.2655372619628906,
                19.006307601928718,
                -18.718605041503906,
                1
            ],
            "name": "clavicle_A_L"
        },
        "clavicle_A_R": {
            "children": [
                "bicep_A_R"
            ],
            "matrix": [
                0.1697338372468949,
                0.9522087574005129,
                -0.25394615530967696,
                0,
                -0.04456399781455411,
                -0.250005412495693,
                -0.9672182720330125,
                0,
                -0.9844817522547974,
                0.1754865478500777,
                -1.4901161093927584e-7,
                0,
                3.2655410766601562,
                -19.006315231323246,
                -18.718589782714844,
                1
            ],
            "name": "clavicle_A_R"
        },
        "elbow_A_L": {
            "children": [
                "wrist_A_L"
            ],
            "matrix": [
                -0.5327558517456056,
                -5.867332217926458e-7,
                -0.846268653869629,
                0,
                -6.515848861021745e-7,
                0.9999996423721336,
                -2.8312209116032605e-7,
                0,
                0.8462687392436974,
                4.0058109723739577e-7,
                -0.5327559054918587,
                0,
                33.559158325195305,
                0.00002288818359375,
                -0.000015258789055394573,
                1
            ],
            "name": "elbow_A_L"
        },
        "elbow_A_R": {
            "children": [
                "wrist_A_R"
            ],
            "matrix": [
                -0.5327554941177368,
                -7.040798665411407e-7,
                -0.8462692499160765,
                0,
                1.6963704463357487e-7,
                1.000000000000007,
                -9.387732499699375e-7,
                0,
                0.8462693352906341,
                -6.436952862398648e-7,
                -0.5327555478634106,
                0,
                -33.559188842773445,
                -0.0000152587890625,
                0.000015258789069605427,
                1
            ],
            "name": "elbow_A_R"
        },
        "head": {
            "children": [
                "low_jaw",
                "up_jaw"
            ],
            "matrix": [
                0.9521082639694214,
                1.7382602379711898e-7,
                0.30576199293136597,
                0,
                -1.825695897041632e-7,
                0.9999999999999999,
                -2.842170945687379e-14,
                0,
                -0.3057619929313567,
                -5.582281453606068e-8,
                0.9521082639694244,
                0,
                -57.15178680419923,
                -0.00002253260026918725,
                -15.092727661132798,
                1
            ],
            "name": "head"
        },
        "jaw0_0": {
            "children": [
                "jaw0_1"
            ],
            "matrix": [
                0.05945912003517287,
                -1.70113906960982e-7,
                -0.9982305765151976,
                0,
                5.062361196947768e-9,
                0.9999999999999998,
                -1.701139069609795e-7,
                0,
                0.9982305765151975,
                5.06141947748791e-9,
                0.05945912003517198,
                0,
                1.4210854715202004e-14,
                -0.000003814697265625,
                -0.000019073486328125,
                1
            ],
            "name": "jaw0_0"
        },
        "jaw0_1": {
            "children": [],
            "matrix": [
                -0.9966869354248047,
                -0.010688321664928986,
                -0.08062803745269778,
                0,
                -0.00992329684680392,
                0.9999017715648404,
                -0.009883056433479781,
                0,
                0.0807257708406449,
                -0.009050219529300404,
                -0.9966953435849902,
                0,
                24.43812179565431,
                0.000007629394531249997,
                0.00000762939453125,
                1
            ],
            "name": "jaw0_1"
        },
        "low_jaw": {
            "children": [
                "low_pincer_R_0",
                "low_pincer_L_0"
            ],
            "matrix": [
                0.9999994635581968,
                1.4210854675497334e-14,
                4.917383193969727e-7,
                0,
                -1.4210855310772045e-14,
                1,
                -1.4210854662262445e-14,
                0,
                -4.917383193969727e-7,
                1.4210840050944104e-14,
                0.9999994635581968,
                0,
                1.2366580963134801,
                0.000013828277587890628,
                -3.6415481567382955,
                1
            ],
            "name": "low_jaw"
        },
        "low_pincer_L_0": {
            "children": [
                "low_pincer_L_1"
            ],
            "matrix": [
                0.4312737286090852,
                0.4917541146278382,
                -0.756426513195038,
                0,
                0.8895538529454586,
                -0.09176639776758107,
                0.4475182947273293,
                0,
                0.1506544401418573,
                -0.8658850812103794,
                -0.47701824705281626,
                0,
                4.336219787597656,
                17.900236129760742,
                -13.729858398437514,
                1
            ],
            "name": "low_pincer_L_0"
        },
        "low_pincer_L_1": {
            "children": [],
            "matrix": [
                0.606887459754944,
                0.7747656106948855,
                0.17727452516555783,
                0,
                -0.709977954148233,
                0.6287245795333436,
                -0.31723376888744725,
                0,
                -0.3572385488098597,
                0.06666416958352772,
                0.9316312606149713,
                0,
                21.926330566406257,
                0.00003814697265625,
                -0.000015258789055394573,
                1
            ],
            "name": "low_pincer_L_1"
        },
        "low_pincer_R_0": {
            "children": [
                "low_pincer_R_1"
            ],
            "matrix": [
                0.4373623132705687,
                -0.4693235754966736,
                -0.7671046257019045,
                0,
                0.8877052933612369,
                0.08886123710216139,
                0.4517560649175673,
                0,
                -0.1438538893799563,
                -0.8785438152469336,
                0.4554855270886764,
                0,
                4.3362274169921875,
                -18.05519104003906,
                -13.729804992675781,
                1
            ],
            "name": "low_pincer_R_0"
        },
        "low_pincer_R_1": {
            "children": [],
            "matrix": [
                0.6181947588920593,
                0.770582854747772,
                -0.15504126250743866,
                0,
                -0.7217297236337257,
                0.6346079638298456,
                0.2763682598665236,
                0,
                0.3113549018948665,
                -0.058951491812354706,
                0.9484633785621958,
                0,
                21.62112045288086,
                0.0000152587890625,
                0.00000762939453125,
                1
            ],
            "name": "low_pincer_R_1"
        },
        "neck1": {
            "children": [
                "neck2"
            ],
            "matrix": [
                0.9313581585884098,
                1.0658141155515511e-14,
                0.3641045093536377,
                0,
                -8.543779780358162e-7,
                0.9999999999999999,
                0.0000021854491478734425,
                0,
                -0.36410450935363803,
                -0.0000023465187685473025,
                0.93135815858841,
                0,
                21.295780181884766,
                0.000003814697265625,
                0.00002288818359375,
                1
            ],
            "name": "neck1"
        },
        "neck2": {
            "children": [
                "jaw0_0",
                "neck3",
                "pincer_R2_0",
                "pincer_L1_0"
            ],
            "matrix": [
                0.45923006534576405,
                0.000002096479420288233,
                0.888317286968231,
                0,
                9.420552234855181e-8,
                0.9999999999999999,
                -0.0000024087580641091513,
                0,
                -0.8883172869693767,
                0.0000011898585172078428,
                0.45923006534354815,
                0,
                13.643211364746094,
                -0.000003404304152354598,
                -0.00006103515625,
                1
            ],
            "name": "neck2"
        },
        "neck3": {
            "children": [
                "head"
            ],
            "matrix": [
                0.08526837825775116,
                -1.6263652469206077e-7,
                -0.9963579177856444,
                0,
                4.820471986009583e-7,
                0.9999999999999998,
                -1.219773935191545e-7,
                0,
                0.9963579177856384,
                -4.6989072854295604e-7,
                0.08526837825782732,
                0,
                10.164909362792983,
                -6.776263578034403e-21,
                -0.000011444091782664145,
                1
            ],
            "name": "neck3"
        },
        "pincer_L1_0": {
            "children": [
                "pincer_L1_1"
            ],
            "matrix": [
                -0.3212752938270568,
                0.04012454673647885,
                -0.9461351037025455,
                0,
                -0.14449154839489398,
                -0.989480589290073,
                0.007101633255117243,
                0,
                -0.9358975045688984,
                0.13899012539884892,
                0.3236933714396261,
                0,
                -9.0111083984375,
                19.861898422241207,
                -1.4169044494628906,
                1
            ],
            "name": "pincer_L1_0"
        },
        "pincer_L1_1": {
            "children": [
                "pincer_L1_2"
            ],
            "matrix": [
                0.9607663154602051,
                1.8626451520065146e-8,
                -0.27735936641693115,
                0,
                -1.441378328220777e-7,
                1.0000000000000004,
                -4.3213367764693977e-7,
                0,
                0.27735940276880217,
                4.551575188971313e-7,
                0.9607664413822607,
                0,
                16.779964447021477,
                0.000003814697265625,
                -0.00001525878909092171,
                1
            ],
            "name": "pincer_L1_1"
        },
        "pincer_L1_2": {
            "children": [],
            "matrix": [
                0.7756704688072203,
                -0.09130376577377315,
                -0.6244990229606626,
                0,
                0.07111887921851573,
                0.9958230295374222,
                -0.05725802113672193,
                0,
                0.6271184640944596,
                -3.144879668071088e-7,
                0.7789240397040458,
                0,
                12.393352508544908,
                0,
                -0.00000762939453125,
                1
            ],
            "name": "pincer_L1_2"
        },
        "pincer_R2_0": {
            "children": [
                "pincer_R2_1"
            ],
            "matrix": [
                -0.3212755322456356,
                -0.040124136954545954,
                -0.9461351633071897,
                0,
                0.14449105921592245,
                -0.9894805066707667,
                -0.007101935168895242,
                0,
                -0.9358973529877561,
                -0.13898975157812937,
                0.3236934593631487,
                0,
