{
    "accessors": {
        "attrbute_1": {
            "bufferView": "bufferView_31",
            "byteOffset": 0,
            "byteStride": 12,
            "count": 1749,
            "max": [
                42.74201583862305,
                96.92865753173828,
                165.09226989746094,
                0
            ],
            "min": [
                -42.74203109741211,
                -84.25365447998047,
                -0.5855935215950012,
                0
            ],
            "type": 35665
        },
        "attrbute_10": {
            "bufferView": "bufferView_31",
            "byteOffset": 133868,
            "byteStride": 16,
            "count": 904,
            "max": [
                12,
                12,
                12,
                -1
            ],
            "min": [
                0,
                -1,
                -1,
                -1
            ],
            "type": 35666
        },
        "attrbute_11": {
            "bufferView": "bufferView_31",
            "byteOffset": 148332,
            "byteStride": 12,
            "count": 904,
            "max": [
                1,
                0.9998999834060669,
                0.8989550471305847
            ],
            "min": [
                0.00010001754708355293,
                0,
                0
            ],
            "type": 35665
        },
        "attrbute_13": {
            "bufferView": "bufferView_31",
            "byteOffset": 159180,
            "byteStride": 12,
            "count": 250,
            "max": [
                26.646238327026367,
                -32.540977478027344,
                106.09152221679688,
                0
            ],
            "min": [
                -26.646211624145508,
                -79.44500732421875,
                70.94895935058594,
                0
            ],
            "type": 35665
        },
        "attrbute_14": {
            "bufferView": "bufferView_31",
            "byteOffset": 162180,
            "byteStride": 12,
            "count": 250,
            "max": [
                0.9948554635047913,
                0.9515097141265869,
                0.9986605644226074,
                0
            ],
            "min": [
                -0.994855523109436,
                -0.988730251789093,
                -0.9392019510269165,
                0
            ],
            "type": 35665
        },
        "attrbute_15": {
            "bufferView": "bufferView_31",
            "byteOffset": 165180,
            "byteStride": 8,
            "count": 250,
            "max": [
                1.922855019569397,
                0.9868190288543701
            ],
            "min": [
                0.023896999657154083,
                0.013608992099761963
            ],
            "type": 35664
        },
        "attrbute_16": {
            "bufferView": "bufferView_31",
            "byteOffset": 167180,
            "byteStride": 16,
            "count": 250,
            "max": [
                4,
                5,
                5,
                -1
            ],
            "min": [
                0,
                -1,
                -1,
                -1
            ],
            "type": 35666
        },
        "attrbute_17": {
            "bufferView": "bufferView_31",
            "byteOffset": 171180,
            "byteStride": 12,
            "count": 250,
            "max": [
                1,
                0.9613345861434937,
                0.928848147392273
            ],
            "min": [
                0.00013331935042515397,
                0,
                0
            ],
            "type": 35665
        },
        "attrbute_19": {
            "bufferView": "bufferView_31",
            "byteOffset": 174180,
            "byteStride": 12,
            "count": 724,
            "max": [
                63.43599319458008,
                43.962974548339844,
                214.8377227783203,
                0
            ],
            "min": [
                -63.43601989746094,
                -76.9302978515625,
                101.83279418945312,
                0
            ],
            "type": 35665
        },
        "attrbute_2": {
            "bufferView": "bufferView_31",
            "byteOffset": 20988,
            "byteStride": 12,
            "count": 1749,
            "max": [
                0.9989548921585083,
                0.9997943043708801,
                0.9998802542686462,
                0
            ],
            "min": [
                -0.9989548325538635,
                -0.9986340403556824,
                -0.9999693632125854,
                0
            ],
            "type": 35665
        },
        "attrbute_20": {
            "bufferView": "bufferView_31",
            "byteOffset": 182868,
            "byteStride": 12,
            "count": 724,
            "max": [
                0.9996296763420105,
                0.9957287311553955,
                0.9955446124076843,
                0
            ],
            "min": [
                -0.9994794726371765,
                -0.994931161403656,
                -0.9992141127586365,
                0
            ],
            "type": 35665
        },
        "attrbute_21": {
            "bufferView": "bufferView_31",
            "byteOffset": 191556,
            "byteStride": 8,
            "count": 724,
            "max": [
                1.9607290029525757,
                0.9898470044136047
            ],
            "min": [
                0.014163999818265438,
                0.015021979808807373
            ],
            "type": 35664
        },
        "attrbute_22": {
            "bufferView": "bufferView_31",
            "byteOffset": 197348,
            "byteStride": 16,
            "count": 724,
            "max": [
                24,
                25,
                26,
                -1
            ],
            "min": [
                0,
                -1,
                -1,
                -1
            ],
            "type": 35666
        },
        "attrbute_23": {
            "bufferView": "bufferView_31",
            "byteOffset": 208932,
            "byteStride": 12,
            "count": 724,
            "max": [
                1,
                0.9995203614234924,
                0.8783479332923889
            ],
            "min": [
                0.00019101415819022804,
                0,
                0
            ],
            "type": 35665
        },
        "attrbute_25": {
            "bufferView": "bufferView_31",
            "byteOffset": 217620,
            "byteStride": 12,
            "count": 122,
            "max": [
                28.458940505981445,
                128.7766876220703,
                46.31523895263672,
                0
            ],
            "min": [
                -28.458961486816406,
                84.75800323486328,
                2.127584218978882,
                0
            ],
            "type": 35665
        },
        "attrbute_26": {
            "bufferView": "bufferView_31",
            "byteOffset": 219084,
            "byteStride": 12,
            "count": 122,
            "max": [
                0.9994369745254517,
                0.9873997569084167,
                0.9932224750518799,
                0
            ],
            "min": [
                -0.9994370937347412,
                -0.7032708525657654,
                -0.8661664724349976,
                0
            ],
            "type": 35665
        },
        "attrbute_27": {
            "bufferView": "bufferView_31",
            "byteOffset": 220548,
            "byteStride": 8,
            "count": 122,
            "max": [
                1.9659589529037476,
                0.9578840136528015
            ],
            "min": [
                0.023777000606060028,
                0.0642080307006836
            ],
            "type": 35664
        },
        "attrbute_28": {
            "bufferView": "bufferView_31",
            "byteOffset": 221524,
            "byteStride": 16,
            "count": 122,
            "max": [
                5,
                6,
                6,
                -1
            ],
            "min": [
                0,
                1,
                -1,
                -1
            ],
            "type": 35666
        },
        "attrbute_29": {
            "bufferView": "bufferView_31",
            "byteOffset": 223476,
            "byteStride": 12,
            "count": 122,
            "max": [
                0.8895424008369446,
                0.9964028000831604,
                0.9912440776824951
            ],
            "min": [
                0.0001569788291817531,
                0.0013343407772481441,
                0
            ],
            "type": 35665
        },
        "attrbute_3": {
            "bufferView": "bufferView_31",
            "byteOffset": 41976,
            "byteStride": 8,
            "count": 1749,
            "max": [
                1.9961780309677124,
                0.9946449995040894
            ],
            "min": [
                0.003984999842941761,
                0.0034760236740112305
            ],
            "type": 35664
        },
        "attrbute_4": {
            "bufferView": "bufferView_31",
            "byteOffset": 55968,
            "byteStride": 16,
            "count": 1749,
            "max": [
                21,
                25,
                26,
                -1
            ],
            "min": [
                0,
                -1,
                -1,
                -1
            ],
            "type": 35666
        },
        "attrbute_5": {
            "bufferView": "bufferView_31",
            "byteOffset": 83952,
            "byteStride": 12,
            "count": 1749,
            "max": [
                1,
                0.9998599886894226,
                0.9262507557868958
            ],
            "min": [
                0.0001399814209435135,
                0,
                0
            ],
            "type": 35665
        },
        "attrbute_7": {
            "bufferView": "bufferView_31",
            "byteOffset": 104940,
            "byteStride": 12,
            "count": 904,
            "max": [
                55.843990325927734,
                42.55445098876953,
                110.04344177246094,
                0
            ],
            "min": [
                -55.84486389160156,
                -15.243664741516113,
                45.71165084838867,
                0
            ],
            "type": 35665
        },
        "attrbute_8": {
            "bufferView": "bufferView_31",
            "byteOffset": 115788,
            "byteStride": 12,
            "count": 904,
            "max": [
                0.9983111619949341,
                0.9953206777572632,
                0.9964379072189331,
                0
            ],
            "min": [
                -0.9983115792274475,
                -0.9978926181793213,
                -0.9977800846099854,
                0
            ],
            "type": 35665
        },
        "attrbute_9": {
            "bufferView": "bufferView_31",
            "byteOffset": 126636,
            "byteStride": 8,
            "count": 904,
            "max": [
                1.9953420162200928,
                0.9883220195770264
            ],
            "min": [
                0.01832599937915802,
                0.009630978107452393
            ],
            "type": 35664
        },
        "indices_12": {
            "bufferView": "bufferView_33",
            "byteOffset": 16920,
            "count": 3912,
            "type": 5123
        },
        "indices_18": {
            "bufferView": "bufferView_33",
            "byteOffset": 24744,
            "count": 1068,
            "type": 5123
        },
        "indices_24": {
            "bufferView": "bufferView_33",
            "byteOffset": 26880,
            "count": 3114,
            "type": 5123
        },
        "indices_30": {
            "bufferView": "bufferView_33",
            "byteOffset": 33108,
            "count": 552,
            "type": 5123
        },
        "indices_6": {
            "bufferView": "bufferView_33",
            "byteOffset": 0,
            "count": 8460,
            "type": 5123
        }
    },
    "animations": {},
    "asset": {},
    "bufferViews": {
        "bufferView_31": {
            "buffer": "venomancer.bin",
            "byteLength": 224940,
            "byteOffset": 0,
            "target": 34962
        },
        "bufferView_32": {
            "buffer": "venomancer.bin",
            "byteLength": 6592,
            "byteOffset": 224940
        },
        "bufferView_33": {
            "buffer": "venomancer.bin",
            "byteLength": 34212,
            "byteOffset": 231532,
            "target": 34963
        }
    },
    "buffers": {
        "venomancer.bin": {
            "byteLength": 265744,
            "path": "venomancer.bin"
        }
    },
    "cameras": {},
    "images": {
        "image_0": {
            "path": "textures/venomancer_body_color.png"
        },
        "image_1": {
            "path": "textures/venomancer_limbs_color.png"
        },
        "image_2": {
            "path": "textures/venomancer_mandibles_color.png"
        },
        "image_3": {
            "path": "textures/venomancer_stinger_color.png"
        },
        "image_4": {
            "path": "textures/venomancer_tail_color.png"
        }
    },
    "lights": {},
    "materials": {
        "Material #35": {
            "instanceTechnique": {
                "technique": "technique_0",
                "values": {
                    "ambient": [
                        0.5879999995231628,
                        0.5879999995231628,
                        0.5879999995231628
                    ],
                    "diffuse": "Map #6",
                    "emission": [
                        0,
                        0,
                        0
                    ],
                    "shininess": 2,
                    "specular": [
                        0.8999999761581421,
                        0.8999999761581421,
                        0.8999999761581421
                    ],
                    "transparency": 1
                }
            },
            "name": "Material #35"
        },
        "Material #46": {
            "instanceTechnique": {
                "technique": "technique_0",
                "values": {
                    "ambient": [
                        0.5879999995231628,
                        0.5879999995231628,
                        0.5879999995231628
                    ],
                    "diffuse": "Map #7",
                    "emission": [
                        0,
                        0,
                        0
                    ],
                    "shininess": 2,
                    "specular": [
                        0.8999999761581421,
                        0.8999999761581421,
                        0.8999999761581421
                    ],
                    "transparency": 1
                }
            },
            "name": "Material #46"
        },
        "Material #57": {
            "instanceTechnique": {
                "technique": "technique_0",
                "values": {
                    "ambient": [
                        0.5879999995231628,
                        0.5879999995231628,
                        0.5879999995231628
                    ],
                    "diffuse": "Map #8",
                    "emission": [
                        0,
                        0,
                        0
                    ],
                    "shininess": 2,
                    "specular": [
                        0.8999999761581421,
                        0.8999999761581421,
                        0.8999999761581421
                    ],
                    "transparency": 1
                }
            },
            "name": "Material #57"
        },
        "Material #68": {
            "instanceTechnique": {
                "technique": "technique_0",
                "values": {
                    "ambient": [
                        0.5879999995231628,
                        0.5879999995231628,
                        0.5879999995231628
                    ],
                    "diffuse": "Map #9",
                    "emission": [
                        0,
                        0,
                        0
                    ],
                    "shininess": 2,
                    "specular": [
                        0.8999999761581421,
                        0.8999999761581421,
                        0.8999999761581421
                    ],
                    "transparency": 1
                }
            },
            "name": "Material #68"
        },
        "Material #79": {
            "instanceTechnique": {
                "technique": "technique_0",
                "values": {
                    "ambient": [
                        0.5879999995231628,
                        0.5879999995231628,
                        0.5879999995231628
                    ],
                    "diffuse": "Map #10",
                    "emission": [
                        0,
                        0,
                        0
                    ],
                    "shininess": 2,
                    "specular": [
                        0.8999999761581421,
                        0.8999999761581421,
                        0.8999999761581421
                    ],
                    "transparency": 1
                }
            },
            "name": "Material #79"
        }
    },
    "meshes": {
        "venomancer_limbs_model-mesh": {
            "name": "venomancer_limbs_model-mesh",
            "primitives": [
                {
                    "attributes": {
                        "JOINT": "attrbute_10",
                        "NORMAL": "attrbute_8",
                        "POSITION": "attrbute_7",
                        "TEXCOORD_0": "attrbute_9",
                        "WEIGHT": "attrbute_11"
                    },
                    "indices": "indices_12",
                    "material": "Material #46"
                }
            ]
        },
        "venomancer_mandibles_model-mesh": {
            "name": "venomancer_mandibles_model-mesh",
            "primitives": [
                {
                    "attributes": {
                        "JOINT": "attrbute_16",
                        "NORMAL": "attrbute_14",
                        "POSITION": "attrbute_13",
                        "TEXCOORD_0": "attrbute_15",
                        "WEIGHT": "attrbute_17"
                    },
                    "indices": "indices_18",
                    "material": "Material #57"
                }
            ]
        },
        "venomancer_model_LOD0-mesh": {
            "name": "venomancer_model_LOD0-mesh",
            "primitives": [
                {
                    "attributes": {
                        "JOINT": "attrbute_4",
                        "NORMAL": "attrbute_2",
                        "POSITION": "attrbute_1",
                        "TEXCOORD_0": "attrbute_3",
                        "WEIGHT": "attrbute_5"
                    },
                    "indices": "indices_6",
                    "material": "Material #35"
                }
            ]
        },
        "venomancer_stingers_model-mesh": {
            "name": "venomancer_stingers_model-mesh",
            "primitives": [
                {
                    "attributes": {
                        "JOINT": "attrbute_22",
                        "NORMAL": "attrbute_20",
                        "POSITION": "attrbute_19",
                        "TEXCOORD_0": "attrbute_21",
                        "WEIGHT": "attrbute_23"
                    },
                    "indices": "indices_24",
                    "material": "Material #68"
                }
            ]
        },
        "venomancer_tail_model-mesh": {
            "name": "venomancer_tail_model-mesh",
            "primitives": [
                {
                    "attributes": {
                        "JOINT": "attrbute_28",
                        "NORMAL": "attrbute_26",
                        "POSITION": "attrbute_25",
                        "TEXCOORD_0": "attrbute_27",
                        "WEIGHT": "attrbute_29"
                    },
                    "indices": "indices_30",
                    "material": "Material #79"
                }
            ]
        }
    },
    "nodes": {
        "Index1_0_A_L": {
            "children": [
                "Index1_1_A_L"
            ],
            "jointId": "Index1_0_A_L",
            "matrix": [
                0.8167627453804018,
                0.3222872316837312,
                0.47857135534286516,
                0,
                0.4097626241905011,
                -0.907948863881866,
                -0.0878834881521562,
                0,
                0.40619446711435025,
                0.26788053095058184,
                -0.873639799358941,
                0,
                14.44361495971679,
                6.370635986328118,
                5.1935882568359375,
                1
            ],
            "name": "Index1_0_A_L"
        },
        "Index1_0_A_R": {
            "children": [
                "Index1_1_A_R"
            ],
            "jointId": "Index1_0_A_R",
            "matrix": [
                0.8167626261711121,
                0.32228687405586237,
                0.4785707592964172,
                0,
                0.4097623813538314,
                -0.9079487462199882,
                -0.08788383882947244,
                0,
                0.40619386557680237,
                0.267880497579303,
                -0.873639536989567,
                0,
                -14.443630218505874,
                -6.3706398010253835,
                -5.193569183349609,
                1
            ],
            "name": "Index1_0_A_R"
        },
        "Index1_1_A_L": {
            "children": [
                "Index1_2_A_L"
            ],
            "jointId": "Index1_1_A_L",
            "matrix": [
                0.8209245204925537,
                -3.8743019092901676e-7,
                -0.5710362195968623,
                0,
                3.320125711026023e-7,
                0.9999998807906836,
                -2.0116567074623948e-7,
                0,
                0.5710363702343246,
                -2.4449380964242096e-8,
                0.8209247370497377,
                0,
                14.888084411621094,
                0.000017166137697088857,
                0.0000038146972647368216,
                1
            ],
            "name": "Index1_1_A_L"
        },
        "Index1_1_A_R": {
            "children": [
                "Index1_2_A_R"
            ],
            "jointId": "Index1_1_A_R",
            "matrix": [
                0.8209246397018432,
                -1.4901161221603232e-8,
                -0.5710356235504149,
                0,
                4.9247440736532866e-8,
                0.9999999403953579,
                4.470347561569277e-8,
                0,
                0.5710357717624001,
                -6.482024828002864e-8,
                0.8209248527723882,
                0,
                -14.888092041015625,
                -0.000002861022947442393,
                0.000007629394529473643,
                1
            ],
            "name": "Index1_1_A_R"
        },
        "Index1_2_A_L": {
            "children": [],
            "jointId": "Index1_2_A_L",
            "matrix": [
                0.438548982143402,
                0.40976315736770624,
                0.7998554706573487,
                0,
                -0.19699951922780146,
                0.9121920133353911,
                -0.3593008379796876,
                0,
                -0.8768503231304836,
                -1.2639200507036374e-7,
                0.48076419128038717,
                0,
                8.449329376220703,
                -1.7763568394002505e-15,
                -0.000007629394534802714,
                1
            ],
            "name": "Index1_2_A_L"
        },
        "Index1_2_A_R": {
            "children": [],
            "jointId": "Index1_2_A_R",
            "matrix": [
                0.43854939937591586,
                0.40976303815841697,
                0.7998555898666386,
                0,
                -0.1969986295194613,
                0.9121921152356881,
                -0.35930108573399744,
                0,
                -0.8768503102936089,
                8.203265916967295e-7,
                0.48076408498494927,
                0,
                -8.449312210083,
                0.000006675720211291036,
                -0.0000171661376953125,
                1
            ],
            "name": "Index1_2_A_R"
        },
        "bicep_A_L": {
            "children": [
                "elbow_A_L"
            ],
            "jointId": "bicep_A_L",
            "matrix": [
                0.6168901920318602,
                -0.5653601884841921,
                -0.5475534796714783,
                0,
                -0.7380572491374723,
                -0.1739243634379426,
                -0.6519369897344625,
                0,
                0.27334633808560566,
                0.8062993765638796,
                -0.5245604368879833,
                0,
                14.259342193603516,
                -0.00002288818359375,
                -7.105427357601002e-15,
                1
            ],
            "name": "bicep_A_L"
        },
        "bicep_A_R": {
            "children": [
                "elbow_A_R"
            ],
            "jointId": "bicep_A_R",
            "matrix": [
                0.6168899536132814,
                -0.5653605461120607,
                -0.5475533604621888,
                0,
                -0.7380574816895535,
                -0.1739242468856398,
                -0.6519370790468564,
                0,
                0.2733466278092965,
                0.8062990841034341,
                -0.524560568355022,
                0,
                -14.259346008300785,
                0,
                -0.00000762939453125,
                1
            ],
            "name": "bicep_A_R"
        },
        "clavicle_A_L": {
            "children": [
                "bicep_A_L"
            ],
            "jointId": "clavicle_A_L",
            "matrix": [
                -0.16973428428173065,
                0.9522088766098027,
                0.25394588708877563,
                0,
                0.044564056112172123,
                -0.25000511239632406,
                0.9672184031263167,
                0,
                0.9844816956636828,
                0.175486977979022,
                1.4901161254909923e-7,
                0,
                3.2655372619628764,
                19.006307601928718,
                -18.718605041503906,
                1
            ],
            "name": "clavicle_A_L"
        },
        "clavicle_A_R": {
            "children": [
                "bicep_A_R"
            ],
            "jointId": "clavicle_A_R",
            "matrix": [
                0.16973383724689495,
                0.9522087574005129,
                -0.253946155309677,
                0,
                -0.044563997814554,
                -0.250005412495693,
                -0.9672182720330125,
                0,
                -0.9844817522547975,
                0.17548654785007764,
                -1.49011610994787e-7,
                0,
                3.265541076660149,
                -19.006315231323246,
                -18.718589782714858,
                1
            ],
            "name": "clavicle_A_R"
        },
        "elbow_A_L": {
            "children": [
                "wrist_A_L"
            ],
            "jointId": "elbow_A_L",
            "matrix": [
                -0.5327558517456055,
                -5.867332219036681e-7,
                -0.8462686538696292,
                0,
                -6.515848862131968e-7,
                0.9999996423721338,
                -2.831220911048149e-7,
                0,
                0.8462687392436972,
                4.005810971818846e-7,
                -0.5327559054918587,
                0,
                33.55915832519532,
                0.00002288818359375,
                -0.000015258789048289145,
                1
            ],
            "name": "elbow_A_L"
        },
        "elbow_A_R": {
            "children": [
                "wrist_A_R"
            ],
            "jointId": "elbow_A_R",
            "matrix": [
                -0.5327554941177367,
                -7.040798665480796e-7,
                -0.8462692499160765,
                0,
                1.6963704468908603e-7,
                1.000000000000007,
                -9.387732499976931e-7,
                0,
                0.8462693352906339,
                -6.436952859623091e-7,
                -0.5327555478634108,
                0,
                -33.559188842773445,
                -0.0000152587890625,
                0.000015258789055394573,
                1
            ],
            "name": "elbow_A_R"
        },
        "head": {
            "children": [
                "low_jaw",
                "up_jaw"
            ],
            "jointId": "head",
            "matrix": [
                0.9521082639694215,
                1.7382602379711882e-7,
                0.3057619929313659,
                0,
                -1.8256958970416323e-7,
                0.9999999999999999,
                -2.8421709377464448e-14,
                0,
                -0.30576199293135664,
                -5.58228145360606e-8,
                0.9521082639694244,
                0,
                -57.151786804199226,
                -0.000022532600269187242,
                -15.092727661132812,
                1
            ],
            "name": "head"
        },
        "jaw0_0": {
            "children": [
                "jaw0_1"
            ],
            "jointId": "jaw0_0",
            "matrix": [
                0.05945912003517287,
                -1.7011390696098203e-7,
                -0.9982305765151975,
                0,
                5.062361196947874e-9,
                0.9999999999999998,
                -1.7011390696097949e-7,
                0,
                0.9982305765151975,
                5.061419477488016e-9,
                0.05945912003517198,
                0,
                1.4210854715202004e-14,
                -0.000003814697265625007,
                -0.000019073486328125,
                1
            ],
            "name": "jaw0_0"
        },
        "jaw0_1": {
            "children": [],
            "jointId": "jaw0_1",
            "matrix": [
                -0.9966869354248046,
                -0.010688321664928986,
                -0.08062803745269778,
                0,
                -0.009923296846803922,
                0.9999017715648404,
                -0.00988305643347978,
                0,
                0.0807257708406449,
                -0.009050219529300406,
                -0.9966953435849902,
                0,
                24.438121795654304,
                0.00000762939453125,
                0.000007629394517039145,
                1
            ],
            "name": "jaw0_1"
        },
        "low_jaw": {
            "children": [
                "low_pincer_R_0",
                "low_pincer_L_0"
            ],
            "jointId": "low_jaw",
            "matrix": [
                0.9999994635581966,
                1.4210854728436894e-14,
                4.917383194524838e-7,
                0,
                -1.42108553041546e-14,
                0.9999999999999998,
                -1.4210854688732224e-14,
                0,
                -4.917383193414615e-7,
                1.4210840103883664e-14,
                0.9999994635581969,
                0,
                1.2366580963134801,
                0.000013828277587890625,
                -3.6415481567382812,
                1
            ],
            "name": "low_jaw"
        },
        "low_pincer_L_0": {
            "children": [
                "low_pincer_L_1"
            ],
            "jointId": "low_pincer_L_0",
            "matrix": [
                0.4312737286090853,
                0.4917541146278384,
                -0.7564265131950381,
                0,
                0.8895538529454587,
                -0.0917663977675811,
                0.44751829472732935,
                0,
                0.15065444014185736,
                -0.8658850812103793,
                -0.4770182470528162,
                0,
                4.336219787597653,
                17.900236129760742,
                -13.7298583984375,
                1
            ],
            "name": "low_pincer_L_0"
        },
        "low_pincer_L_1": {
            "children": [],
            "jointId": "low_pincer_L_1",
            "matrix": [
                0.6068874597549437,
                0.7747656106948849,
                0.17727452516555778,
                0,
                -0.7099779541482334,
                0.6287245795333436,
                -0.3172337688874472,
                0,
                -0.3572385488098598,
                0.06666416958352767,
                0.931631260614971,
                0,
                21.926330566406254,
                0.000038146972642039145,
                -0.0000152587890625,
                1
            ],
            "name": "low_pincer_L_1"
        },
        "low_pincer_R_0": {
            "children": [
                "low_pincer_R_1"
            ],
            "jointId": "low_pincer_R_0",
            "matrix": [
                0.43736231327056896,
                -0.46932357549667364,
                -0.7671046257019045,
                0,
                0.8877052933612369,
                0.0888612371021614,
                0.45175606491756726,
                0,
                -0.1438538893799563,
                -0.8785438152469337,
                0.45548552708867635,
                0,
                4.336227416992184,
                -18.055191040039062,
                -13.729804992675795,
                1
            ],
            "name": "low_pincer_R_0"
        },
        "low_pincer_R_1": {
            "children": [],
            "jointId": "low_pincer_R_1",
            "matrix": [
                0.6181947588920592,
                0.7705828547477719,
                -0.1550412625074388,
                0,
                -0.7217297236337251,
                0.6346079638298455,
                0.2763682598665236,
                0,
                0.3113549018948663,
                -0.05895149181235464,
                0.9484633785621956,
                0,
                21.621120452880866,
                0.000015258789048289145,
                0.000007629394538355427,
                1
            ],
            "name": "low_pincer_R_1"
        },
        "neck1": {
            "children": [
                "neck2"
            ],
            "jointId": "neck1",
            "matrix": [
                0.9313581585884096,
                1.0658141254777185e-14,
                0.3641045093536377,
                0,
                -8.543779780358163e-7,
                0.9999999999999997,
                0.0000021854491478734425,
                0,
                -0.36410450935363775,
                -0.0000023465187685473012,
                0.9313581585884095,
                0,
                21.29578018188476,
                0.000003814697265625,
                0.000022888183579539145,
                1
            ],
            "name": "neck1"
        },
        "neck2": {
            "children": [
                "jaw0_0",
                "neck3",
                "pincer_R2_0",
                "pincer_L1_0"
            ],
            "jointId": "neck2",
            "matrix": [
                0.45923006534576427,
                0.000002096479420288233,
                0.8883172869682314,
                0,
                9.420552234855155e-8,
                0.9999999999999999,
                -0.000002408758064109152,
                0,
                -0.888317286969377,
                0.000001189858517207843,
                0.4592300653435484,
                0,
                13.643211364746108,
                -0.000003404304152354571,
                -0.00006103515625,
                1
            ],
            "name": "neck2"
        },
        "neck3": {
            "children": [
                "head"
            ],
            "jointId": "neck3",
            "matrix": [
                0.08526837825775116,
                -1.6263652469206067e-7,
                -0.9963579177856444,
                0,
                4.820471986009584e-7,
                0.9999999999999998,
                -1.2197739351915452e-7,
                0,
                0.9963579177856383,
                -4.6989072854295593e-7,
                0.0852683782578273,
                0,
                10.164909362792969,
                0,
                -0.000011444091789769573,
                1
            ],
            "name": "neck3"
        },
        "pincer_L1_0": {
            "children": [
                "pincer_L1_1"
            ],
            "jointId": "pincer_L1_0",
            "matrix": [
                -0.3212752938270569,
                0.04012454673647884,
                -0.9461351037025453,
                0,
                -0.14449154839489398,
                -0.9894805892900729,
                0.00710163325511725,
                0,
                -0.9358975045688986,
                0.13899012539884897,
                0.323693371439626,
                0,
                -9.011108398437486,
                19.861898422241207,
                -1.4169044494628835,
                1
            ],
            "name": "pincer_L1_0"
        },
        "pincer_L1_1": {
            "children": [
                "pincer_L1_2"
            ],
            "jointId": "pincer_L1_1",
            "matrix": [
                0.9607663154602052,
                1.8626451499248464e-8,
                -0.27735936641693115,
                0,
                -1.4413783279432213e-7,
                1.0000000000000004,
                -4.3213367767469535e-7,
                0,
                0.2773594027688021,
                4.551575188971313e-7,
                0.960766441382261,
                0,
                16.779964447021484,
                0.000003814697265625,
                -0.0000152587890625,
                1
            ],
            "name": "pincer_L1_1"
        },
        "pincer_L1_2": {
            "children": [],
            "jointId": "pincer_L1_2",
            "matrix": [
                0.7756704688072207,
                -0.09130376577377317,
                -0.6244990229606626,
                0,
                0.07111887921851573,
                0.9958230295374224,
                -0.05725802113672199,
                0,
                0.6271184640944594,
                -3.144879668071088e-7,
                0.7789240397040458,
                0,
                12.393352508544915,
                -7.105427357601002e-15,
                -0.00000762939453125,
                1
            ],
            "name": "pincer_L1_2"
        },
        "pincer_R2_0": {
            "children": [
                "pincer_R2_1"
            ],
            "jointId": "pincer_R2_0",
            "matrix": [
                -0.32127553224563565,
