{
    "animations": {},
    "asset": {},
    "attributes": {
        "attribute_1": {
            "bufferView": "bufferView_31",
            "byteOffset": 0,
            "byteStride": 12,
            "count": 1903,
            "max": [
                1,
                1,
                1
            ],
            "min": [
                0,
                0,
                0
            ],
            "type": "FLOAT_VEC3"
        },
        "attribute_10": {
            "bufferView": "bufferView_31",
            "byteOffset": 120324,
            "byteStride": 16,
            "count": 192,
            "max": [
                1,
                1,
                1
            ],
            "min": [
                0,
                0,
                0
            ],
            "type": "FLOAT_VEC4"
        },
        "attribute_11": {
            "bufferView": "bufferView_31",
            "byteOffset": 123396,
            "byteStride": 12,
            "count": 192,
            "max": [
                1,
                1,
                1
            ],
            "min": [
                0,
                0,
                0
            ],
            "type": "FLOAT_VEC3"
        },
        "attribute_13": {
            "bufferView": "bufferView_31",
            "byteOffset": 125700,
            "byteStride": 12,
            "count": 831,
            "max": [
                1,
                1,
                1
            ],
            "min": [
                0,
                0,
                0
            ],
            "type": "FLOAT_VEC3"
        },
        "attribute_14": {
            "bufferView": "bufferView_31",
            "byteOffset": 135672,
            "byteStride": 12,
            "count": 831,
            "max": [
                1,
                1,
                1
            ],
            "min": [
                0,
                0,
                0
            ],
            "type": "FLOAT_VEC3"
        },
        "attribute_15": {
            "bufferView": "bufferView_31",
            "byteOffset": 145644,
            "byteStride": 8,
            "count": 831,
            "max": [
                1,
                1,
                1
            ],
            "min": [
                0,
                0,
                0
            ],
            "type": "FLOAT_VEC2"
        },
        "attribute_16": {
            "bufferView": "bufferView_31",
            "byteOffset": 152292,
            "byteStride": 16,
            "count": 831,
            "max": [
                1,
                1,
                1
            ],
            "min": [
                0,
                0,
                0
            ],
            "type": "FLOAT_VEC4"
        },
        "attribute_17": {
            "bufferView": "bufferView_31",
            "byteOffset": 165588,
            "byteStride": 12,
            "count": 831,
            "max": [
                1,
                1,
                1
            ],
            "min": [
                0,
                0,
                0
            ],
            "type": "FLOAT_VEC3"
        },
        "attribute_19": {
            "bufferView": "bufferView_31",
            "byteOffset": 175560,
            "byteStride": 12,
            "count": 560,
            "max": [
                1,
                1,
                1
            ],
            "min": [
                0,
                0,
                0
            ],
            "type": "FLOAT_VEC3"
        },
        "attribute_2": {
            "bufferView": "bufferView_31",
            "byteOffset": 22836,
            "byteStride": 12,
            "count": 1903,
            "max": [
                1,
                1,
                1
            ],
            "min": [
                0,
                0,
                0
            ],
            "type": "FLOAT_VEC3"
        },
        "attribute_20": {
            "bufferView": "bufferView_31",
            "byteOffset": 182280,
            "byteStride": 12,
            "count": 560,
            "max": [
                1,
                1,
                1
            ],
            "min": [
                0,
                0,
                0
            ],
            "type": "FLOAT_VEC3"
        },
        "attribute_21": {
            "bufferView": "bufferView_31",
            "byteOffset": 189000,
            "byteStride": 8,
            "count": 560,
            "max": [
                1,
                1,
                1
            ],
            "min": [
                0,
                0,
                0
            ],
            "type": "FLOAT_VEC2"
        },
        "attribute_22": {
            "bufferView": "bufferView_31",
            "byteOffset": 193480,
            "byteStride": 16,
            "count": 560,
            "max": [
                1,
                1,
                1
            ],
            "min": [
                0,
                0,
                0
            ],
            "type": "FLOAT_VEC4"
        },
        "attribute_23": {
            "bufferView": "bufferView_31",
            "byteOffset": 202440,
            "byteStride": 12,
            "count": 560,
            "max": [
                1,
                1,
                1
            ],
            "min": [
                0,
                0,
                0
            ],
            "type": "FLOAT_VEC3"
        },
        "attribute_25": {
            "bufferView": "bufferView_31",
            "byteOffset": 209160,
            "byteStride": 12,
            "count": 208,
            "max": [
                1,
                1,
                1
            ],
            "min": [
                0,
                0,
                0
            ],
            "type": "FLOAT_VEC3"
        },
        "attribute_26": {
            "bufferView": "bufferView_31",
            "byteOffset": 211656,
            "byteStride": 12,
            "count": 208,
            "max": [
                1,
                1,
                1
            ],
            "min": [
                0,
                0,
                0
            ],
            "type": "FLOAT_VEC3"
        },
        "attribute_27": {
            "bufferView": "bufferView_31",
            "byteOffset": 214152,
            "byteStride": 8,
            "count": 208,
            "max": [
                1,
                1,
                1
            ],
            "min": [
                0,
                0,
                0
            ],
            "type": "FLOAT_VEC2"
        },
        "attribute_28": {
            "bufferView": "bufferView_31",
            "byteOffset": 215816,
            "byteStride": 16,
            "count": 208,
            "max": [
                1,
                1,
                1
            ],
            "min": [
                0,
                0,
                0
            ],
            "type": "FLOAT_VEC4"
        },
        "attribute_29": {
            "bufferView": "bufferView_31",
            "byteOffset": 219144,
            "byteStride": 12,
            "count": 208,
            "max": [
                1,
                1,
                1
            ],
            "min": [
                0,
                0,
                0
            ],
            "type": "FLOAT_VEC3"
        },
        "attribute_3": {
            "bufferView": "bufferView_31",
            "byteOffset": 45672,
            "byteStride": 8,
            "count": 1903,
            "max": [
                1,
                1,
                1
            ],
            "min": [
                0,
                0,
                0
            ],
            "type": "FLOAT_VEC2"
        },
        "attribute_4": {
            "bufferView": "bufferView_31",
            "byteOffset": 60896,
            "byteStride": 16,
            "count": 1903,
            "max": [
                1,
                1,
                1
            ],
            "min": [
                0,
                0,
                0
            ],
            "type": "FLOAT_VEC4"
        },
        "attribute_5": {
            "bufferView": "bufferView_31",
            "byteOffset": 91344,
            "byteStride": 12,
            "count": 1903,
            "max": [
                1,
                1,
                1
            ],
            "min": [
                0,
                0,
                0
            ],
            "type": "FLOAT_VEC3"
        },
        "attribute_7": {
            "bufferView": "bufferView_31",
            "byteOffset": 114180,
            "byteStride": 12,
            "count": 192,
            "max": [
                1,
                1,
                1
            ],
            "min": [
                0,
                0,
                0
            ],
            "type": "FLOAT_VEC3"
        },
        "attribute_8": {
            "bufferView": "bufferView_31",
            "byteOffset": 116484,
            "byteStride": 12,
            "count": 192,
            "max": [
                1,
                1,
                1
            ],
            "min": [
                0,
                0,
                0
            ],
            "type": "FLOAT_VEC3"
        },
        "attribute_9": {
            "bufferView": "bufferView_31",
            "byteOffset": 118788,
            "byteStride": 8,
            "count": 192,
            "max": [
                1,
                1,
                1
            ],
            "min": [
                0,
                0,
                0
            ],
            "type": "FLOAT_VEC2"
        }
    },
    "bufferViews": {
        "bufferView_31": {
            "buffer": "shadow_demon.bin",
            "byteLength": 221640,
            "byteOffset": 0,
            "target": "ARRAY_BUFFER"
        },
        "bufferView_32": {
            "buffer": "shadow_demon.bin",
            "byteLength": 41316,
            "byteOffset": 221640,
            "target": "ELEMENT_ARRAY_BUFFER"
        }
    },
    "buffers": {
        "shadow_demon.bin": {
            "byteLength": 262956,
            "path": "shadow_demon.bin"
        }
    },
    "cameras": {},
    "images": {
        "image_0": {
            "path": "textures/shadow_demon_body.png"
        },
        "image_1": {
            "path": "textures/shadow_demon_belt_color.png"
        },
        "image_2": {
            "path": "textures/shadow_demon_cape_color.png"
        },
        "image_3": {
            "path": "textures/shadow_demon_chains.png"
        },
        "image_4": {
            "path": "textures/shadow_demon_tail_color.png"
        }
    },
    "indices": {
        "indices_12": {
            "bufferView": "bufferView_32",
            "byteOffset": 22812,
            "count": 912,
            "type": "UNSIGNED_SHORT"
        },
        "indices_18": {
            "bufferView": "bufferView_32",
            "byteOffset": 24636,
            "count": 4632,
            "type": "UNSIGNED_SHORT"
        },
        "indices_24": {
            "bufferView": "bufferView_32",
            "byteOffset": 33900,
            "count": 2496,
            "type": "UNSIGNED_SHORT"
        },
        "indices_30": {
            "bufferView": "bufferView_32",
            "byteOffset": 38892,
            "count": 1212,
            "type": "UNSIGNED_SHORT"
        },
        "indices_6": {
            "bufferView": "bufferView_32",
            "byteOffset": 0,
            "count": 11406,
            "type": "UNSIGNED_SHORT"
        }
    },
    "lights": {},
    "materials": {
        "Material #35": {
            "instanceTechnique": {
                "technique": "technique_0",
                "values": [
                    {
                        "parameter": "ambient",
                        "value": [
                            0.5879999995231628,
                            0.5879999995231628,
                            0.5879999995231628
                        ]
                    },
                    {
                        "parameter": "emission",
                        "value": [
                            0,
                            0,
                            0
                        ]
                    },
                    {
                        "parameter": "diffuse",
                        "value": "Map #6"
                    },
                    {
                        "parameter": "shininess",
                        "value": 2
                    },
                    {
                        "parameter": "specular",
                        "value": [
                            0.8999999761581421,
                            0.8999999761581421,
                            0.8999999761581421
                        ]
                    }
                ]
            },
            "name": "Material #35"
        },
        "Material #46": {
            "instanceTechnique": {
                "technique": "technique_0",
                "values": [
                    {
                        "parameter": "ambient",
                        "value": [
                            0.5879999995231628,
                            0.5879999995231628,
                            0.5879999995231628
                        ]
                    },
                    {
                        "parameter": "emission",
                        "value": [
                            0,
                            0,
                            0
                        ]
                    },
                    {
                        "parameter": "diffuse",
                        "value": "Map #7"
                    },
                    {
                        "parameter": "shininess",
                        "value": 2
                    },
                    {
                        "parameter": "specular",
                        "value": [
                            0.8999999761581421,
                            0.8999999761581421,
                            0.8999999761581421
                        ]
                    }
                ]
            },
            "name": "Material #46"
        },
        "Material #57": {
            "instanceTechnique": {
                "technique": "technique_0",
                "values": [
                    {
                        "parameter": "ambient",
                        "value": [
                            0.5879999995231628,
                            0.5879999995231628,
                            0.5879999995231628
                        ]
                    },
                    {
                        "parameter": "emission",
                        "value": [
                            0,
                            0,
                            0
                        ]
                    },
                    {
                        "parameter": "diffuse",
                        "value": "Map #8"
                    },
                    {
                        "parameter": "shininess",
                        "value": 2
                    },
                    {
                        "parameter": "specular",
                        "value": [
                            0.8999999761581421,
                            0.8999999761581421,
                            0.8999999761581421
                        ]
                    }
                ]
            },
            "name": "Material #57"
        },
        "Material #68": {
            "instanceTechnique": {
                "technique": "technique_0",
                "values": [
                    {
                        "parameter": "ambient",
                        "value": [
                            0.5879999995231628,
                            0.5879999995231628,
                            0.5879999995231628
                        ]
                    },
                    {
                        "parameter": "emission",
                        "value": [
                            0,
                            0,
                            0
                        ]
                    },
                    {
                        "parameter": "diffuse",
                        "value": "Map #9"
                    },
                    {
                        "parameter": "shininess",
                        "value": 2
                    },
                    {
                        "parameter": "specular",
                        "value": [
                            0.8999999761581421,
                            0.8999999761581421,
                            0.8999999761581421
                        ]
                    }
                ]
            },
            "name": "Material #68"
        },
        "Material #79": {
            "instanceTechnique": {
                "technique": "technique_0",
                "values": [
                    {
                        "parameter": "ambient",
                        "value": [
                            0.5879999995231628,
                            0.5879999995231628,
                            0.5879999995231628
                        ]
                    },
                    {
                        "parameter": "emission",
                        "value": [
                            0,
                            0,
                            0
                        ]
                    },
                    {
                        "parameter": "diffuse",
                        "value": "Map #10"
                    },
                    {
                        "parameter": "shininess",
                        "value": 2
                    },
                    {
                        "parameter": "specular",
                        "value": [
                            0.8999999761581421,
                            0.8999999761581421,
                            0.8999999761581421
                        ]
                    }
                ]
            },
            "name": "Material #79"
        }
    },
    "meshes": {
        "shadow_demon_belt_model_LOD0-mesh": {
            "name": "shadow_demon_belt_model_LOD0-mesh",
            "primitives": [
                {
                    "indices": "indices_12",
                    "material": "Material #46",
                    "semantics": {
                        "JOINT": "attribute_10",
                        "NORMAL": "attribute_8",
                        "POSITION": "attribute_7",
                        "TEXCOORD_0": "attribute_9",
                        "WEIGHT": "attribute_11"
                    },
                    "skin": "skin_1"
                }
            ]
        },
        "shadow_demon_cape_model_LOD0-mesh": {
            "name": "shadow_demon_cape_model_LOD0-mesh",
            "primitives": [
                {
                    "indices": "indices_18",
                    "material": "Material #57",
                    "semantics": {
                        "JOINT": "attribute_16",
                        "NORMAL": "attribute_14",
                        "POSITION": "attribute_13",
                        "TEXCOORD_0": "attribute_15",
                        "WEIGHT": "attribute_17"
                    },
                    "skin": "skin_2"
                }
            ]
        },
        "shadow_demon_chain_model_LOD0-mesh": {
            "name": "shadow_demon_chain_model_LOD0-mesh",
            "primitives": [
                {
                    "indices": "indices_24",
                    "material": "Material #68",
                    "semantics": {
                        "JOINT": "attribute_22",
                        "NORMAL": "attribute_20",
                        "POSITION": "attribute_19",
                        "TEXCOORD_0": "attribute_21",
                        "WEIGHT": "attribute_23"
                    },
                    "skin": "skin_3"
                }
            ]
        },
        "shadow_demon_model_LOD0-mesh": {
            "name": "shadow_demon_model_LOD0-mesh",
            "primitives": [
                {
                    "indices": "indices_6",
                    "material": "Material #35",
                    "semantics": {
                        "JOINT": "attribute_4",
                        "NORMAL": "attribute_2",
                        "POSITION": "attribute_1",
                        "TEXCOORD_0": "attribute_3",
                        "WEIGHT": "attribute_5"
                    },
                    "skin": "skin_0"
                }
            ]
        },
        "shadow_demon_tail_model_LOD0-mesh": {
            "name": "shadow_demon_tail_model_LOD0-mesh",
            "primitives": [
                {
                    "indices": "indices_30",
                    "material": "Material #79",
                    "semantics": {
                        "JOINT": "attribute_28",
                        "NORMAL": "attribute_26",
                        "POSITION": "attribute_25",
                        "TEXCOORD_0": "attribute_27",
                        "WEIGHT": "attribute_29"
                    },
                    "skin": "skin_4"
                }
            ]
        }
    },
    "nodes": {
        "Index1_0_L": {
            "children": [],
            "matrix": [
                0.577189087867737,
                -0.7849143147468567,
                0.22530619800090787,
                0,
                0.7845778174813222,
                0.6095408487014015,
                0.1135680374637127,
                0,
                -0.22647448837113535,
                0.1112200027862117,
                0.9676465963908029,
                0,
                8.146732330322267,
                -7.038265228271481,
                -13.549150466918945,
                1
            ],
            "name": "Index1_0_L"
        },
        "Index1_0_R": {
            "children": [],
            "matrix": [
                0.5771895051002507,
                -0.7849135994911196,
                0.22530588507652285,
                0,
                0.7845771238989482,
                0.6095411282130728,
                0.11356755780568664,
                0,
                -0.22647401688451782,
                0.11121988645756468,
                0.967646393541803,
                0,
                -8.146728515625,
                7.03826904296875,
                13.549145698547363,
                1
            ],
            "name": "Index1_0_R"
        },
        "Index_0_L": {
            "children": [
                "Index_1_L"
            ],
            "matrix": [
                0.9995311498641964,
                0.0018749876180663714,
                -0.030557675287127474,
                0,
                0.0305650322775612,
                -0.004027704848582859,
                0.9995246586762806,
                0,
                0.0017510196157109047,
                -0.9999903439235208,
                -0.004083126806730877,
                0,
                17.720487594604492,
                -3.511116027832017,
                -3.966735839843764,
                1
            ],
            "name": "Index_0_L"
        },
        "Index_0_R": {
            "children": [
                "Index_1_R"
            ],
            "matrix": [
                0.9995312094688416,
                0.001875018700957299,
                -0.030557671561837193,
                0,
                0.030565031139091644,
                -0.00402913648609743,
                0.9995247109663157,
                0,
                0.001751006332070383,
                -0.999990045974843,
                -0.004084557288322559,
                0,
                -17.720518112182624,
                3.5111236572265625,
                3.9667816162109375,
                1
            ],
            "name": "Index_0_R"
        },
        "Index_1_L": {
            "children": [],
            "matrix": [
                0.999999940395355,
                4.768371581961861e-7,
                8.833012543699994e-9,
                0,
                -4.768371292505902e-7,
                0.9999998807907089,
                -6.007030606269836e-8,
                0,
                -8.833038027953374e-9,
                6.007028394844349e-8,
                0.9999995827674857,
                0,
                11.94454574584961,
                -0.000015258789048289145,
                -0.00000762939453125,
                1
            ],
            "name": "Index_1_L"
        },
        "Index_1_R": {
            "children": [],
            "matrix": [
                1.00000011920929,
                3.5390257835388184e-8,
                -3.637978803025955e-10,
                0,
                -3.53902514967086e-8,
                0.9999999403953551,
                1.583248376672841e-8,
                0,
                3.6379839730440143e-10,
                -1.5832484698274918e-8,
                1.0000000000000002,
                0,
                -11.944526672363274,
                0.000015258789048289145,
                -0.000007629394517039145,
                1
            ],
            "name": "Index_1_R"
        },
        "Thumb1_0_L": {
            "children": [],
            "matrix": [
                0.8238267898559574,
                0.5481383800506591,
                0.14440888166427615,
                0,
                -0.5384919723163806,
                0.8363603979172655,
                -0.10260532846404162,
                0,
                -0.17701976523162907,
                0.00676599398305147,
                0.9841840911207932,
                0,
                7.948292732238771,
                4.771160125732422,
                -14.55257320404053,
                1
            ],
            "name": "Thumb1_0_L"
        },
        "Thumb1_0_R": {
            "children": [],
            "matrix": [
                0.8238261938095094,
                0.5481382012367247,
                0.14440883696079249,
                0,
                -0.5384919645792632,
                0.8363601433996977,
                -0.102605625283742,
                0,
                -0.1770199788233301,
                0.0067662080236303886,
                0.9841840795766882,
                0,
                -7.948281764984131,
                -4.7711582183837855,
                14.55256462097168,
                1
            ],
            "name": "Thumb1_0_R"
        },
        "Thumb_0_L": {
            "children": [
                "Thumb_1_L"
            ],
            "matrix": [
                0.9330723881721497,
                0.18651121854782104,
                -0.3075527548789978,
                0,
                0.3358058723446547,
                -0.14533612268197746,
                0.9306512960452544,
                0,
                0.12887845491065106,
                -0.9716435955196989,
                -0.19824079713132411,
                0,
                12.555212020874023,
                4.634979248046882,
                -9.276924133300781,
                1
            ],
            "name": "Thumb_0_L"
        },
        "Thumb_0_R": {
            "children": [
                "Thumb_1_R"
            ],
            "matrix": [
                0.9330731034278869,
                0.18651041388511652,
                -0.30755278468132025,
                0,
                0.3358058393216777,
                -0.14533853422650883,
                0.9306508044452318,
                0,
                0.12887680541185081,
                -0.9716433277984429,
                -0.19824277804562232,
                0,
                -12.555196762084961,
                -4.6349639892578125,
                9.276931762695298,
                1
            ],
            "name": "Thumb_0_R"
        },
        "Thumb_1_L": {
            "children": [],
            "matrix": [
                1.0000003576278682,
                2.980232233218416e-8,
                -1.1175870902324636e-8,
                0,
                -2.980231417204493e-8,
                1.0000002384185795,
                4.172325134277344e-7,
                0,
                1.1175877973057524e-8,
                -4.1723236390844853e-7,
                0.9999998807907592,
                0,
                12.10843658447265,
                -0.00002288818359375,
                0.00000762939453125,
                1
            ],
            "name": "Thumb_1_L"
        },
        "Thumb_1_R": {
            "children": [],
            "matrix": [
                0.999999940395355,
                -2.9802322554228766e-8,
                -2.756714821069983e-7,
                0,
                2.980235513927454e-8,
                0.9999999403953549,
                1.192092894952701e-7,
                0,
                2.7567149491619647e-7,
                -1.1920930484410341e-7,
                0.9999999999999741,
                0,
                -12.108463287353523,
                0.0000152587890625,
                0,
                1
            ],
            "name": "Thumb_1_R"
        },
        "ankle_L": {
            "children": [
                "toeBall_L"
            ],
            "matrix": [
                0.05651471018791182,
                -0.13313393294811196,
                0.9894857406616212,
                0,
                0.007591461365810438,
                0.991098087008139,
                0.13291728381432893,
                0,
                -0.9983727895746376,
                -1.3900141750122774e-7,
                0.05702227736882293,
                0,
                30.50361633300781,
                -0.000003814697265625,
                -0.0000019073486292597863,
                1
            ],
            "name": "ankle_L"
        },
        "ankle_R": {
            "children": [
                "toeBall_R"
            ],
            "matrix": [
                0.05651503801345842,
                -0.13313391804695146,
                0.9894852638244629,
                0,
                0.007593494460270078,
                0.9910978958559379,
                0.13291718858649446,
                0,
                -0.9983730884690319,
                0.0000018309047514625254,
                0.05702291773793794,
                0,
                -30.503601074218757,
                0.000003814697265625,
                0.0000057220458984375,
                1
            ],
            "name": "ankle_R"
        },
        "bicep_L": {
            "children": [
                "elbow_L"
            ],
            "matrix": [
                0.23311483860015925,
                0.018932208418846158,
                -0.9722650051116943,
                0,
                -0.9582074710754227,
                0.1749590116847594,
                -0.22633748858004188,
                0,
                0.16582139152856196,
                0.9843938368431433,
                0.05892650245227615,
                0,
                12.652091979980469,
                -0.00000476837158203125,
                0.00003051757809657829,
                1
            ],
            "name": "bicep_L"
        },
        "bicep_R": {
            "children": [
                "elbow_R"
            ],
            "matrix": [
                0.23311567306518555,
                0.018932472914457307,
                -0.9722651243209839,
                0,
                -0.9582071704569214,
                0.17495744181493594,
                -0.2263381941240517,
                0,
                0.1658197538396149,
                0.9843936619160069,
                0.05892650927412986,
                0,
                -12.652061462402344,
                -0.000003337860107421875,
                -2.842170943040401e-14,
                1
            ],
            "name": "bicep_R"
        },
        "cape_cloth_R0C0": {
            "children": [
                "cape_cloth_R1C0"
            ],
            "matrix": [
                -0.9948335886001581,
                -3.2415792353520306e-7,
                0.10151986777782437,
                0,
                0.1015198677777612,
                1.9600013021453084e-7,
                0.9948335886001652,
                0,
                -3.423810454136285e-7,
                0.9999999999999996,
                -1.6207901864412463e-7,
                0,
                -7.6891632080078125,
                0.000002469598257448525,
                32.91618347167969,
                1
            ],
            "name": "cape_cloth_R0C0"
        },
        "cape_cloth_R1C0": {
            "children": [
                "cape_cloth_R2C0"
            ],
            "matrix": [
                0.9992698431015017,
                -0.025921568274497996,
                -0.02807126566767692,
                0,
                0.0266442638167015,
                0.9993150830160326,
                0.02568445541680094,
                0,
                0.027386253314533423,
                -0.026413635600648376,
                0.999275923053636,
                0,
                17.262725830078153,
                0.11890411376953836,
                0.00000471080056740903,
                1
            ],
            "name": "cape_cloth_R1C0"
        },
        "cape_cloth_R2C0": {
            "children": [],
            "matrix": [
                1.0000000000000002,
                7.450580586515487e-9,
                -9.313225742685338e-9,
                0,
                -7.450580551821018e-9,
                0.9999999999999999,
                5.355104802737959e-9,
                0,
                9.313226898011173e-9,
                -5.3551053730283016e-9,
                1.00000011920929,
                0,
                23.973632812500014,
                0.00775146484375,
                -0.017014980316162998,
                1
            ],
            "name": "cape_cloth_R2C0"
        },
        "clavicle_L": {
            "children": [
                "bicep_L"
            ],
            "matrix": [
                0.4372440576553344,
                0.8990733623504636,
                -0.02200807258486747,
                0,
                0.009625813255958862,
                0.01979139032959925,
                0.9997577666396859,
                0,
                0.8992914033082873,
                -0.43735011273469115,
                -6.444752216477889e-7,
                0,
                4.493682861328125,
                2.4580574035644527,
                6.078201293945313,
                1
            ],
            "name": "clavicle_L"
        },
        "clavicle_R": {
            "children": [
                "bicep_R"
            ],
            "matrix": [
                -0.4372435808181763,
                0.8990737199783324,
                0.022008551284670833,
                0,
                -0.00962587207103801,
                0.019791898560449,
                -0.9997580646001208,
                0,
                -0.8992915097641944,
                -0.4373495097583505,
                4.88013029015244e-7,
                0,
                4.49371337890625,
                -2.458061218261719,
                6.078200340270994,
                1
            ],
            "name": "clavicle_R"
        },
        "cloth_tail_R0C0": {
            "children": [
                "cloth_tail_R1C0"
            ],
            "matrix": [
                -0.4745359122753144,
                0.014107919298112368,
                -0.8801229596138,
                0,
                -0.8794195488820449,
                -0.05065799495277486,
                0.4733446326405281,
                0,
                -0.03790735110344256,
                0.9986162192070088,
                0.036445812619462524,
                0,
                -7.8958792686462385,
                -0.000001195050117530627,
                2.0898895263671875,
                1
            ],
            "name": "cloth_tail_R0C0"
        },
        "cloth_tail_R1C0": {
            "children": [
                "cloth_tail_R2C0"
            ],
            "matrix": [
                0.9549484252929688,
                0.29668965935707087,
                -0.007037650793790821,
                0,
                -0.2967056005698184,
                0.9549680309506738,
                -0.0013365596532121625,
                0,
                0.006324189392296061,
                0.003364456632823993,
                0.9999749063921772,
                0,
                24.142234802246108,
                0.000007629394524144573,
                0.00000476837158203125,
                1
            ],
            "name": "cloth_tail_R1C0"
        },
        "cloth_tail_R2C0": {
            "children": [
                "cloth_tail_R3C0"
            ],
            "matrix": [
                0.9999656677246094,
                -0.0011182725429534912,
                0.00823201239109038,
                0,
                0.0011182739394922092,
                0.9999995227281024,
                0.000004429370165728169,
                0,
                -0.008232011467286224,
                0.000004776425700805942,
                0.9999662043580652,
                0,
                30.368408203124996,
                0.03652191162109375,
                -0.26884937286377,
                1
            ],
            "name": "cloth_tail_R2C0"
        },
        "cloth_tail_R3C0": {
            "children": [
                "cloth_tail_R4C0"
            ],
            "matrix": [
                0.9998910427093503,
                0.011155903339385709,
                0.009624343365430828,
                0,
                -0.011155343485901581,
                0.999937533263558,
                -0.00011205300686230671,
                0,
                -0.009624996238475323,
                0.0000046779437573238325,
                0.9999534485481721,
                0,
                32.65874099731445,
                0.0000038146972585195726,
                0.000011205673218217527,
                1
            ],
            "name": "cloth_tail_R3C0"
        },
        "cloth_tail_R4C0": {
            "children": [],
            "matrix": [
                0.999963760375977,
                -0.006473571062088124,
                -0.005584802478551868,
                0,
                0.006473815993606524,
                0.999979255226255,
                0.000025894492860674412,
                0,
                0.005584516634193442,
                -0.00006204851184976601,
                0.999984502640661,
                0,
                23.626873016357415,
                -0.00000762939453125,
                -2.384185791015625e-7,
                1
            ],
            "name": "cloth_tail_R4C0"
        },
        "elbow_L": {
            "children": [
                "wrist_L"
            ],
            "matrix": [
                0.7547684907913204,
                -3.8743019115106136e-7,
                -0.6559911966323853,
                0,
                2.186739907483748e-7,
                0.9999998211860701,
                -3.3900132327679966e-7,
                0,
                0.655991377563921,
                1.12419355380311e-7,
                0.7547686989669478,
                0,
                61.907783508300774,
                -1.4210854715202004e-14,
                -0.000007629394527697286,
                1
            ],
            "name": "elbow_L"
        },
        "elbow_R": {
