{
    "accessors": {
        "attrbute_1": {
            "bufferView": "bufferView_31",
            "byteOffset": 0,
            "byteStride": 12,
            "count": 2468,
            "max": [
                73.55609130859375,
                23.650007247924805,
                203.6209259033203,
                0
            ],
            "min": [
                -73.55607604980469,
                -63.68895721435547,
                -5.039272308349609,
                0
            ],
            "type": 35665
        },
        "attrbute_10": {
            "bufferView": "bufferView_31",
            "byteOffset": 155024,
            "byteStride": 16,
            "count": 217,
            "max": [
                9,
                10,
                9,
                -1
            ],
            "min": [
                0,
                -1,
                -1,
                -1
            ],
            "type": 35666
        },
        "attrbute_11": {
            "bufferView": "bufferView_31",
            "byteOffset": 158496,
            "byteStride": 12,
            "count": 217,
            "max": [
                1,
                0.8311236500740051,
                0.8419328331947327
            ],
            "min": [
                0.02311362884938717,
                0,
                0
            ],
            "type": 35665
        },
        "attrbute_13": {
            "bufferView": "bufferView_31",
            "byteOffset": 161100,
            "byteStride": 12,
            "count": 1047,
            "max": [
                67.7281494140625,
                46.54720687866211,
                217.3355712890625,
                0
            ],
            "min": [
                -67.72816467285156,
                -29.934640884399414,
                75.74845886230469,
                0
            ],
            "type": 35665
        },
        "attrbute_14": {
            "bufferView": "bufferView_31",
            "byteOffset": 173664,
            "byteStride": 12,
            "count": 1047,
            "max": [
                0.9973589777946472,
                0.9999997615814209,
                0.9761514067649841,
                0
            ],
            "min": [
                -0.9973589777946472,
                -0.9999960660934448,
                -0.9949185252189636,
                0
            ],
            "type": 35665
        },
        "attrbute_15": {
            "bufferView": "bufferView_31",
            "byteOffset": 186228,
            "byteStride": 8,
            "count": 1047,
            "max": [
                0.9949532747268677,
                0.9960525035858154
            ],
            "min": [
                0.007852648384869099,
                0.012929797172546387
            ],
            "type": 35664
        },
        "attrbute_16": {
            "bufferView": "bufferView_31",
            "byteOffset": 194604,
            "byteStride": 16,
            "count": 1047,
            "max": [
                11,
                11,
                10,
                -1
            ],
            "min": [
                0,
                -1,
                -1,
                -1
            ],
            "type": 35666
        },
        "attrbute_17": {
            "bufferView": "bufferView_31",
            "byteOffset": 211356,
            "byteStride": 12,
            "count": 1047,
            "max": [
                1,
                0.998458206653595,
                0.9970144629478455
            ],
            "min": [
                0.00012272712774574757,
                0,
                0
            ],
            "type": 35665
        },
        "attrbute_19": {
            "bufferView": "bufferView_31",
            "byteOffset": 223920,
            "byteStride": 12,
            "count": 972,
            "max": [
                40.69445037841797,
                19.189090728759766,
                153.1023406982422,
                0
            ],
            "min": [
                -40.69445037841797,
                -36.61023712158203,
                66.78886413574219,
                0
            ],
            "type": 35665
        },
        "attrbute_2": {
            "bufferView": "bufferView_31",
            "byteOffset": 29616,
            "byteStride": 12,
            "count": 2468,
            "max": [
                0.9995936155319214,
                0.9977871775627136,
                0.9961209297180176,
                0
            ],
            "min": [
                -0.9995925426483154,
                -0.9999920129776001,
                -0.9993554353713989,
                0
            ],
            "type": 35665
        },
        "attrbute_20": {
            "bufferView": "bufferView_31",
            "byteOffset": 235584,
            "byteStride": 12,
            "count": 972,
            "max": [
                0.9971886873245239,
                0.9646254777908325,
                0.9923237562179565,
                0
            ],
            "min": [
                -0.9971887469291687,
                -0.9947209358215332,
                -0.9923264980316162,
                0
            ],
            "type": 35665
        },
        "attrbute_21": {
            "bufferView": "bufferView_31",
            "byteOffset": 247248,
            "byteStride": 8,
            "count": 972,
            "max": [
                0.9877110123634338,
                0.9907870292663574
            ],
            "min": [
                0.008289000019431114,
                0.009212970733642578
            ],
            "type": 35664
        },
        "attrbute_22": {
            "bufferView": "bufferView_31",
            "byteOffset": 255024,
            "byteStride": 16,
            "count": 972,
            "max": [
                9,
                9,
                9,
                -1
            ],
            "min": [
                0,
                -1,
                -1,
                -1
            ],
            "type": 35666
        },
        "attrbute_23": {
            "bufferView": "bufferView_31",
            "byteOffset": 270576,
            "byteStride": 12,
            "count": 972,
            "max": [
                1,
                0.8999999761581421,
                0.867274284362793
            ],
            "min": [
                0.028368836268782616,
                0,
                0
            ],
            "type": 35665
        },
        "attrbute_25": {
            "bufferView": "bufferView_31",
            "byteOffset": 282240,
            "byteStride": 12,
            "count": 223,
            "max": [
                18.446422576904297,
                126.12429809570312,
                76.76659393310547,
                0
            ],
            "min": [
                -18.44643211364746,
                -1.2844791412353516,
                -28.884258270263672,
                0
            ],
            "type": 35665
        },
        "attrbute_26": {
            "bufferView": "bufferView_31",
            "byteOffset": 284916,
            "byteStride": 12,
            "count": 223,
            "max": [
                0.999602735042572,
                0.9989058971405029,
                0.9992645382881165,
                0
            ],
            "min": [
                -0.999602735042572,
                -0.9709341526031494,
                -0.9904655814170837,
                0
            ],
            "type": 35665
        },
        "attrbute_27": {
            "bufferView": "bufferView_31",
            "byteOffset": 287592,
            "byteStride": 8,
            "count": 223,
            "max": [
                0.9897094964981079,
                0.9906063675880432
            ],
            "min": [
                0.015045907348394394,
                0.009573578834533691
            ],
            "type": 35664
        },
        "attrbute_28": {
            "bufferView": "bufferView_31",
            "byteOffset": 289376,
            "byteStride": 16,
            "count": 223,
            "max": [
                2,
                3,
                6,
                -1
            ],
            "min": [
                0,
                -1,
                -1,
                -1
            ],
            "type": 35666
        },
        "attrbute_29": {
            "bufferView": "bufferView_31",
            "byteOffset": 292944,
            "byteStride": 12,
            "count": 223,
            "max": [
                1,
                0.913116455078125,
                0.6579889059066772
            ],
            "min": [
                0.020788878202438354,
                0,
                0
            ],
            "type": 35665
        },
        "attrbute_3": {
            "bufferView": "bufferView_31",
            "byteOffset": 59232,
            "byteStride": 8,
            "count": 2468,
            "max": [
                1.9986903667449951,
                0.9966555833816528
            ],
            "min": [
                0.004433691501617432,
                0.0024881958961486816
            ],
            "type": 35664
        },
        "attrbute_4": {
            "bufferView": "bufferView_31",
            "byteOffset": 78976,
            "byteStride": 16,
            "count": 2468,
            "max": [
                41,
                42,
                43,
                -1
            ],
            "min": [
                0,
                -1,
                -1,
                -1
            ],
            "type": 35666
        },
        "attrbute_5": {
            "bufferView": "bufferView_31",
            "byteOffset": 118464,
            "byteStride": 12,
            "count": 2468,
            "max": [
                1,
                0.9998406767845154,
                0.9970977902412415
            ],
            "min": [
                0.00011673578410409391,
                0,
                0
            ],
            "type": 35665
        },
        "attrbute_7": {
            "bufferView": "bufferView_31",
            "byteOffset": 148080,
            "byteStride": 12,
            "count": 217,
            "max": [
                24.590993881225586,
                22.13870620727539,
                126.43558502197266,
                0
            ],
            "min": [
                -24.590993881225586,
                -37.68586349487305,
                24.454435348510742,
                0
            ],
            "type": 35665
        },
        "attrbute_8": {
            "bufferView": "bufferView_31",
            "byteOffset": 150684,
            "byteStride": 12,
            "count": 217,
            "max": [
                0.9979856014251709,
                0.9991723895072937,
                0.9924272894859314,
                0
            ],
            "min": [
                -0.9979856014251709,
                -0.9991723895072937,
                -0.9018359780311584,
                0
            ],
            "type": 35665
        },
        "attrbute_9": {
            "bufferView": "bufferView_31",
            "byteOffset": 153288,
            "byteStride": 8,
            "count": 217,
            "max": [
                0.9888168573379517,
                0.9894779920578003
            ],
            "min": [
                0.011622867546975613,
                0.0053348541259765625
            ],
            "type": 35664
        },
        "indices_12": {
            "bufferView": "bufferView_33",
            "byteOffset": 22812,
            "count": 912,
            "type": 5123
        },
        "indices_18": {
            "bufferView": "bufferView_33",
            "byteOffset": 24636,
            "count": 4632,
            "type": 5123
        },
        "indices_24": {
            "bufferView": "bufferView_33",
            "byteOffset": 33900,
            "count": 2496,
            "type": 5123
        },
        "indices_30": {
            "bufferView": "bufferView_33",
            "byteOffset": 38892,
            "count": 1212,
            "type": 5123
        },
        "indices_6": {
            "bufferView": "bufferView_33",
            "byteOffset": 0,
            "count": 11406,
            "type": 5123
        }
    },
    "animations": {},
    "asset": {},
    "bufferViews": {
        "bufferView_31": {
            "buffer": "shadow_demon.bin",
            "byteLength": 295620,
            "byteOffset": 0,
            "target": 34962
        },
        "bufferView_32": {
            "buffer": "shadow_demon.bin",
            "byteLength": 6080,
            "byteOffset": 295620
        },
        "bufferView_33": {
            "buffer": "shadow_demon.bin",
            "byteLength": 41316,
            "byteOffset": 301700,
            "target": 34963
        }
    },
    "buffers": {
        "shadow_demon.bin": {
            "byteLength": 343016,
            "path": "shadow_demon.bin"
        }
    },
    "cameras": {},
    "images": {
        "image_0": {
            "path": "textures/shadow_demon_body.png"
        },
        "image_1": {
            "path": "textures/shadow_demon_belt_color.png"
        },
        "image_2": {
            "path": "textures/shadow_demon_cape_color.png"
        },
        "image_3": {
            "path": "textures/shadow_demon_chains.png"
        },
        "image_4": {
            "path": "textures/shadow_demon_tail_color.png"
        }
    },
    "lights": {},
    "materials": {
        "Material #35": {
            "instanceTechnique": {
                "technique": "technique_0",
                "values": {
                    "ambient": [
                        0.5879999995231628,
                        0.5879999995231628,
                        0.5879999995231628
                    ],
                    "diffuse": "Map #6",
                    "emission": [
                        0,
                        0,
                        0
                    ],
                    "shininess": 2,
                    "specular": [
                        0.8999999761581421,
                        0.8999999761581421,
                        0.8999999761581421
                    ],
                    "transparency": 1
                }
            },
            "name": "Material #35"
        },
        "Material #46": {
            "instanceTechnique": {
                "technique": "technique_0",
                "values": {
                    "ambient": [
                        0.5879999995231628,
                        0.5879999995231628,
                        0.5879999995231628
                    ],
                    "diffuse": "Map #7",
                    "emission": [
                        0,
                        0,
                        0
                    ],
                    "shininess": 2,
                    "specular": [
                        0.8999999761581421,
                        0.8999999761581421,
                        0.8999999761581421
                    ],
                    "transparency": 1
                }
            },
            "name": "Material #46"
        },
        "Material #57": {
            "instanceTechnique": {
                "technique": "technique_0",
                "values": {
                    "ambient": [
                        0.5879999995231628,
                        0.5879999995231628,
                        0.5879999995231628
                    ],
                    "diffuse": "Map #8",
                    "emission": [
                        0,
                        0,
                        0
                    ],
                    "shininess": 2,
                    "specular": [
                        0.8999999761581421,
                        0.8999999761581421,
                        0.8999999761581421
                    ],
                    "transparency": 1
                }
            },
            "name": "Material #57"
        },
        "Material #68": {
            "instanceTechnique": {
                "technique": "technique_0",
                "values": {
                    "ambient": [
                        0.5879999995231628,
                        0.5879999995231628,
                        0.5879999995231628
                    ],
                    "diffuse": "Map #9",
                    "emission": [
                        0,
                        0,
                        0
                    ],
                    "shininess": 2,
                    "specular": [
                        0.8999999761581421,
                        0.8999999761581421,
                        0.8999999761581421
                    ],
                    "transparency": 1
                }
            },
            "name": "Material #68"
        },
        "Material #79": {
            "instanceTechnique": {
                "technique": "technique_0",
                "values": {
                    "ambient": [
                        0.5879999995231628,
                        0.5879999995231628,
                        0.5879999995231628
                    ],
                    "diffuse": "Map #10",
                    "emission": [
                        0,
                        0,
                        0
                    ],
                    "shininess": 2,
                    "specular": [
                        0.8999999761581421,
                        0.8999999761581421,
                        0.8999999761581421
                    ],
                    "transparency": 1
                }
            },
            "name": "Material #79"
        }
    },
    "meshes": {
        "shadow_demon_belt_model_LOD0-mesh": {
            "name": "shadow_demon_belt_model_LOD0-mesh",
            "primitives": [
                {
                    "attributes": {
                        "JOINT": "attrbute_10",
                        "NORMAL": "attrbute_8",
                        "POSITION": "attrbute_7",
                        "TEXCOORD_0": "attrbute_9",
                        "WEIGHT": "attrbute_11"
                    },
                    "indices": "indices_12",
                    "material": "Material #46"
                }
            ]
        },
        "shadow_demon_cape_model_LOD0-mesh": {
            "name": "shadow_demon_cape_model_LOD0-mesh",
            "primitives": [
                {
                    "attributes": {
                        "JOINT": "attrbute_16",
                        "NORMAL": "attrbute_14",
                        "POSITION": "attrbute_13",
                        "TEXCOORD_0": "attrbute_15",
                        "WEIGHT": "attrbute_17"
                    },
                    "indices": "indices_18",
                    "material": "Material #57"
                }
            ]
        },
        "shadow_demon_chain_model_LOD0-mesh": {
            "name": "shadow_demon_chain_model_LOD0-mesh",
            "primitives": [
                {
                    "attributes": {
                        "JOINT": "attrbute_22",
                        "NORMAL": "attrbute_20",
                        "POSITION": "attrbute_19",
                        "TEXCOORD_0": "attrbute_21",
                        "WEIGHT": "attrbute_23"
                    },
                    "indices": "indices_24",
                    "material": "Material #68"
                }
            ]
        },
        "shadow_demon_model_LOD0-mesh": {
            "name": "shadow_demon_model_LOD0-mesh",
            "primitives": [
                {
                    "attributes": {
                        "JOINT": "attrbute_4",
                        "NORMAL": "attrbute_2",
                        "POSITION": "attrbute_1",
                        "TEXCOORD_0": "attrbute_3",
                        "WEIGHT": "attrbute_5"
                    },
                    "indices": "indices_6",
                    "material": "Material #35"
                }
            ]
        },
        "shadow_demon_tail_model_LOD0-mesh": {
            "name": "shadow_demon_tail_model_LOD0-mesh",
            "primitives": [
                {
                    "attributes": {
                        "JOINT": "attrbute_28",
                        "NORMAL": "attrbute_26",
                        "POSITION": "attrbute_25",
                        "TEXCOORD_0": "attrbute_27",
                        "WEIGHT": "attrbute_29"
                    },
                    "indices": "indices_30",
                    "material": "Material #79"
                }
            ]
        }
    },
    "nodes": {
        "Index1_0_L": {
            "children": [],
            "jointId": "Index1_0_L",
            "matrix": [
                0.577189087867737,
                -0.7849143147468566,
                0.2253061980009079,
                0,
                0.7845778174813222,
                0.6095408487014011,
                0.11356803746371265,
                0,
                -0.22647448837113537,
                0.11122000278621162,
                0.967646596390803,
                0,
                8.146732330322266,
                -7.038265228271484,
                -13.549150466918947,
                1
            ],
            "name": "Index1_0_L"
        },
        "Index1_0_R": {
            "children": [],
            "jointId": "Index1_0_R",
            "matrix": [
                0.5771895051002506,
                -0.7849135994911195,
                0.22530588507652283,
                0,
                0.7845771238989481,
                0.6095411282130727,
                0.11356755780568666,
                0,
                -0.22647401688451788,
                0.11121988645756471,
                0.967646393541803,
                0,
                -8.146728515625,
                7.03826904296875,
                13.549145698547363,
                1
            ],
            "name": "Index1_0_R"
        },
        "Index_0_L": {
            "children": [
                "Index_1_L"
            ],
            "jointId": "Index_0_L",
            "matrix": [
                0.9995311498641964,
                0.0018749876180663714,
                -0.030557675287127474,
                0,
                0.0305650322775612,
                -0.0040277048485828585,
                0.9995246586762806,
                0,
                0.001751019615710905,
                -0.9999903439235208,
                -0.004083126806730876,
                0,
                17.720487594604492,
                -3.511116027832017,
                -3.96673583984375,
                1
            ],
            "name": "Index_0_L"
        },
        "Index_0_R": {
            "children": [
                "Index_1_R"
            ],
            "jointId": "Index_0_R",
            "matrix": [
                0.9995312094688418,
                0.0018750187009572985,
                -0.030557671561837196,
                0,
                0.030565031139091647,
                -0.0040291364860974305,
                0.9995247109663157,
                0,
                0.0017510063320703832,
                -0.9999900459748431,
                -0.00408455728832256,
                0,
                -17.720518112182614,
                3.5111236572265483,
                3.9667816162109375,
                1
            ],
            "name": "Index_0_R"
        },
        "Index_1_L": {
            "children": [],
            "jointId": "Index_1_L",
            "matrix": [
                0.9999999403953549,
                4.7683715819965555e-7,
                8.83301254388973e-9,
                0,
                -4.7683712924712074e-7,
                0.9999998807907088,
                -6.007030606356573e-8,
                0,
                -8.833038028170214e-9,
                6.007028394844349e-8,
                0.9999995827674857,
                0,
                11.944545745849616,
                -0.0000152587890625,
                -0.000007629394517039145,
                1
            ],
            "name": "Index_1_L"
        },
        "Index_1_R": {
            "children": [],
            "jointId": "Index_1_R",
            "matrix": [
                1.00000011920929,
                3.539025783885763e-8,
                -3.6379788013996515e-10,
                0,
                -3.53902514967086e-8,
                0.9999999403953551,
                1.5832483768463135e-8,
                0,
                3.637983969791408e-10,
                -1.5832484697407556e-8,
                1.0000000000000002,
                0,
                -11.944526672363281,
                0.0000152587890625,
                -0.000007629394545460855,
                1
            ],
            "name": "Index_1_R"
        },
        "Thumb1_0_L": {
            "children": [],
            "jointId": "Thumb1_0_L",
            "matrix": [
                0.8238267898559573,
                0.5481383800506592,
                0.14440888166427615,
                0,
                -0.5384919723163807,
                0.8363603979172656,
                -0.10260532846404168,
                0,
                -0.1770197652316291,
                0.006765993983051468,
                0.9841840911207934,
                0,
                7.948292732238771,
                4.771160125732425,
                -14.552573204040527,
                1
            ],
            "name": "Thumb1_0_L"
        },
        "Thumb1_0_R": {
            "children": [],
            "jointId": "Thumb1_0_R",
            "matrix": [
                0.8238261938095092,
                0.5481382012367246,
                0.14440883696079249,
                0,
                -0.5384919645792632,
                0.8363601433996978,
                -0.102605625283742,
                0,
                -0.17701997882333004,
                0.006766208023630405,
                0.9841840795766882,
                0,
                -7.94828176498413,
                -4.7711582183837855,
                14.55256462097168,
                1
            ],
            "name": "Thumb1_0_R"
        },
        "Thumb_0_L": {
            "children": [
                "Thumb_1_L"
            ],
            "jointId": "Thumb_0_L",
            "matrix": [
                0.9330723881721498,
                0.18651121854782107,
                -0.3075527548789979,
                0,
                0.3358058723446548,
                -0.1453361226819775,
                0.9306512960452544,
                0,
                0.12887845491065114,
                -0.9716435955196989,
                -0.19824079713132406,
                0,
                12.555212020874016,
                4.634979248046882,
                -9.276924133300781,
                1
            ],
            "name": "Thumb_0_L"
        },
        "Thumb_0_R": {
            "children": [
                "Thumb_1_R"
            ],
            "jointId": "Thumb_0_R",
            "matrix": [
                0.933073103427887,
                0.1865104138851165,
                -0.3075527846813202,
                0,
                0.3358058393216779,
                -0.14533853422650878,
                0.9306508044452318,
                0,
                0.12887680541185084,
                -0.9716433277984426,
                -0.1982427780456223,
                0,
                -12.555196762084957,
                -4.634963989257834,
                9.276931762695327,
                1
            ],
            "name": "Thumb_0_R"
        },
        "Thumb_1_L": {
            "children": [],
            "jointId": "Thumb_1_L",
            "matrix": [
                1.0000003576278682,
                2.9802322443206464e-8,
                -1.1175870937019106e-8,
                0,
                -2.980231422755608e-8,
                1.0000002384185795,
                4.172325133999788e-7,
                0,
                1.1175878028568675e-8,
                -4.172323639362041e-7,
                0.9999998807907591,
                0,
                12.108436584472663,
                -0.000022888183579539145,
                0.00000762939453125,
                1
            ],
            "name": "Thumb_1_L"
        },
        "Thumb_1_R": {
            "children": [],
            "jointId": "Thumb_1_R",
            "matrix": [
                0.9999999403953558,
                -2.9802322443206464e-8,
                -2.7567148208618164e-7,
                0,
                2.980235519478569e-8,
                0.9999999403953549,
                1.1920928946751452e-7,
                0,
                2.756714949925243e-7,
                -1.1920930484410341e-7,
                0.9999999999999745,
                0,
                -12.108463287353516,
                0.000015258789076710855,
                -1.4210854715202004e-14,
                1
            ],
            "name": "Thumb_1_R"
        },
        "ankle_L": {
            "children": [
                "toeBall_L"
            ],
            "jointId": "ankle_L",
            "matrix": [
                0.05651471018791193,
                -0.13313393294811202,
                0.9894857406616213,
                0,
                0.007591461365810473,
                0.9910980870081386,
                0.13291728381432888,
                0,
                -0.9983727895746375,
                -1.3900141750122774e-7,
                0.05702227736882304,
                0,
                30.503616333007812,
                -0.000003814697265625,
                -0.0000019073486363652137,
                1
            ],
            "name": "ankle_L"
        },
        "ankle_R": {
            "children": [
                "toeBall_R"
            ],
            "jointId": "ankle_R",
            "matrix": [
                0.05651503801345836,
                -0.13313391804695152,
                0.989485263824463,
                0,
                0.007593494460270106,
                0.9910978958559379,
                0.13291718858649446,
                0,
                -0.9983730884690319,
                0.0000018309047514486476,
                0.05702291773793794,
                0,
                -30.503601074218757,
                0.000003814697265625,
                0.0000057220458984375,
                1
            ],
            "name": "ankle_R"
        },
        "bicep_L": {
            "children": [
                "elbow_L"
            ],
            "jointId": "bicep_L",
            "matrix": [
                0.2331148386001592,
                0.018932208418846158,
                -0.972265005111694,
                0,
                -0.9582074710754225,
                0.17495901168475936,
                -0.22633748858004188,
                0,
                0.16582139152856187,
                0.9843938368431432,
                0.058926502452276146,
                0,
                12.652091979980483,
                -0.000004768371581143072,
                0.00003051757809657829,
                1
            ],
            "name": "bicep_L"
        },
        "bicep_R": {
            "children": [
                "elbow_R"
            ],
            "jointId": "bicep_R",
            "matrix": [
                0.2331156730651857,
                0.018932472914457318,
                -0.9722651243209839,
                0,
                -0.9582071704569215,
                0.17495744181493592,
                -0.2263381941240517,
                0,
                0.16581975383961495,
                0.984393661916007,
                0.05892650927412987,
                0,
                -12.652061462402344,
                -0.0000033378601065336966,
                -2.842170943040401e-14,
                1
            ],
            "name": "bicep_R"
        },
        "cape_cloth_R0C0": {
            "children": [
                "cape_cloth_R1C0"
            ],
            "jointId": "cape_cloth_R0C0",
            "matrix": [
                -0.9948335886001586,
                -3.2415792353520306e-7,
                0.10151986777782443,
                0,
                0.10151986777776122,
                1.9600013021453084e-7,
                0.9948335886001651,
                0,
                -3.423810454136285e-7,
                0.9999999999999996,
                -1.620790186441247e-7,
                0,
                -7.6891632080078125,
                0.0000024695982574485234,
                32.91618347167969,
                1
            ],
            "name": "cape_cloth_R0C0"
        },
        "cape_cloth_R1C0": {
            "children": [
                "cape_cloth_R2C0"
            ],
            "jointId": "cape_cloth_R1C0",
            "matrix": [
                0.9992698431015017,
                -0.025921568274498,
                -0.028071265667676933,
                0,
                0.026644263816701503,
                0.9993150830160326,
                0.025684455416800946,
                0,
                0.02738625331453342,
                -0.02641363560064838,
                0.9992759230536362,
                0,
                17.262725830078153,
                0.11890411376953125,
                0.00000471080056740903,
                1
            ],
            "name": "cape_cloth_R1C0"
        },
        "cape_cloth_R2C0": {
            "children": [],
            "jointId": "cape_cloth_R2C0",
            "matrix": [
                1,
                7.450580596923828e-9,
                -9.313225742685338e-9,
                0,
                -7.450580555290465e-9,
                0.9999999999999997,
                5.355104806424246e-9,
                0,
                9.313226898011173e-9,
                -5.355105376714589e-9,
                1.0000001192092898,
                0,
                23.9736328125,
                0.00775146484375,
                -0.01701498031616211,
                1
            ],
            "name": "cape_cloth_R2C0"
        },
        "clavicle_L": {
            "children": [
                "bicep_L"
            ],
            "jointId": "clavicle_L",
            "matrix": [
                0.4372440576553345,
                0.8990733623504636,
                -0.02200807258486748,
                0,
                0.009625813255958869,
                0.019791390329599246,
                0.9997577666396861,
                0,
                0.8992914033082873,
                -0.4373501127346911,
                -6.444752216547278e-7,
                0,
                4.493682861328125,
                2.4580574035644527,
                6.078201293945312,
                1
            ],
            "name": "clavicle_L"
        },
        "clavicle_R": {
            "children": [
                "bicep_R"
            ],
            "jointId": "clavicle_R",
            "matrix": [
                -0.4372435808181764,
                0.8990737199783324,
                0.022008551284670837,
                0,
                -0.00962587207103803,
                0.01979189856044899,
                -0.9997580646001211,
                0,
                -0.8992915097641944,
                -0.43734950975835046,
                4.880130290221829e-7,
                0,
                4.49371337890625,
                -2.458061218261719,
                6.078200340270995,
                1
            ],
            "name": "clavicle_R"
        },
        "cloth_tail_R0C0": {
            "children": [
                "cloth_tail_R1C0"
            ],
            "jointId": "cloth_tail_R0C0",
            "matrix": [
                -0.4745359122753144,
                0.014107919298112368,
                -0.8801229596138,
                0,
                -0.8794195488820449,
                -0.05065799495277486,
                0.4733446326405281,
                0,
                -0.03790735110344256,
                0.9986162192070088,
                0.036445812619462524,
                0,
                -7.8958792686462385,
                -0.000001195050117530627,
                2.0898895263671875,
                1
            ],
            "name": "cloth_tail_R0C0"
        },
        "cloth_tail_R1C0": {
            "children": [
                "cloth_tail_R2C0"
            ],
            "jointId": "cloth_tail_R1C0",
            "matrix": [
                0.9549484252929688,
                0.29668965935707087,
                -0.007037650793790821,
                0,
                -0.2967056005698184,
                0.9549680309506738,
                -0.0013365596532121625,
                0,
                0.006324189392296061,
                0.003364456632823993,
                0.9999749063921772,
                0,
                24.142234802246108,
                0.000007629394524144573,
                0.00000476837158203125,
                1
            ],
            "name": "cloth_tail_R1C0"
        },
        "cloth_tail_R2C0": {
            "children": [
                "cloth_tail_R3C0"
            ],
            "jointId": "cloth_tail_R2C0",
            "matrix": [
                0.9999656677246095,
                -0.0011182725429534357,
                0.00823201239109039,
                0,
                0.0011182739394923202,
                0.9999995227281024,
                0.000004429370165731639,
                0,
                -0.008232011467286228,
                0.000004776425700802472,
                0.9999662043580652,
                0,
                30.368408203124996,
                0.03652191162109375,
                -0.26884937286377,
                1
            ],
            "name": "cloth_tail_R2C0"
        },
        "cloth_tail_R3C0": {
            "children": [
                "cloth_tail_R4C0"
            ],
            "jointId": "cloth_tail_R3C0",
            "matrix": [
                0.9998910427093501,
                0.011155903339386042,
                0.009624343365430828,
                0,
                -0.011155343485901748,
                0.9999375332635582,
                -0.00011205300686231018,
                0,
                -0.00962499623847533,
                0.000004677943757330771,
                0.9999534485481721,
                0,
                32.65874099731445,
                0.0000038146972585195726,
                0.000011205673217773438,
                1
            ],
            "name": "cloth_tail_R3C0"
        },
        "cloth_tail_R4C0": {
            "children": [],
            "jointId": "cloth_tail_R4C0",
            "matrix": [
                0.9999637603759768,
                -0.006473571062087957,
                -0.005584802478551865,
                0,
                0.006473815993606524,
                0.9999792552262547,
                0.000025894492860667473,
                0,
                0.0055845166341934385,
                -0.00006204851184976254,
                0.9999845026406607,
                0,
                23.62687301635741,
                -0.000007629394538355427,
                -2.384185791015625e-7,
                1
            ],
            "name": "cloth_tail_R4C0"
        },
        "elbow_L": {
            "children": [
                "wrist_L"
            ],
            "jointId": "elbow_L",
            "matrix": [
                0.7547684907913208,
                -3.874301910955502e-7,
                -0.6559911966323851,
                0,
                2.1867399102593055e-7,
                0.99999982118607,
                -3.3900132327679966e-7,
                0,
