{
    "accessors": [
        {
            "bufferView": 0,
            "byteOffset": 0,
            "componentType": 5126,
            "count": 2468,
            "max": [
                73.55609130859375,
                23.650007247924805,
                203.6209259033203
            ],
            "min": [
                -73.55607604980469,
                -63.68895721435547,
                -5.039272308349609
            ],
            "type": "VEC3"
        },
        {
            "bufferView": 0,
            "byteOffset": 29616,
            "componentType": 5126,
            "count": 2468,
            "max": [
                0.9995936155319214,
                0.9977871775627136,
                0.9961209297180176
            ],
            "min": [
                -0.9995925426483154,
                -0.9999920129776001,
                -0.9993554353713989
            ],
            "type": "VEC3"
        },
        {
            "bufferView": 0,
            "byteOffset": 59232,
            "componentType": 5126,
            "count": 2468,
            "max": [
                1.9986903667449951,
                0.9975118041038513
            ],
            "min": [
                0.004433691501617432,
                0.003344416618347168
            ],
            "type": "VEC2"
        },
        {
            "bufferView": 0,
            "byteOffset": 78976,
            "componentType": 5123,
            "count": 2468,
            "max": [
                41,
                42,
                43,
                0
            ],
            "min": [
                0,
                0,
                0,
                0
            ],
            "type": "VEC4"
        },
        {
            "bufferView": 0,
            "byteOffset": 98720,
            "componentType": 5126,
            "count": 2468,
            "max": [
                1,
                0.9998406767845154,
                0.9970977902412415,
                0
            ],
            "min": [
                0.00011673578410409391,
                0,
                0,
                0
            ],
            "type": "VEC4"
        },
        {
            "bufferView": 2,
            "byteOffset": 0,
            "componentType": 5123,
            "count": 11406,
            "max": [
                2467
            ],
            "min": [
                0
            ],
            "type": "SCALAR"
        },
        {
            "bufferView": 1,
            "byteOffset": 0,
            "componentType": 5126,
            "count": 44,
            "max": [
                0.7761249367031315,
                1.000000178813773,
                0.9999999999999857,
                0,
                0.9999998807904933,
                0.9993640227883906,
                0.9999206817328593,
                0,
                0.9999206817328858,
                0.9995247022128272,
                1,
                0,
                181.44386543181372,
                116.62135332503674,
                101.85297750472235,
                1
            ],
            "min": [
                -0.7852872636561599,
                -1.000000178813393,
                -0.4318277620331402,
                0,
                -0.9999999999999732,
                -0.7845780482105636,
                -0.9999998807906051,
                0,
                -0.999999761581456,
                -0.999524897759021,
                -0.9999999999997393,
                0,
                -158.36582314724006,
                -116.6213578802642,
                -123.09320532411063,
                1
            ],
            "type": "MAT4"
        },
        {
            "bufferView": 0,
            "byteOffset": 138208,
            "componentType": 5126,
            "count": 217,
            "max": [
                24.590993881225586,
                22.13870620727539,
                126.43558502197266
            ],
            "min": [
                -24.590993881225586,
                -37.68586349487305,
                24.454435348510742
            ],
            "type": "VEC3"
        },
        {
            "bufferView": 0,
            "byteOffset": 140812,
            "componentType": 5126,
            "count": 217,
            "max": [
                0.9979856014251709,
                0.9991723895072937,
                0.9924272894859314
            ],
            "min": [
                -0.9979856014251709,
                -0.9991723895072937,
                -0.9018359780311584
            ],
            "type": "VEC3"
        },
        {
            "bufferView": 0,
            "byteOffset": 143416,
            "componentType": 5126,
            "count": 217,
            "max": [
                0.9888168573379517,
                0.9946651458740234
            ],
            "min": [
                0.011622867546975613,
                0.010522007942199707
            ],
            "type": "VEC2"
        },
        {
            "bufferView": 0,
            "byteOffset": 145152,
            "componentType": 5123,
            "count": 217,
            "max": [
                9,
                10,
                9,
                0
            ],
            "min": [
                0,
                0,
                0,
                0
            ],
            "type": "VEC4"
        },
        {
            "bufferView": 0,
            "byteOffset": 146888,
            "componentType": 5126,
            "count": 217,
            "max": [
                1,
                0.8311236500740051,
                0.8419328331947327,
                0
            ],
            "min": [
                0.02311362884938717,
                0,
                0,
                0
            ],
            "type": "VEC4"
        },
        {
            "bufferView": 2,
            "byteOffset": 22812,
            "componentType": 5123,
            "count": 912,
            "max": [
                216
            ],
            "min": [
                0
            ],
            "type": "SCALAR"
        },
        {
            "bufferView": 1,
            "byteOffset": 2816,
            "componentType": 5126,
            "count": 11,
            "max": [
                0.3055269479550621,
                0.9999999999999927,
                0.9999999999990392,
                0,
                0.7138045888988535,
                0.9983076113501247,
                0.9999206817328803,
                0,
                0.9999206817328837,
                0.7131174132831182,
                1,
                0,
                80.1665360692666,
                33.736364250635354,
                56.423973708342885,
                1
            ],
            "min": [
                -0.008585738281859205,
                -0.05390344889941445,
                -2.3530418570835482e-7,
                0,
                -0.9999999999999732,
                -0.19573135685225243,
                -0.8858047999990349,
                0,
                -0.9983076113509702,
                -0.24337840860739246,
                -0.4595133734267206,
                0,
                -131.17795903182991,
                -54.0410209718687,
                -84.0983657836914,
                1
            ],
            "type": "MAT4"
        },
        {
            "bufferView": 0,
            "byteOffset": 150360,
            "componentType": 5126,
            "count": 1047,
            "max": [
                67.7281494140625,
                46.54720687866211,
                217.3355712890625
            ],
            "min": [
                -67.72816467285156,
                -29.934640884399414,
                75.74845886230469
            ],
            "type": "VEC3"
        },
        {
            "bufferView": 0,
            "byteOffset": 162924,
            "componentType": 5126,
            "count": 1047,
            "max": [
                0.9973589777946472,
                0.9999997615814209,
                0.9761514067649841
            ],
            "min": [
                -0.9973589777946472,
                -0.9999960660934448,
                -0.9949185252189636
            ],
            "type": "VEC3"
        },
        {
            "bufferView": 0,
            "byteOffset": 175488,
            "componentType": 5126,
            "count": 1047,
            "max": [
                0.9949532747268677,
                0.9870702028274536
            ],
            "min": [
                0.007852648384869099,
                0.00394749641418457
            ],
            "type": "VEC2"
        },
        {
            "bufferView": 0,
            "byteOffset": 183864,
            "componentType": 5123,
            "count": 1047,
            "max": [
                11,
                11,
                10,
                0
            ],
            "min": [
                0,
                0,
                0,
                0
            ],
            "type": "VEC4"
        },
        {
            "bufferView": 0,
            "byteOffset": 192240,
            "componentType": 5126,
            "count": 1047,
            "max": [
                1,
                0.998458206653595,
                0.9970144629478455,
                0
            ],
            "min": [
                0.00012272712774574757,
                0,
                0,
                0
            ],
            "type": "VEC4"
        },
        {
            "bufferView": 2,
            "byteOffset": 24636,
            "componentType": 5123,
            "count": 4632,
            "max": [
                1046
            ],
            "min": [
                0
            ],
            "type": "SCALAR"
        },
        {
            "bufferView": 1,
            "byteOffset": 3520,
            "componentType": 5126,
            "count": 12,
            "max": [
                0.6351821909258971,
                1.0000000000000002,
                0.9999999999998552,
                0,
                0.6657407419162077,
                0.99936391223328,
                0.9999206817327874,
                0,
                0.9999206817328861,
                0.6298983602202259,
                0.5104248926540912,
                0,
                181.44392395019185,
                116.62137998202194,
                56.42397370834893,
                1
            ],
            "min": [
                -0.028071600868779134,
                -0.759047271629799,
                -3.1389159666048557e-7,
                0,
                -0.6657406367508905,
                -0.16454706673659386,
                -0.9999999999999643,
                0,
                -0.9999999999999809,
                -0.6298978540964153,
                -0.44185572730006745,
                0,
                -158.36580686227012,
                -116.62144196186576,
                -85.91231559194834,
                1
            ],
            "type": "MAT4"
        },
        {
            "bufferView": 0,
            "byteOffset": 208992,
            "componentType": 5126,
            "count": 972,
            "max": [
                40.69445037841797,
                19.189090728759766,
                153.1023406982422
            ],
            "min": [
                -40.69445037841797,
                -36.61023712158203,
                66.78886413574219
            ],
            "type": "VEC3"
        },
        {
            "bufferView": 0,
            "byteOffset": 220656,
            "componentType": 5126,
            "count": 972,
            "max": [
                0.9971886873245239,
                0.9646254777908325,
                0.9923237562179565
            ],
            "min": [
                -0.9971887469291687,
                -0.9947209358215332,
                -0.9923264980316162
            ],
            "type": "VEC3"
        },
        {
            "bufferView": 0,
            "byteOffset": 232320,
            "componentType": 5126,
            "count": 972,
            "max": [
                0.9877110123634338,
                0.9907870292663574
            ],
            "min": [
                0.008289000019431114,
                0.009212970733642578
            ],
            "type": "VEC2"
        },
        {
            "bufferView": 0,
            "byteOffset": 240096,
            "componentType": 5123,
            "count": 972,
            "max": [
                9,
                9,
                9,
                0
            ],
            "min": [
                0,
                0,
                0,
                0
            ],
            "type": "VEC4"
        },
        {
            "bufferView": 0,
            "byteOffset": 247872,
            "componentType": 5126,
            "count": 972,
            "max": [
                1,
                0.8999999761581421,
                0.867274284362793,
                0
            ],
            "min": [
                0.028368836268782616,
                0,
                0,
                0
            ],
            "type": "VEC4"
        },
        {
            "bufferView": 2,
            "byteOffset": 33900,
            "componentType": 5123,
            "count": 2496,
            "max": [
                971
            ],
            "min": [
                0
            ],
            "type": "SCALAR"
        },
        {
            "bufferView": 1,
            "byteOffset": 4288,
            "componentType": 5126,
            "count": 10,
            "max": [
                0.4271503616826891,
                0.9999999999999732,
                0.06478481460272892,
                0,
                0.4207599035661067,
                0.19573111241166583,
                0.9987356302599181,
                0,
                0.9987356302599475,
                0.46689570073463144,
                1,
                0,
                118.94895125803754,
                33.73636422554832,
                73.2000850933239,
                1
            ],
            "min": [
                -0.453154157690524,
                -0.8977093943976006,
                -0.8815718746992016,
                0,
                -0.9999999999999732,
                -0.9566293859027681,
                -0.8858050984709683,
                0,
                -0.900670535516814,
                -0.2433783797153137,
                -0.46496733084599495,
                0,
                -158.3657920327147,
                -73.52200253216236,
                -84.0983657836914,
                1
            ],
            "type": "MAT4"
        },
        {
            "bufferView": 0,
            "byteOffset": 263424,
            "componentType": 5126,
            "count": 223,
            "max": [
                18.446422576904297,
                126.12429809570312,
                76.76659393310547
            ],
            "min": [
                -18.44643211364746,
                -1.2844791412353516,
                -28.884258270263672
            ],
            "type": "VEC3"
        },
        {
            "bufferView": 0,
            "byteOffset": 266100,
            "componentType": 5126,
            "count": 223,
            "max": [
                0.999602735042572,
                0.9989058971405029,
                0.9992645382881165
            ],
            "min": [
                -0.999602735042572,
                -0.9709341526031494,
                -0.9904655814170837
            ],
            "type": "VEC3"
        },
        {
            "bufferView": 0,
            "byteOffset": 268776,
            "componentType": 5126,
            "count": 223,
            "max": [
                0.9897094964981079,
                0.9904264211654663
            ],
            "min": [
                0.015045907348394394,
                0.009393632411956787
            ],
            "type": "VEC2"
        },
        {
            "bufferView": 0,
            "byteOffset": 270560,
            "componentType": 5123,
            "count": 223,
            "max": [
                2,
                3,
                6,
                0
            ],
            "min": [
                0,
                0,
                0,
                0
            ],
            "type": "VEC4"
        },
        {
            "bufferView": 0,
            "byteOffset": 272344,
            "componentType": 5126,
            "count": 223,
            "max": [
                1,
                0.913116455078125,
                0.6579889059066772,
                0
            ],
            "min": [
                0.020788878202438354,
                0,
                0,
                0
            ],
            "type": "VEC4"
        },
        {
            "bufferView": 2,
            "byteOffset": 38892,
            "componentType": 5123,
            "count": 1212,
            "max": [
                222
            ],
            "min": [
                0
            ],
            "type": "SCALAR"
        },
        {
            "bufferView": 1,
            "byteOffset": 4928,
            "componentType": 5126,
            "count": 7,
            "max": [
                0.3055268813214754,
                0.9999999999999732,
                0.9985459042140384,
                0,
                0.7214546232844288,
                0.6997672950164878,
                0.8858049334881422,
                0,
                0.8541746467989183,
                0.7201033765872527,
                1,
                0,
                69.98114663258585,
                33.73636422554832,
                50.072463476659294,
                1
            ],
            "min": [
                -0.008585160348068983,
                -0.05400751396200899,
                -6.123233995736683e-17,
                0,
                -0.9999999999999732,
                -0.19573120366907765,
                -0.8858047999990349,
                0,
                -0.8541747263511849,
                -0.2433783797153137,
                -0.4595133914372261,
                0,
                -69.98113637750619,
                -54.074446142634855,
                -84.0983657836914,
                1
            ],
            "type": "MAT4"
        }
    ],
    "asset": {
        "generator": "ClayGL - fbx2gltf",
        "version": "2.0"
    },
    "bufferViews": [
        {
            "buffer": 0,
            "byteLength": 275912,
            "byteOffset": 0,
            "target": 34962
        },
        {
            "buffer": 0,
            "byteLength": 5376,
            "byteOffset": 275912,
            "target": 34962
        },
        {
            "buffer": 0,
            "byteLength": 41316,
            "byteOffset": 281288,
            "target": 34963
        }
    ],
    "buffers": [
        {
            "byteLength": 322604,
            "uri": "shadow_demon.bin"
        }
    ],
    "images": [
        {
            "uri": "textures/shadow_demon_body.png"
        },
        {
            "uri": "textures/shadow_demon_belt_color.png"
        },
        {
            "uri": "textures/shadow_demon_cape_color.png"
        },
        {
            "uri": "textures/shadow_demon_chains.png"
        },
        {
            "uri": "textures/shadow_demon_tail_color.png"
        }
    ],
    "materials": [
        {
            "emissiveFactor": [
                0,
                0,
                0
            ],
            "name": "Material #35",
            "pbrMetallicRoughness": {
                "baseColorFactor": [
                    1,
                    1,
                    1,
                    1
                ],
                "baseColorTexture": {
                    "index": 0,
                    "texCoord": 0
                },
                "metallicFactor": 0,
                "roughnessFactor": 0.9230769230769231
            }
        },
        {
            "emissiveFactor": [
                0,
                0,
                0
            ],
            "name": "Material #46",
            "pbrMetallicRoughness": {
                "baseColorFactor": [
                    1,
                    1,
                    1,
                    1
                ],
                "baseColorTexture": {
                    "index": 1,
                    "texCoord": 0
                },
                "metallicFactor": 0,
                "roughnessFactor": 0.9230769230769231
            }
        },
        {
            "emissiveFactor": [
                0,
                0,
                0
            ],
            "name": "Material #57",
            "pbrMetallicRoughness": {
                "baseColorFactor": [
                    1,
                    1,
                    1,
                    1
                ],
                "baseColorTexture": {
                    "index": 2,
                    "texCoord": 0
                },
                "metallicFactor": 0,
                "roughnessFactor": 0.9230769230769231
            }
        },
        {
            "emissiveFactor": [
                0,
                0,
                0
            ],
            "name": "Material #68",
            "pbrMetallicRoughness": {
                "baseColorFactor": [
                    1,
                    1,
                    1,
                    1
                ],
                "baseColorTexture": {
                    "index": 3,
                    "texCoord": 0
                },
                "metallicFactor": 0,
                "roughnessFactor": 0.9230769230769231
            }
        },
        {
            "emissiveFactor": [
                0,
                0,
                0
            ],
            "name": "Material #79",
            "pbrMetallicRoughness": {
                "baseColorFactor": [
                    1,
                    1,
                    1,
                    1
                ],
                "baseColorTexture": {
                    "index": 4,
                    "texCoord": 0
                },
                "metallicFactor": 0,
                "roughnessFactor": 0.9230769230769231
            }
        }
    ],
    "meshes": [
        {
            "name": "shadow_demon_model_LOD0",
            "primitives": [
                {
                    "attributes": {
                        "JOINTS_0": 3,
                        "NORMAL": 1,
                        "POSITION": 0,
                        "TEXCOORD_0": 2,
                        "WEIGHTS_0": 4
                    },
                    "indices": 5,
                    "material": 0
                }
            ]
        },
        {
            "name": "shadow_demon_belt_model_LOD0",
            "primitives": [
                {
                    "attributes": {
                        "JOINTS_0": 10,
                        "NORMAL": 8,
                        "POSITION": 7,
                        "TEXCOORD_0": 9,
                        "WEIGHTS_0": 11
                    },
                    "indices": 12,
                    "material": 1
                }
            ]
        },
        {
            "name": "shadow_demon_cape_model_LOD0",
            "primitives": [
                {
                    "attributes": {
                        "JOINTS_0": 17,
                        "NORMAL": 15,
                        "POSITION": 14,
                        "TEXCOORD_0": 16,
                        "WEIGHTS_0": 18
                    },
                    "indices": 19,
                    "material": 2
                }
            ]
        },
        {
            "name": "shadow_demon_chain_model_LOD0",
            "primitives": [
                {
                    "attributes": {
                        "JOINTS_0": 24,
                        "NORMAL": 22,
                        "POSITION": 21,
                        "TEXCOORD_0": 23,
                        "WEIGHTS_0": 25
                    },
                    "indices": 26,
                    "material": 3
                }
            ]
        },
        {
            "name": "shadow_demon_tail_model_LOD0",
            "primitives": [
                {
                    "attributes": {
                        "JOINTS_0": 31,
                        "NORMAL": 29,
                        "POSITION": 28,
                        "TEXCOORD_0": 30,
                        "WEIGHTS_0": 32
                    },
                    "indices": 33,
                    "material": 4
                }
            ]
        }
    ],
    "nodes": [
        {
            "children": [
                1,
                7,
                10,
                45,
                50
            ],
            "matrix": [
                1.6292068478213574e-7,
                1.469367938527879e-39,
                1.0000000000000002,
                0,
                1.0000000000000002,
                6.123233995736847e-17,
                -1.6292068478213574e-7,
                0,
                -6.123233995736685e-17,
                1,
                9.976014756666736e-24,
                0,
                2.44935723264138e-16,
                84.0983657836914,
                8.305915832519531,
                1
            ],
            "name": "root"
        },
        {
            "children": [
                2
            ],
            "matrix": [
                -0.42076000571250943,
                0.30552685260772716,
                0.854174733161926,
                0,
                0.1957310966148562,
                0.9499770856008516,
                -0.24337841382144648,
                0,
                -0.8858049248135007,
                0.06478464422596082,
                -0.45951339747479913,
                0,
                0.0000019073486328125,
                -13.91158390045166,
                6.897422790527344,
                1
            ],
            "name": "thigh_R"
        },
        {
            "children": [
                3
            ],
            "matrix": [
                -0.130129784345627,
                1.5646219256315597e-7,
                -0.9914968013763428,
                0,
                -7.277608259637081e-7,
                0.9999999403951902,
                2.5331956909901976e-7,
                0,
                0.99149681291179,
                7.545370056677436e-7,
                -0.1301297858594868,
                0,
                -44.40547180175781,
                0.000003814697265625,
                0.000026702880859375,
                1
            ],
            "name": "knee_R"
        },
        {
            "children": [
                4
            ],
            "matrix": [
                0.05651503801345836,
                -0.13313391804695143,
                0.9894852638244629,
                0,
                0.007593494460270106,
                0.991097895855938,
                0.13291718858649434,
                0,
                -0.9983730884690317,
                0.0000018309047514486476,
                0.05702291773793808,
                0,
                -30.50360107421875,
                0.000003814697265625,
                0.000005722045901990214,
                1
            ],
            "name": "ankle_R"
        },
        {
            "children": [
                5,
                6
            ],
            "matrix": [
                0.2720671296119689,
                -0.16094331443309778,
                0.9487242102622984,
                0,
                0.15905131972494338,
                0.979875136122286,
                0.12061641821905773,
                0,
                -0.9490432257913682,
                0.11808001964071997,
                0.2921899252169426,
                0,
                -32.0919189453125,
                0.0000152587890625,
                0.000009536743165838857,
                1
            ],
            "name": "toeBall_R"
        },
        {
            "matrix": [
                0.8238261938095088,
                0.5481382012367243,
                0.14440883696079249,
                0,
                -0.5384919645792626,
                0.8363601433996976,
                -0.102605625283742,
                0,
                -0.17701997882332995,
                0.006766208023630405,
                0.9841840795766883,
                0,
                -7.948281764984132,
                -4.771158218383789,
                14.55256462097168,
                1
            ],
            "name": "Thumb1_0_R"
        },
        {
            "matrix": [
                0.57718950510025,
                -0.784913599491119,
                0.22530588507652274,
                0,
                0.7845771238989476,
                0.6095411282130725,
                0.11356755780568664,
                0,
                -0.22647401688451774,
                0.1112198864575647,
                0.9676463935418028,
                0,
                -8.146728515625,
                7.0382690429687464,
                13.549145698547363,
                1
            ],
            "name": "Index1_0_R"
        },
        {
            "children": [
                8
            ],
            "matrix": [
                0.05815449357032721,
                -2.218417876065338e-7,
                -0.9983075857162476,
                0,
                -0.9983075857162252,
                0.0000017379718385799976,
                -0.05815449357071212,
                0,
                0.0000017479316005502427,
                1,
                -1.2039546959340195e-7,
                0,
                18.909824371337887,
                0.0000029841771720384726,
                -2.2105255126953125,
                1
            ],
            "name": "front_cloth_R0C0"
        },
        {
            "children": [
                9
            ],
            "matrix": [
                1,
                5.5879354483867605e-8,
                -2.162981616038452e-8,
                0,
                -5.5879375099321393e-8,
                1,
                -9.536745437799259e-7,
                0,
                2.16297628696666e-8,
                9.53674544988583e-7,
                1.0000000000000002,
                0,
                17.780353546142585,
                -0.0000057220458984375,
                0.0227377749979496,
                1
            ],
            "name": "front_cloth_R1C0"
        },
        {
            "matrix": [
                1.0000000000000002,
                0,
                1.4210854708584559e-14,
                0,
                -1.3877787807814457e-17,
                1.0000000000000002,
                8.388400374315108e-8,
                0,
                -1.4210854655645e-14,
                -8.388400374315108e-8,
                1.0000000000000002,
                0,
                18.321895599365234,
                0.00000762939453125,
                -0.11344483494758606,
                1
            ],
            "name": "front_cloth_R2C0"
        },
        {
            "children": [
                11
            ],
            "matrix": [
                -0.0125930998474454,
                -6.0048579457667345e-9,
                0.9999207258224487,
                0,
                -4.76837158203171e-7,
                1,
                1.5422093478261165e-18,
                0,
                -0.9999207258224485,
                -4.7679935732960893e-7,
                -0.012593099847448264,
                0,
                3.6177282333374023,
                0.0000015268877859853092,
                21.447158813476562,
                1
            ],
            "name": "spine1"
        },
        {
            "children": [
                12
            ],
            "matrix": [
                0.9513293504714969,
                1.2713607588921147e-7,
                0.3081761896610261,
                0,
                1.330941544780301e-8,
                1,
                -4.5362918399404496e-7,
                0,
                -0.30817618966107885,
                4.356524019032822e-7,
                0.9513293504714796,
                0,
                36.794975280761705,
                0.0000017453357941121807,
                -0.00000858306884765625,
                1
            ],
            "name": "spine2"
        },
        {
            "children": [
                13,
                23,
                26,
                29,
                32,
                35
            ],
            "matrix": [
                0.9622682929039004,
                5.1245098831032036e-8,
                -0.27210247516632097,
                0,
                3.700515304942716e-8,
                0.9999999999999998,
                3.191958626302934e-7,
                0,
                0.27210247516633645,
                -3.17221251573897e-7,
                0.9622682929038957,
                0,
                17.442428588867188,
                2.659658093762127e-7,
                0.000019073486335230427,
                1
            ],
            "name": "spine3"
        },
        {
            "children": [
                14
            ],
            "matrix": [
                0.4372440576553346,
                0.8990733623504635,
                -0.02200807258486747,
                0,
                0.009625813255958841,
                0.019791390329599246,
                0.9997577666396857,
                0,
                0.8992914033082875,
                -0.4373501127346911,
                -6.4447522164085e-7,
                0,
                4.493682861328125,
                2.4580574035644527,
                6.0782012939453125,
                1
            ],
            "name": "clavicle_L"
        },
        {
            "children": [
                15
            ],
            "matrix": [
                0.23311483860015916,
                0.018932208418846182,
                -0.9722650051116948,
                0,
                -0.9582074710754229,
                0.17495901168475952,
                -0.22633748858004188,
                0,
                0.1658213915285619,
                0.984393836843144,
                0.05892650245227616,
                0,
                12.652091979980469,
                -0.000004768371581143072,
                0.00003051757806815658,
                1
            ],
            "name": "bicep_L"
        },
        {
            "children": [
                16
            ],
            "matrix": [
                0.7547684907913208,
                -3.874301910261613e-7,
                -0.6559911966323854,
                0,
                2.1867399098082774e-7,
                0.9999998211860701,
                -3.3900132326292187e-7,
                0,
                0.655991377563921,
                1.1241935536643322e-7,
                0.7547686989669478,
                0,
                61.90778350830078,
                0,
                -0.000007629394534802714,
                1
            ],
            "name": "elbow_L"
        },
        {
            "children": [
                17,
                19,
                21
            ],
            "matrix": [
                0.6657401323318484,
                -0.16454684734344482,
                -0.7278151512145996,
                0,
                -0.3857428585322496,
                0.7590477518276759,
                -0.524451044464657,
                0,
                0.6387429619033475,
                0.6298973499086308,
                0.4418556007929179,
                0,
                29.65270233154296,
                0,
                0.000019073486335230427,
                1
            ],
            "name": "wrist_L"
        },
        {
            "children": [
                18
            ],
            "matrix": [
                0.9330723881721494,
                0.18651121854782104,
                -0.30755275487899775,
                0,
                0.3358058723446546,
                -0.14533612268197751,
                0.9306512960452541,
                0,
                0.12887845491065109,
                -0.9716435955196989,
                -0.19824079713132406,
                0,
                12.55521202087402,
                4.634979248046861,
                -9.276924133300781,
                1
            ],
            "name": "Thumb_0_L"
        },
        {
            "matrix": [
                1.0000003576278684,
                2.9802322387695312e-8,
                -1.117587090926353e-8,
                0,
                -2.980231422755608e-8,
                1.0000002384185793,
                4.172325134207955e-7,
                0,
                1.11758780008131e-8,
                -4.1723236391538743e-7,
                0.9999998807907593,
                0,
                12.108436584472656,
                -0.00002288818359375,
                0.00000762939453125,
                1
            ],
            "name": "Thumb_1_L"
        },
        {
            "children": [
                20
            ],
            "matrix": [
                0.9995311498641967,
                0.0018749876180663714,
                -0.030557675287127488,
                0,
                0.030565032277561202,
                -0.0040277048485828585,
                0.9995246586762805,
                0,
                0.0017510196157109054,
                -0.999990343923521,
                -0.004083126806730879,
                0,
                17.72048759460449,
                -3.5111160278320312,
                -3.966735839843736,
                1
            ],
            "name": "Index_0_L"
        },
        {
            "matrix": [
                0.9999999403953549,
                4.7683715819965555e-7,
                8.833012543618679e-9,
                0,
                -4.768371292436513e-7,
                0.9999998807907087,
                -6.007030606389776e-8,
                0,
                -8.833038028224424e-9,
                6.00702839478133e-8,
                0.9999995827674859,
                0,
                11.944545745849616,
                -0.000015258789076710855,
                -0.00000762939453125,
                1
            ],
            "name": "Index_1_L"
        },
        {
            "children": [
                22
            ],
            "matrix": [
                0.9949812293052674,
                0.10005345940589908,
                0.0012212373549118595,
                0,
                0.08961625984886604,
                -0.8964848706677628,
                0.4339174715408837,
                0,
                0.044509748217528636,
                -0.4316301343956152,
                -0.9009516970675779,
                0,
                13.964559555053714,
                -2.783386230468764,
                7.520614624023466,
                1
            ],
            "name": "l_pinky2_0"
        },
        {
            "matrix": [
                0.6945893764495845,
                -0.6470294594764711,
                -0.31448134779930115,
                0,
                0.556421430680899,
                0.7602649635595784,
                -0.335248543637969,
                0,
                0.4560049295797295,
                0.057875927495695596,
                0.8880932098673184,
                0,
                14.087118148803704,
                -0.000011444091793322286,
                0.000015258789076710855,
                1
