{
    "accessors": {
        "attrbute_1": {
            "bufferView": "bufferView_7",
            "byteOffset": 0,
            "byteStride": 12,
            "count": 1415,
            "max": [
                69.78433990478516,
                44.58487319946289,
                149.01197814941406,
                0
            ],
            "min": [
                -71.06009674072266,
                -50.4985466003418,
                -1.5566602945327759,
                0
            ],
            "type": 35665
        },
        "attrbute_2": {
            "bufferView": "bufferView_7",
            "byteOffset": 16980,
            "byteStride": 12,
            "count": 1415,
            "max": [
                0.9996495842933655,
                0.9994722604751587,
                0.9960228204727173,
                0
            ],
            "min": [
                -0.9999393820762634,
                -0.9996004700660706,
                -0.999625027179718,
                0
            ],
            "type": 35665
        },
        "attrbute_3": {
            "bufferView": "bufferView_7",
            "byteOffset": 33960,
            "byteStride": 8,
            "count": 1415,
            "max": [
                0.9774550199508667,
                0.9900000095367432
            ],
            "min": [
                0.029999999329447746,
                0.009999990463256836
            ],
            "type": 35664
        },
        "attrbute_4": {
            "bufferView": "bufferView_7",
            "byteOffset": 45280,
            "byteStride": 16,
            "count": 1415,
            "max": [
                43,
                44,
                45,
                -1
            ],
            "min": [
                0,
                -1,
                -1,
                -1
            ],
            "type": 35666
        },
        "attrbute_5": {
            "bufferView": "bufferView_7",
            "byteOffset": 67920,
            "byteStride": 12,
            "count": 1415,
            "max": [
                1,
                0.9998847842216492,
                0.9959759712219238
            ],
            "min": [
                0.00011521164560690522,
                0,
                0
            ],
            "type": 35665
        },
        "indices_6": {
            "bufferView": "bufferView_9",
            "byteOffset": 0,
            "count": 7422,
            "type": 5123
        }
    },
    "animations": {},
    "asset": {},
    "bufferViews": {
        "bufferView_7": {
            "buffer": "morphling.bin",
            "byteLength": 84900,
            "byteOffset": 0,
            "target": 34962
        },
        "bufferView_8": {
            "buffer": "morphling.bin",
            "byteLength": 2944,
            "byteOffset": 84900
        },
        "bufferView_9": {
            "buffer": "morphling.bin",
            "byteLength": 14844,
            "byteOffset": 87844,
            "target": 34963
        }
    },
    "buffers": {
        "morphling.bin": {
            "byteLength": 102688,
            "path": "morphling.bin"
        }
    },
    "cameras": {},
    "images": {
        "image_0": {
            "path": "textures/morphling_color.png"
        }
    },
    "lights": {},
    "materials": {
        "Material #35": {
            "instanceTechnique": {
                "technique": "technique_0",
                "values": {
                    "ambient": [
                        0.5879999995231628,
                        0.5879999995231628,
                        0.5879999995231628
                    ],
                    "diffuse": "Map #2",
                    "emission": [
                        0,
                        0,
                        0
                    ],
                    "shininess": 2,
                    "specular": [
                        0.8999999761581421,
                        0.8999999761581421,
                        0.8999999761581421
                    ],
                    "transparency": 1
                }
            },
            "name": "Material #35"
        }
    },
    "meshes": {
        "morphling_model_LOD0-mesh": {
            "name": "morphling_model_LOD0-mesh",
            "primitives": [
                {
                    "attributes": {
                        "JOINT": "attrbute_4",
                        "NORMAL": "attrbute_2",
                        "POSITION": "attrbute_1",
                        "TEXCOORD_0": "attrbute_3",
                        "WEIGHT": "attrbute_5"
                    },
                    "indices": "indices_6",
                    "material": "Material #35"
                }
            ]
        }
    },
    "nodes": {
        "Index_0_L": {
            "children": [
                "Index_1_L"
            ],
            "jointId": "Index_0_L",
            "matrix": [
                0.9880896210670468,
                -0.14948806166648865,
                -0.036499805748462684,
                0,
                0.04755361665689233,
                0.0710496161316937,
                0.9963386083700756,
                0,
                -0.14634746485297523,
                -0.9862077696840504,
                0.07731210459713575,
                0,
                16.186679840087876,
                -4.99577331542968,
                -6.050217628479002,
                1
            ],
            "name": "Index_0_L"
        },
        "Index_0_R": {
            "children": [
                "Index_1_R"
            ],
            "jointId": "Index_0_R",
            "matrix": [
                0.9880896806716917,
                -0.14948897063732136,
                -0.036498911678791025,
                0,
                0.047552737300842425,
                0.07104936260141162,
                0.996338555378425,
                0,
                -0.1463484207591676,
                -0.9862076037661549,
                0.07731176238356845,
                0,
                -16.186695098876953,
                4.995765686035163,
                6.050230026245121,
                1
            ],
            "name": "Index_0_R"
        },
        "Index_1_L": {
            "children": [
                "Index_2_L"
            ],
            "jointId": "Index_1_L",
            "matrix": [
                0.9791556000709534,
                -2.2351741776893697e-8,
                -0.20311227440834043,
                0,
                2.82368825890722e-8,
                0.9999997615814206,
                2.6077031871525602e-8,
                0,
                0.20311224824121452,
                -3.126873270725694e-8,
                0.9791554739255135,
                0,
                6.075855255126946,
                0.000001668930054599116,
                -0.000007629394545460855,
                1
            ],
            "name": "Index_1_L"
        },
        "Index_1_R": {
            "children": [
                "Index_2_R"
            ],
            "jointId": "Index_1_R",
            "matrix": [
                0.9791551828384394,
                7.4505805691682525e-9,
                -0.20311281085014332,
                0,
                1.3602799475709304e-7,
                0.9999998211860656,
                6.924383289521815e-7,
                0,
                0.2031128464124779,
                -7.05633856754994e-7,
                0.97915535427538,
                0,
                -6.075874328613281,
                0.000012397766115057607,
                -0.000007629394545460855,
                1
            ],
            "name": "Index_1_R"
        },
        "Index_2_L": {
            "children": [],
            "jointId": "Index_2_L",
            "matrix": [
                0.9999997019767757,
                4.842877387306599e-8,
                3.7252902845841263e-9,
                0,
                -4.8428794037491674e-8,
                1.000000119209291,
                -8.38190319278967e-9,
                0,
                -3.72529158909618e-9,
                8.381901491893301e-9,
                0.9999999403953552,
                0,
                5.814430236816413,
                2.384185795456517e-7,
                0.00000762939453125,
                1
            ],
            "name": "Index_2_L"
        },
        "Index_2_R": {
            "children": [],
            "jointId": "Index_2_R",
            "matrix": [
                0.9999997019767763,
                2.2724270819923786e-7,
                5.103647708892822e-7,
                0,
                -2.2724316329353345e-7,
                0.9999997615814264,
                8.651986718277542e-7,
                0,
                -5.103645438486737e-7,
                -8.651986846382534e-7,
                0.9999996423721438,
                0,
                -5.814434051513672,
                0.00000286102294921875,
                -0.00000762939453125,
                1
            ],
            "name": "Index_2_R"
        },
        "Mid_0_L": {
            "children": [
                "Mid_1_L"
            ],
            "jointId": "Mid_0_L",
            "matrix": [
                0.9979405999183653,
                0.034391455352306366,
                0.05414817109704017,
                0,
                -0.06046592734741177,
                0.22250447193974515,
                0.9730550475078231,
                0,
                0.021416568549783233,
                -0.9743252365220175,
                0.2241257526862657,
                0,
                15.500885009765625,
                -1.7865943908691477,
                2.339134216308592,
                1
            ],
            "name": "Mid_0_L"
        },
        "Mid_0_R": {
            "children": [
                "Mid_1_R"
            ],
            "jointId": "Mid_0_R",
            "matrix": [
                0.997940421104431,
                0.034390706568956375,
                0.054148942232131944,
                0,
                -0.0604664687524487,
                0.2225031068253899,
                0.9730549122478936,
                0,
                0.021415742802655485,
                -0.9743252388594543,
                0.224124378082423,
                0,
                -15.500900268554695,
                1.7865829467773366,
                -2.3391284942626953,
                1
            ],
            "name": "Mid_0_R"
        },
        "Mid_1_L": {
            "children": [
                "Mid_2_L"
            ],
            "jointId": "Mid_1_L",
            "matrix": [
                0.9950401186943056,
                4.097819326920327e-8,
                -0.09947342425584796,
                0,
                6.323327005758328e-8,
                0.9999999403953563,
                0.0000010444782829743815,
                0,
                0.09947342573034532,
                -0.0000010455879023429926,
                0.9950401334433829,
                0,
                6.813667297363281,
                7.152557381928659e-7,
                -0.000011444091789769573,
                1
            ],
            "name": "Mid_1_L"
        },
        "Mid_1_R": {
            "children": [
                "Mid_2_R"
            ],
            "jointId": "Mid_1_R",
            "matrix": [
                0.9950402975082397,
                -2.980232238075642e-8,
                -0.09947316348552702,
                0,
                -1.2271513215311725e-8,
                0.9999998211860683,
                -4.22354791491681e-7,
                0,
                0.09947315249718267,
                4.2148075242443017e-7,
                0.9950401875905729,
                0,
                -6.813686370849609,
                0.000004768371585583964,
                -0.000007629394545460855,
                1
            ],
            "name": "Mid_1_R"
        },
        "Mid_2_L": {
            "children": [],
            "jointId": "Mid_2_L",
            "matrix": [
                0.9999999403953553,
                7.078051567077637e-8,
                -6.705522534455888e-8,
                0,
                -7.078050621306398e-8,
                0.9999998211860632,
                1.5366822439522032e-8,
                0,
                6.705523047934037e-8,
                -1.5366820498366462e-8,
                0.9999999999999989,
                0,
                6.075862884521484,
                -0.0000014305114750534642,
                0.00002288818359375,
                1
            ],
            "name": "Mid_2_L"
        },
        "Mid_2_R": {
            "children": [],
            "jointId": "Mid_2_R",
            "matrix": [
                0.9999998211860657,
                -2.0816681711721685e-17,
                -4.470348352603182e-8,
                0,
                -4.2327252813834093e-16,
                0.9999998807907104,
                -9.778886997033331e-9,
                0,
                4.470350220553421e-8,
                9.778890580972033e-9,
                1.0000002384185784,
                0,
                -6.075862884521477,
                0.000004768371583807607,
                0.000003814697265625,
                1
            ],
            "name": "Mid_2_R"
        },
        "Ring_0_L": {
            "children": [
                "Ring_1_L"
            ],
            "jointId": "Ring_0_L",
            "matrix": [
                0.8919314742088315,
                0.3665245175361634,
                0.26479837298393233,
                0,
                -0.43115122324207533,
                0.5129066331313912,
                0.7423175893742802,
                0,
                0.13626076816305374,
                -0.7762646428914675,
                0.6155051258625616,
                0,
                14.07816314697265,
                1.8265953063964773,
                7.52877044677734,
                1
            ],
            "name": "Ring_0_L"
        },
        "Ring_0_R": {
            "children": [
                "Ring_1_R"
            ],
            "jointId": "Ring_0_R",
            "matrix": [
                0.8919318914413452,
                0.3665234744548798,
                0.26479861140251143,
                0,
                -0.4311506772856622,
                0.5129069047366898,
                0.742317405859945,
                0,
                0.13625971709770926,
                -0.7762646600013059,
                0.6155048631816437,
                0,
                -14.078193664550781,
                -1.8266105651855469,
                -7.528770446777344,
                1
            ],
            "name": "Ring_0_R"
        },
        "Ring_1_L": {
            "children": [
                "Ring_2_L"
            ],
            "jointId": "Ring_1_L",
            "matrix": [
                0.9314776659011843,
                4.172325134277344e-7,
                -0.36379814147949235,
                0,
                -2.151335207756233e-7,
                1.0000003576278815,
                5.960464556364897e-7,
                0,
                0.3637981695664889,
                -4.7693865232179e-7,
                0.931477737815271,
                0,
                6.075874328613281,
                0.000003814697269177714,
                -0.00000762939453125,
                1
            ],
            "name": "Ring_1_L"
        },
        "Ring_1_R": {
            "children": [
                "Ring_2_R"
            ],
            "jointId": "Ring_1_R",
            "matrix": [
                0.9314776659011843,
                5.960464475873728e-7,
                -0.3637982308864593,
                0,
                -6.078846836454765e-7,
                1.000000238418448,
                8.195637300756342e-8,
                0,
                0.3637983569734137,
                1.4480685708861962e-7,
                0.931477988737466,
                0,
                -6.075874328613281,
                -0.000003814697265625,
                7.105427357601002e-15,
                1
            ],
            "name": "Ring_1_R"
        },
        "Ring_2_L": {
            "children": [],
            "jointId": "Ring_2_L",
            "matrix": [
                1.0000002384185789,
                -2.9802322443206464e-8,
                4.172325135387567e-7,
                0,
                2.980236241123535e-8,
                0.9999997019767771,
                -1.3411045071687333e-7,
                0,
                -4.1723238519697503e-7,
                1.341104952645722e-7,
                0.9999999403954383,
                0,
                3.828063964843736,
                9.536743181826068e-7,
                0.0000019073486292597863,
                1
            ],
            "name": "Ring_2_L"
        },
        "Ring_2_R": {
            "children": [],
            "jointId": "Ring_2_R",
            "matrix": [
                0.9999998807907103,
                0,
                6.258487700860904e-7,
                0,
                -9.325873406851315e-15,
                1,
                1.490116116609208e-8,
                0,
                -6.25848658342143e-7,
                -1.4901156669688831e-8,
                0.9999997019766944,
                0,
                -3.828033447265625,
                0,
                0.000005722045894884786,
                1
            ],
            "name": "Ring_2_R"
        },
        "Thumb_0_L": {
            "children": [
                "Thumb_1_L"
            ],
            "jointId": "Thumb_0_L",
            "matrix": [
                0.887093663215637,
                0.2561096251010895,
                -0.38402181863784773,
                0,
                0.03271940469596935,
                -0.8647515238678692,
                -0.5011330155563374,
                0,
                -0.4604284325056955,
                0.4319869486943814,
                -0.7754953362227494,
                0,
                3.201507568359361,
                2.058868408203118,
                -9.061303138732908,
                1
            ],
            "name": "Thumb_0_L"
        },
        "Thumb_0_R": {
            "children": [
                "Thumb_1_R"
            ],
            "jointId": "Thumb_0_R",
            "matrix": [
                0.8870938420295718,
                0.25610896944999695,
                -0.38402199745178217,
                0,
                0.03271833534100735,
                -0.8647511249797465,
                -0.5011334947576427,
                0,
                -0.4604282955619777,
                0.4319879314884361,
                -0.7754949552811885,
                0,
                -3.201507568359375,
                -2.0588951110839844,
                9.06132698059082,
                1
            ],
            "name": "Thumb_0_R"
        },
        "Thumb_1_L": {
            "children": [
                "Thumb_2_L"
            ],
            "jointId": "Thumb_1_L",
            "matrix": [
                0.971833109855652,
                3.241002559661865e-7,
                -0.23566947877407082,
                0,
                -3.1881368976055535e-7,
                0.9999997615814846,
                6.053596411995099e-8,
                0,
                0.23566945188093683,
                1.6303803944926754e-8,
                0.971832998956129,
                0,
                9.682853698730469,
                0,
                0.000007629394534802714,
                1
            ],
            "name": "Thumb_1_L"
        },
        "Thumb_1_R": {
            "children": [
                "Thumb_2_R"
            ],
            "jointId": "Thumb_1_R",
            "matrix": [
                0.9718335270881653,
                -3.390014171461564e-7,
                -0.23566949367523182,
                0,
                2.5758513461093813e-7,
                1.0000003576279568,
                -3.7625433471806524e-7,
                0,
                0.23566951725801574,
                3.0495154039380384e-7,
                0.971833624336376,
                0,
                -9.682846069335938,
                -0.000003814697265625,
                -0.0000095367431640625,
                1
            ],
            "name": "Thumb_1_R"
        },
        "Thumb_2_L": {
            "children": [],
            "jointId": "Thumb_2_L",
            "matrix": [
                1.0000003576278689,
                4.842877387306599e-8,
                -1.4901161193847656e-8,
                0,
                -4.8428780638487545e-8,
                1.0000004768371586,
                -6.286427397129285e-8,
                0,
                1.4901156364377499e-8,
                6.286425958523106e-8,
                1.000000238418577,
                0,
                6.075862884521484,
                -0.00000762939453125,
                -0.00000762939453125,
                1
            ],
            "name": "Thumb_2_L"
        },
        "Thumb_2_R": {
            "children": [],
            "jointId": "Thumb_2_R",
            "matrix": [
                0.9999997615814205,
                3.874301910192224e-7,
                -5.215406417291568e-7,
                0,
                -3.874302984749334e-7,
                0.9999999403954362,
                -7.310882217149983e-8,
                0,
                5.215406445047144e-7,
                7.310901539540893e-8,
                0.9999998211860455,
                0,
                -6.0758895874023295,
                0.000011444091796875,
                0.000011444091796875,
                1
            ],
            "name": "Thumb_2_R"
        },
        "bicep_L": {
            "children": [
                "elbow_L"
            ],
            "jointId": "bicep_L",
            "matrix": [
                0.6457799077033997,
                0.2830258011817932,
                -0.7091293334960939,
                0,
                -0.6259893974220521,
                -0.3355012811109841,
                -0.703971575556356,
                0,
                -0.43715595090351506,
                0.8985182087446454,
                -0.03948883849159654,
                0,
                18.7818431854248,
                -0.0000152587890625,
                0.000022888183607960855,
                1
            ],
            "name": "bicep_L"
        },
        "bicep_R": {
            "children": [
                "elbow_R"
            ],
            "jointId": "bicep_R",
            "matrix": [
                0.6457799673080443,
                0.28302574157714844,
                -0.7091296911239626,
                0,
                -0.6259899507617906,
                -0.3355007341293612,
                -0.7039715305440339,
                0,
                -0.4371554507582116,
                0.8985184729669572,
                -0.039488369923627975,
                0,
                -18.78184509277344,
                -0.0000038146972585195726,
                -0.000015258789048289145,
                1
            ],
            "name": "bicep_R"
        },
        "clavicle_L": {
            "children": [
                "bicep_L"
            ],
            "jointId": "clavicle_L",
            "matrix": [
                -0.05276310443878185,
                0.9986054301261902,
                0.0017514303326606785,
                0,
                -0.29127471701746904,
                -0.017067580822329127,
                0.956487130939,
                0,
                0.9551829680849202,
                0.04995707425461115,
                0.2917690014891868,
                0,
                8.416801452636733,
                2.703606843948364,
                4.9426116943359375,
                1
            ],
            "name": "clavicle_L"
        },
        "clavicle_R": {
            "children": [
                "bicep_R"
            ],
            "jointId": "clavicle_R",
            "matrix": [
                0.024648165330290874,
                0.9978901743888853,
                -0.06006204709410668,
                0,
                -0.0014830074546212657,
                -0.06004373772486964,
                -0.998194570828089,
                0,
                -0.9996947652333961,
                0.024692733845609514,
                -8.940696677450788e-8,
                0,
                8.416786193847656,
                -2.703600645065307,
                4.942604064941399,
                1
            ],
            "name": "clavicle_R"
        },
        "elbow_L": {
            "children": [
                "wrist_L"
            ],
            "jointId": "elbow_L",
            "matrix": [
                0.6591955423355105,
                3.2782554626464844e-7,
                -0.7519720792770387,
                0,
                -6.810248132094188e-8,
                1.000000238418577,
                3.7625435855836997e-7,
                0,
                0.7519720201854789,
                -1.968139692332116e-7,
                0.6591954905344415,
                0,
                31.87822723388671,
                0.00002288818359375,
                -0.000014305114745205572,
                1
            ],
            "name": "elbow_L"
        },
        "elbow_R": {
            "children": [
                "wrist_R"
            ],
            "jointId": "elbow_R",
            "matrix": [
                0.6591954231262209,
                -2.682209014892578e-7,
                -0.751971662044525,
                0,
                -3.240388565806107e-7,
                0.9999998211860242,
                -6.407499232863323e-7,
                0,
                0.7519717885444686,
                6.660476855879782e-7,
                0.6591955340187041,
                0,
                -31.878204345703125,
                -0.00002288818359375,
                0.0000152587890625,
                1
            ],
            "name": "elbow_R"
        },
        "head": {
            "children": [],
            "jointId": "head",
            "matrix": [
                0.9998830556869507,
                -1.4222951705278353e-9,
                -0.015281982719898224,
                0,
                -5.831059713865051e-9,
                0.9999997615814208,
                -4.7458976815719e-7,
                0,
                0.015281982712938944,
                4.74623490679457e-7,
                0.9998830552315697,
                0,
                17.0751781463623,
                3.3881317890172014e-21,
                0.000030517578125,
                1
            ],
            "name": "head"
        },
        "head_wave4_0_B_L": {
            "children": [],
            "jointId": "head_wave4_0_B_L",
            "matrix": [
                -1.672734127940911e-7,
                1.0000001192092889,
                -1.4402056081053153e-7,
                0,
                -1.000000238418578,
                -1.6727349711683345e-7,
                -4.4703483587094084e-7,
                0,
                -4.4703485985175817e-7,
                1.4402050320208466e-7,
                1.0000002384186073,
                0,
                -13.199905395507805,
                29.165531158447266,
                6.644569396972656,
                1
            ],
            "name": "head_wave4_0_B_L"
        },
        "head_wave5_0_B_R": {
            "children": [],
            "jointId": "head_wave5_0_B_R",
            "matrix": [
                -1.672734127940911e-7,
                1.0000001192092889,
                -1.4402056081053153e-7,
                0,
                -1.000000238418578,
                -1.6727349711683345e-7,
                -4.4703483587094084e-7,
                0,
                -4.4703485985175817e-7,
                1.4402050320208466e-7,
                1.0000002384186073,
                0,
                -13.199909210205064,
                -29.16554260253906,
                6.644554138183594,
                1
            ],
            "name": "head_wave5_0_B_R"
        },
        "head_wave6_0_C_L": {
            "children": [],
            "jointId": "head_wave6_0_C_L",
            "matrix": [
                -1.672734127940911e-7,
                1.0000001192092889,
                -1.4402056081053153e-7,
                0,
                -1.000000238418578,
                -1.6727349711683345e-7,
                -4.4703483587094084e-7,
                0,
                -4.4703485985175817e-7,
                1.4402050320208466e-7,
                1.0000002384186073,
                0,
                -28.229228973388672,
                24.09761238098145,
                11.64776611328125,
                1
            ],
            "name": "head_wave6_0_C_L"
        },
        "head_wave7_0_C_R": {
            "children": [],
            "jointId": "head_wave7_0_C_R",
            "matrix": [
                -1.672734127940911e-7,
                1.0000001192092889,
                -1.4402056081053153e-7,
                0,
                -1.000000238418578,
                -1.6727349711683345e-7,
                -4.4703483587094084e-7,
                0,
                -4.4703485985175817e-7,
                1.4402050320208466e-7,
                1.0000002384186073,
                0,
                -28.22924041748047,
                -24.097608566284173,
                11.64776611328125,
                1
            ],
            "name": "head_wave7_0_C_R"
        },
        "head_wave8_0_D_L": {
            "children": [],
            "jointId": "head_wave8_0_D_L",
            "matrix": [
                -1.672734127940911e-7,
                1.0000001192092889,
                -1.4402056081053153e-7,
                0,
                -1.000000238418578,
                -1.6727349711683345e-7,
                -4.4703483587094084e-7,
                0,
                -4.4703485985175817e-7,
                1.4402050320208466e-7,
                1.0000002384186073,
                0,
                -34.65390777587889,
                11.792446136474611,
                4.5699920654296875,
                1
            ],
            "name": "head_wave8_0_D_L"
        },
        "head_wave9_0_D_R": {
            "children": [],
            "jointId": "head_wave9_0_D_R",
            "matrix": [
                -1.672734127940911e-7,
                1.0000001192092889,
                -1.4402056081053153e-7,
                0,
                -1.000000238418578,
                -1.6727349711683345e-7,
                -4.4703483587094084e-7,
                0,
                -4.4703485985175817e-7,
                1.4402050320208466e-7,
                1.0000002384186073,
                0,
                -34.65391540527342,
                -11.792449951171873,
                4.569969177246094,
                1
            ],
            "name": "head_wave9_0_D_R"
        },
        "morphling_model_LOD0": {
            "children": [],
            "instanceSkin": {
                "skeletons": [
                    "root"
                ],
                "skin": "skin_0",
                "sources": [
                    "morphling_model_LOD0-mesh"
                ]
            },
            "matrix": [
                1,
                0,
                0,
                0,
                0,
                1,
                0,
                0,
                0,
                0,
                1,
                0,
                0,
                0,
                0,
                1
            ],
            "name": "morphling_model_LOD0"
        },
        "neck1": {
            "children": [
                "head_wave9_0_D_R",
                "head_wave7_0_C_R",
                "head_wave4_0_B_L",
                "neck2",
                "head_wave5_0_B_R",
                "head_wave8_0_D_L",
                "head_wave6_0_C_L"
            ],
            "jointId": "neck1",
            "matrix": [
                0.7780792117118835,
                -5.079670017952927e-11,
                -0.6281659603118899,
                0,
                1.8045716716409062e-8,
                0.999999940395355,
                2.2271503431006554e-8,
                0,
                0.6281658550077011,
                -2.8664695707185297e-8,
                0.7780790812766082,
                0,
                25.527130126953125,
                0.0000035576522350311313,
                0.000034332275390625,
                1
            ],
            "name": "neck1"
        },
        "neck2": {
            "children": [
                "head"
            ],
            "jointId": "neck2",
            "matrix": [
                0.8226150274276728,
                -3.6952645388055283e-9,
                -0.5685994625091552,
                0,
                5.620613600526488e-9,
                1.000000238418579,
                1.6326708914489656e-9,
                0,
                0.5685993403301013,
                -4.53893542490001e-9,
                0.8226148506664687,
                0,
                19.540985107421875,
                3.3881317890172014e-21,
                -0.00003814697265625,
                1
            ],
            "name": "neck2"
        },
        "root": {
            "children": [
                "spine1"
            ],
            "jointId": "root",
            "matrix": [
                -1.629206851037603e-7,
                -1.0000000000000002,
                0,
                0,
                1.0000000000000002,
                -1.629206851037603e-7,
                0,
                0,
                0,
                0,
                1,
                0,
                0,
                -21.791175842285156,
                5.0873212814331055,
                1
            ],
            "name": "root"
        },
        "spine1": {
            "children": [
                "spine2"
            ],
            "jointId": "spine1",
            "matrix": [
                -0.4936794340610505,
                0.08738154917955394,
                0.8652427792549131,
                0,
                -3.0397475493892287e-7,
                0.994939147939064,
                -0.10047986095561759,
                0,
                -0.869643913440717,
                -0.049605098996238044,
                -0.4911809203314314,
                0,
                -5.026870727539059,
                2.674361944198608,
                18.094593048095703,
                1
            ],
            "name": "spine1"
        },
        "spine2": {
            "children": [
                "spine3"
            ],
            "jointId": "spine2",
            "matrix": [
                0.9474377632141119,
                -0.24716866016387956,
                -0.20314875245094305,
                0,
                0.2246762405729639,
                0.9660498984425564,
                -0.12754449102487533,
                0,
                0.22777687861280968,
                0.07519778448917695,
                0.9708052762615663,
                0,
                37.51947402954102,
                0.000003576278687411616,
                -0.0000171661376953125,
                1
            ],
            "name": "spine2"
        },
        "spine3": {
            "children": [
                "spine4"
            ],
            "jointId": "spine3",
            "matrix": [
                0.951776683330536,
                0.08231774717569354,
                -0.29554185271263134,
                0,
                -0.07875529313116726,
                0.9966063390686891,
                0.023959168209344774,
                0,
                0.29651114678201895,
                0.0004717075863314978,
                0.9550296283585988,
                0,
                27.83028411865235,
                0.0000019073486328125,
                -0.000007629394529473643,
                1
            ],
            "name": "spine3"
        },
        "spine4": {
            "children": [
                "clavicle_R",
                "neck1",
                "clavicle_L"
            ],
            "jointId": "spine4",
            "matrix": [
                0.9244511127471926,
                0.07232343405485152,
                -0.3743789196014402,
                0,
                -0.07817513743797523,
                0.9969395449729241,
                -0.0004460757468816444,
                0,
                0.3732008200223792,
                0.029679493306257805,
                0.9272755971258859,
                0,
                21.661666870117188,
                0.00000667572021484375,
                -9.536743181826068e-7,
                1
            ],
            "name": "spine4"
        },
        "wrist_L": {
            "children": [
                "Index_0_L",
                "Ring_0_L",
                "Mid_0_L",
                "Thumb_0_L"
            ],
            "jointId": "wrist_L",
            "matrix": [
                0.5174641609191895,
                0.7013432979583742,
                0.4902530014514922,
                0,
                -0.7398500299203695,
                0.6545590333118425,
                -0.1554803661923806,
                0,
                -0.4299448595655666,
                -0.2822583224071361,
                0.8576001319013523,
                0,
                28.775014877319332,
                -0.0000152587890625,
                0.000015258789058947286,
                1
            ],
            "name": "wrist_L"
        },
        "wrist_R": {
            "children": [
                "Thumb_0_R",
                "Index_0_R",
                "Ring_0_R",
                "Mid_0_R"
            ],
            "jointId": "wrist_R",
            "matrix": [
                0.590884327888489,
                0.7786705493927002,
                0.21101607382297513,
                0,
                -0.7713895211447492,
                0.6219076201296165,
                -0.13486730645870879,
                0,
                -0.23624979053237397,
                -0.08308464087768029,
                0.968134123385408,
                0,
                -28.77499771118162,
                0.00000762939453125,
                -0.000030517578125,
                1
            ],
            "name": "wrist_R"
        }
    },
    "samplers": {
        "sampler_0": {
            "magFilter": 9729,
            "minFilter": 9987,
            "wrapS": 10497,
            "wrapT": 10497
        }
    },
    "scene": "scene_0",
    "scenes": {
        "scene_0": {
            "nodes": [
                "root",
                "morphling_model_LOD0"
            ]
        }
    },
    "shaders": {},
    "skins": {
        "skin_0": {
            "bindShapeMatrix": [
                1,
                0,
                0,
                0,
                0,
                1,
                0,
                0,
                0,
                0,
                1,
                0,
                0,
                0,
                0,
                1
            ],
            "inverseBindMatrices": {
                "bufferView": "bufferView_8",
                "byteOffset": 0,
                "count": 46,
                "type": 5126
            },
            "joints": [
                "neck2",
                "head",
                "neck1",
                "spine4",
                "clavicle_L",
                "clavicle_R",
                "Mid_2_L",
                "Mid_1_L",
                "Thumb_0_L",
