{
    "accessors": [
        {
            "bufferView": 0,
            "byteOffset": 0,
            "componentType": 5126,
            "count": 1415,
            "max": [
                69.78433990478516,
                44.58487319946289,
                149.01197814941406
            ],
            "min": [
                -71.06009674072266,
                -50.4985466003418,
                -1.5566602945327759
            ],
            "type": "VEC3"
        },
        {
            "bufferView": 0,
            "byteOffset": 16980,
            "componentType": 5126,
            "count": 1415,
            "max": [
                0.9996495842933655,
                0.9994722604751587,
                0.9960228204727173
            ],
            "min": [
                -0.9999393820762634,
                -0.9996004700660706,
                -0.999625027179718
            ],
            "type": "VEC3"
        },
        {
            "bufferView": 0,
            "byteOffset": 33960,
            "componentType": 5126,
            "count": 1415,
            "max": [
                0.9774550199508667,
                0.9900000095367432
            ],
            "min": [
                0.029999999329447746,
                0.009999990463256836
            ],
            "type": "VEC2"
        },
        {
            "bufferView": 0,
            "byteOffset": 45280,
            "componentType": 5123,
            "count": 1415,
            "max": [
                43,
                44,
                45,
                0
            ],
            "min": [
                0,
                0,
                0,
                0
            ],
            "type": "VEC4"
        },
        {
            "bufferView": 0,
            "byteOffset": 56600,
            "componentType": 5126,
            "count": 1415,
            "max": [
                1,
                0.9998847842216492,
                0.9959759712219238,
                0
            ],
            "min": [
                0.00011521164560690522,
                0,
                0,
                0
            ],
            "type": "VEC4"
        },
        {
            "bufferView": 2,
            "byteOffset": 0,
            "componentType": 5123,
            "count": 7422,
            "max": [
                1414
            ],
            "min": [
                0
            ],
            "type": "SCALAR"
        },
        {
            "bufferView": 1,
            "byteOffset": 0,
            "componentType": 5126,
            "count": 46,
            "max": [
                0.9999999999999989,
                1.0000001192092267,
                0.9960137491640992,
                0,
                0.4936794339980656,
                0.996338669595181,
                0.9999997615813082,
                0,
                1.0000001192090364,
                0.7786708138663161,
                1,
                0,
                79.45906801969537,
                96.04560574808242,
                100.52872129478459,
                1
            ],
            "min": [
                -0.6238127995860802,
                -1.00000023841848,
                -0.49115889718441075,
                0,
                -0.9999999999999732,
                -0.9963388618907166,
                -0.9999997615813339,
                0,
                -0.9999999999996314,
                -0.7013441565010418,
                -0.924844388306186,
                0,
                -92.07577885930321,
                -102.49642792262213,
                -137.8671137860906,
                1
            ],
            "type": "MAT4"
        }
    ],
    "asset": {
        "generator": "ClayGL - fbx2gltf",
        "version": "2.0"
    },
    "bufferViews": [
        {
            "buffer": 0,
            "byteLength": 79240,
            "byteOffset": 0,
            "target": 34962
        },
        {
            "buffer": 0,
            "byteLength": 2944,
            "byteOffset": 79240,
            "target": 34962
        },
        {
            "buffer": 0,
            "byteLength": 14844,
            "byteOffset": 82184,
            "target": 34963
        }
    ],
    "buffers": [
        {
            "byteLength": 97028,
            "uri": "morphling.bin"
        }
    ],
    "images": [
        {
            "uri": "textures/morphling_color.png"
        }
    ],
    "materials": [
        {
            "emissiveFactor": [
                0,
                0,
                0
            ],
            "name": "Material #35",
            "pbrMetallicRoughness": {
                "baseColorFactor": [
                    1,
                    1,
                    1,
                    1
                ],
                "baseColorTexture": {
                    "index": 0,
                    "texCoord": 0
                },
                "metallicFactor": 0,
                "roughnessFactor": 0.9230769230769231
            }
        }
    ],
    "meshes": [
        {
            "name": "morphling_model_LOD0",
            "primitives": [
                {
                    "attributes": {
                        "JOINTS_0": 3,
                        "NORMAL": 1,
                        "POSITION": 0,
                        "TEXCOORD_0": 2,
                        "WEIGHTS_0": 4
                    },
                    "indices": 5,
                    "material": 0
                }
            ]
        }
    ],
    "nodes": [
        {
            "children": [
                1
            ],
            "matrix": [
                1.6292068478213574e-7,
                1.469367938527879e-39,
                1.0000000000000002,
                0,
                1.0000000000000002,
                6.123233995736847e-17,
                -1.6292068478213574e-7,
                0,
                -6.123233995736685e-17,
                1,
                9.976014756666736e-24,
                0,
                0,
                5.0873212814331055,
                21.791175842285156,
                1
            ],
            "name": "root"
        },
        {
            "children": [
                2
            ],
            "matrix": [
                -0.4936794340610505,
                0.08738154917955396,
                0.8652427792549131,
                0,
                -3.0397475494177377e-7,
                0.994939147939064,
                -0.10047986095561759,
                0,
                -0.869643913440717,
                -0.04960509899623804,
                -0.4911809203314314,
                0,
                -5.0268707275390625,
                2.674361944198608,
                18.094593048095703,
                1
            ],
            "name": "spine1"
        },
        {
            "children": [
                3
            ],
            "matrix": [
                0.9474377632141121,
                -0.2471686601638796,
                -0.20314875245094316,
                0,
                0.2246762405729639,
                0.9660498984425563,
                -0.1275444910248754,
                0,
                0.22777687861280949,
                0.07519778448917697,
                0.9708052762615667,
                0,
                37.519474029541016,
                0.0000035762786869120156,
                -0.000017166137702417927,
                1
            ],
            "name": "spine2"
        },
        {
            "children": [
                4
            ],
            "matrix": [
                0.9517766833305361,
                0.08231774717569344,
                -0.2955418527126313,
                0,
                -0.07875529313116715,
                0.9966063390686886,
                0.023959168209344753,
                0,
                0.29651114678201873,
                0.0004717075863314848,
                0.9550296283585984,
                0,
                27.83028411865233,
                0.0000019073486310361432,
                -0.000007629394529473643,
                1
            ],
            "name": "spine3"
        },
        {
            "children": [
                5,
                21,
                30
            ],
            "matrix": [
                0.9244511127471922,
                0.07232343405485153,
                -0.3743789196014404,
                0,
                -0.07817513743797523,
                0.9969395449729238,
                -0.000446075746881645,
                0,
                0.3732008200223791,
                0.029679493306257805,
                0.9272755971258861,
                0,
                21.6616668701172,
                0.00000667572021484375,
                -9.536743181826068e-7,
                1
            ],
            "name": "spine4"
        },
        {
            "children": [
                6
            ],
            "matrix": [
                0.024648165330290867,
                0.9978901743888854,
                -0.060062047094106674,
                0,
                -0.0014830074546214322,
                -0.060043737724869664,
                -0.9981945708280887,
                0,
                -0.9996947652333958,
                0.024692733845609518,
                -8.940696677450788e-8,
                0,
                8.416786193847642,
                -2.7036006450653076,
                4.942604064941406,
                1
            ],
            "name": "clavicle_R"
        },
        {
            "children": [
                7
            ],
            "matrix": [
                0.6457799673080443,
                0.28302574157714855,
                -0.7091296911239627,
                0,
                -0.6259899507617908,
                -0.33550073412936127,
                -0.7039715305440339,
                0,
                -0.4371554507582117,
                0.8985184729669576,
                -0.03948836992362814,
                0,
                -18.78184509277344,
                -0.000003814697272730427,
                -0.0000152587890625,
                1
            ],
            "name": "bicep_R"
        },
        {
            "children": [
                8
            ],
            "matrix": [
                0.6591954231262204,
                -2.68220901607219e-7,
                -0.7519716620445249,
                0,
                -3.240388565736718e-7,
                0.999999821186024,
                -6.407499232169434e-7,
                0,
                0.7519717885444686,
                6.660476854769559e-7,
                0.6591955340187042,
                0,
                -31.87820434570313,
                -0.00002288818359375,
                0.000015258789055394573,
                1
            ],
            "name": "elbow_R"
        },
        {
            "children": [
                9,
                12,
                15,
                18
            ],
            "matrix": [
                0.5908843278884889,
                0.7786705493926999,
                0.21101607382297513,
                0,
                -0.7713895211447495,
                0.6219076201296164,
                -0.1348673064587089,
                0,
                -0.2362497905323739,
                -0.08308464087768028,
                0.9681341233854079,
                0,
                -28.774997711181637,
                0.00000762939453125,
                -0.000030517578125,
                1
            ],
            "name": "wrist_R"
        },
        {
            "children": [
                10
            ],
            "matrix": [
                0.8870938420295715,
                0.25610896944999684,
                -0.3840219974517823,
                0,
                0.03271833534100736,
                -0.8647511249797465,
                -0.5011334947576427,
                0,
                -0.4604282955619776,
                0.43198793148843595,
                -0.7754949552811887,
                0,
                -3.201507568359389,
                -2.0588951110839773,
                9.06132698059082,
                1
            ],
            "name": "Thumb_0_R"
        },
        {
            "children": [
                11
            ],
            "matrix": [
                0.9718335270881652,
                -3.390014171461564e-7,
                -0.23566949367523182,
                0,
                2.5758513461093813e-7,
                1.0000003576279564,
                -3.762543347440861e-7,
                0,
                0.23566951725801577,
                3.0495154035303784e-7,
                0.9718336243363761,
                0,
                -9.682846069335938,
                -0.000003814697265625,
                -0.000009536743167615214,
                1
            ],
            "name": "Thumb_1_R"
        },
        {
            "matrix": [
                0.9999997615814206,
                3.8743019105391685e-7,
                -5.215406417291568e-7,
                0,
                -3.874302984402389e-7,
                0.9999999403954363,
                -7.310882205180391e-8,
                0,
                5.2154064453247e-7,
                7.310901539714365e-8,
                0.9999998211860457,
                0,
                -6.075889587402344,
                0.000011444091803980427,
                0.000011444091796875,
                1
            ],
            "name": "Thumb_2_R"
        },
        {
            "children": [
                13
            ],
            "matrix": [
                0.9880896806716917,
                -0.14948897063732142,
                -0.03649891167879103,
                0,
                0.04755273730084242,
                0.0710493626014116,
                0.9963385553784252,
                0,
                -0.14634842075916762,
                -0.9862076037661546,
                0.07731176238356845,
                0,
                -16.18669509887696,
                4.9957656860351705,
                6.050230026245117,
                1
            ],
            "name": "Index_0_R"
        },
        {
            "children": [
                14
            ],
            "matrix": [
                0.9791551828384395,
                7.45058058304604e-9,
                -0.20311281085014335,
                0,
                1.3602799476403193e-7,
                0.9999998211860656,
                6.924383290085601e-7,
                0,
                0.20311284641247787,
                -7.056338567484888e-7,
                0.9791553542753798,
                0,
                -6.075874328613281,
                0.000012397766115057607,
                -0.00000762939453125,
                1
            ],
            "name": "Index_1_R"
        },
        {
            "matrix": [
                0.9999997019767763,
                2.2724270819229897e-7,
                5.103647708871138e-7,
                0,
                -2.2724316331435013e-7,
                0.9999997615814262,
                8.651986718316573e-7,
                0,
                -5.103645438621178e-7,
                -8.651986846130999e-7,
                0.9999996423721437,
                0,
                -5.814434051513672,
                0.00000286102294921875,
                -0.00000762939453125,
                1
            ],
            "name": "Index_2_R"
        },
        {
            "children": [
                16
            ],
            "matrix": [
                0.8919318914413453,
                0.36652347445487976,
                0.2647986114025113,
                0,
                -0.4311506772856622,
                0.5129069047366895,
                0.7423174058599452,
                0,
                0.1362597170977092,
                -0.7762646600013052,
                0.6155048631816437,
                0,
                -14.078193664550781,
                -1.8266105651855398,
                -7.52877044677734,
                1
            ],
            "name": "Ring_0_R"
        },
        {
            "children": [
                17
            ],
            "matrix": [
                0.9314776659011839,
                5.960464477573757e-7,
                -0.36379823088645924,
                0,
                -6.078846837009877e-7,
                1.0000002384184477,
                8.195637307695236e-8,
                0,
                0.36379835697341356,
                1.4480685717188635e-7,
                0.9314779887374658,
                0,
                -6.075874328613281,
                -0.000003814697265625,
                0,
                1
            ],
            "name": "Ring_1_R"
        },
        {
            "matrix": [
                0.9999998807907102,
                5.898059818321144e-17,
                6.258487702335419e-7,
                0,
                -9.270362255620057e-15,
                1.0000000000000004,
                1.4901161138336505e-8,
                0,
                -6.258486582224471e-7,
                -1.4901156697444407e-8,
                0.9999997019766949,
                0,
                -3.828033447265625,
                3.552713678800501e-15,
                0.0000057220458984375,
                1
            ],
            "name": "Ring_2_R"
        },
        {
            "children": [
                19
            ],
            "matrix": [
                0.9979404211044312,
                0.03439070656895637,
                0.05414894223213195,
                0,
                -0.060466468752448696,
                0.22250310682538987,
                0.9730549122478936,
                0,
                0.021415742802655482,
                -0.9743252388594541,
                0.22412437808242297,
                0,
                -15.500900268554695,
                1.786582946777358,
                -2.3391284942626918,
                1
            ],
            "name": "Mid_0_R"
        },
        {
            "children": [
                20
            ],
            "matrix": [
                0.9950402975082399,
                -2.980232237728697e-8,
                -0.09947316348552701,
                0,
                -1.2271513215311725e-8,
                0.9999998211860687,
                -4.2235479150165567e-7,
                0,
                0.09947315249718264,
                4.2148075246606354e-7,
                0.9950401875905728,
                0,
                -6.813686370849609,
                0.000004768371583807607,
                -0.000007629394545460855,
                1
            ],
            "name": "Mid_1_R"
        },
        {
            "matrix": [
                0.9999998211860657,
                -1.734723475976807e-17,
                -4.470348358848186e-8,
                0,
                -4.3021142204224816e-16,
                0.9999998807907107,
                -9.778886977951373e-9,
                0,
                4.470350225584119e-8,
                9.778890586176203e-9,
                1.0000002384185782,
                0,
                -6.075862884521499,
                0.000004768371583807607,
                0.000003814697265625,
                1
            ],
            "name": "Mid_2_R"
        },
        {
            "children": [
                22,
                23,
                24,
                25,
                27,
                28,
                29
            ],
            "matrix": [
                0.7780792117118835,
                -5.079670017948956e-11,
                -0.6281659603118901,
                0,
                1.8045716716409075e-8,
                0.9999999403953551,
                2.227150343100644e-8,
                0,
                0.6281658550077011,
                -2.8664695707185258e-8,
                0.7780790812766081,
                0,
                25.52713012695311,
                0.0000035576522350311262,
                0.00003433227538351957,
                1
            ],
            "name": "neck1"
        },
        {
            "matrix": [
                -1.6727341279409122e-7,
                1.0000001192092893,
                -1.4402056081053158e-7,
                0,
                -1.0000002384185782,
                -1.6727349711683331e-7,
                -4.470348358154297e-7,
                0,
                -4.4703485985175817e-7,
                1.4402050320208468e-7,
                1.0000002384186075,
                0,
                -34.65391540527344,
                -11.792449951171877,
                4.569969177246108,
                1
            ],
            "name": "head_wave9_0_D_R"
        },
        {
            "matrix": [
                -1.6727341279409122e-7,
                1.0000001192092893,
                -1.4402056081053158e-7,
                0,
                -1.0000002384185782,
                -1.6727349711683331e-7,
                -4.470348358154297e-7,
                0,
                -4.4703485985175817e-7,
                1.4402050320208468e-7,
                1.0000002384186075,
                0,
                -28.22924041748047,
                -24.097608566284183,
                11.64776611328125,
                1
            ],
            "name": "head_wave7_0_C_R"
        },
        {
            "matrix": [
                -1.6727341279409122e-7,
                1.0000001192092893,
                -1.4402056081053158e-7,
                0,
                -1.0000002384185782,
                -1.6727349711683331e-7,
                -4.470348358154297e-7,
                0,
                -4.4703485985175817e-7,
                1.4402050320208468e-7,
                1.0000002384186075,
                0,
                -13.19990539550782,
                29.165531158447262,
                6.644569396972656,
                1
            ],
            "name": "head_wave4_0_B_L"
        },
        {
            "children": [
                26
            ],
            "matrix": [
                0.8226150274276732,
                -3.6952645388055316e-9,
                -0.5685994625091554,
                0,
                5.620613600526501e-9,
                1.000000238418579,
                1.6326708914489656e-9,
                0,
                0.5685993403301014,
                -4.538935424899941e-9,
                0.822614850666469,
                0,
                19.540985107421875,
                0,
                -0.00003814697265625,
                1
            ],
            "name": "neck2"
        },
        {
            "matrix": [
                0.999883055686951,
                -1.4222951705278849e-9,
                -0.015281982719898224,
                0,
                -5.831059713864939e-9,
                0.9999997615814209,
                -4.7458976815719007e-7,
                0,
                0.015281982712938944,
                4.7462349067945707e-7,
                0.9998830552315697,
                0,
                17.075178146362298,
                0,
                0.00003051757818184342,
                1
            ],
            "name": "head"
        },
        {
            "matrix": [
                -1.6727341279409122e-7,
                1.0000001192092893,
                -1.4402056081053158e-7,
                0,
                -1.0000002384185782,
                -1.6727349711683331e-7,
                -4.470348358154297e-7,
                0,
                -4.4703485985175817e-7,
                1.4402050320208468e-7,
                1.0000002384186075,
                0,
                -13.199909210205085,
                -29.165542602539062,
                6.644554138183594,
                1
            ],
            "name": "head_wave5_0_B_R"
        },
        {
            "matrix": [
                -1.6727341279409122e-7,
                1.0000001192092893,
                -1.4402056081053158e-7,
                0,
                -1.0000002384185782,
                -1.6727349711683331e-7,
                -4.470348358154297e-7,
                0,
                -4.4703485985175817e-7,
                1.4402050320208468e-7,
                1.0000002384186075,
                0,
                -34.653907775878906,
                11.792446136474611,
                4.569992065429702,
                1
            ],
            "name": "head_wave8_0_D_L"
        },
        {
            "matrix": [
                -1.6727341279409122e-7,
                1.0000001192092893,
                -1.4402056081053158e-7,
                0,
                -1.0000002384185782,
                -1.6727349711683331e-7,
                -4.470348358154297e-7,
                0,
                -4.4703485985175817e-7,
                1.4402050320208468e-7,
                1.0000002384186075,
                0,
                -28.229228973388686,
                24.097612380981445,
                11.64776611328125,
                1
            ],
            "name": "head_wave6_0_C_L"
        },
        {
            "children": [
                31
            ],
            "matrix": [
                -0.05276310443878185,
                0.9986054301261902,
                0.001751430332660675,
                0,
                -0.2912747170174689,
                -0.017067580822329117,
                0.9564871309389997,
                0,
                0.9551829680849202,
                0.04995707425461115,
                0.29176900148918683,
                0,
                8.416801452636705,
                2.7036068439483643,
                4.9426116943359375,
                1
            ],
            "name": "clavicle_L"
        },
        {
            "children": [
                32
            ],
            "matrix": [
                0.6457799077033998,
                0.2830258011817933,
                -0.709129333496094,
                0,
                -0.625989397422052,
                -0.3355012811109842,
                -0.703971575556356,
                0,
                -0.4371559509035151,
                0.8985182087446457,
                -0.0394888384915965,
                0,
                18.781843185424805,
                -0.0000152587890625,
                0.000022888183607960855,
                1
            ],
            "name": "bicep_L"
        },
        {
            "children": [
                33
            ],
            "matrix": [
                0.6591955423355103,
                3.2782554625077065e-7,
                -0.7519720792770388,
                0,
                -6.810248101563054e-8,
                1.000000238418577,
                3.7625435855836997e-7,
                0,
                0.7519720201854792,
                -1.9681396926096717e-7,
                0.6591954905344417,
                0,
                31.87822723388671,
                0.00002288818359375,
                -0.000014305114744317393,
                1
            ],
            "name": "elbow_L"
        },
        {
            "children": [
                34,
                37,
                40,
                43
            ],
            "matrix": [
                0.5174641609191892,
                0.7013432979583745,
                0.4902530014514925,
                0,
                -0.7398500299203696,
                0.6545590333118425,
                -0.15548036619238065,
                0,
                -0.42994485956556683,
                -0.2822583224071364,
                0.8576001319013525,
                0,
                28.77501487731933,
                -0.0000152587890625,
                0.000015258789066052714,
                1
            ],
            "name": "wrist_L"
        },
        {
            "children": [
                35
            ],
            "matrix": [
                0.9880896210670466,
                -0.14948806166648868,
                -0.036499805748462684,
                0,
                0.04755361665689233,
                0.07104961613169372,
                0.9963386083700757,
                0,
                -0.14634746485297523,
                -0.9862077696840509,
                0.07731210459713579,
                0,
                16.18667984008789,
                -4.995773315429702,
                -6.050217628479004,
                1
            ],
            "name": "Index_0_L"
        },
        {
            "children": [
                36
            ],
            "matrix": [
                0.9791556000709534,
                -2.2351741804649272e-8,
                -0.20311227440834043,
                0,
                2.8236882596011093e-8,
                0.9999997615814209,
                2.6077031908822157e-8,
                0,
                0.20311224824121463,
                -3.126873268644026e-8,
                0.9791554739255137,
                0,
                6.075855255126953,
                0.000001668930052822759,
                -0.000007629394517039145,
                1
            ],
            "name": "Index_1_L"
        },
        {
            "matrix": [
                0.9999997019767763,
                4.842877390776046e-8,
                3.725290321880681e-9,
                0,
                -4.842879404443057e-8,
                1.0000001192092913,
                -8.381903157661519e-9,
                0,
                -3.725291577820478e-9,
                8.381901478449194e-9,
                0.999999940395356,
                0,
                5.814430236816406,
                2.3841857821338408e-7,
                0.00000762939453125,
                1
            ],
            "name": "Index_2_L"
        },
        {
            "children": [
                38
            ],
            "matrix": [
                0.8919314742088316,
                0.36652451753616333,
                0.2647983729839324,
                0,
                -0.43115122324207533,
                0.5129066331313912,
                0.7423175893742804,
                0,
                0.13626076816305369,
                -0.7762646428914677,
                0.6155051258625618,
                0,
                14.078163146972656,
                1.8265953063964844,
                7.52877044677734,
                1
            ],
            "name": "Ring_0_L"
        },
        {
            "children": [
                39
            ],
            "matrix": [
                0.9314776659011842,
                4.172325134832455e-7,
                -0.3637981414794921,
                0,
                -2.1513352099766792e-7,
                1.000000357627881,
                5.960464555254674e-7,
                0,
                0.3637981695664888,
                -4.769386525715902e-7,
                0.9314777378152705,
                0,
                6.075874328613281,
                0.000003814697269177714,
                -0.00000762939453125,
                1
            ],
            "name": "Ring_1_L"
        },
        {
            "matrix": [
                1.0000002384185793,
                -2.980232230095914e-8,
                4.172325133999788e-7,
                0,
                2.9802362237763e-8,
                0.9999997019767775,
                -1.3411045068911776e-7,
                0,
                -4.17232385052993e-7,
                1.3411049520906104e-7,
                0.9999999403954386,
                0,
                3.82806396484375,
                9.536743217353205e-7,
                0.0000019073486328125,
                1
            ],
            "name": "Ring_2_L"
        },
        {
            "children": [
                41
            ],
            "matrix": [
                0.9979405999183654,
                0.03439145535230639,
                0.05414817109704017,
                0,
                -0.060465927347411755,
                0.2225044719397452,
                0.9730550475078232,
                0,
                0.021416568549783247,
                -0.974325236522018,
                0.22412575268626575,
                0,
                15.500885009765625,
                -1.7865943908691335,
                2.339134216308592,
                1
            ],
            "name": "Mid_0_L"
        },
        {
            "children": [
                42
            ],
            "matrix": [
                0.9950401186943056,
                4.0978193283081055e-8,
                -0.09947342425584793,
                0,
                6.323327004370549e-8,
                0.9999999403953564,
                0.000001044478282946626,
                0,
                0.0994734257303453,
                -0.000001045587902315237,
                0.9950401334433829,
                0,
                6.813667297363274,
                7.152557408574012e-7,
                -0.000011444091803980427,
                1
            ],
            "name": "Mid_1_L"
        },
        {
            "matrix": [
                0.9999999403953551,
                7.078051567771526e-8,
                -6.705522540007003e-8,
                0,
                -7.078050620265564e-8,
                0.9999998211860631,
                1.5366822481155396e-8,
                0,
                6.705523046459522e-8,
                -1.536682048275395e-8,
                0.999999999999999,
                0,
                6.075862884521484,
                -0.000001430511474609375,
                0.00002288818359375,
                1
            ],
            "name": "Mid_2_L"
        },
        {
            "children": [
                44
            ],
            "matrix": [
                0.8870936632156369,
                0.25610962510108953,
                -0.38402181863784773,
                0,
                0.032719404695969345,
                -0.8647515238678696,
                -0.5011330155563374,
                0,
                -0.46042843250569554,
                0.43198694869438165,
                -0.7754953362227496,
                0,
                3.201507568359389,
                2.058868408203125,
                -9.06130313873291,
                1
            ],
            "name": "Thumb_0_L"
        },
        {
            "children": [
                45
            ],
            "matrix": [
                0.9718331098556519,
                3.241002559800643e-7,
                -0.2356694787740708,
                0,
                -3.1881368978137203e-7,
                0.9999997615814844,
                6.053596418587048e-8,
                0,
                0.23566945188093663,
                1.630380391803854e-8,
                0.9718329989561285,
                0,
                9.682853698730469,
                0,
                0.000007629394533914535,
                1
            ],
            "name": "Thumb_1_L"
        },
        {
            "matrix": [
                1.0000003576278687,
                4.8428773866127095e-8,
                -1.490116116609208e-8,
                0,
                -4.842878055522082e-8,
                1.0000004768371586,
                -6.286427384205595e-8,
                0,
                1.490115641988865e-8,
                6.286425946466778e-8,
                1.0000002384185769,
                0,
                6.075862884521499,
                -0.000007629394524144573,
                -0.000007629394533026357,
                1
            ],
            "name": "Thumb_2_L"
        },
        {
            "matrix": [
                1,
                0,
                0,
                0,
                0,
                6.123233995736766e-17,
                -1,
                0,
                0,
                1,
                6.123233995736766e-17,
                0,
                0,
                0,
                0,
                1
            ],
            "mesh": 0,
            "name": "morphling_model_LOD0",
            "skin": 0
        }
    ],
    "samplers": [
        {
            "magFilter": 9729,
            "minFilter": 9987,
            "wrapS": 10497,
            "wrapT": 10497
        }
    ],
    "scene": 0,
    "scenes": [
        {
            "nodes": [
                0,
                46
            ]
        }
    ],
    "skins": [
        {
            "inverseBindMatrices": 6,
            "joints": [
                25,
                26,
                21,
                4,
                30,
                5,
                42,
                41,
                43,
                44,
                33,
                45,
                34,
                40,
                35,
                36,
                32,
                31,
                37,
                38,
                39,
                29,
                24,
                28,
                3,
                2,
                1,
                0,
                6,
                22,
                23,
                7,
                8,
                9,
                10,
                11,
                15,
                16,
                18,
                17,
                19,
                20,
                12,
                13,
                14,
                27
            ]
        }
    ],
    "textures": [
        {
            "format": 6408,
            "internalFormat": 6408,
            "sampler": 0,
            "source": 0,
            "target": 3553
        }
    ]
}