{
    "animations": {},
    "asset": {},
    "attributes": {
        "attribute_1": {
            "bufferView": "bufferView_7",
            "byteOffset": 0,
            "byteStride": 12,
            "count": 1246,
            "max": [
                1,
                1,
                1
            ],
            "min": [
                0,
                0,
                0
            ],
            "type": "FLOAT_VEC3"
        },
        "attribute_2": {
            "bufferView": "bufferView_7",
            "byteOffset": 14952,
            "byteStride": 12,
            "count": 1246,
            "max": [
                1,
                1,
                1
            ],
            "min": [
                0,
                0,
                0
            ],
            "type": "FLOAT_VEC3"
        },
        "attribute_3": {
            "bufferView": "bufferView_7",
            "byteOffset": 29904,
            "byteStride": 8,
            "count": 1246,
            "max": [
                1,
                1,
                1
            ],
            "min": [
                0,
                0,
                0
            ],
            "type": "FLOAT_VEC2"
        },
        "attribute_4": {
            "bufferView": "bufferView_7",
            "byteOffset": 39872,
            "byteStride": 16,
            "count": 1246,
            "max": [
                1,
                1,
                1
            ],
            "min": [
                0,
                0,
                0
            ],
            "type": "FLOAT_VEC4"
        },
        "attribute_5": {
            "bufferView": "bufferView_7",
            "byteOffset": 59808,
            "byteStride": 12,
            "count": 1246,
            "max": [
                1,
                1,
                1
            ],
            "min": [
                0,
                0,
                0
            ],
            "type": "FLOAT_VEC3"
        }
    },
    "bufferViews": {
        "bufferView_7": {
            "buffer": "morphling.bin",
            "byteLength": 74760,
            "byteOffset": 0,
            "target": "ARRAY_BUFFER"
        },
        "bufferView_8": {
            "buffer": "morphling.bin",
            "byteLength": 14844,
            "byteOffset": 74760,
            "target": "ELEMENT_ARRAY_BUFFER"
        }
    },
    "buffers": {
        "morphling.bin": {
            "byteLength": 89604,
            "path": "morphling.bin"
        }
    },
    "cameras": {},
    "images": {
        "image_0": {
            "path": "textures/morphling_color.png"
        }
    },
    "indices": {
        "indices_6": {
            "bufferView": "bufferView_8",
            "byteOffset": 0,
            "count": 7422,
            "type": "UNSIGNED_SHORT"
        }
    },
    "lights": {},
    "materials": {
        "Material #35": {
            "instanceTechnique": {
                "technique": "technique_0",
                "values": [
                    {
                        "parameter": "ambient",
                        "value": [
                            0.5879999995231628,
                            0.5879999995231628,
                            0.5879999995231628
                        ]
                    },
                    {
                        "parameter": "emission",
                        "value": [
                            0,
                            0,
                            0
                        ]
                    },
                    {
                        "parameter": "diffuse",
                        "value": "Map #2"
                    },
                    {
                        "parameter": "shininess",
                        "value": 2
                    },
                    {
                        "parameter": "specular",
                        "value": [
                            0.8999999761581421,
                            0.8999999761581421,
                            0.8999999761581421
                        ]
                    }
                ]
            },
            "name": "Material #35"
        }
    },
    "meshes": {
        "morphling_model_LOD0-mesh": {
            "name": "morphling_model_LOD0-mesh",
            "primitives": [
                {
                    "indices": "indices_6",
                    "material": "Material #35",
                    "semantics": {
                        "JOINT": "attribute_4",
                        "NORMAL": "attribute_2",
                        "POSITION": "attribute_1",
                        "TEXCOORD_0": "attribute_3",
                        "WEIGHT": "attribute_5"
                    },
                    "skin": "skin_0"
                }
            ]
        }
    },
    "nodes": {
        "Index_0_L": {
            "children": [
                "Index_1_L"
            ],
            "matrix": [
                0.9880896210670468,
                -0.1494880616664886,
                -0.036499805748462684,
                0,
                0.04755361665689233,
                0.07104961613169367,
                0.9963386083700757,
                0,
                -0.14634746485297523,
                -0.9862077696840507,
                0.07731210459713575,
                0,
                16.186679840087898,
                -4.995773315429673,
                -6.050217628479005,
                1
            ],
            "name": "Index_0_L"
        },
        "Index_0_R": {
            "children": [
                "Index_1_R"
            ],
            "matrix": [
                0.9880896806716919,
                -0.14948897063732142,
                -0.03649891167879103,
                0,
                0.047552737300842425,
                0.07104936260141168,
                0.996338555378425,
                0,
                -0.14634842075916765,
                -0.986207603766155,
                0.07731176238356847,
                0,
                -16.186695098876953,
                4.995765686035156,
                6.050230026245117,
                1
            ],
            "name": "Index_0_R"
        },
        "Index_1_L": {
            "children": [
                "Index_2_L"
            ],
            "matrix": [
                0.9791556000709535,
                -2.2351741776893697e-8,
                -0.2031122744083404,
                0,
                2.82368825890722e-8,
                0.9999997615814206,
                2.6077031882801305e-8,
                0,
                0.2031122482412146,
                -3.126873272720626e-8,
                0.9791554739255136,
                0,
                6.075855255126953,
                0.000001668930052822759,
                -0.000007629394545460855,
                1
            ],
            "name": "Index_1_L"
        },
        "Index_1_R": {
            "children": [
                "Index_2_R"
            ],
            "matrix": [
                0.9791551828384395,
                7.450580589984934e-9,
                -0.20311281085014343,
                0,
                1.3602799475015415e-7,
                0.9999998211860658,
                6.924383290189684e-7,
                0,
                0.20311284641247787,
                -7.056338567411162e-7,
                0.9791553542753801,
                0,
                -6.075874328613281,
                0.00001239776611328125,
                -0.00000762939453125,
                1
            ],
            "name": "Index_1_R"
        },
        "Index_2_L": {
            "children": [],
            "matrix": [
                0.9999997019767759,
                4.842877387306599e-8,
                3.725290298461914e-9,
                0,
                -4.842879405136946e-8,
                1.0000001192092913,
                -8.381903194958074e-9,
                0,
                -3.725291596035074e-9,
                8.38190148625545e-9,
                0.9999999403953553,
                0,
                5.814430236816406,
                2.384185786574733e-7,
                0.00000762939453125,
                1
            ],
            "name": "Index_2_L"
        },
        "Index_2_R": {
            "children": [],
            "matrix": [
                0.9999997019767761,
                2.2724270819229897e-7,
                5.103647708754044e-7,
                0,
                -2.2724316332128902e-7,
                0.9999997615814263,
                8.651986718112743e-7,
                0,
                -5.103645438486737e-7,
                -8.651986846269777e-7,
                0.9999996423721436,
                0,
                -5.814434051513679,
                0.000002861022947442393,
                -0.000007629394517039145,
                1
            ],
            "name": "Index_2_R"
        },
        "Mid_0_L": {
            "children": [
                "Mid_1_L"
            ],
            "matrix": [
                0.9979405999183655,
                0.03439145535230639,
                0.05414817109704019,
                0,
                -0.06046592734741179,
                0.22250447193974515,
                0.9730550475078235,
                0,
                0.021416568549783233,
                -0.9743252365220173,
                0.22412575268626572,
                0,
                15.500885009765625,
                -1.7865943908691406,
                2.33913421630859,
                1
            ],
            "name": "Mid_0_L"
        },
        "Mid_0_R": {
            "children": [
                "Mid_1_R"
            ],
            "matrix": [
                0.9979404211044312,
                0.03439070656895637,
                0.05414894223213196,
                0,
                -0.06046646875244872,
                0.22250310682538993,
                0.973054912247894,
                0,
                0.02141574280265549,
                -0.9743252388594543,
                0.22412437808242297,
                0,
                -15.500900268554695,
                1.7865829467773438,
                -2.3391284942626953,
                1
            ],
            "name": "Mid_0_R"
        },
        "Mid_1_L": {
            "children": [
                "Mid_2_L"
            ],
            "matrix": [
                0.9950401186943056,
                4.0978193283081055e-8,
                -0.09947342425584793,
                0,
                6.323327004370549e-8,
                0.9999999403953566,
                0.0000010444782829431565,
                0,
                0.09947342573034529,
                -0.000001045587902305696,
                0.9950401334433825,
                0,
                6.813667297363274,
                7.152557368605983e-7,
                -0.000011444091796875,
                1
            ],
            "name": "Mid_1_L"
        },
        "Mid_1_R": {
            "children": [
                "Mid_2_R"
            ],
            "matrix": [
                0.9950402975082396,
                -2.9802322359939737e-8,
                -0.09947316348552704,
                0,
                -1.2271513222250618e-8,
                0.9999998211860682,
                -4.2235479151813554e-7,
                0,
                0.09947315249718264,
                4.214807525146358e-7,
                0.9950401875905727,
                0,
                -6.8136863708496165,
                0.000004768371578478536,
                -0.00000762939453125,
                1
            ],
            "name": "Mid_1_R"
        },
        "Mid_2_L": {
            "children": [],
            "matrix": [
                0.9999999403953553,
                7.078051567077637e-8,
                -6.705522535843667e-8,
                0,
                -7.078050620612508e-8,
                0.9999998211860632,
                1.5366822444726203e-8,
                0,
                6.705523046546258e-8,
                -1.5366820461069908e-8,
                0.9999999999999989,
                0,
                6.075862884521484,
                -0.0000014305114763857318,
                0.00002288818359375,
                1
            ],
            "name": "Mid_2_L"
        },
        "Mid_2_R": {
            "children": [],
            "matrix": [
                0.9999998211860657,
                -6.938893903907228e-18,
                -4.4703483539909605e-8,
                0,
                -4.2327252813834093e-16,
                0.9999998807907106,
                -9.778886997900693e-9,
                0,
                4.470350223328978e-8,
                9.778890500307391e-9,
                1.0000002384185782,
                0,
                -6.075862884521484,
                0.000004768371583807607,
                0.000003814697265625,
                1
            ],
            "name": "Mid_2_R"
        },
        "Ring_0_L": {
            "children": [
                "Ring_1_L"
            ],
            "matrix": [
                0.8919314742088313,
                0.36652451753616316,
                0.26479837298393244,
                0,
                -0.43115122324207533,
                0.512906633131391,
                0.7423175893742804,
                0,
                0.13626076816305369,
                -0.7762646428914672,
                0.6155051258625617,
                0,
                14.078163146972656,
                1.8265953063964773,
                7.528770446777342,
                1
            ],
            "name": "Ring_0_L"
        },
        "Ring_0_R": {
            "children": [
                "Ring_1_R"
            ],
            "matrix": [
                0.8919318914413452,
                0.36652347445487987,
                0.26479861140251154,
                0,
                -0.43115067728566203,
                0.5129069047366898,
                0.7423174058599453,
                0,
                0.1362597170977092,
                -0.7762646600013057,
                0.6155048631816438,
                0,
                -14.078193664550781,
                -1.8266105651855398,
                -7.528770446777344,
                1
            ],
            "name": "Ring_0_R"
        },
        "Ring_1_L": {
            "children": [
                "Ring_2_L"
            ],
            "matrix": [
                0.9314776659011843,
                4.172325134277344e-7,
                -0.3637981414794924,
                0,
                -2.151335208866456e-7,
                1.0000003576278815,
                5.96046455615673e-7,
                0,
                0.36379816956648886,
                -4.76938652516079e-7,
                0.9314777378152709,
                0,
                6.0758743286132955,
                0.0000038146972602959295,
                -0.000007629394538355427,
                1
            ],
            "name": "Ring_1_L"
        },
        "Ring_1_R": {
            "children": [
                "Ring_2_R"
            ],
            "matrix": [
                0.9314776659011841,
                5.960464477539062e-7,
                -0.36379823088645946,
                0,
                -6.078846837009877e-7,
                1.0000002384184479,
                8.195637297286895e-8,
                0,
                0.3637983569734137,
                1.4480685697759732e-7,
                0.9314779887374659,
                0,
                -6.075874328613281,
                -0.000003814697269177714,
                7.105427357601002e-15,
                1
            ],
            "name": "Ring_1_R"
        },
        "Ring_2_L": {
            "children": [],
            "matrix": [
                1.0000002384185789,
                -2.9802322443206464e-8,
                4.172325135387567e-7,
                0,
                2.980236230021305e-8,
                0.9999997019767771,
                -1.341104508556512e-7,
                0,
                -4.172323849749304e-7,
                1.3411049484823856e-7,
                0.9999999403954384,
                0,
                3.82806396484375,
                9.536743146298932e-7,
                0.0000019073486257070726,
                1
            ],
            "name": "Ring_2_L"
        },
        "Ring_2_R": {
            "children": [],
            "matrix": [
                0.9999998807907106,
                0,
                6.258487701971127e-7,
                0,
                -9.270362255620057e-15,
                1,
                1.4901161138336505e-8,
                0,
                -6.258486581756095e-7,
                -1.4901156780711133e-8,
                0.9999997019766945,
                0,
                -3.828033447265625,
                3.552713678800501e-15,
                0.0000057220458984375,
                1
            ],
            "name": "Ring_2_R"
        },
        "Thumb_0_L": {
            "children": [
                "Thumb_1_L"
            ],
            "matrix": [
                0.8870936632156371,
                0.2561096251010895,
                -0.38402181863784784,
                0,
                0.03271940469596938,
                -0.8647515238678692,
                -0.5011330155563374,
                0,
                -0.4604284325056956,
                0.43198694869438137,
                -0.7754953362227494,
                0,
                3.201507568359375,
                2.058868408203125,
                -9.06130313873291,
                1
            ],
            "name": "Thumb_0_L"
        },
        "Thumb_0_R": {
            "children": [
                "Thumb_1_R"
            ],
            "matrix": [
                0.8870938420295716,
                0.25610896944999695,
                -0.3840219974517823,
                0,
                0.03271833534100733,
                -0.8647511249797467,
                -0.5011334947576426,
                0,
                -0.46042829556197784,
                0.4319879314884362,
                -0.775494955281189,
                0,
                -3.201507568359375,
                -2.0588951110839773,
                9.06132698059082,
                1
            ],
            "name": "Thumb_0_R"
        },
        "Thumb_1_L": {
            "children": [
                "Thumb_2_L"
            ],
            "matrix": [
                0.9718331098556516,
                3.241002559800643e-7,
                -0.23566947877407068,
                0,
                -3.1881368978137203e-7,
                0.9999997615814847,
                6.053596401239814e-8,
                0,
                0.23566945188093671,
                1.6303803839975983e-8,
                0.9718329989561287,
                0,
                9.682853698730469,
                7.105427357601002e-15,
                0.00000762939453125,
                1
            ],
            "name": "Thumb_1_L"
        },
        "Thumb_1_R": {
            "children": [
                "Thumb_2_R"
            ],
            "matrix": [
                0.9718335270881651,
                -3.3900141717391197e-7,
                -0.2356694936752318,
                0,
                2.575851345207325e-7,
                1.0000003576279564,
                -3.762543346712277e-7,
                0,
                0.23566951725801552,
                3.0495154036171146e-7,
                0.9718336243363754,
                0,
                -9.682846069335923,
                -0.000003814697265625,
                -0.000009536743153404359,
                1
            ],
            "name": "Thumb_1_R"
        },
        "Thumb_2_L": {
            "children": [],
            "matrix": [
                1.0000003576278689,
                4.84287738591882e-8,
                -1.4901161138336505e-8,
                0,
                -4.8428780603793076e-8,
                1.0000004768371586,
                -6.2864273945272e-8,
                0,
                1.4901156447644226e-8,
                6.286425955140396e-8,
                1.0000002384185773,
                0,
                6.075862884521477,
                -0.00000762939453125,
                -0.000007629394529473643,
                1
            ],
            "name": "Thumb_2_L"
        },
        "Thumb_2_R": {
            "children": [],
            "matrix": [
                0.9999997615814208,
                3.874301910816724e-7,
                -5.215406417291568e-7,
                0,
                -3.874302984471778e-7,
                0.9999999403954364,
                -7.31088220431303e-8,
                0,
                5.215406445602255e-7,
                7.310901557928962e-8,
                0.9999998211860459,
                0,
                -6.075889587402344,
                0.000011444091796875,
                0.000011444091793322286,
                1
            ],
            "name": "Thumb_2_R"
        },
        "bicep_L": {
            "children": [
                "elbow_L"
            ],
            "matrix": [
                0.6457799077033997,
                0.2830258011817933,
                -0.7091293334960939,
                0,
                -0.6259893974220521,
                -0.33550128111098415,
                -0.7039715755563559,
                0,
                -0.4371559509035151,
                0.8985182087446456,
                -0.03948883849159654,
                0,
                18.7818431854248,
                -0.0000152587890625,
                0.000022888183607960855,
                1
            ],
            "name": "bicep_L"
        },
        "bicep_R": {
            "children": [
                "elbow_R"
            ],
            "matrix": [
                0.6457799673080444,
                0.28302574157714844,
                -0.7091296911239626,
                0,
                -0.6259899507617906,
                -0.3355007341293612,
                -0.7039715305440338,
                0,
                -0.4371554507582116,
                0.8985184729669573,
                -0.039488369923627975,
                0,
                -18.78184509277344,
                -0.000003814697265625,
                -0.000015258789048289145,
                1
            ],
            "name": "bicep_R"
        },
        "clavicle_L": {
            "children": [
                "bicep_L"
            ],
            "matrix": [
                -0.052763104438781856,
                0.9986054301261902,
                0.0017514303326606646,
                0,
                -0.291274717017469,
                -0.017067580822329124,
                0.9564871309389998,
                0,
                0.9551829680849203,
                0.049957074254611156,
                0.2917690014891869,
                0,
                8.416801452636719,
                2.703606843948364,
                4.942611694335945,
                1
            ],
            "name": "clavicle_L"
        },
        "clavicle_R": {
            "children": [
                "bicep_R"
            ],
            "matrix": [
                0.024648165330290878,
                0.9978901743888853,
                -0.06006204709410668,
                0,
                -0.0014830074546212657,
                -0.06004373772486965,
                -0.9981945708280892,
                0,
                -0.9996947652333962,
                0.024692733845609514,
                -8.940696683001903e-8,
                0,
                8.416786193847642,
                -2.7036006450653076,
                4.942604064941406,
                1
            ],
            "name": "clavicle_R"
        },
        "elbow_L": {
            "children": [
                "wrist_L"
            ],
            "matrix": [
                0.6591955423355103,
                3.278255463201596e-7,
                -0.7519720792770385,
                0,
                -6.810248132094188e-8,
                1.0000002384185773,
                3.7625435856530887e-7,
                0,
                0.7519720201854787,
                -1.968139692332116e-7,
                0.6591954905344415,
                0,
                31.878227233886726,
                0.00002288818359375,
                -0.000014305114746981928,
                1
            ],
            "name": "elbow_L"
        },
        "elbow_R": {
            "children": [
                "wrist_R"
            ],
            "matrix": [
                0.6591954231262207,
                -2.682209016002801e-7,
                -0.7519716620445251,
                0,
                -3.2403885652509956e-7,
                0.9999998211860242,
                -6.40749923369599e-7,
                0,
                0.7519717885444687,
                6.660476854214448e-7,
                0.6591955340187042,
                0,
                -31.878204345703125,
                -0.00002288818359375,
                0.0000152587890625,
                1
            ],
            "name": "elbow_R"
        },
        "head": {
            "children": [],
            "matrix": [
                0.9998830556869508,
                -1.4222951705278353e-9,
                -0.01528198271989821,
                0,
                -5.831059713865038e-9,
                0.9999997615814206,
                -4.7458976815719e-7,
                0,
                0.015281982712938944,
                4.7462349067945717e-7,
                0.9998830552315698,
                0,
                17.075178146362305,
                3.3881317890172014e-21,
                0.00003051757809657829,
                1
            ],
            "name": "head"
        },
        "head_wave4_0_B_L": {
            "children": [],
            "matrix": [
                -1.672734127940911e-7,
                1.0000001192092889,
                -1.440205608105315e-7,
                0,
                -1.000000238418578,
                -1.6727349711683342e-7,
                -4.4703483587094084e-7,
                0,
                -4.470348599072693e-7,
                1.4402050320208463e-7,
                1.0000002384186073,
                0,
                -13.19990539550782,
                29.165531158447266,
                6.644569396972656,
                1
            ],
            "name": "head_wave4_0_B_L"
        },
        "head_wave5_0_B_R": {
            "children": [],
            "matrix": [
                -1.672734127940911e-7,
                1.0000001192092889,
                -1.440205608105315e-7,
                0,
                -1.000000238418578,
                -1.6727349711683342e-7,
                -4.4703483587094084e-7,
                0,
                -4.470348599072693e-7,
                1.4402050320208463e-7,
                1.0000002384186073,
                0,
                -13.199909210205078,
                -29.16554260253906,
                6.6445541381835795,
                1
            ],
            "name": "head_wave5_0_B_R"
        },
        "head_wave6_0_C_L": {
            "children": [],
            "matrix": [
                -1.672734127940911e-7,
                1.0000001192092889,
                -1.440205608105315e-7,
                0,
                -1.000000238418578,
                -1.6727349711683342e-7,
                -4.4703483587094084e-7,
                0,
                -4.470348599072693e-7,
                1.4402050320208463e-7,
                1.0000002384186073,
                0,
                -28.229228973388672,
                24.097612380981445,
                11.64776611328125,
                1
            ],
            "name": "head_wave6_0_C_L"
        },
        "head_wave7_0_C_R": {
            "children": [],
            "matrix": [
                -1.672734127940911e-7,
                1.0000001192092889,
                -1.440205608105315e-7,
                0,
                -1.000000238418578,
                -1.6727349711683342e-7,
                -4.4703483587094084e-7,
                0,
                -4.470348599072693e-7,
                1.4402050320208463e-7,
                1.0000002384186073,
                0,
                -28.22924041748047,
                -24.097608566284173,
                11.64776611328125,
                1
            ],
            "name": "head_wave7_0_C_R"
        },
        "head_wave8_0_D_L": {
            "children": [],
            "matrix": [
                -1.672734127940911e-7,
                1.0000001192092889,
                -1.440205608105315e-7,
                0,
                -1.000000238418578,
                -1.6727349711683342e-7,
                -4.4703483587094084e-7,
                0,
                -4.470348599072693e-7,
                1.4402050320208463e-7,
                1.0000002384186073,
                0,
                -34.653907775878906,
                11.79244613647461,
                4.5699920654296875,
                1
            ],
            "name": "head_wave8_0_D_L"
        },
        "head_wave9_0_D_R": {
            "children": [],
            "matrix": [
                -1.672734127940911e-7,
                1.0000001192092889,
                -1.440205608105315e-7,
                0,
                -1.000000238418578,
                -1.6727349711683342e-7,
                -4.4703483587094084e-7,
                0,
                -4.470348599072693e-7,
                1.4402050320208463e-7,
                1.0000002384186073,
                0,
                -34.65391540527344,
                -11.792449951171873,
                4.569969177246094,
                1
            ],
            "name": "head_wave9_0_D_R"
        },
        "morphling_model_LOD0": {
            "children": [],
            "matrix": [
                1,
                0,
                0,
                0,
                0,
                1,
                0,
                0,
                0,
                0,
                1,
                0,
                0,
                0,
                0,
                1
            ],
            "meshes": [
                "morphling_model_LOD0-mesh"
            ],
            "name": "morphling_model_LOD0"
        },
        "neck1": {
            "children": [
                "head_wave9_0_D_R",
                "head_wave7_0_C_R",
                "head_wave4_0_B_L",
                "neck2",
                "head_wave5_0_B_R",
                "head_wave8_0_D_L",
                "head_wave6_0_C_L"
            ],
            "matrix": [
                0.7780792117118837,
                -5.0796700179555737e-11,
                -0.62816596031189,
                0,
                1.8045716716409062e-8,
                0.999999940395355,
                2.227150343100658e-8,
                0,
                0.6281658550077011,
                -2.866469570718514e-8,
                0.7780790812766081,
                0,
                25.52713012695311,
                0.000003557652235031128,
                0.000034332275390625,
                1
            ],
            "name": "neck1"
        },
        "neck2": {
            "children": [
                "head"
            ],
            "matrix": [
                0.8226150274276728,
                -3.6952645388055316e-9,
                -0.568599462509155,
                0,
                5.620613600526488e-9,
                1.000000238418579,
                1.6326708914489656e-9,
                0,
                0.5685993403301011,
                -4.538935424900116e-9,
                0.8226148506664687,
                0,
                19.54098510742186,
                6.776263578034403e-21,
                -0.00003814697265625,
                1
            ],
            "name": "neck2"
        },
        "root": {
            "children": [
                "spine1"
            ],
            "matrix": [
                -1.629206851037603e-7,
                -1.0000000000000002,
                0,
                0,
                1.0000000000000002,
                -1.629206851037603e-7,
                0,
                0,
                0,
                0,
                1,
                0,
                0,
                -21.791175842285156,
                5.0873212814331055,
                1
            ],
            "name": "root"
        },
        "spine1": {
            "children": [
                "spine2"
            ],
            "matrix": [
                -0.4936794340610505,
                0.08738154917955394,
                0.8652427792549131,
                0,
                -3.0397475493892287e-7,
                0.994939147939064,
                -0.10047986095561759,
                0,
                -0.869643913440717,
                -0.049605098996238044,
                -0.4911809203314314,
                0,
                -5.026870727539059,
                2.674361944198608,
                18.094593048095703,
                1
            ],
            "name": "spine1"
        },
        "spine2": {
            "children": [
                "spine3"
            ],
            "matrix": [
                0.9474377632141119,
                -0.24716866016387956,
                -0.20314875245094305,
                0,
                0.2246762405729639,
                0.9660498984425564,
                -0.12754449102487533,
                0,
                0.22777687861280968,
                0.07519778448917695,
                0.9708052762615663,
                0,
                37.51947402954102,
                0.000003576278687411616,
                -0.0000171661376953125,
                1
            ],
            "name": "spine2"
        },
        "spine3": {
            "children": [
                "spine4"
            ],
            "matrix": [
                0.951776683330536,
                0.08231774717569354,
                -0.29554185271263134,
                0,
                -0.07875529313116726,
                0.9966063390686891,
                0.023959168209344774,
                0,
                0.29651114678201895,
                0.0004717075863314978,
                0.9550296283585988,
                0,
                27.83028411865235,
                0.0000019073486328125,
                -0.000007629394529473643,
                1
            ],
            "name": "spine3"
        },
        "spine4": {
            "children": [
                "clavicle_R",
                "neck1",
                "clavicle_L"
            ],
            "matrix": [
                0.9244511127471927,
                0.07232343405485156,
                -0.37437891960144026,
                0,
                -0.07817513743797526,
                0.9969395449729241,
                -0.0004460757468816408,
                0,
                0.3732008200223792,
                0.029679493306257805,
                0.927275597125886,
                0,
                21.661666870117188,
                0.00000667572021484375,
                -9.536743181826068e-7,
                1
            ],
            "name": "spine4"
        },
        "wrist_L": {
            "children": [
                "Index_0_L",
                "Ring_0_L",
                "Mid_0_L",
                "Thumb_0_L"
            ],
            "matrix": [
                0.5174641609191896,
                0.7013432979583742,
                0.49025300145149253,
                0,
                -0.7398500299203696,
                0.6545590333118428,
                -0.15548036619238076,
                0,
                -0.42994485956556683,
                -0.28225832240713616,
                0.8576001319013526,
                0,
                28.775014877319343,
                -0.000015258789076710855,
                0.000015258789055394573,
                1
            ],
            "name": "wrist_L"
        },
        "wrist_R": {
            "children": [
                "Thumb_0_R",
                "Index_0_R",
                "Ring_0_R",
                "Mid_0_R"
            ],
            "matrix": [
                0.5908843278884891,
                0.7786705493927003,
                0.2110160738229752,
                0,
                -0.7713895211447495,
                0.6219076201296163,
                -0.13486730645870884,
                0,
                -0.23624979053237394,
                -0.08308464087768029,
                0.9681341233854079,
                0,
                -28.77499771118164,
                0.00000762939453125,
                -0.000030517578121447286,
                1
            ],
            "name": "wrist_R"
        }
    },
    "samplers": {
        "sampler_0": {
            "magFilter": "LINEAR",
            "minFilter": "LINEAR_MIPMAP_LINEAR",
            "wrapS": "REPEAT",
            "wrapT": "REPEAT"
        }
    },
    "scene": "scene_0",
    "scenes": {
        "scene_0": {
            "nodes": [
                "morphling_model_LOD0"
            ]
        }
    },
    "shaders": {},
    "skins": {
        "skin_0": {
            "bindShapeMatrix": [],
            "inverseBindMatrices": {},
            "joints": [
                "neck2",
                "head",
                "neck1",
                "spine4",
                "clavicle_L",
                "clavicle_R",
                "Mid_2_L",
                "Mid_1_L",
                "Thumb_0_L",
                "Thumb_1_L",
                "wrist_L",
                "Thumb_2_L",
                "Index_0_L",
                "Mid_0_L",
                "Index_1_L",
                "Index_2_L",
                "elbow_L",
                "bicep_L",
                "Ring_0_L",
                "Ring_1_L",
                "Ring_2_L",
                "head_wave6_0_C_L",
                "head_wave4_0_B_L",
                "head_wave8_0_D_L",
                "spine3",
                "spine2",
                "spine1",
                "root",
                "bicep_R",
                "head_wave9_0_D_R",
                "head_wave7_0_C_R",
                "elbow_R",
                "wrist_R",
                "Thumb_0_R",
                "Thumb_1_R",
                "Thumb_2_R",
                "Ring_0_R",
                "Ring_1_R",
                "Mid_0_R",
                "Ring_2_R",
                "Mid_1_R",
                "Mid_2_R",
                "Index_0_R",
                "Index_1_R",
                "Index_2_R",
                "head_wave5_0_B_R"
            ],
            "roots": [
                "root"
            ]
        }
    },
    "techniques": {
        "technique_0": {
            "parameters": {},
            "pass": "defaultPass",
            "passes": {
                "defaultPass": {
                    "instanceProgram": {
                        "attributes": {},
                        "program": "",
                        "uniforms": {}
                    },
                    "states": {
                        "blendEnable": false,
                        "cullFaceEnable": false,
                        "depthMask": true,
                        "depthTestEnable": true
                    }
                }
            }
        }
    },
    "textures": {
        "Map #2": {
            "format": "RGBA",
            "internalFormat": "RGBA",
            "sampler": "sampler_0",
            "source": "image_0",
            "target": "TEXTURE_2D"
        }
    }
}