{
    "accessors": [
        {
            "bufferView": 0,
            "byteOffset": 0,
            "componentType": 5126,
            "count": 2276,
            "max": [
                54.04845428466797,
                33.19369125366211,
                198.49111938476562
            ],
            "min": [
                -54.04840850830078,
                -13.505904197692871,
                -2.6884052753448486
            ],
            "type": "VEC3"
        },
        {
            "bufferView": 0,
            "byteOffset": 27312,
            "componentType": 5126,
            "count": 2276,
            "max": [
                0.9989899396896362,
                0.9999949932098389,
                0.9994295239448547
            ],
            "min": [
                -0.9989899396896362,
                -0.9999724626541138,
                -0.9999961853027344
            ],
            "type": "VEC3"
        },
        {
            "bufferView": 0,
            "byteOffset": 54624,
            "componentType": 5126,
            "count": 2276,
            "max": [
                1.9954999685287476,
                0.9926000237464905
            ],
            "min": [
                0.007899999618530273,
                0.005299985408782959
            ],
            "type": "VEC2"
        },
        {
            "bufferView": 0,
            "byteOffset": 72832,
            "componentType": 5123,
            "count": 2276,
            "max": [
                52,
                52,
                52,
                0
            ],
            "min": [
                0,
                0,
                0,
                0
            ],
            "type": "VEC4"
        },
        {
            "bufferView": 0,
            "byteOffset": 91040,
            "componentType": 5126,
            "count": 2276,
            "max": [
                1,
                0.9998877644538879,
                0.9960129857063293,
                0
            ],
            "min": [
                0.00010685010784072801,
                0,
                0,
                0
            ],
            "type": "VEC4"
        },
        {
            "bufferView": 2,
            "byteOffset": 0,
            "componentType": 5123,
            "count": 10212,
            "max": [
                2275
            ],
            "min": [
                0
            ],
            "type": "SCALAR"
        },
        {
            "bufferView": 1,
            "byteOffset": 0,
            "componentType": 5126,
            "count": 53,
            "max": [
                0.9015964796142574,
                0.9999999999999732,
                0.9999999999998748,
                0,
                0.7318416507787083,
                0.9999999999999509,
                0.999999999999706,
                0,
                1.0000001192091974,
                0.5952389632854743,
                1,
                0,
                159.12210408043995,
                75.68578061693255,
                147.63226923308386,
                1
            ],
            "min": [
                -0.6402024184251514,
                -1.0000000596046057,
                -0.5291213037938761,
                0,
                -0.9999999999999732,
                -0.9931520676562824,
                -0.9999998807906287,
                0,
                -1.0000000596046013,
                -0.5952390852605473,
                -0.8962112551382164,
                0,
                -165.76941808069668,
                -75.68584019731904,
                -181.28783548604633,
                1
            ],
            "type": "MAT4"
        },
        {
            "bufferView": 0,
            "byteOffset": 127456,
            "componentType": 5126,
            "count": 406,
            "max": [
                -31.49489974975586,
                19.634382247924805,
                115.61370849609375
            ],
            "min": [
                -59.21565246582031,
                -13.930350303649902,
                71.54829406738281
            ],
            "type": "VEC3"
        },
        {
            "bufferView": 0,
            "byteOffset": 132328,
            "componentType": 5126,
            "count": 406,
            "max": [
                0.9951613545417786,
                0.9879132509231567,
                0.9722481966018677
            ],
            "min": [
                -0.9878454208374023,
                -0.9890024662017822,
                -0.996951699256897
            ],
            "type": "VEC3"
        },
        {
            "bufferView": 0,
            "byteOffset": 137200,
            "componentType": 5126,
            "count": 406,
            "max": [
                0.986299991607666,
                0.9800999760627747
            ],
            "min": [
                0.011900000274181366,
                0.031599998474121094
            ],
            "type": "VEC2"
        },
        {
            "bufferView": 0,
            "byteOffset": 140448,
            "componentType": 5123,
            "count": 406,
            "max": [
                2,
                4,
                4,
                0
            ],
            "min": [
                0,
                0,
                0,
                0
            ],
            "type": "VEC4"
        },
        {
            "bufferView": 0,
            "byteOffset": 143696,
            "componentType": 5126,
            "count": 406,
            "max": [
                1,
                0.9994040131568909,
                0.505206286907196,
                0
            ],
            "min": [
                0.0003006660263054073,
                0,
                0,
                0
            ],
            "type": "VEC4"
        },
        {
            "bufferView": 2,
            "byteOffset": 20424,
            "componentType": 5123,
            "count": 1620,
            "max": [
                405
            ],
            "min": [
                0
            ],
            "type": "SCALAR"
        },
        {
            "bufferView": 1,
            "byteOffset": 3392,
            "componentType": 5126,
            "count": 5,
            "max": [
                0.43379100195722664,
                0.7030932413274265,
                0.6624661532397959,
                0,
                0.5217045650598412,
                0.3890381462587475,
                0.9210449855872825,
                0,
                0.9999997615813567,
                0.5952386034833588,
                0.3198917422257161,
                0,
                -79.24355491806195,
                -16.32176802435449,
                44.21682205030324,
                1
            ],
            "min": [
                -0.6402021287115375,
                -0.9999998807906336,
                -0.3095171780588577,
                0,
                -0.018039749471867816,
                -0.5028679393509837,
                -0.9999998807906749,
                0,
                0.7679944442427301,
                6.123231897140794e-17,
                -0.236379490547952,
                0,
                -126.44770075206331,
                -75.68583335916966,
                -2.9157646450447867,
                1
            ],
            "type": "MAT4"
        },
        {
            "bufferView": 0,
            "byteOffset": 150192,
            "componentType": 5126,
            "count": 671,
            "max": [
                31.01079750061035,
                34.30229187011719,
                204.6844024658203
            ],
            "min": [
                -31.010801315307617,
                -3.340517997741699,
                168.543701171875
            ],
            "type": "VEC3"
        },
        {
            "bufferView": 0,
            "byteOffset": 158244,
            "componentType": 5126,
            "count": 671,
            "max": [
                0.9959213733673096,
                0.9994485378265381,
                0.9961201548576355
            ],
            "min": [
                -0.9959213733673096,
                -0.9997734427452087,
                -0.9974021911621094
            ],
            "type": "VEC3"
        },
        {
            "bufferView": 0,
            "byteOffset": 166296,
            "componentType": 5126,
            "count": 671,
            "max": [
                1.992300033569336,
                0.9836000204086304
            ],
            "min": [
                0.01080000028014183,
                0.010200023651123047
            ],
            "type": "VEC2"
        },
        {
            "bufferView": 0,
            "byteOffset": 171664,
            "componentType": 5123,
            "count": 671,
            "max": [
                0,
                1,
                0,
                0
            ],
            "min": [
                0,
                0,
                0,
                0
            ],
            "type": "VEC4"
        },
        {
            "bufferView": 0,
            "byteOffset": 177032,
            "componentType": 5126,
            "count": 671,
            "max": [
                1,
                0.5607805848121643,
                0,
                0
            ],
            "min": [
                0.4392194151878357,
                0,
                0,
                0
            ],
            "type": "VEC4"
        },
        {
            "bufferView": 2,
            "byteOffset": 23664,
            "componentType": 5123,
            "count": 3096,
            "max": [
                670
            ],
            "min": [
                0
            ],
            "type": "SCALAR"
        },
        {
            "bufferView": 1,
            "byteOffset": 3712,
            "componentType": 5126,
            "count": 2,
            "max": [
                0.025775472731660427,
                0.9999999999998714,
                -5.23432540616193e-8,
                0,
                -0.5531304299843636,
                0.014261890941381446,
                -3.796198000554302e-14,
                0,
                6.123233995734616e-17,
                0.02147028729304789,
                0.9999999999998725,
                0,
                159.1221242226974,
                0.5549590987090843,
                -82.94783030707303,
                1
            ],
            "min": [
                4.945167538295888e-7,
                0.9996675719614337,
                -7.688963427636253e-8,
                0,
                -0.9999999999997558,
                4.94516753829646e-7,
                -0.832972601813432,
                0,
                -0.8326958148720109,
                7.688963427638126e-8,
                0.5533142881568393,
                0,
                20.06475857522472,
                -3.547647391248963,
                -181.28784183952357,
                1
            ],
            "type": "MAT4"
        },
        {
            "bufferView": 0,
            "byteOffset": 187768,
            "componentType": 5126,
            "count": 113,
            "max": [
                15.791797637939453,
                35.31730270385742,
                167.09262084960938
            ],
            "min": [
                -12.001302719116211,
                -8.143698692321777,
                129.35630798339844
            ],
            "type": "VEC3"
        },
        {
            "bufferView": 0,
            "byteOffset": 189124,
            "componentType": 5126,
            "count": 113,
            "max": [
                0.9985219836235046,
                0.9991101026535034,
                0.9763396978378296
            ],
            "min": [
                -0.9985219836235046,
                -0.9444274306297302,
                -0.6118059754371643
            ],
            "type": "VEC3"
        },
        {
            "bufferView": 0,
            "byteOffset": 190480,
            "componentType": 5126,
            "count": 113,
            "max": [
                0.9747999906539917,
                0.9797999858856201
            ],
            "min": [
                0.014700000174343586,
                0.02869999408721924
            ],
            "type": "VEC2"
        },
        {
            "bufferView": 0,
            "byteOffset": 191384,
            "componentType": 5123,
            "count": 113,
            "max": [
                0,
                1,
                0,
                0
            ],
            "min": [
                0,
                0,
                0,
                0
            ],
            "type": "VEC4"
        },
        {
            "bufferView": 0,
            "byteOffset": 192288,
            "componentType": 5126,
            "count": 113,
            "max": [
                1,
                0.2566896080970764,
                0,
                0
            ],
            "min": [
                0.7433103919029236,
                0,
                0,
                0
            ],
            "type": "VEC4"
        },
        {
            "bufferView": 2,
            "byteOffset": 29856,
            "componentType": 5123,
            "count": 480,
            "max": [
                112
            ],
            "min": [
                0
            ],
            "type": "SCALAR"
        },
        {
            "bufferView": 1,
            "byteOffset": 3840,
            "componentType": 5126,
            "count": 2,
            "max": [
                2.4709924011502443e-8,
                0.9999999999999952,
                -6.539489718169607e-8,
                0,
                0.38720523798279854,
                7.549788651751732e-8,
                0.9917095154571881,
                0,
                0.9917095154571915,
                8.509928018708952e-17,
                -0.12850012464470825,
                0,
                -117.32041854670177,
                0.5549880855356667,
                38.05901357443852,
                1
            ],
            "min": [
                -2.9233177194674778e-8,
                0.9999999999999942,
                -6.960856372768397e-8,
                0,
                0.1285001246447103,
                6.167751070144504e-8,
                0.9219935414282571,
                0,
                0.9219935414282615,
                -3.290831772383273e-8,
                -0.3872052379827989,
                0,
                -139.47369110249912,
                0.5549846235992649,
                1.0643331319110523,
                1
            ],
            "type": "MAT4"
        },
        {
            "bufferView": 0,
            "byteOffset": 194096,
            "componentType": 5126,
            "count": 588,
            "max": [
                47.59769058227539,
                35.73749542236328,
                170.33779907226562
            ],
            "min": [
                -47.59770202636719,
                -3.1159045696258545,
                145.31658935546875
            ],
            "type": "VEC3"
        },
        {
            "bufferView": 0,
            "byteOffset": 201152,
            "componentType": 5126,
            "count": 588,
            "max": [
                0.9940640926361084,
                0.9965065717697144,
                0.9907253980636597
            ],
            "min": [
                -0.9940640926361084,
                -0.9909498691558838,
                -0.9988182187080383
            ],
            "type": "VEC3"
        },
        {
            "bufferView": 0,
            "byteOffset": 208208,
            "componentType": 5126,
            "count": 588,
            "max": [
                0.9810000061988831,
                0.9908000230789185
            ],
            "min": [
                0.014700000174343586,
                0.01130002737045288
            ],
            "type": "VEC2"
        },
        {
            "bufferView": 0,
            "byteOffset": 212912,
            "componentType": 5123,
            "count": 588,
            "max": [
                2,
                2,
                0,
                0
            ],
            "min": [
                0,
                0,
                0,
                0
            ],
            "type": "VEC4"
        },
        {
            "bufferView": 0,
            "byteOffset": 217616,
            "componentType": 5126,
            "count": 588,
            "max": [
                1,
                0.9998465776443481,
                0,
                0
            ],
            "min": [
                0.00015342349070124328,
                0,
                0,
                0
            ],
            "type": "VEC4"
        },
        {
            "bufferView": 2,
            "byteOffset": 30816,
            "componentType": 5123,
            "count": 2520,
            "max": [
                587
            ],
            "min": [
                0
            ],
            "type": "SCALAR"
        },
        {
            "bufferView": 1,
            "byteOffset": 3968,
            "componentType": 5126,
            "count": 3,
            "max": [
                0.9247566814677866,
                0.9999999999999732,
                3.5486070331722797e-7,
                0,
                0.3754640326867856,
                0.9123746733056625,
                6.123232998135289e-17,
                0,
                0.06206661864888922,
                0.15082275122488994,
                1,
                0,
                10.251139075298111,
                0.5549847781125284,
                -110.39167022705078,
                1
            ],
            "min": [
                1.6292068478213135e-7,
                -0.3805594640922109,
                -1.61046224307169e-7,
                0,
                -0.9999999999999732,
                1.6292068478213135e-7,
                -0.16309454514861083,
                0,
                -0.062067069139954884,
                6.123232998135209e-17,
                0.9866104904669424,
                0,
                -10.251056192919945,
                -54.10002559051117,
                -152.9841922289972,
                1
            ],
            "type": "MAT4"
        }
    ],
    "asset": {
        "generator": "ClayGL - fbx2gltf",
        "version": "2.0"
    },
    "bufferViews": [
        {
            "buffer": 0,
            "byteLength": 227024,
            "byteOffset": 0,
            "target": 34962
        },
        {
            "buffer": 0,
            "byteLength": 4160,
            "byteOffset": 227024,
            "target": 34962
        },
        {
            "buffer": 0,
            "byteLength": 35856,
            "byteOffset": 231184,
            "target": 34963
        }
    ],
    "buffers": [
        {
            "byteLength": 267040,
            "uri": "undying.bin"
        }
    ],
    "images": [
        {
            "uri": "textures/undying_body_color.png"
        },
        {
            "uri": "textures/undying_armlet_color.png"
        },
        {
            "uri": "textures/undying_helmet_color.png"
        },
        {
            "uri": "textures/undying_neck_color.png"
        },
        {
            "uri": "textures/undying_shoulderplates_color.png"
        }
    ],
    "materials": [
        {
            "emissiveFactor": [
                0,
                0,
                0
            ],
            "name": "Material #35",
            "pbrMetallicRoughness": {
                "baseColorFactor": [
                    1,
                    1,
                    1,
                    1
                ],
                "baseColorTexture": {
                    "index": 0,
                    "texCoord": 0
                },
                "metallicFactor": 0,
                "roughnessFactor": 0.9230769230769231
            }
        },
        {
            "emissiveFactor": [
                0,
                0,
                0
            ],
            "name": "Material #46",
            "pbrMetallicRoughness": {
                "baseColorFactor": [
                    1,
                    1,
                    1,
                    1
                ],
                "baseColorTexture": {
                    "index": 1,
                    "texCoord": 0
                },
                "metallicFactor": 0,
                "roughnessFactor": 0.9230769230769231
            }
        },
        {
            "emissiveFactor": [
                0,
                0,
                0
            ],
            "name": "Material #57",
            "pbrMetallicRoughness": {
                "baseColorFactor": [
                    1,
                    1,
                    1,
                    1
                ],
                "baseColorTexture": {
                    "index": 2,
                    "texCoord": 0
                },
                "metallicFactor": 0,
                "roughnessFactor": 0.9230769230769231
            }
        },
        {
            "emissiveFactor": [
                0,
                0,
                0
            ],
            "name": "Material #68",
            "pbrMetallicRoughness": {
                "baseColorFactor": [
                    1,
                    1,
                    1,
                    1
                ],
                "baseColorTexture": {
                    "index": 3,
                    "texCoord": 0
                },
                "metallicFactor": 0,
                "roughnessFactor": 0.9230769230769231
            }
        },
        {
            "emissiveFactor": [
                0,
                0,
                0
            ],
            "name": "Material #79",
            "pbrMetallicRoughness": {
                "baseColorFactor": [
                    1,
                    1,
                    1,
                    1
                ],
                "baseColorTexture": {
                    "index": 4,
                    "texCoord": 0
                },
                "metallicFactor": 0,
                "roughnessFactor": 0.9230769230769231
            }
        }
    ],
    "meshes": [
        {
            "name": "undying_model_LOD0",
            "primitives": [
                {
                    "attributes": {
                        "JOINTS_0": 3,
                        "NORMAL": 1,
                        "POSITION": 0,
                        "TEXCOORD_0": 2,
                        "WEIGHTS_0": 4
                    },
                    "indices": 5,
                    "material": 0
                }
            ]
        },
        {
            "name": "undying_armlet_model_LOD0",
            "primitives": [
                {
                    "attributes": {
                        "JOINTS_0": 10,
                        "NORMAL": 8,
                        "POSITION": 7,
                        "TEXCOORD_0": 9,
                        "WEIGHTS_0": 11
                    },
                    "indices": 12,
                    "material": 1
                }
            ]
        },
        {
            "name": "undying_helmet_model_LOD0",
            "primitives": [
                {
                    "attributes": {
                        "JOINTS_0": 17,
                        "NORMAL": 15,
                        "POSITION": 14,
                        "TEXCOORD_0": 16,
                        "WEIGHTS_0": 18
                    },
                    "indices": 19,
                    "material": 2
                }
            ]
        },
        {
            "name": "undying_neck_model_LOD0",
            "primitives": [
                {
                    "attributes": {
                        "JOINTS_0": 24,
                        "NORMAL": 22,
                        "POSITION": 21,
                        "TEXCOORD_0": 23,
                        "WEIGHTS_0": 25
                    },
                    "indices": 26,
                    "material": 3
                }
            ]
        },
        {
            "name": "undying_shoulders_model_LOD0",
            "primitives": [
                {
                    "attributes": {
                        "JOINTS_0": 31,
                        "NORMAL": 29,
                        "POSITION": 28,
                        "TEXCOORD_0": 30,
                        "WEIGHTS_0": 32
                    },
                    "indices": 33,
                    "material": 4
                }
            ]
        }
    ],
    "nodes": [
        {
            "children": [
                1,
                39
            ],
            "matrix": [
                1.6292068478213574e-7,
                1.469367938527879e-39,
                1.0000000000000002,
                0,
                1.0000000000000002,
                6.123233995736847e-17,
                -1.6292068478213574e-7,
                0,
                -6.123233995736685e-17,
                1,
                9.976014756666736e-24,
                0,
                -0.5549860000610352,
                110.39167022705078,
                -7.500266075134277,
                1
            ],
            "name": "root"
        },
        {
            "children": [
                2
            ],
            "matrix": [
                -0.3872052431106567,
                -9.231692375858488e-8,
                0.9219935536384583,
                0,
                -2.3841857866703087e-7,
                1,
                4.7418976402120536e-17,
                0,
                -0.9219935536384504,
                -2.1982039258028344e-7,
                -0.3872052431106753,
                0,
                -2.8366498947143555,
                1.7881393421514957e-7,
                12.513648986816406,
                1
            ],
            "name": "spine1"
        },
        {
            "children": [
                3,
                19,
                23
            ],
            "matrix": [
                0.9641056656837463,
                3.441141060989138e-8,
                -0.2655188441276549,
                0,
                -3.569257171151123e-8,
                0.9999999999999998,
                5.293955920339377e-23,
                0,
                0.2655188441276547,
                9.47705038478377e-9,
                0.9641056656837464,
                0,
                16.864349365234375,
                0.0000013113021850585938,
                -0.00000762939453125,
                1
            ],
            "name": "spine2"
        },
        {
            "children": [
                4,
                6
            ],
            "matrix": [
                0.42716029286384577,
                0.9015964269638063,
                -0.06824858486652377,
                0,
                -0.02922209883894146,
                -0.06167607749688555,
                -0.9976683257482675,
                0,
                -0.9037036590358319,
                0.42815873512249114,
                9.685754774335642e-7,
                0,
                19.386062622070284,
                -8.951291084289556,
                2.029800415039066,
                1
            ],
            "name": "clavicle_R"
        },
        {
            "children": [
                5
            ],
            "matrix": [
                0.8557908535003663,
                -0.4237697124481203,
                0.296716868877411,
                0,
                -0.2895685759742257,
                -0.8676904442903558,
                -0.4040578877251857,
                0,
                0.4286858780619154,
                0.25986915818823214,
                -0.8652719206762431,
                0,
                -0.5325775146484233,
                -6.511119842529297,
                -3.5585021972655966,
                1
            ],
            "name": "sh_pad1_0_R"
        },
        {
            "matrix": [
                0.9575273394584657,
                -0.28788629174232494,
                -0.01622832380235195,
                0,
                0.2815840586023064,
                0.945713816469445,
                -0.1622847336275909,
                0,
                0.062066869855104366,
                0.15082235818598067,
                0.9866105425230537,
                0,
                -19.309471130371094,
                -0.000003814697265625,
                -0.0000152587890625,
                1
            ],
            "name": "sh_pad1_1_R"
        },
        {
            "children": [
                7
            ],
            "matrix": [
                0.7740712165832521,
                -0.07871013134717936,
                -0.6281863451004028,
                0,
                -0.49151919679058237,
                0.5506709494994181,
                -0.6746632566967782,
                0,
                0.3990268319569068,
                0.831003112503523,
                0.38757101778177494,
                0,
                -16.187042236328125,
                -0.000010490417476916036,
                -0.0000152587890625,
                1
            ],
            "name": "bicep_R"
        },
        {
            "children": [
                8,
                18
            ],
            "matrix": [
                0.8919900059700014,
                -5.06639480674087e-7,
                -0.45205509662628174,
                0,
                3.6786467942639955e-7,
                0.9999999999999682,
                -3.948807663634035e-7,
                0,
                0.45205512066066633,
                1.8593460371363335e-7,
                0.8919900533941687,
                0,
                -40.19293212890625,
                0.00000762939453125,
                0.000003814697265625,
                1
            ],
            "name": "elbow_R"
        },
        {
            "children": [
                9,
                12,
                15
            ],
            "matrix": [
                0.835513234138489,
                0.44675227999687217,
                0.3198915123939514,
                0,
                -0.1724606116138231,
                0.7659782593919704,
                -0.6193018656789367,
                0,
                -0.5217042923490164,
                0.4622660664136526,
                0.7170319078253561,
                0,
                -36.06999588012695,
                -1.4210854715202004e-14,
                0.000007629394529029554,
                1
            ],
            "name": "wrist_R"
        },
        {
            "children": [
                10
            ],
            "matrix": [
                0.7679947614669802,
                0.6402018666267394,
                0.018039999529719367,
                0,
                0.5952384621757009,
                -0.7030934983515772,
                -0.3890382982124536,
                0,
                -0.23637920405950455,
                0.30951743174692925,
                -0.9210447646127643,
                0,
                -6.085197448730483,
                -7.915256500244141,
                3.127552747726441,
                1
            ],
            "name": "Thumb_0_R"
        },
        {
            "children": [
                11
            ],
            "matrix": [
                0.9253504276275636,
                -5.960464505294638e-8,
                -0.37911316752433777,
                0,
                -1.5536547316990362e-7,
                1.0000002384185687,
                -5.364418421138772e-7,
                0,
                0.3791131219277713,
                5.552975854139497e-7,
                0.9253503163340527,
                0,
                -6.818656921386733,
                -0.000013351440433240214,
                -0.000013351440433240214,
                1
            ],
            "name": "Thumb_1_R"
        },
        {
            "matrix": [
                0.9999998807907104,
                -5.662441253106998e-7,
                7.078051567077637e-8,
                0,
                5.662442063014694e-7,
                0.9999999999999034,
                -1.862645149230957e-7,
                0,
                -7.078040181740519e-8,
                1.862645107042482e-7,
                0.9999997615814105,
                0,
                -6.324806213378892,
                0.0000038146972585195726,
                0.0000209808349609375,
                1
            ],
            "name": "Thumb_2_R"
        },
        {
            "children": [
                13
            ],
            "matrix": [
                0.8156004548072814,
                0.22029240429401387,
                0.5350399017333985,
                0,
                -0.31490647940689204,
                -0.6067521068735141,
                0.7298535062422802,
                0,
                0.48541755808717474,
                -0.7637560479450992,
                -0.4254956019427079,
                0,
                -15.728477478027344,
                -0.5405616760253977,
                -4.760513305664063,
                1
            ],
            "name": "Mid_0_R"
        },
        {
            "children": [
                14
            ],
            "matrix": [
                0.9439964294433594,
                5.960464477539063e-8,
                -0.3299562036991118,
                0,
                -3.9647964472644404e-7,
                0.9999997615813869,
                -9.536742602844761e-7,
                0,
                0.32995618423135753,
                0.0000010310861998097387,
                0.9439963737467876,
                0,
                -8.359596252441392,
                -7.105427357601002e-15,
                -0.000007629394528807509,
                1
            ],
            "name": "Mid_1_R"
        },
        {
            "matrix": [
                0.9999998211860653,
                -7.450580585821598e-8,
                1.192092894952701e-7,
                0,
                7.45058024165246e-8,
                0.9999999403953528,
                1.0430812841244474e-7,
                0,
                -1.192093044000142e-7,
                -1.0430811331341161e-7,
                0.9999998807906987,
                0,
                -5.578998565673828,
                -0.000015258789069605427,
                -0.0000019073486257070726,
                1
            ],
            "name": "Mid_2_R"
        },
        {
            "children": [
                16
            ],
            "matrix": [
                0.8239901661872864,
                0.32534942030906666,
                0.46388354897499073,
                0,
                -0.058221878582258,
                -0.7657565964626589,
                0.6404898833386291,
                0,
                0.5636048840221206,
                -0.5547655214728173,
                -0.6120334335159221,
                0,
                -15.542411804199219,
                -3.6797065734863352,
                2.3739244937896724,
                1
            ],
            "name": "Index_0_R"
        },
        {
            "children": [
                17
            ],
            "matrix": [
                0.9568508863449103,
                -4.842877388000488e-8,
                -0.2905788719654085,
                0,
                -8.853791505503139e-8,
                0.9999998211860665,
                -4.582106979955647e-7,
                0,
                0.2905789025940936,
                4.641666918603349e-7,
                0.9568509872024213,
                0,
                -7.243782043457017,
                0.000003814697265625,
                0.000009536743165838857,
                1
            ],
            "name": "Index_1_R"
        },
        {
            "matrix": [
                1.000000238418579,
                -7.45058065243498e-9,
                5.960464466436832e-8,
                0,
                7.450577710343964e-9,
                0.9999998807907109,
                3.725290353973065e-9,
                0,
                -5.960463062004706e-8,
                -3.725290298461914e-9,
                0.9999999999999999,
                0,
                -5.5088348388671875,
                -0.00000762939453125,
                -0.0000095367431640625,
                1
            ],
            "name": "Index_2_R"
        },
        {
            "matrix": [
                1.0000001192092896,
                2.980232238769531e-7,
                -5.066394805908203e-7,
                0,
                -2.6829409144335514e-7,
                0.9983341097831817,
                0.057699069380759915,
                0,
                5.229910751691769e-7,
                -0.05769906938061842,
                0.9983341097831651,
                0,
                -17.68323516845703,
                -0.0000152587890625,
                0.000019073486329901357,
                1
            ],
            "name": "elbowHelper_R"
        },
        {
            "children": [
                20
            ],
            "matrix": [
                0.9876152276992797,
                3.5527136903810295e-15,
                -0.1568956077098847,
                0,
                7.57518121890658e-8,
                0.9999999999999999,
                4.7683710135970603e-7,
                0,
                0.15689560770988464,
                -4.828167090433591e-7,
                0.9876152276992796,
                0,
                28.20544433593747,
                0,
                -0.000015258789058947286,
                1
            ],
            "name": "neck1"
        },
        {
            "children": [
                21
            ],
            "matrix": [
                0.02868528664111771,
                1.2310381691803285e-7,
                -0.9995884299278258,
                0,
                -1.7618091948501835e-9,
                0.9999999999999997,
                1.2310394481572433e-7,
                0,
                0.9995884299278259,
                -1.7701878567786945e-9,
                0.02868528664111749,
                0,
                14.86822509765625,
                0.000002086162567249694,
                -0.0000057220458984375,
                1
            ],
            "name": "head"
        },
        {
            "children": [
                22
            ],
            "matrix": [
                0.5531308054924013,
                0.025775428861379634,
                -0.8326955437660217,
                0,
                -0.01426194503189716,
                0.9996680020794848,
                0.02147021256815949,
                0,
                0.83297229664449,
                2.2101572329807793e-8,
                0.5533146435270982,
                0,
                1.0921382904052734,
                -3.5762786876336605e-7,
                -2.8151245117187784,
                1
            ],
            "name": "jaw_01"
        },
        {
            "matrix": [
                1.0000000000000002,
                -1.8626451440267866e-9,
                -2.9802322443206464e-8,
                0,
                1.8626475899868877e-9,
                0.9999997615814211,
                9.68575477548056e-8,
                0,
                2.9802318501914726e-8,
                -9.685755936184037e-8,
                0.9999998807907111,
                0,
                12.525711059570256,
                0.0000011920928955078125,
                0.00002288818359375,
