{
    "animations": {},
    "asset": {},
    "attributes": {
        "attribute_1": {
            "bufferView": "bufferView_31",
            "byteOffset": 0,
            "byteStride": 12,
            "count": 1780,
            "max": [
                1,
                1,
                1
            ],
            "min": [
                0,
                0,
                0
            ],
            "type": "FLOAT_VEC3"
        },
        "attribute_10": {
            "bufferView": "bufferView_31",
            "byteOffset": 115888,
            "byteStride": 16,
            "count": 284,
            "max": [
                1,
                1,
                1
            ],
            "min": [
                0,
                0,
                0
            ],
            "type": "FLOAT_VEC4"
        },
        "attribute_11": {
            "bufferView": "bufferView_31",
            "byteOffset": 120432,
            "byteStride": 12,
            "count": 284,
            "max": [
                1,
                1,
                1
            ],
            "min": [
                0,
                0,
                0
            ],
            "type": "FLOAT_VEC3"
        },
        "attribute_13": {
            "bufferView": "bufferView_31",
            "byteOffset": 123840,
            "byteStride": 12,
            "count": 522,
            "max": [
                1,
                1,
                1
            ],
            "min": [
                0,
                0,
                0
            ],
            "type": "FLOAT_VEC3"
        },
        "attribute_14": {
            "bufferView": "bufferView_31",
            "byteOffset": 130104,
            "byteStride": 12,
            "count": 522,
            "max": [
                1,
                1,
                1
            ],
            "min": [
                0,
                0,
                0
            ],
            "type": "FLOAT_VEC3"
        },
        "attribute_15": {
            "bufferView": "bufferView_31",
            "byteOffset": 136368,
            "byteStride": 8,
            "count": 522,
            "max": [
                1,
                1,
                1
            ],
            "min": [
                0,
                0,
                0
            ],
            "type": "FLOAT_VEC2"
        },
        "attribute_16": {
            "bufferView": "bufferView_31",
            "byteOffset": 140544,
            "byteStride": 16,
            "count": 522,
            "max": [
                1,
                1,
                1
            ],
            "min": [
                0,
                0,
                0
            ],
            "type": "FLOAT_VEC4"
        },
        "attribute_17": {
            "bufferView": "bufferView_31",
            "byteOffset": 148896,
            "byteStride": 12,
            "count": 522,
            "max": [
                1,
                1,
                1
            ],
            "min": [
                0,
                0,
                0
            ],
            "type": "FLOAT_VEC3"
        },
        "attribute_19": {
            "bufferView": "bufferView_31",
            "byteOffset": 155160,
            "byteStride": 12,
            "count": 113,
            "max": [
                1,
                1,
                1
            ],
            "min": [
                0,
                0,
                0
            ],
            "type": "FLOAT_VEC3"
        },
        "attribute_2": {
            "bufferView": "bufferView_31",
            "byteOffset": 21360,
            "byteStride": 12,
            "count": 1780,
            "max": [
                1,
                1,
                1
            ],
            "min": [
                0,
                0,
                0
            ],
            "type": "FLOAT_VEC3"
        },
        "attribute_20": {
            "bufferView": "bufferView_31",
            "byteOffset": 156516,
            "byteStride": 12,
            "count": 113,
            "max": [
                1,
                1,
                1
            ],
            "min": [
                0,
                0,
                0
            ],
            "type": "FLOAT_VEC3"
        },
        "attribute_21": {
            "bufferView": "bufferView_31",
            "byteOffset": 157872,
            "byteStride": 8,
            "count": 113,
            "max": [
                1,
                1,
                1
            ],
            "min": [
                0,
                0,
                0
            ],
            "type": "FLOAT_VEC2"
        },
        "attribute_22": {
            "bufferView": "bufferView_31",
            "byteOffset": 158776,
            "byteStride": 16,
            "count": 113,
            "max": [
                1,
                1,
                1
            ],
            "min": [
                0,
                0,
                0
            ],
            "type": "FLOAT_VEC4"
        },
        "attribute_23": {
            "bufferView": "bufferView_31",
            "byteOffset": 160584,
            "byteStride": 12,
            "count": 113,
            "max": [
                1,
                1,
                1
            ],
            "min": [
                0,
                0,
                0
            ],
            "type": "FLOAT_VEC3"
        },
        "attribute_25": {
            "bufferView": "bufferView_31",
            "byteOffset": 161940,
            "byteStride": 12,
            "count": 432,
            "max": [
                1,
                1,
                1
            ],
            "min": [
                0,
                0,
                0
            ],
            "type": "FLOAT_VEC3"
        },
        "attribute_26": {
            "bufferView": "bufferView_31",
            "byteOffset": 167124,
            "byteStride": 12,
            "count": 432,
            "max": [
                1,
                1,
                1
            ],
            "min": [
                0,
                0,
                0
            ],
            "type": "FLOAT_VEC3"
        },
        "attribute_27": {
            "bufferView": "bufferView_31",
            "byteOffset": 172308,
            "byteStride": 8,
            "count": 432,
            "max": [
                1,
                1,
                1
            ],
            "min": [
                0,
                0,
                0
            ],
            "type": "FLOAT_VEC2"
        },
        "attribute_28": {
            "bufferView": "bufferView_31",
            "byteOffset": 175764,
            "byteStride": 16,
            "count": 432,
            "max": [
                1,
                1,
                1
            ],
            "min": [
                0,
                0,
                0
            ],
            "type": "FLOAT_VEC4"
        },
        "attribute_29": {
            "bufferView": "bufferView_31",
            "byteOffset": 182676,
            "byteStride": 12,
            "count": 432,
            "max": [
                1,
                1,
                1
            ],
            "min": [
                0,
                0,
                0
            ],
            "type": "FLOAT_VEC3"
        },
        "attribute_3": {
            "bufferView": "bufferView_31",
            "byteOffset": 42720,
            "byteStride": 8,
            "count": 1780,
            "max": [
                1,
                1,
                1
            ],
            "min": [
                0,
                0,
                0
            ],
            "type": "FLOAT_VEC2"
        },
        "attribute_4": {
            "bufferView": "bufferView_31",
            "byteOffset": 56960,
            "byteStride": 16,
            "count": 1780,
            "max": [
                1,
                1,
                1
            ],
            "min": [
                0,
                0,
                0
            ],
            "type": "FLOAT_VEC4"
        },
        "attribute_5": {
            "bufferView": "bufferView_31",
            "byteOffset": 85440,
            "byteStride": 12,
            "count": 1780,
            "max": [
                1,
                1,
                1
            ],
            "min": [
                0,
                0,
                0
            ],
            "type": "FLOAT_VEC3"
        },
        "attribute_7": {
            "bufferView": "bufferView_31",
            "byteOffset": 106800,
            "byteStride": 12,
            "count": 284,
            "max": [
                1,
                1,
                1
            ],
            "min": [
                0,
                0,
                0
            ],
            "type": "FLOAT_VEC3"
        },
        "attribute_8": {
            "bufferView": "bufferView_31",
            "byteOffset": 110208,
            "byteStride": 12,
            "count": 284,
            "max": [
                1,
                1,
                1
            ],
            "min": [
                0,
                0,
                0
            ],
            "type": "FLOAT_VEC3"
        },
        "attribute_9": {
            "bufferView": "bufferView_31",
            "byteOffset": 113616,
            "byteStride": 8,
            "count": 284,
            "max": [
                1,
                1,
                1
            ],
            "min": [
                0,
                0,
                0
            ],
            "type": "FLOAT_VEC2"
        }
    },
    "bufferViews": {
        "bufferView_31": {
            "buffer": "undying.bin",
            "byteLength": 187860,
            "byteOffset": 0,
            "target": "ARRAY_BUFFER"
        },
        "bufferView_32": {
            "buffer": "undying.bin",
            "byteLength": 35856,
            "byteOffset": 187860,
            "target": "ELEMENT_ARRAY_BUFFER"
        }
    },
    "buffers": {
        "undying.bin": {
            "byteLength": 223716,
            "path": "undying.bin"
        }
    },
    "cameras": {},
    "images": {
        "image_0": {
            "path": "textures/undying_body_color.png"
        },
        "image_1": {
            "path": "textures/undying_armlet_color.png"
        },
        "image_2": {
            "path": "textures/undying_helmet_color.png"
        },
        "image_3": {
            "path": "textures/undying_neck_color.png"
        },
        "image_4": {
            "path": "textures/undying_shoulderplates_color.png"
        }
    },
    "indices": {
        "indices_12": {
            "bufferView": "bufferView_32",
            "byteOffset": 20424,
            "count": 1620,
            "type": "UNSIGNED_SHORT"
        },
        "indices_18": {
            "bufferView": "bufferView_32",
            "byteOffset": 23664,
            "count": 3096,
            "type": "UNSIGNED_SHORT"
        },
        "indices_24": {
            "bufferView": "bufferView_32",
            "byteOffset": 29856,
            "count": 480,
            "type": "UNSIGNED_SHORT"
        },
        "indices_30": {
            "bufferView": "bufferView_32",
            "byteOffset": 30816,
            "count": 2520,
            "type": "UNSIGNED_SHORT"
        },
        "indices_6": {
            "bufferView": "bufferView_32",
            "byteOffset": 0,
            "count": 10212,
            "type": "UNSIGNED_SHORT"
        }
    },
    "lights": {},
    "materials": {
        "Material #35": {
            "instanceTechnique": {
                "technique": "technique_0",
                "values": [
                    {
                        "parameter": "ambient",
                        "value": [
                            0.5879999995231628,
                            0.5879999995231628,
                            0.5879999995231628
                        ]
                    },
                    {
                        "parameter": "emission",
                        "value": [
                            0,
                            0,
                            0
                        ]
                    },
                    {
                        "parameter": "diffuse",
                        "value": "Map #6"
                    },
                    {
                        "parameter": "shininess",
                        "value": 2
                    },
                    {
                        "parameter": "specular",
                        "value": [
                            0.8999999761581421,
                            0.8999999761581421,
                            0.8999999761581421
                        ]
                    }
                ]
            },
            "name": "Material #35"
        },
        "Material #46": {
            "instanceTechnique": {
                "technique": "technique_0",
                "values": [
                    {
                        "parameter": "ambient",
                        "value": [
                            0.5879999995231628,
                            0.5879999995231628,
                            0.5879999995231628
                        ]
                    },
                    {
                        "parameter": "emission",
                        "value": [
                            0,
                            0,
                            0
                        ]
                    },
                    {
                        "parameter": "diffuse",
                        "value": "Map #8"
                    },
                    {
                        "parameter": "shininess",
                        "value": 2
                    },
                    {
                        "parameter": "specular",
                        "value": [
                            0.8999999761581421,
                            0.8999999761581421,
                            0.8999999761581421
                        ]
                    }
                ]
            },
            "name": "Material #46"
        },
        "Material #57": {
            "instanceTechnique": {
                "technique": "technique_0",
                "values": [
                    {
                        "parameter": "ambient",
                        "value": [
                            0.5879999995231628,
                            0.5879999995231628,
                            0.5879999995231628
                        ]
                    },
                    {
                        "parameter": "emission",
                        "value": [
                            0,
                            0,
                            0
                        ]
                    },
                    {
                        "parameter": "diffuse",
                        "value": "Map #7"
                    },
                    {
                        "parameter": "shininess",
                        "value": 2
                    },
                    {
                        "parameter": "specular",
                        "value": [
                            0.8999999761581421,
                            0.8999999761581421,
                            0.8999999761581421
                        ]
                    }
                ]
            },
            "name": "Material #57"
        },
        "Material #68": {
            "instanceTechnique": {
                "technique": "technique_0",
                "values": [
                    {
                        "parameter": "ambient",
                        "value": [
                            0.5879999995231628,
                            0.5879999995231628,
                            0.5879999995231628
                        ]
                    },
                    {
                        "parameter": "emission",
                        "value": [
                            0,
                            0,
                            0
                        ]
                    },
                    {
                        "parameter": "diffuse",
                        "value": "Map #9"
                    },
                    {
                        "parameter": "shininess",
                        "value": 2
                    },
                    {
                        "parameter": "specular",
                        "value": [
                            0.8999999761581421,
                            0.8999999761581421,
                            0.8999999761581421
                        ]
                    }
                ]
            },
            "name": "Material #68"
        },
        "Material #79": {
            "instanceTechnique": {
                "technique": "technique_0",
                "values": [
                    {
                        "parameter": "ambient",
                        "value": [
                            0.5879999995231628,
                            0.5879999995231628,
                            0.5879999995231628
                        ]
                    },
                    {
                        "parameter": "emission",
                        "value": [
                            0,
                            0,
                            0
                        ]
                    },
                    {
                        "parameter": "diffuse",
                        "value": "Map #10"
                    },
                    {
                        "parameter": "shininess",
                        "value": 2
                    },
                    {
                        "parameter": "specular",
                        "value": [
                            0.8999999761581421,
                            0.8999999761581421,
                            0.8999999761581421
                        ]
                    }
                ]
            },
            "name": "Material #79"
        }
    },
    "meshes": {
        "undying_armlet_model_LOD0-mesh": {
            "name": "undying_armlet_model_LOD0-mesh",
            "primitives": [
                {
                    "indices": "indices_12",
                    "material": "Material #46",
                    "semantics": {
                        "JOINT": "attribute_10",
                        "NORMAL": "attribute_8",
                        "POSITION": "attribute_7",
                        "TEXCOORD_0": "attribute_9",
                        "WEIGHT": "attribute_11"
                    },
                    "skin": "skin_1"
                }
            ]
        },
        "undying_helmet_model_LOD0-mesh": {
            "name": "undying_helmet_model_LOD0-mesh",
            "primitives": [
                {
                    "indices": "indices_18",
                    "material": "Material #57",
                    "semantics": {
                        "JOINT": "attribute_16",
                        "NORMAL": "attribute_14",
                        "POSITION": "attribute_13",
                        "TEXCOORD_0": "attribute_15",
                        "WEIGHT": "attribute_17"
                    },
                    "skin": "skin_2"
                }
            ]
        },
        "undying_model_LOD0-mesh": {
            "name": "undying_model_LOD0-mesh",
            "primitives": [
                {
                    "indices": "indices_6",
                    "material": "Material #35",
                    "semantics": {
                        "JOINT": "attribute_4",
                        "NORMAL": "attribute_2",
                        "POSITION": "attribute_1",
                        "TEXCOORD_0": "attribute_3",
                        "WEIGHT": "attribute_5"
                    },
                    "skin": "skin_0"
                }
            ]
        },
        "undying_neck_model_LOD0-mesh": {
            "name": "undying_neck_model_LOD0-mesh",
            "primitives": [
                {
                    "indices": "indices_24",
                    "material": "Material #68",
                    "semantics": {
                        "JOINT": "attribute_22",
                        "NORMAL": "attribute_20",
                        "POSITION": "attribute_19",
                        "TEXCOORD_0": "attribute_21",
                        "WEIGHT": "attribute_23"
                    },
                    "skin": "skin_3"
                }
            ]
        },
        "undying_shoulders_model_LOD0-mesh": {
            "name": "undying_shoulders_model_LOD0-mesh",
            "primitives": [
                {
                    "indices": "indices_30",
                    "material": "Material #79",
                    "semantics": {
                        "JOINT": "attribute_28",
                        "NORMAL": "attribute_26",
                        "POSITION": "attribute_25",
                        "TEXCOORD_0": "attribute_27",
                        "WEIGHT": "attribute_29"
                    },
                    "skin": "skin_4"
                }
            ]
        }
    },
    "nodes": {
        "Index_0_L": {
            "children": [
                "Index_1_L"
            ],
            "matrix": [
                0.8239901661872865,
                0.32534992694854725,
                0.46388325095176713,
                0,
                -0.058221517688203946,
                -0.76575620856072,
                0.6404902180486333,
                0,
                0.5636047731400226,
                -0.5547654785182998,
                -0.612033053988428,
                0,
                15.54241943359375,
                3.679710388183601,
                -2.373916387557983,
                1
            ],
            "name": "Index_0_L"
        },
        "Index_0_R": {
            "children": [
                "Index_1_R"
            ],
            "matrix": [
                0.8239901661872864,
                0.3253494203090669,
                0.4638835489749908,
                0,
                -0.05822187858225796,
                -0.7657565964626595,
                0.6404898833386291,
                0,
                0.5636048840221207,
                -0.5547655214728177,
                -0.6120334335159221,
                0,
                -15.542411804199219,
                -3.6797065734863352,
                2.3739244937896733,
                1
            ],
            "name": "Index_0_R"
        },
        "Index_1_L": {
            "children": [
                "Index_2_L"
            ],
            "matrix": [
                0.9568511843681339,
                -1.1175870891916295e-7,
                -0.2905785143375396,
                0,
                1.3037410831473473e-7,
                1.000000357627867,
                4.47034805839408e-8,
                0,
                0.290578513295342,
                -8.065846401894561e-8,
                0.9568511809362925,
                0,
                7.2437896728515625,
                -0.000003814697265625,
                -0.000011444091789769573,
                1
            ],
            "name": "Index_1_L"
        },
        "Index_1_R": {
            "children": [
                "Index_2_R"
            ],
            "matrix": [
                0.9568508863449102,
                -4.842877387306599e-8,
                -0.29057887196540827,
                0,
                -8.853791508278697e-8,
                0.9999998211860662,
                -4.5821069780821455e-7,
                0,
                0.2905789025940935,
                4.641666917423737e-7,
                0.9568509872024213,
                0,
                -7.2437820434570455,
                0.000003814697265625,
                0.0000095367431640625,
                1
            ],
            "name": "Index_1_R"
        },
        "Index_2_L": {
            "children": [],
            "matrix": [
                0.9999998807907109,
                -1.1175870880814065e-7,
                -2.9802322387695312e-8,
                0,
                1.1175870140434085e-7,
                0.9999997019767709,
                4.1723251335140654e-7,
                0,
                2.9802273815437985e-8,
                -4.172325664408838e-7,
                0.9999998211861018,
                0,
                5.508834838867195,
                0.000007629394538355427,
                0.0000057220458984375,
                1
            ],
            "name": "Index_2_L"
        },
        "Index_2_R": {
            "children": [],
            "matrix": [
                1.0000002384185795,
                -7.450580638557192e-9,
                5.9604644719879474e-8,
                0,
                7.450577890755206e-9,
                0.9999998807907113,
                3.7252902776452324e-9,
                0,
                -5.960463062004706e-8,
                -3.725290305400808e-9,
                1,
                0,
                -5.5088348388671875,
                -0.00000762939453125,
                -0.000009536743167615214,
                1
            ],
            "name": "Index_2_R"
        },
        "Mid_0_L": {
            "children": [
                "Mid_1_L"
            ],
            "matrix": [
                0.8155998587608335,
                0.22029283642768857,
                0.535039484500885,
                0,
                -0.3149060835612111,
                -0.6067517122785179,
                0.7298534487504661,
                0,
                0.4854178425210237,
                -0.7637559245588255,
                -0.42549526050958886,
                0,
                15.728492736816392,
                0.5405693054199219,
                4.760528564453126,
                1
            ],
            "name": "Mid_0_L"
        },
        "Mid_0_R": {
            "children": [
                "Mid_1_R"
            ],
            "matrix": [
                0.8156004548072816,
                0.22029240429401398,
                0.5350399017333988,
                0,
                -0.31490647940689204,
                -0.6067521068735142,
                0.7298535062422802,
                0,
                0.48541755808717485,
                -0.7637560479450994,
                -0.42549560194270786,
                0,
                -15.728477478027344,
                -0.5405616760253977,
                -4.7605133056640625,
                1
            ],
            "name": "Mid_0_R"
        },
        "Mid_1_L": {
            "children": [
                "Mid_2_L"
            ],
            "matrix": [
                0.9439962506294253,
                7.450580610801616e-8,
                -0.32995596528053295,
                0,
                9.617145302343033e-9,
                1.000000000000007,
                2.533197276388677e-7,
                0,
                0.3299560112432084,
                -2.42306141207127e-7,
                0.9439963821275034,
                0,
                8.359569549560547,
                -0.000007629394538355427,
                -0.000017166137702417927,
                1
            ],
            "name": "Mid_1_L"
        },
        "Mid_1_R": {
            "children": [
                "Mid_2_R"
            ],
            "matrix": [
                0.9439964294433594,
                5.96046448031462e-8,
                -0.32995620369911205,
                0,
                -3.9647964483746634e-7,
                0.999999761581387,
                -9.536742600346759e-7,
                0,
                0.3299561842313575,
                0.0000010310862000317833,
                0.9439963737467876,
                0,
                -8.3595962524414,
                -7.105427357601002e-15,
                -0.000007629394541908141,
                1
            ],
            "name": "Mid_1_R"
        },
        "Mid_2_L": {
            "children": [],
            "matrix": [
                1.000000238418579,
                -3.4272670748625167e-7,
                -1.7881393432617188e-7,
                0,
                3.4272675361601834e-7,
                1.0000003576280552,
                2.9802322304428586e-8,
                0,
                1.788139240566089e-7,
                -2.980238009153702e-8,
                1.0000002384186317,
                0,
                5.579002380371101,
                0,
                0.000015258789066052714,
                1
            ],
            "name": "Mid_2_L"
        },
        "Mid_2_R": {
            "children": [],
            "matrix": [
                0.9999998211860653,
                -7.45058059414827e-8,
                1.1920928955078125e-7,
                0,
                7.450580249979133e-8,
                0.9999999403953526,
                1.0430812841244474e-7,
                0,
                -1.1920930431674748e-7,
                -1.0430811336892276e-7,
                0.9999998807906987,
                0,
                -5.578998565673828,
                -0.000015258789069605427,
                -0.0000019073486328125,
                1
            ],
            "name": "Mid_2_R"
        },
        "Thumb_0_L": {
            "children": [
                "Thumb_1_L"
            ],
            "matrix": [
                0.7679941654205323,
                0.640202522277832,
                0.018039578571915644,
                0,
                0.5952387445714439,
                -0.7030928074929618,
                -0.3890386952631392,
                0,
                -0.23638003017622977,
                0.30951727033748927,
                -0.9210444188093927,
                0,
                6.085205078125,
                7.915267944335945,
                -3.127547979354858,
                1
            ],
            "name": "Thumb_0_L"
        },
        "Thumb_0_R": {
            "children": [
                "Thumb_1_R"
            ],
            "matrix": [
                0.7679947614669803,
                0.6402018666267397,
                0.01803999952971934,
                0,
                0.5952384621757011,
                -0.7030934983515774,
                -0.38903829821245367,
                0,
                -0.23637920405950466,
                0.3095174317469295,
                -0.9210447646127645,
                0,
                -6.085197448730469,
                -7.915256500244148,
                3.12755274772644,
                1
            ],
            "name": "Thumb_0_R"
        },
        "Thumb_1_L": {
            "children": [
                "Thumb_2_L"
            ],
            "matrix": [
                0.9253504276275634,
                -4.172325132612009e-7,
                -0.37911301851272583,
                0,
                2.8605753521482313e-7,
                1.0000000000000129,
                -4.0233134604439336e-7,
                0,
                0.3791129638425686,
                2.638493093731764e-7,
                0.9253502941867132,
                0,
                6.818656921386719,
                0.000005722045909095641,
                0.0000019073486328125,
                1
            ],
            "name": "Thumb_1_L"
        },
        "Thumb_1_R": {
            "children": [
                "Thumb_2_R"
            ],
            "matrix": [
                0.9253504276275637,
                -5.960464488641293e-8,
                -0.3791131675243379,
                0,
                -1.5536547326444605e-7,
                1.0000002384185689,
                -5.364418419750994e-7,
                0,
                0.37911312192777136,
                5.552975855319109e-7,
                0.9253503163340531,
                0,
                -6.818656921386719,
                -0.000013351440433240214,
                -0.000013351440426134786,
                1
            ],
            "name": "Thumb_1_R"
        },
        "Thumb_2_L": {
            "children": [],
            "matrix": [
                0.9999998807907108,
                1.490116118829654e-7,
                1.1920928956465904e-7,
                0,
                -1.4901161932145968e-7,
                0.9999999403953604,
                -1.1175870895385742e-8,
                0,
                -1.192093337723521e-7,
                1.1175856517997573e-8,
                1.0000002384185758,
                0,
                6.324798583984375,
                7.105427357601002e-15,
                -0.000007629394534802714,
                1
            ],
            "name": "Thumb_2_L"
        },
        "Thumb_2_R": {
            "children": [],
            "matrix": [
                0.9999998807907104,
                -5.662441254772332e-7,
                7.078051577485978e-8,
                0,
                5.662442063014694e-7,
                0.9999999999999036,
                -1.8626451487452345e-7,
                0,
                -7.0780401699444e-8,
                1.86264510586287e-7,
                0.9999997615814107,
                0,
                -6.3248062133789205,
                0.0000038146972620722863,
                0.000020980834964490214,
                1
            ],
            "name": "Thumb_2_R"
        },
        "ankle_L": {
            "children": [
                "toeBase_L"
            ],
            "matrix": [
                0.33222663402557323,
                -0.028112523257732384,
                0.9427804946899415,
                0,
                0.08236816131561933,
                0.9966016906396574,
                0.0006916681302933154,
                0,
                -0.9395958994184526,
                0.07742529046224438,
                0.3334131381136158,
                0,
                43.486450195312486,
                0.000005722045894884786,
                0.0000019073486292597863,
                1
            ],
            "name": "ankle_L"
        },
        "ankle_R": {
            "children": [
                "toeBase_R"
            ],
            "matrix": [
                0.33223688602447504,
                -0.029579292982816675,
                0.9427320361137389,
                0,
                0.08200004166872694,
                0.996629929438823,
                0.002372010385515425,
                0,
                -0.9396246174656515,
                0.07651595556810856,
                0.33354254736326694,
                0,
                -43.486457824707024,
                -0.0000019073486292597863,
                0.0000019073486363652137,
                1
            ],
            "name": "ankle_R"
        },
        "back_cloth_R0C0": {
            "children": [
                "back_cloth_R1C0"
            ],
            "matrix": [
                6.123233995737702e-17,
                0,
                -1.0000000000001525,
                0,
                -1.0000000000000762,
                5.960464483662756e-8,
                -6.123233995737233e-17,
                0,
                5.960464483662756e-8,
                1.0000000000000762,
                3.649731875674539e-24,
                0,
                -9.5367431640625e-7,
                2.7755575615628914e-17,
                -1.930450439453125,
                1
            ],
            "name": "back_cloth_R0C0"
        },
        "back_cloth_R1C0": {
            "children": [
                "back_cloth_R2C0"
            ],
            "matrix": [
                0.9999999999999996,
                3.9055990441738665e-7,
                -2.842170943040399e-14,
                0,
                -3.905599044173867e-7,
                0.9999999999999996,
                -1.5631936120964057e-13,
                0,
                2.8421648378324895e-14,
                1.5631937227400845e-13,
                0.9999999999999998,
                0,
                15.218307495117173,
                10.387758255004883,
                0,
                1
            ],
            "name": "back_cloth_R1C0"
        },
        "back_cloth_R2C0": {
            "children": [
                "back_cloth_R3C0"
            ],
            "matrix": [
                1,
                1.0043764269895876e-14,
                -2.8421709430404e-14,
                0,
                -1.0043764375774995e-14,
                0.9999999999999998,
                -1.5631934764016255e-13,
                0,
                2.8421709430402417e-14,
                1.5631934763807617e-13,
                0.9999999999999998,
                0,
                8.753944396972656,
                3.552713678800501e-15,
                2.7755575615628914e-17,
                1
            ],
            "name": "back_cloth_R2C0"
        },
        "back_cloth_R3C0": {
            "children": [
                "back_cloth_R4C0"
            ],
            "matrix": [
                1,
                1.6442739097372039e-15,
                -2.842170943040401e-14,
                0,
                -1.6442740156163223e-15,
                0.9999999999999998,
                -1.5631934764968154e-13,
                0,
                2.842170943040375e-14,
                1.5631934765502648e-13,
                0.9999999999999998,
                0,
                24.10680770874024,
                0,
                0,
                1
            ],
            "name": "back_cloth_R3C0"
        },
        "back_cloth_R4C0": {
            "children": [],
            "matrix": [
                1,
                1.6442738567976447e-15,
                -2.842170943040402e-14,
                0,
                -1.644273962676763e-15,
                0.9999999999999998,
                -1.5631934760626107e-13,
                0,
                2.8421709430403755e-14,
                1.563193476190376e-13,
                0.9999999999999998,
                0,
                21.682666778564453,
                3.552713678800501e-15,
                0.000003814697265625,
                1
            ],
            "name": "back_cloth_R4C0"
        },
        "bicep_L": {
            "children": [
                "elbow_L"
            ],
            "matrix": [
                0.7740710377693176,
                -0.07871018350124369,
                -0.6281870007514953,
                0,
                -0.4915196464809716,
                0.550670952758168,
                -0.6746630128750319,
                0,
                0.3990272160504022,
                0.8310034183032416,
                0.38757086566622667,
                0,
                16.187053680419915,
                -0.000004768371585583964,
                -0.00001525878903407829,
                1
            ],
            "name": "bicep_L"
        },
        "bicep_R": {
            "children": [
                "elbow_R"
            ],
            "matrix": [
                0.774071216583252,
                -0.07871013134717929,
                -0.6281863451004029,
                0,
                -0.4915191967905823,
                0.5506709494994181,
                -0.6746632566967783,
                0,
                0.39902683195690675,
                0.831003112503523,
                0.38757101778177505,
                0,
                -16.187042236328132,
                -0.000010490417478692393,
                -0.00001525878909092171,
                1
            ],
            "name": "bicep_R"
        },
        "clavicle_L": {
            "children": [
                "bicep_L",
