{
    "accessors": {
        "attrbute_1": {
            "bufferView": "bufferView_31",
            "byteOffset": 0,
            "byteStride": 12,
            "count": 2276,
            "max": [
                54.04845428466797,
                33.19369125366211,
                198.49111938476562,
                0
            ],
            "min": [
                -54.04840850830078,
                -13.505904197692871,
                -2.6884052753448486,
                0
            ],
            "type": 35665
        },
        "attrbute_10": {
            "bufferView": "bufferView_31",
            "byteOffset": 149552,
            "byteStride": 16,
            "count": 406,
            "max": [
                2,
                4,
                4,
                -1
            ],
            "min": [
                0,
                -1,
                -1,
                -1
            ],
            "type": 35666
        },
        "attrbute_11": {
            "bufferView": "bufferView_31",
            "byteOffset": 156048,
            "byteStride": 12,
            "count": 406,
            "max": [
                1,
                0.9994040131568909,
                0.505206286907196
            ],
            "min": [
                0.0003006660263054073,
                0,
                0
            ],
            "type": 35665
        },
        "attrbute_13": {
            "bufferView": "bufferView_31",
            "byteOffset": 160920,
            "byteStride": 12,
            "count": 671,
            "max": [
                31.01079750061035,
                34.30229187011719,
                204.6844024658203,
                0
            ],
            "min": [
                -31.010801315307617,
                -3.340517997741699,
                168.543701171875,
                0
            ],
            "type": 35665
        },
        "attrbute_14": {
            "bufferView": "bufferView_31",
            "byteOffset": 168972,
            "byteStride": 12,
            "count": 671,
            "max": [
                0.9959213733673096,
                0.9994485378265381,
                0.9961201548576355,
                0
            ],
            "min": [
                -0.9959213733673096,
                -0.9997734427452087,
                -0.9974021911621094,
                0
            ],
            "type": 35665
        },
        "attrbute_15": {
            "bufferView": "bufferView_31",
            "byteOffset": 177024,
            "byteStride": 8,
            "count": 671,
            "max": [
                1.992300033569336,
                0.989799976348877
            ],
            "min": [
                0.01080000028014183,
                0.01639997959136963
            ],
            "type": 35664
        },
        "attrbute_16": {
            "bufferView": "bufferView_31",
            "byteOffset": 182392,
            "byteStride": 16,
            "count": 671,
            "max": [
                0,
                1,
                -1,
                -1
            ],
            "min": [
                0,
                -1,
                -1,
                -1
            ],
            "type": 35666
        },
        "attrbute_17": {
            "bufferView": "bufferView_31",
            "byteOffset": 193128,
            "byteStride": 12,
            "count": 671,
            "max": [
                1,
                0.5607805848121643,
                0
            ],
            "min": [
                0.4392194151878357,
                0,
                0
            ],
            "type": 35665
        },
        "attrbute_19": {
            "bufferView": "bufferView_31",
            "byteOffset": 201180,
            "byteStride": 12,
            "count": 113,
            "max": [
                15.791797637939453,
                35.31730270385742,
                167.09262084960938,
                0
            ],
            "min": [
                -12.001302719116211,
                -8.143698692321777,
                129.35630798339844,
                0
            ],
            "type": 35665
        },
        "attrbute_2": {
            "bufferView": "bufferView_31",
            "byteOffset": 27312,
            "byteStride": 12,
            "count": 2276,
            "max": [
                0.9989899396896362,
                0.9999949932098389,
                0.9994295239448547,
                0
            ],
            "min": [
                -0.9989899396896362,
                -0.9999724626541138,
                -0.9999961853027344,
                0
            ],
            "type": 35665
        },
        "attrbute_20": {
            "bufferView": "bufferView_31",
            "byteOffset": 202536,
            "byteStride": 12,
            "count": 113,
            "max": [
                0.9985219836235046,
                0.9991101026535034,
                0.9763396978378296,
                0
            ],
            "min": [
                -0.9985219836235046,
                -0.9444274306297302,
                -0.6118059754371643,
                0
            ],
            "type": 35665
        },
        "attrbute_21": {
            "bufferView": "bufferView_31",
            "byteOffset": 203892,
            "byteStride": 8,
            "count": 113,
            "max": [
                0.9747999906539917,
                0.9713000059127808
            ],
            "min": [
                0.014700000174343586,
                0.020200014114379883
            ],
            "type": 35664
        },
        "attrbute_22": {
            "bufferView": "bufferView_31",
            "byteOffset": 204796,
            "byteStride": 16,
            "count": 113,
            "max": [
                0,
                1,
                -1,
                -1
            ],
            "min": [
                0,
                -1,
                -1,
                -1
            ],
            "type": 35666
        },
        "attrbute_23": {
            "bufferView": "bufferView_31",
            "byteOffset": 206604,
            "byteStride": 12,
            "count": 113,
            "max": [
                1,
                0.2566896080970764,
                0
            ],
            "min": [
                0.7433103919029236,
                0,
                0
            ],
            "type": 35665
        },
        "attrbute_25": {
            "bufferView": "bufferView_31",
            "byteOffset": 207960,
            "byteStride": 12,
            "count": 588,
            "max": [
                47.59769058227539,
                35.73749542236328,
                170.33779907226562,
                0
            ],
            "min": [
                -47.59770202636719,
                -3.1159045696258545,
                145.31658935546875,
                0
            ],
            "type": 35665
        },
        "attrbute_26": {
            "bufferView": "bufferView_31",
            "byteOffset": 215016,
            "byteStride": 12,
            "count": 588,
            "max": [
                0.9940640926361084,
                0.9965065717697144,
                0.9907253980636597,
                0
            ],
            "min": [
                -0.9940640926361084,
                -0.9909498691558838,
                -0.9988182187080383,
                0
            ],
            "type": 35665
        },
        "attrbute_27": {
            "bufferView": "bufferView_31",
            "byteOffset": 222072,
            "byteStride": 8,
            "count": 588,
            "max": [
                0.9810000061988831,
                0.9886999726295471
            ],
            "min": [
                0.014700000174343586,
                0.009199976921081543
            ],
            "type": 35664
        },
        "attrbute_28": {
            "bufferView": "bufferView_31",
            "byteOffset": 226776,
            "byteStride": 16,
            "count": 588,
            "max": [
                2,
                2,
                -1,
                -1
            ],
            "min": [
                0,
                -1,
                -1,
                -1
            ],
            "type": 35666
        },
        "attrbute_29": {
            "bufferView": "bufferView_31",
            "byteOffset": 236184,
            "byteStride": 12,
            "count": 588,
            "max": [
                1,
                0.9998465776443481,
                0
            ],
            "min": [
                0.00015342349070124328,
                0,
                0
            ],
            "type": 35665
        },
        "attrbute_3": {
            "bufferView": "bufferView_31",
            "byteOffset": 54624,
            "byteStride": 8,
            "count": 2276,
            "max": [
                1.9954999685287476,
                0.994700014591217
            ],
            "min": [
                0.007899999618530273,
                0.0073999762535095215
            ],
            "type": 35664
        },
        "attrbute_4": {
            "bufferView": "bufferView_31",
            "byteOffset": 72832,
            "byteStride": 16,
            "count": 2276,
            "max": [
                52,
                52,
                52,
                -1
            ],
            "min": [
                0,
                -1,
                -1,
                -1
            ],
            "type": 35666
        },
        "attrbute_5": {
            "bufferView": "bufferView_31",
            "byteOffset": 109248,
            "byteStride": 12,
            "count": 2276,
            "max": [
                1,
                0.9998877644538879,
                0.9960129857063293
            ],
            "min": [
                0.00010685010784072801,
                0,
                0
            ],
            "type": 35665
        },
        "attrbute_7": {
            "bufferView": "bufferView_31",
            "byteOffset": 136560,
            "byteStride": 12,
            "count": 406,
            "max": [
                -31.49489974975586,
                19.634382247924805,
                115.61370849609375,
                0
            ],
            "min": [
                -59.21565246582031,
                -13.930350303649902,
                71.54829406738281,
                0
            ],
            "type": 35665
        },
        "attrbute_8": {
            "bufferView": "bufferView_31",
            "byteOffset": 141432,
            "byteStride": 12,
            "count": 406,
            "max": [
                0.9951613545417786,
                0.9879132509231567,
                0.9722481966018677,
                0
            ],
            "min": [
                -0.9878454208374023,
                -0.9890024662017822,
                -0.996951699256897,
                0
            ],
            "type": 35665
        },
        "attrbute_9": {
            "bufferView": "bufferView_31",
            "byteOffset": 146304,
            "byteStride": 8,
            "count": 406,
            "max": [
                0.986299991607666,
                0.9684000015258789
            ],
            "min": [
                0.011900000274181366,
                0.019900023937225342
            ],
            "type": 35664
        },
        "indices_12": {
            "bufferView": "bufferView_33",
            "byteOffset": 20424,
            "count": 1620,
            "type": 5123
        },
        "indices_18": {
            "bufferView": "bufferView_33",
            "byteOffset": 23664,
            "count": 3096,
            "type": 5123
        },
        "indices_24": {
            "bufferView": "bufferView_33",
            "byteOffset": 29856,
            "count": 480,
            "type": 5123
        },
        "indices_30": {
            "bufferView": "bufferView_33",
            "byteOffset": 30816,
            "count": 2520,
            "type": 5123
        },
        "indices_6": {
            "bufferView": "bufferView_33",
            "byteOffset": 0,
            "count": 10212,
            "type": 5123
        }
    },
    "animations": {},
    "asset": {},
    "bufferViews": {
        "bufferView_31": {
            "buffer": "undying.bin",
            "byteLength": 243240,
            "byteOffset": 0,
            "target": 34962
        },
        "bufferView_32": {
            "buffer": "undying.bin",
            "byteLength": 4992,
            "byteOffset": 243240
        },
        "bufferView_33": {
            "buffer": "undying.bin",
            "byteLength": 35856,
            "byteOffset": 248232,
            "target": 34963
        }
    },
    "buffers": {
        "undying.bin": {
            "byteLength": 284088,
            "path": "undying.bin"
        }
    },
    "cameras": {},
    "images": {
        "image_0": {
            "path": "textures/undying_body_color.png"
        },
        "image_1": {
            "path": "textures/undying_armlet_color.png"
        },
        "image_2": {
            "path": "textures/undying_helmet_color.png"
        },
        "image_3": {
            "path": "textures/undying_neck_color.png"
        },
        "image_4": {
            "path": "textures/undying_shoulderplates_color.png"
        }
    },
    "lights": {},
    "materials": {
        "Material #35": {
            "instanceTechnique": {
                "technique": "technique_0",
                "values": {
                    "ambient": [
                        0.5879999995231628,
                        0.5879999995231628,
                        0.5879999995231628
                    ],
                    "diffuse": "Map #6",
                    "emission": [
                        0,
                        0,
                        0
                    ],
                    "shininess": 2,
                    "specular": [
                        0.8999999761581421,
                        0.8999999761581421,
                        0.8999999761581421
                    ],
                    "transparency": 1
                }
            },
            "name": "Material #35"
        },
        "Material #46": {
            "instanceTechnique": {
                "technique": "technique_0",
                "values": {
                    "ambient": [
                        0.5879999995231628,
                        0.5879999995231628,
                        0.5879999995231628
                    ],
                    "diffuse": "Map #8",
                    "emission": [
                        0,
                        0,
                        0
                    ],
                    "shininess": 2,
                    "specular": [
                        0.8999999761581421,
                        0.8999999761581421,
                        0.8999999761581421
                    ],
                    "transparency": 1
                }
            },
            "name": "Material #46"
        },
        "Material #57": {
            "instanceTechnique": {
                "technique": "technique_0",
                "values": {
                    "ambient": [
                        0.5879999995231628,
                        0.5879999995231628,
                        0.5879999995231628
                    ],
                    "diffuse": "Map #7",
                    "emission": [
                        0,
                        0,
                        0
                    ],
                    "shininess": 2,
                    "specular": [
                        0.8999999761581421,
                        0.8999999761581421,
                        0.8999999761581421
                    ],
                    "transparency": 1
                }
            },
            "name": "Material #57"
        },
        "Material #68": {
            "instanceTechnique": {
                "technique": "technique_0",
                "values": {
                    "ambient": [
                        0.5879999995231628,
                        0.5879999995231628,
                        0.5879999995231628
                    ],
                    "diffuse": "Map #9",
                    "emission": [
                        0,
                        0,
                        0
                    ],
                    "shininess": 2,
                    "specular": [
                        0.8999999761581421,
                        0.8999999761581421,
                        0.8999999761581421
                    ],
                    "transparency": 1
                }
            },
            "name": "Material #68"
        },
        "Material #79": {
            "instanceTechnique": {
                "technique": "technique_0",
                "values": {
                    "ambient": [
                        0.5879999995231628,
                        0.5879999995231628,
                        0.5879999995231628
                    ],
                    "diffuse": "Map #10",
                    "emission": [
                        0,
                        0,
                        0
                    ],
                    "shininess": 2,
                    "specular": [
                        0.8999999761581421,
                        0.8999999761581421,
                        0.8999999761581421
                    ],
                    "transparency": 1
                }
            },
            "name": "Material #79"
        }
    },
    "meshes": {
        "undying_armlet_model_LOD0-mesh": {
            "name": "undying_armlet_model_LOD0-mesh",
            "primitives": [
                {
                    "attributes": {
                        "JOINT": "attrbute_10",
                        "NORMAL": "attrbute_8",
                        "POSITION": "attrbute_7",
                        "TEXCOORD_0": "attrbute_9",
                        "WEIGHT": "attrbute_11"
                    },
                    "indices": "indices_12",
                    "material": "Material #46"
                }
            ]
        },
        "undying_helmet_model_LOD0-mesh": {
            "name": "undying_helmet_model_LOD0-mesh",
            "primitives": [
                {
                    "attributes": {
                        "JOINT": "attrbute_16",
                        "NORMAL": "attrbute_14",
                        "POSITION": "attrbute_13",
                        "TEXCOORD_0": "attrbute_15",
                        "WEIGHT": "attrbute_17"
                    },
                    "indices": "indices_18",
                    "material": "Material #57"
                }
            ]
        },
        "undying_model_LOD0-mesh": {
            "name": "undying_model_LOD0-mesh",
            "primitives": [
                {
                    "attributes": {
                        "JOINT": "attrbute_4",
                        "NORMAL": "attrbute_2",
                        "POSITION": "attrbute_1",
                        "TEXCOORD_0": "attrbute_3",
                        "WEIGHT": "attrbute_5"
                    },
                    "indices": "indices_6",
                    "material": "Material #35"
                }
            ]
        },
        "undying_neck_model_LOD0-mesh": {
            "name": "undying_neck_model_LOD0-mesh",
            "primitives": [
                {
                    "attributes": {
                        "JOINT": "attrbute_22",
                        "NORMAL": "attrbute_20",
                        "POSITION": "attrbute_19",
                        "TEXCOORD_0": "attrbute_21",
                        "WEIGHT": "attrbute_23"
                    },
                    "indices": "indices_24",
                    "material": "Material #68"
                }
            ]
        },
        "undying_shoulders_model_LOD0-mesh": {
            "name": "undying_shoulders_model_LOD0-mesh",
            "primitives": [
                {
                    "attributes": {
                        "JOINT": "attrbute_28",
                        "NORMAL": "attrbute_26",
                        "POSITION": "attrbute_25",
                        "TEXCOORD_0": "attrbute_27",
                        "WEIGHT": "attrbute_29"
                    },
                    "indices": "indices_30",
                    "material": "Material #79"
                }
            ]
        }
    },
    "nodes": {
        "Index_0_L": {
            "children": [
                "Index_1_L"
            ],
            "jointId": "Index_0_L",
            "matrix": [
                0.8239901661872865,
                0.3253499269485474,
                0.4638832509517671,
                0,
                -0.058221517688203966,
                -0.7657562085607201,
                0.6404902180486334,
                0,
                0.5636047731400226,
                -0.5547654785182999,
                -0.6120330539884279,
                0,
                15.54241943359375,
                3.6797103881835938,
                -2.3739163875579843,
                1
            ],
            "name": "Index_0_L"
        },
        "Index_0_R": {
            "children": [
                "Index_1_R"
            ],
            "jointId": "Index_0_R",
            "matrix": [
                0.8239901661872863,
                0.3253494203090668,
                0.4638835489749907,
                0,
                -0.05822187858225798,
                -0.7657565964626593,
                0.6404898833386292,
                0,
                0.5636048840221204,
                -0.5547655214728175,
                -0.612033433515922,
                0,
                -15.542411804199219,
                -3.6797065734863352,
                2.373924493789672,
                1
            ],
            "name": "Index_0_R"
        },
        "Index_1_L": {
            "children": [
                "Index_2_L"
            ],
            "jointId": "Index_1_L",
            "matrix": [
                0.9568511843681337,
                -1.1175870896079632e-7,
                -0.29057851433753973,
                0,
                1.3037410826616247e-7,
                1.000000357627867,
                4.470348070884089e-8,
                0,
                0.2905785132953418,
                -8.065846392873999e-8,
                0.9568511809362923,
                0,
                7.2437896728515625,
                -0.000003814697265625,
                -0.000011444091793322286,
                1
            ],
            "name": "Index_1_L"
        },
        "Index_1_R": {
            "children": [
                "Index_2_R"
            ],
            "jointId": "Index_1_R",
            "matrix": [
                0.9568508863449099,
                -4.842877385224931e-8,
                -0.290578871965408,
                0,
                -8.853791509666475e-8,
                0.9999998211860659,
                -4.5821069778739787e-7,
                0,
                0.29057890259409325,
                4.6416669187421267e-7,
                0.9568509872024211,
                0,
                -7.243782043457017,
                0.000003814697265625,
                0.000009536743167615214,
                1
            ],
            "name": "Index_1_R"
        },
        "Index_2_L": {
            "children": [],
            "jointId": "Index_2_L",
            "matrix": [
                0.9999998807907107,
                -1.1175870896773521e-7,
                -2.980232233218416e-8,
                0,
                1.1175870150842426e-7,
                0.9999997019767708,
                4.172325133930399e-7,
                0,
                2.980227398197144e-8,
                -4.1723256647557827e-7,
                0.9999998211861016,
                0,
                5.5088348388671875,
                0.00000762939453125,
                0.0000057220458984375,
                1
            ],
            "name": "Index_2_L"
        },
        "Index_2_R": {
            "children": [],
            "jointId": "Index_2_R",
            "matrix": [
                1.000000238418579,
                -7.45058061774051e-9,
                5.960464483090178e-8,
                0,
                7.450577668710601e-9,
                0.999999880790711,
                3.725290444178686e-9,
                0,
                -5.960463056453591e-8,
                -3.725290367850853e-9,
                0.9999999999999999,
                0,
                -5.5088348388671875,
                -0.00000762939453125,
                -0.000009536743156957073,
                1
            ],
            "name": "Index_2_R"
        },
        "Mid_0_L": {
            "children": [
                "Mid_1_L"
            ],
            "jointId": "Mid_0_L",
            "matrix": [
                0.8155998587608336,
                0.22029283642768857,
                0.535039484500885,
                0,
                -0.3149060835612111,
                -0.606751712278518,
                0.729853448750466,
                0,
                0.4854178425210238,
                -0.7637559245588253,
                -0.4254952605095888,
                0,
                15.728492736816392,
                0.540569305419929,
                4.760528564453125,
                1
            ],
            "name": "Mid_0_L"
        },
        "Mid_0_R": {
            "children": [
                "Mid_1_R"
            ],
            "jointId": "Mid_0_R",
            "matrix": [
                0.8156004548072813,
                0.22029240429401398,
                0.5350399017333984,
                0,
                -0.3149064794068921,
                -0.6067521068735141,
                0.7298535062422802,
                0,
                0.4854175580871746,
                -0.7637560479450991,
                -0.42549560194270775,
                0,
                -15.728477478027358,
                -0.5405616760253977,
                -4.760513305664062,
                1
            ],
            "name": "Mid_0_R"
        },
        "Mid_1_L": {
            "children": [
                "Mid_2_L"
            ],
            "jointId": "Mid_1_L",
            "matrix": [
                0.943996250629425,
                7.450580602474943e-8,
                -0.329955965280533,
                0,
                9.617145357854184e-9,
                1.000000000000007,
                2.533197277221344e-7,
                0,
                0.3299560112432082,
                -2.423061413181493e-7,
                0.943996382127503,
                0,
                8.359569549560547,
                -0.00000762939453125,
                -0.000017166137688207073,
                1
            ],
            "name": "Mid_1_L"
        },
        "Mid_1_R": {
            "children": [
                "Mid_2_R"
            ],
            "jointId": "Mid_1_R",
            "matrix": [
                0.9439964294433592,
                5.960464496967965e-8,
                -0.329956203699112,
                0,
                -3.9647964472644404e-7,
                0.999999761581387,
                -9.536742600901871e-7,
                0,
                0.32995618423135725,
                0.0000010310861998374943,
                0.9439963737467877,
                0,
                -8.359596252441406,
                0,
                -0.00000762939453125,
                1
            ],
            "name": "Mid_1_R"
        },
        "Mid_2_L": {
            "children": [],
            "jointId": "Mid_2_L",
            "matrix": [
                1.000000238418579,
                -3.427267073197182e-7,
                -1.7881393415963842e-7,
                0,
                3.4272675381030737e-7,
                1.000000357628055,
                2.9802322248917434e-8,
                0,
                1.7881392411212005e-7,
                -2.980238011929259e-8,
                1.000000238418632,
                0,
                5.579002380371101,
                0,
                0.000015258789058947286,
                1
            ],
            "name": "Mid_2_L"
        },
        "Mid_2_R": {
            "children": [],
            "jointId": "Mid_2_R",
            "matrix": [
                0.9999998211860655,
                -7.450580605250501e-8,
                1.192092896062924e-7,
                0,
                7.450580236101345e-8,
                0.9999999403953524,
                1.0430812830142244e-7,
                0,
                -1.1920930448328093e-7,
                -1.0430811325790046e-7,
                0.9999998807906987,
                0,
                -5.578998565673828,
                -0.0000152587890625,
                -0.0000019073486399179274,
                1
            ],
            "name": "Mid_2_R"
        },
        "Thumb_0_L": {
            "children": [
                "Thumb_1_L"
            ],
            "jointId": "Thumb_0_L",
            "matrix": [
                0.7679941654205324,
                0.6402025222778324,
                0.01803957857191566,
                0,
                0.5952387445714437,
                -0.7030928074929622,
                -0.38903869526313933,
                0,
                -0.23638003017622986,
                0.3095172703374893,
                -0.9210444188093926,
                0,
                6.085205078125,
                7.915267944335945,
                -3.1275479793548584,
                1
            ],
            "name": "Thumb_0_L"
        },
        "Thumb_0_R": {
            "children": [
                "Thumb_1_R"
            ],
            "jointId": "Thumb_0_R",
            "matrix": [
                0.7679947614669799,
                0.6402018666267394,
                0.01803999952971937,
                0,
                0.5952384621757008,
                -0.7030934983515772,
                -0.3890382982124535,
                0,
                -0.23637920405950458,
                0.30951743174692936,
                -0.9210447646127643,
                0,
                -6.085197448730469,
                -7.915256500244148,
                3.1275527477264404,
                1
            ],
            "name": "Thumb_0_R"
        },
        "Thumb_1_L": {
            "children": [
                "Thumb_2_L"
            ],
            "jointId": "Thumb_1_L",
            "matrix": [
                0.9253504276275628,
                -4.172325134832455e-7,
                -0.3791130185127256,
                0,
                2.8605753499277853e-7,
                1.0000000000000124,
                -4.0233134607214893e-7,
                0,
                0.3791129638425685,
                2.6384930933848194e-7,
                0.9253502941867129,
                0,
                6.818656921386719,
                0.0000057220458984375,
                0.0000019073486328125,
                1
            ],
            "name": "Thumb_1_L"
        },
        "Thumb_1_R": {
            "children": [
                "Thumb_2_R"
            ],
            "jointId": "Thumb_1_R",
            "matrix": [
                0.9253504276275639,
                -5.960464466436832e-8,
                -0.379113167524338,
                0,
                -1.553654730979126e-7,
                1.0000002384185689,
                -5.364418420861217e-7,
                0,
                0.3791131219277714,
                5.552975855180331e-7,
                0.9253503163340532,
                0,
                -6.818656921386733,
                -0.0000133514404296875,
                -0.000013351440433240214,
                1
            ],
            "name": "Thumb_1_R"
        },
        "Thumb_2_L": {
            "children": [],
            "jointId": "Thumb_2_L",
            "matrix": [
                0.9999998807907109,
                1.4901161199398771e-7,
                1.1920928948139231e-7,
                0,
                -1.4901161943248198e-7,
                0.9999999403953603,
                -1.117587087456906e-8,
                0,
                -1.1920933372377984e-7,
                1.117585644166974e-8,
                1.0000002384185755,
                0,
                6.324798583984375,
                0,
                -0.00000762939453125,
                1
            ],
            "name": "Thumb_2_L"
        },
        "Thumb_2_R": {
            "children": [],
            "jointId": "Thumb_2_R",
            "matrix": [
                0.9999998807907106,
                -5.662441254772332e-7,
                7.078051566383747e-8,
                0,
                5.66244206134936e-7,
                0.9999999999999036,
                -1.862645149161568e-7,
                0,
                -7.078040183822187e-8,
                1.8626451054465365e-7,
                0.9999997615814107,
                0,
                -6.324806213378906,
                0.000003814697265625,
                0.000020980834964490214,
                1
            ],
            "name": "Thumb_2_R"
        },
        "ankle_L": {
            "children": [
                "toeBase_L"
            ],
            "jointId": "ankle_L",
            "matrix": [
                0.3322266340255736,
                -0.02811252325773237,
                0.9427804946899415,
                0,
                0.08236816131561936,
                0.9966016906396574,
                0.000691668130293322,
                0,
                -0.9395958994184529,
                0.07742529046224442,
                0.3334131381136158,
                0,
                43.4864501953125,
                0.000005722045894884786,
                0.0000019073486292597863,
                1
            ],
            "name": "ankle_L"
        },
        "ankle_R": {
            "children": [
                "toeBase_R"
            ],
            "jointId": "ankle_R",
            "matrix": [
                0.3322368860244751,
                -0.02957929298281664,
                0.9427320361137391,
                0,
                0.08200004166872696,
                0.9966299294388228,
                0.0023720103855153613,
                0,
                -0.9396246174656515,
                0.07651595556810856,
                0.33354254736326705,
                0,
                -43.48645782470703,
                -0.0000019073486363652137,
                0.0000019073486363652137,
                1
            ],
            "name": "ankle_R"
        },
        "back_cloth_R0C0": {
            "children": [
                "back_cloth_R1C0"
            ],
            "jointId": "back_cloth_R0C0",
            "matrix": [
                6.123233995737702e-17,
                0,
                -1.0000000000001525,
                0,
                -1.0000000000000762,
                5.960464483662756e-8,
                -6.123233995737233e-17,
                0,
                5.960464483662756e-8,
                1.0000000000000762,
                3.649731875674539e-24,
                0,
                -9.5367431640625e-7,
                2.7755575615628914e-17,
                -1.930450439453125,
                1
            ],
            "name": "back_cloth_R0C0"
        },
        "back_cloth_R1C0": {
            "children": [
                "back_cloth_R2C0"
            ],
            "jointId": "back_cloth_R1C0",
            "matrix": [
                0.9999999999999996,
                3.9055990441738665e-7,
                -2.842170943040399e-14,
                0,
                -3.905599044173867e-7,
                0.9999999999999996,
                -1.5631936120964057e-13,
                0,
                2.8421648378324895e-14,
                1.5631937227400845e-13,
                0.9999999999999998,
                0,
                15.218307495117173,
                10.387758255004883,
                0,
                1
            ],
            "name": "back_cloth_R1C0"
        },
        "back_cloth_R2C0": {
            "children": [
                "back_cloth_R3C0"
            ],
            "jointId": "back_cloth_R2C0",
            "matrix": [
                0.9999999999999998,
                1.0043764322835436e-14,
                -2.8421709472151536e-14,
                0,
                -1.0043764322835436e-14,
                0.9999999999999998,
                -1.5631934764016255e-13,
                0,
                2.8421709406630567e-14,
                1.5631934766454598e-13,
                1,
                0,
                8.753944396972656,
                3.552713678800501e-15,
                2.7755575615628914e-17,
                1
            ],
            "name": "back_cloth_R2C0"
        },
        "back_cloth_R3C0": {
            "children": [
                "back_cloth_R4C0"
            ],
            "jointId": "back_cloth_R3C0",
            "matrix": [
                0.9999999999999998,
                1.6442739097372039e-15,
                -2.8421709425717265e-14,
                0,
                -1.6442739097372039e-15,
                0.9999999999999998,
                -1.5631934764968156e-13,
                0,
                2.8421709390219414e-14,
                1.5631934768149629e-13,
                1,
                0,
                24.10680770874024,
                0,
                0,
                1
            ],
            "name": "back_cloth_R3C0"
        },
        "back_cloth_R4C0": {
            "children": [],
            "jointId": "back_cloth_R4C0",
            "matrix": [
                0.9999999999999998,
                1.6442739097372039e-15,
                -2.842170953159613e-14,
                0,
                -1.644273962676763e-15,
                0.9999999999999998,
                -1.563193476062611e-13,
                0,
                2.8421709390219673e-14,
                1.5631934764550744e-13,
                1,
                0,
                21.682666778564453,
                3.552713678800501e-15,
                0.000003814697265625,
                1
            ],
            "name": "back_cloth_R4C0"
        },
        "bicep_L": {
            "children": [
                "elbow_L"
            ],
            "jointId": "bicep_L",
            "matrix": [
                0.7740710377693175,
                -0.07871018350124369,
                -0.6281870007514953,
                0,
                -0.4915196464809716,
                0.5506709527581679,
                -0.6746630128750319,
                0,
                0.3990272160504022,
                0.8310034183032416,
                0.38757086566622667,
                0,
                16.187053680419915,
                -0.000004768371585583964,
                -0.00001525878903407829,
                1
            ],
            "name": "bicep_L"
        },
        "bicep_R": {
            "children": [
                "elbow_R"
            ],
            "jointId": "bicep_R",
            "matrix": [
                0.7740712165832517,
                -0.07871013134717933,
                -0.6281863451004028,
                0,
                -0.4915191967905822,
                0.5506709494994181,
                -0.6746632566967783,
                0,
                0.3990268319569067,
                0.8310031125035228,
                0.3875710177817749,
                0,
                -16.187042236328132,
                -0.000010490417473363323,
                -0.00001525878909092171,
