{
    "animations": {},
    "asset": {},
    "attributes": {
        "attribute_1": {
            "bufferView": "bufferView_37",
            "byteOffset": 0,
            "byteStride": 12,
            "count": 2048,
            "max": [
                1,
                1,
                1
            ],
            "min": [
                0,
                0,
                0
            ],
            "type": "FLOAT_VEC3"
        },
        "attribute_10": {
            "bufferView": "bufferView_37",
            "byteOffset": 131616,
            "byteStride": 16,
            "count": 273,
            "max": [
                1,
                1,
                1
            ],
            "min": [
                0,
                0,
                0
            ],
            "type": "FLOAT_VEC4"
        },
        "attribute_11": {
            "bufferView": "bufferView_37",
            "byteOffset": 135984,
            "byteStride": 12,
            "count": 273,
            "max": [
                1,
                1,
                1
            ],
            "min": [
                0,
                0,
                0
            ],
            "type": "FLOAT_VEC3"
        },
        "attribute_13": {
            "bufferView": "bufferView_37",
            "byteOffset": 139260,
            "byteStride": 12,
            "count": 322,
            "max": [
                1,
                1,
                1
            ],
            "min": [
                0,
                0,
                0
            ],
            "type": "FLOAT_VEC3"
        },
        "attribute_14": {
            "bufferView": "bufferView_37",
            "byteOffset": 143124,
            "byteStride": 12,
            "count": 322,
            "max": [
                1,
                1,
                1
            ],
            "min": [
                0,
                0,
                0
            ],
            "type": "FLOAT_VEC3"
        },
        "attribute_15": {
            "bufferView": "bufferView_37",
            "byteOffset": 146988,
            "byteStride": 8,
            "count": 322,
            "max": [
                1,
                1,
                1
            ],
            "min": [
                0,
                0,
                0
            ],
            "type": "FLOAT_VEC2"
        },
        "attribute_16": {
            "bufferView": "bufferView_37",
            "byteOffset": 149564,
            "byteStride": 16,
            "count": 322,
            "max": [
                1,
                1,
                1
            ],
            "min": [
                0,
                0,
                0
            ],
            "type": "FLOAT_VEC4"
        },
        "attribute_17": {
            "bufferView": "bufferView_37",
            "byteOffset": 154716,
            "byteStride": 12,
            "count": 322,
            "max": [
                1,
                1,
                1
            ],
            "min": [
                0,
                0,
                0
            ],
            "type": "FLOAT_VEC3"
        },
        "attribute_19": {
            "bufferView": "bufferView_37",
            "byteOffset": 158580,
            "byteStride": 12,
            "count": 544,
            "max": [
                1,
                1,
                1
            ],
            "min": [
                0,
                0,
                0
            ],
            "type": "FLOAT_VEC3"
        },
        "attribute_2": {
            "bufferView": "bufferView_37",
            "byteOffset": 24576,
            "byteStride": 12,
            "count": 2048,
            "max": [
                1,
                1,
                1
            ],
            "min": [
                0,
                0,
                0
            ],
            "type": "FLOAT_VEC3"
        },
        "attribute_20": {
            "bufferView": "bufferView_37",
            "byteOffset": 165108,
            "byteStride": 12,
            "count": 544,
            "max": [
                1,
                1,
                1
            ],
            "min": [
                0,
                0,
                0
            ],
            "type": "FLOAT_VEC3"
        },
        "attribute_21": {
            "bufferView": "bufferView_37",
            "byteOffset": 171636,
            "byteStride": 8,
            "count": 544,
            "max": [
                1,
                1,
                1
            ],
            "min": [
                0,
                0,
                0
            ],
            "type": "FLOAT_VEC2"
        },
        "attribute_22": {
            "bufferView": "bufferView_37",
            "byteOffset": 175988,
            "byteStride": 16,
            "count": 544,
            "max": [
                1,
                1,
                1
            ],
            "min": [
                0,
                0,
                0
            ],
            "type": "FLOAT_VEC4"
        },
        "attribute_23": {
            "bufferView": "bufferView_37",
            "byteOffset": 184692,
            "byteStride": 12,
            "count": 544,
            "max": [
                1,
                1,
                1
            ],
            "min": [
                0,
                0,
                0
            ],
            "type": "FLOAT_VEC3"
        },
        "attribute_25": {
            "bufferView": "bufferView_37",
            "byteOffset": 191220,
            "byteStride": 12,
            "count": 112,
            "max": [
                1,
                1,
                1
            ],
            "min": [
                0,
                0,
                0
            ],
            "type": "FLOAT_VEC3"
        },
        "attribute_26": {
            "bufferView": "bufferView_37",
            "byteOffset": 192564,
            "byteStride": 12,
            "count": 112,
            "max": [
                1,
                1,
                1
            ],
            "min": [
                0,
                0,
                0
            ],
            "type": "FLOAT_VEC3"
        },
        "attribute_27": {
            "bufferView": "bufferView_37",
            "byteOffset": 193908,
            "byteStride": 8,
            "count": 112,
            "max": [
                1,
                1,
                1
            ],
            "min": [
                0,
                0,
                0
            ],
            "type": "FLOAT_VEC2"
        },
        "attribute_28": {
            "bufferView": "bufferView_37",
            "byteOffset": 194804,
            "byteStride": 16,
            "count": 112,
            "max": [
                1,
                1,
                1
            ],
            "min": [
                0,
                0,
                0
            ],
            "type": "FLOAT_VEC4"
        },
        "attribute_29": {
            "bufferView": "bufferView_37",
            "byteOffset": 196596,
            "byteStride": 12,
            "count": 112,
            "max": [
                1,
                1,
                1
            ],
            "min": [
                0,
                0,
                0
            ],
            "type": "FLOAT_VEC3"
        },
        "attribute_3": {
            "bufferView": "bufferView_37",
            "byteOffset": 49152,
            "byteStride": 8,
            "count": 2048,
            "max": [
                1,
                1,
                1
            ],
            "min": [
                0,
                0,
                0
            ],
            "type": "FLOAT_VEC2"
        },
        "attribute_31": {
            "bufferView": "bufferView_37",
            "byteOffset": 197940,
            "byteStride": 12,
            "count": 385,
            "max": [
                1,
                1,
                1
            ],
            "min": [
                0,
                0,
                0
            ],
            "type": "FLOAT_VEC3"
        },
        "attribute_32": {
            "bufferView": "bufferView_37",
            "byteOffset": 202560,
            "byteStride": 12,
            "count": 385,
            "max": [
                1,
                1,
                1
            ],
            "min": [
                0,
                0,
                0
            ],
            "type": "FLOAT_VEC3"
        },
        "attribute_33": {
            "bufferView": "bufferView_37",
            "byteOffset": 207180,
            "byteStride": 8,
            "count": 385,
            "max": [
                1,
                1,
                1
            ],
            "min": [
                0,
                0,
                0
            ],
            "type": "FLOAT_VEC2"
        },
        "attribute_34": {
            "bufferView": "bufferView_37",
            "byteOffset": 210260,
            "byteStride": 16,
            "count": 385,
            "max": [
                1,
                1,
                1
            ],
            "min": [
                0,
                0,
                0
            ],
            "type": "FLOAT_VEC4"
        },
        "attribute_35": {
            "bufferView": "bufferView_37",
            "byteOffset": 216420,
            "byteStride": 12,
            "count": 385,
            "max": [
                1,
                1,
                1
            ],
            "min": [
                0,
                0,
                0
            ],
            "type": "FLOAT_VEC3"
        },
        "attribute_4": {
            "bufferView": "bufferView_37",
            "byteOffset": 65536,
            "byteStride": 16,
            "count": 2048,
            "max": [
                1,
                1,
                1
            ],
            "min": [
                0,
                0,
                0
            ],
            "type": "FLOAT_VEC4"
        },
        "attribute_5": {
            "bufferView": "bufferView_37",
            "byteOffset": 98304,
            "byteStride": 12,
            "count": 2048,
            "max": [
                1,
                1,
                1
            ],
            "min": [
                0,
                0,
                0
            ],
            "type": "FLOAT_VEC3"
        },
        "attribute_7": {
            "bufferView": "bufferView_37",
            "byteOffset": 122880,
            "byteStride": 12,
            "count": 273,
            "max": [
                1,
                1,
                1
            ],
            "min": [
                0,
                0,
                0
            ],
            "type": "FLOAT_VEC3"
        },
        "attribute_8": {
            "bufferView": "bufferView_37",
            "byteOffset": 126156,
            "byteStride": 12,
            "count": 273,
            "max": [
                1,
                1,
                1
            ],
            "min": [
                0,
                0,
                0
            ],
            "type": "FLOAT_VEC3"
        },
        "attribute_9": {
            "bufferView": "bufferView_37",
            "byteOffset": 129432,
            "byteStride": 8,
            "count": 273,
            "max": [
                1,
                1,
                1
            ],
            "min": [
                0,
                0,
                0
            ],
            "type": "FLOAT_VEC2"
        }
    },
    "bufferViews": {
        "bufferView_37": {
            "buffer": "magnataur.bin",
            "byteLength": 221040,
            "byteOffset": 0,
            "target": "ARRAY_BUFFER"
        },
        "bufferView_38": {
            "buffer": "magnataur.bin",
            "byteLength": 41250,
            "byteOffset": 221040,
            "target": "ELEMENT_ARRAY_BUFFER"
        }
    },
    "buffers": {
        "magnataur.bin": {
            "byteLength": 262290,
            "path": "magnataur.bin"
        }
    },
    "cameras": {},
    "images": {
        "image_0": {
            "path": "textures/magnataur_body_color.png"
        },
        "image_1": {
            "path": "textures/magnataur_belt_color.png"
        },
        "image_2": {
            "path": "textures/magnataur_bracers_color.png"
        },
        "image_3": {
            "path": "textures/magnataur_hair_color.png"
        },
        "image_4": {
            "path": "textures/magnataur_horn_color.png"
        },
        "image_5": {
            "path": "textures/magnataur_weapon_color.png"
        }
    },
    "indices": {
        "indices_12": {
            "bufferView": "bufferView_38",
            "byteOffset": 24048,
            "count": 1479,
            "type": "UNSIGNED_SHORT"
        },
        "indices_18": {
            "bufferView": "bufferView_38",
            "byteOffset": 27006,
            "count": 1500,
            "type": "UNSIGNED_SHORT"
        },
        "indices_24": {
            "bufferView": "bufferView_38",
            "byteOffset": 30006,
            "count": 2898,
            "type": "UNSIGNED_SHORT"
        },
        "indices_30": {
            "bufferView": "bufferView_38",
            "byteOffset": 35802,
            "count": 630,
            "type": "UNSIGNED_SHORT"
        },
        "indices_36": {
            "bufferView": "bufferView_38",
            "byteOffset": 37062,
            "count": 2094,
            "type": "UNSIGNED_SHORT"
        },
        "indices_6": {
            "bufferView": "bufferView_38",
            "byteOffset": 0,
            "count": 12024,
            "type": "UNSIGNED_SHORT"
        }
    },
    "lights": {},
    "materials": {
        "Material #35": {
            "instanceTechnique": {
                "technique": "technique_0",
                "values": [
                    {
                        "parameter": "ambient",
                        "value": [
                            0.5879999995231628,
                            0.5879999995231628,
                            0.5879999995231628
                        ]
                    },
                    {
                        "parameter": "emission",
                        "value": [
                            0,
                            0,
                            0
                        ]
                    },
                    {
                        "parameter": "diffuse",
                        "value": "Map #7"
                    },
                    {
                        "parameter": "shininess",
                        "value": 2
                    },
                    {
                        "parameter": "specular",
                        "value": [
                            0.8999999761581421,
                            0.8999999761581421,
                            0.8999999761581421
                        ]
                    }
                ]
            },
            "name": "Material #35"
        },
        "Material #46": {
            "instanceTechnique": {
                "technique": "technique_0",
                "values": [
                    {
                        "parameter": "ambient",
                        "value": [
                            0.5879999995231628,
                            0.5879999995231628,
                            0.5879999995231628
                        ]
                    },
                    {
                        "parameter": "emission",
                        "value": [
                            0,
                            0,
                            0
                        ]
                    },
                    {
                        "parameter": "diffuse",
                        "value": "Map #8"
                    },
                    {
                        "parameter": "shininess",
                        "value": 2
                    },
                    {
                        "parameter": "specular",
                        "value": [
                            0.8999999761581421,
                            0.8999999761581421,
                            0.8999999761581421
                        ]
                    }
                ]
            },
            "name": "Material #46"
        },
        "Material #57": {
            "instanceTechnique": {
                "technique": "technique_0",
                "values": [
                    {
                        "parameter": "ambient",
                        "value": [
                            0.5879999995231628,
                            0.5879999995231628,
                            0.5879999995231628
                        ]
                    },
                    {
                        "parameter": "emission",
                        "value": [
                            0,
                            0,
                            0
                        ]
                    },
                    {
                        "parameter": "diffuse",
                        "value": "Map #9"
                    },
                    {
                        "parameter": "shininess",
                        "value": 2
                    },
                    {
                        "parameter": "specular",
                        "value": [
                            0.8999999761581421,
                            0.8999999761581421,
                            0.8999999761581421
                        ]
                    }
                ]
            },
            "name": "Material #57"
        },
        "Material #68": {
            "instanceTechnique": {
                "technique": "technique_0",
                "values": [
                    {
                        "parameter": "ambient",
                        "value": [
                            0.5879999995231628,
                            0.5879999995231628,
                            0.5879999995231628
                        ]
                    },
                    {
                        "parameter": "emission",
                        "value": [
                            0,
                            0,
                            0
                        ]
                    },
                    {
                        "parameter": "diffuse",
                        "value": "Map #10"
                    },
                    {
                        "parameter": "shininess",
                        "value": 2
                    },
                    {
                        "parameter": "specular",
                        "value": [
                            0.8999999761581421,
                            0.8999999761581421,
                            0.8999999761581421
                        ]
                    }
                ]
            },
            "name": "Material #68"
        },
        "Material #79": {
            "instanceTechnique": {
                "technique": "technique_0",
                "values": [
                    {
                        "parameter": "ambient",
                        "value": [
                            0.5879999995231628,
                            0.5879999995231628,
                            0.5879999995231628
                        ]
                    },
                    {
                        "parameter": "emission",
                        "value": [
                            0,
                            0,
                            0
                        ]
                    },
                    {
                        "parameter": "diffuse",
                        "value": "Map #11"
                    },
                    {
                        "parameter": "shininess",
                        "value": 2
                    },
                    {
                        "parameter": "specular",
                        "value": [
                            0.8999999761581421,
                            0.8999999761581421,
                            0.8999999761581421
                        ]
                    }
                ]
            },
            "name": "Material #79"
        },
        "Material #90": {
            "instanceTechnique": {
                "technique": "technique_0",
                "values": [
                    {
                        "parameter": "ambient",
                        "value": [
                            0.5879999995231628,
                            0.5879999995231628,
                            0.5879999995231628
                        ]
                    },
                    {
                        "parameter": "emission",
                        "value": [
                            0,
                            0,
                            0
                        ]
                    },
                    {
                        "parameter": "diffuse",
                        "value": "Map #12"
                    },
                    {
                        "parameter": "shininess",
                        "value": 2
                    },
                    {
                        "parameter": "specular",
                        "value": [
                            0.8999999761581421,
                            0.8999999761581421,
                            0.8999999761581421
                        ]
                    }
                ]
            },
            "name": "Material #90"
        }
    },
    "meshes": {
        "magnataur_belt_model_LOD0-mesh": {
            "name": "magnataur_belt_model_LOD0-mesh",
            "primitives": [
                {
                    "indices": "indices_12",
                    "material": "Material #46",
                    "semantics": {
                        "JOINT": "attribute_10",
                        "NORMAL": "attribute_8",
                        "POSITION": "attribute_7",
                        "TEXCOORD_0": "attribute_9",
                        "WEIGHT": "attribute_11"
                    },
                    "skin": "skin_1"
                }
            ]
        },
        "magnataur_bracers_model_LOD0-mesh": {
            "name": "magnataur_bracers_model_LOD0-mesh",
            "primitives": [
                {
                    "indices": "indices_18",
                    "material": "Material #57",
                    "semantics": {
                        "JOINT": "attribute_16",
                        "NORMAL": "attribute_14",
                        "POSITION": "attribute_13",
                        "TEXCOORD_0": "attribute_15",
                        "WEIGHT": "attribute_17"
                    },
                    "skin": "skin_2"
                }
            ]
        },
        "magnataur_hair_model_LOD0-mesh": {
            "name": "magnataur_hair_model_LOD0-mesh",
            "primitives": [
                {
                    "indices": "indices_24",
                    "material": "Material #68",
                    "semantics": {
                        "JOINT": "attribute_22",
                        "NORMAL": "attribute_20",
                        "POSITION": "attribute_19",
                        "TEXCOORD_0": "attribute_21",
                        "WEIGHT": "attribute_23"
                    },
                    "skin": "skin_3"
                }
            ]
        },
        "magnataur_horn_model_LOD0-mesh": {
            "name": "magnataur_horn_model_LOD0-mesh",
            "primitives": [
                {
                    "indices": "indices_30",
                    "material": "Material #79",
                    "semantics": {
                        "JOINT": "attribute_28",
                        "NORMAL": "attribute_26",
                        "POSITION": "attribute_25",
                        "TEXCOORD_0": "attribute_27",
                        "WEIGHT": "attribute_29"
                    },
                    "skin": "skin_4"
                }
            ]
        },
        "magnataur_model_LOD0-mesh": {
            "name": "magnataur_model_LOD0-mesh",
            "primitives": [
                {
                    "indices": "indices_6",
                    "material": "Material #35",
                    "semantics": {
                        "JOINT": "attribute_4",
                        "NORMAL": "attribute_2",
                        "POSITION": "attribute_1",
                        "TEXCOORD_0": "attribute_3",
                        "WEIGHT": "attribute_5"
                    },
                    "skin": "skin_0"
                }
            ]
        },
        "magnataur_weapon_model_LOD0-mesh": {
            "name": "magnataur_weapon_model_LOD0-mesh",
            "primitives": [
                {
                    "indices": "indices_36",
                    "material": "Material #90",
                    "semantics": {
                        "JOINT": "attribute_34",
                        "NORMAL": "attribute_32",
                        "POSITION": "attribute_31",
                        "TEXCOORD_0": "attribute_33",
                        "WEIGHT": "attribute_35"
                    },
                    "skin": "skin_5"
                }
            ]
        }
    },
    "nodes": {
        "Back2_0": {
            "children": [
                "Back2_1"
            ],
            "matrix": [
                -0.9995515346527101,
                -3.256952534302383e-7,
                -0.029946211725473407,
                0,
                -2.6420176198367956e-7,
                1.0000000000000002,
                -0.00000205742139761511,
                0,
                0.029946211726140322,
                -0.0000020485868735106832,
                -0.99955153465269,
                0,
                -8.193410873413084,
                -0.0000012804198377125429,
                1.245819091796875,
                1
            ],
            "name": "Back2_0"
        },
        "Back2_1": {
            "children": [
                "Back2_2"
            ],
            "matrix": [
                0.9882395863533023,
                6.091325985835284e-7,
                0.15291354060173037,
                0,
                -3.5145832471002336e-7,
                0.9999999999999999,
                -0.0000017121280961871057,
                0,
                -0.15291354060271659,
                0.0000016382500247538424,
                0.9882395863531498,
                0,
                36.93254470825195,
                0.000015258774510584772,
                -0.00002288818359375,
                1
            ],
            "name": "Back2_1"
        },
        "Back2_2": {
            "children": [
                "thigh_L1",
                "thigh_R1"
            ],
            "matrix": [
                -0.9832171797752381,
                -1.4846172269276442e-7,
                0.18243892490863808,
                0,
                -1.66945184510872e-7,
                0.9999999999999994,
                -8.595561943222884e-8,
                0,
                -0.18243892490862126,
                -1.149703417048249e-7,
                -0.9832171797752411,
                0,
                39.999080657959,
                0.000007629396350239397,
                0.0000152587890625,
                1
            ],
            "name": "Back2_2"
        },
        "Cloth_R0C0": {
            "children": [
                "Cloth_R1C0"
            ],
            "matrix": [
                0.8274190425872805,
                0.5615853667259219,
                0.000005692243576105316,
                0,
                -0.5597925480726298,
                0.824778379276274,
                -0.07983139204313114,
                0,
                -0.04483681826305269,
                0.06605080075509828,
                0.9968082367477729,
                0,
                -1.77484130859375,
                -57.57152938842773,
                1.301166534423821,
                1
            ],
            "name": "Cloth_R0C0"
        },
        "Cloth_R1C0": {
            "children": [
                "Cloth_R2C0"
            ],
            "matrix": [
                -0.25409364700317394,
                0.967179656028748,
                -7.450580596923828e-8,
                0,
                -0.9671794183552316,
                -0.2540935845625287,
                -1.192092893842478e-7,
                0,
                -1.3422827088716005e-7,
                4.177016638129416e-8,
                1.0000000000000075,
                0,
                78.05433654785153,
                2.2478179931640625,
                -3.2439231872558736,
                1
            ],
            "name": "Cloth_R1C0"
        },
        "Cloth_R2C0": {
            "children": [],
            "matrix": [
                0.014930561184883062,
                0.9998889565467834,
                2.682209014892578e-7,
                0,
                -0.9998883608556655,
                0.01493055228989254,
                -2.7755575615628914e-17,
                0,
                -4.004685139058495e-9,
                -2.681908901069896e-7,
                0.9999999999999714,
                0,
                68.93206787109371,
                9.812419891357422,
                8.994083404541009,
                1
            ],
            "name": "Cloth_R2C0"
        },
        "LeftBraid0_R0C0": {
            "children": [
                "LeftBraid0_R1C0"
            ],
            "matrix": [
                0.5343044400215151,
                0.19573898613452914,
                -0.8223171234130857,
                0,
                -0.7983356703183903,
                0.43657748590693274,
                -0.4148023300333662,
                0,
                0.2778119931483285,
                0.8781153075518249,
                0.38953047713548977,
                0,
                -6.071376800537109,
                11.163570404052733,
                -0.7772064208984091,
                1
            ],
            "name": "LeftBraid0_R0C0"
        },
        "LeftBraid0_R1C0": {
            "children": [
                "LeftBraid0_R2C0"
            ],
            "matrix": [
                0.9944187402725225,
                -0.0862618088722229,
                -0.06073984503746038,
                0,
                0.08619156130871825,
                0.9962708357014293,
                -0.003780394819369731,
                0,
                0.06083950036288294,
                -0.0014759680909475492,
                0.9981464218362683,
                0,
                8.71044921875,
                0,
                -0.000015258789076710855,
                1
            ],
            "name": "LeftBraid0_R1C0"
        },
        "LeftBraid0_R2C0": {
            "children": [
                "LeftBraid0_R3C0"
            ],
            "matrix": [
                0.9968382716178894,
                -0.037295520305633545,
                -0.07015886902809143,
                0,
                0.03725282791889856,
                0.9993039397567136,
                -0.0019173025877710081,
                0,
                0.0701815376566148,
                -0.0007023756434027251,
                0.9975337278335316,
                0,
                19.05176544189453,
                0.00000762939453125,
                -0.0000152587890625,
                1
            ],
            "name": "LeftBraid0_R2C0"
        },
        "LeftBraid0_R3C0": {
            "children": [
                "LeftBraid0_R4C0"
            ],
            "matrix": [
                0.9864664673805237,
                0.1379378139972688,
                -0.08863997459411618,
                0,
                -0.13859565097470405,
                0.9903480950479002,
                -0.0012805834452649378,
                0,
                0.08760778829217633,
                0.013548367483251222,
                0.9960627587018284,
                0,
                19.286720275878906,
                -0.00000762939453125,
                0.000015258789076710855,
                1
            ],
            "name": "LeftBraid0_R3C0"
        },
        "LeftBraid0_R4C0": {
            "children": [
                "LeftBraid0_R5C0"
            ],
            "matrix": [
                0.954311013221741,
                0.24095785617828364,
                -0.17672151327133181,
                0,
                -0.24122897699476706,
                0.9702563633665042,
                0.020277235858141965,
                0,
                0.17635110352035646,
                0.023279556592635295,
                0.9840521910064299,
                0,
                25.468223571777344,
                0.0000152587890625,
                0.000003814697265625,
                1
            ],
            "name": "LeftBraid0_R4C0"
        },
        "LeftBraid0_R5C0": {
            "children": [],
            "matrix": [
                1.000000119209289,
                4.917383193137059e-7,
                -4.097819326226437e-8,
                0,
                -4.922490207948105e-7,
                0.9999078512197959,
                -0.013569977088319658,
                0,
                3.430153322839247e-8,
                0.013569976233273438,
                0.9999077882142118,
                0,
                39.63748931884766,
                0.000022888183586644573,
                -0.000011444091789769573,
                1
            ],
            "name": "LeftBraid0_R5C0"
        },
        "Mid_0_L": {
            "children": [
                "Mid_1_L"
            ],
            "matrix": [
                0.8157669901847838,
                0.5729531049728395,
                -0.07905233651399611,
                0,
                -0.5718986816741287,
                0.7786486727932423,
                -0.2581440648053269,
                0,
                -0.08635042094643718,
                0.255795257962683,
                0.9628667240835689,
                0,
                21.668684005737294,
                3.543128967285142,
                0.9623336791992188,
                1
            ],
            "name": "Mid_0_L"
        },
        "Mid_0_R": {
            "children": [
                "Mid_1_R"
            ],
            "matrix": [
                0.815766751766205,
                0.5729529857635498,
                -0.07905229181051254,
                0,
                -0.5718985936845615,
                0.7786485023175929,
                -0.25814398772206765,
                0,
                -0.0863504435162883,
                0.25579524682658167,
                0.9628668296551309,
                0,
                -21.668670654296875,
                -3.5431365966796875,
                -0.96234130859375,
                1
            ],
            "name": "Mid_0_R"
        },
        "Mid_1_L": {
            "children": [],
            "matrix": [
                1.0000003576278684,
                -4.936009644802841e-7,
                -3.576278686245882e-7,
                0,
                4.936009427962407e-7,
                1.0000001192093038,
                2.682209016002801e-7,
                0,
                3.5762777890469e-7,
                -2.6822117385472133e-7,
                1.0000004768371584,
                0,
                8.29104614257813,
                0.000007629394545460855,
                0.00000762939453125,
                1
            ],
            "name": "Mid_1_L"
        },
        "Mid_1_R": {
            "children": [],
            "matrix": [
                1.0000002384185787,
                4.973262547509905e-7,
                5.215406415071122e-8,
                0,
                -4.973261378479754e-7,
                0.9999999999999095,
                2.9802322304428586e-8,
                0,
                -5.215402441860473e-8,
                -2.9802341178220004e-8,
                0.9999997615814205,
                0,
                -8.291060447692868,
                0.000011444091796875,
                -0.000015258789048289145,
                1
            ],
            "name": "Mid_1_R"
        },
        "RightBraid1_R0C0": {
            "children": [
                "RightBraid1_R1C0"
            ],
            "matrix": [
                0.5093098878860474,
                -0.18295891582965854,
                -0.8409098982810973,
                0,
                -0.840485664425152,
                -0.3156902965729816,
                -0.4403673994993003,
                0,
                -0.1848979579153808,
                0.9310562091884981,
                -0.3145585435092826,
                0,
                -4.429862976074219,
                -11.826329231262207,
                -0.061004638671875,
                1
            ],
            "name": "RightBraid1_R0C0"
        },
        "RightBraid1_R1C0": {
            "children": [
                "RightBraid1_R2C0"
            ],
            "matrix": [
                0.9968150854110719,
                -0.015984475612640492,
                0.07812874019145968,
                0,
                0.01612402987026651,
                0.9998693443772303,
                -0.0011556446584770064,
                0,
                -0.07810006005204359,
                0.002411714175497917,
                0.9969425825494727,
                0,
                8.24988555908206,
                0,
                0.000007629394517039145,
                1
            ],
            "name": "RightBraid1_R1C0"
        },
        "RightBraid1_R2C0": {
            "children": [
                "RightBraid1_R3C0"
            ],
            "matrix": [
                0.9982858896255495,
                -0.003634333610534668,
                0.058410793542861966,
                0,
                0.003601111769070242,
                0.9999930866919111,
                0.000674009320050975,
                0,
                -0.058412853733390474,
                -0.00046251031185219615,
                0.9982923223812129,
                0,
                17.99671173095703,
                0,
                -0.000011444091796875,
                1
            ],
            "name": "RightBraid1_R2C0"
        },
        "RightBraid1_R3C0": {
            "children": [
                "RightBraid1_R4C0"
            ],
            "matrix": [
                0.9991222620010376,
                -0.015867471694946234,
                0.03877720236778259,
                0,
                0.015832244773667237,
                0.9998745327037709,
                0.001215472815888255,
                0,
                -0.038791601340064125,
                -0.000600475445460602,
                0.999247549704259,
                0,
                20.23204803466797,
                0.00000762939453125,
                0,
                1
            ],
            "name": "RightBraid1_R3C0"
        },
        "RightBraid1_R4C0": {
            "children": [
                "RightBraid1_R5C0"
            ],
            "matrix": [
                0.9243029952049256,
                0.34086817502975464,
                0.1716749966144563,
                0,
                -0.3416858697189152,
                0.9394622956591901,
                -0.02569695947119151,
                0,
                -0.1700415609224319,
                -0.0349071642060685,
                0.9848182249160122,
                0,
