{
    "accessors": [
        {
            "bufferView": 0,
            "byteOffset": 0,
            "componentType": 5126,
            "count": 2489,
            "max": [
                75.30157470703125,
                100.78977966308594,
                183.92898559570312
            ],
            "min": [
                -75.30155944824219,
                -47.77473831176758,
                -0.39285293221473694
            ],
            "type": "VEC3"
        },
        {
            "bufferView": 0,
            "byteOffset": 29868,
            "componentType": 5126,
            "count": 2489,
            "max": [
                0.999879777431488,
                0.9998400211334229,
                0.9997460842132568
            ],
            "min": [
                -0.999879777431488,
                -0.9999977350234985,
                -0.9997454881668091
            ],
            "type": "VEC3"
        },
        {
            "bufferView": 0,
            "byteOffset": 59736,
            "componentType": 5126,
            "count": 2489,
            "max": [
                1.9937987327575684,
                0.9964505434036255
            ],
            "min": [
                0.0035170249175280333,
                0.002804696559906006
            ],
            "type": "VEC2"
        },
        {
            "bufferView": 0,
            "byteOffset": 79648,
            "componentType": 5123,
            "count": 2489,
            "max": [
                42,
                43,
                43,
                0
            ],
            "min": [
                0,
                0,
                0,
                0
            ],
            "type": "VEC4"
        },
        {
            "bufferView": 0,
            "byteOffset": 99560,
            "componentType": 5126,
            "count": 2489,
            "max": [
                1,
                0.9994174838066101,
                0.9837684035301208,
                0
            ],
            "min": [
                0.0005825344705954194,
                0,
                0,
                0
            ],
            "type": "VEC4"
        },
        {
            "bufferView": 2,
            "byteOffset": 0,
            "componentType": 5123,
            "count": 12024,
            "max": [
                2488
            ],
            "min": [
                0
            ],
            "type": "SCALAR"
        },
        {
            "bufferView": 1,
            "byteOffset": 0,
            "componentType": 5126,
            "count": 44,
            "max": [
                0.993228263896694,
                1.0000001788114723,
                0.941737378595768,
                0,
                1.0000000596045846,
                0.9785911190637894,
                0.9912832206842325,
                0,
                0.9964894603450165,
                0.7302474452796421,
                1.0000001788115345,
                0,
                125.88967161363755,
                109.5407086489325,
                142.12920514767498,
                1
            ],
            "min": [
                -0.5729533698166013,
                -0.999999999999936,
                -0.2557956929695317,
                0,
                -1.0000002384185949,
                -0.9785910000779537,
                -0.9912834151962407,
                0,
                -0.9964895349353998,
                -0.7302478622186351,
                -1.0000001788139476,
                0,
                -128.15489714563995,
                -109.54066739288237,
                -163.30104064940872,
                1
            ],
            "type": "MAT4"
        },
        {
            "bufferView": 0,
            "byteOffset": 139384,
            "componentType": 5126,
            "count": 331,
            "max": [
                33.838191986083984,
                36.20192337036133,
                122.7742691040039
            ],
            "min": [
                -33.838191986083984,
                -48.0048942565918,
                28.75609016418457
            ],
            "type": "VEC3"
        },
        {
            "bufferView": 0,
            "byteOffset": 143356,
            "componentType": 5126,
            "count": 331,
            "max": [
                0.9978042840957642,
                0.9389287829399109,
                0.9987627267837524
            ],
            "min": [
                -0.9910537004470825,
                -0.9980477690696716,
                -0.9779897332191467
            ],
            "type": "VEC3"
        },
        {
            "bufferView": 0,
            "byteOffset": 147328,
            "componentType": 5126,
            "count": 331,
            "max": [
                0.9993464350700378,
                0.9869821071624756
            ],
            "min": [
                0.012975090183317661,
                0.0023730993270874023
            ],
            "type": "VEC2"
        },
        {
            "bufferView": 0,
            "byteOffset": 149976,
            "componentType": 5123,
            "count": 331,
            "max": [
                5,
                5,
                6,
                0
            ],
            "min": [
                0,
                0,
                0,
                0
            ],
            "type": "VEC4"
        },
        {
            "bufferView": 0,
            "byteOffset": 152624,
            "componentType": 5126,
            "count": 331,
            "max": [
                1,
                0.9557471871376038,
                0.45264932513237,
                0
            ],
            "min": [
                0.02907431498169899,
                0,
                0,
                0
            ],
            "type": "VEC4"
        },
        {
            "bufferView": 2,
            "byteOffset": 24048,
            "componentType": 5123,
            "count": 1479,
            "max": [
                330
            ],
            "min": [
                0
            ],
            "type": "SCALAR"
        },
        {
            "bufferView": 1,
            "byteOffset": 2816,
            "componentType": 5126,
            "count": 7,
            "max": [
                0.03160622596024448,
                0.9999999999999732,
                0.8844609529310401,
                0,
                0.9995514886500312,
                0.8808977428365166,
                0.9798061200779924,
                0,
                0.9798061200780074,
                0.10538163048072674,
                1,
                0,
                76.87909567673356,
                0.0001729163540600082,
                83.72148324946795,
                1
            ],
            "min": [
                -1.628476195388762e-7,
                5.121859412154797e-7,
                -0.9999999999997333,
                0,
                -0.9999999999999732,
                -0.9944318544237504,
                -0.4665207530328346,
                0,
                -0.996304891453004,
                -0.000002057421397508434,
                -0.9995514886458331,
                0,
                -128.15490230155322,
                -50.826904176902076,
                -82.63150024414062,
                1
            ],
            "type": "MAT4"
        },
        {
            "bufferView": 0,
            "byteOffset": 157920,
            "componentType": 5126,
            "count": 400,
            "max": [
                81.22821044921875,
                18.092510223388672,
                131.04000854492188
            ],
            "min": [
                -81.22821044921875,
                -23.531108856201172,
                85.54391479492188
            ],
            "type": "VEC3"
        },
        {
            "bufferView": 0,
            "byteOffset": 162720,
            "componentType": 5126,
            "count": 400,
            "max": [
                0.9953513145446777,
                0.9923041462898254,
                0.9409151077270508
            ],
            "min": [
                -0.9953513145446777,
                -0.9906333088874817,
                -0.9849299192428589
            ],
            "type": "VEC3"
        },
        {
            "bufferView": 0,
            "byteOffset": 167520,
            "componentType": 5126,
            "count": 400,
            "max": [
                0.9879916906356812,
                0.9798817038536072
            ],
            "min": [
                0.00917348824441433,
                0.006924808025360107
            ],
            "type": "VEC2"
        },
        {
            "bufferView": 0,
            "byteOffset": 170720,
            "componentType": 5123,
            "count": 400,
            "max": [
                1,
                0,
                0,
                0
            ],
            "min": [
                0,
                0,
                0,
                0
            ],
            "type": "VEC4"
        },
        {
            "bufferView": 0,
            "byteOffset": 173920,
            "componentType": 5126,
            "count": 400,
            "max": [
                1,
                0,
                0,
                0
            ],
            "min": [
                1,
                0,
                0,
                0
            ],
            "type": "VEC4"
        },
        {
            "bufferView": 2,
            "byteOffset": 27006,
            "componentType": 5123,
            "count": 1500,
            "max": [
                399
            ],
            "min": [
                0
            ],
            "type": "SCALAR"
        },
        {
            "bufferView": 1,
            "byteOffset": 3264,
            "componentType": 5126,
            "count": 2,
            "max": [
                0.374077844497077,
                -0.7930261882176018,
                0.48080706195778594,
                0,
                0.6940550052119646,
                0.10447195954753574,
                0.7123014885772154,
                0,
                0.6151044826560474,
                0.6001623798064034,
                0.5113233561160134,
                0,
                51.78672865039267,
                109.54069672066954,
                26.581875824026895,
                1
            ],
            "min": [
                0.3740776693202539,
                -0.7930262225242263,
                0.48080686528475447,
                0,
                -0.6940549898434911,
                -0.10447179051260927,
                -0.7123014693073352,
                0,
                -0.6151045150800679,
                -0.6001627412746509,
                -0.511323076571599,
                0,
                -51.78674507285911,
                -109.54065992775884,
                -26.581934475526946,
                1
            ],
            "type": "MAT4"
        },
        {
            "bufferView": 0,
            "byteOffset": 180320,
            "componentType": 5126,
            "count": 644,
            "max": [
                32.88652038574219,
                30.79266929626465,
                189.38792419433594
            ],
            "min": [
                -32.88648223876953,
                -62.16517639160156,
                66.34602355957031
            ],
            "type": "VEC3"
        },
        {
            "bufferView": 0,
            "byteOffset": 188048,
            "componentType": 5126,
            "count": 644,
            "max": [
                0.9999343752861023,
                0.9918169975280762,
                0.9996404051780701
            ],
            "min": [
                -0.9999343156814575,
                -0.9978924989700317,
                -0.9728440642356873
            ],
            "type": "VEC3"
        },
        {
            "bufferView": 0,
            "byteOffset": 195776,
            "componentType": 5126,
            "count": 644,
            "max": [
                1.9874811172485352,
                0.9831573963165283
            ],
            "min": [
                0.006064760498702526,
                0.007053792476654053
            ],
            "type": "VEC2"
        },
        {
            "bufferView": 0,
            "byteOffset": 200928,
            "componentType": 5123,
            "count": 644,
            "max": [
                13,
                14,
                14,
                0
            ],
            "min": [
                0,
                0,
                0,
                0
            ],
            "type": "VEC4"
        },
        {
            "bufferView": 0,
            "byteOffset": 206080,
            "componentType": 5126,
            "count": 644,
            "max": [
                1,
                0.9998466372489929,
                0.4969421923160553,
                0
            ],
            "min": [
                0.00015336745127569884,
                0,
                0,
                0
            ],
            "type": "VEC4"
        },
        {
            "bufferView": 2,
            "byteOffset": 30006,
            "componentType": 5123,
            "count": 2898,
            "max": [
                643
            ],
            "min": [
                0
            ],
            "type": "SCALAR"
        },
        {
            "bufferView": 1,
            "byteOffset": 3392,
            "componentType": 5126,
            "count": 15,
            "max": [
                0.9932283104318435,
                0.9999999999999987,
                0.9477368149816753,
                0,
                0.05210046996651096,
                0.9785912215218568,
                0.979806115496131,
                0,
                0.9798061154961459,
                0.19299096666822643,
                0.9999998807907167,
                0,
                125.88960716968087,
                89.03250595686215,
                142.12921794199502,
                1
            ],
            "min": [
                -0.18295884211513386,
                -0.3218345640152036,
                -2.9192755014012076e-8,
                0,
                -0.99999988079071,
                -0.9785913031986546,
                -0.4459520939855142,
                0,
                -0.9899005914073721,
                -0.5159289256687996,
                -0.9756901680601775,
                0,
                -128.15489973201062,
                -32.052229920626786,
                -163.30105169998848,
                1
            ],
            "type": "MAT4"
        },
        {
            "bufferView": 0,
            "byteOffset": 216384,
            "componentType": 5126,
            "count": 158,
            "max": [
                6.675004959106445,
                -36.37240219116211,
                211.86178588867188
            ],
            "min": [
                -6.674995422363281,
                -66.06214904785156,
                149.46441650390625
            ],
            "type": "VEC3"
        },
        {
            "bufferView": 0,
            "byteOffset": 218280,
            "componentType": 5126,
            "count": 158,
            "max": [
                0.9980332851409912,
                0.9942948222160339,
                0.9999992847442627
            ],
            "min": [
                -0.9980334043502808,
                -0.9999980330467224,
                -0.9117578268051147
            ],
            "type": "VEC3"
        },
        {
            "bufferView": 0,
            "byteOffset": 220176,
            "componentType": 5126,
            "count": 158,
            "max": [
                1.9889440536499023,
                0.9858294725418091
            ],
            "min": [
                0.011205727234482765,
                0.018977582454681396
            ],
            "type": "VEC2"
        },
        {
            "bufferView": 0,
            "byteOffset": 221440,
            "componentType": 5123,
            "count": 158,
            "max": [
                0,
                0,
                0,
                0
            ],
            "min": [
                0,
                0,
                0,
                0
            ],
            "type": "VEC4"
        },
        {
            "bufferView": 0,
            "byteOffset": 222704,
            "componentType": 5126,
            "count": 158,
            "max": [
                1,
                0,
                0,
                0
            ],
            "min": [
                1,
                0,
                0,
                0
            ],
            "type": "VEC4"
        },
        {
            "bufferView": 2,
            "byteOffset": 35802,
            "componentType": 5123,
            "count": 630,
            "max": [
                157
            ],
            "min": [
                0
            ],
            "type": "SCALAR"
        },
        {
            "bufferView": 1,
            "byteOffset": 4352,
            "componentType": 5126,
            "count": 1,
            "max": [
                3.9452914789891647e-7,
                0.9999999999998757,
                -2.0960836260973915e-7,
                0,
                -0.9999998807905697,
                3.94529194930468e-7,
                -8.26353862184664e-14,
                0,
                6.123233265789747e-17,
                2.0960838759703465e-7,
                0.9999998807906056,
                0,
                -22.526551422289725,
                -0.000028868065117043006,
                -163.3010364411843,
                1
            ],
            "min": [
                3.9452914789891647e-7,
                0.9999999999998757,
                -2.0960836260973915e-7,
                0,
                -0.9999998807905697,
                3.94529194930468e-7,
                -8.26353862184664e-14,
                0,
                6.123233265789747e-17,
                2.0960838759703465e-7,
                0.9999998807906056,
                0,
                -22.526551422289725,
                -0.000028868065117043006,
                -163.3010364411843,
                1
            ],
            "type": "MAT4"
        },
        {
            "bufferView": 0,
            "byteOffset": 225232,
            "componentType": 5126,
            "count": 453,
            "max": [
                -34.119468688964844,
                61.938087463378906,
                166.51950073242188
            ],
            "min": [
                -188.4149169921875,
                -131.67282104492188,
                -63.22903060913086
            ],
            "type": "VEC3"
        },
        {
            "bufferView": 0,
            "byteOffset": 230668,
            "componentType": 5126,
            "count": 453,
            "max": [
                0.9972530603408813,
                0.9910296201705933,
                0.9893229007720947
            ],
            "min": [
                -0.9990172982215881,
                -0.9964296221733093,
                -0.995682954788208
            ],
            "type": "VEC3"
        },
        {
            "bufferView": 0,
            "byteOffset": 236104,
            "componentType": 5126,
            "count": 453,
            "max": [
                1.9924167394638062,
                0.9810776710510254
            ],
            "min": [
                0.013240158557891846,
                0.018122553825378418
            ],
            "type": "VEC2"
        },
        {
            "bufferView": 0,
            "byteOffset": 239728,
            "componentType": 5123,
            "count": 453,
            "max": [
                0,
                0,
                0,
                0
            ],
            "min": [
                0,
                0,
                0,
                0
            ],
            "type": "VEC4"
        },
        {
            "bufferView": 0,
            "byteOffset": 243352,
            "componentType": 5126,
            "count": 453,
            "max": [
                1,
                0,
                0,
                0
            ],
            "min": [
                1,
                0,
                0,
                0
            ],
            "type": "VEC4"
        },
        {
            "bufferView": 2,
            "byteOffset": 37062,
            "componentType": 5123,
            "count": 2094,
            "max": [
                452
            ],
            "min": [
                0
            ],
            "type": "SCALAR"
        },
        {
            "bufferView": 1,
            "byteOffset": 4416,
            "componentType": 5126,
            "count": 1,
            "max": [
                -0.8888266088371938,
                0.4566219017227026,
                0.03851969159387556,
                0,
                -0.3201994300534742,
                -0.5587398614950209,
                -0.7650375321581309,
                0,
                -0.3278102875417348,
                -0.6923196734673053,
                0.6428329522357729,
                0,
                -95.02353782035854,
                51.731668552166255,
                -52.44958384416215,
                1
            ],
            "min": [
                -0.8888266088371938,
                0.4566219017227026,
                0.03851969159387556,
                0,
                -0.3201994300534742,
                -0.5587398614950209,
                -0.7650375321581309,
                0,
                -0.3278102875417348,
                -0.6923196734673053,
                0.6428329522357729,
                0,
                -95.02353782035854,
                51.731668552166255,
                -52.44958384416215,
                1
            ],
            "type": "MAT4"
        }
    ],
    "asset": {
        "generator": "ClayGL - fbx2gltf",
        "version": "2.0"
    },
    "bufferViews": [
        {
            "buffer": 0,
            "byteLength": 250600,
            "byteOffset": 0,
            "target": 34962
        },
        {
            "buffer": 0,
            "byteLength": 4480,
            "byteOffset": 250600,
            "target": 34962
        },
        {
            "buffer": 0,
            "byteLength": 41250,
            "byteOffset": 255080,
            "target": 34963
        }
    ],
    "buffers": [
        {
            "byteLength": 296330,
            "uri": "magnataur.bin"
        }
    ],
    "images": [
        {
            "uri": "textures/magnataur_body_color.png"
        },
        {
            "uri": "textures/magnataur_belt_color.png"
        },
        {
            "uri": "textures/magnataur_bracers_color.png"
        },
        {
            "uri": "textures/magnataur_hair_color.png"
        },
        {
            "uri": "textures/magnataur_horn_color.png"
        },
        {
            "uri": "textures/magnataur_weapon_color.png"
        }
    ],
    "materials": [
        {
            "emissiveFactor": [
                0,
                0,
                0
            ],
            "name": "Material #35",
            "pbrMetallicRoughness": {
                "baseColorFactor": [
                    1,
                    1,
                    1,
                    1
                ],
                "baseColorTexture": {
                    "index": 0,
                    "texCoord": 0
                },
                "metallicFactor": 0,
                "roughnessFactor": 0.9230769230769231
            }
        },
        {
            "emissiveFactor": [
                0,
                0,
                0
            ],
            "name": "Material #46",
            "pbrMetallicRoughness": {
                "baseColorFactor": [
                    1,
                    1,
                    1,
                    1
                ],
                "baseColorTexture": {
                    "index": 1,
                    "texCoord": 0
                },
                "metallicFactor": 0,
                "roughnessFactor": 0.9230769230769231
            }
        },
        {
            "emissiveFactor": [
                0,
                0,
                0
            ],
            "name": "Material #57",
            "pbrMetallicRoughness": {
                "baseColorFactor": [
                    1,
                    1,
                    1,
                    1
                ],
                "baseColorTexture": {
                    "index": 2,
                    "texCoord": 0
                },
                "metallicFactor": 0,
                "roughnessFactor": 0.9230769230769231
            }
        },
        {
            "emissiveFactor": [
                0,
                0,
                0
            ],
            "name": "Material #68",
            "pbrMetallicRoughness": {
                "baseColorFactor": [
                    1,
                    1,
                    1,
                    1
                ],
                "baseColorTexture": {
                    "index": 3,
                    "texCoord": 0
                },
                "metallicFactor": 0,
                "roughnessFactor": 0.9230769230769231
            }
        },
        {
            "emissiveFactor": [
                0,
                0,
                0
            ],
            "name": "Material #79",
            "pbrMetallicRoughness": {
                "baseColorFactor": [
                    1,
                    1,
                    1,
                    1
                ],
                "baseColorTexture": {
                    "index": 4,
                    "texCoord": 0
                },
                "metallicFactor": 0,
                "roughnessFactor": 0.9230769230769231
            }
        },
        {
            "emissiveFactor": [
                0,
                0,
                0
            ],
            "name": "Material #90",
            "pbrMetallicRoughness": {
                "baseColorFactor": [
                    1,
                    1,
                    1,
                    1
                ],
                "baseColorTexture": {
                    "index": 5,
                    "texCoord": 0
                },
                "metallicFactor": 0,
                "roughnessFactor": 0.9230769230769231
            }
        }
    ],
    "meshes": [
        {
            "name": "magnataur_model_LOD0",
            "primitives": [
                {
                    "attributes": {
                        "JOINTS_0": 3,
                        "NORMAL": 1,
                        "POSITION": 0,
                        "TEXCOORD_0": 2,
                        "WEIGHTS_0": 4
                    },
                    "indices": 5,
                    "material": 0
                }
            ]
        },
        {
            "name": "magnataur_belt_model_LOD0",
            "primitives": [
                {
                    "attributes": {
                        "JOINTS_0": 10,
                        "NORMAL": 8,
                        "POSITION": 7,
                        "TEXCOORD_0": 9,
                        "WEIGHTS_0": 11
                    },
                    "indices": 12,
                    "material": 1
                }
            ]
        },
        {
            "name": "magnataur_bracers_model_LOD0",
            "primitives": [
                {
                    "attributes": {
                        "JOINTS_0": 17,
                        "NORMAL": 15,
                        "POSITION": 14,
                        "TEXCOORD_0": 16,
                        "WEIGHTS_0": 18
                    },
                    "indices": 19,
                    "material": 2
                }
            ]
        },
        {
            "name": "magnataur_hair_model_LOD0",
            "primitives": [
                {
                    "attributes": {
                        "JOINTS_0": 24,
                        "NORMAL": 22,
                        "POSITION": 21,
                        "TEXCOORD_0": 23,
                        "WEIGHTS_0": 25
                    },
                    "indices": 26,
                    "material": 3
                }
            ]
        },
        {
            "name": "magnataur_horn_model_LOD0",
            "primitives": [
                {
                    "attributes": {
                        "JOINTS_0": 31,
                        "NORMAL": 29,
                        "POSITION": 28,
                        "TEXCOORD_0": 30,
                        "WEIGHTS_0": 32
                    },
                    "indices": 33,
                    "material": 4
                }
            ]
        },
        {
            "name": "magnataur_weapon_model_LOD0",
            "primitives": [
                {
                    "attributes": {
                        "JOINTS_0": 38,
                        "NORMAL": 36,
                        "POSITION": 35,
                        "TEXCOORD_0": 37,
                        "WEIGHTS_0": 39
                    },
                    "indices": 40,
                    "material": 5
                }
            ]
        }
    ],
    "nodes": [
        {
            "children": [
                1,
                37,
                41,
                44,
                48
            ],
            "matrix": [
                1.6292068478213574e-7,
                1.469367938527879e-39,
                1.0000000000000002,
                0,
                1.0000000000000002,
                6.123233995736847e-17,
                -1.6292068478213574e-7,
                0,
                -6.123233995736685e-17,
                1,
                9.976014756666736e-24,
                0,
                6.773833864025204e-15,
                82.63150024414062,
                12.141027450561523,
                1
            ],
            "name": "root"
        },
        {
            "children": [
                2
            ],
            "matrix": [
                -0.31898429989814736,
                -7.605178343483125e-8,
                0.9477599859237673,
                0,
                -4.6438216800413623e-7,
                1.0000000000000002,
                -7.605178355456502e-8,
                0,
                -0.947759985923756,
                -4.6438216194400407e-7,
                -0.3189842998981808,
                0,
                0,
                0.0000010277767614752524,
                23.512786865234375,
                1
            ],
            "name": "spine1"
        },
        {
            "children": [
                3,
                15,
                23
            ],
            "matrix": [
                0.8648402690887453,
                -7.10542743701034e-15,
                -0.5020471811294557,
                0,
                -2.3939474291777515e-7,
                1,
                -4.1238797621190336e-7,
                0,
                0.5020471811294556,
                4.768371841751452e-7,
                0.8648402690887451,
                0,
                25.121940612792983,
                0.000001645748852752149,
                -0.000022888183586644573,
                1
            ],
            "name": "spine2"
        },
        {
            "children": [
                4
            ],
            "matrix": [
                0.09132804721593854,
                0.9932281374931333,
                0.07181180268526077,
                0,
                0.006575528062431446,
                0.07151012728608322,
                -0.997418223680242,
                0,
                -0.9957991834970413,
                0.0915644653787041,
                -1.192092894952701e-7,
                0,
                13.59515380859375,
                -10.644170761108397,
                10.366464614868164,
                1
            ],
            "name": "clavicle_R"
        },
        {
            "children": [
                5
            ],
            "matrix": [
                0.6819232702255247,
                -0.030362948775291443,
                -0.7307930588722227,
                0,
                -0.7307765705314293,
                -0.07029967278976708,
                -0.6789870776590254,
                0,
                -0.03075845887617449,
                0.9970633982208386,
                -0.07012750480816521,
                0,
                -19.449926376342773,
                -0.0000152587890625,
                0.0000152587890625,
                1
            ],
            "name": "bicep_R"
        },
        {
            "children": [
                6
            ],
            "matrix": [
                0.657560050487518,
                2.6822090155864675e-7,
                -0.7534021735191344,
                0,
                -3.396110125411522e-7,
                0.9999999999999641,
                5.9604642110855366e-8,
                0,
                0.7534021396866126,
                2.166700337202787e-7,
                0.6575600209589907,
                0,
                -40.697853088378906,
                -0.000022888183579539145,
                -0.00002288818359375,
                1
            ],
            "name": "elbow_R"
        },
        {
            "children": [
                7,
                11,
                13
            ],
            "matrix": [
                0.694054901599884,
                -0.10447245091199882,
                -0.7123016715049744,
                0,
                -0.37407795154600715,
                0.7930260261815281,
                -0.48080753161723505,
                0,
                0.6151045805281611,
                0.6001628573792872,
                0.511322490210954,
                0,
                -31.740028381347653,
                0.000022888183607960855,
                -0.0000019073486328125,
                1
            ],
            "name": "wrist_R"
        },
        {
            "children": [
                8
            ],
            "matrix": [
                -0.32019937038421636,
                0.8888265490531921,
                -0.3278098404407501,
                0,
                -0.5587392524991001,
                -0.45662143278868966,
                -0.6923199595381142,
                0,
                -0.7650376004828641,
                -0.03852020207241933,
                0.6428323793900641,
                0,
                -25.183105468749993,
                39.4720916748047,
                -53.28351974487305,
                1
            ],
            "name": "weapon_1"
        },
        {
            "children": [
                9
            ],
            "matrix": [
                0.8274190425872803,
                0.5615853667259216,
                0.000005692243575883271,
                0,
                -0.5597925480726296,
                0.8247783792762741,
                -0.07983139204313108,
                0,
                -0.04483681826305258,
                0.06605080075509817,
                0.996808236747773,
                0,
                -1.77484130859375,
                -57.57152938842772,
                1.301166534423821,
                1
            ],
            "name": "Cloth_R0C0"
        },
        {
            "children": [
                10
            ],
            "matrix": [
                -0.25409364700317405,
                0.9671796560287478,
                -7.45058058373993e-8,
                0,
                -0.9671794183552316,
                -0.2540935845625288,
                -1.192092896062924e-7,
                0,
                -1.342282707206266e-7,
                4.177016632578301e-8,
                1.000000000000008,
                0,
                78.05433654785155,
                2.247817993164091,
                -3.2439231872558594,
                1
            ],
            "name": "Cloth_R1C0"
        },
        {
            "matrix": [
                0.014930561184883104,
                0.9998889565467836,
                2.682209016002801e-7,
                0,
                -0.9998883608556651,
                0.014930552289892624,
                -2.7755575615628914e-17,
                0,
                -4.0046851529362826e-9,
                -2.6819089038454536e-7,
                0.9999999999999708,
                0,
                68.93206787109376,
                9.812419891357415,
                8.994083404541016,
                1
            ],
            "name": "Cloth_R2C0"
        },
        {
            "children": [
                12
            ],
            "matrix": [
                0.5980525016784667,
                0.4632792472839355,
                -0.6539917588233951,
                0,
                0.6590040223578922,
                0.18014349220538467,
                0.7302473451936651,
                0,
                0.45612102986476566,
                -0.867709889109852,
                -0.19756772094699926,
                0,
                -3.037094116210934,
                -3.4791908264160014,
                10.117942810058594,
                1
            ],
            "name": "Thumb_0_R"
        },
        {
            "matrix": [
                1.0000001192092896,
                -5.960464483090178e-8,
                4.470348357044074e-7,
                0,
                5.96046726974997e-8,
                1.0000004768371604,
                -1.4901161249358807e-8,
                0,
                -4.470349415641728e-7,
                1.490118617386571e-8,
                1.0000003576279,
                0,
                -10.367607116699219,
                0,
                -0.00000762939453125,
                1
            ],
            "name": "Thumb_1_R"
        },
        {
            "children": [
                14
            ],
            "matrix": [
                0.8157667517662047,
                0.5729529857635496,
                -0.0790522918105125,
                0,
                -0.5718985936845613,
                0.7786485023175928,
                -0.2581439877220676,
                0,
                -0.08635044351628829,
                0.2557952468265815,
                0.9628668296551304,
                0,
                -21.668670654296875,
                -3.5431365966796804,
                -0.96234130859375,
                1
            ],
            "name": "Mid_0_R"
        },
        {
            "matrix": [
                1.0000002384185787,
                4.973262549556878e-7,
                5.215406415071122e-8,
                0,
                -4.973261378271587e-7,
                0.9999999999999098,
                2.980232234606195e-8,
                0,
                -5.2154024501871454e-8,
                -2.980234121985337e-8,
                0.9999997615814202,
                0,
                -8.291060447692871,
                0.000011444091796875,
                -0.0000152587890625,
                1
            ],
            "name": "Mid_1_R"
        },
        {
            "children": [
                16
            ],
            "matrix": [
                -0.09132812172174445,
                0.9932280778884885,
                -0.07181137800216673,
                0,
                -0.006575331972710846,
                0.07150972687375032,
                0.9974182822358503,
                0,
                0.9957991249540997,
                0.09156452833807857,
