{
    "accessors": {
        "attrbute_1": {
            "bufferView": "bufferView_37",
            "byteOffset": 0,
            "byteStride": 12,
            "count": 2489,
            "max": [
                75.30157470703125,
                100.78977966308594,
                183.92898559570312,
                0
            ],
            "min": [
                -75.30155944824219,
                -47.77473831176758,
                -0.39285293221473694,
                0
            ],
            "type": 35665
        },
        "attrbute_10": {
            "bufferView": "bufferView_37",
            "byteOffset": 159932,
            "byteStride": 16,
            "count": 331,
            "max": [
                5,
                5,
                6,
                -1
            ],
            "min": [
                0,
                -1,
                -1,
                -1
            ],
            "type": 35666
        },
        "attrbute_11": {
            "bufferView": "bufferView_37",
            "byteOffset": 165228,
            "byteStride": 12,
            "count": 331,
            "max": [
                1,
                0.9557471871376038,
                0.45264932513237
            ],
            "min": [
                0.02907431498169899,
                0,
                0
            ],
            "type": 35665
        },
        "attrbute_13": {
            "bufferView": "bufferView_37",
            "byteOffset": 169200,
            "byteStride": 12,
            "count": 400,
            "max": [
                81.22821044921875,
                18.092510223388672,
                131.04000854492188,
                0
            ],
            "min": [
                -81.22821044921875,
                -23.531108856201172,
                85.54391479492188,
                0
            ],
            "type": 35665
        },
        "attrbute_14": {
            "bufferView": "bufferView_37",
            "byteOffset": 174000,
            "byteStride": 12,
            "count": 400,
            "max": [
                0.9953513145446777,
                0.9923041462898254,
                0.9409151077270508,
                0
            ],
            "min": [
                -0.9953513145446777,
                -0.9906333088874817,
                -0.9849299192428589,
                0
            ],
            "type": 35665
        },
        "attrbute_15": {
            "bufferView": "bufferView_37",
            "byteOffset": 178800,
            "byteStride": 8,
            "count": 400,
            "max": [
                0.9879916906356812,
                0.9930751919746399
            ],
            "min": [
                0.00917348824441433,
                0.020118296146392822
            ],
            "type": 35664
        },
        "attrbute_16": {
            "bufferView": "bufferView_37",
            "byteOffset": 182000,
            "byteStride": 16,
            "count": 400,
            "max": [
                1,
                -1,
                -1,
                -1
            ],
            "min": [
                0,
                -1,
                -1,
                -1
            ],
            "type": 35666
        },
        "attrbute_17": {
            "bufferView": "bufferView_37",
            "byteOffset": 188400,
            "byteStride": 12,
            "count": 400,
            "max": [
                1,
                0,
                0
            ],
            "min": [
                1,
                0,
                0
            ],
            "type": 35665
        },
        "attrbute_19": {
            "bufferView": "bufferView_37",
            "byteOffset": 193200,
            "byteStride": 12,
            "count": 644,
            "max": [
                32.88652038574219,
                30.79266929626465,
                189.38792419433594,
                0
            ],
            "min": [
                -32.88648223876953,
                -62.16517639160156,
                66.34602355957031,
                0
            ],
            "type": 35665
        },
        "attrbute_2": {
            "bufferView": "bufferView_37",
            "byteOffset": 29868,
            "byteStride": 12,
            "count": 2489,
            "max": [
                0.999879777431488,
                0.9998400211334229,
                0.9997460842132568,
                0
            ],
            "min": [
                -0.999879777431488,
                -0.9999977350234985,
                -0.9997454881668091,
                0
            ],
            "type": 35665
        },
        "attrbute_20": {
            "bufferView": "bufferView_37",
            "byteOffset": 200928,
            "byteStride": 12,
            "count": 644,
            "max": [
                0.9999343752861023,
                0.9918169975280762,
                0.9996404051780701,
                0
            ],
            "min": [
                -0.9999343156814575,
                -0.9978924989700317,
                -0.9728440642356873,
                0
            ],
            "type": 35665
        },
        "attrbute_21": {
            "bufferView": "bufferView_37",
            "byteOffset": 208656,
            "byteStride": 8,
            "count": 644,
            "max": [
                1.9874811172485352,
                0.992946207523346
            ],
            "min": [
                0.006064760498702526,
                0.01684260368347168
            ],
            "type": 35664
        },
        "attrbute_22": {
            "bufferView": "bufferView_37",
            "byteOffset": 213808,
            "byteStride": 16,
            "count": 644,
            "max": [
                13,
                14,
                14,
                -1
            ],
            "min": [
                0,
                -1,
                -1,
                -1
            ],
            "type": 35666
        },
        "attrbute_23": {
            "bufferView": "bufferView_37",
            "byteOffset": 224112,
            "byteStride": 12,
            "count": 644,
            "max": [
                1,
                0.9998466372489929,
                0.4969421923160553
            ],
            "min": [
                0.00015336745127569884,
                0,
                0
            ],
            "type": 35665
        },
        "attrbute_25": {
            "bufferView": "bufferView_37",
            "byteOffset": 231840,
            "byteStride": 12,
            "count": 158,
            "max": [
                6.675004959106445,
                -36.37240219116211,
                211.86178588867188,
                0
            ],
            "min": [
                -6.674995422363281,
                -66.06214904785156,
                149.46441650390625,
                0
            ],
            "type": 35665
        },
        "attrbute_26": {
            "bufferView": "bufferView_37",
            "byteOffset": 233736,
            "byteStride": 12,
            "count": 158,
            "max": [
                0.9980332851409912,
                0.9942948222160339,
                0.9999992847442627,
                0
            ],
            "min": [
                -0.9980334043502808,
                -0.9999980330467224,
                -0.9117578268051147,
                0
            ],
            "type": 35665
        },
        "attrbute_27": {
            "bufferView": "bufferView_37",
            "byteOffset": 235632,
            "byteStride": 8,
            "count": 158,
            "max": [
                1.9889440536499023,
                0.9810224175453186
            ],
            "min": [
                0.011205727234482765,
                0.014170527458190918
            ],
            "type": 35664
        },
        "attrbute_28": {
            "bufferView": "bufferView_37",
            "byteOffset": 236896,
            "byteStride": 16,
            "count": 158,
            "max": [
                0,
                -1,
                -1,
                -1
            ],
            "min": [
                0,
                -1,
                -1,
                -1
            ],
            "type": 35666
        },
        "attrbute_29": {
            "bufferView": "bufferView_37",
            "byteOffset": 239424,
            "byteStride": 12,
            "count": 158,
            "max": [
                1,
                0,
                0
            ],
            "min": [
                1,
                0,
                0
            ],
            "type": 35665
        },
        "attrbute_3": {
            "bufferView": "bufferView_37",
            "byteOffset": 59736,
            "byteStride": 8,
            "count": 2489,
            "max": [
                1.9937987327575684,
                0.997195303440094
            ],
            "min": [
                0.0035170249175280333,
                0.0035494565963745117
            ],
            "type": 35664
        },
        "attrbute_31": {
            "bufferView": "bufferView_37",
            "byteOffset": 241320,
            "byteStride": 12,
            "count": 453,
            "max": [
                -34.119468688964844,
                61.938087463378906,
                166.51950073242188,
                0
            ],
            "min": [
                -188.4149169921875,
                -131.67282104492188,
                -63.22903060913086,
                0
            ],
            "type": 35665
        },
        "attrbute_32": {
            "bufferView": "bufferView_37",
            "byteOffset": 246756,
            "byteStride": 12,
            "count": 453,
            "max": [
                0.9972530603408813,
                0.9910296201705933,
                0.9893229007720947,
                0
            ],
            "min": [
                -0.9990172982215881,
                -0.9964296221733093,
                -0.995682954788208,
                0
            ],
            "type": 35665
        },
        "attrbute_33": {
            "bufferView": "bufferView_37",
            "byteOffset": 252192,
            "byteStride": 8,
            "count": 453,
            "max": [
                1.9924167394638062,
                0.9818774461746216
            ],
            "min": [
                0.013240158557891846,
                0.01892232894897461
            ],
            "type": 35664
        },
        "attrbute_34": {
            "bufferView": "bufferView_37",
            "byteOffset": 255816,
            "byteStride": 16,
            "count": 453,
            "max": [
                0,
                -1,
                -1,
                -1
            ],
            "min": [
                0,
                -1,
                -1,
                -1
            ],
            "type": 35666
        },
        "attrbute_35": {
            "bufferView": "bufferView_37",
            "byteOffset": 263064,
            "byteStride": 12,
            "count": 453,
            "max": [
                1,
                0,
                0
            ],
            "min": [
                1,
                0,
                0
            ],
            "type": 35665
        },
        "attrbute_4": {
            "bufferView": "bufferView_37",
            "byteOffset": 79648,
            "byteStride": 16,
            "count": 2489,
            "max": [
                42,
                43,
                43,
                -1
            ],
            "min": [
                0,
                -1,
                -1,
                -1
            ],
            "type": 35666
        },
        "attrbute_5": {
            "bufferView": "bufferView_37",
            "byteOffset": 119472,
            "byteStride": 12,
            "count": 2489,
            "max": [
                1,
                0.9994174838066101,
                0.9837684035301208
            ],
            "min": [
                0.0005825344705954194,
                0,
                0
            ],
            "type": 35665
        },
        "attrbute_7": {
            "bufferView": "bufferView_37",
            "byteOffset": 149340,
            "byteStride": 12,
            "count": 331,
            "max": [
                33.838191986083984,
                36.20192337036133,
                122.7742691040039,
                0
            ],
            "min": [
                -33.838191986083984,
                -48.0048942565918,
                28.75609016418457,
                0
            ],
            "type": 35665
        },
        "attrbute_8": {
            "bufferView": "bufferView_37",
            "byteOffset": 153312,
            "byteStride": 12,
            "count": 331,
            "max": [
                0.9978042840957642,
                0.9389287829399109,
                0.9987627267837524,
                0
            ],
            "min": [
                -0.9910537004470825,
                -0.9980477690696716,
                -0.9779897332191467,
                0
            ],
            "type": 35665
        },
        "attrbute_9": {
            "bufferView": "bufferView_37",
            "byteOffset": 157284,
            "byteStride": 8,
            "count": 331,
            "max": [
                0.9993464350700378,
                0.9976269006729126
            ],
            "min": [
                0.012975090183317661,
                0.013017892837524414
            ],
            "type": 35664
        },
        "indices_12": {
            "bufferView": "bufferView_39",
            "byteOffset": 24048,
            "count": 1479,
            "type": 5123
        },
        "indices_18": {
            "bufferView": "bufferView_39",
            "byteOffset": 27006,
            "count": 1500,
            "type": 5123
        },
        "indices_24": {
            "bufferView": "bufferView_39",
            "byteOffset": 30006,
            "count": 2898,
            "type": 5123
        },
        "indices_30": {
            "bufferView": "bufferView_39",
            "byteOffset": 35802,
            "count": 630,
            "type": 5123
        },
        "indices_36": {
            "bufferView": "bufferView_39",
            "byteOffset": 37062,
            "count": 2094,
            "type": 5123
        },
        "indices_6": {
            "bufferView": "bufferView_39",
            "byteOffset": 0,
            "count": 12024,
            "type": 5123
        }
    },
    "animations": {},
    "asset": {},
    "bufferViews": {
        "bufferView_37": {
            "buffer": "magnataur.bin",
            "byteLength": 268500,
            "byteOffset": 0,
            "target": 34962
        },
        "bufferView_38": {
            "buffer": "magnataur.bin",
            "byteLength": 6144,
            "byteOffset": 268500
        },
        "bufferView_39": {
            "buffer": "magnataur.bin",
            "byteLength": 41250,
            "byteOffset": 274644,
            "target": 34963
        }
    },
    "buffers": {
        "magnataur.bin": {
            "byteLength": 315894,
            "path": "magnataur.bin"
        }
    },
    "cameras": {},
    "images": {
        "image_0": {
            "path": "textures/magnataur_body_color.png"
        },
        "image_1": {
            "path": "textures/magnataur_belt_color.png"
        },
        "image_2": {
            "path": "textures/magnataur_bracers_color.png"
        },
        "image_3": {
            "path": "textures/magnataur_hair_color.png"
        },
        "image_4": {
            "path": "textures/magnataur_horn_color.png"
        },
        "image_5": {
            "path": "textures/magnataur_weapon_color.png"
        }
    },
    "lights": {},
    "materials": {
        "Material #35": {
            "instanceTechnique": {
                "technique": "technique_0",
                "values": {
                    "ambient": [
                        0.5879999995231628,
                        0.5879999995231628,
                        0.5879999995231628
                    ],
                    "diffuse": "Map #7",
                    "emission": [
                        0,
                        0,
                        0
                    ],
                    "shininess": 2,
                    "specular": [
                        0.8999999761581421,
                        0.8999999761581421,
                        0.8999999761581421
                    ],
                    "transparency": 1
                }
            },
            "name": "Material #35"
        },
        "Material #46": {
            "instanceTechnique": {
                "technique": "technique_0",
                "values": {
                    "ambient": [
                        0.5879999995231628,
                        0.5879999995231628,
                        0.5879999995231628
                    ],
                    "diffuse": "Map #8",
                    "emission": [
                        0,
                        0,
                        0
                    ],
                    "shininess": 2,
                    "specular": [
                        0.8999999761581421,
                        0.8999999761581421,
                        0.8999999761581421
                    ],
                    "transparency": 1
                }
            },
            "name": "Material #46"
        },
        "Material #57": {
            "instanceTechnique": {
                "technique": "technique_0",
                "values": {
                    "ambient": [
                        0.5879999995231628,
                        0.5879999995231628,
                        0.5879999995231628
                    ],
                    "diffuse": "Map #9",
                    "emission": [
                        0,
                        0,
                        0
                    ],
                    "shininess": 2,
                    "specular": [
                        0.8999999761581421,
                        0.8999999761581421,
                        0.8999999761581421
                    ],
                    "transparency": 1
                }
            },
            "name": "Material #57"
        },
        "Material #68": {
            "instanceTechnique": {
                "technique": "technique_0",
                "values": {
                    "ambient": [
                        0.5879999995231628,
                        0.5879999995231628,
                        0.5879999995231628
                    ],
                    "diffuse": "Map #10",
                    "emission": [
                        0,
                        0,
                        0
                    ],
                    "shininess": 2,
                    "specular": [
                        0.8999999761581421,
                        0.8999999761581421,
                        0.8999999761581421
                    ],
                    "transparency": 1
                }
            },
            "name": "Material #68"
        },
        "Material #79": {
            "instanceTechnique": {
                "technique": "technique_0",
                "values": {
                    "ambient": [
                        0.5879999995231628,
                        0.5879999995231628,
                        0.5879999995231628
                    ],
                    "diffuse": "Map #11",
                    "emission": [
                        0,
                        0,
                        0
                    ],
                    "shininess": 2,
                    "specular": [
                        0.8999999761581421,
                        0.8999999761581421,
                        0.8999999761581421
                    ],
                    "transparency": 1
                }
            },
            "name": "Material #79"
        },
        "Material #90": {
            "instanceTechnique": {
                "technique": "technique_0",
                "values": {
                    "ambient": [
                        0.5879999995231628,
                        0.5879999995231628,
                        0.5879999995231628
                    ],
                    "diffuse": "Map #12",
                    "emission": [
                        0,
                        0,
                        0
                    ],
                    "shininess": 2,
                    "specular": [
                        0.8999999761581421,
                        0.8999999761581421,
                        0.8999999761581421
                    ],
                    "transparency": 1
                }
            },
            "name": "Material #90"
        }
    },
    "meshes": {
        "magnataur_belt_model_LOD0-mesh": {
            "name": "magnataur_belt_model_LOD0-mesh",
            "primitives": [
                {
                    "attributes": {
                        "JOINT": "attrbute_10",
                        "NORMAL": "attrbute_8",
                        "POSITION": "attrbute_7",
                        "TEXCOORD_0": "attrbute_9",
                        "WEIGHT": "attrbute_11"
                    },
                    "indices": "indices_12",
                    "material": "Material #46"
                }
            ]
        },
        "magnataur_bracers_model_LOD0-mesh": {
            "name": "magnataur_bracers_model_LOD0-mesh",
            "primitives": [
                {
                    "attributes": {
                        "JOINT": "attrbute_16",
                        "NORMAL": "attrbute_14",
                        "POSITION": "attrbute_13",
                        "TEXCOORD_0": "attrbute_15",
                        "WEIGHT": "attrbute_17"
                    },
                    "indices": "indices_18",
                    "material": "Material #57"
                }
            ]
        },
        "magnataur_hair_model_LOD0-mesh": {
            "name": "magnataur_hair_model_LOD0-mesh",
            "primitives": [
                {
                    "attributes": {
                        "JOINT": "attrbute_22",
                        "NORMAL": "attrbute_20",
                        "POSITION": "attrbute_19",
                        "TEXCOORD_0": "attrbute_21",
                        "WEIGHT": "attrbute_23"
                    },
                    "indices": "indices_24",
                    "material": "Material #68"
                }
            ]
        },
        "magnataur_horn_model_LOD0-mesh": {
            "name": "magnataur_horn_model_LOD0-mesh",
            "primitives": [
                {
                    "attributes": {
                        "JOINT": "attrbute_28",
                        "NORMAL": "attrbute_26",
                        "POSITION": "attrbute_25",
                        "TEXCOORD_0": "attrbute_27",
                        "WEIGHT": "attrbute_29"
                    },
                    "indices": "indices_30",
                    "material": "Material #79"
                }
            ]
        },
        "magnataur_model_LOD0-mesh": {
            "name": "magnataur_model_LOD0-mesh",
            "primitives": [
                {
                    "attributes": {
                        "JOINT": "attrbute_4",
                        "NORMAL": "attrbute_2",
                        "POSITION": "attrbute_1",
                        "TEXCOORD_0": "attrbute_3",
                        "WEIGHT": "attrbute_5"
                    },
                    "indices": "indices_6",
                    "material": "Material #35"
                }
            ]
        },
        "magnataur_weapon_model_LOD0-mesh": {
            "name": "magnataur_weapon_model_LOD0-mesh",
            "primitives": [
                {
                    "attributes": {
                        "JOINT": "attrbute_34",
                        "NORMAL": "attrbute_32",
                        "POSITION": "attrbute_31",
                        "TEXCOORD_0": "attrbute_33",
                        "WEIGHT": "attrbute_35"
                    },
                    "indices": "indices_36",
                    "material": "Material #90"
                }
            ]
        }
    },
    "nodes": {
        "Back2_0": {
            "children": [
                "Back2_1"
            ],
            "jointId": "Back2_0",
            "matrix": [
                -0.9995515346527101,
                -3.256952534302383e-7,
                -0.029946211725473407,
                0,
                -2.6420176198367956e-7,
                1.0000000000000002,
                -0.00000205742139761511,
                0,
                0.029946211726140322,
                -0.0000020485868735106832,
                -0.99955153465269,
                0,
                -8.193410873413084,
                -0.0000012804198377125429,
                1.245819091796875,
                1
            ],
            "name": "Back2_0"
        },
        "Back2_1": {
            "children": [
                "Back2_2"
            ],
            "jointId": "Back2_1",
            "matrix": [
                0.9882395863533023,
                6.091325985835284e-7,
                0.15291354060173037,
                0,
                -3.5145832471002336e-7,
                0.9999999999999999,
                -0.0000017121280961871057,
                0,
                -0.15291354060271659,
                0.0000016382500247538424,
                0.9882395863531498,
                0,
                36.93254470825195,
                0.000015258774510584772,
                -0.00002288818359375,
                1
            ],
            "name": "Back2_1"
        },
        "Back2_2": {
            "children": [
                "thigh_L1",
                "thigh_R1"
            ],
            "jointId": "Back2_2",
            "matrix": [
                -0.9832171797752381,
                -1.4846172269276442e-7,
                0.18243892490863808,
                0,
                -1.66945184510872e-7,
                0.9999999999999994,
                -8.595561943222884e-8,
                0,
                -0.18243892490862126,
                -1.149703417048249e-7,
                -0.9832171797752411,
                0,
                39.999080657959,
                0.000007629396350239397,
                0.0000152587890625,
                1
            ],
            "name": "Back2_2"
        },
        "Cloth_R0C0": {
            "children": [
                "Cloth_R1C0"
            ],
            "jointId": "Cloth_R0C0",
            "matrix": [
                0.8274190425872805,
                0.5615853667259219,
                0.000005692243576049805,
                0,
                -0.5597925480726297,
                0.8247783792762741,
                -0.07983139204313114,
                0,
                -0.04483681826305258,
                0.06605080075509834,
                0.9968082367477731,
                0,
                -1.77484130859375,
                -57.57152938842772,
                1.301166534423821,
                1
            ],
            "name": "Cloth_R0C0"
        },
        "Cloth_R1C0": {
            "children": [
                "Cloth_R2C0"
            ],
            "jointId": "Cloth_R1C0",
            "matrix": [
                -0.25409364700317394,
                0.9671796560287477,
                -7.450580591372713e-8,
                0,
                -0.9671794183552315,
                -0.2540935845625287,
                -1.192092897173147e-7,
                0,
                -1.342282709426712e-7,
                4.177016627027186e-8,
                1.0000000000000075,
                0,
                78.05433654785158,
                2.2478179931640625,
                -3.2439231872558594,
                1
            ],
            "name": "Cloth_R1C0"
        },
        "Cloth_R2C0": {
            "children": [],
            "jointId": "Cloth_R2C0",
            "matrix": [
                0.014930561184883118,
                0.9998889565467833,
                2.6822090132272436e-7,
                0,
                -0.9998883608556655,
                0.014930552289892624,
                -5.551115123125783e-17,
                0,
                -4.00468516681407e-9,
                -2.681908901069896e-7,
                0.9999999999999712,
                0,
                68.93206787109376,
                9.812419891357415,
                8.994083404541016,
                1
            ],
            "name": "Cloth_R2C0"
        },
        "LeftBraid0_R0C0": {
            "children": [
                "LeftBraid0_R1C0"
            ],
            "jointId": "LeftBraid0_R0C0",
            "matrix": [
                0.534304440021515,
                0.1957389861345292,
                -0.8223171234130857,
                0,
                -0.7983356703183899,
                0.4365774859069327,
                -0.4148023300333662,
                0,
                0.2778119931483285,
                0.8781153075518249,
                0.38953047713548977,
                0,
                -6.071376800537106,
                11.163570404052733,
                -0.7772064208984091,
                1
            ],
            "name": "LeftBraid0_R0C0"
        },
        "LeftBraid0_R1C0": {
            "children": [
                "LeftBraid0_R2C0"
            ],
            "jointId": "LeftBraid0_R1C0",
            "matrix": [
                0.9944187402725224,
                -0.08626180887222301,
                -0.06073984503746033,
                0,
                0.08619156130871841,
                0.9962708357014296,
                -0.003780394819369731,
                0,
                0.06083950036288294,
                -0.0014759680909476047,
                0.9981464218362683,
                0,
                8.71044921875,
                0,
                -0.0000152587890625,
                1
            ],
            "name": "LeftBraid0_R1C0"
        },
        "LeftBraid0_R2C0": {
            "children": [
                "LeftBraid0_R3C0"
            ],
            "jointId": "LeftBraid0_R2C0",
            "matrix": [
                0.9968382716178896,
                -0.0372955203056336,
                -0.07015886902809132,
                0,
                0.03725282791889839,
                0.9993039397567139,
                -0.0019173025877711747,
                0,
                0.07018153765661483,
                -0.0007023756434027806,
                0.9975337278335314,
                0,
                19.051765441894545,
                0.00000762939453125,
                -0.0000152587890625,
                1
            ],
            "name": "LeftBraid0_R2C0"
        },
        "LeftBraid0_R3C0": {
            "children": [
                "LeftBraid0_R4C0"
            ],
            "jointId": "LeftBraid0_R3C0",
            "matrix": [
                0.9864664673805238,
                0.13793781399726868,
                -0.08863997459411624,
                0,
                -0.13859565097470422,
                0.9903480950479003,
                -0.001280583445265035,
                0,
                0.08760778829217628,
                0.013548367483251306,
                0.9960627587018287,
                0,
                19.286720275878892,
                -0.00000762939453125,
                0.0000152587890625,
                1
            ],
            "name": "LeftBraid0_R3C0"
        },
        "LeftBraid0_R4C0": {
            "children": [
                "LeftBraid0_R5C0"
            ],
            "jointId": "LeftBraid0_R4C0",
            "matrix": [
                0.9543110132217407,
                0.24095785617828366,
                -0.17672151327133181,
                0,
                -0.24122897699476697,
                0.970256363366504,
                0.020277235858142034,
                0,
                0.1763511035203564,
                0.02327955659263537,
                0.9840521910064296,
                0,
                25.468223571777358,
                0.0000152587890625,
                0.000003814697279835855,
                1
            ],
            "name": "LeftBraid0_R4C0"
        },
        "LeftBraid0_R5C0": {
            "children": [],
            "jointId": "LeftBraid0_R5C0",
            "matrix": [
                1.0000001192092889,
                4.917383194247282e-7,
                -4.097819329695884e-8,
                0,
                -4.922490207392993e-7,
                0.9999078512197952,
                -0.013569977088319547,
                0,
                3.430153321104523e-8,
                0.013569976233273422,
                0.9999077882142117,
                0,
                39.637489318847656,
                0.00002288818359375,
                -0.000011444091796875,
                1
            ],
            "name": "LeftBraid0_R5C0"
        },
        "Mid_0_L": {
            "children": [
                "Mid_1_L"
            ],
            "jointId": "Mid_0_L",
            "matrix": [
                0.815766990184784,
                0.5729531049728396,
                -0.07905233651399617,
                0,
                -0.5718986816741289,
                0.7786486727932425,
                -0.2581440648053271,
                0,
                -0.0863504209464372,
                0.255795257962683,
                0.962866724083569,
                0,
                21.66868400573729,
                3.543128967285149,
                0.962333679199233,
                1
            ],
            "name": "Mid_0_L"
        },
        "Mid_0_R": {
            "children": [
                "Mid_1_R"
            ],
            "jointId": "Mid_0_R",
            "matrix": [
                0.8157667517662048,
                0.5729529857635498,
                -0.07905229181051251,
                0,
                -0.5718985936845615,
                0.7786485023175926,
                -0.2581439877220677,
                0,
                -0.08635044351628836,
                0.2557952468265815,
                0.9628668296551306,
                0,
                -21.66867065429687,
                -3.5431365966796946,
                -0.9623413085937642,
                1
            ],
            "name": "Mid_0_R"
        },
        "Mid_1_L": {
            "children": [],
            "jointId": "Mid_1_L",
            "matrix": [
                1.0000003576278684,
                -4.936009645947759e-7,
                -3.576278686107104e-7,
                0,
                4.936009427476684e-7,
                1.0000001192093038,
                2.6822090168354684e-7,
                0,
                3.576277789185678e-7,
                -2.682211738824769e-7,
                1.0000004768371584,
                0,
                8.291046142578127,
                0.000007629394517039145,
                0.000007629394545460855,
                1
            ],
            "name": "Mid_1_L"
        },
        "Mid_1_R": {
            "children": [],
            "jointId": "Mid_1_R",
            "matrix": [
                1.000000238418579,
                4.973262548967072e-7,
                5.215406420622237e-8,
                0,
                -4.973261380769589e-7,
                0.9999999999999101,
                2.980232227667301e-8,
                0,
                -5.2154024487993667e-8,
                -2.9802341178220004e-8,
                0.9999997615814209,
                0,
                -8.291060447692868,
                0.000011444091803980427,
                -0.0000152587890625,
                1
            ],
            "name": "Mid_1_R"
        },
        "RightBraid1_R0C0": {
            "children": [
                "RightBraid1_R1C0"
            ],
            "jointId": "RightBraid1_R0C0",
            "matrix": [
                0.5093098878860474,
                -0.18295891582965845,
                -0.8409098982810971,
                0,
                -0.8404856644251522,
                -0.31569029657298153,
                -0.4403673994993003,
                0,
                -0.18489795791538083,
                0.9310562091884981,
                -0.3145585435092826,
                0,
                -4.429862976074215,
                -11.826329231262207,
                -0.061004638671875,
                1
            ],
            "name": "RightBraid1_R0C0"
        },
        "RightBraid1_R1C0": {
            "children": [
                "RightBraid1_R2C0"
            ],
            "jointId": "RightBraid1_R1C0",
            "matrix": [
                0.9968150854110718,
                -0.01598447561264038,
                0.07812874019145977,
                0,
                0.016124029870266454,
                0.9998693443772302,
                -0.0011556446584770896,
                0,
                -0.07810006005204356,
                0.002411714175498028,
                0.9969425825494725,
                0,
                8.24988555908206,
                1.4210854715202004e-14,
                0.00000762939453125,
                1
            ],
            "name": "RightBraid1_R1C0"
        },
        "RightBraid1_R2C0": {
            "children": [
                "RightBraid1_R3C0"
            ],
            "jointId": "RightBraid1_R2C0",
            "matrix": [
                0.9982858896255495,
                -0.0036343336105346125,
                0.05841079354286191,
                0,
                0.0036011117690701866,
                0.9999930866919109,
                0.0006740093200508918,
                0,
                -0.058412853733390474,
                -0.0004625103118521823,
                0.9982923223812126,
                0,
                17.99671173095703,
                -1.4210854715202004e-14,
                -0.000011444091803980427,
                1
            ],
            "name": "RightBraid1_R2C0"
        },
        "RightBraid1_R3C0": {
            "children": [
                "RightBraid1_R4C0"
            ],
            "jointId": "RightBraid1_R3C0",
            "matrix": [
                0.9991222620010379,
                -0.015867471694946234,
                0.03877720236778262,
                0,
                0.015832244773667126,
                0.999874532703771,
                0.001215472815888241,
                0,
                -0.03879160134006407,
                -0.000600475445460602,
                0.9992475497042592,
                0,
                20.23204803466797,
                0.00000762939453125,
                0,
                1
            ],
            "name": "RightBraid1_R3C0"
        },
        "RightBraid1_R4C0": {
            "children": [
                "RightBraid1_R5C0"
            ],
            "jointId": "RightBraid1_R4C0",
            "matrix": [
                0.9243029952049259,
                0.34086817502975475,
                0.17167499661445623,
                0,
                -0.34168586971891535,
                0.9394622956591905,
                -0.025696959471191674,
                0,
                -0.17004156092243197,
                -0.03490716420606844,
                0.9848182249160121,
                0,
                25.882659912109375,
                0.000015258789076710855,
                -0.000003814697265625,
                1
            ],
            "name": "RightBraid1_R4C0"
