{
    "accessors": {
        "attrbute_1": {
            "bufferView": "bufferView_43",
            "byteOffset": 0,
            "byteStride": 12,
            "count": 2393,
            "max": [
                76.12052154541016,
                37.32237243652344,
                168.98788452148438,
                0
            ],
            "min": [
                -79.20053100585938,
                -40.636863708496094,
                -0.27848729491233826,
                0
            ],
            "type": 35665
        },
        "attrbute_10": {
            "bufferView": "bufferView_43",
            "byteOffset": 157180,
            "byteStride": 16,
            "count": 425,
            "max": [
                9,
                9,
                9,
                -1
            ],
            "min": [
                0,
                -1,
                -1,
                -1
            ],
            "type": 35666
        },
        "attrbute_11": {
            "bufferView": "bufferView_43",
            "byteOffset": 163980,
            "byteStride": 12,
            "count": 425,
            "max": [
                1,
                0.9998810887336731,
                0.9953071475028992
            ],
            "min": [
                0.0001094517792807892,
                0,
                0
            ],
            "type": 35665
        },
        "attrbute_13": {
            "bufferView": "bufferView_43",
            "byteOffset": 169080,
            "byteStride": 12,
            "count": 636,
            "max": [
                56.56508255004883,
                50.723236083984375,
                161.62551879882812,
                0
            ],
            "min": [
                -56.12942123413086,
                -37.017086029052734,
                62.348907470703125,
                0
            ],
            "type": 35665
        },
        "attrbute_14": {
            "bufferView": "bufferView_43",
            "byteOffset": 176712,
            "byteStride": 12,
            "count": 636,
            "max": [
                0.9928627014160156,
                0.9999290704727173,
                0.9798663854598999,
                0
            ],
            "min": [
                -0.9941271543502808,
                -0.9983147978782654,
                -0.9204878211021423,
                0
            ],
            "type": 35665
        },
        "attrbute_15": {
            "bufferView": "bufferView_43",
            "byteOffset": 184344,
            "byteStride": 8,
            "count": 636,
            "max": [
                1.9878369569778442,
                0.9938759803771973
            ],
            "min": [
                0.008233999833464622,
                0.007142007350921631
            ],
            "type": 35664
        },
        "attrbute_16": {
            "bufferView": "bufferView_43",
            "byteOffset": 189432,
            "byteStride": 16,
            "count": 636,
            "max": [
                10,
                12,
                12,
                -1
            ],
            "min": [
                0,
                -1,
                -1,
                -1
            ],
            "type": 35666
        },
        "attrbute_17": {
            "bufferView": "bufferView_43",
            "byteOffset": 199608,
            "byteStride": 12,
            "count": 636,
            "max": [
                1,
                0.9992649555206299,
                0.9990443587303162
            ],
            "min": [
                0.00011761532368836924,
                0,
                0
            ],
            "type": 35665
        },
        "attrbute_19": {
            "bufferView": "bufferView_43",
            "byteOffset": 207240,
            "byteStride": 12,
            "count": 397,
            "max": [
                18.492368698120117,
                13.699809074401855,
                177.85537719726562,
                0
            ],
            "min": [
                -18.49236488342285,
                -16.456645965576172,
                154.9528350830078,
                0
            ],
            "type": 35665
        },
        "attrbute_2": {
            "bufferView": "bufferView_43",
            "byteOffset": 28716,
            "byteStride": 12,
            "count": 2393,
            "max": [
                0.9996986985206604,
                0.9999868273735046,
                0.9993723630905151,
                0
            ],
            "min": [
                -0.9996987581253052,
                -0.9996280074119568,
                -0.9964713454246521,
                0
            ],
            "type": 35665
        },
        "attrbute_20": {
            "bufferView": "bufferView_43",
            "byteOffset": 212004,
            "byteStride": 12,
            "count": 397,
            "max": [
                0.9936867356300354,
                0.9915705919265747,
                0.995021402835846,
                0
            ],
            "min": [
                -0.9936867952346802,
                -0.995000422000885,
                -0.9968188405036926,
                0
            ],
            "type": 35665
        },
        "attrbute_21": {
            "bufferView": "bufferView_43",
            "byteOffset": 216768,
            "byteStride": 8,
            "count": 397,
            "max": [
                1.9901880025863647,
                0.9875519871711731
            ],
            "min": [
                0.014525000005960464,
                0.018253028392791748
            ],
            "type": 35664
        },
        "attrbute_22": {
            "bufferView": "bufferView_43",
            "byteOffset": 219944,
            "byteStride": 16,
            "count": 397,
            "max": [
                0,
                1,
                -1,
                -1
            ],
            "min": [
                0,
                -1,
                -1,
                -1
            ],
            "type": 35666
        },
        "attrbute_23": {
            "bufferView": "bufferView_43",
            "byteOffset": 226296,
            "byteStride": 12,
            "count": 397,
            "max": [
                1,
                0.009387252852320671,
                0
            ],
            "min": [
                0.9906127452850342,
                0,
                0
            ],
            "type": 35665
        },
        "attrbute_25": {
            "bufferView": "bufferView_43",
            "byteOffset": 231060,
            "byteStride": 12,
            "count": 266,
            "max": [
                25.369831085205078,
                -4.920329570770264,
                155.6956024169922,
                0
            ],
            "min": [
                -25.737844467163086,
                -43.0895881652832,
                122.4565200805664,
                0
            ],
            "type": 35665
        },
        "attrbute_26": {
            "bufferView": "bufferView_43",
            "byteOffset": 234252,
            "byteStride": 12,
            "count": 266,
            "max": [
                0.9945076107978821,
                0.9972262978553772,
                0.9910159111022949,
                0
            ],
            "min": [
                -0.9945076107978821,
                -0.9714809060096741,
                -0.996344804763794,
                0
            ],
            "type": 35665
        },
        "attrbute_27": {
            "bufferView": "bufferView_43",
            "byteOffset": 237444,
            "byteStride": 8,
            "count": 266,
            "max": [
                0.987887978553772,
                0.978896975517273
            ],
            "min": [
                0.02240700088441372,
                0.008584976196289062
            ],
            "type": 35664
        },
        "attrbute_28": {
            "bufferView": "bufferView_43",
            "byteOffset": 239572,
            "byteStride": 16,
            "count": 266,
            "max": [
                0,
                -1,
                -1,
                -1
            ],
            "min": [
                0,
                -1,
                -1,
                -1
            ],
            "type": 35666
        },
        "attrbute_29": {
            "bufferView": "bufferView_43",
            "byteOffset": 243828,
            "byteStride": 12,
            "count": 266,
            "max": [
                1,
                0,
                0
            ],
            "min": [
                1,
                0,
                0
            ],
            "type": 35665
        },
        "attrbute_3": {
            "bufferView": "bufferView_43",
            "byteOffset": 57432,
            "byteStride": 8,
            "count": 2393,
            "max": [
                1.9927979707717896,
                0.9885920286178589
            ],
            "min": [
                0.005646999925374985,
                0.007682979106903076
            ],
            "type": 35664
        },
        "attrbute_31": {
            "bufferView": "bufferView_43",
            "byteOffset": 247020,
            "byteStride": 12,
            "count": 469,
            "max": [
                10.429912567138672,
                18.861419677734375,
                93.58280944824219,
                0
            ],
            "min": [
                -14.13015365600586,
                -49.76987075805664,
                -70.02761840820312,
                0
            ],
            "type": 35665
        },
        "attrbute_32": {
            "bufferView": "bufferView_43",
            "byteOffset": 252648,
            "byteStride": 12,
            "count": 469,
            "max": [
                0.9937351942062378,
                0.9988657832145691,
                0.9766039848327637,
                0
            ],
            "min": [
                -0.99395751953125,
                -0.9999420046806335,
                -0.995896577835083,
                0
            ],
            "type": 35665
        },
        "attrbute_33": {
            "bufferView": "bufferView_43",
            "byteOffset": 258276,
            "byteStride": 8,
            "count": 469,
            "max": [
                1.9938340187072754,
                0.9872729778289795
            ],
            "min": [
                0.009337999857962132,
                0.008315026760101318
            ],
            "type": 35664
        },
        "attrbute_34": {
            "bufferView": "bufferView_43",
            "byteOffset": 262028,
            "byteStride": 16,
            "count": 469,
            "max": [
                0,
                1,
                -1,
                -1
            ],
            "min": [
                0,
                -1,
                -1,
                -1
            ],
            "type": 35666
        },
        "attrbute_35": {
            "bufferView": "bufferView_43",
            "byteOffset": 269532,
            "byteStride": 12,
            "count": 469,
            "max": [
                1,
                0.0022020936012268066,
                0
            ],
            "min": [
                0.9977979063987732,
                0,
                0
            ],
            "type": 35665
        },
        "attrbute_37": {
            "bufferView": "bufferView_43",
            "byteOffset": 275160,
            "byteStride": 12,
            "count": 504,
            "max": [
                25.171585083007812,
                31.328224182128906,
                71.17428588867188,
                0
            ],
            "min": [
                -29.924962997436523,
                -26.22414207458496,
                -1.8146507740020752,
                0
            ],
            "type": 35665
        },
        "attrbute_38": {
            "bufferView": "bufferView_43",
            "byteOffset": 281208,
            "byteStride": 12,
            "count": 504,
            "max": [
                0.9998198747634888,
                0.999980092048645,
                0.9995384812355042,
                0
            ],
            "min": [
                -0.9998199343681335,
                -0.999700665473938,
                -0.9999954700469971,
                0
            ],
            "type": 35665
        },
        "attrbute_39": {
            "bufferView": "bufferView_43",
            "byteOffset": 287256,
            "byteStride": 8,
            "count": 504,
            "max": [
                0.9911190271377563,
                0.9821130037307739
            ],
            "min": [
                0.013000000268220901,
                0.007785975933074951
            ],
            "type": 35664
        },
        "attrbute_4": {
            "bufferView": "bufferView_43",
            "byteOffset": 76576,
            "byteStride": 16,
            "count": 2393,
            "max": [
                38,
                38,
                38,
                -1
            ],
            "min": [
                0,
                -1,
                -1,
                -1
            ],
            "type": 35666
        },
        "attrbute_40": {
            "bufferView": "bufferView_43",
            "byteOffset": 291288,
            "byteStride": 16,
            "count": 504,
            "max": [
                3,
                5,
                5,
                -1
            ],
            "min": [
                0,
                -1,
                -1,
                -1
            ],
            "type": 35666
        },
        "attrbute_41": {
            "bufferView": "bufferView_43",
            "byteOffset": 299352,
            "byteStride": 12,
            "count": 504,
            "max": [
                1,
                0.9998953938484192,
                0.9960784316062927
            ],
            "min": [
                0.00010455049778101966,
                0,
                0
            ],
            "type": 35665
        },
        "attrbute_5": {
            "bufferView": "bufferView_43",
            "byteOffset": 114864,
            "byteStride": 12,
            "count": 2393,
            "max": [
                1,
                0.9998995661735535,
                0.9996512532234192
            ],
            "min": [
                0.00010011636913986877,
                0,
                0
            ],
            "type": 35665
        },
        "attrbute_7": {
            "bufferView": "bufferView_43",
            "byteOffset": 143580,
            "byteStride": 12,
            "count": 425,
            "max": [
                96.4933853149414,
                14.397911071777344,
                96.41095733642578,
                0
            ],
            "min": [
                36.239356994628906,
                -46.63591003417969,
                24.30852508544922,
                0
            ],
            "type": 35665
        },
        "attrbute_8": {
            "bufferView": "bufferView_43",
            "byteOffset": 148680,
            "byteStride": 12,
            "count": 425,
            "max": [
                0.998877227306366,
                0.999756932258606,
                0.9971292018890381,
                0
            ],
            "min": [
                -0.9996992945671082,
                -0.99970543384552,
                -0.9995303750038147,
                0
            ],
            "type": 35665
        },
        "attrbute_9": {
            "bufferView": "bufferView_43",
            "byteOffset": 153780,
            "byteStride": 8,
            "count": 425,
            "max": [
                0.9790840148925781,
                0.9946230053901672
            ],
            "min": [
                0.006905999965965748,
                0.010860025882720947
            ],
            "type": 35664
        },
        "indices_12": {
            "bufferView": "bufferView_45",
            "byteOffset": 21744,
            "count": 1983,
            "type": 5123
        },
        "indices_18": {
            "bufferView": "bufferView_45",
            "byteOffset": 25710,
            "count": 2991,
            "type": 5123
        },
        "indices_24": {
            "bufferView": "bufferView_45",
            "byteOffset": 31692,
            "count": 1908,
            "type": 5123
        },
        "indices_30": {
            "bufferView": "bufferView_45",
            "byteOffset": 35508,
            "count": 1197,
            "type": 5123
        },
        "indices_36": {
            "bufferView": "bufferView_45",
            "byteOffset": 37902,
            "count": 1908,
            "type": 5123
        },
        "indices_42": {
            "bufferView": "bufferView_45",
            "byteOffset": 41718,
            "count": 1932,
            "type": 5123
        },
        "indices_6": {
            "bufferView": "bufferView_45",
            "byteOffset": 0,
            "count": 10872,
            "type": 5123
        }
    },
    "animations": {},
    "asset": {},
    "bufferViews": {
        "bufferView_43": {
            "buffer": "tuskarr.bin",
            "byteLength": 305400,
            "byteOffset": 0,
            "target": 34962
        },
        "bufferView_44": {
            "buffer": "tuskarr.bin",
            "byteLength": 6144,
            "byteOffset": 305400
        },
        "bufferView_45": {
            "buffer": "tuskarr.bin",
            "byteLength": 45582,
            "byteOffset": 311544,
            "target": 34963
        }
    },
    "buffers": {
        "tuskarr.bin": {
            "byteLength": 357126,
            "path": "tuskarr.bin"
        }
    },
    "cameras": {},
    "images": {
        "image_0": {
            "path": "textures/tusk_base_color.png"
        },
        "image_1": {
            "path": "textures/tusk_armor_glove_color.png"
        },
        "image_2": {
            "path": "textures/tusk_cowl_color.png"
        },
        "image_3": {
            "path": "textures/tusk_hat_color.png"
        },
        "image_4": {
            "path": "textures/tusk_horns_color.png"
        },
        "image_5": {
            "path": "textures/tusk_weapon_color.png"
        },
        "image_6": {
            "path": "textures/tusk_basket_color.png"
        }
    },
    "lights": {},
    "materials": {
        "Material #101": {
            "instanceTechnique": {
                "technique": "technique_0",
                "values": {
                    "ambient": [
                        0.5879999995231628,
                        0.5879999995231628,
                        0.5879999995231628
                    ],
                    "diffuse": "Map #10",
                    "emission": [
                        0,
                        0,
                        0
                    ],
                    "shininess": 2,
                    "specular": [
                        0.8999999761581421,
                        0.8999999761581421,
                        0.8999999761581421
                    ],
                    "transparency": 1
                }
            },
            "name": "Material #101"
        },
        "Material #35": {
            "instanceTechnique": {
                "technique": "technique_0",
                "values": {
                    "ambient": [
                        0.5879999995231628,
                        0.5879999995231628,
                        0.5879999995231628
                    ],
                    "diffuse": "Map #14",
                    "emission": [
                        0,
                        0,
                        0
                    ],
                    "shininess": 2,
                    "specular": [
                        0.8999999761581421,
                        0.8999999761581421,
                        0.8999999761581421
                    ],
                    "transparency": 1
                }
            },
            "name": "Material #35"
        },
        "Material #46": {
            "instanceTechnique": {
                "technique": "technique_0",
                "values": {
                    "ambient": [
                        0.5879999995231628,
                        0.5879999995231628,
                        0.5879999995231628
                    ],
                    "diffuse": "Map #8",
                    "emission": [
                        0,
                        0,
                        0
                    ],
                    "shininess": 2,
                    "specular": [
                        0.8999999761581421,
                        0.8999999761581421,
                        0.8999999761581421
                    ],
                    "transparency": 1
                }
            },
            "name": "Material #46"
        },
        "Material #57": {
            "instanceTechnique": {
                "technique": "technique_0",
                "values": {
                    "ambient": [
                        0.5879999995231628,
                        0.5879999995231628,
                        0.5879999995231628
                    ],
                    "diffuse": "Map #9",
                    "emission": [
                        0,
                        0,
                        0
                    ],
                    "shininess": 2,
                    "specular": [
                        0.8999999761581421,
                        0.8999999761581421,
                        0.8999999761581421
                    ],
                    "transparency": 1
                }
            },
            "name": "Material #57"
        },
        "Material #68": {
            "instanceTechnique": {
                "technique": "technique_0",
                "values": {
                    "ambient": [
                        0.5879999995231628,
                        0.5879999995231628,
                        0.5879999995231628
                    ],
                    "diffuse": "Map #11",
                    "emission": [
                        0,
                        0,
                        0
                    ],
                    "shininess": 2,
                    "specular": [
                        0.8999999761581421,
                        0.8999999761581421,
                        0.8999999761581421
                    ],
                    "transparency": 1
                }
            },
            "name": "Material #68"
        },
        "Material #79": {
            "instanceTechnique": {
                "technique": "technique_0",
                "values": {
                    "ambient": [
                        0.5879999995231628,
                        0.5879999995231628,
                        0.5879999995231628
                    ],
                    "diffuse": "Map #12",
                    "emission": [
                        0,
                        0,
                        0
                    ],
                    "shininess": 2,
                    "specular": [
                        0.8999999761581421,
                        0.8999999761581421,
                        0.8999999761581421
                    ],
                    "transparency": 1
                }
            },
            "name": "Material #79"
        },
        "Material #90": {
            "instanceTechnique": {
                "technique": "technique_0",
                "values": {
                    "ambient": [
                        0.5879999995231628,
                        0.5879999995231628,
                        0.5879999995231628
                    ],
                    "diffuse": "Map #13",
                    "emission": [
                        0,
                        0,
                        0
                    ],
                    "shininess": 2,
                    "specular": [
                        0.8999999761581421,
                        0.8999999761581421,
                        0.8999999761581421
                    ],
                    "transparency": 1
                }
            },
            "name": "Material #90"
        }
    },
    "meshes": {
        "tusk_armor_glove_model_LOD0-mesh": {
            "name": "tusk_armor_glove_model_LOD0-mesh",
            "primitives": [
                {
                    "attributes": {
                        "JOINT": "attrbute_10",
                        "NORMAL": "attrbute_8",
                        "POSITION": "attrbute_7",
                        "TEXCOORD_0": "attrbute_9",
                        "WEIGHT": "attrbute_11"
                    },
                    "indices": "indices_12",
                    "material": "Material #46"
                }
            ]
        },
        "tusk_cowl_model_LOD0-mesh": {
            "name": "tusk_cowl_model_LOD0-mesh",
            "primitives": [
                {
                    "attributes": {
                        "JOINT": "attrbute_16",
                        "NORMAL": "attrbute_14",
                        "POSITION": "attrbute_13",
                        "TEXCOORD_0": "attrbute_15",
                        "WEIGHT": "attrbute_17"
                    },
                    "indices": "indices_18",
                    "material": "Material #57"
                }
            ]
        },
        "tusk_fish_basket_model_LOD0-mesh": {
            "name": "tusk_fish_basket_model_LOD0-mesh",
            "primitives": [
                {
                    "attributes": {
                        "JOINT": "attrbute_40",
                        "NORMAL": "attrbute_38",
                        "POSITION": "attrbute_37",
                        "TEXCOORD_0": "attrbute_39",
                        "WEIGHT": "attrbute_41"
                    },
                    "indices": "indices_42",
                    "material": "Material #101"
                }
            ]
        },
        "tusk_hat_model_LOD0-mesh": {
            "name": "tusk_hat_model_LOD0-mesh",
            "primitives": [
                {
                    "attributes": {
                        "JOINT": "attrbute_22",
                        "NORMAL": "attrbute_20",
                        "POSITION": "attrbute_19",
                        "TEXCOORD_0": "attrbute_21",
                        "WEIGHT": "attrbute_23"
                    },
                    "indices": "indices_24",
                    "material": "Material #68"
                }
            ]
        },
        "tusk_horns_model_LOD0-mesh": {
            "name": "tusk_horns_model_LOD0-mesh",
            "primitives": [
                {
                    "attributes": {
                        "JOINT": "attrbute_28",
                        "NORMAL": "attrbute_26",
                        "POSITION": "attrbute_25",
                        "TEXCOORD_0": "attrbute_27",
                        "WEIGHT": "attrbute_29"
                    },
                    "indices": "indices_30",
                    "material": "Material #79"
                }
            ]
        },
        "tusk_model_LOD0-mesh": {
            "name": "tusk_model_LOD0-mesh",
            "primitives": [
                {
                    "attributes": {
                        "JOINT": "attrbute_4",
                        "NORMAL": "attrbute_2",
                        "POSITION": "attrbute_1",
                        "TEXCOORD_0": "attrbute_3",
                        "WEIGHT": "attrbute_5"
                    },
                    "indices": "indices_6",
                    "material": "Material #35"
                }
            ]
        },
        "tusk_weapon_model_LOD0-mesh": {
            "name": "tusk_weapon_model_LOD0-mesh",
            "primitives": [
                {
                    "attributes": {
                        "JOINT": "attrbute_34",
                        "NORMAL": "attrbute_32",
                        "POSITION": "attrbute_31",
                        "TEXCOORD_0": "attrbute_33",
                        "WEIGHT": "attrbute_35"
                    },
                    "indices": "indices_36",
                    "material": "Material #90"
                }
            ]
        }
    },
    "nodes": {
        "Head_0": {
            "children": [
                "Head_1"
            ],
            "jointId": "Head_0",
            "matrix": [
                0.8097662925720215,
                3.8612660091530447e-7,
                -0.5867527127265932,
                0,
                2.2369376299429873e-7,
                0.9999999999999999,
                9.66789343692406e-7,
                0,
                0.5867527127268787,
                -9.141263447967255e-7,
                0.8097662925718141,
                0,
                12.119918823242202,
                9.5367431640625e-7,
                0.0000019073486328125,
                1
            ],
            "name": "Head_0"
        },
        "Head_1": {
            "children": [
                "furL5_0",
                "jaw_beard0_0",
                "furR6_0"
            ],
            "jointId": "Head_1",
            "matrix": [
                0.6344590187072753,
                -0.0000015126680636967649,
                -0.7729563713073729,
                0,
                1.7273969477748418e-7,
                0.9999999999999997,
                -0.0000018152018128569176,
                0,
                0.7729563713083499,
                0.0000010181509132825903,
                0.6344590187060847,
                0,
                13.615760803222656,
                -4.2220926843583584e-7,
                -0.00003814697265625,
                1
            ],
            "name": "Head_1"
        },
        "Root_0": {
            "children": [
                "thigh_R",
                "thigh_L",
                "Spine_1",
                "rearcloth8_0",
                "frontcloth7_0"
            ],
            "jointId": "Root_0",
            "matrix": [
                -1.629206851037603e-7,
                -1.0000000000000002,
                0,
                0,
                1.0000000000000002,
                -1.629206851037603e-7,
                0,
                0,
                0,
                0,
                1,
                0,
                0,
                0.8482716083526611,
                74.80302429199219,
                1
            ],
            "name": "Root_0"
        },
        "Spine_1": {
            "children": [
                "Spine_2"
            ],
            "jointId": "Spine_1",
            "matrix": [
                -0.1814717799425128,
                2.2223878061074446e-17,
                0.9833961725234985,
                0,
                -4.689198358707377e-7,
                1,
                -8.653248778635466e-8,
                0,
                -0.9833961725234986,
                -4.768371763970742e-7,
                -0.18147177994251273,
                0,
                -2.0286974906921387,
                3.962490495723614e-7,
                16.62646484375,
                1
            ],
            "name": "Spine_1"
        },
        "Spine_2": {
            "children": [
                "Spine_3",
                "basket1_0"
            ],
            "jointId": "Spine_2",
            "matrix": [
                0.9971495866775522,
                1.4366307254931612e-8,
                0.07544967532157915,
                0,
                -1.440737355432464e-8,
                1,
                -8.881784104357024e-15,
                0,
                -0.07544967532157912,
                -1.087022800442984e-9,
                0.9971495866775522,
                0,
                14.71006011962892,
                5.963565854472108e-7,
                -0.000011444091798651357,
                1
            ],
            "name": "Spine_2"
        },
        "Spine_3": {
            "children": [
                "shoulderR3_0",
                "shoulderL2_0",
                "Head_0",
                "cowl9_0",
                "cowl_fix_front",
                "clavicle_R",
                "clavicle_L",
                "cowl_fix_back"
            ],
            "jointId": "Spine_3",
            "matrix": [
                0.9497783184051514,
                -4.5288956584954576e-7,
                -0.31292372941970814,
                0,
                4.7683713764266176e-7,
                0.9999999999999999,
                2.8421709523048236e-14,
                0,
                0.3129237294196439,
                -1.4921368243125313e-7,
                0.9497783184051724,
                0,
                17.33460998535155,
                -6.424611456168324e-7,
                -0.000003814697265625,
                1
            ],
            "name": "Spine_3"
        },
        "ankle_L": {
            "children": [
                "toeBase_L"
            ],
            "jointId": "ankle_L",
            "matrix": [
                0.194522947072983,
                -0.05721190199255946,
                0.9792275428771974,
                0,
                0.17135817233030284,
                0.9849285372647226,
                0.02350479050998274,
                0,
                -0.9658136472190997,
                0.1632263773183306,
                0.20139487488541175,
                0,
                24.89137840270996,
                -0.000003814697269177714,
                0.000007629394534802714,
                1
            ],
            "name": "ankle_L"
        },
        "ankle_R": {
            "children": [
                "toeBase_R"
            ],
            "jointId": "ankle_R",
            "matrix": [
                0.19452336430549577,
                -0.057211812585592166,
                0.9792282581329345,
                0,
                0.1713579851145013,
                0.984928368047305,
                0.023504637704957962,
                0,
                -0.9658145875071387,
                0.16322640616364192,
                0.201395312867794,
                0,
                -24.891397476196282,
                0.0000019073486257070726,
                0.00000762939453125,
                1
            ],
            "name": "ankle_R"
        },
        "basket1_0": {
            "children": [
                "fish10_0"
            ],
            "jointId": "basket1_0",
            "matrix": [
                0.9380459785461425,
                -0.09568908810615541,
                -0.3330370783805848,
                0,
                0.0901742971300591,
                0.9954112244483708,
                -0.032015520971015336,
                0,
                0.33457235399610896,
                6.462366489445042e-7,
                0.9423701135232728,
                0,
                -80.49501037597656,
                0.000004345435627328699,
                21.241493225097656,
                1
            ],
            "name": "basket1_0"
        },
        "bicep_L": {
            "children": [
                "elbow_L"
            ],
            "jointId": "bicep_L",
            "matrix": [
                0.857467770576477,
                0.014064148068428055,
                -0.5143449306488038,
                0,
                -0.5141908792822105,
                0.060087909751407105,
                -0.8555679183887623,
                0,
                0.018873085383004563,
                0.9980937841192838,
                0.05875512601081755,
                0,
                22.214088439941413,
                0.000011444091796875,
                -0.0000152587890625,
                1
            ],
            "name": "bicep_L"
        },
        "bicep_R": {
            "children": [
                "elbow_R"
            ],
            "jointId": "bicep_R",
            "matrix": [
                0.8574680089950558,
                0.014064228162169422,
                -0.5143448114395142,
                0,
                -0.5141906914784007,
                0.060088030523098246,
                -0.8555680292819148,
                0,
                0.018873067569686496,
                0.9980937833922966,
                0.0587552740833555,
                0,
                -22.21410369873047,
                -0.000016212463380682607,
                0.000015258789048289145,
                1
            ],
            "name": "bicep_R"
        },
        "clavicle_L": {
            "children": [
                "bicep_L"
            ],
            "jointId": "clavicle_L",
            "matrix": [
                -0.39287316799163796,
                0.9099895358085632,
                -0.13255199790000913,
                0,
                -0.052539563610989215,
                0.1216947883184095,
                0.9911760728951583,
                0,
                0.9180907255739212,
                0.39637070091417215,
                -1.6391277386784697e-7,
                0,
                4.4833526611328125,
                13.56497764587402,
                2.4772701263427734,
                1
            ],
            "name": "clavicle_L"
        },
        "clavicle_R": {
            "children": [
                "bicep_R"
            ],
            "jointId": "clavicle_R",
            "matrix": [
                0.39287263154983537,
                0.909989655017853,
                0.13255144655704496,
                0,
                0.0525400244669177,
                0.12169402765952261,
                -0.9911762363535659,
                0,
                -0.9180908088105005,
                0.3963702587467112,
                -6.258487630986243e-7,
                0,
                4.483345031738267,
                -13.564973831176758,
                2.477273941040039,
                1
            ],
            "name": "clavicle_R"
        },
        "cowl9_0": {
            "children": [],
            "jointId": "cowl9_0",
            "matrix": [
                1.0000000000000002,
                2.8421709642162244e-14,
                -6.938893903907228e-18,
                0,
                -2.842170943040401e-14,
                1,
                1.5987211432179524e-14,
                0,
                -6.938893903907228e-18,
                -1.598721135938763e-14,
                1.0000000000000002,
                0,
                -1.8893508911132955,
                0.000008491122571285807,
                31.312353134155277,
                1
            ],
            "name": "cowl9_0"
        },
        "cowl_fix_back": {
            "children": [],
            "jointId": "cowl_fix_back",
            "matrix": [
                0.9996976852416992,
                -0.01104867458343506,
                -0.021968349814414978,
                0,
                0.02180115714852998,
                -0.015031683863129792,
                0.9996493458061568,
                0,
                -0.011375020265894617,
                -0.9998259544689697,
                -0.01478626392680228,
                0,
                28.9207305908203,
                0.34527039527893055,
                13.184736251831055,
                1
            ],
            "name": "cowl_fix_back"
        },
        "cowl_fix_front": {
            "children": [],
            "jointId": "cowl_fix_front",
            "matrix": [
                0.9867271184921266,
                0.10734575241804124,
                0.12184641510248184,
                0,
                0.1578855626564699,
                -0.4587364653785572,
                -0.87443323764806,
