{
    "animations": {},
    "asset": {},
    "attributes": {
        "attribute_1": {
            "bufferView": "bufferView_37",
            "byteOffset": 0,
            "byteStride": 12,
            "count": 725,
            "max": [
                1,
                1,
                1
            ],
            "min": [
                0,
                0,
                0
            ],
            "type": "FLOAT_VEC3"
        },
        "attribute_10": {
            "bufferView": "bufferView_37",
            "byteOffset": 58636,
            "byteStride": 16,
            "count": 473,
            "max": [
                1,
                1,
                1
            ],
            "min": [
                0,
                0,
                0
            ],
            "type": "FLOAT_VEC4"
        },
        "attribute_11": {
            "bufferView": "bufferView_37",
            "byteOffset": 66204,
            "byteStride": 12,
            "count": 473,
            "max": [
                1,
                1,
                1
            ],
            "min": [
                0,
                0,
                0
            ],
            "type": "FLOAT_VEC3"
        },
        "attribute_13": {
            "bufferView": "bufferView_37",
            "byteOffset": 71880,
            "byteStride": 12,
            "count": 169,
            "max": [
                1,
                1,
                1
            ],
            "min": [
                0,
                0,
                0
            ],
            "type": "FLOAT_VEC3"
        },
        "attribute_14": {
            "bufferView": "bufferView_37",
            "byteOffset": 73908,
            "byteStride": 12,
            "count": 169,
            "max": [
                1,
                1,
                1
            ],
            "min": [
                0,
                0,
                0
            ],
            "type": "FLOAT_VEC3"
        },
        "attribute_15": {
            "bufferView": "bufferView_37",
            "byteOffset": 75936,
            "byteStride": 8,
            "count": 169,
            "max": [
                1,
                1,
                1
            ],
            "min": [
                0,
                0,
                0
            ],
            "type": "FLOAT_VEC2"
        },
        "attribute_16": {
            "bufferView": "bufferView_37",
            "byteOffset": 77288,
            "byteStride": 16,
            "count": 169,
            "max": [
                1,
                1,
                1
            ],
            "min": [
                0,
                0,
                0
            ],
            "type": "FLOAT_VEC4"
        },
        "attribute_17": {
            "bufferView": "bufferView_37",
            "byteOffset": 79992,
            "byteStride": 12,
            "count": 169,
            "max": [
                1,
                1,
                1
            ],
            "min": [
                0,
                0,
                0
            ],
            "type": "FLOAT_VEC3"
        },
        "attribute_19": {
            "bufferView": "bufferView_37",
            "byteOffset": 82020,
            "byteStride": 12,
            "count": 970,
            "max": [
                1,
                1,
                1
            ],
            "min": [
                0,
                0,
                0
            ],
            "type": "FLOAT_VEC3"
        },
        "attribute_2": {
            "bufferView": "bufferView_37",
            "byteOffset": 8700,
            "byteStride": 12,
            "count": 725,
            "max": [
                1,
                1,
                1
            ],
            "min": [
                0,
                0,
                0
            ],
            "type": "FLOAT_VEC3"
        },
        "attribute_20": {
            "bufferView": "bufferView_37",
            "byteOffset": 93660,
            "byteStride": 12,
            "count": 970,
            "max": [
                1,
                1,
                1
            ],
            "min": [
                0,
                0,
                0
            ],
            "type": "FLOAT_VEC3"
        },
        "attribute_21": {
            "bufferView": "bufferView_37",
            "byteOffset": 105300,
            "byteStride": 8,
            "count": 970,
            "max": [
                1,
                1,
                1
            ],
            "min": [
                0,
                0,
                0
            ],
            "type": "FLOAT_VEC2"
        },
        "attribute_22": {
            "bufferView": "bufferView_37",
            "byteOffset": 113060,
            "byteStride": 16,
            "count": 970,
            "max": [
                1,
                1,
                1
            ],
            "min": [
                0,
                0,
                0
            ],
            "type": "FLOAT_VEC4"
        },
        "attribute_23": {
            "bufferView": "bufferView_37",
            "byteOffset": 128580,
            "byteStride": 12,
            "count": 970,
            "max": [
                1,
                1,
                1
            ],
            "min": [
                0,
                0,
                0
            ],
            "type": "FLOAT_VEC3"
        },
        "attribute_25": {
            "bufferView": "bufferView_37",
            "byteOffset": 140220,
            "byteStride": 12,
            "count": 404,
            "max": [
                1,
                1,
                1
            ],
            "min": [
                0,
                0,
                0
            ],
            "type": "FLOAT_VEC3"
        },
        "attribute_26": {
            "bufferView": "bufferView_37",
            "byteOffset": 145068,
            "byteStride": 12,
            "count": 404,
            "max": [
                1,
                1,
                1
            ],
            "min": [
                0,
                0,
                0
            ],
            "type": "FLOAT_VEC3"
        },
        "attribute_27": {
            "bufferView": "bufferView_37",
            "byteOffset": 149916,
            "byteStride": 8,
            "count": 404,
            "max": [
                1,
                1,
                1
            ],
            "min": [
                0,
                0,
                0
            ],
            "type": "FLOAT_VEC2"
        },
        "attribute_28": {
            "bufferView": "bufferView_37",
            "byteOffset": 153148,
            "byteStride": 16,
            "count": 404,
            "max": [
                1,
                1,
                1
            ],
            "min": [
                0,
                0,
                0
            ],
            "type": "FLOAT_VEC4"
        },
        "attribute_29": {
            "bufferView": "bufferView_37",
            "byteOffset": 159612,
            "byteStride": 12,
            "count": 404,
            "max": [
                1,
                1,
                1
            ],
            "min": [
                0,
                0,
                0
            ],
            "type": "FLOAT_VEC3"
        },
        "attribute_3": {
            "bufferView": "bufferView_37",
            "byteOffset": 17400,
            "byteStride": 8,
            "count": 725,
            "max": [
                1,
                1,
                1
            ],
            "min": [
                0,
                0,
                0
            ],
            "type": "FLOAT_VEC2"
        },
        "attribute_31": {
            "bufferView": "bufferView_37",
            "byteOffset": 164460,
            "byteStride": 12,
            "count": 121,
            "max": [
                1,
                1,
                1
            ],
            "min": [
                0,
                0,
                0
            ],
            "type": "FLOAT_VEC3"
        },
        "attribute_32": {
            "bufferView": "bufferView_37",
            "byteOffset": 165912,
            "byteStride": 12,
            "count": 121,
            "max": [
                1,
                1,
                1
            ],
            "min": [
                0,
                0,
                0
            ],
            "type": "FLOAT_VEC3"
        },
        "attribute_33": {
            "bufferView": "bufferView_37",
            "byteOffset": 167364,
            "byteStride": 8,
            "count": 121,
            "max": [
                1,
                1,
                1
            ],
            "min": [
                0,
                0,
                0
            ],
            "type": "FLOAT_VEC2"
        },
        "attribute_34": {
            "bufferView": "bufferView_37",
            "byteOffset": 168332,
            "byteStride": 16,
            "count": 121,
            "max": [
                1,
                1,
                1
            ],
            "min": [
                0,
                0,
                0
            ],
            "type": "FLOAT_VEC4"
        },
        "attribute_35": {
            "bufferView": "bufferView_37",
            "byteOffset": 170268,
            "byteStride": 12,
            "count": 121,
            "max": [
                1,
                1,
                1
            ],
            "min": [
                0,
                0,
                0
            ],
            "type": "FLOAT_VEC3"
        },
        "attribute_4": {
            "bufferView": "bufferView_37",
            "byteOffset": 23200,
            "byteStride": 16,
            "count": 725,
            "max": [
                1,
                1,
                1
            ],
            "min": [
                0,
                0,
                0
            ],
            "type": "FLOAT_VEC4"
        },
        "attribute_5": {
            "bufferView": "bufferView_37",
            "byteOffset": 34800,
            "byteStride": 12,
            "count": 725,
            "max": [
                1,
                1,
                1
            ],
            "min": [
                0,
                0,
                0
            ],
            "type": "FLOAT_VEC3"
        },
        "attribute_7": {
            "bufferView": "bufferView_37",
            "byteOffset": 43500,
            "byteStride": 12,
            "count": 473,
            "max": [
                1,
                1,
                1
            ],
            "min": [
                0,
                0,
                0
            ],
            "type": "FLOAT_VEC3"
        },
        "attribute_8": {
            "bufferView": "bufferView_37",
            "byteOffset": 49176,
            "byteStride": 12,
            "count": 473,
            "max": [
                1,
                1,
                1
            ],
            "min": [
                0,
                0,
                0
            ],
            "type": "FLOAT_VEC3"
        },
        "attribute_9": {
            "bufferView": "bufferView_37",
            "byteOffset": 54852,
            "byteStride": 8,
            "count": 473,
            "max": [
                1,
                1,
                1
            ],
            "min": [
                0,
                0,
                0
            ],
            "type": "FLOAT_VEC2"
        }
    },
    "bufferViews": {
        "bufferView_37": {
            "buffer": "phantom_lancer.bin",
            "byteLength": 171720,
            "byteOffset": 0,
            "target": "ARRAY_BUFFER"
        },
        "bufferView_38": {
            "buffer": "phantom_lancer.bin",
            "byteLength": 30552,
            "byteOffset": 171720,
            "target": "ELEMENT_ARRAY_BUFFER"
        }
    },
    "buffers": {
        "phantom_lancer.bin": {
            "byteLength": 202272,
            "path": "phantom_lancer.bin"
        }
    },
    "cameras": {},
    "images": {
        "image_0": {
            "path": "textures/phantom_lancer_body_color.png"
        },
        "image_1": {
            "path": "textures/phantom_lancer_lowerbod_color.png"
        },
        "image_2": {
            "path": "textures/phantom_lancer_gauntlets_color.png"
        },
        "image_3": {
            "path": "textures/phantom_lancer_head_color.png"
        },
        "image_4": {
            "path": "textures/phantom_lancer_upperbod_color.png"
        },
        "image_5": {
            "path": "textures/phantom_lancer_spear_color.png"
        }
    },
    "indices": {
        "indices_12": {
            "bufferView": "bufferView_38",
            "byteOffset": 8376,
            "count": 2412,
            "type": "UNSIGNED_SHORT"
        },
        "indices_18": {
            "bufferView": "bufferView_38",
            "byteOffset": 13200,
            "count": 942,
            "type": "UNSIGNED_SHORT"
        },
        "indices_24": {
            "bufferView": "bufferView_38",
            "byteOffset": 15084,
            "count": 5394,
            "type": "UNSIGNED_SHORT"
        },
        "indices_30": {
            "bufferView": "bufferView_38",
            "byteOffset": 25872,
            "count": 1890,
            "type": "UNSIGNED_SHORT"
        },
        "indices_36": {
            "bufferView": "bufferView_38",
            "byteOffset": 29652,
            "count": 450,
            "type": "UNSIGNED_SHORT"
        },
        "indices_6": {
            "bufferView": "bufferView_38",
            "byteOffset": 0,
            "count": 4188,
            "type": "UNSIGNED_SHORT"
        }
    },
    "lights": {},
    "materials": {
        "Material #35": {
            "instanceTechnique": {
                "technique": "technique_0",
                "values": [
                    {
                        "parameter": "ambient",
                        "value": [
                            0.5879999995231628,
                            0.5879999995231628,
                            0.5879999995231628
                        ]
                    },
                    {
                        "parameter": "emission",
                        "value": [
                            0,
                            0,
                            0
                        ]
                    },
                    {
                        "parameter": "diffuse",
                        "value": "Map #8"
                    },
                    {
                        "parameter": "shininess",
                        "value": 2
                    },
                    {
                        "parameter": "specular",
                        "value": [
                            0.8999999761581421,
                            0.8999999761581421,
                            0.8999999761581421
                        ]
                    }
                ]
            },
            "name": "Material #35"
        },
        "Material #46": {
            "instanceTechnique": {
                "technique": "technique_0",
                "values": [
                    {
                        "parameter": "ambient",
                        "value": [
                            0.5879999995231628,
                            0.5879999995231628,
                            0.5879999995231628
                        ]
                    },
                    {
                        "parameter": "emission",
                        "value": [
                            0,
                            0,
                            0
                        ]
                    },
                    {
                        "parameter": "diffuse",
                        "value": "Map #9"
                    },
                    {
                        "parameter": "shininess",
                        "value": 2
                    },
                    {
                        "parameter": "specular",
                        "value": [
                            0.8999999761581421,
                            0.8999999761581421,
                            0.8999999761581421
                        ]
                    }
                ]
            },
            "name": "Material #46"
        },
        "Material #57": {
            "instanceTechnique": {
                "technique": "technique_0",
                "values": [
                    {
                        "parameter": "ambient",
                        "value": [
                            0.5879999995231628,
                            0.5879999995231628,
                            0.5879999995231628
                        ]
                    },
                    {
                        "parameter": "emission",
                        "value": [
                            0,
                            0,
                            0
                        ]
                    },
                    {
                        "parameter": "diffuse",
                        "value": "Map #10"
                    },
                    {
                        "parameter": "shininess",
                        "value": 2
                    },
                    {
                        "parameter": "specular",
                        "value": [
                            0.8999999761581421,
                            0.8999999761581421,
                            0.8999999761581421
                        ]
                    }
                ]
            },
            "name": "Material #57"
        },
        "Material #68": {
            "instanceTechnique": {
                "technique": "technique_0",
                "values": [
                    {
                        "parameter": "ambient",
                        "value": [
                            0.5879999995231628,
                            0.5879999995231628,
                            0.5879999995231628
                        ]
                    },
                    {
                        "parameter": "emission",
                        "value": [
                            0,
                            0,
                            0
                        ]
                    },
                    {
                        "parameter": "diffuse",
                        "value": "Map #11"
                    },
                    {
                        "parameter": "shininess",
                        "value": 2
                    },
                    {
                        "parameter": "specular",
                        "value": [
                            0.8999999761581421,
                            0.8999999761581421,
                            0.8999999761581421
                        ]
                    }
                ]
            },
            "name": "Material #68"
        },
        "Material #79": {
            "instanceTechnique": {
                "technique": "technique_0",
                "values": [
                    {
                        "parameter": "ambient",
                        "value": [
                            0.5879999995231628,
                            0.5879999995231628,
                            0.5879999995231628
                        ]
                    },
                    {
                        "parameter": "emission",
                        "value": [
                            0,
                            0,
                            0
                        ]
                    },
                    {
                        "parameter": "diffuse",
                        "value": "Map #12"
                    },
                    {
                        "parameter": "shininess",
                        "value": 2
                    },
                    {
                        "parameter": "specular",
                        "value": [
                            0.8999999761581421,
                            0.8999999761581421,
                            0.8999999761581421
                        ]
                    }
                ]
            },
            "name": "Material #79"
        },
        "Material #90": {
            "instanceTechnique": {
                "technique": "technique_0",
                "values": [
                    {
                        "parameter": "ambient",
                        "value": [
                            0.5879999995231628,
                            0.5879999995231628,
                            0.5879999995231628
                        ]
                    },
                    {
                        "parameter": "emission",
                        "value": [
                            0,
                            0,
                            0
                        ]
                    },
                    {
                        "parameter": "diffuse",
                        "value": "Map #13"
                    },
                    {
                        "parameter": "shininess",
                        "value": 2
                    },
                    {
                        "parameter": "specular",
                        "value": [
                            0.8999999761581421,
                            0.8999999761581421,
                            0.8999999761581421
                        ]
                    }
                ]
            },
            "name": "Material #90"
        }
    },
    "meshes": {
        "phantom_lancer_belt_model_LOD0-mesh": {
            "name": "phantom_lancer_belt_model_LOD0-mesh",
            "primitives": [
                {
                    "indices": "indices_12",
                    "material": "Material #46",
                    "semantics": {
                        "JOINT": "attribute_10",
                        "NORMAL": "attribute_8",
                        "POSITION": "attribute_7",
                        "TEXCOORD_0": "attribute_9",
                        "WEIGHT": "attribute_11"
                    },
                    "skin": "skin_1"
                }
            ]
        },
        "phantom_lancer_gauntlet_model_LOD0-mesh": {
            "name": "phantom_lancer_gauntlet_model_LOD0-mesh",
            "primitives": [
                {
                    "indices": "indices_18",
                    "material": "Material #57",
                    "semantics": {
                        "JOINT": "attribute_16",
                        "NORMAL": "attribute_14",
                        "POSITION": "attribute_13",
                        "TEXCOORD_0": "attribute_15",
                        "WEIGHT": "attribute_17"
                    },
                    "skin": "skin_2"
                }
            ]
        },
        "phantom_lancer_head_model_LOD0-mesh": {
            "name": "phantom_lancer_head_model_LOD0-mesh",
            "primitives": [
                {
                    "indices": "indices_24",
                    "material": "Material #68",
                    "semantics": {
                        "JOINT": "attribute_22",
                        "NORMAL": "attribute_20",
                        "POSITION": "attribute_19",
                        "TEXCOORD_0": "attribute_21",
                        "WEIGHT": "attribute_23"
                    },
                    "skin": "skin_3"
                }
            ]
        },
        "phantom_lancer_model_LOD0-mesh": {
            "name": "phantom_lancer_model_LOD0-mesh",
            "primitives": [
                {
                    "indices": "indices_6",
                    "material": "Material #35",
                    "semantics": {
                        "JOINT": "attribute_4",
                        "NORMAL": "attribute_2",
                        "POSITION": "attribute_1",
                        "TEXCOORD_0": "attribute_3",
                        "WEIGHT": "attribute_5"
                    },
                    "skin": "skin_0"
                }
            ]
        },
        "phantom_lancer_shoulderpad_model_LOD0-mesh": {
            "name": "phantom_lancer_shoulderpad_model_LOD0-mesh",
            "primitives": [
                {
                    "indices": "indices_30",
                    "material": "Material #79",
                    "semantics": {
                        "JOINT": "attribute_28",
                        "NORMAL": "attribute_26",
                        "POSITION": "attribute_25",
                        "TEXCOORD_0": "attribute_27",
                        "WEIGHT": "attribute_29"
                    },
                    "skin": "skin_4"
                }
            ]
        },
        "phantom_lancer_weapon_model_LOD0-mesh": {
            "name": "phantom_lancer_weapon_model_LOD0-mesh",
            "primitives": [
                {
                    "indices": "indices_36",
                    "material": "Material #90",
                    "semantics": {
                        "JOINT": "attribute_34",
                        "NORMAL": "attribute_32",
                        "POSITION": "attribute_31",
                        "TEXCOORD_0": "attribute_33",
                        "WEIGHT": "attribute_35"
                    },
                    "skin": "skin_5"
                }
            ]
        }
    },
    "nodes": {
        "Head_0": {
            "children": [
                "Head_1"
            ],
            "matrix": [
                0.9226054549217227,
                1.1504835839559743e-7,
                -0.38574475049972545,
                0,
                -5.7877810858082766e-8,
                0.9999999999999998,
                1.598206438302431e-7,
                0,
                0.38574475049973866,
                -1.251253360979609e-7,
                0.922605454921717,
                0,
                12.390182495117159,
                -3.173386176058557e-8,
                -0.000003814697265625,
                1
            ],
            "name": "Head_0"
        },
        "Head_1": {
            "children": [
                "beard3_0",
                "hair4_0",
                "ear0_0_L",
                "chop2_0_A_L",
                "ear1_0_R",
                "chop3_0_A_R"
            ],
            "matrix": [
                0.6429232954978943,
                2.0375707837670352e-15,
                -0.7659310698509217,
                0,
                3.1794304477881527e-15,
                1,
                5.329070508274584e-15,
                0,
                0.7659310698509215,
                -5.861408103814687e-15,
                0.6429232954978942,
                0,
                10.895004272460938,
                3.6476285458775237e-7,
                0.0000152587890625,
                1
            ],
            "name": "Head_1"
        },
        "Root_0": {
            "children": [
                "thigh_R",
                "thigh_L1",
                "Spine_0",
                "front_cloth1_0",
                "back_cloth2_0"
            ],
            "matrix": [
                -1.629206851037603e-7,
                -1.0000000000000002,
                0,
                0,
                1.0000000000000002,
                -1.629206851037603e-7,
                0,
                0,
                0,
                0,
                1,
                0,
                0,
                1.5997107028961182,
                99.5224609375,
                1
            ],
            "name": "Root_0"
        },
        "Spine_0": {
            "children": [
                "Spine_2"
            ],
            "matrix": [
                -0.23887236416339871,
                -5.695160957364239e-8,
                0.9710509777069092,
                0,
                -4.699351732139554e-7,
                1.0000000000000004,
                -5.6951609673579265e-8,
                0,
                -0.9710509777069029,
                -4.6993517505391455e-7,
                -0.23887236416342475,
                0,
                -5.684513092041016,
                -1.9072658119512203e-7,
                16.823944091796875,
                1
            ],
            "name": "Spine_0"
        },
        "Spine_2": {
            "children": [
                "Spine_3"
            ],
            "matrix": [
                0.9714611172676086,
                -1.3234889800848443e-23,
                -0.23719859123229983,
                0,
                -1.1310510911263355e-7,
                0.9999999999999999,
                -4.632287868844286e-7,
                0,
                0.23719859123229986,
                4.768371273999582e-7,
                0.9714611172676086,
                0,
                14.929435729980469,
                0.0000012248601706232867,
                -0.000005722045901990214,
                1
            ],
            "name": "Spine_2"
        },
        "Spine_3": {
            "children": [
                "clavicle_R",
                "Head_0",
                "clavicle_L"
            ],
            "matrix": [
                0.9541418552398687,
                1.6952839132500283e-8,
                -0.29935485124588035,
                0,
                3.687206330193484e-8,
                1,
                1.7415457875813432e-7,
                0,
                0.29935485124588296,
                -1.772060038996833e-7,
                0.9541418552398673,
                0,
                17.813400268554688,
                5.880156095372496e-7,
                -0.000001907348634588857,
                1
            ],
            "name": "Spine_3"
        },
        "ankle_L1": {
            "children": [
                "toeBall_L"
            ],
            "matrix": [
                0.204287767410278,
                -0.07134827971458418,
                0.9763072729110717,
                0,
                0.014611422744164423,
                0.9974517317924979,
                0.06983613880836556,
                0,
                -0.9788016775351018,
                -0.0000014305884379200995,
                0.20480960545837312,
                0,
                30.312847137451183,
                -0.000003814697265625,
                0.0000095367431640625,
                1
            ],
            "name": "ankle_L1"
        },
        "ankle_R": {
            "children": [
                "toeBall_R"
            ],
            "matrix": [
                0.204287767410278,
                -0.07134869694709758,
                0.9763075113296509,
                0,
                0.014614149305598276,
                0.9974513391637497,
                0.0698359488091743,
                0,
                -0.9788018218967578,
                0.0000012736713921324139,
                0.20480978327706373,
                0,
                -30.31284713745117,
                0.0000019073486328125,
                -0.0000019073486292597863,
                1
            ],
            "name": "ankle_R"
        },
        "back_cloth2_0": {
            "children": [
                "back_cloth2_1"
            ],
            "matrix": [
                -0.1110010817646977,
                -1.8525304313989257e-7,
                -0.9938203096389768,
                0,
                -1.03134711546493e-8,
                1,
                -1.852530431299579e-7,
                0,
                0.9938203096389775,
                -1.0313551091260952e-8,
                -0.11100108176469584,
                0,
                -12.885218620300291,
                -0.0000023909801711852192,
                -6.673591613769531,
                1
            ],
            "name": "back_cloth2_0"
        },
        "back_cloth2_1": {
            "children": [],
            "matrix": [
                1.0000001192092896,
                1.1079350770159825e-9,
                -1.3877787807814457e-17,
                0,
                -1.1079349449398291e-9,
                0.9999999999999999,
                1.296740492629834e-13,
                0,
                5.551115123125783e-17,
                -1.2967406469155618e-13,
                1.0000001192092893,
                0,
                13.848075866699205,
                6.169157131807912e-7,
                -0.0000038146972585195726,
                1
            ],
            "name": "back_cloth2_1"
        },
        "beard3_0": {
            "children": [
                "beard3_1"
            ],
            "matrix": [
                0.2675989568233488,
                -1.0420687601708774e-7,
                -0.9635301828384399,
                0,
                7.003273833167501e-8,
                -0.9999999999999997,
                1.2760115451281279e-7,
                0,
                -0.9635301828384432,
                -1.0162459300647802e-7,
                -0.26759895682333873,
                0,
                14.590041160583494,
                -0.0000014370407370734029,
                -5.320404052734375,
                1
            ],
            "name": "beard3_0"
        },
        "beard3_1": {
            "children": [
                "beard3_2"
            ],
            "matrix": [
                0.999933481216431,
                -1.4210854688732224e-14,
                -0.011540442705154419,
                0,
                3.091265403823162e-9,
                0.9999999999999997,
                2.678446264781087e-7,
                0,
                0.011540442705154419,
                -2.678624843506491e-7,
                0.9999334812164309,
                0,
                4.658630371093722,
                -3.339846443850581e-7,
                0.000003814697265625,
                1
            ],
            "name": "beard3_1"
        },
        "beard3_2": {
            "children": [],
            "matrix": [
                0.991292297840119,
                0,
                0.13167935609817522,
                0,
                0,
                1.0000000000000002,
                -6.617444900424222e-24,
                0,
                -0.13167935609817516,
                1.6543612251060553e-24,
                0.9912922978401191,
                0,
                5.2174072265625,
                -3.6244819057174027e-7,
                -0.000003814697265625,
                1
            ],
            "name": "beard3_2"
        },
        "bicep_L": {
            "children": [
                "elbow_L"
            ],
            "matrix": [
                0.7171981334686282,
                -0.09551720321178434,
                -0.690292477607727,
                0,
                -0.588169845062108,
                0.44828445568975284,
                -0.6731250992364529,
                0,
                0.3737423289121901,
                0.8887730808775722,
                0.2653283755219701,
                0,
                17.08543968200684,
                0.000011444091796875,
                -0.0000457763671875,
                1
            ],
            "name": "bicep_L"
        },
        "bicep_R": {
            "children": [
                "elbow_R"
            ],
            "matrix": [
                0.7171981334686278,
                -0.09551756083965299,
                -0.6902923583984371,
                0,
                -0.588169984480519,
                0.4482841042188297,
                -0.6731255439476745,
                0,
                0.3737423693017871,
                0.8887735525566649,
                0.26532793758186424,
                0,
                -17.085443496704094,
                0,
                0.000030517578125,
                1
            ],
            "name": "bicep_R"
        },
        "chop2_0_A_L": {
            "children": [],
            "matrix": [
                -0.2758561372756958,
                0.7606399059295655,
                -0.5876482129096987,
                0,
                0.3232215266930075,
                0.649173993710305,
                0.6885497050460996,
                0,
                0.9052241673129735,
                1.0942122783224521e-7,
                -0.4249337502397626,
                0,
                3.268246173858643,
                6.943918228149414,
                1.9361114501953125,
                1
            ],
            "name": "chop2_0_A_L"
        },
        "chop3_0_A_R": {
            "children": [],
            "matrix": [
                0.27585586905479437,
                0.7606401443481441,
                0.5876479744911195,
                0,
                0.32322132800471126,
                -0.6491737917924201,
                0.6885502272217039,
                0,
                0.9052242733877559,
                -2.626037238833453e-7,
                -0.4249333609873838,
                0,
                3.268242120742798,
                -6.94392204284668,
                1.936111450195284,
                1
            ],
            "name": "chop3_0_A_R"
        },
        "clavicle_L": {
            "children": [
                "bicep_L",
                "shoulderpad0_0"
            ],
            "matrix": [
                -0.29758167266845725,
                0.95124214887619,
                -0.08113817125558853,
                0,
                -0.024225105967053462,
                0.07743736921099695,
                0.9967027330587512,
                0,
                0.9543889826416648,
                0.29856611186371984,
                1.1102230246251565e-16,
                0,
                3.2084808349609375,
                9.483329772949219,
                -2.5586395263671875,
                1
            ],
            "name": "clavicle_L"
        },
        "clavicle_R": {
            "children": [
                "bicep_R"
            ],
            "matrix": [
                0.2975814938545228,
                0.9512421488761899,
                0.08113799989223486,
                0,
                0.024225184046670123,
                0.0774371645879052,
                -0.9967026721190674,
                0,
                -0.9543890962633587,
                0.29856598071327445,
                -1.4901161210501002e-7,
                0,
                3.208480834960909,
                -9.483329772949217,
                -2.5586395263671804,
                1
            ],
            "name": "clavicle_R"
        },
        "ear0_0_L": {
            "children": [],
            "matrix": [
                -0.4147123098373415,
                0.5167566537857058,
                0.748983442783356,
                0,
                0.3614189137399528,
                0.8489343573712935,
                -0.3855994522250706,
                0,
                -0.8350987004079291,
                0.11078392158255007,
                -0.5388290535486846,
                0,
                -1.8351074457168584,
                7.575599670410155,
                6.821899414062472,
                1
            ],
            "name": "ear0_0_L"
        },
        "ear1_0_R": {
            "children": [],
            "matrix": [
                0.5805506706237794,
                0.5284982919692993,
                -0.6193948388099673,
                0,
                0.3614182151692341,
                -0.8489341283838976,
                -0.3855999996901238,
                0,
                -0.7296145078416771,
                -2.387151520555861e-7,
                -0.6838583266187501,
