{
    "accessors": {
        "attrbute_1": {
            "bufferView": "bufferView_37",
            "byteOffset": 0,
            "byteStride": 12,
            "count": 900,
            "max": [
                49.90427017211914,
                27.636011123657227,
                174.95558166503906,
                0
            ],
            "min": [
                -49.90431594848633,
                -13.605707168579102,
                -0.3825342357158661,
                0
            ],
            "type": 35665
        },
        "attrbute_10": {
            "bufferView": "bufferView_37",
            "byteOffset": 73552,
            "byteStride": 16,
            "count": 611,
            "max": [
                7,
                8,
                8,
                -1
            ],
            "min": [
                0,
                -1,
                -1,
                -1
            ],
            "type": 35666
        },
        "attrbute_11": {
            "bufferView": "bufferView_37",
            "byteOffset": 83328,
            "byteStride": 12,
            "count": 611,
            "max": [
                1,
                0.999893844127655,
                0.9978642463684082
            ],
            "min": [
                0.0001061840885085985,
                0,
                0
            ],
            "type": 35665
        },
        "attrbute_13": {
            "bufferView": "bufferView_37",
            "byteOffset": 90660,
            "byteStride": 12,
            "count": 238,
            "max": [
                53.68518829345703,
                19.994667053222656,
                134.9958038330078,
                0
            ],
            "min": [
                -50.86098861694336,
                -12.689736366271973,
                71.89542388916016,
                0
            ],
            "type": 35665
        },
        "attrbute_14": {
            "bufferView": "bufferView_37",
            "byteOffset": 93516,
            "byteStride": 12,
            "count": 238,
            "max": [
                0.9923133850097656,
                0.9878355264663696,
                0.9825353622436523,
                0
            ],
            "min": [
                -0.9995904564857483,
                -0.9993337392807007,
                -0.9812214970588684,
                0
            ],
            "type": 35665
        },
        "attrbute_15": {
            "bufferView": "bufferView_37",
            "byteOffset": 96372,
            "byteStride": 8,
            "count": 238,
            "max": [
                0.9832000136375427,
                0.9944999814033508
            ],
            "min": [
                0.017999999225139618,
                0.0252000093460083
            ],
            "type": 35664
        },
        "attrbute_16": {
            "bufferView": "bufferView_37",
            "byteOffset": 98276,
            "byteStride": 16,
            "count": 238,
            "max": [
                3,
                7,
                7,
                -1
            ],
            "min": [
                0,
                -1,
                -1,
                -1
            ],
            "type": 35666
        },
        "attrbute_17": {
            "bufferView": "bufferView_37",
            "byteOffset": 102084,
            "byteStride": 12,
            "count": 238,
            "max": [
                1,
                0.9995914101600647,
                0.05829300358891487
            ],
            "min": [
                0.00040861257002688944,
                0,
                0
            ],
            "type": 35665
        },
        "attrbute_19": {
            "bufferView": "bufferView_37",
            "byteOffset": 104940,
            "byteStride": 12,
            "count": 1185,
            "max": [
                13.610197067260742,
                13.256233215332031,
                193.7548065185547,
                0
            ],
            "min": [
                -13.610199928283691,
                -21.548490524291992,
                143.55458068847656,
                0
            ],
            "type": 35665
        },
        "attrbute_2": {
            "bufferView": "bufferView_37",
            "byteOffset": 10800,
            "byteStride": 12,
            "count": 900,
            "max": [
                0.9989913105964661,
                0.9983391165733337,
                0.9664573073387146,
                0
            ],
            "min": [
                -0.9990139603614807,
                -0.9985541105270386,
                -0.9863675832748413,
                0
            ],
            "type": 35665
        },
        "attrbute_20": {
            "bufferView": "bufferView_37",
            "byteOffset": 119160,
            "byteStride": 12,
            "count": 1185,
            "max": [
                0.9993777871131897,
                0.999906063079834,
                0.9998703002929688,
                0
            ],
            "min": [
                -0.9993777871131897,
                -0.9999458193778992,
                -0.9909935593605042,
                0
            ],
            "type": 35665
        },
        "attrbute_21": {
            "bufferView": "bufferView_37",
            "byteOffset": 133380,
            "byteStride": 8,
            "count": 1185,
            "max": [
                1.7467999458312988,
                0.9882000088691711
            ],
            "min": [
                0.01889999955892563,
                0.008800029754638672
            ],
            "type": 35664
        },
        "attrbute_22": {
            "bufferView": "bufferView_37",
            "byteOffset": 142860,
            "byteStride": 16,
            "count": 1185,
            "max": [
                11,
                11,
                11,
                -1
            ],
            "min": [
                0,
                -1,
                -1,
                -1
            ],
            "type": 35666
        },
        "attrbute_23": {
            "bufferView": "bufferView_37",
            "byteOffset": 161820,
            "byteStride": 12,
            "count": 1185,
            "max": [
                1,
                0.9609934687614441,
                0.9004510641098022
            ],
            "min": [
                0.03900648280978203,
                0,
                0
            ],
            "type": 35665
        },
        "attrbute_25": {
            "bufferView": "bufferView_37",
            "byteOffset": 176040,
            "byteStride": 12,
            "count": 503,
            "max": [
                44.24239730834961,
                26.69993019104004,
                178.7373809814453,
                0
            ],
            "min": [
                -44.082664489746094,
                -14.466002464294434,
                115.49198913574219,
                0
            ],
            "type": 35665
        },
        "attrbute_26": {
            "bufferView": "bufferView_37",
            "byteOffset": 182076,
            "byteStride": 12,
            "count": 503,
            "max": [
                0.992822527885437,
                0.9994312524795532,
                0.9965505003929138,
                0
            ],
            "min": [
                -0.999630331993103,
                -0.9978876113891602,
                -0.9998142123222351,
                0
            ],
            "type": 35665
        },
        "attrbute_27": {
            "bufferView": "bufferView_37",
            "byteOffset": 188112,
            "byteStride": 8,
            "count": 503,
            "max": [
                0.9911999702453613,
                0.8712000250816345
            ],
            "min": [
                0.009499999694526196,
                0.007799983024597168
            ],
            "type": 35664
        },
        "attrbute_28": {
            "bufferView": "bufferView_37",
            "byteOffset": 192136,
            "byteStride": 16,
            "count": 503,
            "max": [
                10,
                11,
                11,
                -1
            ],
            "min": [
                0,
                -1,
                -1,
                -1
            ],
            "type": 35666
        },
        "attrbute_29": {
            "bufferView": "bufferView_37",
            "byteOffset": 200184,
            "byteStride": 12,
            "count": 503,
            "max": [
                1,
                0.9997830390930176,
                0.804963231086731
            ],
            "min": [
                0.00012523954501375556,
                0,
                0
            ],
            "type": 35665
        },
        "attrbute_3": {
            "bufferView": "bufferView_37",
            "byteOffset": 21600,
            "byteStride": 8,
            "count": 900,
            "max": [
                0.9829999804496765,
                0.9884999990463257
            ],
            "min": [
                0.00860000029206276,
                0.00989997386932373
            ],
            "type": 35664
        },
        "attrbute_31": {
            "bufferView": "bufferView_37",
            "byteOffset": 206220,
            "byteStride": 12,
            "count": 139,
            "max": [
                -25.178836822509766,
                109.76116180419922,
                86.04289245605469,
                0
            ],
            "min": [
                -44.25076675415039,
                -179.0277099609375,
                60.88838577270508,
                0
            ],
            "type": 35665
        },
        "attrbute_32": {
            "bufferView": "bufferView_37",
            "byteOffset": 207888,
            "byteStride": 12,
            "count": 139,
            "max": [
                0.9984513521194458,
                0.7774181962013245,
                0.9812173843383789,
                0
            ],
            "min": [
                -0.9989519119262695,
                -0.968598484992981,
                -0.9602669477462769,
                0
            ],
            "type": 35665
        },
        "attrbute_33": {
            "bufferView": "bufferView_37",
            "byteOffset": 209556,
            "byteStride": 8,
            "count": 139,
            "max": [
                0.9807000160217285,
                0.9747999906539917
            ],
            "min": [
                0.020999999716877937,
                0.031899988651275635
            ],
            "type": 35664
        },
        "attrbute_34": {
            "bufferView": "bufferView_37",
            "byteOffset": 210668,
            "byteStride": 16,
            "count": 139,
            "max": [
                0,
                1,
                -1,
                -1
            ],
            "min": [
                0,
                -1,
                -1,
                -1
            ],
            "type": 35666
        },
        "attrbute_35": {
            "bufferView": "bufferView_37",
            "byteOffset": 212892,
            "byteStride": 12,
            "count": 139,
            "max": [
                1,
                0.0008510582847520709,
                0
            ],
            "min": [
                0.999148964881897,
                0,
                0
            ],
            "type": 35665
        },
        "attrbute_4": {
            "bufferView": "bufferView_37",
            "byteOffset": 28800,
            "byteStride": 16,
            "count": 900,
            "max": [
                38,
                38,
                35,
                -1
            ],
            "min": [
                0,
                -1,
                -1,
                -1
            ],
            "type": 35666
        },
        "attrbute_5": {
            "bufferView": "bufferView_37",
            "byteOffset": 43200,
            "byteStride": 12,
            "count": 900,
            "max": [
                1,
                0.9998750686645508,
                0.9995110630989075
            ],
            "min": [
                0.00011883708066307008,
                0,
                0
            ],
            "type": 35665
        },
        "attrbute_7": {
            "bufferView": "bufferView_37",
            "byteOffset": 54000,
            "byteStride": 12,
            "count": 611,
            "max": [
                22.84420394897461,
                25.296594619750977,
                130.3519287109375,
                0
            ],
            "min": [
                -38.500003814697266,
                -22.09980583190918,
                56.21509552001953,
                0
            ],
            "type": 35665
        },
        "attrbute_8": {
            "bufferView": "bufferView_37",
            "byteOffset": 61332,
            "byteStride": 12,
            "count": 611,
            "max": [
                0.994583249092102,
                0.9996948838233948,
                0.9996773600578308,
                0
            ],
            "min": [
                -0.994583249092102,
                -0.9998058080673218,
                -0.9999999403953552,
                0
            ],
            "type": 35665
        },
        "attrbute_9": {
            "bufferView": "bufferView_37",
            "byteOffset": 68664,
            "byteStride": 8,
            "count": 611,
            "max": [
                1.9918999671936035,
                0.9934999942779541
            ],
            "min": [
                0.00989999994635582,
                0.007499992847442627
            ],
            "type": 35664
        },
        "indices_12": {
            "bufferView": "bufferView_39",
            "byteOffset": 8376,
            "count": 2412,
            "type": 5123
        },
        "indices_18": {
            "bufferView": "bufferView_39",
            "byteOffset": 13200,
            "count": 942,
            "type": 5123
        },
        "indices_24": {
            "bufferView": "bufferView_39",
            "byteOffset": 15084,
            "count": 5394,
            "type": 5123
        },
        "indices_30": {
            "bufferView": "bufferView_39",
            "byteOffset": 25872,
            "count": 1890,
            "type": 5123
        },
        "indices_36": {
            "bufferView": "bufferView_39",
            "byteOffset": 29652,
            "count": 450,
            "type": 5123
        },
        "indices_6": {
            "bufferView": "bufferView_39",
            "byteOffset": 0,
            "count": 4188,
            "type": 5123
        }
    },
    "animations": {},
    "asset": {},
    "bufferViews": {
        "bufferView_37": {
            "buffer": "phantom_lancer.bin",
            "byteLength": 214560,
            "byteOffset": 0,
            "target": 34962
        },
        "bufferView_38": {
            "buffer": "phantom_lancer.bin",
            "byteLength": 6464,
            "byteOffset": 214560
        },
        "bufferView_39": {
            "buffer": "phantom_lancer.bin",
            "byteLength": 30552,
            "byteOffset": 221024,
            "target": 34963
        }
    },
    "buffers": {
        "phantom_lancer.bin": {
            "byteLength": 251576,
            "path": "phantom_lancer.bin"
        }
    },
    "cameras": {},
    "images": {
        "image_0": {
            "path": "textures/phantom_lancer_body_color.png"
        },
        "image_1": {
            "path": "textures/phantom_lancer_lowerbod_color.png"
        },
        "image_2": {
            "path": "textures/phantom_lancer_gauntlets_color.png"
        },
        "image_3": {
            "path": "textures/phantom_lancer_head_color.png"
        },
        "image_4": {
            "path": "textures/phantom_lancer_upperbod_color.png"
        },
        "image_5": {
            "path": "textures/phantom_lancer_spear_color.png"
        }
    },
    "lights": {},
    "materials": {
        "Material #35": {
            "instanceTechnique": {
                "technique": "technique_0",
                "values": {
                    "ambient": [
                        0.5879999995231628,
                        0.5879999995231628,
                        0.5879999995231628
                    ],
                    "diffuse": "Map #8",
                    "emission": [
                        0,
                        0,
                        0
                    ],
                    "shininess": 2,
                    "specular": [
                        0.8999999761581421,
                        0.8999999761581421,
                        0.8999999761581421
                    ],
                    "transparency": 1
                }
            },
            "name": "Material #35"
        },
        "Material #46": {
            "instanceTechnique": {
                "technique": "technique_0",
                "values": {
                    "ambient": [
                        0.5879999995231628,
                        0.5879999995231628,
                        0.5879999995231628
                    ],
                    "diffuse": "Map #9",
                    "emission": [
                        0,
                        0,
                        0
                    ],
                    "shininess": 2,
                    "specular": [
                        0.8999999761581421,
                        0.8999999761581421,
                        0.8999999761581421
                    ],
                    "transparency": 1
                }
            },
            "name": "Material #46"
        },
        "Material #57": {
            "instanceTechnique": {
                "technique": "technique_0",
                "values": {
                    "ambient": [
                        0.5879999995231628,
                        0.5879999995231628,
                        0.5879999995231628
                    ],
                    "diffuse": "Map #10",
                    "emission": [
                        0,
                        0,
                        0
                    ],
                    "shininess": 2,
                    "specular": [
                        0.8999999761581421,
                        0.8999999761581421,
                        0.8999999761581421
                    ],
                    "transparency": 1
                }
            },
            "name": "Material #57"
        },
        "Material #68": {
            "instanceTechnique": {
                "technique": "technique_0",
                "values": {
                    "ambient": [
                        0.5879999995231628,
                        0.5879999995231628,
                        0.5879999995231628
                    ],
                    "diffuse": "Map #11",
                    "emission": [
                        0,
                        0,
                        0
                    ],
                    "shininess": 2,
                    "specular": [
                        0.8999999761581421,
                        0.8999999761581421,
                        0.8999999761581421
                    ],
                    "transparency": 1
                }
            },
            "name": "Material #68"
        },
        "Material #79": {
            "instanceTechnique": {
                "technique": "technique_0",
                "values": {
                    "ambient": [
                        0.5879999995231628,
                        0.5879999995231628,
                        0.5879999995231628
                    ],
                    "diffuse": "Map #12",
                    "emission": [
                        0,
                        0,
                        0
                    ],
                    "shininess": 2,
                    "specular": [
                        0.8999999761581421,
                        0.8999999761581421,
                        0.8999999761581421
                    ],
                    "transparency": 1
                }
            },
            "name": "Material #79"
        },
        "Material #90": {
            "instanceTechnique": {
                "technique": "technique_0",
                "values": {
                    "ambient": [
                        0.5879999995231628,
                        0.5879999995231628,
                        0.5879999995231628
                    ],
                    "diffuse": "Map #13",
                    "emission": [
                        0,
                        0,
                        0
                    ],
                    "shininess": 2,
                    "specular": [
                        0.8999999761581421,
                        0.8999999761581421,
                        0.8999999761581421
                    ],
                    "transparency": 1
                }
            },
            "name": "Material #90"
        }
    },
    "meshes": {
        "phantom_lancer_belt_model_LOD0-mesh": {
            "name": "phantom_lancer_belt_model_LOD0-mesh",
            "primitives": [
                {
                    "attributes": {
                        "JOINT": "attrbute_10",
                        "NORMAL": "attrbute_8",
                        "POSITION": "attrbute_7",
                        "TEXCOORD_0": "attrbute_9",
                        "WEIGHT": "attrbute_11"
                    },
                    "indices": "indices_12",
                    "material": "Material #46"
                }
            ]
        },
        "phantom_lancer_gauntlet_model_LOD0-mesh": {
            "name": "phantom_lancer_gauntlet_model_LOD0-mesh",
            "primitives": [
                {
                    "attributes": {
                        "JOINT": "attrbute_16",
                        "NORMAL": "attrbute_14",
                        "POSITION": "attrbute_13",
                        "TEXCOORD_0": "attrbute_15",
                        "WEIGHT": "attrbute_17"
                    },
                    "indices": "indices_18",
                    "material": "Material #57"
                }
            ]
        },
        "phantom_lancer_head_model_LOD0-mesh": {
            "name": "phantom_lancer_head_model_LOD0-mesh",
            "primitives": [
                {
                    "attributes": {
                        "JOINT": "attrbute_22",
                        "NORMAL": "attrbute_20",
                        "POSITION": "attrbute_19",
                        "TEXCOORD_0": "attrbute_21",
                        "WEIGHT": "attrbute_23"
                    },
                    "indices": "indices_24",
                    "material": "Material #68"
                }
            ]
        },
        "phantom_lancer_model_LOD0-mesh": {
            "name": "phantom_lancer_model_LOD0-mesh",
            "primitives": [
                {
                    "attributes": {
                        "JOINT": "attrbute_4",
                        "NORMAL": "attrbute_2",
                        "POSITION": "attrbute_1",
                        "TEXCOORD_0": "attrbute_3",
                        "WEIGHT": "attrbute_5"
                    },
                    "indices": "indices_6",
                    "material": "Material #35"
                }
            ]
        },
        "phantom_lancer_shoulderpad_model_LOD0-mesh": {
            "name": "phantom_lancer_shoulderpad_model_LOD0-mesh",
            "primitives": [
                {
                    "attributes": {
                        "JOINT": "attrbute_28",
                        "NORMAL": "attrbute_26",
                        "POSITION": "attrbute_25",
                        "TEXCOORD_0": "attrbute_27",
                        "WEIGHT": "attrbute_29"
                    },
                    "indices": "indices_30",
                    "material": "Material #79"
                }
            ]
        },
        "phantom_lancer_weapon_model_LOD0-mesh": {
            "name": "phantom_lancer_weapon_model_LOD0-mesh",
            "primitives": [
                {
                    "attributes": {
                        "JOINT": "attrbute_34",
                        "NORMAL": "attrbute_32",
                        "POSITION": "attrbute_31",
                        "TEXCOORD_0": "attrbute_33",
                        "WEIGHT": "attrbute_35"
                    },
                    "indices": "indices_36",
                    "material": "Material #90"
                }
            ]
        }
    },
    "nodes": {
        "Head_0": {
            "children": [
                "Head_1"
            ],
            "jointId": "Head_0",
            "matrix": [
                0.9226054549217226,
                1.1504835839559749e-7,
                -0.38574475049972534,
                0,
                -5.7877810858082766e-8,
                1,
                1.5982064383024318e-7,
                0,
                0.3857447504997388,
                -1.251253360979609e-7,
                0.9226054549217171,
                0,
                12.390182495117188,
                -3.173386176058557e-8,
                -0.000003814697265625,
                1
            ],
            "name": "Head_0"
        },
        "Head_1": {
            "children": [
                "beard3_0",
                "hair4_0",
                "ear0_0_L",
                "chop2_0_A_L",
                "ear1_0_R",
                "chop3_0_A_R"
            ],
            "jointId": "Head_1",
            "matrix": [
                0.6429232954978945,
                2.037570810236785e-15,
                -0.7659310698509219,
                0,
                3.1794304080834833e-15,
                1,
                5.329070554596698e-15,
                0,
                0.765931069850922,
                -5.861408140210634e-15,
                0.6429232954978944,
                0,
                10.895004272460923,
                3.647628545877532e-7,
                0.0000152587890625,
                1
            ],
            "name": "Head_1"
        },
        "Root_0": {
            "children": [
                "thigh_R",
                "thigh_L1",
                "Spine_0",
                "front_cloth1_0",
                "back_cloth2_0"
            ],
            "jointId": "Root_0",
            "matrix": [
                -1.629206851037603e-7,
                -1.0000000000000002,
                0,
                0,
                1.0000000000000002,
                -1.629206851037603e-7,
                0,
                0,
                0,
                0,
                1,
                0,
                0,
                1.5997107028961182,
                99.5224609375,
                1
            ],
            "name": "Root_0"
        },
        "Spine_0": {
            "children": [
                "Spine_2"
            ],
            "jointId": "Spine_0",
            "matrix": [
                -0.23887236416339871,
                -5.695160957364239e-8,
                0.9710509777069092,
                0,
                -4.699351732139554e-7,
                1.0000000000000004,
                -5.6951609673579265e-8,
                0,
                -0.9710509777069029,
                -4.6993517505391455e-7,
                -0.23887236416342475,
                0,
                -5.684513092041016,
                -1.9072658119512203e-7,
                16.823944091796875,
                1
            ],
            "name": "Spine_0"
        },
        "Spine_2": {
            "children": [
                "Spine_3"
            ],
            "jointId": "Spine_2",
            "matrix": [
                0.9714611172676086,
                -1.3234889800848443e-23,
                -0.23719859123229983,
                0,
                -1.1310510911263355e-7,
                0.9999999999999999,
                -4.632287868844286e-7,
                0,
                0.23719859123229986,
                4.768371273999582e-7,
                0.9714611172676086,
                0,
                14.929435729980469,
                0.0000012248601706232867,
                -0.000005722045901990214,
                1
            ],
            "name": "Spine_2"
        },
        "Spine_3": {
            "children": [
                "clavicle_R",
                "Head_0",
                "clavicle_L"
            ],
            "jointId": "Spine_3",
            "matrix": [
                0.9541418552398687,
                1.6952839132500244e-8,
                -0.29935485124588024,
                0,
                3.687206330193486e-8,
                1,
                1.7415457875813432e-7,
                0,
                0.2993548512458829,
                -1.7720600389968334e-7,
                0.9541418552398674,
                0,
                17.813400268554688,
                5.880156095372496e-7,
                -0.000001907348634588857,
                1
            ],
            "name": "Spine_3"
        },
        "ankle_L1": {
            "children": [
                "toeBall_L"
            ],
            "jointId": "ankle_L1",
            "matrix": [
                0.20428776741027788,
                -0.07134827971458416,
                0.9763072729110718,
                0,
                0.014611422744164423,
                0.9974517317924981,
                0.0698361388083655,
                0,
                -0.9788016775351018,
                -0.0000014305884379062217,
                0.20480960545837318,
                0,
                30.312847137451172,
                -0.000003814697265625,
                0.0000095367431640625,
                1
            ],
            "name": "ankle_L1"
        },
        "ankle_R": {
            "children": [
                "toeBall_R"
            ],
            "jointId": "ankle_R",
            "matrix": [
                0.204287767410278,
                -0.07134869694709764,
                0.9763075113296511,
                0,
                0.014614149305598331,
                0.99745133916375,
                0.06983594880917438,
                0,
                -0.978801821896758,
                0.000001273671392187925,
                0.20480978327706367,
                0,
                -30.312847137451175,
                0.0000019073486328125,
                -0.0000019073486292597863,
                1
            ],
            "name": "ankle_R"
        },
        "back_cloth2_0": {
            "children": [
                "back_cloth2_1"
            ],
            "jointId": "back_cloth2_0",
            "matrix": [
                -0.1110010817646977,
                -1.8525304313989257e-7,
                -0.9938203096389768,
                0,
                -1.03134711546493e-8,
                1,
                -1.852530431299579e-7,
                0,
                0.9938203096389775,
                -1.0313551091260952e-8,
                -0.11100108176469584,
                0,
                -12.885218620300291,
                -0.0000023909801711852192,
                -6.673591613769531,
                1
            ],
            "name": "back_cloth2_0"
        },
        "back_cloth2_1": {
            "children": [],
            "jointId": "back_cloth2_1",
            "matrix": [
                1.0000001192092893,
                1.107935077016009e-9,
                -1.3877787807814457e-17,
                0,
                -1.1079349449398556e-9,
                0.9999999999999997,
                1.2967404928283573e-13,
                0,
                4.163336342344337e-17,
                -1.2967406475111318e-13,
                1.0000001192092893,
                0,
                13.848075866699205,
                6.169157131807912e-7,
                -0.0000038146972585195726,
                1
            ],
            "name": "back_cloth2_1"
        },
        "beard3_0": {
            "children": [
                "beard3_1"
            ],
            "jointId": "beard3_0",
            "matrix": [
                0.26759895682334883,
                -1.0420687601708773e-7,
                -0.96353018283844,
                0,
                7.003273833167504e-8,
                -0.9999999999999997,
                1.2760115451281276e-7,
                0,
                -0.9635301828384432,
                -1.01624593006478e-7,
                -0.26759895682333873,
                0,
                14.590041160583494,
                -0.0000014370407370734024,
                -5.320404052734375,
                1
            ],
            "name": "beard3_0"
        },
        "beard3_1": {
            "children": [
                "beard3_2"
            ],
            "jointId": "beard3_1",
            "matrix": [
                0.9999334812164309,
                -1.4210854715202004e-14,
                -0.01154044270515453,
                0,
                3.0912654038231754e-9,
                0.9999999999999997,
                2.6784462647810875e-7,
                0,
                0.011540442705154419,
                -2.678624843506492e-7,
                0.9999334812164311,
                0,
                4.65863037109375,
                -3.339846443850547e-7,
                0.000003814697265625,
                1
            ],
            "name": "beard3_1"
        },
        "beard3_2": {
            "children": [],
            "jointId": "beard3_2",
            "matrix": [
                0.9912922978401187,
                1.3234889800848443e-23,
                0.13167935609817508,
                0,
                1.3234889800848443e-23,
                1.0000000000000002,
                3.308722450212111e-24,
                0,
                -0.1316793560981751,
                0,
                0.9912922978401187,
                0,
                5.217407226562472,
                -3.624481905717386e-7,
                -0.0000038146972585195726,
                1
            ],
            "name": "beard3_2"
        },
        "bicep_L": {
            "children": [
                "elbow_L"
            ],
            "jointId": "bicep_L",
            "matrix": [
                0.7171981334686282,
                -0.09551720321178442,
                -0.690292477607727,
                0,
                -0.5881698450621081,
                0.44828445568975284,
                -0.6731250992364528,
                0,
                0.3737423289121901,
                0.8887730808775723,
                0.26532837552197,
                0,
                17.085439682006843,
                0.000011444091789769573,
                -0.0000457763671875,
                1
            ],
            "name": "bicep_L"
        },
        "bicep_R": {
            "children": [
                "elbow_R"
            ],
            "jointId": "bicep_R",
            "matrix": [
                0.7171981334686278,
                -0.0955175608396529,
                -0.6902923583984375,
                0,
                -0.5881699844805189,
                0.44828410421883014,
                -0.6731255439476749,
                0,
                0.37374236930178706,
                0.8887735525566651,
                0.26532793758186424,
                0,
                -17.085443496704105,
                0,
                0.00003051757815342171,
                1
            ],
            "name": "bicep_R"
        },
        "chop2_0_A_L": {
            "children": [],
            "jointId": "chop2_0_A_L",
            "matrix": [
                -0.27585613727569586,
                0.7606399059295658,
                -0.5876482129096987,
                0,
                0.3232215266930075,
                0.649173993710305,
                0.6885497050460997,
                0,
                0.9052241673129734,
                1.0942122787446913e-7,
                -0.4249337502397625,
                0,
                3.2682461738586435,
                6.943918228149414,
                1.9361114501953125,
                1
            ],
            "name": "chop2_0_A_L"
        },
        "chop3_0_A_R": {
            "children": [],
            "jointId": "chop3_0_A_R",
            "matrix": [
                0.27585586905479426,
                0.7606401443481443,
                0.5876479744911195,
                0,
                0.32322132800471115,
                -0.64917379179242,
                0.6885502272217039,
                0,
                0.9052242733877559,
                -2.626037238833454e-7,
                -0.4249333609873838,
                0,
                3.2682421207427983,
                -6.94392204284668,
                1.9361114501953125,
                1
            ],
            "name": "chop3_0_A_R"
        },
        "clavicle_L": {
            "children": [
                "bicep_L",
                "shoulderpad0_0"
            ],
            "jointId": "clavicle_L",
            "matrix": [
                -0.29758167266845725,
                0.9512421488761903,
                -0.08113817125558855,
                0,
                -0.024225105967053517,
                0.07743736921099696,
                0.9967027330587515,
                0,
                0.954388982641665,
                0.29856611186371984,
                5.551115123125783e-17,
                0,
                3.2084808349609375,
                9.483329772949219,
                -2.5586395263671875,
                1
            ],
            "name": "clavicle_L"
        },
        "clavicle_R": {
            "children": [
                "bicep_R"
            ],
            "jointId": "clavicle_R",
            "matrix": [
                0.2975814938545228,
                0.9512421488761902,
                0.08113799989223484,
                0,
                0.024225184046670123,
                0.07743716458790524,
                -0.9967026721190677,
                0,
                -0.9543890962633587,
                0.29856598071327445,
                -1.4901161204949886e-7,
                0,
                3.2084808349609375,
                -9.483329772949217,
                -2.5586395263671875,
                1
            ],
            "name": "clavicle_R"
        },
        "ear0_0_L": {
            "children": [],
            "jointId": "ear0_0_L",
            "matrix": [
                -0.41471230983734136,
                0.5167566537857059,
                0.7489834427833562,
                0,
                0.3614189137399529,
                0.8489343573712939,
                -0.3855994522250705,
                0,
                -0.8350987004079291,
                0.1107839215825501,
                -0.5388290535486845,
                0,
                -1.8351074457168581,
                7.5755996704101545,
                6.8218994140625,
                1
            ],
            "name": "ear0_0_L"
        },
        "ear1_0_R": {
            "children": [],
            "jointId": "ear1_0_R",
            "matrix": [
                0.5805506706237793,
                0.5284982919692993,
                -0.6193948388099673,
                0,
                0.3614182151692341,
                -0.8489341283838976,
                -0.38559999969012393,
                0,
                -0.7296145078416771,
                -2.387151519266859e-7,
                -0.6838583266187501,
                0,
                -1.835107922554016,
                -7.575602531433105,
                6.8218994140625,
