{
    "accessors": [
        {
            "bufferView": 0,
            "byteOffset": 0,
            "componentType": 5126,
            "count": 900,
            "max": [
                49.90427017211914,
                27.636011123657227,
                174.95558166503906
            ],
            "min": [
                -49.90431594848633,
                -13.605707168579102,
                -0.3825342357158661
            ],
            "type": "VEC3"
        },
        {
            "bufferView": 0,
            "byteOffset": 10800,
            "componentType": 5126,
            "count": 900,
            "max": [
                0.9989913105964661,
                0.9983391165733337,
                0.9664573073387146
            ],
            "min": [
                -0.9990139603614807,
                -0.9985541105270386,
                -0.9863675832748413
            ],
            "type": "VEC3"
        },
        {
            "bufferView": 0,
            "byteOffset": 21600,
            "componentType": 5126,
            "count": 900,
            "max": [
                0.9829999804496765,
                0.9901000261306763
            ],
            "min": [
                0.00860000029206276,
                0.011500000953674316
            ],
            "type": "VEC2"
        },
        {
            "bufferView": 0,
            "byteOffset": 28800,
            "componentType": 5123,
            "count": 900,
            "max": [
                38,
                38,
                35,
                0
            ],
            "min": [
                0,
                0,
                0,
                0
            ],
            "type": "VEC4"
        },
        {
            "bufferView": 0,
            "byteOffset": 36000,
            "componentType": 5126,
            "count": 900,
            "max": [
                1,
                0.9998750686645508,
                0.9995110630989075,
                0
            ],
            "min": [
                0.00011883708066307008,
                0,
                0,
                0
            ],
            "type": "VEC4"
        },
        {
            "bufferView": 2,
            "byteOffset": 0,
            "componentType": 5123,
            "count": 4188,
            "max": [
                899
            ],
            "min": [
                0
            ],
            "type": "SCALAR"
        },
        {
            "bufferView": 1,
            "byteOffset": 0,
            "componentType": 5126,
            "count": 39,
            "max": [
                0.9512423999823812,
                0.9999999999999921,
                0.916960381038771,
                0,
                1.0000002384177744,
                0.9587209855429548,
                0.9999985181268718,
                0,
                1.0000001192092678,
                0.555019799263302,
                1,
                0,
                114.71958256425383,
                65.45430517228633,
                138.24528094932083,
                1
            ],
            "min": [
                -0.9643138200924597,
                -0.999999880790577,
                -0.7457714116428475,
                0,
                -0.9999999999999732,
                -0.9909504995404602,
                -0.9999999999998908,
                0,
                -0.9938202619317754,
                -0.352690983519047,
                -1.0000000596043066,
                0,
                -138.67689684304392,
                -59.031050082455565,
                -168.83016967773133,
                1
            ],
            "type": "MAT4"
        },
        {
            "bufferView": 0,
            "byteOffset": 50400,
            "componentType": 5126,
            "count": 611,
            "max": [
                22.84420394897461,
                25.296594619750977,
                130.3519287109375
            ],
            "min": [
                -38.500003814697266,
                -22.09980583190918,
                56.21509552001953
            ],
            "type": "VEC3"
        },
        {
            "bufferView": 0,
            "byteOffset": 57732,
            "componentType": 5126,
            "count": 611,
            "max": [
                0.994583249092102,
                0.9996948838233948,
                0.9996773600578308
            ],
            "min": [
                -0.994583249092102,
                -0.9998058080673218,
                -0.9999999403953552
            ],
            "type": "VEC3"
        },
        {
            "bufferView": 0,
            "byteOffset": 65064,
            "componentType": 5126,
            "count": 611,
            "max": [
                1.9918999671936035,
                0.9925000071525574
            ],
            "min": [
                0.00989999994635582,
                0.0065000057220458984
            ],
            "type": "VEC2"
        },
        {
            "bufferView": 0,
            "byteOffset": 69952,
            "componentType": 5123,
            "count": 611,
            "max": [
                7,
                8,
                8,
                0
            ],
            "min": [
                0,
                0,
                0,
                0
            ],
            "type": "VEC4"
        },
        {
            "bufferView": 0,
            "byteOffset": 74840,
            "componentType": 5126,
            "count": 611,
            "max": [
                1,
                0.999893844127655,
                0.9978642463684082,
                0
            ],
            "min": [
                0.0001061840885085985,
                0,
                0,
                0
            ],
            "type": "VEC4"
        },
        {
            "bufferView": 2,
            "byteOffset": 8376,
            "componentType": 5123,
            "count": 2412,
            "max": [
                610
            ],
            "min": [
                0
            ],
            "type": "SCALAR"
        },
        {
            "bufferView": 1,
            "byteOffset": 2496,
            "componentType": 5126,
            "count": 9,
            "max": [
                0.21574213374586565,
                0.9999999999999838,
                0.3488193157398848,
                0,
                0.2388723623320703,
                0.35846273612555674,
                0.9999984601665997,
                0,
                0.9999984601665907,
                0.1993085796533312,
                1,
                0,
                91.30240243125435,
                28.426921425015482,
                24.701741574027764,
                1
            ],
            "min": [
                -1.6716865667246062e-7,
                0.9120200037160172,
                -5.501494579770932e-7,
                0,
                -0.9999999999999732,
                -0.35846284797037986,
                -0.9951878378010428,
                0,
                -0.9951878378009054,
                -0.1993082700676268,
                -0.23887236233200776,
                0,
                -130.86214210834575,
                -28.426951828035147,
                -99.5224609375,
                1
            ],
            "type": "MAT4"
        },
        {
            "bufferView": 0,
            "byteOffset": 84616,
            "componentType": 5126,
            "count": 238,
            "max": [
                53.68518829345703,
                19.994667053222656,
                134.9958038330078
            ],
            "min": [
                -50.86098861694336,
                -12.689736366271973,
                71.89542388916016
            ],
            "type": "VEC3"
        },
        {
            "bufferView": 0,
            "byteOffset": 87472,
            "componentType": 5126,
            "count": 238,
            "max": [
                0.9923133850097656,
                0.9878355264663696,
                0.9825353622436523
            ],
            "min": [
                -0.9995904564857483,
                -0.9993337392807007,
                -0.9812214970588684
            ],
            "type": "VEC3"
        },
        {
            "bufferView": 0,
            "byteOffset": 90328,
            "componentType": 5126,
            "count": 238,
            "max": [
                0.9832000136375427,
                0.9747999906539917
            ],
            "min": [
                0.017999999225139618,
                0.00550001859664917
            ],
            "type": "VEC2"
        },
        {
            "bufferView": 0,
            "byteOffset": 92232,
            "componentType": 5123,
            "count": 238,
            "max": [
                3,
                7,
                7,
                0
            ],
            "min": [
                0,
                0,
                0,
                0
            ],
            "type": "VEC4"
        },
        {
            "bufferView": 0,
            "byteOffset": 94136,
            "componentType": 5126,
            "count": 238,
            "max": [
                1,
                0.9995914101600647,
                0.05829300358891487,
                0
            ],
            "min": [
                0.00040861257002688944,
                0,
                0,
                0
            ],
            "type": "VEC4"
        },
        {
            "bufferView": 2,
            "byteOffset": 13200,
            "componentType": 5123,
            "count": 942,
            "max": [
                237
            ],
            "min": [
                0
            ],
            "type": "SCALAR"
        },
        {
            "bufferView": 1,
            "byteOffset": 3072,
            "componentType": 5126,
            "count": 8,
            "max": [
                0.4687342749088468,
                0.7532639382889867,
                0.9169603933831619,
                0,
                0.488652660222578,
                0.935244983689882,
                0.8993202682902662,
                0,
                0.9999999999999978,
                0.30934265733457994,
                0.49810275697098105,
                0,
                114.71958004962914,
                65.45427236294051,
                6.99584022010836,
                1
            ],
            "min": [
                -0.5561580535708673,
                -1.0000000596046046,
                -0.35111447621420905,
                0,
                -0.48865263259093383,
                -0.6144862799516105,
                -1.0000001192092793,
                0,
                -0.9815589446005153,
                -0.3526914076301339,
                -0.3806275974183097,
                0,
                -107.0728563587882,
                -59.03109134021444,
                -72.81516407220818,
                1
            ],
            "type": "MAT4"
        },
        {
            "bufferView": 0,
            "byteOffset": 97944,
            "componentType": 5126,
            "count": 1185,
            "max": [
                13.610197067260742,
                13.256233215332031,
                193.7548065185547
            ],
            "min": [
                -13.610199928283691,
                -21.548490524291992,
                143.55458068847656
            ],
            "type": "VEC3"
        },
        {
            "bufferView": 0,
            "byteOffset": 112164,
            "componentType": 5126,
            "count": 1185,
            "max": [
                0.9993777871131897,
                0.999906063079834,
                0.9998703002929688
            ],
            "min": [
                -0.9993777871131897,
                -0.9999458193778992,
                -0.9909935593605042
            ],
            "type": "VEC3"
        },
        {
            "bufferView": 0,
            "byteOffset": 126384,
            "componentType": 5126,
            "count": 1185,
            "max": [
                1.7467999458312988,
                0.9911999702453613
            ],
            "min": [
                0.01889999955892563,
                0.011799991130828857
            ],
            "type": "VEC2"
        },
        {
            "bufferView": 0,
            "byteOffset": 135864,
            "componentType": 5123,
            "count": 1185,
            "max": [
                11,
                11,
                11,
                0
            ],
            "min": [
                0,
                0,
                0,
                0
            ],
            "type": "VEC4"
        },
        {
            "bufferView": 0,
            "byteOffset": 145344,
            "componentType": 5126,
            "count": 1185,
            "max": [
                1,
                0.9609934687614441,
                0.9004510641098022,
                0
            ],
            "min": [
                0.03900648280978203,
                0,
                0,
                0
            ],
            "type": "VEC4"
        },
        {
            "bufferView": 2,
            "byteOffset": 15084,
            "componentType": 5123,
            "count": 5394,
            "max": [
                1184
            ],
            "min": [
                0
            ],
            "type": "SCALAR"
        },
        {
            "bufferView": 1,
            "byteOffset": 3584,
            "componentType": 5126,
            "count": 12,
            "max": [
                0.7784077174460051,
                0.9999999999999809,
                0.11078374779503275,
                0,
                0.7175864100595836,
                0.1272435681691212,
                0.9887144431301783,
                0,
                0.954656264816569,
                0.6885501722905863,
                0.9999997615814533,
                0,
                153.6925939207205,
                121.15578963096115,
                129.8032634970933,
                1
            ],
            "min": [
                -1.631492665945714e-7,
                -0.9999999999999736,
                -3.6584891535964706e-7,
                0,
                -0.9999997615814338,
                -0.3614187069216205,
                -0.9052247228538078,
                0,
                -0.9887144431301585,
                -0.7679374211148811,
                -0.7175864100595705,
                0,
                -138.676909329587,
                -123.08460900362498,
                -168.8301294254911,
                1
            ],
            "type": "MAT4"
        },
        {
            "bufferView": 0,
            "byteOffset": 164304,
            "componentType": 5126,
            "count": 503,
            "max": [
                44.24239730834961,
                26.69993019104004,
                178.7373809814453
            ],
            "min": [
                -44.082664489746094,
                -14.466002464294434,
                115.49198913574219
            ],
            "type": "VEC3"
        },
        {
            "bufferView": 0,
            "byteOffset": 170340,
            "componentType": 5126,
            "count": 503,
            "max": [
                0.992822527885437,
                0.9994312524795532,
                0.9965505003929138
            ],
            "min": [
                -0.999630331993103,
                -0.9978876113891602,
                -0.9998142123222351
            ],
            "type": "VEC3"
        },
        {
            "bufferView": 0,
            "byteOffset": 176376,
            "componentType": 5126,
            "count": 503,
            "max": [
                0.9911999702453613,
                0.9922000169754028
            ],
            "min": [
                0.009499999694526196,
                0.12879997491836548
            ],
            "type": "VEC2"
        },
        {
            "bufferView": 0,
            "byteOffset": 180400,
            "componentType": 5123,
            "count": 503,
            "max": [
                10,
                11,
                11,
                0
            ],
            "min": [
                0,
                0,
                0,
                0
            ],
            "type": "VEC4"
        },
        {
            "bufferView": 0,
            "byteOffset": 184424,
            "componentType": 5126,
            "count": 503,
            "max": [
                1,
                0.9997830390930176,
                0.804963231086731,
                0
            ],
            "min": [
                0.00012523954501375556,
                0,
                0,
                0
            ],
            "type": "VEC4"
        },
        {
            "bufferView": 2,
            "byteOffset": 25872,
            "componentType": 5123,
            "count": 1890,
            "max": [
                502
            ],
            "min": [
                0
            ],
            "type": "SCALAR"
        },
        {
            "bufferView": 1,
            "byteOffset": 4352,
            "componentType": 5126,
            "count": 12,
            "max": [
                0.9512424220461876,
                0.9999999999999996,
                0.5035619480103891,
                0,
                0.23887236233207035,
                0.9587208841007236,
                0.9999985799918856,
                0,
                0.9999985799919108,
                0.3093424749809873,
                1,
                0,
                114.71958456901812,
                121.1558473403818,
                138.24527914175343,
                1
            ],
            "min": [
                -1.8034359578064527e-8,
                -0.7257503564201814,
                -3.1173087978954626e-7,
                0,
                -0.9999999999999732,
                -0.9587210136119683,
                -0.7808585673491683,
                0,
                -0.8761402605534622,
                -0.7679377639596271,
                -0.9111134788466972,
                0,
                -138.67693909028588,
                -59.03104895115249,
                -168.83018006916998,
                1
            ],
            "type": "MAT4"
        },
        {
            "bufferView": 0,
            "byteOffset": 192472,
            "componentType": 5126,
            "count": 139,
            "max": [
                -25.178836822509766,
                109.76116180419922,
                86.04289245605469
            ],
            "min": [
                -44.25076675415039,
                -179.0277099609375,
                60.88838577270508
            ],
            "type": "VEC3"
        },
        {
            "bufferView": 0,
            "byteOffset": 194140,
            "componentType": 5126,
            "count": 139,
            "max": [
                0.9984513521194458,
                0.7774181962013245,
                0.9812173843383789
            ],
            "min": [
                -0.9989519119262695,
                -0.968598484992981,
                -0.9602669477462769
            ],
            "type": "VEC3"
        },
        {
            "bufferView": 0,
            "byteOffset": 195808,
            "componentType": 5126,
            "count": 139,
            "max": [
                0.9807000160217285,
                0.9681000113487244
            ],
            "min": [
                0.020999999716877937,
                0.0252000093460083
            ],
            "type": "VEC2"
        },
        {
            "bufferView": 0,
            "byteOffset": 196920,
            "componentType": 5123,
            "count": 139,
            "max": [
                0,
                1,
                0,
                0
            ],
            "min": [
                0,
                0,
                0,
                0
            ],
            "type": "VEC4"
        },
        {
            "bufferView": 0,
            "byteOffset": 198032,
            "componentType": 5126,
            "count": 139,
            "max": [
                1,
                0.0008510582847520709,
                0,
                0
            ],
            "min": [
                0.999148964881897,
                0,
                0,
                0
            ],
            "type": "VEC4"
        },
        {
            "bufferView": 2,
            "byteOffset": 29652,
            "componentType": 5123,
            "count": 450,
            "max": [
                138
            ],
            "min": [
                0
            ],
            "type": "SCALAR"
        },
        {
            "bufferView": 1,
            "byteOffset": 5120,
            "componentType": 5126,
            "count": 2,
            "max": [
                1.6292068478213135e-7,
                0.9999999999999732,
                -6.123233995736683e-17,
                0,
                -0.9979136746828168,
                1.6292068478213135e-7,
                0.061081729230053186,
                0,
                6.123233995736603e-17,
                0.8472512359627759,
                1,
                0,
                9.893185959826537,
                -2.606259692631334e-7,
                14.177711879382958,
                1
            ],
            "min": [
                -0.040694020207647646,
                -0.5307807488820415,
                -0.8465316667394772,
                0,
                -0.9999999999999732,
                -0.02090974862351972,
                6.123232998135289e-17,
                0,
                -0.05012176412840596,
                6.123232998135209e-17,
                -0.5288224901926696,
                0,
                1.5997107028960753,
                -83.50536865697862,
                -99.5224609375,
                1
            ],
            "type": "MAT4"
        }
    ],
    "asset": {
        "generator": "ClayGL - fbx2gltf",
        "version": "2.0"
    },
    "bufferViews": [
        {
            "buffer": 0,
            "byteLength": 200256,
            "byteOffset": 0,
            "target": 34962
        },
        {
            "buffer": 0,
            "byteLength": 5248,
            "byteOffset": 200256,
            "target": 34962
        },
        {
            "buffer": 0,
            "byteLength": 30552,
            "byteOffset": 205504,
            "target": 34963
        }
    ],
    "buffers": [
        {
            "byteLength": 236056,
            "uri": "phantom_lancer.bin"
        }
    ],
    "images": [
        {
            "uri": "textures/phantom_lancer_body_color.png"
        },
        {
            "uri": "textures/phantom_lancer_lowerbod_color.png"
        },
        {
            "uri": "textures/phantom_lancer_gauntlets_color.png"
        },
        {
            "uri": "textures/phantom_lancer_head_color.png"
        },
        {
            "uri": "textures/phantom_lancer_upperbod_color.png"
        },
        {
            "uri": "textures/phantom_lancer_spear_color.png"
        }
    ],
    "materials": [
        {
            "emissiveFactor": [
                0,
                0,
                0
            ],
            "name": "Material #35",
            "pbrMetallicRoughness": {
                "baseColorFactor": [
                    1,
                    1,
                    1,
                    1
                ],
                "baseColorTexture": {
                    "index": 0,
                    "texCoord": 0
                },
                "metallicFactor": 0,
                "roughnessFactor": 0.9230769230769231
            }
        },
        {
            "emissiveFactor": [
                0,
                0,
                0
            ],
            "name": "Material #46",
            "pbrMetallicRoughness": {
                "baseColorFactor": [
                    1,
                    1,
                    1,
                    1
                ],
                "baseColorTexture": {
                    "index": 1,
                    "texCoord": 0
                },
                "metallicFactor": 0,
                "roughnessFactor": 0.9230769230769231
            }
        },
        {
            "emissiveFactor": [
                0,
                0,
                0
            ],
            "name": "Material #57",
            "pbrMetallicRoughness": {
                "baseColorFactor": [
                    1,
                    1,
                    1,
                    1
                ],
                "baseColorTexture": {
                    "index": 2,
                    "texCoord": 0
                },
                "metallicFactor": 0,
                "roughnessFactor": 0.9230769230769231
            }
        },
        {
            "emissiveFactor": [
                0,
                0,
                0
            ],
            "name": "Material #68",
            "pbrMetallicRoughness": {
                "baseColorFactor": [
                    1,
                    1,
                    1,
                    1
                ],
                "baseColorTexture": {
                    "index": 3,
                    "texCoord": 0
                },
                "metallicFactor": 0,
                "roughnessFactor": 0.9230769230769231
            }
        },
        {
            "emissiveFactor": [
                0,
                0,
                0
            ],
            "name": "Material #79",
            "pbrMetallicRoughness": {
                "baseColorFactor": [
                    1,
                    1,
                    1,
                    1
                ],
                "baseColorTexture": {
                    "index": 4,
                    "texCoord": 0
                },
                "metallicFactor": 0,
                "roughnessFactor": 0.9230769230769231
            }
        },
        {
            "emissiveFactor": [
                0,
                0,
                0
            ],
            "name": "Material #90",
            "pbrMetallicRoughness": {
                "baseColorFactor": [
                    1,
                    1,
                    1,
                    1
                ],
                "baseColorTexture": {
                    "index": 5,
                    "texCoord": 0
                },
                "metallicFactor": 0,
                "roughnessFactor": 0.9230769230769231
            }
        }
    ],
    "meshes": [
        {
            "name": "phantom_lancer_model_LOD0",
            "primitives": [
                {
                    "attributes": {
                        "JOINTS_0": 3,
                        "NORMAL": 1,
                        "POSITION": 0,
                        "TEXCOORD_0": 2,
                        "WEIGHTS_0": 4
                    },
                    "indices": 5,
                    "material": 0
                }
            ]
        },
        {
            "name": "phantom_lancer_belt_model_LOD0",
            "primitives": [
                {
                    "attributes": {
                        "JOINTS_0": 10,
                        "NORMAL": 8,
                        "POSITION": 7,
                        "TEXCOORD_0": 9,
                        "WEIGHTS_0": 11
                    },
                    "indices": 12,
                    "material": 1
                }
            ]
        },
        {
            "name": "phantom_lancer_gauntlet_model_LOD0",
            "primitives": [
                {
                    "attributes": {
                        "JOINTS_0": 17,
                        "NORMAL": 15,
                        "POSITION": 14,
                        "TEXCOORD_0": 16,
                        "WEIGHTS_0": 18
                    },
                    "indices": 19,
                    "material": 2
                }
            ]
        },
        {
            "name": "phantom_lancer_head_model_LOD0",
            "primitives": [
                {
                    "attributes": {
                        "JOINTS_0": 24,
                        "NORMAL": 22,
                        "POSITION": 21,
                        "TEXCOORD_0": 23,
                        "WEIGHTS_0": 25
                    },
                    "indices": 26,
                    "material": 3
                }
            ]
        },
        {
            "name": "phantom_lancer_shoulderpad_model_LOD0",
            "primitives": [
                {
                    "attributes": {
                        "JOINTS_0": 31,
                        "NORMAL": 29,
                        "POSITION": 28,
                        "TEXCOORD_0": 30,
                        "WEIGHTS_0": 32
                    },
                    "indices": 33,
                    "material": 4
                }
            ]
        },
        {
            "name": "phantom_lancer_weapon_model_LOD0",
            "primitives": [
                {
                    "attributes": {
                        "JOINTS_0": 38,
                        "NORMAL": 36,
                        "POSITION": 35,
                        "TEXCOORD_0": 37,
                        "WEIGHTS_0": 39
                    },
                    "indices": 40,
                    "material": 5
                }
            ]
        }
    ],
    "nodes": [
        {
            "children": [
                1,
                5,
                9,
                49,
                51
            ],
            "matrix": [
                1.6292068478213574e-7,
                1.469367938527879e-39,
                1.0000000000000002,
                0,
                1.0000000000000002,
                6.123233995736847e-17,
                -1.6292068478213574e-7,
                0,
                -6.123233995736685e-17,
                1,
                9.976014756666736e-24,
                0,
                0,
                99.5224609375,
                -1.5997107028961182,
                1
            ],
            "name": "Root_0"
        },
        {
            "children": [
                2
            ],
            "matrix": [
                -0.005997420754283735,
                0.21574173867702534,
                0.976431906223297,
                0,
                0.35846270168971966,
                0.9120201264472696,
                -0.19930827219089145,
                0,
                -0.933524694006478,
                0.34881909485600887,
                -0.08280513763134059,
                0,
                1.4970427751541133,
                -10.450888633728027,
                -4.901710510253906,
                1
            ],
            "name": "thigh_R"
        },
        {
            "children": [
                3
            ],
            "matrix": [
                0.6097448468208311,
                1.341104508556512e-7,
                -0.7925977110862732,
                0,
                -2.3205134105095185e-7,
                1.0000001192092627,
                -9.313227411489322e-9,
                0,
                0.7925976909188074,
                1.8960202660678327e-7,
                0.6097448313060462,
                0,
                -44.79824066162108,
                -0.000007629394527697286,
                -0.000006675720216620107,
                1
            ],
            "name": "knee_R"
        },
        {
            "children": [
                4
            ],
            "matrix": [
                0.20428776741027765,
                -0.07134869694709753,
                0.9763075113296508,
                0,
                0.0146141493055984,
                0.9974513391637495,
                0.06983594880917421,
                0,
                -0.9788018218967579,
                0.000001273671392187925,
                0.20480978327706356,
                0,
                -30.312847137451158,
                0.0000019073486328125,
                -0.0000019073486328125,
                1
            ],
            "name": "ankle_R"
        },
        {
            "matrix": [
                0.4355353415012362,
                -0.3282248079776765,
                0.8381986021995546,
                0,
                0.2799185684720214,
                0.9343731475389675,
                0.2204370385891991,
                0,
                -0.8555430674371941,
                0.1386192151840835,
                0.49882868598669156,
                0,
                -35.78288650512695,
                -0.0000038146972620722863,
                -0.000005662441250997574,
                1
            ],
            "name": "toeBall_R"
        },
        {
            "children": [
                6
            ],
            "matrix": [
                0.005997421685606294,
                0.215742111206055,
                -0.9764319062232971,
                0,
                -0.35846290919317947,
                0.9120200082977861,
                0.1993085924239989,
                0,
                0.9335246905662153,
                0.348819283625756,
                0.08280531329090429,
                0,
                1.497039437294006,
                10.450890541076658,
                -4.901710510253906,
                1
            ],
            "name": "thigh_L1"
        },
        {
            "children": [
                7
            ],
            "matrix": [
                0.6097445487976072,
                1.1920928955078125e-7,
                -0.792597711086273,
                0,
                3.7832319850971893e-7,
                0.9999996423720602,
                4.41446839860582e-7,
                0,
                0.7925978349481703,
                -5.6902819772775e-7,
                0.6097446440843435,
                0,
                44.79821777343749,
                3.552713678800501e-15,
                -0.000011444091795098643,
                1
            ],
            "name": "knee_L1"
        },
        {
            "children": [
                8
            ],
            "matrix": [
                0.2042877674102781,
                -0.07134827971458432,
                0.976307272911072,
                0,
                0.014611422744164354,
                0.997451731792498,
                0.06983613880836573,
                0,
                -0.9788016775351019,
                -0.0000014305884379894884,
                0.20480960545837318,
                0,
                30.312847137451175,
                -0.0000038146972620722863,
                0.000009536743160509786,
                1
            ],
            "name": "ankle_L1"
        },
        {
            "matrix": [
                0.43553557991981495,
                -0.3282245099544523,
                0.8381991386413572,
                0,
                0.27991880604981934,
                0.9343732522865336,
                0.2204364032423362,
                0,
                -0.8555433301804044,
                0.13861978020619506,
                0.4988289185819908,
                0,
                35.78287887573242,
                -0.0000019073486328125,
                0.0000018477439898134662,
                1
            ],
            "name": "toeBall_L"
        },
        {
            "children": [
                10
            ],
            "matrix": [
                -0.23887236416339874,
                -5.695160957364238e-8,
                0.9710509777069092,
                0,
                -4.6993517321395554e-7,
                1.0000000000000004,
                -5.6951609673579265e-8,
                0,
                -0.9710509777069027,
                -4.699351750539147e-7,
                -0.23887236416342475,
                0,
                -5.684513092041016,
                -1.9072658119512182e-7,
                16.823944091796875,
                1
            ],
            "name": "Spine_0"
        },
        {
            "children": [
                11
            ],
            "matrix": [
                0.9714611172676089,
                1.675040740419881e-23,
                -0.2371985912322998,
                0,
                -1.1310510911263356e-7,
                1.0000000000000002,
                -4.632287868844287e-7,
                0,
                0.23719859123229994,
                4.7683712739995835e-7,
                0.971461117267609,
                0,
                14.929435729980483,
                0.0000012248601706232876,
                -0.0000057220458984375,
                1
            ],
            "name": "Spine_2"
        },
        {
            "children": [
                12,
                25,
                35
            ],
            "matrix": [
                0.9541418552398686,
                1.6952839132500244e-8,
                -0.2993548512458801,
                0,
                3.687206330193483e-8,
                1.0000000000000004,
                1.7415457875813434e-7,
                0,
                0.29935485124588285,
                -1.7720600389968323e-7,
                0.9541418552398672,
                0,
                17.813400268554716,
                5.880156095372496e-7,
                -0.0000019073486328125,
                1
            ],
            "name": "Spine_3"
        },
        {
            "children": [
                13
            ],
            "matrix": [
                0.29758149385452276,
                0.9512421488761904,
                0.08113799989223487,
                0,
                0.024225184046670234,
                0.07743716458790528,
                -0.9967026721190677,
                0,
                -0.9543890962633583,
                0.2985659807132746,
                -1.4901161199398771e-7,
                0,
                3.208480834960966,
                -9.483329772949217,
                -2.5586395263671875,
                1
            ],
            "name": "clavicle_R"
        },
        {
            "children": [
                14
            ],
            "matrix": [
                0.7171981334686279,
                -0.0955175608396529,
                -0.6902923583984378,
                0,
                -0.588169984480519,
                0.44828410421883014,
                -0.6731255439476749,
                0,
                0.3737423693017872,
                0.8887735525566656,
                0.26532793758186435,
                0,
                -17.0854434967041,
                0,
                0.00003051757815342171,
                1
            ],
            "name": "bicep_R"
        },
        {
            "children": [
                15
            ],
            "matrix": [
                0.688696324825287,
                -6.258487701416016e-7,
                -0.7250501513481142,
                0,
                2.027956561706512e-7,
                0.9999998211861207,
                -6.705522843097889e-7,
                0,
                0.7250501215853181,
                3.1476991602108484e-7,
                0.688696296554518,
                0,
                -35.906539916992216,
                0.000019073486328125,
                1.4210854715202004e-14,
                1
            ],
            "name": "elbow_R"
        },
        {
            "children": [
                16,
                17,
                20,
                22
            ],
            "matrix": [
                0.8714525699615475,
                0.3093425929546354,
