{
    "animations": {},
    "asset": {},
    "attributes": {
        "attribute_1": {
            "bufferView": "bufferView_25",
            "byteOffset": 0,
            "byteStride": 12,
            "count": 2041,
            "max": [
                1,
                1,
                1
            ],
            "min": [
                0,
                0,
                0
            ],
            "type": "FLOAT_VEC3"
        },
        "attribute_10": {
            "bufferView": "bufferView_25",
            "byteOffset": 131804,
            "byteStride": 16,
            "count": 292,
            "max": [
                1,
                1,
                1
            ],
            "min": [
                0,
                0,
                0
            ],
            "type": "FLOAT_VEC4"
        },
        "attribute_11": {
            "bufferView": "bufferView_25",
            "byteOffset": 136476,
            "byteStride": 12,
            "count": 292,
            "max": [
                1,
                1,
                1
            ],
            "min": [
                0,
                0,
                0
            ],
            "type": "FLOAT_VEC3"
        },
        "attribute_13": {
            "bufferView": "bufferView_25",
            "byteOffset": 139980,
            "byteStride": 12,
            "count": 780,
            "max": [
                1,
                1,
                1
            ],
            "min": [
                0,
                0,
                0
            ],
            "type": "FLOAT_VEC3"
        },
        "attribute_14": {
            "bufferView": "bufferView_25",
            "byteOffset": 149340,
            "byteStride": 12,
            "count": 780,
            "max": [
                1,
                1,
                1
            ],
            "min": [
                0,
                0,
                0
            ],
            "type": "FLOAT_VEC3"
        },
        "attribute_15": {
            "bufferView": "bufferView_25",
            "byteOffset": 158700,
            "byteStride": 8,
            "count": 780,
            "max": [
                1,
                1,
                1
            ],
            "min": [
                0,
                0,
                0
            ],
            "type": "FLOAT_VEC2"
        },
        "attribute_16": {
            "bufferView": "bufferView_25",
            "byteOffset": 164940,
            "byteStride": 16,
            "count": 780,
            "max": [
                1,
                1,
                1
            ],
            "min": [
                0,
                0,
                0
            ],
            "type": "FLOAT_VEC4"
        },
        "attribute_17": {
            "bufferView": "bufferView_25",
            "byteOffset": 177420,
            "byteStride": 12,
            "count": 780,
            "max": [
                1,
                1,
                1
            ],
            "min": [
                0,
                0,
                0
            ],
            "type": "FLOAT_VEC3"
        },
        "attribute_19": {
            "bufferView": "bufferView_25",
            "byteOffset": 186780,
            "byteStride": 12,
            "count": 451,
            "max": [
                1,
                1,
                1
            ],
            "min": [
                0,
                0,
                0
            ],
            "type": "FLOAT_VEC3"
        },
        "attribute_2": {
            "bufferView": "bufferView_25",
            "byteOffset": 24492,
            "byteStride": 12,
            "count": 2041,
            "max": [
                1,
                1,
                1
            ],
            "min": [
                0,
                0,
                0
            ],
            "type": "FLOAT_VEC3"
        },
        "attribute_20": {
            "bufferView": "bufferView_25",
            "byteOffset": 192192,
            "byteStride": 12,
            "count": 451,
            "max": [
                1,
                1,
                1
            ],
            "min": [
                0,
                0,
                0
            ],
            "type": "FLOAT_VEC3"
        },
        "attribute_21": {
            "bufferView": "bufferView_25",
            "byteOffset": 197604,
            "byteStride": 8,
            "count": 451,
            "max": [
                1,
                1,
                1
            ],
            "min": [
                0,
                0,
                0
            ],
            "type": "FLOAT_VEC2"
        },
        "attribute_22": {
            "bufferView": "bufferView_25",
            "byteOffset": 201212,
            "byteStride": 16,
            "count": 451,
            "max": [
                1,
                1,
                1
            ],
            "min": [
                0,
                0,
                0
            ],
            "type": "FLOAT_VEC4"
        },
        "attribute_23": {
            "bufferView": "bufferView_25",
            "byteOffset": 208428,
            "byteStride": 12,
            "count": 451,
            "max": [
                1,
                1,
                1
            ],
            "min": [
                0,
                0,
                0
            ],
            "type": "FLOAT_VEC3"
        },
        "attribute_3": {
            "bufferView": "bufferView_25",
            "byteOffset": 48984,
            "byteStride": 8,
            "count": 2041,
            "max": [
                1,
                1,
                1
            ],
            "min": [
                0,
                0,
                0
            ],
            "type": "FLOAT_VEC2"
        },
        "attribute_4": {
            "bufferView": "bufferView_25",
            "byteOffset": 65312,
            "byteStride": 16,
            "count": 2041,
            "max": [
                1,
                1,
                1
            ],
            "min": [
                0,
                0,
                0
            ],
            "type": "FLOAT_VEC4"
        },
        "attribute_5": {
            "bufferView": "bufferView_25",
            "byteOffset": 97968,
            "byteStride": 12,
            "count": 2041,
            "max": [
                1,
                1,
                1
            ],
            "min": [
                0,
                0,
                0
            ],
            "type": "FLOAT_VEC3"
        },
        "attribute_7": {
            "bufferView": "bufferView_25",
            "byteOffset": 122460,
            "byteStride": 12,
            "count": 292,
            "max": [
                1,
                1,
                1
            ],
            "min": [
                0,
                0,
                0
            ],
            "type": "FLOAT_VEC3"
        },
        "attribute_8": {
            "bufferView": "bufferView_25",
            "byteOffset": 125964,
            "byteStride": 12,
            "count": 292,
            "max": [
                1,
                1,
                1
            ],
            "min": [
                0,
                0,
                0
            ],
            "type": "FLOAT_VEC3"
        },
        "attribute_9": {
            "bufferView": "bufferView_25",
            "byteOffset": 129468,
            "byteStride": 8,
            "count": 292,
            "max": [
                1,
                1,
                1
            ],
            "min": [
                0,
                0,
                0
            ],
            "type": "FLOAT_VEC2"
        }
    },
    "bufferViews": {
        "bufferView_25": {
            "buffer": "queenofpain.bin",
            "byteLength": 213840,
            "byteOffset": 0,
            "target": "ARRAY_BUFFER"
        },
        "bufferView_26": {
            "buffer": "queenofpain.bin",
            "byteLength": 40038,
            "byteOffset": 213840,
            "target": "ELEMENT_ARRAY_BUFFER"
        }
    },
    "buffers": {
        "queenofpain.bin": {
            "byteLength": 253878,
            "path": "queenofpain.bin"
        }
    },
    "cameras": {},
    "images": {
        "image_0": {
            "path": "textures/queenofpain_color.png"
        },
        "image_1": {
            "path": "textures/queenofpain_armour_color.png"
        },
        "image_2": {
            "path": "textures/queenofpain_wing_color.png"
        },
        "image_3": {
            "path": "textures/queenofpain_hair_color.png"
        }
    },
    "indices": {
        "indices_12": {
            "bufferView": "bufferView_26",
            "byteOffset": 23190,
            "count": 1668,
            "type": "UNSIGNED_SHORT"
        },
        "indices_18": {
            "bufferView": "bufferView_26",
            "byteOffset": 26526,
            "count": 4248,
            "type": "UNSIGNED_SHORT"
        },
        "indices_24": {
            "bufferView": "bufferView_26",
            "byteOffset": 35022,
            "count": 2508,
            "type": "UNSIGNED_SHORT"
        },
        "indices_6": {
            "bufferView": "bufferView_26",
            "byteOffset": 0,
            "count": 11595,
            "type": "UNSIGNED_SHORT"
        }
    },
    "lights": {},
    "materials": {
        "Material #35": {
            "instanceTechnique": {
                "technique": "technique_0",
                "values": [
                    {
                        "parameter": "ambient",
                        "value": [
                            0.5879999995231628,
                            0.5879999995231628,
                            0.5879999995231628
                        ]
                    },
                    {
                        "parameter": "emission",
                        "value": [
                            0,
                            0,
                            0
                        ]
                    },
                    {
                        "parameter": "diffuse",
                        "value": "Map #7"
                    },
                    {
                        "parameter": "shininess",
                        "value": 2
                    },
                    {
                        "parameter": "specular",
                        "value": [
                            0.8999999761581421,
                            0.8999999761581421,
                            0.8999999761581421
                        ]
                    }
                ]
            },
            "name": "Material #35"
        },
        "Material #46": {
            "instanceTechnique": {
                "technique": "technique_0",
                "values": [
                    {
                        "parameter": "ambient",
                        "value": [
                            0.5879999995231628,
                            0.5879999995231628,
                            0.5879999995231628
                        ]
                    },
                    {
                        "parameter": "emission",
                        "value": [
                            0,
                            0,
                            0
                        ]
                    },
                    {
                        "parameter": "diffuse",
                        "value": "Map #8"
                    },
                    {
                        "parameter": "shininess",
                        "value": 2
                    },
                    {
                        "parameter": "specular",
                        "value": [
                            0.8999999761581421,
                            0.8999999761581421,
                            0.8999999761581421
                        ]
                    }
                ]
            },
            "name": "Material #46"
        },
        "Material #57": {
            "instanceTechnique": {
                "technique": "technique_0",
                "values": [
                    {
                        "parameter": "ambient",
                        "value": [
                            0.5879999995231628,
                            0.5879999995231628,
                            0.5879999995231628
                        ]
                    },
                    {
                        "parameter": "emission",
                        "value": [
                            0,
                            0,
                            0
                        ]
                    },
                    {
                        "parameter": "diffuse",
                        "value": "Map #9"
                    },
                    {
                        "parameter": "shininess",
                        "value": 2
                    },
                    {
                        "parameter": "specular",
                        "value": [
                            0.8999999761581421,
                            0.8999999761581421,
                            0.8999999761581421
                        ]
                    }
                ]
            },
            "name": "Material #57"
        },
        "Material #68": {
            "instanceTechnique": {
                "technique": "technique_0",
                "values": [
                    {
                        "parameter": "ambient",
                        "value": [
                            0.5879999995231628,
                            0.5879999995231628,
                            0.5879999995231628
                        ]
                    },
                    {
                        "parameter": "emission",
                        "value": [
                            0,
                            0,
                            0
                        ]
                    },
                    {
                        "parameter": "diffuse",
                        "value": "Map #6"
                    },
                    {
                        "parameter": "shininess",
                        "value": 2
                    },
                    {
                        "parameter": "specular",
                        "value": [
                            0.8999999761581421,
                            0.8999999761581421,
                            0.8999999761581421
                        ]
                    }
                ]
            },
            "name": "Material #68"
        }
    },
    "meshes": {
        "QueenOfPain_model_LOD0-mesh": {
            "name": "QueenOfPain_model_LOD0-mesh",
            "primitives": [
                {
                    "indices": "indices_6",
                    "material": "Material #35",
                    "semantics": {
                        "JOINT": "attribute_4",
                        "NORMAL": "attribute_2",
                        "POSITION": "attribute_1",
                        "TEXCOORD_0": "attribute_3",
                        "WEIGHT": "attribute_5"
                    },
                    "skin": "skin_0"
                }
            ]
        },
        "hair_model_LOD0-mesh": {
            "name": "hair_model_LOD0-mesh",
            "primitives": [
                {
                    "indices": "indices_24",
                    "material": "Material #68",
                    "semantics": {
                        "JOINT": "attribute_22",
                        "NORMAL": "attribute_20",
                        "POSITION": "attribute_19",
                        "TEXCOORD_0": "attribute_21",
                        "WEIGHT": "attribute_23"
                    },
                    "skin": "skin_3"
                }
            ]
        },
        "shoulders_model_LOD0-mesh": {
            "name": "shoulders_model_LOD0-mesh",
            "primitives": [
                {
                    "indices": "indices_12",
                    "material": "Material #46",
                    "semantics": {
                        "JOINT": "attribute_10",
                        "NORMAL": "attribute_8",
                        "POSITION": "attribute_7",
                        "TEXCOORD_0": "attribute_9",
                        "WEIGHT": "attribute_11"
                    },
                    "skin": "skin_1"
                }
            ]
        },
        "wings_model_LOD0-mesh": {
            "name": "wings_model_LOD0-mesh",
            "primitives": [
                {
                    "indices": "indices_18",
                    "material": "Material #57",
                    "semantics": {
                        "JOINT": "attribute_16",
                        "NORMAL": "attribute_14",
                        "POSITION": "attribute_13",
                        "TEXCOORD_0": "attribute_15",
                        "WEIGHT": "attribute_17"
                    },
                    "skin": "skin_2"
                }
            ]
        }
    },
    "nodes": {
        "Hair_R0C0": {
            "children": [
                "Hair_R1C0"
            ],
            "matrix": [
                -0.6454894542694095,
                9.746619853653147e-8,
                -0.7637691497802733,
                0,
                -2.293439871088616e-7,
                -0.9999999999999998,
                6.621493753300623e-8,
                0,
                -0.7637691497802597,
                2.1790690593401436e-7,
                0.6454894542694253,
                0,
                -2.631527900695801,
                -4.330890988057945e-7,
                14.161911010742159,
                1
            ],
            "name": "Hair_R0C0"
        },
        "Hair_R1C0": {
            "children": [
                "Hair_R2C0"
            ],
            "matrix": [
                0.8147488236427308,
                2.3781687730206613e-8,
                -0.5798140764236451,
                0,
                -6.66383122238925e-9,
                0.9999999999999999,
                3.1652110266122684e-8,
                0,
                0.5798140764236454,
                -2.1924736459480773e-8,
                0.8147488236427303,
                0,
                12.09795379638669,
                -0.0000017432421373086981,
                0.00000762939453125,
                1
            ],
            "name": "Hair_R1C0"
        },
        "Hair_R2C0": {
            "children": [],
            "matrix": [
                0.9999999999999998,
                -7.105427357601002e-15,
                0,
                0,
                7.105427397305671e-15,
                1.0000000000000002,
                3.554636052172098e-8,
                0,
                4.163336342344337e-17,
                -3.5546360521720986e-8,
                1,
                0,
                12.371353149414034,
                -0.0000019073495423072,
                0.000015258789066052714,
                1
            ],
            "name": "Hair_R2C0"
        },
        "Head_0": {
            "children": [
                "Head_1"
            ],
            "matrix": [
                0.9913986325263979,
                6.438282795784286e-9,
                -0.13087455928325653,
                0,
                -6.494141525954531e-9,
                0.9999999999999999,
                -1.776356844363334e-15,
                0,
                0.13087455928325656,
                8.499196712101486e-10,
                0.9913986325263977,
                0,
                6.294189453125,
                -0.0000011966781130468011,
                -0.000032424926754259786,
                1
            ],
            "name": "Head_0"
        },
        "Head_1": {
            "children": [
                "Hair_R0C0"
            ],
            "matrix": [
                0.19193992018699613,
                9.152408608770183e-8,
                -0.9814067482948304,
                0,
                -8.865953304850536e-9,
                1,
                9.152408608770153e-8,
                0,
                0.9814067482948305,
                -8.866019375413957e-9,
                0.1919399201869954,
                0,
                9.053878784179716,
                9.829705049924044e-8,
                -0.000011444091789769573,
                1
            ],
            "name": "Head_1"
        },
        "Hip_Lo0_0": {
            "children": [
                "thigh_R",
                "thigh_L"
            ],
            "matrix": [
                1.0000000000000002,
                -2.6469779601696886e-23,
                0,
                0,
                2.6469779601696886e-23,
                1.0000000000000002,
                0,
                0,
                0,
                0,
                1,
                0,
                -0.7488315105438241,
                -4.768372150465439e-7,
                -2.9407196044921875,
                1
            ],
            "name": "Hip_Lo0_0"
        },
        "QueenOfPain_model_LOD0": {
            "children": [],
            "matrix": [
                1,
                0,
                0,
                0,
                0,
                1,
                0,
                0,
                0,
                0,
                1,
                0,
                0,
                0,
                0,
                1
            ],
            "meshes": [
                "QueenOfPain_model_LOD0-mesh"
            ],
            "name": "QueenOfPain_model_LOD0"
        },
        "Root_0": {
            "children": [
                "Spine_0",
                "Hip_Lo0_0"
            ],
            "matrix": [
                -1.629206851037603e-7,
                -1.0000000000000002,
                0,
                0,
                1.0000000000000002,
                -1.629206851037603e-7,
                0,
                0,
                0,
                0,
                1,
                0,
                0,
                3.630470037460327,
                106.82960510253906,
                1
            ],
            "name": "Root_0"
        },
        "Spine_0": {
            "children": [
                "Spine_1"
            ],
            "matrix": [
                0.08658694475889295,
                0,
                0.9962443113327027,
                0,
                -8.709497507920408e-8,
                1.0000000000000002,
                7.569717297428795e-9,
                0,
                -0.9962443113327027,
                -8.742331216179348e-8,
                0.0865869447588929,
                0,
                0.7411127090454097,
                2.9739973683717825e-7,
                4.04144287109375,
                1
            ],
            "name": "Spine_0"
        },
        "Spine_1": {
            "children": [
                "wingL_0",
                "Spine_2",
                "wingR_0"
            ],
            "matrix": [
                0.9709458351135256,
                -6.617444900424222e-24,
                0.2392995655536652,
                0,
                -3.937660152111542e-8,
                0.9999999999999998,
                1.5976856104771284e-7,
                0,
                -0.23929956555366533,
                -1.6454942256834047e-7,
                0.9709458351135255,
                0,
                6.709083557128906,
                3.8680525449308345e-7,
                -9.536743146298932e-7,
                1
            ],
            "name": "Spine_1"
        },
        "Spine_2": {
            "children": [
                "Spine_3",
                "chest2_0"
            ],
            "matrix": [
                0.9907582998275759,
                7.815094349439281e-9,
                0.13564084470272073,
                0,
                -7.887993178779497e-9,
                0.9999999999999999,
                2.6645352533101114e-15,
                0,
                -0.13564084470272073,
                -1.0699366976893656e-9,
                0.9907582998275758,
                0,
                6.39569091796875,
                2.492049588909142e-7,
                0.000005722045900213857,
                1
            ],
            "name": "Spine_2"
        },
        "Spine_3": {
            "children": [
                "clavicle_R",
                "Head_0",
                "clavicle_L"
            ],
            "matrix": [
                0.9383755326271057,
                1.7763568327828056e-15,
                -0.3456174433231354,
                0,
                -3.20152918996616e-15,
                1,
                -3.552713692035391e-15,
                0,
                0.3456174433231354,
                4.440283936495918e-15,
                0.9383755326271059,
                0,
                15.052566528320284,
                0.000001907348860186175,
                0.000034332275390625,
                1
            ],
            "name": "Spine_3"
        },
        "ankle_L": {
            "children": [
                "toeBase_L"
            ],
            "matrix": [
                0.6218683123588564,
                0.09323604404926296,
                0.7775518894195556,
                0,
                0.17238237294129308,
                0.9522370886150429,
                -0.25205000096800234,
                0,
                -0.7639138435959751,
                0.29077812993031377,
                0.5760937839251367,
                0,
                40.38151550292968,
                -0.0000057220458984375,
                -0.000003814697265625,
                1
            ],
            "name": "ankle_L"
        },
        "ankle_R": {
            "children": [
                "toeBase_R"
            ],
            "matrix": [
                0.6218681335449219,
                0.09323512017726904,
                0.7775517702102661,
                0,
                0.1723818361301466,
                0.9522371783524224,
                -0.25204844996913206,
                0,
                -0.7639136766502362,
                0.290776779178737,
                0.5760940705148153,
                0,
                -40.38151550292969,
                -0.0000152587890625,
                0.000010490417478692393,
                1
            ],
            "name": "ankle_R"
        },
        "bicep_L": {
            "children": [
                "sh_pad_L4_0",
                "elbow_L"
            ],
            "matrix": [
                0.4097285568714138,
                -0.23441304266452784,
                -0.88157445192337,
                0,
                -0.8973247574231481,
                0.0702887314210823,
                -0.43573877675712674,
                0,
                0.16410754207922157,
                0.9695928453263953,
                -0.18154525948625683,
                0,
                9.997158050537111,
                0,
                -0.00003051757815342171,
                1
            ],
            "name": "bicep_L"
        },
        "bicep_R": {
            "children": [
                "sh_pad_R3_0",
                "elbow_R"
            ],
            "matrix": [
                0.40972813963890076,
                -0.23441416025161727,
                -0.8815740942955016,
                0,
                -0.8973245723981466,
                0.0702892348327571,
                -0.4357386658077687,
                0,
                0.16410848747686438,
                0.9695925226417145,
                -0.18154611477819588,
                0,
                -9.997156143188477,
                9.536743181826068e-7,
                -0.0000457763671875,
                1
            ],
            "name": "bicep_R"
        },
        "chest2_0": {
            "children": [],
            "matrix": [
                -0.28691911697387734,
                -2.736273926517501e-7,
                -0.957955002784729,
                0,
                -4.968859172916637e-7,
                1,
                -1.3681365371513484e-7,
                0,
                0.9579550027846945,
                4.3673989756887937e-7,
                -0.28691911697399164,
                0,
                3.9054183959960938,
                0,
                -7.0713653564453125,
                1
            ],
            "name": "chest2_0"
        },
        "clavicle_L": {
            "children": [
                "bicep_L"
            ],
            "matrix": [
                -0.031493734568357336,
                0.8838265538215638,
                0.466753214597702,
                0,
                0.016619994703097336,
                -0.4664571563070055,
                0.8843873673622605,
                0,
                0.9993654506848393,
                0.03561009818218386,
                0.000001285225316623173,
                0,
                1.52520751953125,
                4.640922546386719,
                -2.710889816284178,
                1
            ],
            "name": "clavicle_L"
        },
        "clavicle_R": {
            "children": [
                "bicep_R"
            ],
            "matrix": [
                0.03149345889687524,
                0.8838263750076292,
                -0.46675336360931385,
                0,
                -0.016622081905393542,
                -0.4664572638890201,
                -0.8843872410479198,
                0,
                -0.9993655092726652,
                0.035610834523824235,
                6.817282519333556e-7,
                0,
                1.52520751953125,
                -4.640924453735352,
                -2.7108898162841797,
                1
            ],
            "name": "clavicle_R"
        },
        "elbow_L": {
            "children": [
                "wrist_L"
            ],
            "matrix": [
                0.9587579369544981,
                -8.940696716308594e-8,
                -0.28422403335571295,
                0,
                1.1865325205695498e-7,
                0.9999998807907035,
                8.568167305517127e-8,
                0,
                0.2842240026681404,
                -1.1587209117203123e-7,
                0.9587578334377655,
                0,
                26.016563415527358,
                -0.00002288818359375,
                -9.536743199589637e-7,
                1
            ],
            "name": "elbow_L"
        },
        "elbow_R": {
            "children": [
                "wrist_R"
            ],
            "matrix": [
                0.958757996559143,
                -5.960464483090178e-8,
                -0.28422424197196955,
                0,
                -2.1060927468674606e-7,
                1.0000003576278824,
                -9.201466789343637e-7,
                0,
                0.2842242696417616,
                9.420580026620051e-7,
                0.9587580898959321,
                0,
                -26.016601562500014,
                0,
                -0.000005722045896661143,
                1
            ],
            "name": "elbow_R"
        },
        "hair_model_LOD0": {
            "children": [],
            "matrix": [
                1,
                0,
                0,
                0,
                0,
                1,
                0,
                0,
                0,
                0,
                1,
                0,
                0,
                0,
                0,
                1
            ],
            "meshes": [
                "hair_model_LOD0-mesh"
            ],
            "name": "hair_model_LOD0"
        },
        "index_0_L": {
            "children": [
                "index_1_L"
            ],
            "matrix": [
                0.9680213928222656,
                0.2508637905120849,
                0.001313716173172108,
                0,
                0.07131381641686474,
                -0.28019551009830856,
                0.957290378307125,
                0,
                0.2405175846149837,
                -0.9265838573438061,
                -0.2891252954208311,
                0,
                11.735214233398438,
                -0.02494049072265625,
                -3.1347579956054688,
                1
            ],
            "name": "index_0_L"
        },
        "index_0_R": {
            "children": [
                "index_1_R"
            ],
            "matrix": [
                0.968021512031555,
                0.2508641183376312,
                0.0013135969638823353,
                0,
                0.07131399719804402,
                -0.28019541999093067,
                0.9572902771378238,
                0,
                0.24051778724688574,
                -0.9265836803377236,
                -0.28912524746652846,
                0,
                -11.735206604003906,
                0.02491760253904829,
                3.134773254394524,
                1
            ],
            "name": "index_0_R"
        },
        "index_1_L": {
            "children": [
                "index_2_L"
            ],
            "matrix": [
                0.6095837950706484,
                -7.45058059414827e-8,
                -0.79272186756134,
                0,
                2.5786962160045945e-7,
                1.0000004768371407,
                1.0430808639050326e-7,
                0,
                0.792721936663138,
                -2.6800330280019047e-7,
                0.6095838482082714,
                0,
                5.565456390380852,
                -0.000003814697265625,
                0,
                1
            ],
            "name": "index_1_L"
        },
        "index_1_R": {
            "children": [
                "index_2_R"
            ],
            "matrix": [
                0.6095840334892273,
                2.3841857915707365e-7,
                -0.7927219271659849,
                0,
                -3.8142805969254567e-7,
                1.0000004768371602,
                7.4505795560897425e-9,
                0,
                0.7927218147979107,
                2.978244479090453e-7,
                0.609583947080979,
                0,
                -5.565456390380859,
                -0.000005722045901990214,
                -0.00002288818359375,
                1
            ],
            "name": "index_1_R"
        },
        "index_2_L": {
            "children": [],
            "matrix": [
                0.9542064666748047,
                -0.04246409237384799,
                -0.29611885547637923,
                0,
                0.04055613111824863,
                0.9990975893737523,
                -0.012585654984098055,
                0,
                0.2963862102892499,
                -1.2175617786214232e-7,
                0.9550680020241588,
                0,
                2.7200698852539205,
                0.0000019073486363652137,
                -0.000003814697265625,
                1
            ],
            "name": "index_2_L"
        },
        "index_2_R": {
            "children": [],
            "matrix": [
                0.9776110649108887,
                -0.06550897657871255,
                -0.19996166229248064,
                0,
                0.06418012068441192,
                0.9978512602341093,
                -0.013127609948941604,
                0,
                0.20039211794928585,
                1.3312382890484642e-7,
                0.9797155157711994,
                0,
                -2.7201080322265625,
                -0.000005722045901990214,
                0.000011444091796875,
                1
            ],
            "name": "index_2_R"
        },
        "knee_L": {
            "children": [
                "ankle_L"
            ],
            "matrix": [
                0.9968859553337098,
                1.1920928957853683e-7,
                -0.07885572314262396,
                0,
                -1.5877385250995246e-7,
                0.9999999403953521,
                -4.954636089911368e-7,
                0,
                0.07885574188468829,
                5.064410906561317e-7,
                0.996886192269729,
                0,
                44.61017227172853,
                0.000003814697265625,
                0,
                1
            ],
            "name": "knee_L"
        },
        "knee_R": {
            "children": [
                "ankle_R"
            ],
            "matrix": [
                0.9968861937522887,
                -4.470348358154297e-7,
                -0.07885557413101198,
                0,
                4.1111762838497157e-7,
                1.0000000000000295,
                -4.717148853793443e-7,
                0,
                0.07885556021362963,
                4.378270627748704e-7,
                0.9968860178073138,
                0,
                -44.61017227172851,
                0.000011444091793322286,
                -0.000003814697266513178,
                1
            ],
            "name": "knee_R"
        },
        "knife_L_1": {
            "children": [],
            "matrix": [
                -0.8281497955322265,
                -0.42731586098670943,
                -0.36272454261779785,
                0,
                -0.5110892896240621,
                0.8413829847071481,
                0.1756765497897931,
                0,
                0.23012093397891115,
                0.3308712021017535,
                -0.915187912646775,
                0,
                56.98071670532226,
                74.14236450195311,
                36.93140792846679,
                1
            ],
            "name": "knife_L_1"
        },
        "mid_0_L": {
            "children": [
                "mid_1_L"
            ],
            "matrix": [
                0.8797568678855894,
                0.4481362998485565,
                0.15874922275543224,
                0,
                -0.061158231167095234,
                -0.2244609528881919,
                0.9725620831708852,
                0,
                0.4714734244145346,
                -0.8653270842233676,
                -0.17006385923045514,
                0,
                11.768619537353501,
                -1.0003509521484375,
                -1.0802001953125,
                1
            ],
            "name": "mid_0_L"
        },
        "mid_0_R": {
            "children": [
                "mid_1_R"
            ],
            "matrix": [
                0.8797569870948792,
                0.4481363892555237,
                0.158749297261238,
                0,
                -0.06115802758929656,
                -0.22446138961433748,
                0.9725619037141394,
                0,
                0.4714734491143161,
                -0.8653268899255001,
                -0.1700643314766225,
                0,
                -11.768592834472656,
                1.0003585815429545,
                1.080219268798821,
                1
            ],
            "name": "mid_0_R"
        },
        "mid_1_L": {
            "children": [
                "mid_2_L"
            ],
            "matrix": [
                0.7515394687652589,
                1.49011611910721e-7,
                -0.6596886515617371,
                0,
                5.59670372823895e-8,
                1.0000003576278684,
                2.896413365260919e-7,
                0,
                0.6596884259894629,
                -2.545975374690368e-7,
                0.7515392117856902,
                0,
