{
    "accessors": {
        "attrbute_1": {
            "bufferView": "bufferView_25",
            "byteOffset": 0,
            "byteStride": 12,
            "count": 2523,
            "max": [
                49.55694580078125,
                19.973312377929688,
                170.1590118408203,
                0
            ],
            "min": [
                -49.557010650634766,
                -11.921015739440918,
                -0.3329100012779236,
                0
            ],
            "type": 35665
        },
        "attrbute_10": {
            "bufferView": "bufferView_25",
            "byteOffset": 162964,
            "byteStride": 16,
            "count": 362,
            "max": [
                1,
                -1,
                -1,
                -1
            ],
            "min": [
                0,
                -1,
                -1,
                -1
            ],
            "type": 35666
        },
        "attrbute_11": {
            "bufferView": "bufferView_25",
            "byteOffset": 168756,
            "byteStride": 12,
            "count": 362,
            "max": [
                1,
                0,
                0
            ],
            "min": [
                1,
                0,
                0
            ],
            "type": 35665
        },
        "attrbute_13": {
            "bufferView": "bufferView_25",
            "byteOffset": 173100,
            "byteStride": 12,
            "count": 964,
            "max": [
                100.89999389648438,
                56.37446212768555,
                153.33802795410156,
                0
            ],
            "min": [
                -100.89996337890625,
                -11.696418762207031,
                56.29308319091797,
                0
            ],
            "type": 35665
        },
        "attrbute_14": {
            "bufferView": "bufferView_25",
            "byteOffset": 184668,
            "byteStride": 12,
            "count": 964,
            "max": [
                0.9959197044372559,
                0.9807376265525818,
                0.9657325744628906,
                0
            ],
            "min": [
                -0.9959197044372559,
                -0.9939667582511902,
                -0.9769660234451294,
                0
            ],
            "type": 35665
        },
        "attrbute_15": {
            "bufferView": "bufferView_25",
            "byteOffset": 196236,
            "byteStride": 8,
            "count": 964,
            "max": [
                1.9899015426635742,
                1.9835002422332764
            ],
            "min": [
                1.01910400390625,
                0.014246523380279541
            ],
            "type": 35664
        },
        "attrbute_16": {
            "bufferView": "bufferView_25",
            "byteOffset": 203948,
            "byteStride": 16,
            "count": 964,
            "max": [
                20,
                21,
                22,
                -1
            ],
            "min": [
                0,
                -1,
                -1,
                -1
            ],
            "type": 35666
        },
        "attrbute_17": {
            "bufferView": "bufferView_25",
            "byteOffset": 219372,
            "byteStride": 12,
            "count": 964,
            "max": [
                1,
                0.9998787045478821,
                0.965481162071228
            ],
            "min": [
                0.00012127949594287202,
                0,
                0
            ],
            "type": 35665
        },
        "attrbute_19": {
            "bufferView": "bufferView_25",
            "byteOffset": 230940,
            "byteStride": 12,
            "count": 514,
            "max": [
                10.612699508666992,
                26.551496505737305,
                175.73500061035156,
                0
            ],
            "min": [
                -11.172699928283691,
                -7.457482814788818,
                138.2259979248047,
                0
            ],
            "type": 35665
        },
        "attrbute_2": {
            "bufferView": "bufferView_25",
            "byteOffset": 30276,
            "byteStride": 12,
            "count": 2523,
            "max": [
                0.9994056224822998,
                0.9999592304229736,
                0.9999791979789734,
                0
            ],
            "min": [
                -0.9994056224822998,
                -0.9997408390045166,
                -0.9994143843650818,
                0
            ],
            "type": 35665
        },
        "attrbute_20": {
            "bufferView": "bufferView_25",
            "byteOffset": 237108,
            "byteStride": 12,
            "count": 514,
            "max": [
                0.9987985491752625,
                0.9975900650024414,
                0.993798017501831,
                0
            ],
            "min": [
                -0.9965807199478149,
                -0.9989432692527771,
                -0.9799984097480774,
                0
            ],
            "type": 35665
        },
        "attrbute_21": {
            "bufferView": "bufferView_25",
            "byteOffset": 243276,
            "byteStride": 8,
            "count": 514,
            "max": [
                0.9933350086212158,
                0.9873600006103516
            ],
            "min": [
                0.007619000039994717,
                0.007773995399475098
            ],
            "type": 35664
        },
        "attrbute_22": {
            "bufferView": "bufferView_25",
            "byteOffset": 247388,
            "byteStride": 16,
            "count": 514,
            "max": [
                2,
                2,
                3,
                -1
            ],
            "min": [
                0,
                -1,
                -1,
                -1
            ],
            "type": 35666
        },
        "attrbute_23": {
            "bufferView": "bufferView_25",
            "byteOffset": 255612,
            "byteStride": 12,
            "count": 514,
            "max": [
                1,
                0.9997740387916565,
                0.7662582397460938
            ],
            "min": [
                0.0002259688772028312,
                0,
                0
            ],
            "type": 35665
        },
        "attrbute_3": {
            "bufferView": "bufferView_25",
            "byteOffset": 60552,
            "byteStride": 8,
            "count": 2523,
            "max": [
                0.9875274896621704,
                1.988150954246521
            ],
            "min": [
                0.009398000314831734,
                0.004364132881164551
            ],
            "type": 35664
        },
        "attrbute_4": {
            "bufferView": "bufferView_25",
            "byteOffset": 80736,
            "byteStride": 16,
            "count": 2523,
            "max": [
                57,
                57,
                58,
                -1
            ],
            "min": [
                0,
                -1,
                -1,
                -1
            ],
            "type": 35666
        },
        "attrbute_5": {
            "bufferView": "bufferView_25",
            "byteOffset": 121104,
            "byteStride": 12,
            "count": 2523,
            "max": [
                1,
                0.9998993873596191,
                0.9991639256477356
            ],
            "min": [
                0.00010063916124636307,
                0,
                0
            ],
            "type": 35665
        },
        "attrbute_7": {
            "bufferView": "bufferView_25",
            "byteOffset": 151380,
            "byteStride": 12,
            "count": 362,
            "max": [
                30.64790916442871,
                20.241106033325195,
                155.71499633789062,
                0
            ],
            "min": [
                -30.647903442382812,
                -1.7014228105545044,
                122.73200225830078,
                0
            ],
            "type": 35665
        },
        "attrbute_8": {
            "bufferView": "bufferView_25",
            "byteOffset": 155724,
            "byteStride": 12,
            "count": 362,
            "max": [
                0.9949731230735779,
                0.9933704137802124,
                0.8972244262695312,
                0
            ],
            "min": [
                -0.9949731230735779,
                -0.9978908896446228,
                -0.9997121691703796,
                0
            ],
            "type": 35665
        },
        "attrbute_9": {
            "bufferView": "bufferView_25",
            "byteOffset": 160068,
            "byteStride": 8,
            "count": 362,
            "max": [
                3.978621482849121,
                1.957690715789795
            ],
            "min": [
                3.0265417098999023,
                0.028478622436523438
            ],
            "type": 35664
        },
        "indices_12": {
            "bufferView": "bufferView_27",
            "byteOffset": 23190,
            "count": 1668,
            "type": 5123
        },
        "indices_18": {
            "bufferView": "bufferView_27",
            "byteOffset": 26526,
            "count": 4248,
            "type": 5123
        },
        "indices_24": {
            "bufferView": "bufferView_27",
            "byteOffset": 35022,
            "count": 2508,
            "type": 5123
        },
        "indices_6": {
            "bufferView": "bufferView_27",
            "byteOffset": 0,
            "count": 11595,
            "type": 5123
        }
    },
    "animations": {},
    "asset": {},
    "bufferViews": {
        "bufferView_25": {
            "buffer": "queenofpain.bin",
            "byteLength": 261780,
            "byteOffset": 0,
            "target": 34962
        },
        "bufferView_26": {
            "buffer": "queenofpain.bin",
            "byteLength": 6656,
            "byteOffset": 261780
        },
        "bufferView_27": {
            "buffer": "queenofpain.bin",
            "byteLength": 40038,
            "byteOffset": 268436,
            "target": 34963
        }
    },
    "buffers": {
        "queenofpain.bin": {
            "byteLength": 308474,
            "path": "queenofpain.bin"
        }
    },
    "cameras": {},
    "images": {
        "image_0": {
            "path": "textures/queenofpain_color.png"
        },
        "image_1": {
            "path": "textures/queenofpain_armour_color.png"
        },
        "image_2": {
            "path": "textures/queenofpain_wing_color.png"
        },
        "image_3": {
            "path": "textures/queenofpain_hair_color.png"
        }
    },
    "lights": {},
    "materials": {
        "Material #35": {
            "instanceTechnique": {
                "technique": "technique_0",
                "values": {
                    "ambient": [
                        0.5879999995231628,
                        0.5879999995231628,
                        0.5879999995231628
                    ],
                    "diffuse": "Map #7",
                    "emission": [
                        0,
                        0,
                        0
                    ],
                    "shininess": 2,
                    "specular": [
                        0.8999999761581421,
                        0.8999999761581421,
                        0.8999999761581421
                    ],
                    "transparency": 1
                }
            },
            "name": "Material #35"
        },
        "Material #46": {
            "instanceTechnique": {
                "technique": "technique_0",
                "values": {
                    "ambient": [
                        0.5879999995231628,
                        0.5879999995231628,
                        0.5879999995231628
                    ],
                    "diffuse": "Map #8",
                    "emission": [
                        0,
                        0,
                        0
                    ],
                    "shininess": 2,
                    "specular": [
                        0.8999999761581421,
                        0.8999999761581421,
                        0.8999999761581421
                    ],
                    "transparency": 1
                }
            },
            "name": "Material #46"
        },
        "Material #57": {
            "instanceTechnique": {
                "technique": "technique_0",
                "values": {
                    "ambient": [
                        0.5879999995231628,
                        0.5879999995231628,
                        0.5879999995231628
                    ],
                    "diffuse": "Map #9",
                    "emission": [
                        0,
                        0,
                        0
                    ],
                    "shininess": 2,
                    "specular": [
                        0.8999999761581421,
                        0.8999999761581421,
                        0.8999999761581421
                    ],
                    "transparency": 1
                }
            },
            "name": "Material #57"
        },
        "Material #68": {
            "instanceTechnique": {
                "technique": "technique_0",
                "values": {
                    "ambient": [
                        0.5879999995231628,
                        0.5879999995231628,
                        0.5879999995231628
                    ],
                    "diffuse": "Map #6",
                    "emission": [
                        0,
                        0,
                        0
                    ],
                    "shininess": 2,
                    "specular": [
                        0.8999999761581421,
                        0.8999999761581421,
                        0.8999999761581421
                    ],
                    "transparency": 1
                }
            },
            "name": "Material #68"
        }
    },
    "meshes": {
        "QueenOfPain_model_LOD0-mesh": {
            "name": "QueenOfPain_model_LOD0-mesh",
            "primitives": [
                {
                    "attributes": {
                        "JOINT": "attrbute_4",
                        "NORMAL": "attrbute_2",
                        "POSITION": "attrbute_1",
                        "TEXCOORD_0": "attrbute_3",
                        "WEIGHT": "attrbute_5"
                    },
                    "indices": "indices_6",
                    "material": "Material #35"
                }
            ]
        },
        "hair_model_LOD0-mesh": {
            "name": "hair_model_LOD0-mesh",
            "primitives": [
                {
                    "attributes": {
                        "JOINT": "attrbute_22",
                        "NORMAL": "attrbute_20",
                        "POSITION": "attrbute_19",
                        "TEXCOORD_0": "attrbute_21",
                        "WEIGHT": "attrbute_23"
                    },
                    "indices": "indices_24",
                    "material": "Material #68"
                }
            ]
        },
        "shoulders_model_LOD0-mesh": {
            "name": "shoulders_model_LOD0-mesh",
            "primitives": [
                {
                    "attributes": {
                        "JOINT": "attrbute_10",
                        "NORMAL": "attrbute_8",
                        "POSITION": "attrbute_7",
                        "TEXCOORD_0": "attrbute_9",
                        "WEIGHT": "attrbute_11"
                    },
                    "indices": "indices_12",
                    "material": "Material #46"
                }
            ]
        },
        "wings_model_LOD0-mesh": {
            "name": "wings_model_LOD0-mesh",
            "primitives": [
                {
                    "attributes": {
                        "JOINT": "attrbute_16",
                        "NORMAL": "attrbute_14",
                        "POSITION": "attrbute_13",
                        "TEXCOORD_0": "attrbute_15",
                        "WEIGHT": "attrbute_17"
                    },
                    "indices": "indices_18",
                    "material": "Material #57"
                }
            ]
        }
    },
    "nodes": {
        "Hair_R0C0": {
            "children": [
                "Hair_R1C0"
            ],
            "jointId": "Hair_R0C0",
            "matrix": [
                -0.6454894542694093,
                9.746619853653146e-8,
                -0.7637691497802733,
                0,
                -2.293439871088616e-7,
                -0.9999999999999998,
                6.621493753300623e-8,
                0,
                -0.7637691497802596,
                2.1790690593401436e-7,
                0.6454894542694254,
                0,
                -2.6315279006958,
                -4.330890988057949e-7,
                14.161911010742188,
                1
            ],
            "name": "Hair_R0C0"
        },
        "Hair_R1C0": {
            "children": [
                "Hair_R2C0"
            ],
            "jointId": "Hair_R1C0",
            "matrix": [
                0.8147488236427308,
                2.3781687730206613e-8,
                -0.5798140764236452,
                0,
                -6.6638312223892365e-9,
                0.9999999999999999,
                3.165211026612271e-8,
                0,
                0.5798140764236456,
                -2.1924736459480792e-8,
                0.8147488236427305,
                0,
                12.097953796386719,
                -0.0000017432421373086965,
                0.000007629394517039145,
                1
            ],
            "name": "Hair_R1C0"
        },
        "Hair_R2C0": {
            "children": [],
            "jointId": "Hair_R2C0",
            "matrix": [
                0.9999999999999999,
                -7.105427357601002e-15,
                0,
                0,
                7.105427370835892e-15,
                1.0000000000000002,
                3.554636052172097e-8,
                0,
                2.7755575615628914e-17,
                -3.5546360521721e-8,
                1,
                0,
                12.371353149414034,
                -0.0000019073495423072,
                0.0000152587890625,
                1
            ],
            "name": "Hair_R2C0"
        },
        "Head_0": {
            "children": [
                "Head_1"
            ],
            "jointId": "Head_0",
            "matrix": [
                0.9913986325263977,
                6.438282795784286e-9,
                -0.13087455928325656,
                0,
                -6.494141525954524e-9,
                0.9999999999999999,
                -1.7763568220294576e-15,
                0,
                0.1308745592832566,
                8.499196712101229e-10,
                0.9913986325263976,
                0,
                6.294189453124972,
                -0.0000011966781130468007,
                -0.000032424926761365214,
                1
            ],
            "name": "Head_0"
        },
        "Head_1": {
            "children": [
                "Hair_R0C0"
            ],
            "jointId": "Head_1",
            "matrix": [
                0.19193992018699615,
                9.152408608770187e-8,
                -0.9814067482948308,
                0,
                -8.865953304850526e-9,
                1,
                9.152408608770151e-8,
                0,
                0.9814067482948305,
                -8.866019375413973e-9,
                0.19193992018699543,
                0,
                9.053878784179688,
                9.829705049924002e-8,
                -0.000011444091796875,
                1
            ],
            "name": "Head_1"
        },
        "Hip_Lo0_0": {
            "children": [
                "thigh_R",
                "thigh_L"
            ],
            "jointId": "Hip_Lo0_0",
            "matrix": [
                1.0000000000000002,
                -2.6469779601696886e-23,
                0,
                0,
                2.6469779601696886e-23,
                1.0000000000000002,
                0,
                0,
                0,
                0,
                1,
                0,
                -0.7488315105438241,
                -4.768372150465439e-7,
                -2.9407196044921875,
                1
            ],
            "name": "Hip_Lo0_0"
        },
        "QueenOfPain_model_LOD0": {
            "children": [],
            "instanceSkin": {
                "skeletons": [
                    "Root_0"
                ],
                "skin": "skin_0",
                "sources": [
                    "QueenOfPain_model_LOD0-mesh"
                ]
            },
            "matrix": [
                1,
                0,
                0,
                0,
                0,
                1,
                0,
                0,
                0,
                0,
                1,
                0,
                0,
                0,
                0,
                1
            ],
            "name": "QueenOfPain_model_LOD0"
        },
        "Root_0": {
            "children": [
                "Spine_0",
                "Hip_Lo0_0"
            ],
            "jointId": "Root_0",
            "matrix": [
                -1.629206851037603e-7,
                -1.0000000000000002,
                0,
                0,
                1.0000000000000002,
                -1.629206851037603e-7,
                0,
                0,
                0,
                0,
                1,
                0,
                0,
                3.630470037460327,
                106.82960510253906,
                1
            ],
            "name": "Root_0"
        },
        "Spine_0": {
            "children": [
                "Spine_1"
            ],
            "jointId": "Spine_0",
            "matrix": [
                0.08658694475889295,
                0,
                0.9962443113327027,
                0,
                -8.709497507920408e-8,
                1.0000000000000002,
                7.569717297428795e-9,
                0,
                -0.9962443113327027,
                -8.742331216179348e-8,
                0.0865869447588929,
                0,
                0.7411127090454097,
                2.9739973683717825e-7,
                4.04144287109375,
                1
            ],
            "name": "Spine_0"
        },
        "Spine_1": {
            "children": [
                "wingL_0",
                "Spine_2",
                "wingR_0"
            ],
            "jointId": "Spine_1",
            "matrix": [
                0.9709458351135256,
                -6.617444900424222e-24,
                0.2392995655536652,
                0,
                -3.937660152111542e-8,
                0.9999999999999998,
                1.5976856104771284e-7,
                0,
                -0.23929956555366533,
                -1.6454942256834047e-7,
                0.9709458351135255,
                0,
                6.709083557128906,
                3.8680525449308345e-7,
                -9.536743146298932e-7,
                1
            ],
            "name": "Spine_1"
        },
        "Spine_2": {
            "children": [
                "Spine_3",
                "chest2_0"
            ],
            "jointId": "Spine_2",
            "matrix": [
                0.9907582998275757,
                7.815094349439281e-9,
                0.13564084470272064,
                0,
                -7.8879931787795e-9,
                0.9999999999999999,
                2.6645352533101114e-15,
                0,
                -0.13564084470272064,
                -1.0699366976893672e-9,
                0.9907582998275756,
                0,
                6.39569091796875,
                2.492049588909142e-7,
                0.000005722045900213857,
                1
            ],
            "name": "Spine_2"
        },
        "Spine_3": {
            "children": [
                "clavicle_R",
                "Head_0",
                "clavicle_L"
            ],
            "jointId": "Spine_3",
            "matrix": [
                0.9383755326271057,
                1.7763568261653607e-15,
                -0.34561744332313543,
                0,
                -3.20152918996616e-15,
                1,
                -3.55271369120821e-15,
                0,
                0.3456174433231353,
                4.440283935668738e-15,
                0.9383755326271057,
                0,
                15.052566528320312,
                0.0000019073488601861754,
                0.000034332275390625,
                1
            ],
            "name": "Spine_3"
        },
        "ankle_L": {
            "children": [
                "toeBase_L"
            ],
            "jointId": "ankle_L",
            "matrix": [
                0.6218683123588562,
                0.093236044049263,
                0.7775518894195558,
                0,
                0.17238237294129313,
                0.952237088615043,
                -0.25205000096800245,
                0,
                -0.7639138435959751,
                0.2907781299303138,
                0.5760937839251368,
                0,
                40.38151550292968,
                -0.0000057220458984375,
                -0.000003814697265625,
                1
            ],
            "name": "ankle_L"
        },
        "ankle_R": {
            "children": [
                "toeBase_R"
            ],
            "jointId": "ankle_R",
            "matrix": [
                0.6218681335449219,
                0.09323512017726894,
                0.7775517702102661,
                0,
                0.17238183613014652,
                0.9522371783524222,
                -0.252048449969132,
                0,
                -0.7639136766502364,
                0.29077677917873707,
                0.5760940705148152,
                0,
                -40.38151550292969,
                -0.0000152587890625,
                0.00001049041748046875,
                1
            ],
            "name": "ankle_R"
        },
        "bicep_L": {
            "children": [
                "sh_pad_L4_0",
                "elbow_L"
            ],
            "jointId": "bicep_L",
            "matrix": [
                0.40972855687141396,
                -0.23441304266452778,
                -0.8815744519233701,
                0,
                -0.8973247574231483,
                0.07028873142108227,
                -0.43573877675712674,
                0,
                0.1641075420792215,
                0.9695928453263956,
                -0.18154525948625683,
                0,
                9.99715805053711,
                1.7763568394002505e-15,
                -0.00003051757815342171,
                1
            ],
            "name": "bicep_L"
        },
        "bicep_R": {
            "children": [
                "sh_pad_R3_0",
                "elbow_R"
            ],
            "jointId": "bicep_R",
            "matrix": [
                0.4097281396389006,
                -0.23441416025161732,
                -0.8815740942955016,
                0,
                -0.8973245723981464,
                0.07028923483275706,
                -0.43573866580776865,
                0,
                0.16410848747686455,
                0.9695925226417148,
                -0.18154611477819588,
                0,
                -9.997156143188473,
                9.536743146298932e-7,
                -0.0000457763671875,
                1
            ],
            "name": "bicep_R"
        },
        "chest2_0": {
            "children": [],
            "jointId": "chest2_0",
            "matrix": [
                -0.28691911697387734,
                -2.736273926517501e-7,
                -0.957955002784729,
                0,
                -4.968859172916637e-7,
                1,
                -1.3681365371513479e-7,
                0,
                0.9579550027846945,
                4.3673989756887937e-7,
                -0.28691911697399164,
                0,
                3.9054183959960938,
                4.235164736271502e-22,
                -7.0713653564453125,
                1
            ],
            "name": "chest2_0"
        },
        "clavicle_L": {
            "children": [
                "bicep_L"
            ],
            "jointId": "clavicle_L",
            "matrix": [
                -0.031493734568357336,
                0.8838265538215639,
                0.46675321459770197,
                0,
                0.016619994703097378,
                -0.46645715630700557,
                0.8843873673622606,
                0,
                0.9993654506848392,
                0.03561009818218386,
                0.0000012852253166162342,
                0,
                1.52520751953125,
                4.640922546386719,
                -2.7108898162841797,
                1
            ],
            "name": "clavicle_L"
        },
        "clavicle_R": {
            "children": [
                "bicep_R"
            ],
            "jointId": "clavicle_R",
            "matrix": [
                0.031493458896875236,
                0.8838263750076292,
                -0.46675336360931374,
                0,
                -0.01662208190539355,
                -0.4664572638890201,
                -0.8843872410479198,
                0,
                -0.9993655092726652,
                0.035610834523824235,
                6.817282519264167e-7,
                0,
                1.52520751953125,
                -4.640924453735352,
                -2.7108898162841797,
                1
            ],
            "name": "clavicle_R"
        },
        "elbow_L": {
            "children": [
                "wrist_L"
            ],
            "jointId": "elbow_L",
            "matrix": [
                0.9587579369544983,
                -8.940696705206364e-8,
                -0.2842240333557129,
                0,
                1.1865325211246613e-7,
                0.9999998807907037,
                8.568167289557671e-8,
                0,
                0.28422400266814046,
                -1.1587209114427566e-7,
                0.9587578334377654,
                0,
                26.016563415527344,
                -0.00002288818359375,
                -9.536743199589637e-7,
                1
            ],
            "name": "elbow_L"
        },
        "elbow_R": {
            "children": [
                "wrist_R"
            ],
            "jointId": "elbow_R",
            "matrix": [
                0.9587579965591432,
                -5.960464477539063e-8,
                -0.28422424197196966,
                0,
                -2.1060927485327952e-7,
                1.0000003576278826,
                -9.201466788441581e-7,
                0,
                0.2842242696417617,
                9.420580026620051e-7,
                0.9587580898959324,
                0,
                -26.016601562500014,
                0,
                -0.000005722045900213857,
                1
            ],
            "name": "elbow_R"
        },
        "hair_model_LOD0": {
            "children": [],
            "instanceSkin": {
                "skeletons": [
                    "Root_0"
                ],
                "skin": "skin_3",
                "sources": [
                    "hair_model_LOD0-mesh"
                ]
            },
            "matrix": [
                1,
                0,
                0,
                0,
                0,
                1,
                0,
                0,
                0,
                0,
                1,
                0,
                0,
                0,
                0,
                1
            ],
            "name": "hair_model_LOD0"
        },
        "index_0_L": {
            "children": [
                "index_1_L"
            ],
            "jointId": "index_0_L",
            "matrix": [
                0.9680213928222661,
                0.25086379051208507,
                0.0013137161731720526,
                0,
                0.0713138164168648,
                -0.28019551009830856,
                0.9572903783071254,
                0,
                0.24051758461498368,
                -0.9265838573438065,
                -0.2891252954208314,
                0,
                11.735214233398438,
                -0.02494049072265625,
                -3.1347579956054616,
                1
            ],
            "name": "index_0_L"
        },
        "index_0_R": {
            "children": [
                "index_1_R"
            ],
            "jointId": "index_0_R",
            "matrix": [
                0.9680215120315552,
                0.2508641183376312,
                0.0013135969638824463,
                0,
                0.07131399719804404,
                -0.28019541999093067,
                0.9572902771378238,
                0,
                0.24051778724688597,
                -0.9265836803377239,
                -0.2891252474665286,
                0,
                -11.735206604003913,
                0.0249176025390625,
                3.134773254394524,
                1
            ],
            "name": "index_0_R"
        },
        "index_1_L": {
            "children": [
                "index_2_L"
            ],
            "jointId": "index_1_L",
            "matrix": [
                0.6095837950706486,
                -7.450580596923828e-8,
                -0.7927218675613406,
                0,
                2.5786962160045945e-7,
                1.0000004768371409,
                1.0430808643213663e-7,
                0,
                0.7927219366631382,
                -2.680033028557016e-7,
                0.6095838482082716,
                0,
                5.565456390380852,
                -0.000003814697269177714,
                0,
                1
            ],
            "name": "index_1_L"
        },
        "index_1_R": {
            "children": [
                "index_2_R"
            ],
            "jointId": "index_1_R",
            "matrix": [
                0.6095840334892272,
                2.384185791015625e-7,
                -0.7927219271659848,
                0,
                -3.8142805947050107e-7,
                1.0000004768371604,
                7.450579514456379e-9,
                0,
                0.7927218147979107,
                2.978244478535341e-7,
                0.6095839470809792,
                0,
                -5.565456390380859,
                -0.0000057220458984375,
                -0.000022888183579539145,
                1
            ],
            "name": "index_1_R"
        },
        "index_2_L": {
            "children": [],
            "jointId": "index_2_L",
            "matrix": [
                0.9542064666748049,
                -0.04246409237384782,
                -0.29611885547637923,
                0,
                0.04055613111824863,
                0.999097589373752,
                -0.012585654984097971,
                0,
                0.2963862102892499,
                -1.2175617775112002e-7,
                0.9550680020241591,
                0,
                2.7200698852539062,
                0.0000019073486328125,
                -0.0000038146972585195726,
                1
            ],
            "name": "index_2_L"
        },
        "index_2_R": {
            "children": [],
            "jointId": "index_2_R",
            "matrix": [
                0.9776110649108882,
                -0.06550897657871246,
                -0.19996166229248047,
                0,
                0.06418012068441187,
                0.997851260234109,
                -0.013127609948941688,
                0,
                0.20039211794928574,
                1.331238288215797e-7,
                0.9797155157711992,
                0,
                -2.7201080322265625,
                -0.000005722045891332073,
                0.000011444091803980427,
                1
            ],
            "name": "index_2_R"
        },
        "knee_L": {
            "children": [
                "ankle_L"
            ],
            "jointId": "knee_L",
            "matrix": [
                0.9968859553337097,
                1.192092894952701e-7,
                -0.07885572314262392,
                0,
                -1.5877385248219689e-7,
                0.9999999403953521,
                -4.954636090050146e-7,
                0,
                0.07885574188468827,
                5.064410906578665e-7,
                0.9968861922697287,
                0,
                44.61017227172853,
                0.000003814697265625,
                0,
                1
            ],
            "name": "knee_L"
        },
        "knee_R": {
            "children": [
                "ankle_R"
            ],
            "jointId": "knee_R",
            "matrix": [
                0.9968861937522889,
                -4.4703483575991854e-7,
                -0.07885557413101202,
                0,
                4.1111762841272714e-7,
                1.0000000000000295,
                -4.7171488536503284e-7,
                0,
                0.07885556021362965,
                4.3782706275752314e-7,
                0.9968860178073139,
                0,
                -44.61017227172851,
                0.000011444091793322286,
                -0.000003814697266513178,
                1
            ],
            "name": "knee_R"
        },
        "knife_L_1": {
            "children": [],
            "jointId": "knife_L_1",
            "matrix": [
                -0.8281497955322268,
                -0.4273158609867096,
                -0.36272454261779796,
                0,
                -0.5110892896240622,
                0.8413829847071483,
                0.17567654978979316,
                0,
                0.23012093397891129,
                0.3308712021017537,
                -0.9151879126467755,
                0,
                56.980716705322266,
                74.14236450195312,
                36.9314079284668,
                1
            ],
            "name": "knife_L_1"
        },
        "mid_0_L": {
            "children": [
                "mid_1_L"
            ],
            "jointId": "mid_0_L",
            "matrix": [
                0.8797568678855896,
                0.4481362998485565,
                0.15874922275543205,
                0,
                -0.06115823116709518,
                -0.22446095288819184,
                0.9725620831708851,
                0,
                0.4714734244145347,
                -0.8653270842233676,
                -0.1700638592304552,
                0,
                11.768619537353501,
                -1.0003509521484375,
                -1.0802001953125,
                1
            ],
            "name": "mid_0_L"
        },
        "mid_0_R": {
            "children": [
                "mid_1_R"
            ],
            "jointId": "mid_0_R",
            "matrix": [
                0.8797569870948794,
                0.44813638925552357,
                0.15874929726123801,
                0,
                -0.061158027589296504,
                -0.22446138961433743,
