{
    "accessors": [
        {
            "bufferView": 0,
            "byteOffset": 0,
            "componentType": 5126,
            "count": 2523,
            "max": [
                49.55694580078125,
                19.973312377929688,
                170.1590118408203
            ],
            "min": [
                -49.557010650634766,
                -11.921015739440918,
                -0.3329100012779236
            ],
            "type": "VEC3"
        },
        {
            "bufferView": 0,
            "byteOffset": 30276,
            "componentType": 5126,
            "count": 2523,
            "max": [
                0.9994056224822998,
                0.9999592304229736,
                0.9999791979789734
            ],
            "min": [
                -0.9994056224822998,
                -0.9997408390045166,
                -0.9994143843650818
            ],
            "type": "VEC3"
        },
        {
            "bufferView": 0,
            "byteOffset": 60552,
            "componentType": 5126,
            "count": 2523,
            "max": [
                0.9875274896621704,
                0.9956358671188354
            ],
            "min": [
                0.009398000314831734,
                -0.988150954246521
            ],
            "type": "VEC2"
        },
        {
            "bufferView": 0,
            "byteOffset": 80736,
            "componentType": 5123,
            "count": 2523,
            "max": [
                57,
                57,
                58,
                0
            ],
            "min": [
                0,
                0,
                0,
                0
            ],
            "type": "VEC4"
        },
        {
            "bufferView": 0,
            "byteOffset": 100920,
            "componentType": 5126,
            "count": 2523,
            "max": [
                1,
                0.9998993873596191,
                0.9991639256477356,
                0
            ],
            "min": [
                0.00010063916124636307,
                0,
                0,
                0
            ],
            "type": "VEC4"
        },
        {
            "bufferView": 2,
            "byteOffset": 0,
            "componentType": 5123,
            "count": 11595,
            "max": [
                2522
            ],
            "min": [
                0
            ],
            "type": "SCALAR"
        },
        {
            "bufferView": 1,
            "byteOffset": 0,
            "componentType": 5126,
            "count": 59,
            "max": [
                0.9161020684807819,
                0.9999999999999832,
                0.9989128794217651,
                0,
                0.973187842409356,
                0.9784185658046453,
                0.9980856476215418,
                0,
                0.9980856476215362,
                0.4273164520877923,
                1,
                0,
                125.32087031466182,
                74.14228613353754,
                139.16023960201497,
                1
            ],
            "min": [
                -0.9366091456873772,
                -0.8413832417357162,
                -0.3136963204806654,
                0,
                -0.9999999999999732,
                -0.9784182735115813,
                -0.9973537394846993,
                0,
                -0.9880302809081725,
                -0.4273153382182122,
                -0.9998548429943697,
                0,
                -140.5008425162654,
                -74.14242492364023,
                -153.46136171084538,
                1
            ],
            "type": "MAT4"
        },
        {
            "bufferView": 0,
            "byteOffset": 141288,
            "componentType": 5126,
            "count": 362,
            "max": [
                30.64790916442871,
                20.241106033325195,
                155.71499633789062
            ],
            "min": [
                -30.647903442382812,
                -1.7014228105545044,
                122.73200225830078
            ],
            "type": "VEC3"
        },
        {
            "bufferView": 0,
            "byteOffset": 145632,
            "componentType": 5126,
            "count": 362,
            "max": [
                0.9949731230735779,
                0.9933704137802124,
                0.8972244262695312
            ],
            "min": [
                -0.9949731230735779,
                -0.9978908896446228,
                -0.9997121691703796
            ],
            "type": "VEC3"
        },
        {
            "bufferView": 0,
            "byteOffset": 149976,
            "componentType": 5126,
            "count": 362,
            "max": [
                3.978621482849121,
                0.9715213775634766
            ],
            "min": [
                3.0265417098999023,
                -0.9576907157897949
            ],
            "type": "VEC2"
        },
        {
            "bufferView": 0,
            "byteOffset": 152872,
            "componentType": 5123,
            "count": 362,
            "max": [
                1,
                0,
                0,
                0
            ],
            "min": [
                0,
                0,
                0,
                0
            ],
            "type": "VEC4"
        },
        {
            "bufferView": 0,
            "byteOffset": 155768,
            "componentType": 5126,
            "count": 362,
            "max": [
                1,
                0,
                0,
                0
            ],
            "min": [
                1,
                0,
                0,
                0
            ],
            "type": "VEC4"
        },
        {
            "bufferView": 2,
            "byteOffset": 23190,
            "componentType": 5123,
            "count": 1668,
            "max": [
                361
            ],
            "min": [
                0
            ],
            "type": "SCALAR"
        },
        {
            "bufferView": 1,
            "byteOffset": 3776,
            "componentType": 5126,
            "count": 2,
            "max": [
                0.4400790365823037,
                0.9847424930836736,
                -0.018467850359266215,
                0,
                0.078272560269883,
                -0.004942490654520387,
                0.9428491922652967,
                0,
                -0.8970902593126245,
                -0.17394740035552395,
                -0.07622309549265618,
                0,
                125.32094938617269,
                74.13158620720522,
                19.612382289756642,
                1
            ],
            "min": [
                -0.17303491759824105,
                -0.8413830095557224,
                -0.3136955798037427,
                0,
                0.039488129033696286,
                -0.3308715584620549,
                -0.9969199824738486,
                0,
                -0.981800804121277,
                -0.4273154446352561,
                -0.11238501023734285,
                0,
                109.96760496329189,
                40.08099670581733,
                11.101955035633795,
                1
            ],
            "type": "MAT4"
        },
        {
            "bufferView": 0,
            "byteOffset": 161560,
            "componentType": 5126,
            "count": 964,
            "max": [
                100.89999389648438,
                56.37446212768555,
                153.33802795410156
            ],
            "min": [
                -100.89996337890625,
                -11.696418762207031,
                56.29308319091797
            ],
            "type": "VEC3"
        },
        {
            "bufferView": 0,
            "byteOffset": 173128,
            "componentType": 5126,
            "count": 964,
            "max": [
                0.9959197044372559,
                0.9807376265525818,
                0.9657325744628906
            ],
            "min": [
                -0.9959197044372559,
                -0.9939667582511902,
                -0.9769660234451294
            ],
            "type": "VEC3"
        },
        {
            "bufferView": 0,
            "byteOffset": 184696,
            "componentType": 5126,
            "count": 964,
            "max": [
                1.9899015426635742,
                0.9857534766197205
            ],
            "min": [
                1.01910400390625,
                -0.9835002422332764
            ],
            "type": "VEC2"
        },
        {
            "bufferView": 0,
            "byteOffset": 192408,
            "componentType": 5123,
            "count": 964,
            "max": [
                20,
                21,
                22,
                0
            ],
            "min": [
                0,
                0,
                0,
                0
            ],
            "type": "VEC4"
        },
        {
            "bufferView": 0,
            "byteOffset": 200120,
            "componentType": 5126,
            "count": 964,
            "max": [
                1,
                0.9998787045478821,
                0.965481162071228,
                0
            ],
            "min": [
                0.00012127949594287202,
                0,
                0,
                0
            ],
            "type": "VEC4"
        },
        {
            "bufferView": 2,
            "byteOffset": 26526,
            "componentType": 5123,
            "count": 4248,
            "max": [
                963
            ],
            "min": [
                0
            ],
            "type": "SCALAR"
        },
        {
            "bufferView": 1,
            "byteOffset": 3904,
            "componentType": 5126,
            "count": 23,
            "max": [
                0.916101936638338,
                0.9999999999999942,
                0.9647256264915257,
                0,
                0.49580762931896144,
                0.9967910506610391,
                0.9962442845681457,
                0,
                0.9962442845681514,
                0.4815390690469923,
                0.9974526883501098,
                0,
                118.94846276870865,
                85.1344968242084,
                141.23936072578644,
                1
            ],
            "min": [
                -0.6829992480466462,
                -0.84138321720905,
                -0.8069173783720811,
                0,
                -0.49580730037558274,
                -0.99679108544379,
                -0.9428494120556631,
                0,
                -0.8970900002511841,
                -0.481538900390217,
                -0.9974524599816227,
                0,
                -119.6112143744401,
                -85.13449597008659,
                -141.2393731261275,
                1
            ],
            "type": "MAT4"
        },
        {
            "bufferView": 0,
            "byteOffset": 215544,
            "componentType": 5126,
            "count": 514,
            "max": [
                10.612699508666992,
                26.551496505737305,
                175.73500061035156
            ],
            "min": [
                -11.172699928283691,
                -7.457482814788818,
                138.2259979248047
            ],
            "type": "VEC3"
        },
        {
            "bufferView": 0,
            "byteOffset": 221712,
            "componentType": 5126,
            "count": 514,
            "max": [
                0.9987985491752625,
                0.9975900650024414,
                0.993798017501831
            ],
            "min": [
                -0.9965807199478149,
                -0.9989432692527771,
                -0.9799984097480774
            ],
            "type": "VEC3"
        },
        {
            "bufferView": 0,
            "byteOffset": 227880,
            "componentType": 5126,
            "count": 514,
            "max": [
                0.9933350086212158,
                0.9922260046005249
            ],
            "min": [
                0.007619000039994717,
                0.012639999389648438
            ],
            "type": "VEC2"
        },
        {
            "bufferView": 0,
            "byteOffset": 231992,
            "componentType": 5123,
            "count": 514,
            "max": [
                2,
                2,
                3,
                0
            ],
            "min": [
                0,
                0,
                0,
                0
            ],
            "type": "VEC4"
        },
        {
            "bufferView": 0,
            "byteOffset": 236104,
            "componentType": 5126,
            "count": 514,
            "max": [
                1,
                0.9997740387916565,
                0.7662582397460938,
                0
            ],
            "min": [
                0.0002259688772028312,
                0,
                0,
                0
            ],
            "type": "VEC4"
        },
        {
            "bufferView": 2,
            "byteOffset": 35022,
            "componentType": 5123,
            "count": 2508,
            "max": [
                513
            ],
            "min": [
                0
            ],
            "type": "SCALAR"
        },
        {
            "bufferView": 1,
            "byteOffset": 5376,
            "componentType": 5126,
            "count": 4,
            "max": [
                3.3414130313228586e-7,
                0.9999999999999919,
                9.736545285766445e-8,
                0,
                0.6454897027722057,
                3.341413031322991e-7,
                0.996543881133367,
                0,
                0.9814066825133712,
                1.1497004945970644e-7,
                0.9999999999999598,
                0,
                156.51272026858382,
                0.000002370094272808967,
                -29.029415845532068,
                1
            ],
            "min": [
                -1.0861201325027418e-7,
                -0.9999999999999893,
                -7.817738245955308e-8,
                0,
                -0.999999999999889,
                5.1883281083286224e-8,
                7.824775173379515e-15,
                0,
                -0.9965438811333612,
                -3.210032776813944e-8,
                0.08306798312682052,
                0,
                -140.50088082550155,
                -0.000016418601591074686,
                -153.46133422850951,
                1
            ],
            "type": "MAT4"
        }
    ],
    "asset": {
        "generator": "ClayGL - fbx2gltf",
        "version": "2.0"
    },
    "bufferViews": [
        {
            "buffer": 0,
            "byteLength": 244328,
            "byteOffset": 0,
            "target": 34962
        },
        {
            "buffer": 0,
            "byteLength": 5632,
            "byteOffset": 244328,
            "target": 34962
        },
        {
            "buffer": 0,
            "byteLength": 40038,
            "byteOffset": 249960,
            "target": 34963
        }
    ],
    "buffers": [
        {
            "byteLength": 289998,
            "uri": "queenofpain.bin"
        }
    ],
    "images": [
        {
            "uri": "textures/queenofpain_color.png"
        },
        {
            "uri": "textures/queenofpain_armour_color.png"
        },
        {
            "uri": "textures/queenofpain_wing_color.png"
        },
        {
            "uri": "textures/queenofpain_hair_color.png"
        }
    ],
    "materials": [
        {
            "emissiveFactor": [
                0,
                0,
                0
            ],
            "name": "Material #35",
            "pbrMetallicRoughness": {
                "baseColorFactor": [
                    1,
                    1,
                    1,
                    1
                ],
                "baseColorTexture": {
                    "index": 0,
                    "texCoord": 0
                },
                "metallicFactor": 0,
                "roughnessFactor": 0.9230769230769231
            }
        },
        {
            "emissiveFactor": [
                0,
                0,
                0
            ],
            "name": "Material #46",
            "pbrMetallicRoughness": {
                "baseColorFactor": [
                    1,
                    1,
                    1,
                    1
                ],
                "baseColorTexture": {
                    "index": 1,
                    "texCoord": 0
                },
                "metallicFactor": 0,
                "roughnessFactor": 0.9230769230769231
            }
        },
        {
            "emissiveFactor": [
                0,
                0,
                0
            ],
            "name": "Material #57",
            "pbrMetallicRoughness": {
                "baseColorFactor": [
                    1,
                    1,
                    1,
                    1
                ],
                "baseColorTexture": {
                    "index": 2,
                    "texCoord": 0
                },
                "metallicFactor": 0,
                "roughnessFactor": 0.9230769230769231
            }
        },
        {
            "emissiveFactor": [
                0,
                0,
                0
            ],
            "name": "Material #68",
            "pbrMetallicRoughness": {
                "baseColorFactor": [
                    1,
                    1,
                    1,
                    1
                ],
                "baseColorTexture": {
                    "index": 3,
                    "texCoord": 0
                },
                "metallicFactor": 0,
                "roughnessFactor": 0.9230769230769231
            }
        }
    ],
    "meshes": [
        {
            "name": "QueenOfPain_model_LOD0",
            "primitives": [
                {
                    "attributes": {
                        "JOINTS_0": 3,
                        "NORMAL": 1,
                        "POSITION": 0,
                        "TEXCOORD_0": 2,
                        "WEIGHTS_0": 4
                    },
                    "indices": 5,
                    "material": 0
                }
            ]
        },
        {
            "name": "shoulders_model_LOD0",
            "primitives": [
                {
                    "attributes": {
                        "JOINTS_0": 10,
                        "NORMAL": 8,
                        "POSITION": 7,
                        "TEXCOORD_0": 9,
                        "WEIGHTS_0": 11
                    },
                    "indices": 12,
                    "material": 1
                }
            ]
        },
        {
            "name": "wings_model_LOD0",
            "primitives": [
                {
                    "attributes": {
                        "JOINTS_0": 17,
                        "NORMAL": 15,
                        "POSITION": 14,
                        "TEXCOORD_0": 16,
                        "WEIGHTS_0": 18
                    },
                    "indices": 19,
                    "material": 2
                }
            ]
        },
        {
            "name": "hair_model_LOD0",
            "primitives": [
                {
                    "attributes": {
                        "JOINTS_0": 24,
                        "NORMAL": 22,
                        "POSITION": 21,
                        "TEXCOORD_0": 23,
                        "WEIGHTS_0": 25
                    },
                    "indices": 26,
                    "material": 3
                }
            ]
        }
    ],
    "nodes": [
        {
            "children": [
                1,
                68
            ],
            "matrix": [
                1.6292068478213574e-7,
                1.469367938527879e-39,
                1.0000000000000002,
                0,
                1.0000000000000002,
                6.123233995736847e-17,
                -1.6292068478213574e-7,
                0,
                -6.123233995736685e-17,
                1,
                9.976014756666736e-24,
                0,
                0,
                106.82960510253906,
                -3.630470037460327,
                1
            ],
            "name": "Root_0"
        },
        {
            "children": [
                2
            ],
            "matrix": [
                0.08658694475889295,
                -1.6543612251060553e-24,
                0.9962443113327027,
                0,
                -8.709497507920416e-8,
                1,
                7.569717297428795e-9,
                0,
                -0.9962443113327027,
                -8.742331216179348e-8,
                0.0865869447588929,
                0,
                0.7411127090454097,
                2.9739973683717835e-7,
                4.04144287109375,
                1
            ],
            "name": "Spine_0"
        },
        {
            "children": [
                3,
                11,
                60
            ],
            "matrix": [
                0.9709458351135254,
                -6.617444900424222e-24,
                0.23929956555366522,
                0,
                -3.937660152111543e-8,
                1,
                1.5976856104771286e-7,
                0,
                -0.23929956555366522,
                -1.6454942256834047e-7,
                0.9709458351135253,
                0,
                6.709083557128906,
                3.868052544930829e-7,
                -9.536743128535363e-7,
                1
            ],
            "name": "Spine_1"
        },
        {
            "children": [
                4
            ],
            "matrix": [
                -0.06516672670841211,
                0.9161019921302794,
                0.3956140577793122,
                0,
                0.14812333298152017,
                -0.3831841903407194,
                0.9117181399168387,
                0,
                0.9868195639165489,
                0.11801332466300977,
                -0.11072518816778798,
                0,
                10.471939086914077,
                8.648473739624022,
                9.107750892639158,
                1
            ],
            "name": "wingL_0"
        },
        {
            "children": [
                5,
                7,
                9
            ],
            "matrix": [
                0.16270318627357466,
                -0.6306627988815303,
                0.7588096857070922,
                0,
                0.6014164196851307,
                0.6730649965459541,
                0.4304434866121663,
                0,
                -0.7821931260640475,
                0.3863261732111644,
                0.4888009029890348,
                0,
                29.433170318603512,
                -0.00000476837158203125,
                0.00002288818359375,
                1
            ],
            "name": "wingL_1"
        },
        {
            "children": [
                6
            ],
            "matrix": [
                -0.37817806005477894,
                0.20655253529548656,
                -0.9023951292037964,
                0,
                -0.8990390980165763,
                0.15045095683788173,
                0.41120887797921685,
                0,
                0.22070253601300777,
                0.9667990690543995,
                0.1288016060309251,
                0,
                24.62258148193358,
                0.9234161376953267,
                -0.8342056274414062,
                1
            ],
            "name": "wingL_f1_0"
        },
        {
            "matrix": [
                -0.9957702159881594,
                0.09145322442054729,
                -0.008828431367874118,
                0,
                0.09133004810814416,
                0.9957295645576263,
                0.013472110033006468,
                0,
                0.010022798318029297,
                0.01260882522582063,
                -0.9998703002908353,
                0,
                39.894752502441406,
                0.0000152587890625,
                0.000030517578125,
                1
            ],
            "name": "wingL_f1_1"
        },
        {
            "children": [
                8
            ],
            "matrix": [
                -0.03868421912193354,
                -0.021943509578705042,
                -0.9990100860595701,
                0,
                -0.4934016576890675,
                0.8698014679702402,
                3.613549025838214e-7,
                0,
                0.8689408876738781,
                0.4929135052895508,
                -0.04447457793226778,
                0,
                26.41643524169922,
                0.00000762939453125,
                0.000007629394517039145,
                1
            ],
            "name": "wingL_f0_0"
        },
        {
            "matrix": [
                1.000000238418579,
                -4.6193599700927734e-7,
                4.172325135816911e-7,
                0,
                4.6193585781506563e-7,
                0.9999999403953711,
                3.725290294341946e-9,
                0,
                -4.1723241566808407e-7,
                -3.72509777885055e-9,
                0.9999999999999879,
                0,
                19.814567565917994,
                0.000007629394533026357,
                -0.000030517578125,
                1
            ],
            "name": "wingL_f0_1"
        },
        {
            "children": [
                10
            ],
            "matrix": [
                0.9641156792640686,
                -0.05304634571075434,
                0.2601290941238402,
                0,
                0.01568817308439735,
                -0.9667385700308725,
                -0.25528540846661096,
                0,
                0.2650186698633733,
                0.25020550511702044,
                -0.9312152029964504,
                0,
                20.453384399414077,
                1.6791229248046875,
                -1.9218559265136648,
                1
            ],
            "name": "wingL_f2_0"
        },
        {
            "matrix": [
                0.9845973253250122,
                -0.1548524796962737,
                0.08116790652275094,
                0,
                0.15591930558728762,
                0.9877454431167233,
                -0.006935007893785795,
                0,
                -0.07909934702925805,
                0.019483838870057713,
                0.9966762695834497,
                0,
                -45.70353698730469,
                -0.0000457763671875,
                -3.552713678800501e-15,
                1
            ],
            "name": "wingL_f2_1"
        },
        {
            "children": [
                12,
                59
            ],
            "matrix": [
                0.9907582998275757,
                7.815094349439264e-9,
                0.13564084470272073,
                0,
                -7.887993178779471e-9,
                1,
                2.664535312039935e-15,
                0,
                -0.13564084470272061,
                -1.0699366976893672e-9,
                0.9907582998275759,
                0,
                6.39569091796875,
                2.492049588909139e-7,
                0.0000057220458984375,
                1
            ],
            "name": "Spine_2"
        },
        {
            "children": [
                13,
                33,
                38
            ],
            "matrix": [
                0.938375532627106,
                1.776356836091528e-15,
                -0.34561744332313554,
                0,
                -3.2015291998923275e-15,
                1.0000000000000002,
                -3.55271373174006e-15,
                0,
                0.3456174433231354,
                4.440283875904938e-15,
                0.9383755326271059,
                0,
                15.052566528320355,
                0.0000019073488601861754,
                0.000034332275376414145,
                1
            ],
            "name": "Spine_3"
        },
        {
            "children": [
                14
            ],
            "matrix": [
                0.03149345889687525,
                0.8838263750076295,
                -0.46675336360931396,
                0,
                -0.01662208190539352,
                -0.46645726388902015,
                -0.88438724104792,
                0,
                -0.9993655092726652,
                0.03561083452382425,
                6.817282519125389e-7,
                0,
                1.5252075195312784,
                -4.640924453735352,
                -2.7108898162841797,
                1
            ],
            "name": "clavicle_R"
        },
        {
            "children": [
                15,
                16
            ],
            "matrix": [
                0.4097281396389008,
                -0.2344141602516174,
                -0.8815740942955017,
                0,
                -0.8973245723981462,
                0.07028923483275695,
                -0.43573866580776865,
                0,
                0.1641084874768644,
                0.969592522641715,
                -0.1815461147781959,
                0,
                -9.997156143188477,
                9.536743146298932e-7,
                -0.00004577636724434342,
                1
            ],
            "name": "bicep_R"
        },
        {
            "matrix": [
                -0.9600032567977904,
                -0.2480527758598326,
                -0.12985897064208984,
                0,
                0.2775143606862679,
                -0.9045114359857754,
                -0.3237983280310274,
                0,
                -0.03713984445599474,
                -0.34688512759930035,
                0.9371719938828132,
                0,
                -9.034606933593736,
                0.00074005126953125,
                -0.0984039306640625,
                1
            ],
            "name": "sh_pad_R3_0"
        },
        {
            "children": [
                17
            ],
            "matrix": [
                0.9587579965591431,
                -5.960464490029072e-8,
                -0.2842242419719695,
                0,
                -2.10609274674603e-7,
                1.0000003576278822,
                -9.201466789066082e-7,
                0,
                0.2842242696417615,
                9.42058002606494e-7,
                0.958758089895932,
                0,
                -26.016601562499986,
                0,
                -0.0000057220458984375,
                1
            ],
            "name": "elbow_R"
        },
        {
            "children": [
                18,
                21,
                24,
                27,
                30
            ],
            "matrix": [
                0.999999880790711,
                -4.172325133722232e-7,
                -5.9604644719879474e-8,
                0,
                4.1723257913905965e-7,
                1.0000000000000417,
                2.6822090154476896e-7,
                0,
                5.960454002584825e-8,
                -2.682209264137647e-7,
                0.9999999999999827,
                0,
                -29.000442504882827,
                0.00000762939453125,
                0.00000762939453125,
                1
            ],
            "name": "wrist_R"
        },
        {
            "children": [
                19
            ],
            "matrix": [
                0.9123587608337405,
                0.3305681943893435,
                -0.24150821566581754,
                0,
                0.29141182691546114,
                -0.9387306285883825,
                -0.18402005700313123,
                0,
                -0.2875424029141911,
                0.09751398316124427,
                -0.952790812661331,
                0,
                -1.7927703857421875,
                -2.39996337890625,
                2.2389183044433523,
                1
            ],
            "name": "thumb_0_R"
        },
        {
            "children": [
                20
            ],
            "matrix": [
                0.99798047542572,
                7.450580590678824e-8,
                -0.06352129578590404,
                0,
                -4.5254424527185755e-8,
                0.9999999999999991,
                4.619360086527413e-7,
                0,
                0.0635212897921692,
                -4.581284545474018e-7,
                0.9979803812578598,
                0,
                -5.964992523193374,
                -0.000015258789055394573,
                0.000003814697272730427,
                1
            ],
            "name": "thumb_1_R"
        },
        {
            "matrix": [
                0.9862140417098999,
                -0.017183750867843635,
                -0.16458001732826238,
                0,
                0.016949275065259672,
                0.999852420264851,
                -0.002829030132804479,
                0,
                0.16460432516357482,
                5.17257397372739e-7,
                0.9863596477225585,
                0,
                -4.856269836425774,
                0,
                -0.00000762939453125,
                1
            ],
            "name": "thumb_2_R"
        },
        {
            "children": [
                22
            ],
            "matrix": [
                0.9680215120315552,
                0.2508641183376313,
                0.0013135969638823908,
                0,
                0.07131399719804402,
                -0.28019541999093067,
                0.957290277137824,
                0,
                0.24051778724688597,
                -0.9265836803377242,
                -0.2891252474665285,
                0,
                -11.735206604003913,
                0.0249176025390625,
                3.1347732543945384,
                1
            ],
            "name": "index_0_R"
        },
        {
            "children": [
                23
            ],
            "matrix": [
                0.6095840334892272,
                2.384185791293181e-7,
                -0.792721927165985,
                0,
                -3.8142805947050107e-7,
                1.0000004768371609,
                7.45057956996753e-9,
                0,
                0.7927218147979106,
                2.978244478535341e-7,
                0.609583947080979,
                0,
                -5.565456390380859,
                -0.000005722045901990214,
                -0.00002288818359375,
                1
            ],
            "name": "index_1_R"
        },
        {
            "matrix": [
                0.9776110649108883,
                -0.06550897657871248,
                -0.1999616622924804,
                0,
                0.06418012068441192,
                0.9978512602341092,
                -0.013127609948941604,
                0,
                0.20039211794928563,
                1.3312382879382412e-7,
                0.9797155157711992,
                0,
                -2.720108032226591,
                -0.000005722045901990214,
                0.000011444091798651357,
                1
            ],
            "name": "index_2_R"
        },
        {
            "children": [
                25
            ],
            "matrix": [
                0.8797569870948794,
                0.44813638925552374,
                0.15874929726123807,
                0,
                -0.06115802758929656,
                -0.22446138961433754,
                0.9725619037141398,
                0,
                0.4714734491143161,
                -0.8653268899255001,
                -0.17006433147662256,
                0,
                -11.76859283447265,
                1.0003585815429688,
                1.0802192687988352,
                1
            ],
            "name": "mid_0_R"
        },
        {
            "children": [
                26
            ],
            "matrix": [
                0.7515389919281003,
                1.9371509546450838e-7,
                -0.6596891880035402,
                0,
                -8.199538018005548e-8,
                1.0000001192093049,
                2.0023428557239265e-7,
                0,
                0.659689121020394,
                -9.639238607306311e-8,
                0.7515389156187328,
                0,
                -5.6088027954101705,
                0,
                0.0000038146972585195726,
                1
            ],
            "name": "mid_1_R"
        },
        {
            "matrix": [
                0.8829410076141356,
                -0.08702652156352994,
                -0.46134665608406067,
                0,
                0.07713192610308789,
                0.9962058685694767,
                -0.04030242921433318,
                0,
                0.46310385847464575,
                1.1127487398177038e-7,
                0.8863039806518714,
                0,
                -2.6442031860351562,
                0.0000019073486328125,
                -0.000011444091795098643,
                1
            ],
            "name": "mid_2_R"
        },
        {
            "children": [
                28
            ],
            "matrix": [
                0.868988692760468,
                0.48436412215232905,
                0.10123983025550837,
                0,
                -0.041740409593305744,
                -0.13211432003396995,
                0.9903550841771935,
                0,
                0.49306779117586363,
                -0.8648333178347365,
                -0.09458831045971675,
                0,
                -11.385353088378906,
                0.9535369873046875,
                -1.4202308654785085,
                1
            ],
            "name": "ring_0_R"
        },
        {
            "children": [
                29
            ],
            "matrix": [
                0.7056021094322206,
                -4.470348355378739e-8,
                -0.7086085677146912,
                0,
                -2.6084019894012656e-7,
                1.0000001192093302,
                -3.2281981045267916e-7,
                0,
                0.7086085384206352,
                4.1261587271912425e-7,
                0.7056020802624263,
                0,
                -5.589179992675781,
                0.0000019073486292597863,
                0.0000038146972585195726,
                1
            ],
            "name": "ring_1_R"
        },
        {
            "matrix": [
                0.9636794328689577,
                -0.08583782613277433,
                -0.2528911232948304,
                0,
                0.08302657073761496,
                0.9963089888132978,
                -0.021788029105209702,
                0,
                0.2538280182110893,
                -7.205714691593812e-9,
                0.9672496134601865,
                0,
                -2.614318847656236,
                0.0000019073486328125,
                -0.0000019073486257070726,
                1
            ],
            "name": "ring_2_R"
        },
        {
            "children": [
                31
            ],
            "matrix": [
                0.9212809801101683,
                0.36351698637008684,
