{
    "animations": {},
    "asset": {},
    "attributes": {
        "attribute_1": {
            "bufferView": "bufferView_31",
            "byteOffset": 0,
            "byteStride": 12,
            "count": 2104,
            "max": [
                1,
                1,
                1
            ],
            "min": [
                0,
                0,
                0
            ],
            "type": "FLOAT_VEC3"
        },
        "attribute_10": {
            "bufferView": "bufferView_31",
            "byteOffset": 143648,
            "byteStride": 16,
            "count": 544,
            "max": [
                1,
                1,
                1
            ],
            "min": [
                0,
                0,
                0
            ],
            "type": "FLOAT_VEC4"
        },
        "attribute_11": {
            "bufferView": "bufferView_31",
            "byteOffset": 152352,
            "byteStride": 12,
            "count": 544,
            "max": [
                1,
                1,
                1
            ],
            "min": [
                0,
                0,
                0
            ],
            "type": "FLOAT_VEC3"
        },
        "attribute_13": {
            "bufferView": "bufferView_31",
            "byteOffset": 158880,
            "byteStride": 12,
            "count": 125,
            "max": [
                1,
                1,
                1
            ],
            "min": [
                0,
                0,
                0
            ],
            "type": "FLOAT_VEC3"
        },
        "attribute_14": {
            "bufferView": "bufferView_31",
            "byteOffset": 160380,
            "byteStride": 12,
            "count": 125,
            "max": [
                1,
                1,
                1
            ],
            "min": [
                0,
                0,
                0
            ],
            "type": "FLOAT_VEC3"
        },
        "attribute_15": {
            "bufferView": "bufferView_31",
            "byteOffset": 161880,
            "byteStride": 8,
            "count": 125,
            "max": [
                1,
                1,
                1
            ],
            "min": [
                0,
                0,
                0
            ],
            "type": "FLOAT_VEC2"
        },
        "attribute_16": {
            "bufferView": "bufferView_31",
            "byteOffset": 162880,
            "byteStride": 16,
            "count": 125,
            "max": [
                1,
                1,
                1
            ],
            "min": [
                0,
                0,
                0
            ],
            "type": "FLOAT_VEC4"
        },
        "attribute_17": {
            "bufferView": "bufferView_31",
            "byteOffset": 164880,
            "byteStride": 12,
            "count": 125,
            "max": [
                1,
                1,
                1
            ],
            "min": [
                0,
                0,
                0
            ],
            "type": "FLOAT_VEC3"
        },
        "attribute_19": {
            "bufferView": "bufferView_31",
            "byteOffset": 166380,
            "byteStride": 12,
            "count": 483,
            "max": [
                1,
                1,
                1
            ],
            "min": [
                0,
                0,
                0
            ],
            "type": "FLOAT_VEC3"
        },
        "attribute_2": {
            "bufferView": "bufferView_31",
            "byteOffset": 25248,
            "byteStride": 12,
            "count": 2104,
            "max": [
                1,
                1,
                1
            ],
            "min": [
                0,
                0,
                0
            ],
            "type": "FLOAT_VEC3"
        },
        "attribute_20": {
            "bufferView": "bufferView_31",
            "byteOffset": 172176,
            "byteStride": 12,
            "count": 483,
            "max": [
                1,
                1,
                1
            ],
            "min": [
                0,
                0,
                0
            ],
            "type": "FLOAT_VEC3"
        },
        "attribute_21": {
            "bufferView": "bufferView_31",
            "byteOffset": 177972,
            "byteStride": 8,
            "count": 483,
            "max": [
                1,
                1,
                1
            ],
            "min": [
                0,
                0,
                0
            ],
            "type": "FLOAT_VEC2"
        },
        "attribute_22": {
            "bufferView": "bufferView_31",
            "byteOffset": 181836,
            "byteStride": 16,
            "count": 483,
            "max": [
                1,
                1,
                1
            ],
            "min": [
                0,
                0,
                0
            ],
            "type": "FLOAT_VEC4"
        },
        "attribute_23": {
            "bufferView": "bufferView_31",
            "byteOffset": 189564,
            "byteStride": 12,
            "count": 483,
            "max": [
                1,
                1,
                1
            ],
            "min": [
                0,
                0,
                0
            ],
            "type": "FLOAT_VEC3"
        },
        "attribute_25": {
            "bufferView": "bufferView_31",
            "byteOffset": 195360,
            "byteStride": 12,
            "count": 150,
            "max": [
                1,
                1,
                1
            ],
            "min": [
                0,
                0,
                0
            ],
            "type": "FLOAT_VEC3"
        },
        "attribute_26": {
            "bufferView": "bufferView_31",
            "byteOffset": 197160,
            "byteStride": 12,
            "count": 150,
            "max": [
                1,
                1,
                1
            ],
            "min": [
                0,
                0,
                0
            ],
            "type": "FLOAT_VEC3"
        },
        "attribute_27": {
            "bufferView": "bufferView_31",
            "byteOffset": 198960,
            "byteStride": 8,
            "count": 150,
            "max": [
                1,
                1,
                1
            ],
            "min": [
                0,
                0,
                0
            ],
            "type": "FLOAT_VEC2"
        },
        "attribute_28": {
            "bufferView": "bufferView_31",
            "byteOffset": 200160,
            "byteStride": 16,
            "count": 150,
            "max": [
                1,
                1,
                1
            ],
            "min": [
                0,
                0,
                0
            ],
            "type": "FLOAT_VEC4"
        },
        "attribute_29": {
            "bufferView": "bufferView_31",
            "byteOffset": 202560,
            "byteStride": 12,
            "count": 150,
            "max": [
                1,
                1,
                1
            ],
            "min": [
                0,
                0,
                0
            ],
            "type": "FLOAT_VEC3"
        },
        "attribute_3": {
            "bufferView": "bufferView_31",
            "byteOffset": 50496,
            "byteStride": 8,
            "count": 2104,
            "max": [
                1,
                1,
                1
            ],
            "min": [
                0,
                0,
                0
            ],
            "type": "FLOAT_VEC2"
        },
        "attribute_4": {
            "bufferView": "bufferView_31",
            "byteOffset": 67328,
            "byteStride": 16,
            "count": 2104,
            "max": [
                1,
                1,
                1
            ],
            "min": [
                0,
                0,
                0
            ],
            "type": "FLOAT_VEC4"
        },
        "attribute_5": {
            "bufferView": "bufferView_31",
            "byteOffset": 100992,
            "byteStride": 12,
            "count": 2104,
            "max": [
                1,
                1,
                1
            ],
            "min": [
                0,
                0,
                0
            ],
            "type": "FLOAT_VEC3"
        },
        "attribute_7": {
            "bufferView": "bufferView_31",
            "byteOffset": 126240,
            "byteStride": 12,
            "count": 544,
            "max": [
                1,
                1,
                1
            ],
            "min": [
                0,
                0,
                0
            ],
            "type": "FLOAT_VEC3"
        },
        "attribute_8": {
            "bufferView": "bufferView_31",
            "byteOffset": 132768,
            "byteStride": 12,
            "count": 544,
            "max": [
                1,
                1,
                1
            ],
            "min": [
                0,
                0,
                0
            ],
            "type": "FLOAT_VEC3"
        },
        "attribute_9": {
            "bufferView": "bufferView_31",
            "byteOffset": 139296,
            "byteStride": 8,
            "count": 544,
            "max": [
                1,
                1,
                1
            ],
            "min": [
                0,
                0,
                0
            ],
            "type": "FLOAT_VEC2"
        }
    },
    "bufferViews": {
        "bufferView_31": {
            "buffer": "axe.bin",
            "byteLength": 204360,
            "byteOffset": 0,
            "target": "ARRAY_BUFFER"
        },
        "bufferView_32": {
            "buffer": "axe.bin",
            "byteLength": 35424,
            "byteOffset": 204360,
            "target": "ELEMENT_ARRAY_BUFFER"
        }
    },
    "buffers": {
        "axe.bin": {
            "byteLength": 239784,
            "path": "axe.bin"
        }
    },
    "cameras": {},
    "images": {
        "image_0": {
            "path": "textures/axe_body_color.png"
        },
        "image_1": {
            "path": "textures/axe_armor_color.png"
        },
        "image_2": {
            "path": "textures/axe_hair_color.png"
        },
        "image_3": {
            "path": "textures/axe_hair_normal.png"
        },
        "image_4": {
            "path": "textures/axe_weapon_color.png"
        },
        "image_5": {
            "path": "textures/axe_belt_color.png"
        }
    },
    "indices": {
        "indices_12": {
            "bufferView": "bufferView_32",
            "byteOffset": 24612,
            "count": 1854,
            "type": "UNSIGNED_SHORT"
        },
        "indices_18": {
            "bufferView": "bufferView_32",
            "byteOffset": 28320,
            "count": 726,
            "type": "UNSIGNED_SHORT"
        },
        "indices_24": {
            "bufferView": "bufferView_32",
            "byteOffset": 29772,
            "count": 1974,
            "type": "UNSIGNED_SHORT"
        },
        "indices_30": {
            "bufferView": "bufferView_32",
            "byteOffset": 33720,
            "count": 852,
            "type": "UNSIGNED_SHORT"
        },
        "indices_6": {
            "bufferView": "bufferView_32",
            "byteOffset": 0,
            "count": 12306,
            "type": "UNSIGNED_SHORT"
        }
    },
    "lights": {},
    "materials": {
        "axe": {
            "instanceTechnique": {
                "technique": "technique_0",
                "values": [
                    {
                        "parameter": "ambient",
                        "value": [
                            0.5879999995231628,
                            0.5879999995231628,
                            0.5879999995231628
                        ]
                    },
                    {
                        "parameter": "emission",
                        "value": [
                            0,
                            0,
                            0
                        ]
                    },
                    {
                        "parameter": "diffuse",
                        "value": "Map #6"
                    },
                    {
                        "parameter": "shininess",
                        "value": 3.999999523162842
                    },
                    {
                        "parameter": "specular",
                        "value": [
                            0.8980392813682556,
                            0.8000000715255737,
                            1
                        ]
                    }
                ]
            },
            "name": "axe"
        },
        "axe_armor": {
            "instanceTechnique": {
                "technique": "technique_0",
                "values": [
                    {
                        "parameter": "ambient",
                        "value": [
                            0.5879999995231628,
                            0.5879999995231628,
                            0.5879999995231628
                        ]
                    },
                    {
                        "parameter": "emission",
                        "value": [
                            0,
                            0,
                            0
                        ]
                    },
                    {
                        "parameter": "diffuse",
                        "value": "Map #8"
                    },
                    {
                        "parameter": "shininess",
                        "value": 2
                    },
                    {
                        "parameter": "specular",
                        "value": [
                            0.8999999761581421,
                            0.8999999761581421,
                            0.8999999761581421
                        ]
                    }
                ]
            },
            "name": "axe_armor"
        },
        "axe_belt": {
            "instanceTechnique": {
                "technique": "technique_0",
                "values": [
                    {
                        "parameter": "ambient",
                        "value": [
                            0.5879999995231628,
                            0.5879999995231628,
                            0.5879999995231628
                        ]
                    },
                    {
                        "parameter": "emission",
                        "value": [
                            0,
                            0,
                            0
                        ]
                    },
                    {
                        "parameter": "diffuse",
                        "value": "Map #10"
                    },
                    {
                        "parameter": "shininess",
                        "value": 2
                    },
                    {
                        "parameter": "specular",
                        "value": [
                            0.8999999761581421,
                            0.8999999761581421,
                            0.8999999761581421
                        ]
                    }
                ]
            },
            "name": "axe_belt"
        },
        "axe_ponytail": {
            "instanceTechnique": {
                "technique": "technique_1",
                "values": [
                    {
                        "parameter": "ambient",
                        "value": [
                            0.5879999995231628,
                            0.5879999995231628,
                            0.5879999995231628
                        ]
                    },
                    {
                        "parameter": "emission",
                        "value": [
                            0,
                            0,
                            0
                        ]
                    },
                    {
                        "parameter": "diffuse",
                        "value": "Map #12"
                    },
                    {
                        "parameter": "normalMap",
                        "value": "Map #13"
                    },
                    {
                        "parameter": "shininess",
                        "value": 2
                    },
                    {
                        "parameter": "specular",
                        "value": [
                            0.8999999761581421,
                            0.8999999761581421,
                            0.8999999761581421
                        ]
                    }
                ]
            },
            "name": "axe_ponytail"
        },
        "axe_weapon": {
            "instanceTechnique": {
                "technique": "technique_0",
                "values": [
                    {
                        "parameter": "ambient",
                        "value": [
                            0.5879999995231628,
                            0.5879999995231628,
                            0.5879999995231628
                        ]
                    },
                    {
                        "parameter": "emission",
                        "value": [
                            0,
                            0,
                            0
                        ]
                    },
                    {
                        "parameter": "diffuse",
                        "value": "Map #14"
                    },
                    {
                        "parameter": "shininess",
                        "value": 2.8284268379211426
                    },
                    {
                        "parameter": "specular",
                        "value": [
                            1,
                            1,
                            1
                        ]
                    }
                ]
            },
            "name": "axe_weapon"
        }
    },
    "meshes": {
        "axe_armor_LOD0-mesh": {
            "name": "axe_armor_LOD0-mesh",
            "primitives": [
                {
                    "indices": "indices_12",
                    "material": "axe_armor",
                    "semantics": {
                        "JOINT": "attribute_10",
                        "NORMAL": "attribute_8",
                        "POSITION": "attribute_7",
                        "TEXCOORD_0": "attribute_9",
                        "WEIGHT": "attribute_11"
                    },
                    "skin": "skin_1"
                }
            ]
        },
        "axe_belt_LOD0-mesh": {
            "name": "axe_belt_LOD0-mesh",
            "primitives": [
                {
                    "indices": "indices_30",
                    "material": "axe_belt",
                    "semantics": {
                        "JOINT": "attribute_28",
                        "NORMAL": "attribute_26",
                        "POSITION": "attribute_25",
                        "TEXCOORD_0": "attribute_27",
                        "WEIGHT": "attribute_29"
                    },
                    "skin": "skin_4"
                }
            ]
        },
        "axe_model_LOD0-mesh": {
            "name": "axe_model_LOD0-mesh",
            "primitives": [
                {
                    "indices": "indices_6",
                    "material": "axe",
                    "semantics": {
                        "JOINT": "attribute_4",
                        "NORMAL": "attribute_2",
                        "POSITION": "attribute_1",
                        "TEXCOORD_0": "attribute_3",
                        "WEIGHT": "attribute_5"
                    },
                    "skin": "skin_0"
                }
            ]
        },
        "axe_ponytail_LOD0-mesh": {
            "name": "axe_ponytail_LOD0-mesh",
            "primitives": [
                {
                    "indices": "indices_18",
                    "material": "axe_ponytail",
                    "semantics": {
                        "JOINT": "attribute_16",
                        "NORMAL": "attribute_14",
                        "POSITION": "attribute_13",
                        "TEXCOORD_0": "attribute_15",
                        "WEIGHT": "attribute_17"
                    },
                    "skin": "skin_2"
                }
            ]
        },
        "axe_weapon_model_LOD0-mesh": {
            "name": "axe_weapon_model_LOD0-mesh",
            "primitives": [
                {
                    "indices": "indices_24",
                    "material": "axe_weapon",
                    "semantics": {
                        "JOINT": "attribute_22",
                        "NORMAL": "attribute_20",
                        "POSITION": "attribute_19",
                        "TEXCOORD_0": "attribute_21",
                        "WEIGHT": "attribute_23"
                    },
                    "skin": "skin_3"
                }
            ]
        }
    },
    "nodes": {
        "ankle_L": {
            "children": [
                "toeBase_L"
            ],
            "matrix": [
                0.3081713914871217,
                -0.47943854331970226,
                0.8216863274574279,
                0,
                0.20144978698010307,
                0.8770235414191614,
                0.43617353241795953,
                0,
                -0.9297567383024683,
                0.031112333974445378,
                0.36685639007763715,
                0,
                34.422271728515625,
                -1.4210854715202004e-14,
                9.536743128535363e-7,
                1
            ],
            "name": "ankle_L"
        },
        "ankle_R": {
            "children": [
                "toeBase_R"
            ],
            "matrix": [
                0.30817145109176625,
                -0.479438841342926,
                0.8216862678527834,
                0,
                0.20144976878975754,
                0.8770235816386738,
                0.4361738978281679,
                0,
                -0.9297569974947029,
                0.031112167517818645,
                0.3668564955025919,
                0,
                -34.42229080200196,
                0.0000152587890625,
                0.00000667572021484375,
                1
            ],
            "name": "ankle_R"
        },
        "axe_1": {
            "children": [
                "chain_top_BC"
            ],
            "matrix": [
                -0.2866494059562684,
                -0.5522421598434448,
                0.7828544974327086,
                0,
                0.9251133042812196,
                0.05282106426083133,
                0.3759998808110375,
                0,
                -0.24899402267698317,
                0.8320086809072094,
                0.49574510146955253,
                0,
                -20.30912780761719,
                -0.157958984375,
                5.708930969238288,
                1
            ],
            "name": "axe_1"
        },
        "axe_armor_LOD0": {
            "children": [],
            "matrix": [
                1,
                0,
                0,
                0,
                0,
                1,
                0,
                0,
                0,
                0,
                1,
                0,
                0,
                0,
                0,
                1
            ],
            "meshes": [
                "axe_armor_LOD0-mesh"
            ],
            "name": "axe_armor_LOD0"
        },
        "axe_belt_LOD0": {
            "children": [],
            "matrix": [
                1,
                0,
                0,
                0,
                0,
                1,
                0,
                0,
                0,
                0,
                1,
                0,
                0,
                0,
                0,
                1
            ],
            "meshes": [
                "axe_belt_LOD0-mesh"
            ],
            "name": "axe_belt_LOD0"
        },
        "axe_model_LOD0": {
            "children": [],
            "matrix": [
                1,
                0,
                0,
                0,
                0,
                1,
                0,
                0,
                0,
                0,
                1,
                0,
                0,
                0,
                0,
                1
            ],
            "meshes": [
                "axe_model_LOD0-mesh"
            ],
            "name": "axe_model_LOD0"
        },
        "axe_ponytail_LOD0": {
            "children": [],
            "matrix": [
                1,
                0,
                0,
                0,
                0,
                1,
                0,
                0,
                0,
                0,
                1,
                0,
                0,
                0,
                0,
                1
            ],
            "meshes": [
                "axe_ponytail_LOD0-mesh"
            ],
            "name": "axe_ponytail_LOD0"
        },
        "axe_weapon_model_LOD0": {
            "children": [],
            "matrix": [
                1,
                0,
                0,
                0,
                0,
                1,
                0,
                0,
                0,
                0,
                1,
                0,
                0,
                0,
                0,
                1
            ],
            "meshes": [
                "axe_weapon_model_LOD0-mesh"
            ],
            "name": "axe_weapon_model_LOD0"
        },
        "bicep_L": {
            "children": [
                "elbow_L"
            ],
            "matrix": [
                0.31893914937973034,
                -0.28436511754989635,
                -0.9041099548339842,
                0,
                -0.9477547082103026,
                -0.10199310196762995,
                -0.3022561565281119,
                0,
                -0.006261870130031773,
                0.9532756049045991,
                -0.3020379142148552,
                0,
                22.909111022949226,
                0.000032424926761365214,
                1.4210854715202004e-14,
                1
            ],
            "name": "bicep_L"
        },
        "bicep_R": {
            "children": [
                "elbow_R",
                "joint5",
                "joint4"
            ],
            "matrix": [
                0.31893908977508517,
                -0.2843643426895139,
                -0.904109835624695,
                0,
                -0.9477545311012257,
                -0.10199290646253481,
                -0.30225622032483235,
                0,
                -0.006261900221758692,
                0.9532757822346442,
                -0.30203720301891834,
                0,
                -22.909111022949226,
                0.0000019073486328125,
                -1.4210854715202004e-14,
                1
            ],
            "name": "bicep_R"
        },
        "chain_bot_R0C0": {
            "children": [
                "chain_bot_R1C0"
            ],
            "matrix": [
                -1.0000004768371582,
                1.862645145900288e-7,
                -8.940696732961939e-8,
                0,
                1.8626441913860425e-7,
                0.9999999999999895,
                7.450580613577173e-8,
                0,
                8.940698115189605e-8,
                7.450582492629643e-8,
                -1.0000004768371844,
                0,
                -27.00987243652343,
                0.00003814697265625,
                -0.000007629394545460855,
                1
            ],
            "name": "chain_bot_R0C0"
        },
        "chain_bot_R1C0": {
            "children": [
                "chain_bot_R2C0"
            ],
            "matrix": [
                0.999999761581421,
                2.235174174913812e-8,
                5.9604644719879474e-8,
                0,
                -2.2351761788663715e-8,
                0.9999999403953553,
                2.6822090144762445e-7,
                0,
                -5.9604638946719746e-8,
                -2.682208548598908e-7,
                0.9999997615814129,
                0,
                17.537109374999993,
                -1.4210854715202004e-14,
                0.000011444091800427714,
                1
            ],
            "name": "chain_bot_R1C0"
        },
        "chain_bot_R2C0": {
            "children": [
                "chain_bot_R3C0"
            ],
            "matrix": [
                0.9999999999999998,
                7.450580610801616e-9,
                -5.960464488641293e-8,
                0,
                -7.450608130454839e-9,
                0.9999999999999999,
                -4.6193599691213283e-7,
                0,
                5.960466264998132e-8,
                4.619361626823082e-7,
                1.0000003576278962,
                0,
                18.394786834716797,
                -0.00000762939455967171,
                -0.000032424926754259786,
                1
            ],
            "name": "chain_bot_R2C0"
        },
        "chain_bot_R3C0": {
            "children": [],
            "matrix": [
                1.0000003576278687,
                4.6938657760620117e-7,
                -2.980232233218416e-8,
                0,
                -4.693864416871474e-7,
                1.0000001192094403,
                8.046627044400179e-7,
                0,
                2.98026824330222e-8,
                -8.046624026813998e-7,
                0.9999997615816641,
                0,
                34.68996047973633,
                0.000045776367173289145,
                0.00003433227538351957,
                1
            ],
            "name": "chain_bot_R3C0"
        },
        "chain_top_BC": {
            "children": [
                "chain_top_R0C0",
                "chain_bot_R0C0"
            ],
            "matrix": [
                0.7148196101188657,
                0.3269493281841278,
                0.6181719899177548,
                0,
                -0.6550625119696895,
                0.003614608006805048,
                0.7555659967905143,
                0,
                0.24479738101867998,
                -0.9450348244258562,
                0.2167560722325414,
                0,
                14.013845443725579,
                6.409767150878906,
                12.119056701660156,
                1
            ],
            "name": "chain_top_BC"
        },
        "chain_top_R0C0": {
            "children": [
                "chain_top_R1C0"
            ],
            "matrix": [
                1.000000476837158,
                -5.289912223815918e-7,
                1.7881393443719418e-7,
                0,
                5.289911921835255e-7,
                1.0000002384185291,
                -5.364418029368823e-7,
                0,
                -1.7881360803162494e-7,
                5.364418975833951e-7,
                1.0000002384185227,
                0,
                18.277481079101577,
                0.00000762939453125,
                0.000007629394517039145,
                1
            ],
            "name": "chain_top_R0C0"
        },
        "chain_top_R1C0": {
            "children": [
                "chain_top_R2C0"
            ],
            "matrix": [
                0.9999998807907109,
                9.46223735823204e-7,
                0.0000010132789611261295,
                0,
                -9.462239662916261e-7,
                0.9999998211860727,
                2.8312206268310547e-7,
                0,
                -0.0000010132788140770899,
                -2.8312307209787946e-7,
                0.9999999999998329,
                0,
                6.109970092773423,
                0.00000762939453125,
                -0.00003051757813210543,
                1
            ],
            "name": "chain_top_R1C0"
        },
        "chain_top_R2C0": {
            "children": [
                "chain_top_R3C0"
            ],
            "matrix": [
                0.9999998807907103,
                7.450580610801616e-9,
                -1.4901161221603232e-7,
                0,
                -7.4505794867008035e-9,
                0.9999998807907104,
                7.450580596923828e-9,
                0,
                1.4901162981306726e-7,
                -7.45058033324586e-9,
                1.0000000000000173,
                0,
                22.787612915039062,
                -0.00000762939453125,
                0.000003814697272730427,
                1
            ],
            "name": "chain_top_R2C0"
        },
        "chain_top_R3C0": {
            "children": [
                "chain_top_R4C0"
            ],
            "matrix": [
                1.0000000000000002,
                7.450580596923828e-9,
                -4.47034835926452e-7,
                0,
                -7.450581512857823e-9,
                1.0000001192092898,
                0,
                0,
                4.4703475593488307e-7,
                3.3306690738754696e-15,
                0.9999998211861267,
                0,
                18.341552734375,
                -0.1477203369140767,
                0.000011444091789769573,
                1
            ],
            "name": "chain_top_R3C0"
        },
        "chain_top_R4C0": {
            "children": [],
            "matrix": [
                1.0000000000000002,
                -0.0000012740492820600968,
                -7.450580596923828e-7,
                0,
                0.0000012740489474249994,
                1.0000002384189228,
                -8.568167686462402e-7,
                0,
                7.450592400815026e-7,
                8.568157172789137e-7,
                1.0000001192094916,
                0,
                53.31529235839844,
                -0.0000762939453125,
                -0.00006103515625,
                1
            ],
            "name": "chain_top_R4C0"
        },
        "clavicle_L": {
            "children": [
                "bicep_L"
            ],
            "matrix": [
                0.19320167601108545,
                0.9646171927452082,
                0.1794066131114959,
                0,
                -0.035233080579959136,
                -0.17591301122342576,
                0.9837753592900844,
                0,
                0.9805266558727432,
                -0.19638811050194604,
                -2.5331973566022903e-7,
                0,
                1.2276229858398438,
                6.463613510131836,
                -6.827201843261719,
                1
            ],
            "name": "clavicle_L"
        },
        "clavicle_R": {
            "children": [
                "bicep_R"
            ],
            "matrix": [
                -0.1932016909122466,
                0.9646170735359192,
                -0.17940749228000644,
                0,
                0.03523368641507968,
                -0.17591376403183986,
                -0.9837751244640525,
                0,
                -0.9805266643694478,
                -0.19638823199227476,
                -1.788139316893922e-7,
                0,
                1.2276229858398438,
                -6.46362066268921,
                -6.827199935913086,
                1
            ],
            "name": "clavicle_R"
        },
        "elbow_L": {
            "children": [
                "wrist_L"
            ],
            "matrix": [
                0.8797907233238217,
                -2.3841857904605135e-7,
                -0.47536128759384155,
                0,
                2.347638922151063e-7,
                0.9999998807907271,
                -6.705522086203342e-8,
                0,
                0.4753611589355022,
                -5.260309687837861e-8,
                0.879790485205145,
                0,
                32.901847839355455,
                -0.0000152587890625,
                0.00000762939453125,
                1
            ],
            "name": "elbow_L"
        },
        "elbow_R": {
            "children": [
                "wrist_R"
            ],
            "matrix": [
                0.8797906637191774,
                5.960464477539063e-8,
                -0.47536134719848616,
                0,
                -2.7492293830366776e-8,
                1.0000000000000036,
                7.450580830070663e-8,
                0,
                0.4753612973429631,
                -5.248073514652063e-8,
                0.8797905714474196,
                0,
                -32.90184020996094,
                0.0000152587890625,
                0.0000019073486328125,
                1
            ],
            "name": "elbow_R"
        },
        "hair_R0C0": {
            "children": [
                "hair_R1C0"
            ],
            "matrix": [
                -0.6779283881187439,
                3.232614744385178e-7,
                0.7351279258728024,
                0,
                1.2630085826365232e-7,
                0.9999999999999997,
                -3.232614743830913e-7,
                0,
                -0.7351279258728305,
                -1.2630084229809082e-7,
                -0.6779283881187137,
                0,
                -2.184923171997072,
                0.0000037375102692749284,
                13.491333007812472,
                1
            ],
            "name": "hair_R0C0"
        },
        "hair_R1C0": {
            "children": [
                "hair_R2C0"
            ],
            "matrix": [
                0.9962408542633057,
                -0.00008835831977194176,
                0.08662554621696461,
                0,
                0.00007325832073299875,
                0.9999999999999983,
                0.00017749253441351004,
                0,
                -0.08662555160675928,
                -0.00017047925180410715,
                0.9962407423595194,
                0,
                6.499359130859361,
                8.741480996832252e-7,
                0.0000152587890625,
                1
            ],
            "name": "hair_R1C0"
        },
        "hair_R2C0": {
            "children": [
                "hair_R3C0"
            ],
            "matrix": [
                0.8419695496559143,
                4.662888386521489e-8,
                0.53952556848526,
                0,
                -5.5392380635441813e-8,
                1.0000000000000002,
                1.8189893784736812e-11,
                0,
                -0.5395255240588462,
                -2.99009185266661e-8,
                0.8419694803252129,
                0,
                12.220436096191406,
                -0.0000015636906027793884,
                -0.000022888183607960855,
                1
            ],
            "name": "hair_R2C0"
        },
        "hair_R3C0": {
            "children": [
                "hair_R4C0"
            ],
            "matrix": [
                0.8863277435302735,
                2.1526830096262422e-7,
                0.46305844187736517,
                0,
                -2.2074593411719657e-8,
                0.9999999999999996,
                -4.2263126788322583e-7,
                0,
                -0.4630584663404656,
                3.643680104272384e-7,
