{
    "accessors": [
        {
            "bufferView": 0,
            "byteOffset": 0,
            "componentType": 5126,
            "count": 2495,
            "max": [
                76.59506225585938,
                32.12722396850586,
                165.01678466796875
            ],
            "min": [
                -78.13284301757812,
                -48.5196647644043,
                -0.2889818847179413
            ],
            "type": "VEC3"
        },
        {
            "bufferView": 0,
            "byteOffset": 29940,
            "componentType": 5126,
            "count": 2495,
            "max": [
                0.9955989122390747,
                0.9999935626983643,
                0.9998525381088257
            ],
            "min": [
                -0.9954347610473633,
                -0.999556839466095,
                -0.9999570250511169
            ],
            "type": "VEC3"
        },
        {
            "bufferView": 0,
            "byteOffset": 59880,
            "componentType": 5126,
            "count": 2495,
            "max": [
                0.9946478009223938,
                0.9877143502235413
            ],
            "min": [
                0.004918217658996582,
                0.0072103142738342285
            ],
            "type": "VEC2"
        },
        {
            "bufferView": 0,
            "byteOffset": 79840,
            "componentType": 5123,
            "count": 2495,
            "max": [
                42,
                42,
                36,
                0
            ],
            "min": [
                0,
                0,
                0,
                0
            ],
            "type": "VEC4"
        },
        {
            "bufferView": 0,
            "byteOffset": 99800,
            "componentType": 5126,
            "count": 2495,
            "max": [
                1,
                0.9998897314071655,
                0.9997377991676331,
                0
            ],
            "min": [
                0.00011027800792362541,
                0,
                0,
                0
            ],
            "type": "VEC4"
        },
        {
            "bufferView": 2,
            "byteOffset": 0,
            "componentType": 5123,
            "count": 12306,
            "max": [
                2494
            ],
            "min": [
                0
            ],
            "type": "SCALAR"
        },
        {
            "bufferView": 1,
            "byteOffset": 0,
            "componentType": 5126,
            "count": 43,
            "max": [
                0.999999999999841,
                1.0000000596046155,
                0.991113154899453,
                0,
                0.8896093484464143,
                0.9683459477682907,
                0.9988713392770157,
                0,
                0.9988713392770422,
                0.99999999999969,
                1.0000000596033607,
                0,
                96.62307440192684,
                96.54799988677429,
                121.00383589202335,
                1
            ],
            "min": [
                -0.6018186965442883,
                -0.9911132219353125,
                -0.6284008879816673,
                0,
                -0.9999999999999822,
                -0.9683458227005725,
                -0.9999999999996693,
                0,
                -0.9460129673725564,
                -0.8809706980808668,
                -0.9575984173479486,
                0,
                -123.47401176203917,
                -148.55397905584655,
                -147.50715637206014,
                1
            ],
            "type": "MAT4"
        },
        {
            "bufferView": 0,
            "byteOffset": 139720,
            "componentType": 5126,
            "count": 584,
            "max": [
                31.964670181274414,
                31.56557273864746,
                161.46246337890625
            ],
            "min": [
                -62.916595458984375,
                -29.765249252319336,
                104.01810455322266
            ],
            "type": "VEC3"
        },
        {
            "bufferView": 0,
            "byteOffset": 146728,
            "componentType": 5126,
            "count": 584,
            "max": [
                0.9996337294578552,
                0.9985699653625488,
                0.9884229898452759
            ],
            "min": [
                -0.9996328353881836,
                -0.9961813688278198,
                -0.999794602394104
            ],
            "type": "VEC3"
        },
        {
            "bufferView": 0,
            "byteOffset": 153736,
            "componentType": 5126,
            "count": 584,
            "max": [
                0.986015796661377,
                0.986855149269104
            ],
            "min": [
                0.01096200942993164,
                0.022883236408233643
            ],
            "type": "VEC2"
        },
        {
            "bufferView": 0,
            "byteOffset": 158408,
            "componentType": 5123,
            "count": 584,
            "max": [
                4,
                9,
                11,
                0
            ],
            "min": [
                0,
                0,
                0,
                0
            ],
            "type": "VEC4"
        },
        {
            "bufferView": 0,
            "byteOffset": 163080,
            "componentType": 5126,
            "count": 584,
            "max": [
                1,
                0.9997798800468445,
                0.7002903819084167,
                0
            ],
            "min": [
                0.00022013459238223732,
                0,
                0,
                0
            ],
            "type": "VEC4"
        },
        {
            "bufferView": 2,
            "byteOffset": 24612,
            "componentType": 5123,
            "count": 1854,
            "max": [
                583
            ],
            "min": [
                0
            ],
            "type": "SCALAR"
        },
        {
            "bufferView": 1,
            "byteOffset": 2752,
            "componentType": 5126,
            "count": 12,
            "max": [
                0.9975600067628784,
                0.9999999999999994,
                0.9207915061895872,
                0,
                0.5057506864569443,
                0.9683460119558368,
                0.9963565343552624,
                0,
                0.9963565343553585,
                0.9925055244995998,
                1.0000001192093029,
                0,
                34.98277080493062,
                19.99642383492383,
                121.0038433422318,
                1
            ],
            "min": [
                1.4815189373176569e-8,
                -0.8369187855535092,
                -0.19638815786625163,
                0,
                -1.0000001192093024,
                -0.968346072543197,
                -0.990459309739974,
                0,
                -0.22725426177423672,
                -0.1770889684138283,
                -0.957598500398735,
                0,
                -123.47404650720237,
                -148.55398041174158,
                -147.5071892150864,
                1
            ],
            "type": "MAT4"
        },
        {
            "bufferView": 0,
            "byteOffset": 172424,
            "componentType": 5126,
            "count": 165,
            "max": [
                8.686294555664062,
                45.8453369140625,
                183.96461486816406
            ],
            "min": [
                -8.675786018371582,
                -12.866735458374023,
                161.39663696289062
            ],
            "type": "VEC3"
        },
        {
            "bufferView": 0,
            "byteOffset": 174404,
            "componentType": 5126,
            "count": 165,
            "max": [
                0.9953338503837585,
                0.9193708300590515,
                0.9982181787490845
            ],
            "min": [
                -0.9952248334884644,
                -0.9741467237472534,
                -0.9995014071464539
            ],
            "type": "VEC3"
        },
        {
            "bufferView": 0,
            "byteOffset": 176384,
            "componentType": 5126,
            "count": 165,
            "max": [
                0.9760416746139526,
                0.9926580190658569
            ],
            "min": [
                0.006478115916252136,
                0.007793843746185303
            ],
            "type": "VEC2"
        },
        {
            "bufferView": 0,
            "byteOffset": 177704,
            "componentType": 5123,
            "count": 165,
            "max": [
                6,
                6,
                6,
                0
            ],
            "min": [
                0,
                0,
                0,
                0
            ],
            "type": "VEC4"
        },
        {
            "bufferView": 0,
            "byteOffset": 179024,
            "componentType": 5126,
            "count": 165,
            "max": [
                1,
                0.9997930526733398,
                0.9982245564460754,
                0
            ],
            "min": [
                0.000206966491532512,
                0,
                0,
                0
            ],
            "type": "VEC4"
        },
        {
            "bufferView": 2,
            "byteOffset": 28320,
            "componentType": 5123,
            "count": 726,
            "max": [
                164
            ],
            "min": [
                0
            ],
            "type": "SCALAR"
        },
        {
            "bufferView": 1,
            "byteOffset": 3520,
            "componentType": 5126,
            "count": 7,
            "max": [
                4.2383269401180127e-7,
                1.0000000228358632,
                0.0000300029797292939,
                0,
                0.9857115872947498,
                0.0001800918497784974,
                0.7351282874550313,
                0,
                0.735128287455019,
                2.0960840158584465e-7,
                1.0000001192091728,
                0,
                57.83068921982008,
                0.012062214745343134,
                173.4003961483123,
                1
            ],
            "min": [
                -0.00019159569683683216,
                0.9999999631331578,
                -0.00017052841950823564,
                0,
                -1.0000001192091241,
                -5.179501585858282e-8,
                -0.4878864179312381,
                0,
                -0.4878863408740444,
                -0.00006662385273019416,
                -0.9857116180414331,
                0,
                -111.52398103543068,
                -0.000028824253220652814,
                -147.5071892150677,
                1
            ],
            "type": "MAT4"
        },
        {
            "bufferView": 0,
            "byteOffset": 181664,
            "componentType": 5126,
            "count": 573,
            "max": [
                -48.476158142089844,
                48.95842742919922,
                167.63589477539062
            ],
            "min": [
                -76.53719329833984,
                -148.29501342773438,
                12.947664260864258
            ],
            "type": "VEC3"
        },
        {
            "bufferView": 0,
            "byteOffset": 188540,
            "componentType": 5126,
            "count": 573,
            "max": [
                0.999614953994751,
                0.999118983745575,
                0.9893812537193298
            ],
            "min": [
                -0.9992138147354126,
                -0.9900575280189514,
                -0.9965792298316956
            ],
            "type": "VEC3"
        },
        {
            "bufferView": 0,
            "byteOffset": 195416,
            "componentType": 5126,
            "count": 573,
            "max": [
                0.9839348196983337,
                0.9770805835723877
            ],
            "min": [
                0.0193510502576828,
                0.0378568172454834
            ],
            "type": "VEC2"
        },
        {
            "bufferView": 0,
            "byteOffset": 200000,
            "componentType": 5123,
            "count": 573,
            "max": [
                0,
                0,
                0,
                0
            ],
            "min": [
                0,
                0,
                0,
                0
            ],
            "type": "VEC4"
        },
        {
            "bufferView": 0,
            "byteOffset": 204584,
            "componentType": 5126,
            "count": 573,
            "max": [
                1,
                0,
                0,
                0
            ],
            "min": [
                1,
                0,
                0,
                0
            ],
            "type": "VEC4"
        },
        {
            "bufferView": 2,
            "byteOffset": 29772,
            "componentType": 5123,
            "count": 1974,
            "max": [
                572
            ],
            "min": [
                0
            ],
            "type": "SCALAR"
        },
        {
            "bufferView": 1,
            "byteOffset": 3968,
            "componentType": 5126,
            "count": 1,
            "max": [
                0.6193999894568321,
                0.15460227385856695,
                -0.7697024064201994,
                0,
                -0.7774529602036842,
                0.2570801925516884,
                -0.5740004321193168,
                0,
                0.10913343381269058,
                0.9539433175879642,
                0.2794315751537092,
                0,
                7.159131220643513,
                -49.12569993815983,
                -88.26631613044056,
                1
            ],
            "min": [
                0.6193999894568321,
                0.15460227385856695,
                -0.7697024064201994,
                0,
                -0.7774529602036842,
                0.2570801925516884,
                -0.5740004321193168,
                0,
                0.10913343381269058,
                0.9539433175879642,
                0.2794315751537092,
                0,
                7.159131220643513,
                -49.12569993815983,
                -88.26631613044056,
                1
            ],
            "type": "MAT4"
        },
        {
            "bufferView": 0,
            "byteOffset": 213752,
            "componentType": 5126,
            "count": 226,
            "max": [
                25.773521423339844,
                30.873435974121094,
                95.7232894897461
            ],
            "min": [
                -26.05437660217285,
                -18.727012634277344,
                52.5767707824707
            ],
            "type": "VEC3"
        },
        {
            "bufferView": 0,
            "byteOffset": 216464,
            "componentType": 5126,
            "count": 226,
            "max": [
                0.9575384855270386,
                0.9585189819335938,
                0.9884203672409058
            ],
            "min": [
                -0.9482203125953674,
                -0.9997013211250305,
                -0.9981212615966797
            ],
            "type": "VEC3"
        },
        {
            "bufferView": 0,
            "byteOffset": 219176,
            "componentType": 5126,
            "count": 226,
            "max": [
                0.9917028546333313,
                0.9802147150039673
            ],
            "min": [
                0.015739798545837402,
                0.018862247467041016
            ],
            "type": "VEC2"
        },
        {
            "bufferView": 0,
            "byteOffset": 220984,
            "componentType": 5123,
            "count": 226,
            "max": [
                2,
                2,
                3,
                0
            ],
            "min": [
                0,
                0,
                0,
                0
            ],
            "type": "VEC4"
        },
        {
            "bufferView": 0,
            "byteOffset": 222792,
            "componentType": 5126,
            "count": 226,
            "max": [
                1,
                0.9994477033615112,
                0.321805477142334,
                0
            ],
            "min": [
                0.0005523026920855045,
                0,
                0,
                0
            ],
            "type": "VEC4"
        },
        {
            "bufferView": 2,
            "byteOffset": 33720,
            "componentType": 5123,
            "count": 852,
            "max": [
                225
            ],
            "min": [
                0
            ],
            "type": "SCALAR"
        },
        {
            "bufferView": 1,
            "byteOffset": 4032,
            "componentType": 5126,
            "count": 4,
            "max": [
                0.43719569134847464,
                0.9999999999999925,
                0.19922125890758777,
                0,
                0.3867477410996297,
                0.3833192897862995,
                0.9988713392770348,
                0,
                0.9988713392770427,
                0.28964715025152615,
                1,
                0,
                55.010757810949315,
                41.30957041189124,
                30.433787454470433,
                1
            ],
            "min": [
                -3.0989995637077084e-14,
                0.8770238240962678,
                -8.742264317148149e-8,
                0,
                -0.9999999999999732,
                -0.3833191980746206,
                -0.838744495356728,
                0,
                -0.8119643852116973,
                -0.2896470168560886,
                -0.5067724528803476,
                0,
                -99.17255722497647,
                -41.30958451252612,
                -76.5429916381836,
                1
            ],
            "type": "MAT4"
        }
    ],
    "asset": {
        "generator": "ClayGL - fbx2gltf",
        "version": "2.0"
    },
    "bufferViews": [
        {
            "buffer": 0,
            "byteLength": 226408,
            "byteOffset": 0,
            "target": 34962
        },
        {
            "buffer": 0,
            "byteLength": 4288,
            "byteOffset": 226408,
            "target": 34962
        },
        {
            "buffer": 0,
            "byteLength": 35424,
            "byteOffset": 230696,
            "target": 34963
        }
    ],
    "buffers": [
        {
            "byteLength": 266120,
            "uri": "axe.bin"
        }
    ],
    "images": [
        {
            "uri": "textures/axe_body_color.png"
        },
        {
            "uri": "textures/axe_armor_color.png"
        },
        {
            "uri": "textures/axe_hair_color.png"
        },
        {
            "uri": "textures/axe_hair_normal.png"
        },
        {
            "uri": "textures/axe_weapon_color.png"
        },
        {
            "uri": "textures/axe_belt_color.png"
        }
    ],
    "materials": [
        {
            "emissiveFactor": [
                0,
                0,
                0
            ],
            "name": "axe",
            "pbrMetallicRoughness": {
                "baseColorFactor": [
                    1,
                    1,
                    1,
                    1
                ],
                "baseColorTexture": {
                    "index": 0,
                    "texCoord": 0
                },
                "metallicFactor": 0,
                "roughnessFactor": 0.8461538593832816
            }
        },
        {
            "emissiveFactor": [
                0,
                0,
                0
            ],
            "name": "axe_armor",
            "pbrMetallicRoughness": {
                "baseColorFactor": [
                    1,
                    1,
                    1,
                    1
                ],
                "baseColorTexture": {
                    "index": 1,
                    "texCoord": 0
                },
                "metallicFactor": 0,
                "roughnessFactor": 0.9230769230769231
            }
        },
        {
            "emissiveFactor": [
                0,
                0,
                0
            ],
            "name": "axe_ponytail",
            "normalTexture": {
                "index": 3,
                "texCoord": 0
            },
            "pbrMetallicRoughness": {
                "baseColorFactor": [
                    1,
                    1,
                    1,
                    1
                ],
                "baseColorTexture": {
                    "index": 2,
                    "texCoord": 0
                },
                "metallicFactor": 0,
                "roughnessFactor": 0.9230769230769231
            }
        },
        {
            "emissiveFactor": [
                0,
                0,
                0
            ],
            "name": "axe_weapon",
            "pbrMetallicRoughness": {
                "baseColorFactor": [
                    1,
                    1,
                    1,
                    1
                ],
                "baseColorTexture": {
                    "index": 4,
                    "texCoord": 0
                },
                "metallicFactor": 0,
                "roughnessFactor": 0.8846153958692907
            }
        },
        {
            "emissiveFactor": [
                0,
                0,
                0
            ],
            "name": "axe_belt",
            "pbrMetallicRoughness": {
                "baseColorFactor": [
                    1,
                    1,
                    1,
                    1
                ],
                "baseColorTexture": {
                    "index": 5,
                    "texCoord": 0
                },
                "metallicFactor": 0,
                "roughnessFactor": 0.9230769230769231
            }
        }
    ],
    "meshes": [
        {
            "name": "axe_model_LOD0",
            "primitives": [
                {
                    "attributes": {
                        "JOINTS_0": 3,
                        "NORMAL": 1,
                        "POSITION": 0,
                        "TEXCOORD_0": 2,
                        "WEIGHTS_0": 4
                    },
                    "indices": 5,
                    "material": 0
                }
            ]
        },
        {
            "name": "axe_armor_LOD0",
            "primitives": [
                {
                    "attributes": {
                        "JOINTS_0": 10,
                        "NORMAL": 8,
                        "POSITION": 7,
                        "TEXCOORD_0": 9,
                        "WEIGHTS_0": 11
                    },
                    "indices": 12,
                    "material": 1
                }
            ]
        },
        {
            "name": "axe_ponytail_LOD0",
            "primitives": [
                {
                    "attributes": {
                        "JOINTS_0": 17,
                        "NORMAL": 15,
                        "POSITION": 14,
                        "TEXCOORD_0": 16,
                        "WEIGHTS_0": 18
                    },
                    "indices": 19,
                    "material": 2
                }
            ]
        },
        {
            "name": "axe_weapon_model_LOD0",
            "primitives": [
                {
                    "attributes": {
                        "JOINTS_0": 24,
                        "NORMAL": 22,
                        "POSITION": 21,
                        "TEXCOORD_0": 23,
                        "WEIGHTS_0": 25
                    },
                    "indices": 26,
                    "material": 3
                }
            ]
        },
        {
            "name": "axe_belt_LOD0",
            "primitives": [
                {
                    "attributes": {
                        "JOINTS_0": 31,
                        "NORMAL": 29,
                        "POSITION": 28,
                        "TEXCOORD_0": 30,
                        "WEIGHTS_0": 32
                    },
                    "indices": 33,
                    "material": 4
                }
            ]
        }
    ],
    "nodes": [
        {
            "children": [
                1,
                51,
                55
            ],
            "matrix": [
                1.6292068478213574e-7,
                1.469367938527879e-39,
                1.0000000000000002,
                0,
                1.0000000000000002,
                6.123233995736847e-17,
                -1.6292068478213574e-7,
                0,
                -6.123233995736685e-17,
                1,
                9.976014756666736e-24,
                0,
                0,
                76.5429916381836,
                -13.71423053741455,
                1
            ],
            "name": "root"
        },
        {
            "children": [
                2
            ],
            "matrix": [
                0.04749925434589517,
                7.738579554939161e-9,
                0.9988712072372437,
                0,
                -2.502446360843547e-7,
                1.0000000000000002,
                4.152541421831588e-9,
                0,
                -0.9988712072372435,
                -2.501594043714016e-7,
                0.0474992543458971,
                0,
                6.386479854583741,
                0.0000020497891455306667,
                23.09008026123047,
                1
            ],
            "name": "spine1"
        },
        {
            "children": [
                3
            ],
            "matrix": [
                0.9992834329605103,
                6.175812927722293e-8,
                -0.03786076977849005,
                0,
                -4.374899621262613e-8,
                1.0000000000000002,
                4.764953871472239e-7,
                0,
                0.03786076977851935,
                -4.7449757558467705e-7,
                0.9992834329605091,
                0,
                14.015800476074219,
                3.860263859678517e-7,
                1.7763568394002505e-15,
                1
            ],
            "name": "spine2"
        },
        {
            "children": [
                4,
                14,
                26
            ],
            "matrix": [
                0.9913930892944335,
                2.6469779601696886e-23,
                -0.1309145539999008,
                0,
                -1.8472378534456908e-15,
                1,
                -1.3988810110276972e-14,
                0,
                0.13091455399990076,
                1.4110239800683283e-14,
                0.9913930892944334,
                0,
                14.05120849609375,
                6.119580575614236e-7,
                -0.0000057220458984375,
                1
            ],
            "name": "spine3"
        },
        {
            "children": [
                5
            ],
            "matrix": [
                0.5912748575210574,
                -2.8194185119900815e-7,
                -0.806470572948456,
                0,
                9.228218639002378e-8,
                0.9999999999999999,
                -2.8194173751215995e-7,
                0,
                0.806470572948471,
                9.228219294583605e-8,
                0.5912748575210363,
                0,
                13.661483764648438,
                4.2372448660898954e-8,
                0.000003814697272730427,
                1
            ],
            "name": "neck1"
        },
        {
            "children": [
                6,
                7,
                8,
                13
            ],
            "matrix": [
                0.9147285223007203,
                5.4579540886834366e-8,
                -0.40406858921051025,
                0,
                3.135869896555787e-8,
                0.9999999999999994,
                2.0606461248462324e-7,
                0,
                0.40406858921052036,
                -2.0116424372701952e-7,
                0.914728522300716,
                0,
                16.16567993164061,
                -0.0000012922619134769792,
                0,
                1
            ],
            "name": "head"
        },
        {
            "matrix": [
                0.10439339280128469,
                0.7349238991737366,
                -0.6700663566589355,
                0,
                0.8730628532295858,
                0.25494983197192617,
                0.41564647324274734,
                0,
                0.47630180736308897,
                -0.6284007584607348,
                -0.6150196467682694,
                0,
                10.615460395812985,
                9.240795135498047,
                -6.015625000000028,
                1
            ],
            "name": "joint6"
        },
        {
            "matrix": [
                -0.2650164365768434,
                0.3858435750007631,
                0.8836803436279298,
                0,
                0.9628796576414919,
                0.0571645790028583,
                0.26380845955849147,
                0,
                0.05127358677071181,
                0.9207914483712571,
                -0.3866705007948862,
                0,
                10.615448951721191,
                -8.2337703704834,
                -6.0155792236328125,
                1
            ],
            "name": "joint7"
        },
        {
            "children": [
                9
            ],
            "matrix": [
                -0.6779283881187439,
                3.232614744385178e-7,
                0.7351279258728027,
                0,
                1.2630085826365245e-7,
                0.9999999999999999,
                -3.2326147438309135e-7,
                0,
                -0.7351279258728305,
                -1.2630084229809106e-7,
                -0.677928388118714,
                0,
                -2.1849231719970703,
                0.000003737510269274935,
                13.4913330078125,
                1
            ],
            "name": "hair_R0C0"
        },
        {
            "children": [
                10
            ],
            "matrix": [
                0.9962408542633054,
                -0.00008835831977194174,
                0.08662554621696494,
                0,
                0.0000732583207329987,
                0.9999999999999981,
                0.00017749253441351004,
                0,
                -0.08662555160675939,
                -0.00017047925180410718,
                0.9962407423595192,
                0,
                6.499359130859361,
                8.741480996832252e-7,
                0.0000152587890625,
                1
            ],
            "name": "hair_R1C0"
        },
        {
            "children": [
                11
            ],
            "matrix": [
                0.8419695496559143,
                4.662888386519626e-8,
                0.5395255684852605,
                0,
                -5.5392380635441813e-8,
                1.0000000000000002,
                1.8189893859275712e-11,
                0,
                -0.5395255240588464,
                -2.99009185266661e-8,
                0.8419694803252128,
                0,
                12.220436096191392,
                -0.0000015636906027811232,
                -0.000022888183579539145,
                1
            ],
            "name": "hair_R2C0"
        },
        {
            "children": [
                12
            ],
            "matrix": [
                0.8863277435302734,
                2.1526830096260728e-7,
                0.46305844187736517,
                0,
                -2.2074593411709493e-8,
                0.9999999999999997,
                -4.2263126788322244e-7,
                0,
                -0.46305846634046555,
                3.643680104272384e-7,
                0.8863277903542681,
                0,
                14.62118911743164,
                -0.000003904104232788086,
                -0.0000152587890625,
                1
            ],
            "name": "hair_R3C0"
        },
        {
            "matrix": [
                0.9805657267570498,
                1.818989406256362e-11,
                0.19619122147560114,
                0,
                -2.5829262014810672e-11,
                1.0000000000000002,
                3.637978797604944e-11,
                0,
                -0.19619117331478397,
                -4.0740237680809976e-11,
                0.9805654860487942,
                0,
                13.00464820861816,
                4.0140002966100596e-7,
                0.0000152587890625,
                1
            ],
            "name": "hair_R4C0"
        },
        {
            "matrix": [
                -4.01339263983298e-7,
                0.9999999999999998,
                1.4210854699497689e-14,
                0,
                4.013392639832718e-7,
                1.468623500841633e-13,
                0.9999999999999999,
                0,
                1,
                4.0133926398330424e-7,
                -4.0133926398333044e-7,
                0,
                6.999999046325684,
                -0.0000019073449948336861,
                -1.3000335693359375,
                1
            ],
            "name": "jaw"
        },
        {
            "children": [
                15
            ],
            "matrix": [
                0.19320167601108557,
                0.9646171927452086,
                0.17940661311149597,
                0,
                -0.03523308057995922,
                -0.17591301122342579,
                0.9837753592900847,
                0,
                0.9805266558727433,
                -0.19638811050194613,
                -2.5331973574349576e-7,
                0,
                1.227622985839858,
                6.463613510131837,
                -6.827201843261719,
                1
            ],
            "name": "clavicle_L"
        },
        {
            "children": [
                16
            ],
            "matrix": [
                0.31893914937973045,
                -0.2843651175498964,
                -0.9041099548339843,
                0,
                -0.9477547082103028,
                -0.1019931019676299,
                -0.30225615652811194,
                0,
                -0.006261870130031821,
                0.9532756049045991,
                -0.30203791421485526,
                0,
                22.909111022949226,
                0.000032424926761365214,
                0,
                1
            ],
            "name": "bicep_L"
        },
        {
            "children": [
                17
            ],
            "matrix": [
                0.8797907233238216,
                -2.3841857917095144e-7,
                -0.47536128759384155,
                0,
                2.3476389223505562e-7,
                0.9999998807907269,
                -6.705522084815563e-8,
                0,
                0.4753611589355021,
                -5.2603096961645335e-8,
                0.879790485205145,
                0,
                32.90184783935546,
                -0.000015258789076710855,
                0.00000762939453125,
                1
            ],
            "name": "elbow_L"
        },
        {
            "children": [
                18,
                20,
                23
            ],
            "matrix": [
                0.8340321779251098,
                0.5407967567443849,
                -0.10921999812126171,
                0,
                -0.5480872292302726,
                0.7894829334422407,
                -0.2762550457449855,
                0,
                -0.06317052365526166,
                0.2902677543265523,
                0.95485819901425,
                0,
                31.393379211425778,
                0.000022888183579539145,
                0,
                1
            ],
            "name": "wrist_L"
        },
        {
            "children": [
                19
            ],
            "matrix": [
                0.8908894062042236,
                0.0881725996732712,
                -0.4455800950527193,
                0,
                0.44341374113113524,
                0.0438853846173046,
                0.8952421740052889,
                0,
                0.09849030392591367,
                -0.9951383104097627,
                8.195638828353835e-8,
                0,
                2.7737579345702983,
                5.330757141113281,
                -7.654708862304702,
                1
            ],
            "name": "thumb_0_L"
        },
        {
            "matrix": [
                0.9999998211860655,
                -5.960464466436832e-8,
                -1.0430812838815862e-7,
                0,
                5.96046098588765e-8,
                1.0000001192092884,
                -5.06639480661944e-7,
                0,
                1.0430815234122037e-7,
                5.066392931660918e-7,
                0.9999997615814346,
                0,
                13.311307907104496,
                -0.000030517578125,
                -0.000011444091789769573,
                1
            ],
            "name": "thumb_1_L"
        },
        {
            "children": [
                21
            ],
            "matrix": [
                1.0000001192092893,
                -2.9802322387695312e-8,
                3.5762786854132145e-7,
                0,
                -3.576278632677621e-7,
                1.8253923514399695e-7,
                1.0000001192092267,
                0,
                -2.980238768962584e-8,
                -1.000000119209299,
                1.825392244858559e-7,
                0,
                15.9129409790039,
                -3.987110137939453,
                -7.527130126953139,
                1
            ],
            "name": "index_0_L"
        },
        {
            "children": [
                22
            ],
            "matrix": [
                0.8925038576126099,
                2.980232239324643e-7,
                -0.45104002952575695,
                0,
                1.1414797462805382e-7,
                0.9999998807907324,
                8.866190796541495e-7,
                0,
                0.4510399032349237,
                -8.427961190882183e-7,
                0.8925036077117147,
                0,
                7.673419952392571,
                0,
                -0.000019073486335230427,
                1
            ],
            "name": "index_1_L"
        },
        {
            "matrix": [
                1.0000000000000002,
                8.940696710757479e-8,
                4.768371583002695e-7,
                0,
                -8.940655160660782e-8,
                1.000000119209286,
                -8.940696716308594e-7,
                0,
                -4.768372949687238e-7,
                8.940696290538064e-7,
                1.0000001192094556,
                0,
                6.926277160644524,
                -0.00000762939453125,
                0.000011444091789769573,
