{
    "accessors": [
        {
            "bufferView": 0,
            "byteOffset": 0,
            "componentType": 5126,
            "count": 3732,
            "max": [
                82.64442443847656,
                162.86231994628906,
                380.1954650878906
            ],
            "min": [
                -82.63468170166016,
                -117.73799896240234,
                125.90838623046875
            ],
            "type": "VEC3"
        },
        {
            "bufferView": 0,
            "byteOffset": 44784,
            "componentType": 5126,
            "count": 3732,
            "max": [
                0.9989892244338989,
                0.9978424906730652,
                0.9999569058418274
            ],
            "min": [
                -0.9996835589408875,
                -0.9990547299385071,
                -0.9998623132705688
            ],
            "type": "VEC3"
        },
        {
            "bufferView": 0,
            "byteOffset": 89568,
            "componentType": 5126,
            "count": 3732,
            "max": [
                0.9940990209579468,
                0.9904720187187195
            ],
            "min": [
                0.006406679749488831,
                0.012413978576660156
            ],
            "type": "VEC2"
        },
        {
            "bufferView": 0,
            "byteOffset": 119424,
            "componentType": 5123,
            "count": 3732,
            "max": [
                58,
                58,
                58,
                0
            ],
            "min": [
                0,
                0,
                0,
                0
            ],
            "type": "VEC4"
        },
        {
            "bufferView": 0,
            "byteOffset": 149280,
            "componentType": 5126,
            "count": 3732,
            "max": [
                1,
                0.9998970031738281,
                0.9997672438621521,
                0
            ],
            "min": [
                0.00010113245662068948,
                0,
                0,
                0
            ],
            "type": "VEC4"
        },
        {
            "bufferView": 2,
            "byteOffset": 0,
            "componentType": 5123,
            "count": 16806,
            "max": [
                3731
            ],
            "min": [
                0
            ],
            "type": "SCALAR"
        },
        {
            "bufferView": 1,
            "byteOffset": 0,
            "componentType": 5126,
            "count": 59,
            "max": [
                0.9186131490889915,
                0.9999999999999737,
                1.000000119209236,
                0,
                0.9770826357834601,
                1.0000004172326804,
                0.9476840682196314,
                0,
                0.9999998807905051,
                0.8834462066421318,
                0.9999709858465822,
                0,
                341.02116645669247,
                204.20695558222423,
                317.4535790288832,
                1
            ],
            "min": [
                -0.9279091802164112,
                -0.9815590785572164,
                -0.936141856931177,
                0,
                -0.9999709859045876,
                -0.999999999999674,
                -0.9476835754600305,
                0,
                -1.0000001192091716,
                -0.8834427379826991,
                -0.9974474703919641,
                0,
                -341.02089473574057,
                -204.20761025436664,
                -317.4539472306254,
                1
            ],
            "type": "MAT4"
        }
    ],
    "asset": {
        "generator": "ClayGL - fbx2gltf",
        "version": "2.0"
    },
    "bufferViews": [
        {
            "buffer": 0,
            "byteLength": 208992,
            "byteOffset": 0,
            "target": 34962
        },
        {
            "buffer": 0,
            "byteLength": 3776,
            "byteOffset": 208992,
            "target": 34962
        },
        {
            "buffer": 0,
            "byteLength": 33612,
            "byteOffset": 212768,
            "target": 34963
        }
    ],
    "buffers": [
        {
            "byteLength": 246380,
            "uri": "twin_headed_dragon.bin"
        }
    ],
    "images": [
        {
            "uri": "textures/twin_headed_dragon_color.png"
        }
    ],
    "materials": [
        {
            "emissiveFactor": [
                0,
                0,
                0
            ],
            "name": "Material #35",
            "pbrMetallicRoughness": {
                "baseColorFactor": [
                    1,
                    1,
                    1,
                    1
                ],
                "baseColorTexture": {
                    "index": 0,
                    "texCoord": 0
                },
                "metallicFactor": 0,
                "roughnessFactor": 0.9230769230769231
            }
        }
    ],
    "meshes": [
        {
            "name": "twin_headed_dragon_model_LOD0",
            "primitives": [
                {
                    "attributes": {
                        "JOINTS_0": 3,
                        "NORMAL": 1,
                        "POSITION": 0,
                        "TEXCOORD_0": 2,
                        "WEIGHTS_0": 4
                    },
                    "indices": 5,
                    "material": 0
                }
            ]
        }
    ],
    "nodes": [
        {
            "children": [
                1,
                41
            ],
            "matrix": [
                -1.5445399990299428e-7,
                0.31817504763603205,
                0.9480319023132323,
                0,
                1,
                7.775381918323251e-17,
                1.6292067756515534e-7,
                0,
                5.1837294271473554e-8,
                0.9480319023132348,
                -0.3181750476360244,
                0,
                0,
                211.47564697265625,
                -11.865622520446777,
                1
            ],
            "name": "root"
        },
        {
            "children": [
                2
            ],
            "matrix": [
                0.8822477459907531,
                5.883673493107622e-16,
                -0.4707856774330139,
                0,
                -4.489761491010265e-7,
                1,
                -8.413769023718488e-7,
                0,
                0.47078567743301397,
                9.536744161520388e-7,
                0.8822477459907533,
                0,
                20.678592681884766,
                0.0000028610227218450737,
                -2.6881561279296875,
                1
            ],
            "name": "spine1"
        },
        {
            "children": [
                3,
                18,
                22,
                26
            ],
            "matrix": [
                0.9849022626876829,
                7.549516955398772e-15,
                0.17311137914657598,
                0,
                0.0000011556431854695458,
                1,
                -0.000006574932285730027,
                0,
                -0.17311137914657598,
                0.000006675720670871781,
                0.9849022626876831,
                0,
                20.320764541625977,
                0.0000019073486328125,
                -2.842170943040401e-14,
                1
            ],
            "name": "spine2"
        },
        {
            "children": [
                4,
                7
            ],
            "matrix": [
                -0.498980075120926,
                0.6069591045379642,
                0.6185622215270995,
                0,
                -0.3928119675313303,
                0.4778261871979491,
                -0.7857355054334586,
                0,
                -0.7724748275600946,
                -0.6350452357482689,
                -0.000004946719965181687,
                0,
                -3.8503475189208984,
                -12.81007480621338,
                9.747161865234375,
                1
            ],
            "name": "clavicle_R"
        },
        {
            "children": [
                5
            ],
            "matrix": [
                0.45349180698394775,
                -0.7854731082916264,
                -0.42116191983222967,
                0,
                -0.6027936468851339,
                -0.6183823113885651,
                0.5042257765354176,
                0,
                -0.6564946836232649,
                0.025211463920291,
                -0.7539092978971282,
                0,
                -8.32672119140625,
                -0.00001525878903407829,
                5.329070518200751e-15,
                1
            ],
            "name": "bicep_R"
        },
        {
            "children": [
                6
            ],
            "matrix": [
                0.3606339991092682,
                3.948807716092073e-7,
                -0.9327074885368349,
                0,
                -0.0000013261960393959327,
                0.9999999999994261,
                -8.940703352666723e-8,
                0,
                0.9327075638981267,
                0.0000012691962958527592,
                0.3606340282484631,
                0,
                -28.603012084960966,
                -0.000030517578125,
                -0.000030517578125,
                1
            ],
            "name": "elbow_R"
        },
        {
            "matrix": [
                0.7156763672828674,
                0.1141942515969276,
                0.6890335679054258,
                0,
                -0.6979570644780195,
                0.15332342958090303,
                0.6995344560599626,
                0,
                -0.025762164840596312,
                -0.9815556975377477,
                0.18943255729073444,
                0,
                -22.086219787597656,
                0,
                0.00003051757815342171,
                1
            ],
            "name": "wrist_R"
        },
        {
            "children": [
                8
            ],
            "matrix": [
                -0.4278753399848939,
                0.7529063820838929,
                -0.5000548958778382,
                0,
                0.899954964448453,
                0.30366714150417196,
                -0.3128368681246308,
                0,
                -0.08368665480929477,
                -0.5838822143806536,
                -0.8075137210783186,
                0,
                7.172164916992216,
                -3.190505981445284,
                4.0634317398071325,
                1
            ],
            "name": "bicep_A_R"
        },
        {
            "children": [
                9
            ],
            "matrix": [
                0.650556206703186,
                -5.662441252829442e-7,
                -0.7594582438468933,
                0,
                8.008179412932748e-7,
                1.0000003576280614,
                -5.960465376819712e-8,
                0,
                0.7594582193276067,
                -5.694113878740303e-7,
                0.6505561857002515,
                0,
                -41.32885742187503,
                0.00003051757813210543,
                0.00000762939455967171,
                1
            ],
            "name": "elbow_A_R"
        },
        {
            "children": [
                10,
                12,
                14,
                16
            ],
            "matrix": [
                0.9178831577301023,
                0.027189731597900335,
                0.39591848850250255,
                0,
                0.004785348543250745,
                0.9968193164673934,
                -0.07955082021351467,
                0,
                -0.3968221480008637,
                0.07491296327585206,
                0.9148335160339749,
                0,
                -48.87248229980466,
                0.0000038146972514141453,
                0.000030517578125,
                1
            ],
            "name": "wrist_A_R"
        },
        {
            "children": [
                11
            ],
            "matrix": [
                0.9876484870910643,
                0.07389280200004583,
                0.13816598057746884,
                0,
                -0.07578519002695806,
                0.9970877125155144,
                0.008479101379008425,
                0,
                -0.13713710735054216,
                -0.01884531366654696,
                0.9903725146978253,
                0,
                -12.96685791015625,
                1.4811859130859375,
                0.99444580078125,
                1
            ],
            "name": "Index_0_A_R"
        },
        {
            "matrix": [
                0.757007122039795,
                -0.019397333264350947,
                0.6531190276145935,
                0,
                0.01468680735926694,
                0.9998127228985869,
                0.012671017788650318,
                0,
                -0.6532420773735027,
                1.8263162859799564e-7,
                0.7571497500792296,
                0,
                -33.9873046875,
                0.00001525878909092171,
                -0.00006484985350851957,
                1
            ],
            "name": "Index_1_A_R"
        },
        {
            "children": [
                13
            ],
            "matrix": [
                0.7115087509155272,
                0.02829745411872847,
                0.7021070122718812,
                0,
                0.015040830683748133,
                0.9983464491786748,
                -0.05547921443871151,
                0,
                -0.7025159109585594,
                0.050034215541925886,
                0.709906565058965,
                0,
                -11.271575927734432,
                1.3920478820800852,
                -3.1827087402343714,
                1
            ],
            "name": "Mid_0_A_R"
        },
        {
            "matrix": [
                0.9647734165191647,
                0.08386625349521626,
                0.24935626983642578,
                0,
                -0.0811980245008771,
                0.9964769455938627,
                -0.020986408773392973,
                0,
                -0.2502378326453685,
                -1.0721485443898615e-7,
                0.968184268611739,
                0,
                -39.83576965332031,
                0.000011444091796875,
                0.00007629394525565658,
                1
            ],
            "name": "Mid_1_A_R"
        },
        {
            "children": [
                15
            ],
            "matrix": [
                0.9259890317916869,
                0.03263479471206665,
                -0.376136779785156,
                0,
                -0.03240007366939653,
                0.9994509219440667,
                0.006951627588293874,
                0,
                0.3761571667934552,
                0.005749729247181479,
                0.9265380857284633,
                0,
                -12.163604736328125,
                -0.1728210449218679,
                5.0472106933593714,
                1
            ],
            "name": "Thumb_0_A_R"
        },
        {
            "matrix": [
                0.8905782699584963,
                0.003578424453735324,
                0.45481646060943615,
                0,
                -0.0031870097002075215,
                0.9999939201077193,
                -0.001627296231003994,
                0,
                -0.4548193878184813,
                -2.6980958117706066e-7,
                0.8905840038632387,
                0,
                -34.93743896484375,
                0.000030517578139210855,
                -0.00003814697265625,
                1
            ],
            "name": "Thumb_1_A_R"
        },
        {
            "children": [
                17
            ],
            "matrix": [
                0.28112348914146357,
                0.004052899777889085,
                0.9596632719039914,
                0,
                0.04184717323421478,
                0.9989881859343186,
                -0.016477677962837556,
                0,
                -0.9587585934873109,
                0.04479143601751956,
                0.28066930738115675,
                0,
                -6.2779541015625,
                1.0939788818359517,
                -4.463346481323239,
                1
            ],
            "name": "Ring_0_A_R"
        },
        {
            "matrix": [
                0.9808028340339657,
                0.09994871169328673,
                0.16743960976600644,
                0,
                -0.09852337217283508,
                0.994992907273215,
                -0.016819536214589037,
                0,
                -0.16828225343272196,
                -6.620302027415814e-8,
                0.9857387862525413,
                0,
                -34.65262603759764,
                0.00004577636719460543,
                -0.0001220703125,
                1
            ],
            "name": "Ring_1_A_R"
        },
        {
            "children": [
                19
            ],
            "matrix": [
                0.9360165596008304,
                -0.24661706387996682,
                0.2511027455329895,
                0,
                0.23819284939875596,
                0.9691129719648209,
                0.0639074824297458,
                0,
                -0.25910766950990294,
                -0.000007583388214641407,
                0.9658484564679901,
                0,
                9.423913955688477,
                -10.873307228088379,
                6.370086669921847,
                1
            ],
            "name": "neck11"
        },
        {
            "children": [
                20
            ],
            "matrix": [
                0.9798583388328552,
                0.025224000215530396,
                0.1980942487716676,
                0,
                -0.03461328662370719,
                0.9984284636115753,
                0.04407880493989381,
                0,
                -0.19667102262978073,
                -0.05004765977496675,
                0.9791911926484435,
                0,
                17.83493041992186,
                0.000002861022947442393,
                -0.00004577636721592171,
                1
            ],
            "name": "neck21"
        },
        {
            "children": [
                21
            ],
            "matrix": [
                -0.8605030179023738,
                0.014089696109294697,
                0.5092506408691405,
                0,
                -0.03437113962143279,
                0.9957342775707867,
                -0.08562789960390554,
                0,
                -0.5082848023895385,
                -0.09118659311515918,
                -0.8563480927183296,
                0,
                22.436721801757812,
                3.552713678800501e-15,
                -0.00006103515622157829,
                1
            ],
            "name": "head2"
        },
        {
            "matrix": [
                -0.995342075824738,
                -0.0005513961659743272,
                0.09640437364578251,
                0,
                0.003448363351228556,
                0.9991396068546718,
                0.041317864885860825,
                0,
                -0.09634425967585308,
                0.041457867875769126,
                -0.9944842965572165,
                0,
                -3.225288391113274,
                -0.02317070960998535,
                2.594223022460909,
                1
            ],
            "name": "jaw_R3_0"
        },
        {
            "children": [
                23
            ],
            "matrix": [
                0.937437415122986,
                0.24075800180435195,
                0.25148826837539673,
                0,
                -0.23253768830809715,
                0.9705853173581683,
                -0.06237528391647537,
                0,
                -0.25910817319892404,
                -0.0000075756425064504044,
                0.9658483140645521,
                0,
                9.42391395568847,
                9.871008872985838,
                6.3701934814453125,
                1
            ],
            "name": "neck1"
        },
        {
            "children": [
                24
            ],
            "matrix": [
                0.9894667267799377,
                -0.030260261148214368,
                0.14156264066696161,
                0,
                0.034875219702905275,
                0.9989344497810272,
                -0.03023292123316581,
                0,
                -0.14049690949885021,
                0.03485148962917917,
                0.9894675013278282,
                0,
                17.807907104492188,
                0.000008583068849432607,
                2.842170943040401e-14,
                1
            ],
            "name": "neck2"
        },
        {
            "children": [
                25
            ],
            "matrix": [
                0.8799379467964171,
                0.0731545761227608,
                -0.46942222118377686,
                0,
                -0.02752748885229711,
                0.9942638900554187,
                0.10334506808749343,
                0,
                0.4742901005642363,
                -0.07801529328663873,
                0.8769049759230052,
                0,
                25.327224731445312,
                9.536743128535363e-7,
                -0.00001525878909092171,
                1
            ],
            "name": "head3"
        },
        {
            "matrix": [
                0.9408875703811648,
                -0.0029561989940702915,
                -0.3387064039707185,
                0,
                0.006631903519399462,
                0.999931275688249,
                0.009695357748018624,
                0,
                0.3386543281441412,
                -0.011368505187149824,
                0.9408421329930164,
                0,
                4.345619201660156,
                0.01937878131866455,
                -4.2388458251953125,
                1
            ],
            "name": "jaw_L2_0"
        },
        {
            "children": [
                27,
                30
            ],
            "matrix": [
                0.49895781278610213,
                0.6070145964622493,
                -0.6185257434844971,
                0,
                0.3927666227230244,
                0.47781635067980444,
                0.7857643427454404,
                0,
                0.7725123563394465,
                -0.6349997038257144,
                -0.000004871748795431952,
                0,
                -3.850347518920895,
                12.809678077697752,
                9.747360229492188,
                1
            ],
            "name": "clavicle_L"
        },
        {
            "children": [
                28
            ],
            "matrix": [
                0.4534783363342284,
                -0.7854805588722228,
                -0.42116302251815796,
                0,
                -0.6028326404688575,
                -0.6183713029514518,
                0.5041921593102545,
                0,
                -0.65646819957382,
                0.02525059277820929,
                -0.7539312326799891,
                0,
                8.327072143554673,
                2.842170943040401e-14,
                -0.000030517578121447286,
                1
            ],
            "name": "bicep_L"
        },
        {
            "children": [
                29
            ],
            "matrix": [
                0.3606370687484741,
                0.0000010207295417785645,
                -0.9327061176300051,
                0,
                -9.323302148367407e-7,
                1.000000119209235,
                7.338826397140785e-7,
                0,
                0.9327061511628503,
                6.049247606026986e-7,
                0.36063708171483533,
                0,
                28.603042602539062,
                0.00002288818359375,
                -0.000015258789048289145,
                1
            ],
            "name": "elbow_L"
        },
        {
            "matrix": [
                0.715676188468933,
                0.11418996751308437,
                0.6890341639518736,
                0,
                -0.6979571298014909,
                0.15330499543547285,
                0.6995377459343844,
                0,
                -0.02575219100983768,
                -0.9815589726289448,
                0.18941646718178715,
                0,
                22.086196899414062,
                0.000007629394538355427,
                0.00001525878909092171,
                1
            ],
            "name": "wrist_L"
        },
        {
            "children": [
                31
            ],
            "matrix": [
                -0.4278258979320524,
                0.7529392242431642,
                -0.5000479221343995,
                0,
                0.8999807148732528,
                0.30364761000992224,
                -0.3127837445467477,
                0,
                -0.08366876306789922,
                -0.5838502602460466,
                -0.807538798705191,
                0,
                -7.1721649169921875,
                3.1906127929687784,
                -4.063355445861816,
                1
            ],
            "name": "bicep_A_L"
        },
        {
            "children": [
                32
            ],
            "matrix": [
                0.6505558490753174,
                -1.4901161204949886e-7,
                -0.7594581842422486,
                0,
                7.509208204414808e-7,
                0.9999998211857994,
                4.4703494367359653e-7,
                0,
                0.7594582284799766,
                -8.611143644254859e-7,
                0.6505558869697553,
                0,
                41.32879638671878,
                -0.000026702880866480427,
                0.00000762939453125,
                1
            ],
            "name": "elbow_A_L"
        },
        {
            "children": [
                33,
                35,
                37,
                39
            ],
            "matrix": [
                0.9178832173347478,
                0.02718973159790042,
                0.3959184587001801,
                0,
                0.004785481217921994,
                0.9968196756187409,
                -0.0795511591750058,
                0,
                -0.39682218713810036,
                0.07491331594314571,
                0.9148337111526628,
                0,
                48.87257385253906,
                0.000007629394517039145,
                0.00000762939453125,
                1
            ],
            "name": "wrist_A_L"
        },
        {
            "children": [
                34
            ],
            "matrix": [
                0.9876484870910645,
                0.0738930106163025,
                0.1381654143333436,
                0,
                -0.07578549222400863,
                0.9970875975167859,
                0.008479852323792336,
                0,
                -0.13713647663271272,
                -0.01884605514194221,
                0.9903724899911828,
                0,
                12.966979980468807,
                -1.4812965393066477,
                -0.9944458007812464,
                1
            ],
            "name": "Index_0_A_L"
        },
        {
            "matrix": [
                0.7570074200630191,
                -0.019397675991058294,
                0.6531185507774352,
                0,
                0.014686901938121723,
                0.9998124848325802,
                0.012671428300191467,
                0,
                -0.6532414903966205,
                -7.71367594243344e-8,
                0.7571499128884915,
                0,
                33.987274169921875,
                0.000015258789019867436,
                -0.00006103515625710543,
                1
            ],
            "name": "Index_1_A_L"
        },
        {
            "children": [
                36
            ],
            "matrix": [
                0.9259887337684631,
                0.03263536095619196,
                -0.37613770365715027,
                0,
                -0.0324001820812237,
                0.9994504454581798,
                0.006952832541559095,
                0,
                0.37615796953998104,
                0.005748686491457489,
                0.9265374063313233,
                0,
                12.163543701171875,
                0.17277145385742188,
                -5.047235488891598,
                1
            ],
            "name": "Thumb_0_A_L"
        },
        {
            "matrix": [
                0.8905779123306277,
                0.003578275442123389,
                0.4548168182373048,
                0,
                -0.0031868493743040516,
                0.9999936220254427,
                -0.0016272814188407203,
                0,
                -0.454819709677561,
                -2.1180384285335307e-7,
                0.8905835757331588,
                0,
                34.93743896484375,
                -0.00003051757809657829,
                1.4210854715202004e-14,
                1
            ],
            "name": "Thumb_1_A_L"
        },
        {
            "children": [
                38
            ],
            "matrix": [
                0.7115087509155276,
                0.02829699218273174,
                0.7021068334579466,
                0,
                0.01504081689959326,
                0.9983461512943261,
                -0.055478545753461284,
                0,
                -0.702515799208676,
                0.05003375022284717,
                0.7099066842856955,
                0,
                11.271514892578125,
                -1.3921165466308452,
                3.182741165161133,
                1
            ],
            "name": "Mid_0_A_L"
        },
        {
            "matrix": [
                0.9647738933563232,
                0.08386641740798956,
                0.24935549497604373,
                0,
                -0.08119814707371284,
                0.9964770280107609,
                -0.020986527220909046,
                0,
                -0.25023707454810123,
                4.9420239067732297e-8,
                0.9681847699099788,
                0,
                39.835708618164034,
                0.00003433227539773043,
                -0.00006103515622157829,
                1
            ],
            "name": "Mid_1_A_L"
        },
        {
            "children": [
                40
            ],
            "matrix": [
                0.2811245024204253,
                0.004052855074405726,
                0.9596625566482545,
                0,
                0.04184518921150612,
                0.9989877523701743,
                -0.016477104861174152,
                0,
                -0.9587582612414418,
                0.04478939511752841,
                0.2806704422713194,
                0,
                6.27777099609375,
                -1.094024658203125,
                4.463380813598633,
                1
            ],
            "name": "Ring_0_A_L"
        },
        {
            "matrix": [
                0.980802834033966,
                0.09994906932115533,
                0.16743904352188124,
                0,
                -0.09852381112006264,
                0.9949929610293824,
                -0.01681917914942438,
                0,
                -0.16828167282690862,
                -4.341220432718673e-7,
                0.9857389384402079,
                0,
                34.652587890625,
                0,
                0.000030517578125,
                1
            ],
            "name": "Ring_1_A_L"
        },
        {
            "children": [
                42,
                43,
                47,
                48,
                55
            ],
            "matrix": [
                -0.9924311637878419,
                -5.59989189265772e-7,
                -0.12280189990997314,
                0,
                -5.164391533222183e-7,
                1.0000000000000002,
                -3.864669792844209e-7,
                0,
                0.12280189991015095,
                -3.2012216480084297e-7,
                -0.99243116378782,
                0,
                -27.40098571777343,
                -0.0000038146970382513237,
                7.436126708984375,
                1
            ],
            "name": "spine1_1"
        },
        {
            "matrix": [
                0.3686276078224181,
                -0.9279090762138367,
                -0.055664166808128385,
                0,
                0.9175072900665727,
                0.37280664085097115,
                -0.1385478066728554,
                0,
                0.14931178083024083,
                2.677009941994686e-7,
                0.9887904434947439,
                0,
                0.3560142517089844,
                -18.270000457763672,
                -5.1939544677734375,
                1
            ],
            "name": "buttfin_R5_0"
        },
        {
            "children": [
                44
            ],
            "matrix": [
                -0.1301892995834349,
                0.23693352937698348,
                -0.9627631902694704,
                0,
                -0.009744829096838964,
                0.9706750128600102,
                0.24019834938321905,
                0,
                0.9914413783347297,
                0.040653224324206774,
                -0.12406264376426152,
                0,
                3.104137420654297,
                -13.053009033203125,
                4.807327270507841,
                1
            ],
            "name": "thigh_R"
        },
        {
            "children": [
                45
            ],
            "matrix": [
                0.5655782222747803,
                3.4272670752788503e-7,
                -0.8246945738792417,
                0,
                1.9796213340111946e-7,
                0.9999999403954103,
                5.513432159848231e-7,
                0,
                0.8246945159493763,
                -4.750860081448316e-7,
                0.5655781825460925,
                0,
                -23.200164794921875,
                -7.105427357601002e-15,
                -0.000019073486342335855,
                1
            ],
            "name": "knee_R"
        },
        {
            "children": [
                46
            ],
            "matrix": [
                0.30051329731941234,
                -0.32416090369224543,
                0.8970015048980715,
                0,
                0.09847546448080591,
                0.9459916266342654,
                0.3088738564272042,
                0,
                -0.9486811886821778,
                -0.00448806333314325,
                0.3162051076849769,
                0,
                -20.868461608886705,
                -0.000003814697265625,
                -0.000030517578125,
                1
            ],
            "name": "ankle_R"
        },
        {
            "matrix": [
                0.9734754562377926,
                0.09302510321140284,
                0.20902708172798162,
                0,
                -0.08856378865021117,
                0.9955995669136651,
                -0.03062319893692048,
                0,
                -0.21095593173025157,
                0.011298698703698484,
                0.9774300898483006,
                0,
                -21.381103515625,
                0.00001716613769442432,
                0,
                1
            ],
            "name": "toeBall_R"
        },
        {
            "matrix": [
                0.39090064167976396,
                0.9186129570007322,
                -0.05784940719604492,
                0,
                -0.9087162144695076,
                0.39515811881083057,
                0.13448049063602502,
                0,
                0.1463952086858754,
                1.8423349430317474e-7,
                0.9892262172971604,
                0,
                0.35600662231446023,
                18.26953697204589,
                -5.193969726562472,
                1
            ],
            "name": "buttfin_L4_0"
        },
        {
            "children": [
                49,
                52
            ],
            "matrix": [
                0.999627947807312,
                2.786242703223253e-7,
                0.02727553248405462,
                0,
                -2.7872797167535055e-7,
                1,
                6.948317145445432e-23,
                0,
                -0.02727553248405251,
                -7.602453845645156e-9,
                0.9996279478073122,
                0,
                18.149059295654304,
                0.000011444091796875,
                0.0000152587890625,
                1
            ],
            "name": "spine1_2"
        },
        {
            "children": [
                50
            ],
            "matrix": [
                0.9716193675994875,
                -0.23383413255214697,
                -0.03575390577316273,
                0,
                0.11603217021146,
                0.3394046067640341,
                0.9334566759482732,
                0,
                -0.2061388539399196,
                -0.9111125792689553,
                0.35690413262474546,
                0,
                19.04983520507811,
                -6.45600175857544,
                0.683685302734375,
                1
            ],
            "name": "tail_R1_0"
        },
        {
            "children": [
                51
            ],
            "matrix": [
                0.9910447597503663,
                -4.172325133722232e-7,
                -0.13352704048156738,
                0,
                4.069487823388229e-7,
                0.9999997615814253,
                -1.0430812959205671e-7,
                0,
                0.13352707415729073,
                4.9035382851392306e-8,
                0.9910450096932132,
                0,
                40.88783264160159,
                -0.0000152587890625,
                0.00003051757813210543,
                1
            ],
            "name": "tail_R1_1"
        },
        {
            "matrix": [
                0.9901849627494813,
                0.1384299397468567,
                -0.019265294075012318,
                0,
                -0.1384037865174913,
                0.9903726947102709,
                0.002693146456184653,
                0,
                0.019452625758719172,
                -3.234749158947947e-7,
                0.9998109895787589,
                0,
                35.88230895996094,
                0.00001525878909092171,
                -0.000034332275376414145,
                1
            ],
            "name": "tail_R1_2"
        },
        {
            "children": [
                53
            ],
            "matrix": [
                0.9716190695762635,
                0.23383468389511103,
                -0.03575426340103138,
