{
    "animations": {},
    "asset": {},
    "attributes": {
        "attribute_1": {
            "bufferView": "bufferView_7",
            "byteOffset": 0,
            "byteStride": 12,
            "count": 2820,
            "max": [
                1,
                1,
                1
            ],
            "min": [
                0,
                0,
                0
            ],
            "type": "FLOAT_VEC3"
        },
        "attribute_2": {
            "bufferView": "bufferView_7",
            "byteOffset": 33840,
            "byteStride": 12,
            "count": 2820,
            "max": [
                1,
                1,
                1
            ],
            "min": [
                0,
                0,
                0
            ],
            "type": "FLOAT_VEC3"
        },
        "attribute_3": {
            "bufferView": "bufferView_7",
            "byteOffset": 67680,
            "byteStride": 8,
            "count": 2820,
            "max": [
                1,
                1,
                1
            ],
            "min": [
                0,
                0,
                0
            ],
            "type": "FLOAT_VEC2"
        },
        "attribute_4": {
            "bufferView": "bufferView_7",
            "byteOffset": 90240,
            "byteStride": 16,
            "count": 2820,
            "max": [
                1,
                1,
                1
            ],
            "min": [
                0,
                0,
                0
            ],
            "type": "FLOAT_VEC4"
        },
        "attribute_5": {
            "bufferView": "bufferView_7",
            "byteOffset": 135360,
            "byteStride": 12,
            "count": 2820,
            "max": [
                1,
                1,
                1
            ],
            "min": [
                0,
                0,
                0
            ],
            "type": "FLOAT_VEC3"
        }
    },
    "bufferViews": {
        "bufferView_7": {
            "buffer": "twin_headed_dragon.bin",
            "byteLength": 169200,
            "byteOffset": 0,
            "target": "ARRAY_BUFFER"
        },
        "bufferView_8": {
            "buffer": "twin_headed_dragon.bin",
            "byteLength": 33612,
            "byteOffset": 169200,
            "target": "ELEMENT_ARRAY_BUFFER"
        }
    },
    "buffers": {
        "twin_headed_dragon.bin": {
            "byteLength": 202812,
            "path": "twin_headed_dragon.bin"
        }
    },
    "cameras": {},
    "images": {
        "image_0": {
            "path": "textures/twin_headed_dragon_color.png"
        }
    },
    "indices": {
        "indices_6": {
            "bufferView": "bufferView_8",
            "byteOffset": 0,
            "count": 16806,
            "type": "UNSIGNED_SHORT"
        }
    },
    "lights": {},
    "materials": {
        "Material #35": {
            "instanceTechnique": {
                "technique": "technique_0",
                "values": [
                    {
                        "parameter": "ambient",
                        "value": [
                            0.5879999995231628,
                            0.5879999995231628,
                            0.5879999995231628
                        ]
                    },
                    {
                        "parameter": "emission",
                        "value": [
                            0,
                            0,
                            0
                        ]
                    },
                    {
                        "parameter": "diffuse",
                        "value": "Map #3"
                    },
                    {
                        "parameter": "shininess",
                        "value": 2
                    },
                    {
                        "parameter": "specular",
                        "value": [
                            0.8999999761581421,
                            0.8999999761581421,
                            0.8999999761581421
                        ]
                    }
                ]
            },
            "name": "Material #35"
        }
    },
    "meshes": {
        "twin_headed_dragon_model_LOD0-mesh": {
            "name": "twin_headed_dragon_model_LOD0-mesh",
            "primitives": [
                {
                    "indices": "indices_6",
                    "material": "Material #35",
                    "semantics": {
                        "JOINT": "attribute_4",
                        "NORMAL": "attribute_2",
                        "POSITION": "attribute_1",
                        "TEXCOORD_0": "attribute_3",
                        "WEIGHT": "attribute_5"
                    },
                    "skin": "skin_0"
                }
            ]
        }
    },
    "nodes": {
        "Index_0_A_L": {
            "children": [
                "Index_1_A_L"
            ],
            "matrix": [
                0.9876484870910648,
                0.07389301061630238,
                0.13816541433334353,
                0,
                -0.07578549222400854,
                0.9970875975167863,
                0.008479852323792317,
                0,
                -0.13713647663271278,
                -0.018846055141942285,
                0.9903724899911827,
                0,
                12.96697998046875,
                -1.4812965393066264,
                -0.9944458007812536,
                1
            ],
            "name": "Index_0_A_L"
        },
        "Index_0_A_R": {
            "children": [
                "Index_1_A_R"
            ],
            "matrix": [
                0.9876484870910645,
                0.07389280200004578,
                0.13816598057746887,
                0,
                -0.07578519002695816,
                0.9970877125155146,
                0.008479101379008617,
                0,
                -0.13713710735054221,
                -0.018845313666547056,
                0.9903725146978256,
                0,
                -12.966857910156193,
                1.4811859130859446,
                0.99444580078125,
                1
            ],
            "name": "Index_0_A_R"
        },
        "Index_1_A_L": {
            "children": [],
            "matrix": [
                0.7570074200630189,
                -0.019397675991058433,
                0.6531185507774351,
                0,
                0.014686901938121777,
                0.9998124848325802,
                0.01267142830019162,
                0,
                -0.6532414903966205,
                -7.71367593133121e-8,
                0.7571499128884915,
                0,
                33.987274169921875,
                0.0000152587890625,
                -0.00006103515626421085,
                1
            ],
            "name": "Index_1_A_L"
        },
        "Index_1_A_R": {
            "children": [],
            "matrix": [
                0.7570071220397948,
                -0.019397333264350836,
                0.6531190276145933,
                0,
                0.014686807359266973,
                0.9998127228985866,
                0.012671017788650277,
                0,
                -0.6532420773735028,
                1.8263162859799564e-7,
                0.7571497500792295,
                0,
                -33.9873046875,
                0.0000152587890625,
                -0.00006484985352273043,
                1
            ],
            "name": "Index_1_A_R"
        },
        "Mid_0_A_L": {
            "children": [
                "Mid_1_A_L"
            ],
            "matrix": [
                0.7115087509155275,
                0.02829699218273149,
                0.7021068334579468,
                0,
                0.015040816899593468,
                0.9983461512943261,
                -0.055478545753461256,
                0,
                -0.7025157992086761,
                0.05003375022284717,
                0.7099066842856954,
                0,
                11.271514892578182,
                -1.3921165466308523,
                3.182741165161133,
                1
            ],
            "name": "Mid_0_A_L"
        },
        "Mid_0_A_R": {
            "children": [
                "Mid_1_A_R"
            ],
            "matrix": [
                0.7115087509155272,
                0.028297454118728388,
                0.7021070122718812,
                0,
                0.015040830683748063,
                0.9983464491786748,
                -0.05547921443871148,
                0,
                -0.7025159109585595,
                0.050034215541925914,
                0.7099065650589652,
                0,
                -11.271575927734318,
                1.3920478820800923,
                -3.182708740234375,
                1
            ],
            "name": "Mid_0_A_R"
        },
        "Mid_1_A_L": {
            "children": [],
            "matrix": [
                0.9647738933563232,
                0.08386641740798953,
                0.24935549497604376,
                0,
                -0.08119814707371298,
                0.9964770280107611,
                -0.020986527220909046,
                0,
                -0.25023707454810135,
                4.942023912324345e-8,
                0.968184769909979,
                0,
                39.83570861816409,
                0.000034332275390625,
                -0.00006103515625,
                1
            ],
            "name": "Mid_1_A_L"
        },
        "Mid_1_A_R": {
            "children": [],
            "matrix": [
                0.9647734165191652,
                0.0838662534952164,
                0.24935626983642573,
                0,
                -0.08119802450087715,
                0.9964769455938634,
                -0.020986408773393028,
                0,
                -0.25023783264536836,
                -1.07214854383475e-7,
                0.968184268611739,
                0,
                -39.835769653320284,
                0.000011444091796875,
                0.0000762939453125,
                1
            ],
            "name": "Mid_1_A_R"
        },
        "Ring_0_A_L": {
            "children": [
                "Ring_1_A_L"
            ],
            "matrix": [
                0.28112450242042525,
                0.004052855074405559,
                0.9596625566482545,
                0,
                0.04184518921150626,
                0.9989877523701746,
                -0.016477104861174166,
                0,
                -0.9587582612414418,
                0.04478939511752844,
                0.28067044227131926,
                0,
                6.277770996093807,
                -1.094024658203125,
                4.463380813598629,
                1
            ],
            "name": "Ring_0_A_L"
        },
        "Ring_0_A_R": {
            "children": [
                "Ring_1_A_R"
            ],
            "matrix": [
                0.2811234891414637,
                0.004052899777889141,
                0.9596632719039916,
                0,
                0.04184717323421466,
                0.9989881859343184,
                -0.016477677962837504,
                0,
                -0.9587585934873111,
                0.044791436017519504,
                0.2806693073811568,
                0,
                -6.277954101562443,
                1.0939788818359375,
                -4.463346481323239,
                1
            ],
            "name": "Ring_0_A_R"
        },
        "Ring_1_A_L": {
            "children": [],
            "matrix": [
                0.9808028340339662,
                0.09994906932115556,
                0.1674390435218811,
                0,
                -0.09852381112006278,
                0.9949929610293827,
                -0.016819179149424268,
                0,
                -0.1682816728269087,
                -4.3412204325798953e-7,
                0.9857389384402081,
                0,
                34.652587890624986,
                7.105427357601002e-15,
                0.000030517578125,
                1
            ],
            "name": "Ring_1_A_L"
        },
        "Ring_1_A_R": {
            "children": [],
            "matrix": [
                0.980802834033966,
                0.09994871169328695,
                0.16743960976600644,
                0,
                -0.09852337217283529,
                0.994992907273215,
                -0.016819536214589148,
                0,
                -0.16828225343272188,
                -6.620302028803593e-8,
                0.9857387862525411,
                0,
                -34.652626037597656,
                0.00004577636719460543,
                -0.00012207031244315658,
                1
            ],
            "name": "Ring_1_A_R"
        },
        "Thumb_0_A_L": {
            "children": [
                "Thumb_1_A_L"
            ],
            "matrix": [
                0.925988733768463,
                0.03263536095619196,
                -0.37613770365715027,
                0,
                -0.03240018208122353,
                0.99945044545818,
                0.006952832541559069,
                0,
                0.37615796953998104,
                0.005748686491457267,
                0.9265374063313235,
                0,
                12.163543701171932,
                0.17277145385743609,
                -5.047235488891605,
                1
            ],
            "name": "Thumb_0_A_L"
        },
        "Thumb_0_A_R": {
            "children": [
                "Thumb_1_A_R"
            ],
            "matrix": [
                0.925989031791687,
                0.032634794712066484,
                -0.3761367797851562,
                0,
                -0.032400073669396734,
                0.9994509219440666,
                0.006951627588293933,
                0,
                0.3761571667934551,
                0.005749729247181576,
                0.9265380857284636,
                0,
                -12.163604736328068,
                -0.1728210449218608,
                5.047210693359375,
                1
            ],
            "name": "Thumb_0_A_R"
        },
        "Thumb_1_A_L": {
            "children": [],
            "matrix": [
                0.8905779123306277,
                0.003578275442123413,
                0.4548168182373047,
                0,
                -0.0031868493743041904,
                0.9999936220254432,
                -0.0016272814188407758,
                0,
                -0.4548197096775612,
                -2.1180384265906405e-7,
                0.8905835757331588,
                0,
                34.93743896484375,
                -0.000030517578139210855,
                -1.4210854715202004e-14,
                1
            ],
            "name": "Thumb_1_A_L"
        },
        "Thumb_1_A_R": {
            "children": [],
            "matrix": [
                0.8905782699584962,
                0.0035784244537353516,
                0.4548164606094361,
                0,
                -0.003187009700207466,
                0.9999939201077189,
                -0.0016272962310042854,
                0,
                -0.4548193878184812,
                -2.6980958119093845e-7,
                0.8905840038632384,
                0,
                -34.93743896484375,
                0.000030517578110789145,
                -0.00003814697265625,
                1
            ],
            "name": "Thumb_1_A_R"
        },
        "ankle_L": {
            "children": [
                "toeBall_L"
            ],
            "matrix": [
                0.3005125522613525,
                -0.32416135072708135,
                0.8970015048980713,
                0,
                0.0984739343827766,
                0.9459912086734283,
                0.3088747712395653,
                0,
                -0.9486805867632415,
                -0.00448947748662315,
                0.3162036047588647,
                0,
                20.868453979492216,
                0.000011444091789769573,
                -0.00004577636715907829,
                1
            ],
            "name": "ankle_L"
        },
        "ankle_R": {
            "children": [
                "toeBall_R"
            ],
            "matrix": [
                0.30051329731941206,
                -0.32416090369224526,
                0.8970015048980715,
                0,
                0.09847546448080585,
                0.9459916266342653,
                0.3088738564272042,
                0,
                -0.948681188682178,
                -0.004488063333143222,
                0.31620510768497706,
                0,
                -20.868461608886705,
                -0.000003814697265625,
                -0.000030517578125,
                1
            ],
            "name": "ankle_R"
        },
        "bicep_A_L": {
            "children": [
                "elbow_A_L"
            ],
            "matrix": [
                -0.42782589793205245,
                0.7529392242431642,
                -0.5000479221343994,
                0,
                0.8999807148732526,
                0.30364761000992235,
                -0.3127837445467475,
                0,
                -0.08366876306789917,
                -0.5838502602460467,
                -0.807538798705191,
                0,
                -7.172164916992202,
                3.1906127929687784,
                -4.063355445861816,
                1
            ],
            "name": "bicep_A_L"
        },
        "bicep_A_R": {
            "children": [
                "elbow_A_R"
            ],
            "matrix": [
                -0.42787533998489385,
                0.7529063820838927,
                -0.5000548958778382,
                0,
                0.8999549644484529,
                0.30366714150417184,
                -0.3128368681246308,
                0,
                -0.08368665480929477,
                -0.5838822143806535,
                -0.8075137210783185,
                0,
                7.172164916992173,
                -3.1905059814453125,
                4.063431739807131,
                1
            ],
            "name": "bicep_A_R"
        },
        "bicep_L": {
            "children": [
                "elbow_L"
            ],
            "matrix": [
                0.4534783363342285,
                -0.7854805588722226,
                -0.42116302251815796,
                0,
                -0.6028326404688577,
                -0.6183713029514519,
                0.5041921593102544,
                0,
                -0.6564681995738201,
                0.025250592778209124,
                -0.7539312326799887,
                0,
                8.327072143554673,
                2.842170943040401e-14,
                -0.000030517578123223643,
                1
            ],
            "name": "bicep_L"
        },
        "bicep_R": {
            "children": [
                "elbow_R"
            ],
            "matrix": [
                0.45349180698394775,
                -0.7854731082916263,
                -0.42116191983222984,
                0,
                -0.6027936468851338,
                -0.6183823113885651,
                0.5042257765354178,
                0,
                -0.6564946836232648,
                0.02521146392029089,
                -0.7539092978971281,
                0,
                -8.326721191406264,
                -0.00001525878903407829,
                -1.7763568394002505e-15,
                1
            ],
            "name": "bicep_R"
        },
        "buttfin_L4_0": {
            "children": [],
            "matrix": [
                0.3909006416797639,
                0.9186129570007321,
                -0.05784940719604488,
                0,
                -0.9087162144695076,
                0.3951581188108305,
                0.13448049063602496,
                0,
                0.1463952086858754,
                1.8423349430019205e-7,
                0.9892262172971604,
                0,
                0.35600662231446023,
                18.2695369720459,
                -5.193969726562472,
                1
            ],
            "name": "buttfin_L4_0"
        },
        "buttfin_R5_0": {
            "children": [],
            "matrix": [
                0.3686276078224181,
                -0.9279090762138363,
                -0.05566416680812837,
                0,
                0.917507290066573,
                0.3728066408509711,
                -0.13854780667285532,
                0,
                0.14931178083024077,
                2.6770099420493475e-7,
                0.9887904434947439,
                0,
                0.3560142517089844,
                -18.270000457763672,
                -5.1939544677734375,
                1
            ],
            "name": "buttfin_R5_0"
        },
        "clavicle_L": {
            "children": [
                "bicep_L",
                "bicep_A_L"
            ],
            "matrix": [
                0.49895781278610213,
                0.6070145964622494,
                -0.6185257434844971,
                0,
                0.3927666227230242,
                0.4778163506798045,
                0.7857643427454403,
                0,
                0.7725123563394461,
                -0.6349997038257145,
                -0.000004871748795545576,
                0,
                -3.8503475189208984,
                12.809678077697754,
                9.747360229492188,
                1
            ],
            "name": "clavicle_L"
        },
        "clavicle_R": {
            "children": [
                "bicep_R",
                "bicep_A_R"
            ],
            "matrix": [
                -0.4989800751209259,
                0.606959104537964,
                0.6185622215270995,
                0,
                -0.3928119675313303,
                0.47782618719794917,
                -0.7857355054334588,
                0,
                -0.7724748275600942,
                -0.6350452357482689,
                -0.000004946719965216381,
                0,
                -3.8503475189208984,
                -12.810074806213379,
                9.747161865234347,
                1
            ],
            "name": "clavicle_R"
        },
        "elbow_A_L": {
            "children": [
                "wrist_A_L"
            ],
            "matrix": [
                0.6505558490753175,
                -1.4901161193847656e-7,
                -0.7594581842422488,
                0,
                7.509208204137252e-7,
                0.9999998211857997,
                4.4703494378461883e-7,
                0,
                0.7594582284799763,
                -8.61114364356097e-7,
                0.6505558869697553,
                0,
                41.32879638671878,
                -0.000026702880866480427,
                0.00000762939453125,
                1
            ],
            "name": "elbow_A_L"
        },
        "elbow_A_R": {
            "children": [
                "wrist_A_R"
            ],
            "matrix": [
                0.650556206703186,
                -5.662441254772332e-7,
                -0.7594582438468933,
                0,
                8.008179414042971e-7,
                1.0000003576280612,
                -5.960465396248615e-8,
                0,
                0.7594582193276066,
                -5.694113879434193e-7,
                0.6505561857002518,
                0,
                -41.32885742187503,
                0.00003051757813210543,
                0.000007629394545460855,
                1
            ],
            "name": "elbow_A_R"
        },
        "elbow_L": {
            "children": [
                "wrist_L"
            ],
            "matrix": [
                0.3606370687484742,
                0.0000010207295417785645,
                -0.9327061176300051,
                0,
                -9.323302148644963e-7,
                1.0000001192092351,
                7.338826396932618e-7,
                0,
                0.9327061511628507,
                6.049247606582098e-7,
                0.3606370817148357,
                0,
                28.603042602539062,
                0.00002288818359375,
                -0.00001525878903407829,
                1
            ],
            "name": "elbow_L"
        },
        "elbow_R": {
            "children": [
                "wrist_R"
            ],
            "matrix": [
                0.360633999109268,
                3.9488077166471847e-7,
                -0.9327074885368345,
                0,
                -0.0000013261960394583827,
                0.9999999999994262,
                -8.940703360299507e-8,
                0,
                0.9327075638981264,
                0.0000012691962958388814,
                0.36063402824846297,
                0,
                -28.60301208496091,
                -0.000030517578117894573,
                -0.000030517578125,
                1
            ],
            "name": "elbow_R"
        },
        "head2": {
            "children": [
                "jaw_R3_0"
            ],
            "matrix": [
                -0.860503017902374,
                0.014089696109294739,
                0.5092506408691405,
                0,
                -0.03437113962143282,
                0.9957342775707868,
                -0.08562789960390553,
                0,
                -0.5082848023895388,
                -0.09118659311515917,
                -0.8563480927183297,
                0,
                22.436721801757784,
                0,
                -0.00006103515622157829,
                1
            ],
            "name": "head2"
        },
        "head3": {
            "children": [
                "jaw_L2_0"
            ],
            "matrix": [
                0.8799379467964171,
                0.07315457612276084,
                -0.469422221183777,
                0,
                -0.027527488852297024,
                0.9942638900554187,
                0.10334506808749343,
                0,
                0.4742901005642364,
                -0.07801529328663875,
                0.8769049759230055,
                0,
                25.327224731445312,
                9.536743146298932e-7,
                -0.0000152587890625,
                1
            ],
            "name": "head3"
        },
        "jaw_L2_0": {
            "children": [],
            "matrix": [
                0.9408875703811646,
                -0.0029561989940703284,
                -0.33870640397071844,
                0,
                0.0066319035193994945,
                0.9999312756882489,
                0.00969535774801861,
                0,
                0.33865432814414126,
                -0.011368505187149823,
                0.9408421329930167,
                0,
                4.345619201660163,
                0.019378781318664107,
                -4.2388458251953125,
                1
            ],
            "name": "jaw_L2_0"
        },
        "jaw_R3_0": {
            "children": [],
            "matrix": [
                -0.9953420758247375,
                -0.0005513961659742766,
                0.09640437364578247,
                0,
                0.00344836335122851,
                0.9991396068546714,
                0.041317864885860825,
                0,
                -0.09634425967585304,
                0.041457867875769105,
                -0.9944842965572163,
                0,
                -3.225288391113274,
                -0.023170709609988904,
                2.594223022460966,
                1
            ],
            "name": "jaw_R3_0"
        },
        "knee_L": {
            "children": [
                "ankle_L"
            ],
            "matrix": [
                0.5655770301818847,
                -1.4901161138336505e-8,
                -0.8246953487396239,
                0,
                -2.4525463171443107e-7,
                1.000000119209313,
                -1.8626459998005718e-7,
                0,
                0.8246952908100247,
                3.076072751240222e-7,
                0.5655769904536925,
                0,
                23.200119018554716,
                0.000007629394524144573,
                0.000003814697265625,
                1
            ],
            "name": "knee_L"
        },
        "knee_R": {
            "children": [
                "ankle_R"
            ],
            "matrix": [
                0.5655782222747803,
                3.427267074584961e-7,
                -0.8246945738792419,
                0,
                1.979621334635695e-7,
                0.9999999403954106,
                5.513432159848231e-7,
                0,
                0.8246945159493765,
                -4.7508600821422053e-7,
                0.5655781825460926,
                0,
                -23.200164794921847,
                0,
                -0.000019073486331677714,
                1
            ],
            "name": "knee_R"
        },
        "neck1": {
            "children": [
                "neck2"
            ],
            "matrix": [
                0.9374374151229856,
                0.24075800180435186,
                0.25148826837539673,
                0,
                -0.23253768830809712,
                0.9705853173581683,
                -0.06237528391647537,
                0,
                -0.259108173198924,
                -0.000007575642506448104,
                0.965848314064552,
                0,
                9.42391395568847,
                9.871008872985842,
                6.3701934814453125,
                1
            ],
            "name": "neck1"
        },
        "neck11": {
            "children": [
                "neck21"
            ],
            "matrix": [
                0.9360165596008303,
                -0.24661706387996676,
                0.25110274553298956,
                0,
                0.2381928493987559,
                0.9691129719648209,
                0.0639074824297458,
                0,
                -0.25910766950990277,
                -0.000007583388214651061,
                0.96584845646799,
                0,
                9.423913955688477,
                -10.873307228088377,
                6.370086669921875,
                1
            ],
            "name": "neck11"
        },
        "neck2": {
            "children": [
                "head3"
            ],
            "matrix": [
                0.9894667267799376,
                -0.03026026114821429,
                0.14156264066696178,
                0,
                0.034875219702905275,
                0.9989344497810273,
                -0.030232921233165864,
                0,
                -0.14049690949885035,
                0.034851489629179166,
                0.9894675013278288,
                0,
                17.8079071044922,
                0.00000858306884765625,
                0,
                1
            ],
            "name": "neck2"
        },
        "neck21": {
            "children": [
                "head2"
            ],
            "matrix": [
                0.9798583388328554,
                0.02522400021553039,
                0.19809424877166762,
                0,
                -0.034613286623707176,
                0.998428463611575,
                0.0440788049398938,
                0,
                -0.1966710226297808,
                -0.05004765977496673,
                0.9791911926484432,
                0,
                17.83493041992186,
                0.000002861022947442393,
                -0.0000457763671875,
                1
            ],
            "name": "neck21"
        },
        "root": {
            "children": [
                "spine1",
                "spine1_1"
            ],
            "matrix": [
                -1.5445399986791044e-7,
                -0.9480319023132323,
                0.3181750476360321,
                0,
                1.0000000000000002,
                -1.6292067755424375e-7,
                1.469557337450021e-23,
                0,
                5.183729434171488e-8,
                0.31817504763602444,
                0.9480319023132349,
                0,
                0,
                11.865622520446777,
                211.47564697265625,
                1
            ],
            "name": "root"
        },
        "spine1": {
            "children": [
                "spine2"
            ],
            "matrix": [
                0.8822477459907536,
                5.883673217450633e-16,
                -0.4707856774330139,
                0,
                -4.489761491010264e-7,
                1.0000000000000004,
                -8.413769023718492e-7,
                0,
                0.47078567743301397,
                9.536744161520386e-7,
                0.8822477459907534,
                0,
                20.678592681884766,
                0.000002861022721845075,
                -2.688156127929659,
                1
            ],
            "name": "spine1"
        },
        "spine1_1": {
            "children": [
                "buttfin_R5_0",
                "thigh_R",
                "buttfin_L4_0",
                "spine1_2",
                "thigh_L"
            ],
            "matrix": [
                -0.9924311637878422,
                -5.599891892657723e-7,
                -0.12280189990997326,
                0,
                -5.164391533222183e-7,
                1.0000000000000007,
                -3.8646697928442106e-7,
                0,
                0.12280189991015117,
                -3.201221648008429e-7,
                -0.9924311637878203,
                0,
                -27.40098571777343,
                -0.0000038146970382513254,
                7.436126708984375,
                1
            ],
            "name": "spine1_1"
        },
        "spine1_2": {
            "children": [
                "tail_R1_0",
                "tail_L0_0"
            ],
            "matrix": [
                0.9996279478073121,
                2.786242703223254e-7,
                0.02727553248405462,
                0,
                -2.787279716753505e-7,
                1,
                -5.293955920339377e-23,
                0,
                -0.027275532484052567,
                -7.602453845645024e-9,
                0.9996279478073122,
                0,
                18.14905929565431,
                0.000011444091796875014,
                0.0000152587890625,
                1
            ],
            "name": "spine1_2"
        },
        "spine2": {
            "children": [
                "clavicle_R",
                "neck11",
                "neck1",
                "clavicle_L"
            ],
            "matrix": [
                0.9849022626876832,
                7.549517143168771e-15,
                0.17311137914657596,
                0,
                0.0000011556431854695454,
                1,
                -0.000006574932285730026,
                0,
                -0.17311137914657598,
                0.000006675720670871782,
                0.9849022626876831,
                0,
                20.32076454162598,
                0.000001907348632812527,
                0,
                1
            ],
            "name": "spine2"
        },
        "tail_L0_0": {
            "children": [
                "tail_L0_1"
            ],
            "matrix": [
                0.9716190695762633,
                0.23383468389511106,
                -0.03575426340103155,
                0,
                -0.11602913835283041,
                0.3393886962366813,
                -0.9334628034057469,
                0,
                -0.20614132404482816,
                0.9111185198804056,
                0.35688805764050635,
                0,
                19.049842834472656,
                6.456107616424563,
                0.683746337890625,
                1
            ],
            "name": "tail_L0_0"
        },
        "tail_L0_1": {
            "children": [
                "tail_L0_2"
            ],
            "matrix": [
                0.9910440444946289,
                -2.980232227667301e-8,
                -0.1335336863994599,
                0,
                5.617289139392412e-8,
                0.9999998807907107,
                1.9371509410448517e-7,
                0,
                0.13353370137824133,
                -1.9948120949520032e-7,
                0.9910441556623689,
                0,
                40.88785552978517,
                0.0000152587890625,
                7.105427357601002e-15,
                1
            ],
            "name": "tail_L0_1"
        },
        "tail_L0_2": {
            "children": [],
            "matrix": [
                0.9901858568191528,
                -0.13842549920082092,
                -0.019256025552749634,
                0,
                0.13839933254146253,
                0.9903730529169958,
                -0.0026912391223826437,
                0,
                0.019443178476759027,
                -1.9416753582746082e-7,
                0.9998110546901678,
                0,
                35.88226318359375,
                -0.000091552734375,
                -0.000003814697272730427,
                1
            ],
            "name": "tail_L0_2"
        },
        "tail_R1_0": {
            "children": [
                "tail_R1_1"
            ],
            "matrix": [
                0.9716193675994875,
                -0.23383413255214697,
                -0.03575390577316273,
                0,
                0.11603217021146,
                0.339404606764034,
                0.9334566759482732,
                0,
                -0.20613885393991963,
                -0.9111125792689555,
                0.3569041326247455,
                0,
                19.04983520507814,
                -6.45600175857544,
                0.683685302734375,
                1
            ],
            "name": "tail_R1_0"
        },
        "tail_R1_1": {
            "children": [
                "tail_R1_2"
            ],
            "matrix": [
                0.9910447597503662,
                -4.172325134277344e-7,
                -0.1335270404815674,
                0,
                4.0694878228331177e-7,
                0.9999997615814251,
                -1.0430812957817892e-7,
                0,
                0.13352707415729076,
                4.9035382726492216e-8,
                0.9910450096932132,
                0,
                40.88783264160158,
                -0.00001525878903407829,
                0.000030517578125,
                1
            ],
            "name": "tail_R1_1"
        },
        "tail_R1_2": {
            "children": [],
            "matrix": [
                0.9901849627494811,
                0.13842993974685674,
                -0.019265294075012207,
                0,
                -0.13840378651749158,
                0.9903726947102709,
                0.002693146456184653,
                0,
                0.01945262575871909,
                -3.2347491585316135e-7,
                0.999810989578759,
                0,
                35.88230895996092,
                0.0000152587890625,
                -0.000034332275390625,
                1
            ],
            "name": "tail_R1_2"
        },
        "thigh_L": {
            "children": [
                "knee_L"
            ],
