{
    "accessors": {
        "attrbute_1": {
            "bufferView": "bufferView_7",
            "byteOffset": 0,
            "byteStride": 12,
            "count": 3732,
            "max": [
                82.64442443847656,
                162.86231994628906,
                380.1954650878906,
                0
            ],
            "min": [
                -82.63468170166016,
                -117.73799896240234,
                125.90838623046875,
                0
            ],
            "type": 35665
        },
        "attrbute_2": {
            "bufferView": "bufferView_7",
            "byteOffset": 44784,
            "byteStride": 12,
            "count": 3732,
            "max": [
                0.9989892244338989,
                0.9978424906730652,
                0.9999569058418274,
                0
            ],
            "min": [
                -0.9996835589408875,
                -0.9990547299385071,
                -0.9998623132705688,
                0
            ],
            "type": 35665
        },
        "attrbute_3": {
            "bufferView": "bufferView_7",
            "byteOffset": 89568,
            "byteStride": 8,
            "count": 3732,
            "max": [
                0.9940990209579468,
                0.9875860214233398
            ],
            "min": [
                0.006406679749488831,
                0.009527981281280518
            ],
            "type": 35664
        },
        "attrbute_4": {
            "bufferView": "bufferView_7",
            "byteOffset": 119424,
            "byteStride": 16,
            "count": 3732,
            "max": [
                58,
                58,
                58,
                -1
            ],
            "min": [
                0,
                -1,
                -1,
                -1
            ],
            "type": 35666
        },
        "attrbute_5": {
            "bufferView": "bufferView_7",
            "byteOffset": 179136,
            "byteStride": 12,
            "count": 3732,
            "max": [
                1,
                0.9998970031738281,
                0.9997672438621521
            ],
            "min": [
                0.00010113245662068948,
                0,
                0
            ],
            "type": 35665
        },
        "indices_6": {
            "bufferView": "bufferView_9",
            "byteOffset": 0,
            "count": 16806,
            "type": 5123
        }
    },
    "animations": {},
    "asset": {},
    "bufferViews": {
        "bufferView_7": {
            "buffer": "twin_headed_dragon.bin",
            "byteLength": 223920,
            "byteOffset": 0,
            "target": 34962
        },
        "bufferView_8": {
            "buffer": "twin_headed_dragon.bin",
            "byteLength": 3776,
            "byteOffset": 223920
        },
        "bufferView_9": {
            "buffer": "twin_headed_dragon.bin",
            "byteLength": 33612,
            "byteOffset": 227696,
            "target": 34963
        }
    },
    "buffers": {
        "twin_headed_dragon.bin": {
            "byteLength": 261308,
            "path": "twin_headed_dragon.bin"
        }
    },
    "cameras": {},
    "images": {
        "image_0": {
            "path": "textures/twin_headed_dragon_color.png"
        }
    },
    "lights": {},
    "materials": {
        "Material #35": {
            "instanceTechnique": {
                "technique": "technique_0",
                "values": {
                    "ambient": [
                        0.5879999995231628,
                        0.5879999995231628,
                        0.5879999995231628
                    ],
                    "diffuse": "Map #3",
                    "emission": [
                        0,
                        0,
                        0
                    ],
                    "shininess": 2,
                    "specular": [
                        0.8999999761581421,
                        0.8999999761581421,
                        0.8999999761581421
                    ],
                    "transparency": 1
                }
            },
            "name": "Material #35"
        }
    },
    "meshes": {
        "twin_headed_dragon_model_LOD0-mesh": {
            "name": "twin_headed_dragon_model_LOD0-mesh",
            "primitives": [
                {
                    "attributes": {
                        "JOINT": "attrbute_4",
                        "NORMAL": "attrbute_2",
                        "POSITION": "attrbute_1",
                        "TEXCOORD_0": "attrbute_3",
                        "WEIGHT": "attrbute_5"
                    },
                    "indices": "indices_6",
                    "material": "Material #35"
                }
            ]
        }
    },
    "nodes": {
        "Index_0_A_L": {
            "children": [
                "Index_1_A_L"
            ],
            "jointId": "Index_0_A_L",
            "matrix": [
                0.9876484870910649,
                0.07389301061630255,
                0.13816541433334362,
                0,
                -0.07578549222400871,
                0.9970875975167862,
                0.00847985232379224,
                0,
                -0.13713647663271283,
                -0.0188460551419422,
                0.9903724899911829,
                0,
                12.966979980468693,
                -1.4812965393066406,
                -0.99444580078125,
                1
            ],
            "name": "Index_0_A_L"
        },
        "Index_0_A_R": {
            "children": [
                "Index_1_A_R"
            ],
            "jointId": "Index_0_A_R",
            "matrix": [
                0.9876484870910643,
                0.07389280200004589,
                0.13816598057746887,
                0,
                -0.07578519002695816,
                0.9970877125155146,
                0.008479101379008513,
                0,
                -0.1371371073505422,
                -0.018845313666546876,
                0.9903725146978254,
                0,
                -12.96685791015625,
                1.4811859130859446,
                0.99444580078125,
                1
            ],
            "name": "Index_0_A_R"
        },
        "Index_1_A_L": {
            "children": [],
            "jointId": "Index_1_A_L",
            "matrix": [
                0.7570074200630188,
                -0.019397675991058405,
                0.6531185507774351,
                0,
                0.014686901938121888,
                0.9998124848325805,
                0.012671428300191606,
                0,
                -0.6532414903966205,
                -7.71367593133121e-8,
                0.7571499128884916,
                0,
                33.98727416992193,
                0.00001525878903407829,
                -0.00006103515626421085,
                1
            ],
            "name": "Index_1_A_L"
        },
        "Index_1_A_R": {
            "children": [],
            "jointId": "Index_1_A_R",
            "matrix": [
                0.7570071220397949,
                -0.019397333264350808,
                0.6531190276145933,
                0,
                0.014686807359266973,
                0.9998127228985867,
                0.01267101778865036,
                0,
                -0.6532420773735029,
                1.8263162870901795e-7,
                0.7571497500792296,
                0,
                -33.98730468750006,
                0.000015258789048289145,
                -0.00006484985350851957,
                1
            ],
            "name": "Index_1_A_R"
        },
        "Mid_0_A_L": {
            "children": [
                "Mid_1_A_L"
            ],
            "jointId": "Mid_0_A_L",
            "matrix": [
                0.7115087509155276,
                0.028296992182731684,
                0.7021068334579464,
                0,
                0.015040816899593135,
                0.998346151294326,
                -0.0554785457534612,
                0,
                -0.7025157992086764,
                0.05003375022284701,
                0.7099066842856955,
                0,
                11.271514892578125,
                -1.3921165466308523,
                3.182741165161133,
                1
            ],
            "name": "Mid_0_A_L"
        },
        "Mid_0_A_R": {
            "children": [
                "Mid_1_A_R"
            ],
            "jointId": "Mid_0_A_R",
            "matrix": [
                0.7115087509155273,
                0.028297454118728776,
                0.702107012271881,
                0,
                0.015040830683748008,
                0.9983464491786748,
                -0.055479214438711476,
                0,
                -0.7025159109585596,
                0.05003421554192594,
                0.7099065650589653,
                0,
                -11.271575927734318,
                1.3920478820800852,
                -3.182708740234375,
                1
            ],
            "name": "Mid_0_A_R"
        },
        "Mid_1_A_L": {
            "children": [],
            "jointId": "Mid_1_A_L",
            "matrix": [
                0.9647738933563232,
                0.08386641740798945,
                0.2493554949760437,
                0,
                -0.08119814707371287,
                0.9964770280107611,
                -0.0209865272209091,
                0,
                -0.25023707454810123,
                4.9420239012221145e-8,
                0.9681847699099791,
                0,
                39.83570861816409,
                0.000034332275376414145,
                -0.00006103515625,
                1
            ],
            "name": "Mid_1_A_L"
        },
        "Mid_1_A_R": {
            "children": [],
            "jointId": "Mid_1_A_R",
            "matrix": [
                0.9647734165191648,
                0.08386625349521645,
                0.24935626983642573,
                0,
                -0.08119802450087713,
                0.9964769455938634,
                -0.020986408773392973,
                0,
                -0.25023783264536836,
                -1.07214854383475e-7,
                0.9681842686117391,
                0,
                -39.835769653320284,
                0.000011444091789769573,
                0.00007629394528407829,
                1
            ],
            "name": "Mid_1_A_R"
        },
        "Ring_0_A_L": {
            "children": [
                "Ring_1_A_L"
            ],
            "jointId": "Ring_0_A_L",
            "matrix": [
                0.2811245024204252,
                0.004052855074405698,
                0.9596625566482545,
                0,
                0.04184518921150593,
                0.9989877523701747,
                -0.016477104861174107,
                0,
                -0.9587582612414423,
                0.04478939511752833,
                0.2806704422713194,
                0,
                6.27777099609375,
                -1.094024658203132,
                4.463380813598633,
                1
            ],
            "name": "Ring_0_A_L"
        },
        "Ring_0_A_R": {
            "children": [
                "Ring_1_A_R"
            ],
            "jointId": "Ring_0_A_R",
            "matrix": [
                0.2811234891414637,
                0.004052899777889321,
                0.9596632719039916,
                0,
                0.04184717323421472,
                0.9989881859343186,
                -0.016477677962837556,
                0,
                -0.9587585934873109,
                0.044791436017519504,
                0.2806693073811568,
                0,
                -6.2779541015625,
                1.0939788818359446,
                -4.463346481323242,
                1
            ],
            "name": "Ring_0_A_R"
        },
        "Ring_1_A_L": {
            "children": [],
            "jointId": "Ring_1_A_L",
            "matrix": [
                0.9808028340339657,
                0.09994906932115553,
                0.16743904352188108,
                0,
                -0.09852381112006274,
                0.994992961029382,
                -0.01681917914942438,
                0,
                -0.1682816728269086,
                -4.341220432024784e-7,
                0.9857389384402075,
                0,
                34.652587890624986,
                0,
                0.00003051757818184342,
                1
            ],
            "name": "Ring_1_A_L"
        },
        "Ring_1_A_R": {
            "children": [],
            "jointId": "Ring_1_A_R",
            "matrix": [
                0.980802834033966,
                0.09994871169328688,
                0.16743960976600636,
                0,
                -0.09852337217283524,
                0.9949929072732149,
                -0.016819536214589148,
                0,
                -0.168282253432722,
                -6.620302034354708e-8,
                0.9857387862525413,
                0,
                -34.652626037597656,
                0.00004577636718039457,
                -0.0001220703125,
                1
            ],
            "name": "Ring_1_A_R"
        },
        "Thumb_0_A_L": {
            "children": [
                "Thumb_1_A_L"
            ],
            "jointId": "Thumb_0_A_L",
            "matrix": [
                0.9259887337684636,
                0.03263536095619207,
                -0.3761377036571504,
                0,
                -0.03240018208122375,
                0.9994504454581798,
                0.006952832541559003,
                0,
                0.37615796953998115,
                0.005748686491457461,
                0.9265374063313238,
                0,
                12.163543701171875,
                0.17277145385741477,
                -5.047235488891602,
                1
            ],
            "name": "Thumb_0_A_L"
        },
        "Thumb_0_A_R": {
            "children": [
                "Thumb_1_A_R"
            ],
            "jointId": "Thumb_0_A_R",
            "matrix": [
                0.9259890317916866,
                0.03263479471206665,
                -0.3761367797851561,
                0,
                -0.03240007366939657,
                0.9994509219440668,
                0.00695162758829394,
                0,
                0.37615716679345496,
                0.0057497292471817285,
                0.9265380857284634,
                0,
                -12.163604736328125,
                -0.1728210449218608,
                5.0472106933593714,
                1
            ],
            "name": "Thumb_0_A_R"
        },
        "Thumb_1_A_L": {
            "children": [],
            "jointId": "Thumb_1_A_L",
            "matrix": [
                0.8905779123306274,
                0.003578275442123524,
                0.45481681823730474,
                0,
                -0.003186849374304024,
                0.9999936220254432,
                -0.001627281418840637,
                0,
                -0.4548197096775611,
                -2.1180384268681962e-7,
                0.8905835757331584,
                0,
                34.93743896484375,
                -0.000030517578125,
                1.4210854715202004e-14,
                1
            ],
            "name": "Thumb_1_A_L"
        },
        "Thumb_1_A_R": {
            "children": [],
            "jointId": "Thumb_1_A_R",
            "matrix": [
                0.8905782699584962,
                0.003578424453735407,
                0.45481646060943604,
                0,
                -0.0031870097002076325,
                0.9999939201077184,
                -0.0016272962310041467,
                0,
                -0.45481938781848097,
                -2.6980958119093845e-7,
                0.8905840038632382,
                0,
                -34.93743896484375,
                0.00003051757815342171,
                -0.000038146972670460855,
                1
            ],
            "name": "Thumb_1_A_R"
        },
        "ankle_L": {
            "children": [
                "toeBall_L"
            ],
            "jointId": "ankle_L",
            "matrix": [
                0.30051255226135254,
                -0.32416135072708147,
                0.8970015048980715,
                0,
                0.09847393438277663,
                0.9459912086734286,
                0.3088747712395654,
                0,
                -0.9486805867632417,
                -0.00448947748662315,
                0.31620360475886483,
                0,
                20.868453979492188,
                0.000011444091796875,
                -0.0000457763671875,
                1
            ],
            "name": "ankle_L"
        },
        "ankle_R": {
            "children": [
                "toeBall_R"
            ],
            "jointId": "ankle_R",
            "matrix": [
                0.30051329731941206,
                -0.32416090369224543,
                0.8970015048980717,
                0,
                0.09847546448080585,
                0.9459916266342658,
                0.3088738564272044,
                0,
                -0.9486811886821781,
                -0.004488063333143222,
                0.31620510768497695,
                0,
                -20.86846160888672,
                -0.000003814697272730427,
                -0.00003051757809657829,
                1
            ],
            "name": "ankle_R"
        },
        "bicep_A_L": {
            "children": [
                "elbow_A_L"
            ],
            "jointId": "bicep_A_L",
            "matrix": [
                -0.4278258979320524,
                0.7529392242431641,
                -0.5000479221343992,
                0,
                0.8999807148732527,
                0.30364761000992213,
                -0.3127837445467474,
                0,
                -0.08366876306789933,
                -0.5838502602460466,
                -0.8075387987051911,
                0,
                -7.172164916992202,
                3.1906127929687784,
                -4.063355445861816,
                1
            ],
            "name": "bicep_A_L"
        },
        "bicep_A_R": {
            "children": [
                "elbow_A_R"
            ],
            "jointId": "bicep_A_R",
            "matrix": [
                -0.4278753399848938,
                0.7529063820838926,
                -0.5000548958778384,
                0,
                0.8999549644484528,
                0.30366714150417196,
                -0.3128368681246309,
                0,
                -0.08368665480929449,
                -0.5838822143806532,
                -0.8075137210783186,
                0,
                7.172164916992202,
                -3.1905059814453125,
                4.063431739807131,
                1
            ],
            "name": "bicep_A_R"
        },
        "bicep_L": {
            "children": [
                "elbow_L"
            ],
            "jointId": "bicep_L",
            "matrix": [
                0.45347833633422835,
                -0.7854805588722227,
                -0.42116302251815796,
                0,
                -0.6028326404688578,
                -0.6183713029514518,
                0.5041921593102544,
                0,
                -0.6564681995738202,
                0.025250592778209124,
                -0.7539312326799887,
                0,
                8.327072143554673,
                2.842170943040401e-14,
                -0.000030517578123223643,
                1
            ],
            "name": "bicep_L"
        },
        "bicep_R": {
            "children": [
                "elbow_R"
            ],
            "jointId": "bicep_R",
            "matrix": [
                0.4534918069839479,
                -0.7854731082916263,
                -0.42116191983222984,
                0,
                -0.6027936468851338,
                -0.6183823113885651,
                0.5042257765354179,
                0,
                -0.6564946836232648,
                0.02521146392029111,
                -0.7539092978971279,
                0,
                -8.32672119140625,
                -0.0000152587890625,
                3.552713678800501e-15,
                1
            ],
            "name": "bicep_R"
        },
        "buttfin_L4_0": {
            "children": [],
            "jointId": "buttfin_L4_0",
            "matrix": [
                0.39090064167976396,
                0.9186129570007321,
                -0.05784940719604491,
                0,
                -0.9087162144695078,
                0.3951581188108305,
                0.13448049063602502,
                0,
                0.14639520868587547,
                1.8423349430375303e-7,
                0.9892262172971604,
                0,
                0.35600662231446023,
                18.2695369720459,
                -5.1939697265625,
                1
            ],
            "name": "buttfin_L4_0"
        },
        "buttfin_R5_0": {
            "children": [],
            "jointId": "buttfin_R5_0",
            "matrix": [
                0.36862760782241816,
                -0.9279090762138364,
                -0.05566416680812836,
                0,
                0.9175072900665731,
                0.37280664085097115,
                -0.13854780667285532,
                0,
                0.14931178083024077,
                2.6770099421022246e-7,
                0.9887904434947439,
                0,
                0.3560142517089844,
                -18.270000457763672,
                -5.1939544677734375,
                1
            ],
            "name": "buttfin_R5_0"
        },
        "clavicle_L": {
            "children": [
                "bicep_L",
                "bicep_A_L"
            ],
            "jointId": "clavicle_L",
            "matrix": [
                0.49895781278610213,
                0.6070145964622494,
                -0.6185257434844971,
                0,
                0.39276662272302426,
                0.4778163506798045,
                0.7857643427454403,
                0,
                0.7725123563394461,
                -0.6349997038257145,
                -0.000004871748795546443,
                0,
                -3.8503475189208984,
                12.809678077697754,
                9.747360229492188,
                1
            ],
            "name": "clavicle_L"
        },
        "clavicle_R": {
            "children": [
                "bicep_R",
                "bicep_A_R"
            ],
            "jointId": "clavicle_R",
            "matrix": [
                -0.4989800751209258,
                0.606959104537964,
                0.6185622215270995,
                0,
                -0.3928119675313303,
                0.47782618719794917,
                -0.7857355054334587,
                0,
                -0.7724748275600942,
                -0.6350452357482689,
                -0.000004946719965215514,
                0,
                -3.8503475189208984,
                -12.810074806213379,
                9.747161865234347,
                1
            ],
            "name": "clavicle_R"
        },
        "elbow_A_L": {
            "children": [
                "wrist_A_L"
            ],
            "jointId": "elbow_A_L",
            "matrix": [
                0.6505558490753176,
                -1.4901161182745426e-7,
                -0.7594581842422484,
                0,
                7.509208204692364e-7,
                0.9999998211857996,
                4.4703494378461883e-7,
                0,
                0.7594582284799767,
                -8.611143642867081e-7,
                0.6505558869697551,
                0,
                41.32879638671875,
                -0.000026702880866480427,
                0.00000762939453125,
                1
            ],
            "name": "elbow_A_L"
        },
        "elbow_A_R": {
            "children": [
                "wrist_A_R"
            ],
            "jointId": "elbow_A_R",
            "matrix": [
                0.650556206703186,
                -5.662441254217221e-7,
                -0.7594582438468931,
                0,
                8.008179412377636e-7,
                1.000000357628061,
                -5.96046537959527e-8,
                0,
                0.7594582193276065,
                -5.694113879156637e-7,
                0.6505561857002512,
                0,
                -41.32885742187497,
                0.000030517578125,
                0.000007629394517039145,
                1
            ],
            "name": "elbow_A_R"
        },
        "elbow_L": {
            "children": [
                "wrist_L"
            ],
            "jointId": "elbow_L",
            "matrix": [
                0.36063706874847423,
                0.0000010207295418479534,
                -0.9327061176300051,
                0,
                -9.323302148367407e-7,
                1.000000119209235,
                7.338826397418341e-7,
                0,
                0.9327061511628507,
                6.049247606582098e-7,
                0.36063708171483544,
                0,
                28.603042602539062,
                0.000022888183600855427,
                -0.0000152587890625,
                1
            ],
            "name": "elbow_L"
        },
        "elbow_R": {
            "children": [
                "wrist_R"
            ],
            "jointId": "elbow_R",
            "matrix": [
                0.36063399910926797,
                3.948807716369629e-7,
                -0.9327074885368345,
                0,
                -0.0000013261960394861383,
                0.9999999999994263,
                -8.94070335683006e-8,
                0,
                0.9327075638981266,
                0.0000012691962958527592,
                0.3606340282484631,
                0,
                -28.603012084960938,
                -0.000030517578117894573,
                -0.000030517578125,
                1
            ],
            "name": "elbow_R"
        },
        "head2": {
            "children": [
                "jaw_R3_0"
            ],
            "jointId": "head2",
            "matrix": [
                -0.8605030179023739,
                0.014089696109294763,
                0.5092506408691405,
                0,
                -0.03437113962143281,
                0.9957342775707868,
                -0.08562789960390557,
                0,
                -0.5082848023895389,
                -0.09118659311515917,
                -0.8563480927183298,
                0,
                22.436721801757812,
                -3.552713678800501e-15,
                -0.00006103515625,
                1
            ],
            "name": "head2"
        },
        "head3": {
            "children": [
                "jaw_L2_0"
            ],
            "jointId": "head3",
            "matrix": [
                0.8799379467964175,
                0.07315457612276086,
                -0.46942222118377713,
                0,
                -0.027527488852297024,
                0.9942638900554188,
                0.10334506808749346,
                0,
                0.4742901005642366,
                -0.07801529328663878,
                0.8769049759230056,
                0,
                25.327224731445312,
                9.536743146298932e-7,
                -0.0000152587890625,
                1
            ],
            "name": "head3"
        },
        "jaw_L2_0": {
            "children": [],
            "jointId": "jaw_L2_0",
            "matrix": [
                0.9408875703811647,
                -0.0029561989940702833,
                -0.33870640397071844,
                0,
                0.006631903519399494,
                0.9999312756882491,
                0.009695357748018623,
                0,
                0.33865432814414137,
                -0.011368505187149816,
                0.9408421329930168,
                0,
                4.3456192016601705,
                0.019378781318664107,
                -4.2388458251953125,
                1
            ],
            "name": "jaw_L2_0"
        },
        "jaw_R3_0": {
            "children": [],
            "jointId": "jaw_R3_0",
            "matrix": [
                -0.9953420758247378,
                -0.0005513961659743087,
                0.0964043736457825,
                0,
                0.003448363351228509,
                0.9991396068546715,
                0.04131786488586084,
                0,
                -0.09634425967585307,
                0.04145786787576911,
                -0.9944842965572164,
                0,
                -3.225288391113267,
                -0.02317070960998535,
                2.594223022460966,
                1
            ],
            "name": "jaw_R3_0"
        },
        "knee_L": {
            "children": [
                "ankle_L"
            ],
            "jointId": "knee_L",
            "matrix": [
                0.5655770301818848,
                -1.4901161249358807e-8,
                -0.8246953487396238,
                0,
                -2.4525463171443107e-7,
                1.0000001192093133,
                -1.8626459998005718e-7,
                0,
                0.8246952908100244,
                3.0760727515177777e-7,
                0.5655769904536927,
                0,
                23.200119018554744,
                0.000007629394524144573,
                0.000003814697265625,
                1
            ],
            "name": "knee_L"
        },
        "knee_R": {
            "children": [
                "ankle_R"
            ],
            "jointId": "knee_R",
            "matrix": [
                0.5655782222747804,
                3.427267074584961e-7,
                -0.8246945738792424,
                0,
                1.9796213349132508e-7,
                0.9999999403954106,
                5.513432159848231e-7,
                0,
                0.8246945159493766,
                -4.750860081587094e-7,
                0.5655781825460928,
                0,
                -23.200164794921875,
                7.105427357601002e-15,
                -0.000019073486324572286,
                1
            ],
            "name": "knee_R"
        },
        "neck1": {
            "children": [
                "neck2"
            ],
            "jointId": "neck1",
            "matrix": [
                0.9374374151229856,
                0.24075800180435186,
                0.25148826837539673,
                0,
                -0.2325376883080971,
                0.9705853173581683,
                -0.06237528391647537,
                0,
                -0.259108173198924,
                -0.000007575642506448209,
                0.9658483140645521,
                0,
                9.42391395568847,
                9.871008872985842,
                6.3701934814453125,
                1
            ],
            "name": "neck1"
        },
        "neck11": {
            "children": [
                "neck21"
            ],
            "jointId": "neck11",
            "matrix": [
                0.9360165596008303,
                -0.24661706387996676,
                0.25110274553298956,
                0,
                0.2381928493987559,
                0.9691129719648209,
                0.0639074824297458,
                0,
                -0.2591076695099028,
                -0.000007583388214644335,
                0.96584845646799,
                0,
                9.423913955688477,
                -10.873307228088377,
                6.370086669921875,
                1
            ],
            "name": "neck11"
        },
        "neck2": {
            "children": [
                "head3"
            ],
            "jointId": "neck2",
            "matrix": [
                0.9894667267799375,
                -0.030260261148214316,
                0.1415626406669618,
                0,
                0.0348752197029053,
                0.9989344497810271,
                -0.030232921233165858,
                0,
                -0.14049690949885033,
                0.03485148962917917,
                0.9894675013278285,
                0,
                17.807907104492188,
                0.00000858306884765625,
                -2.842170943040401e-14,
                1
            ],
            "name": "neck2"
        },
        "neck21": {
            "children": [
                "head2"
            ],
            "jointId": "neck21",
            "matrix": [
                0.9798583388328557,
                0.025224000215530423,
                0.19809424877166765,
                0,
                -0.03461328662370716,
                0.998428463611575,
                0.04407880493989381,
                0,
                -0.19667102262978087,
                -0.050047659774966745,
                0.9791911926484433,
                0,
                17.83493041992186,
                0.000002861022947442393,
                -0.0000457763671875,
                1
            ],
            "name": "neck21"
        },
        "root": {
            "children": [
                "spine1",
                "spine1_1"
            ],
            "jointId": "root",
            "matrix": [
                -1.5445399986791044e-7,
                -0.9480319023132323,
                0.3181750476360321,
                0,
                1.0000000000000002,
                -1.6292067755424375e-7,
                1.469557337450021e-23,
                0,
                5.183729434171488e-8,
                0.31817504763602444,
                0.9480319023132349,
                0,
                0,
                11.865622520446777,
                211.47564697265625,
                1
            ],
            "name": "root"
        },
        "spine1": {
            "children": [
                "spine2"
            ],
            "jointId": "spine1",
            "matrix": [
                0.8822477459907536,
                5.883673217450633e-16,
                -0.4707856774330139,
                0,
                -4.489761491010264e-7,
                1.0000000000000004,
                -8.413769023718491e-7,
                0,
                0.47078567743301397,
                9.536744161520386e-7,
                0.8822477459907534,
                0,
                20.678592681884766,
                0.000002861022721845075,
                -2.688156127929659,
                1
            ],
            "name": "spine1"
        },
        "spine1_1": {
            "children": [
                "buttfin_R5_0",
                "thigh_R",
                "buttfin_L4_0",
                "spine1_2",
                "thigh_L"
            ],
            "jointId": "spine1_1",
            "matrix": [
                -0.9924311637878422,
                -5.599891892657723e-7,
                -0.12280189990997331,
                0,
                -5.164391533222183e-7,
                1.0000000000000007,
                -3.8646697928442106e-7,
                0,
                0.12280189991015117,
                -3.20122164800843e-7,
                -0.9924311637878203,
                0,
                -27.40098571777343,
                -0.0000038146970382513254,
                7.436126708984375,
                1
            ],
            "name": "spine1_1"
        },
        "spine1_2": {
            "children": [
                "tail_R1_0",
                "tail_L0_0"
            ],
            "jointId": "spine1_2",
            "matrix": [
                0.9996279478073122,
                2.786242703223254e-7,
                0.02727553248405462,
                0,
                -2.7872797167535055e-7,
                1,
                -1.5881867761018131e-22,
                0,
                -0.027275532484052567,
                -7.60245384564513e-9,
                0.9996279478073123,
                0,
                18.14905929565431,
                0.000011444091796875014,
                0.0000152587890625,
                1
            ],
            "name": "spine1_2"
        },
        "spine2": {
            "children": [
                "clavicle_R",
                "neck11",
                "neck1",
                "clavicle_L"
            ],
            "jointId": "spine2",
            "matrix": [
                0.9849022626876832,
                7.549516904940754e-15,
                0.17311137914657596,
                0,
                0.0000011556431854695454,
                1,
                -0.000006574932285730026,
                0,
                -0.17311137914657598,
                0.000006675720670871781,
                0.9849022626876831,
                0,
                20.32076454162598,
                0.000001907348632812527,
                0,
                1
            ],
            "name": "spine2"
        },
        "tail_L0_0": {
            "children": [
                "tail_L0_1"
            ],
            "jointId": "tail_L0_0",
            "matrix": [
                0.9716190695762634,
                0.23383468389511114,
                -0.035754263401031494,
                0,
                -0.11602913835283041,
                0.33938869623668133,
                -0.9334628034057469,
                0,
                -0.20614132404482813,
                0.9111185198804058,
                0.35688805764050635,
                0,
                19.04984283447265,
                6.456107616424563,
                0.683746337890625,
                1
            ],
            "name": "tail_L0_0"
        },
        "tail_L0_1": {
            "children": [
                "tail_L0_2"
            ],
            "jointId": "tail_L0_1",
            "matrix": [
                0.9910440444946288,
                -2.9802322387695312e-8,
                -0.13353368639945984,
                0,
                5.617289139392412e-8,
                0.9999998807907104,
                1.937150940767296e-7,
                0,
                0.13353370137824128,
                -1.9948120949520032e-7,
                0.9910441556623686,
                0,
                40.887855529785156,
                0.0000152587890625,
                -7.105427357601002e-15,
                1
            ],
            "name": "tail_L0_1"
        },
        "tail_L0_2": {
            "children": [],
            "jointId": "tail_L0_2",
            "matrix": [
                0.9901858568191532,
                -0.1384254992008208,
                -0.01925602555274966,
                0,
                0.13839933254146258,
                0.9903730529169954,
                -0.0026912391223825605,
                0,
                0.01944317847675893,
                -1.9416753588297198e-7,
                0.9998110546901675,
                0,
                35.882263183593736,
                -0.00009155273434657829,
                -0.000003814697265625,
                1
            ],
            "name": "tail_L0_2"
        },
        "tail_R1_0": {
            "children": [
                "tail_R1_1"
            ],
            "jointId": "tail_R1_0",
            "matrix": [
                0.9716193675994875,
                -0.23383413255214702,
                -0.03575390577316284,
                0,
                0.1160321702114599,
                0.33940460676403406,
                0.9334566759482732,
                0,
                -0.20613885393991963,
