{
    "animations": {},
    "asset": {},
    "attributes": {
        "attribute_1": {
            "bufferView": "bufferView_13",
            "byteOffset": 0,
            "byteStride": 12,
            "count": 9654,
            "max": [
                1,
                1,
                1
            ],
            "min": [
                0,
                0,
                0
            ],
            "type": "FLOAT_VEC3"
        },
        "attribute_10": {
            "bufferView": "bufferView_13",
            "byteOffset": 740136,
            "byteStride": 16,
            "count": 5028,
            "max": [
                1,
                1,
                1
            ],
            "min": [
                0,
                0,
                0
            ],
            "type": "FLOAT_VEC4"
        },
        "attribute_11": {
            "bufferView": "bufferView_13",
            "byteOffset": 820584,
            "byteStride": 12,
            "count": 5028,
            "max": [
                1,
                1,
                1
            ],
            "min": [
                0,
                0,
                0
            ],
            "type": "FLOAT_VEC3"
        },
        "attribute_2": {
            "bufferView": "bufferView_13",
            "byteOffset": 115848,
            "byteStride": 12,
            "count": 9654,
            "max": [
                1,
                1,
                1
            ],
            "min": [
                0,
                0,
                0
            ],
            "type": "FLOAT_VEC3"
        },
        "attribute_3": {
            "bufferView": "bufferView_13",
            "byteOffset": 231696,
            "byteStride": 8,
            "count": 9654,
            "max": [
                1,
                1,
                1
            ],
            "min": [
                0,
                0,
                0
            ],
            "type": "FLOAT_VEC2"
        },
        "attribute_4": {
            "bufferView": "bufferView_13",
            "byteOffset": 308928,
            "byteStride": 16,
            "count": 9654,
            "max": [
                1,
                1,
                1
            ],
            "min": [
                0,
                0,
                0
            ],
            "type": "FLOAT_VEC4"
        },
        "attribute_5": {
            "bufferView": "bufferView_13",
            "byteOffset": 463392,
            "byteStride": 12,
            "count": 9654,
            "max": [
                1,
                1,
                1
            ],
            "min": [
                0,
                0,
                0
            ],
            "type": "FLOAT_VEC3"
        },
        "attribute_7": {
            "bufferView": "bufferView_13",
            "byteOffset": 579240,
            "byteStride": 12,
            "count": 5028,
            "max": [
                1,
                1,
                1
            ],
            "min": [
                0,
                0,
                0
            ],
            "type": "FLOAT_VEC3"
        },
        "attribute_8": {
            "bufferView": "bufferView_13",
            "byteOffset": 639576,
            "byteStride": 12,
            "count": 5028,
            "max": [
                1,
                1,
                1
            ],
            "min": [
                0,
                0,
                0
            ],
            "type": "FLOAT_VEC3"
        },
        "attribute_9": {
            "bufferView": "bufferView_13",
            "byteOffset": 699912,
            "byteStride": 8,
            "count": 5028,
            "max": [
                1,
                1,
                1
            ],
            "min": [
                0,
                0,
                0
            ],
            "type": "FLOAT_VEC2"
        }
    },
    "bufferViews": {
        "bufferView_13": {
            "buffer": "nevermore.bin",
            "byteLength": 880920,
            "byteOffset": 0,
            "target": "ARRAY_BUFFER"
        },
        "bufferView_14": {
            "buffer": "nevermore.bin",
            "byteLength": 29364,
            "byteOffset": 880920,
            "target": "ELEMENT_ARRAY_BUFFER"
        }
    },
    "buffers": {
        "nevermore.bin": {
            "byteLength": 910284,
            "path": "nevermore.bin"
        }
    },
    "cameras": {},
    "images": {
        "image_0": {
            "path": "textures/nevermore_color.png"
        }
    },
    "indices": {
        "indices_12": {
            "bufferView": "bufferView_14",
            "byteOffset": 19308,
            "count": 5028,
            "type": "UNSIGNED_SHORT"
        },
        "indices_6": {
            "bufferView": "bufferView_14",
            "byteOffset": 0,
            "count": 9654,
            "type": "UNSIGNED_SHORT"
        }
    },
    "lights": {},
    "materials": {
        "Material #35": {
            "instanceTechnique": {
                "technique": "technique_0",
                "values": [
                    {
                        "parameter": "ambient",
                        "value": [
                            0.5879999995231628,
                            0.5879999995231628,
                            0.5879999995231628
                        ]
                    },
                    {
                        "parameter": "emission",
                        "value": [
                            0,
                            0,
                            0
                        ]
                    },
                    {
                        "parameter": "diffuse",
                        "value": "Map #4"
                    },
                    {
                        "parameter": "shininess",
                        "value": 2
                    },
                    {
                        "parameter": "specular",
                        "value": [
                            0.8999999761581421,
                            0.8999999761581421,
                            0.8999999761581421
                        ]
                    }
                ]
            },
            "name": "Material #35"
        },
        "Material #46": {
            "instanceTechnique": {
                "technique": "technique_0",
                "values": [
                    {
                        "parameter": "ambient",
                        "value": [
                            0.5879999995231628,
                            0.5879999995231628,
                            0.5879999995231628
                        ]
                    },
                    {
                        "parameter": "emission",
                        "value": [
                            0,
                            0,
                            0
                        ]
                    },
                    {
                        "parameter": "diffuse",
                        "value": "Map #5"
                    },
                    {
                        "parameter": "shininess",
                        "value": 2
                    },
                    {
                        "parameter": "specular",
                        "value": [
                            0.8999999761581421,
                            0.8999999761581421,
                            0.8999999761581421
                        ]
                    }
                ]
            },
            "name": "Material #46"
        }
    },
    "meshes": {
        "nevermore_model_lod_LOD0-mesh": {
            "name": "nevermore_model_lod_LOD0-mesh",
            "primitives": [
                {
                    "indices": "indices_6",
                    "material": "Material #35",
                    "semantics": {
                        "JOINT": "attribute_4",
                        "NORMAL": "attribute_2",
                        "POSITION": "attribute_1",
                        "TEXCOORD_0": "attribute_3",
                        "WEIGHT": "attribute_5"
                    },
                    "skin": "skin_0"
                }
            ]
        },
        "wings_model-mesh": {
            "name": "wings_model-mesh",
            "primitives": [
                {
                    "indices": "indices_12",
                    "material": "Material #46",
                    "semantics": {
                        "JOINT": "attribute_10",
                        "NORMAL": "attribute_8",
                        "POSITION": "attribute_7",
                        "TEXCOORD_0": "attribute_9",
                        "WEIGHT": "attribute_11"
                    },
                    "skin": "skin_1"
                }
            ]
        }
    },
    "nodes": {
        "bicep_L": {
            "children": [
                "elbow_L"
            ],
            "matrix": [
                0.5712097883224485,
                -0.13604694604873652,
                -0.8094512224197387,
                0,
                -0.7884015722394857,
                0.18341258530719987,
                -0.587182283657714,
                0,
                0.22834783346697946,
                0.9735766098618652,
                -0.0024925614314281475,
                0,
                30.67493820190429,
                -0.000015258789055394573,
                -0.000030517578125,
                1
            ],
            "name": "bicep_L"
        },
        "bicep_R": {
            "children": [
                "elbow_R"
            ],
            "matrix": [
                0.5672871470451356,
                -0.1351338326931,
                -0.8123571872711184,
                0,
                -0.7912286746412605,
                0.18408615309037202,
                -0.5831549622915705,
                0,
                0.22834767313760598,
                0.9735766090215581,
                -0.0024920547273148963,
                0,
                -30.674945831298825,
                0.000011444091796875,
                0.00001525878909092171,
                1
            ],
            "name": "bicep_R"
        },
        "clavicle_L": {
            "children": [
                "bicep_L"
            ],
            "matrix": [
                -0.032515846192836755,
                0.9376869797706608,
                0.34595599770545954,
                0,
                0.01198868993679092,
                -0.345748163606367,
                0.9382504591456668,
                0,
                0.9993990666790427,
                0.0346555729278625,
                6.556511597255454e-7,
                0,
                8.75360107421875,
                4.24998950958252,
                -7.190765380859382,
                1
            ],
            "name": "clavicle_L"
        },
        "clavicle_R": {
            "children": [
                "bicep_R"
            ],
            "matrix": [
                0.03251671791076674,
                0.9376860857009893,
                -0.3459583818912508,
                0,
                -0.0119886917957861,
                -0.34575053345556184,
                -0.938249553254794,
                0,
                -0.9993989474968993,
                0.0346563879841061,
                -0.0000010430813112138893,
                0,
                8.75360107421875,
                -4.2500104904174805,
                -7.190757751464851,
                1
            ],
            "name": "clavicle_R"
        },
        "elbow_L": {
            "children": [
                "wrist_L"
            ],
            "matrix": [
                0.7816092371940611,
                5.960464466436832e-8,
                -0.6237680912017822,
                0,
                -4.270717641752242e-7,
                0.9999999999999623,
                -4.3958418999290316e-7,
                0,
                0.6237682365008641,
                6.099769446765713e-7,
                0.7816094192603485,
                0,
                45.698974609375,
                -0.000015258789076710855,
                -0.000007629394524144573,
                1
            ],
            "name": "elbow_L"
        },
        "elbow_R": {
            "children": [
                "wrist_R"
            ],
            "matrix": [
                0.781609117984772,
                -3.576278687078549e-7,
                -0.6237682104110721,
                0,
                1.602540555811771e-7,
                0.999999761581409,
                -3.7252900772499764e-7,
                0,
                0.623768268530793,
                1.9121074726347054e-7,
                0.7816091908112396,
                0,
                -45.69897842407226,
                0,
                0.00000762939453125,
                1
            ],
            "name": "elbow_R"
        },
        "head": {
            "children": [
                "jaw1_0"
            ],
            "matrix": [
                0.5835012197494505,
                2.1487478463200693e-9,
                -0.8121120929718018,
                0,
                7.168956358934684e-8,
                0.9999999999999996,
                5.4154710937836975e-8,
                0,
                0.8121120929718019,
                -8.981930141818641e-8,
                0.5835012197494501,
                0,
                22.275642395019517,
                0.000005391648301156251,
                0.00000762939453125,
                1
            ],
            "name": "head"
        },
        "index_0_L": {
            "children": [
                "index_1_L"
            ],
            "matrix": [
                0.9351768493652346,
                0.2671468257904054,
                -0.23254403471946725,
                0,
                0.19935835494440315,
                0.14564915947817259,
                0.9690423973980914,
                0,
                0.2927463127902284,
                -0.9525851862741941,
                0.08294973325638054,
                0,
                22.482791900634766,
                -1.3462142944335938,
                -8.72483825683594,
                1
            ],
            "name": "index_0_L"
        },
        "index_0_R": {
            "children": [
                "index_1_R"
            ],
            "matrix": [
                0.9351769685745239,
                0.26714676618576055,
                -0.23254349827766416,
                0,
                0.19935782622189885,
                0.14564902084565284,
                0.9690424121674314,
                0,
                0.2927462192709407,
                -0.9525853156507789,
                0.08294979412527576,
                0,
                -22.482772827148445,
                1.346229553222642,
                8.724822998046875,
                1
            ],
            "name": "index_0_R"
        },
        "index_1_L": {
            "children": [],
            "matrix": [
                1.0000001192092893,
                4.470348352603182e-8,
                1.4901161193847656e-7,
                0,
                -4.4703462709350106e-8,
                0.9999996423721329,
                3.725290305400808e-9,
                0,
                -1.4901158512659052e-7,
                -3.7252980700230864e-9,
                0.9999999403953519,
                0,
                14.666282653808594,
                0.0000019073486328125,
                -0.00000762939453125,
                1
            ],
            "name": "index_1_L"
        },
        "index_1_R": {
            "children": [],
            "matrix": [
                1.000000238418579,
                2.2351741799098157e-7,
                2.980232233218416e-8,
                0,
                -2.2351744613513524e-7,
                1.000000357627888,
                5.215406416458901e-8,
                0,
                -2.9802307233151026e-8,
                -5.2154058419184857e-8,
                1.000000119209298,
                0,
                -14.666282653808594,
                -0.000049591064456677714,
                -0.0000152587890625,
                1
            ],
            "name": "index_1_R"
        },
        "jaw1_0": {
            "children": [],
            "matrix": [
                1,
                -4.9960036061603135e-15,
                8.673617379884035e-19,
                0,
                4.9960036386271525e-15,
                0.9999999999999997,
                2.6469779601696886e-23,
                0,
                0,
                -2.6469779601696886e-23,
                0.9999999999999999,
                0,
                6.222522735595703,
                9.536724974168431e-7,
                -3.675521850585966,
                1
            ],
            "name": "jaw1_0"
        },
        "lower6_0_C_L": {
            "children": [
                "lower6_1_C_L"
            ],
            "matrix": [
                -0.07051911950111411,
                -0.0965766608715062,
                0.9928242564201354,
                0,
                0.5398026460642333,
                0.8332805918433176,
                0.11939863844736454,
                0,
                -0.8388323351723386,
                0.544349066606057,
                -0.006629876779820881,
                0,
                2.600433349609375,
                -0.5101833343505895,
                18.681297302246094,
                1
            ],
            "name": "lower6_0_C_L"
        },
        "lower6_1_C_L": {
            "children": [],
            "matrix": [
                0.9999999403953553,
                2.9802322398797543e-7,
                0.0000010132789610706183,
                0,
                -2.980232221005963e-7,
                1.0000002384185422,
                -8.940696710757479e-8,
                0,
                -0.0000010132792897521448,
                8.940666518242324e-8,
                1.000000238418421,
                0,
                42.55749511718753,
                -0.00006103515622157829,
                0.00015258789068184342,
                1
            ],
            "name": "lower6_1_C_L"
        },
        "lower7_0_C_R": {
            "children": [
                "lower7_1_C_R"
            ],
            "matrix": [
                -0.054585099220275324,
                -0.048894807696342066,
                0.9973109364509584,
                0,
                -0.5617272638668922,
                -0.8242565696961385,
                -0.07115514560903119,
                0,
                0.8255196574303469,
                -0.5641010609656439,
                0.01752658962520573,
                0,
                -3.273803710937557,
                -0.14091491699219816,
                -20.484199523925795,
                1
            ],
            "name": "lower7_0_C_R"
        },
        "lower7_1_C_R": {
            "children": [],
            "matrix": [
                1.000000238418579,
                -5.960464477539063e-8,
                -2.7755575615628914e-17,
                0,
                5.960464466436832e-8,
                1.0000002384185813,
                -0.0000014305114748314196,
                0,
                8.520961713998076e-14,
                0.000001430511048061689,
                0.9999999403953159,
                0,
                -42.906501770019545,
                -0.00003051757815342171,
                0.000030517578125,
                1
            ],
            "name": "lower7_1_C_R"
        },
        "mid4_0_B_L": {
            "children": [
                "mid4_1_B_L"
            ],
            "matrix": [
                0.45634233951568604,
                0.03195612877607337,
                0.889230012893677,
                0,
                -0.5098766857235835,
                0.8284026647457552,
                0.23189250745543846,
                0,
                -0.72923051045186,
                -0.5592203164534777,
                0.3943291033233829,
                0,
                17.348327636718807,
                1.5287780761718786,
                19.815635681152344,
                1
            ],
            "name": "mid4_0_B_L"
        },
        "mid4_1_B_L": {
            "children": [],
            "matrix": [
                1.00000011920929,
                -1.4901161124458717e-8,
                -1.4901161193847656e-8,
                0,
                1.4901164260838762e-8,
                1.0000003576278718,
                -2.980232227667301e-8,
                0,
                1.4901161693448017e-8,
                2.98023150047122e-8,
                1.0000001192092898,
                0,
                60.10589599609375,
                0,
                -0.00004577636715907829,
                1
            ],
            "name": "mid4_1_B_L"
        },
        "mid5_0_B_R": {
            "children": [
                "mid5_1_B_R"
            ],
            "matrix": [
                0.43280753493309054,
                0.04828300699591635,
                0.900192141532898,
                0,
                0.49899921527839924,
                -0.8444656741608806,
                -0.19462209250853224,
                0,
                0.7507845384800985,
                0.533429161792512,
                -0.38958434886902027,
                0,
                -18.169921875,
                -0.9502391815185689,
                -19.91517639160159,
                1
            ],
            "name": "mid5_0_B_R"
        },
        "mid5_1_B_R": {
            "children": [],
            "matrix": [
                0.9999998211860659,
                7.450580638557192e-9,
                -2.9802322387695312e-8,
                0,
                -7.4505748237641e-9,
                0.9999995231628434,
                1.1920928943975895e-7,
                0,
                2.980232505223057e-8,
                -1.192093318502785e-7,
                0.9999998807907124,
                0,
                -63.102676391601534,
                -0.00001525878909092171,
                -0.00006103515622157829,
                1
            ],
            "name": "mid5_1_B_R"
        },
        "mid_0_L": {
            "children": [
                "mid_1_L"
            ],
            "matrix": [
                0.9630632400512696,
                0.26723441481590277,
                0.033090721815824536,
                0,
                -0.03192530325603558,
                -0.008705913576905523,
                0.9994525322721524,
                0,
                0.2673761210604734,
                -0.9635921496326266,
                0.00014719435435056472,
                0,
                23.416000366210938,
                -0.2351837158203125,
                -0.48067903518676847,
                1
            ],
            "name": "mid_0_L"
        },
        "mid_0_R": {
            "children": [
                "mid_1_R"
            ],
            "matrix": [
                0.9630631208419801,
                0.2672344148159026,
                0.03309097886085509,
                0,
                -0.03192562146482845,
                -0.008705748981348163,
                0.9994525854424202,
                0,
                0.26737615416073396,
                -0.9635921800773749,
                0.00014743895654470627,
                0,
                -23.415946960449233,
                0.2351989746093608,
                0.4806518554687491,
                1
            ],
            "name": "mid_0_R"
        },
        "mid_1_L": {
            "children": [],
            "matrix": [
                0.9999998807907108,
                -1.8626451495779017e-8,
                5.9604644719879474e-8,
                0,
                1.8626478304195615e-8,
                0.9999998211860661,
                -4.684552550333204e-7,
                0,
                -5.9604628954712524e-8,
                4.6845522822143437e-7,
                0.9999997615814034,
                0,
                16.692668914794922,
                0.000003814697265625,
                -0.000003814697272730427,
                1
            ],
            "name": "mid_1_L"
        },
        "mid_1_R": {
            "children": [],
            "matrix": [
                1.0000001192092898,
                4.76837158203125e-7,
                2.9802322443206464e-8,
                0,
                -4.7683715747454114e-7,
                1.0000001192092862,
                -2.421438694000244e-8,
                0,
                -2.980233398952592e-8,
                2.4214372732617173e-8,
                1.0000001192092907,
                0,
                -16.69268798828125,
                -0.000003814697265625,
                0.000026702880852269573,
                1
            ],
            "name": "mid_1_R"
        },
        "neck1": {
            "children": [
                "head"
            ],
            "matrix": [
                0.9047831296920775,
                -8.628684327049994e-7,
                -0.42587223649024963,
                0,
                3.444590616115424e-7,
                1.0000000000000002,
                -0.000001294302933274055,
                0,
                0.42587223649104916,
                0.0000010243679077887332,
                0.9047831296917013,
                0,
                22.158355712890597,
                -0.000007728471246082336,
                0.00003433227538351957,
                1
            ],
            "name": "neck1"
        },
        "nevermore_model_lod_LOD0": {
            "children": [],
            "matrix": [
                1,
                0,
                0,
                0,
                0,
                1,
                0,
                0,
                0,
                0,
                1,
                0,
                0,
                0,
                0,
                1
            ],
            "meshes": [
                "nevermore_model_lod_LOD0-mesh"
            ],
            "name": "nevermore_model_lod_LOD0"
        },
        "ring_0_L": {
            "children": [
                "ring_1_L"
            ],
            "matrix": [
                0.938069462776184,
                0.1025652810931206,
                0.33091688156127935,
                0,
                -0.34441531826272603,
                0.17279025233441736,
                0.9227791895446893,
                0,
                0.03746590021468071,
                -0.9796039450600307,
                0.197414337975087,
                0,
                7.741600036621108,
                1.1986312866210795,
                6.262251853942871,
                1
            ],
            "name": "ring_0_L"
        },
        "ring_0_R": {
            "children": [
                "ring_1_R"
            ],
            "matrix": [
                0.9380695223808289,
                0.10256508737802505,
                0.3309172391891479,
                0,
                -0.34441565460837587,
                0.17279072727713735,
                0.9227791617200269,
                0,
                0.03746548316390877,
                -0.9796037775546,
                0.19741467474910096,
                0,
                -7.7415847778320455,
                -1.1986236572265767,
                -6.262259483337402,
                1
            ],
            "name": "ring_0_R"
        },
        "ring_1_L": {
            "children": [],
            "matrix": [
                1.0000001192092898,
                1.6653345369377348e-16,
                -1.1920928950220899e-7,
                0,
                -8.326672684688674e-15,
                0.9999999403953631,
                -6.891787051634124e-8,
                0,
                1.1920926112213293e-7,
                6.891786639637298e-8,
                0.9999998807907048,
                0,
                8.929748535156264,
                -0.0000019073486292597863,
                -0.00000762939455967171,
                1
            ],
            "name": "ring_1_L"
        },
        "ring_1_R": {
            "children": [],
            "matrix": [
                0.9999997615814207,
                9.23871994129577e-7,
                -3.725290297768025e-8,
                0,
                -9.238722880611228e-7,
                1.000000119209376,
                9.769573807941884e-7,
                0,
                3.7253814436088994e-8,
                -9.769572299114099e-7,
                1,
                0,
                -8.929733276367202,
                3.552713678800501e-15,
                0.000007629394517039145,
                1
            ],
            "name": "ring_1_R"
        },
        "root": {
            "children": [
                "spine1"
            ],
            "matrix": [
                -1.629206851037603e-7,
                -1.0000000000000002,
                0,
                0,
                1.0000000000000002,
                -1.629206851037603e-7,
                0,
                0,
                0,
                0,
                1,
                0,
                0,
                -0.0000035927535009250278,
                82.19261932373047,
                1
            ],
            "name": "root"
        },
        "spine1": {
            "children": [
                "spine2"
            ],
            "matrix": [
                -0.24720960855484017,
                -5.893936353239093e-8,
                0.9689620137214661,
                0,
                -7.004556717727259e-7,
                1.0000000000000002,
                -1.1787872721437304e-7,
                0,
                -0.968962013721456,
                -7.078556922551283e-7,
                -0.24720960855488058,
                0,
                -5.024605274200439,
                2.7483263664862607e-8,
                19.356399536132812,
                1
            ],
            "name": "spine1"
        },
        "spine2": {
            "children": [
                "spine3"
            ],
            "matrix": [
                0.999828815460205,
                1.579462036715995e-7,
                -0.018500447273254367,
                0,
                -1.4567044993273706e-7,
                1,
                6.648861017310977e-7,
                0,
                0.018500447273358922,
                -6.620773150314886e-7,
                0.999828815460203,
                0,
                19.120712280273438,
                6.724076229147613e-8,
                -0.0000095367431640625,
                1
            ],
            "name": "spine2"
        },
        "spine3": {
            "children": [
                "wing0_0_L",
                "clavicle_L",
                "wing1_0_R",
                "clavicle_R",
                "neck1"
            ],
            "matrix": [
                0.9143584966659545,
                2.8421709536283126e-14,
                -0.4049054086208343,
                0,
                -3.737676356552953e-14,
                1,
                -1.421085425198086e-14,
                0,
                0.40490540862083446,
                2.8127869227608738e-14,
                0.9143584966659548,
                0,
                24.09073638916017,
                0.0000010250041668768972,
                -0.0000019073486328125,
                1
            ],
            "name": "spine3"
        },
        "thumb_0_L": {
            "children": [
                "thumb_1_L"
            ],
            "matrix": [
                0.3559667170047761,
                0.13815052807331082,
                -0.9242304563522342,
                0,
                0.8401473893230379,
                -0.48037537682333936,
                0.25177745917865596,
                0,
                -0.4091943635485532,
                -0.8661141979493784,
                -0.2870644504346676,
                0,
                2.2073516845703125,
                1.303352355957017,
                -4.623619079589846,
                1
            ],
            "name": "thumb_0_L"
        },
        "thumb_0_R": {
            "children": [
                "thumb_1_R"
            ],
            "matrix": [
                0.3559676110744477,
                0.13815005123615262,
                -0.9242303967475891,
                0,
                0.8401467943237597,
                -0.4803764348541638,
                0.25177814867204845,
                0,
                -0.40919522991294016,
                -0.8661138406017289,
                -0.2870646982011095,
                0,
                -2.2073211669921875,
                -1.3033523559570312,
                4.62362003326416,
                1
            ],
            "name": "thumb_0_R"
        },
        "thumb_1_L": {
            "children": [],
            "matrix": [
                1,
                -5.551115123125783e-17,
                2.980232233218416e-8,
                0,
                -1.5931700403370996e-14,
                0.9999999403953554,
                5.364418030340268e-7,
                0,
                -2.9802322443206464e-8,
                -5.364418350084499e-7,
                0.9999999999999736,
                0,
                12.369438171386722,
                0.000011444091803980427,
                0.00006866455078125,
                1
            ],
            "name": "thumb_1_L"
        },
        "thumb_1_R": {
            "children": [],
            "matrix": [
                1.0000001192092893,
                -5.960464460885717e-8,
                -1.4901161193847656e-8,
                0,
                5.960463639320679e-8,
                0.9999998807907106,
                3.874301909845279e-7,
                0,
                1.4901138017942017e-8,
                -3.87430284243262e-7,
                1.0000001192092436,
                0,
                -12.369415283203118,
                0.000011444091811085855,
                0.000007629394517039145,
                1
            ],
            "name": "thumb_1_R"
        },
        "upper2_0_A_L": {
            "children": [
                "upper2_1_A_L"
            ],
            "matrix": [
                0.7637826204299928,
                0.012908022850751905,
                0.6453443765640259,
                0,
                -0.5534703602764397,
                0.5275374722034357,
                0.6444955460383982,
                0,
                -0.3321242028324761,
                -0.8494335454314199,
                0.4100681917633169,
                0,
                22.674865722656307,
                3.1397838592529226,
                4.25775146484375,
                1
            ],
            "name": "upper2_0_A_L"
        },
        "upper2_1_A_L": {
            "children": [],
            "matrix": [
                1.0000000000000002,
                6.854534150835256e-7,
                5.364418029230045e-7,
                0,
                -6.854536866995886e-7,
                0.9999999999998008,
                5.066394806463315e-7,
                0,
                -5.364414237818416e-7,
                -5.066398180431086e-7,
                0.999999940395234,
                0,
                84.8648681640625,
                0.00003051757815342171,
                0.000038146972642039145,
                1
            ],
            "name": "upper2_1_A_L"
        },
        "upper3_0_A_R": {
            "children": [
                "upper3_1_A_R"
            ],
            "matrix": [
                0.7773573994636538,
                0.043449077755212825,
                0.6275565624237062,
                0,
                0.5640508023488443,
                -0.48980982079440044,
                -0.6647803638274294,
                0,
                0.2784993216891888,
                0.870745867556867,
                -0.40526484558294623,
                0,
                -23.813262939453182,
                -1.519210815429691,
                -5.19219970703125,
                1
            ],
            "name": "upper3_0_A_R"
        },
        "upper3_1_A_R": {
            "children": [],
            "matrix": [
                1.000000238418579,
                -1.4901161216052117e-7,
                -8.940696716308594e-8,
                0,
                1.4901154865576416e-7,
                1.0000001192092896,
                -5.066394805353092e-7,
                0,
                8.940703183357712e-8,
                5.066394672126329e-7,
                1.0000001192093013,
                0,
                -85.97171020507818,
                -0.00001525878903407829,
                0.000038146972670460855,
                1
            ],
            "name": "upper3_1_A_R"
        },
        "wing0_0_L": {
            "children": [
                "wing0_1_L"
            ],
            "matrix": [
                0.47314152121543895,
                0.7683702111244204,
                0.4309804141521454,
                0,
                0.24941134017687105,
                0.35236248926787855,
                -0.9020170949891807,
                0,
                -0.8449444562918006,
                0.5342731804890524,
                -0.024922921657971747,
                0,
                -2.469451904296875,
                13.185791015625002,
                26.149204254150384,
                1
            ],
            "name": "wing0_0_L"
        },
        "wing0_1_L": {
            "children": [
                "wing0_2_L"
            ],
            "matrix": [
                0.7489707469940181,
                -6.034970283647079e-7,
                -0.6626027822494502,
                0,
                -4.4660072463093003e-7,
                0.9999994635581105,
                -0.0000014156106918211675,
                0,
                0.6626028539349516,
                0.000001356170754359537,
                0.7489708280222394,
                0,
                77.2587356567383,
                0.00006294250488636521,
                0.000053405761732960855,
                1
            ],
            "name": "wing0_1_L"
        },
        "wing0_2_L": {
            "children": [
                "upper2_0_A_L",
                "mid4_0_B_L",
                "lower6_0_C_L"
            ],
            "matrix": [
                0.9999999999999999,
                1.3877787807814457e-17,
                5.551115123125783e-17,
                0,
                0,
                1.0000003576278798,
                3.147870302477873e-7,
                0,
                1.1102230246251565e-16,
                -3.147869927222491e-7,
                1.00000023841858,
                0,
                89.62351989746094,
                -0.00012016296385297665,
                -0.00003814697267756628,
                1
            ],
            "name": "wing0_2_L"
        },
        "wing1_0_R": {
            "children": [
                "wing1_1_R"
            ],
            "matrix": [
                -0.4731415212154386,
                0.7683703303337099,
                -0.4309805035591127,
                0,
                -0.24941133957618783,
                0.35236250572188416,
                0.9020170340045907,
                0,
                0.8449443868724748,
                0.5342730670128405,
                0.02492293816789451,
                0,
                -2.4694366455078125,
                -13.18579387664795,
