{
    "accessors": [
        {
            "bufferView": 0,
            "byteOffset": 0,
            "componentType": 5126,
            "count": 2180,
            "max": [
                87.37890625,
                58.61758041381836,
                234.24472045898438
            ],
            "min": [
                -87.3991928100586,
                -30.610157012939453,
                25.312053680419922
            ],
            "type": "VEC3"
        },
        {
            "bufferView": 0,
            "byteOffset": 26160,
            "componentType": 5126,
            "count": 2180,
            "max": [
                0.9966055154800415,
                0.9992330074310303,
                0.9966451525688171
            ],
            "min": [
                -0.9985291957855225,
                -0.9995968341827393,
                -0.9995818734169006
            ],
            "type": "VEC3"
        },
        {
            "bufferView": 0,
            "byteOffset": 52320,
            "componentType": 5126,
            "count": 2180,
            "max": [
                1.9917000532150269,
                0.987384021282196
            ],
            "min": [
                0.0077749998308718204,
                0.0027930140495300293
            ],
            "type": "VEC2"
        },
        {
            "bufferView": 0,
            "byteOffset": 69760,
            "componentType": 5123,
            "count": 2180,
            "max": [
                32,
                31,
                32,
                0
            ],
            "min": [
                0,
                0,
                0,
                0
            ],
            "type": "VEC4"
        },
        {
            "bufferView": 0,
            "byteOffset": 87200,
            "componentType": 5126,
            "count": 2180,
            "max": [
                1,
                0.9989414215087891,
                0.8144673109054565,
                0
            ],
            "min": [
                0.0010585641721263528,
                0,
                0,
                0
            ],
            "type": "VEC4"
        },
        {
            "bufferView": 2,
            "byteOffset": 0,
            "componentType": 5123,
            "count": 9654,
            "max": [
                2179
            ],
            "min": [
                0
            ],
            "type": "SCALAR"
        },
        {
            "bufferView": 1,
            "byteOffset": 0,
            "componentType": 5126,
            "count": 33,
            "max": [
                0.9376866761157626,
                0.9999999999999746,
                0.9796041953293043,
                0,
                0.9242304640837944,
                0.999452351803147,
                1.000000059604494,
                0,
                0.9999998807904331,
                0.8401463807223962,
                1,
                0,
                103.52460853587954,
                113.30556208012062,
                147.05543508584367,
                1
            ],
            "min": [
                -0.2672339112997808,
                -0.9999999999999312,
                -0.12258213885636608,
                0,
                -0.9999999999999732,
                -0.9994522278648625,
                -1.000000178813886,
                0,
                -1.0000001192088654,
                -0.8401468826006618,
                -0.9822396185043983,
                0,
                -138.24284094876236,
                -112.80948854526208,
                -183.36555195595466,
                1
            ],
            "type": "MAT4"
        },
        {
            "bufferView": 0,
            "byteOffset": 122080,
            "componentType": 5126,
            "count": 1083,
            "max": [
                276.2259216308594,
                139.76576232910156,
                390.0216979980469
            ],
            "min": [
                -276.2259521484375,
                33.298439025878906,
                133.20388793945312
            ],
            "type": "VEC3"
        },
        {
            "bufferView": 0,
            "byteOffset": 135076,
            "componentType": 5126,
            "count": 1083,
            "max": [
                0.9981558918952942,
                0.9913855791091919,
                0.9996657371520996
            ],
            "min": [
                -0.9981558322906494,
                -0.997424840927124,
                -0.9996872544288635
            ],
            "type": "VEC3"
        },
        {
            "bufferView": 0,
            "byteOffset": 148072,
            "componentType": 5126,
            "count": 1083,
            "max": [
                1.9894930124282837,
                0.9902330040931702
            ],
            "min": [
                0.012179000303149223,
                0.009115993976593018
            ],
            "type": "VEC2"
        },
        {
            "bufferView": 0,
            "byteOffset": 156736,
            "componentType": 5123,
            "count": 1083,
            "max": [
                19,
                19,
                19,
                0
            ],
            "min": [
                0,
                0,
                0,
                0
            ],
            "type": "VEC4"
        },
        {
            "bufferView": 0,
            "byteOffset": 165400,
            "componentType": 5126,
            "count": 1083,
            "max": [
                1,
                0.9958270788192749,
                0.9611280560493469,
                0
            ],
            "min": [
                0.002234316896647215,
                0,
                0,
                0
            ],
            "type": "VEC4"
        },
        {
            "bufferView": 2,
            "byteOffset": 19308,
            "componentType": 5123,
            "count": 5028,
            "max": [
                1082
            ],
            "min": [
                0
            ],
            "type": "SCALAR"
        },
        {
            "bufferView": 1,
            "byteOffset": 2112,
            "componentType": 5126,
            "count": 20,
            "max": [
                0.93139612371984,
                0.9999999999985086,
                0.9092796161077508,
                0,
                0.39737774566668704,
                0.9325494530840388,
                0.9828299129831717,
                0,
                0.982829912983985,
                0.5859376049452784,
                0.8350349785599296,
                0,
                361.8554905378031,
                164.526756065542,
                264.62810822953867,
                1
            ],
            "min": [
                1.4946070926100886e-7,
                -0.6521382357004153,
                -0.0000018050562727032968,
                0,
                -0.35697914575465756,
                -0.9325494758362287,
                -0.6677223982134756,
                0,
                -0.9611410152657567,
                -0.6794901262051795,
                -0.8666731923791922,
                0,
                -356.3423814772983,
                -154.66523510637563,
                -109.36199862654182,
                1
            ],
            "type": "MAT4"
        }
    ],
    "asset": {
        "generator": "ClayGL - fbx2gltf",
        "version": "2.0"
    },
    "bufferViews": [
        {
            "buffer": 0,
            "byteLength": 182728,
            "byteOffset": 0,
            "target": 34962
        },
        {
            "buffer": 0,
            "byteLength": 3392,
            "byteOffset": 182728,
            "target": 34962
        },
        {
            "buffer": 0,
            "byteLength": 29364,
            "byteOffset": 186120,
            "target": 34963
        }
    ],
    "buffers": [
        {
            "byteLength": 215484,
            "uri": "nevermore.bin"
        }
    ],
    "images": [
        {
            "uri": "textures/nevermore_color.png"
        }
    ],
    "materials": [
        {
            "emissiveFactor": [
                0,
                0,
                0
            ],
            "name": "Material #35",
            "pbrMetallicRoughness": {
                "baseColorFactor": [
                    1,
                    1,
                    1,
                    1
                ],
                "baseColorTexture": {
                    "index": 0,
                    "texCoord": 0
                },
                "metallicFactor": 0,
                "roughnessFactor": 0.9230769230769231
            }
        },
        {
            "emissiveFactor": [
                0,
                0,
                0
            ],
            "name": "Material #46",
            "pbrMetallicRoughness": {
                "baseColorFactor": [
                    1,
                    1,
                    1,
                    1
                ],
                "baseColorTexture": {
                    "index": 0,
                    "texCoord": 0
                },
                "metallicFactor": 0,
                "roughnessFactor": 0.9230769230769231
            }
        }
    ],
    "meshes": [
        {
            "name": "nevermore_model_lod_LOD0",
            "primitives": [
                {
                    "attributes": {
                        "JOINTS_0": 3,
                        "NORMAL": 1,
                        "POSITION": 0,
                        "TEXCOORD_0": 2,
                        "WEIGHTS_0": 4
                    },
                    "indices": 5,
                    "material": 0
                }
            ]
        },
        {
            "name": "wings_model",
            "primitives": [
                {
                    "attributes": {
                        "JOINTS_0": 10,
                        "NORMAL": 8,
                        "POSITION": 7,
                        "TEXCOORD_0": 9,
                        "WEIGHTS_0": 11
                    },
                    "indices": 12,
                    "material": 1
                }
            ]
        }
    ],
    "nodes": [
        {
            "children": [
                1
            ],
            "matrix": [
                1.6292068478213574e-7,
                1.469367938527879e-39,
                1.0000000000000002,
                0,
                1.0000000000000002,
                6.123233995736847e-17,
                -1.6292068478213574e-7,
                0,
                -6.123233995736685e-17,
                1,
                9.976014756666736e-24,
                0,
                0,
                82.19261932373047,
                0.0000035927535009250278,
                1
            ],
            "name": "root"
        },
        {
            "children": [
                2
            ],
            "matrix": [
                -0.24720960855484017,
                -5.8939363532390954e-8,
                0.9689620137214661,
                0,
                -7.00455671772726e-7,
                1,
                -1.1787872721437304e-7,
                0,
                -0.9689620137214559,
                -7.078556922551285e-7,
                -0.24720960855488058,
                0,
                -5.024605274200439,
                2.7483263664862428e-8,
                19.356399536132812,
                1
            ],
            "name": "spine1"
        },
        {
            "children": [
                3
            ],
            "matrix": [
                0.999828815460205,
                1.579462036715995e-7,
                -0.01850044727325431,
                0,
                -1.45670449932737e-7,
                0.9999999999999999,
                6.648861017310979e-7,
                0,
                0.018500447273359005,
                -6.620773150314883e-7,
                0.9998288154602032,
                0,
                19.120712280273438,
                6.724076229147444e-8,
                -0.0000095367431640625,
                1
            ],
            "name": "spine2"
        },
        {
            "children": [
                4,
                13,
                25,
                34,
                46
            ],
            "matrix": [
                0.9143584966659545,
                2.8421709377464448e-14,
                -0.4049054086208344,
                0,
                -3.737676356552953e-14,
                1.0000000000000002,
                -1.4210854503443767e-14,
                0,
                0.40490540862083424,
                2.812786967759499e-14,
                0.9143584966659546,
                0,
                24.090736389160156,
                0.0000010250041668768972,
                -0.0000019073486328125,
                1
            ],
            "name": "spine3"
        },
        {
            "children": [
                5
            ],
            "matrix": [
                0.47314152121543884,
                0.7683702111244203,
                0.4309804141521454,
                0,
                0.249411340176871,
                0.35236248926787866,
                -0.9020170949891806,
                0,
                -0.8449444562918007,
                0.5342731804890526,
                -0.02492292165797172,
                0,
                -2.4694519042968466,
                13.185791015625002,
                26.149204254150398,
                1
            ],
            "name": "wing0_0_L"
        },
        {
            "children": [
                6
            ],
            "matrix": [
                0.7489707469940189,
                -6.034970282953189e-7,
                -0.6626027822494511,
                0,
                -4.466007247905246e-7,
                0.9999994635581111,
                -0.000001415610691918312,
                0,
                0.662602853934952,
                0.000001356170754251984,
                0.7489708280222397,
                0,
                77.25873565673828,
                0.00006294250488636521,
                0.00005340576171875,
                1
            ],
            "name": "wing0_1_L"
        },
        {
            "children": [
                7,
                9,
                11
            ],
            "matrix": [
                0.9999999999999999,
                -8.326672684688674e-17,
                -6.938893903907228e-18,
                0,
                -2.7755575615628914e-17,
                1.0000003576278798,
                3.1478703022003174e-7,
                0,
                1.3183898417423734e-16,
                -3.1478699275000466e-7,
                1.0000002384185804,
                0,
                89.62351989746091,
                -0.00012016296387429293,
                -0.000038146972642039145,
                1
            ],
            "name": "wing0_2_L"
        },
        {
            "children": [
                8
            ],
            "matrix": [
                0.7637826204299928,
                0.012908022850751877,
                0.6453443765640258,
                0,
                -0.5534703602764398,
                0.5275374722034356,
                0.6444955460383979,
                0,
                -0.33212420283247623,
                -0.8494335454314196,
                0.4100681917633171,
                0,
                22.67486572265625,
                3.1397838592529226,
                4.257751464843743,
                1
            ],
            "name": "upper2_0_A_L"
        },
        {
            "matrix": [
                1,
                6.8545341493087e-7,
                5.364418031450491e-7,
                0,
                -6.854536867134664e-7,
                0.999999999999801,
                5.066394804242869e-7,
                0,
                -5.364414237263304e-7,
                -5.066398180431086e-7,
                0.999999940395234,
                0,
                84.8648681640625,
                0.000030517578125,
                0.000038146972698882564,
                1
            ],
            "name": "upper2_1_A_L"
        },
        {
            "children": [
                10
            ],
            "matrix": [
                0.456342339515686,
                0.031956128776073456,
                0.8892300128936768,
                0,
                -0.5098766857235836,
                0.8284026647457551,
                0.2318925074554385,
                0,
                -0.72923051045186,
                -0.5592203164534775,
                0.3943291033233829,
                0,
                17.348327636718807,
                1.528778076171868,
                19.81563568115233,
                1
            ],
            "name": "mid4_0_B_L"
        },
        {
            "matrix": [
                1.0000001192092896,
                -1.4901161138336505e-8,
                -1.4901161193847656e-8,
                0,
                1.4901164302472125e-8,
                1.0000003576278713,
                -2.9802322498717615e-8,
                0,
                1.4901161665692442e-8,
                2.98023151157345e-8,
                1.0000001192092896,
                0,
                60.10589599609372,
                0,
                -0.0000457763671875,
                1
            ],
            "name": "mid4_1_B_L"
        },
        {
            "children": [
                12
            ],
            "matrix": [
                -0.07051911950111417,
                -0.09657666087150601,
                0.9928242564201355,
                0,
                0.5398026460642334,
                0.8332805918433176,
                0.11939863844736431,
                0,
                -0.8388323351723386,
                0.5443490666060569,
                -0.006629876779820798,
                0,
                2.600433349609432,
                -0.5101833343506001,
                18.6812973022461,
                1
            ],
            "name": "lower6_0_C_L"
        },
        {
            "matrix": [
                0.9999999403953554,
                2.980232239324643e-7,
                0.0000010132789611816406,
                0,
                -2.9802322204508513e-7,
                1.000000238418542,
                -8.940696705206364e-8,
                0,
                -0.000001013279289807656,
                8.940666523793439e-8,
                1.000000238418421,
                0,
                42.55749511718749,
                -0.00006103515625,
                0.00015258789056815658,
                1
            ],
            "name": "lower6_1_C_L"
        },
        {
            "children": [
                14
            ],
            "matrix": [
                -0.03251584619283676,
                0.9376869797706607,
                0.3459559977054597,
                0,
                0.011988689936790975,
                -0.34574816360636706,
                0.938250459145667,
                0,
                0.9993990666790429,
                0.03465557292786249,
                6.55651159753301e-7,
                0,
                8.75360107421875,
                4.24998950958252,
                -7.190765380859382,
                1
            ],
            "name": "clavicle_L"
        },
        {
            "children": [
                15
            ],
            "matrix": [
                0.5712097883224485,
                -0.1360469460487365,
                -0.8094512224197388,
                0,
                -0.7884015722394859,
                0.18341258530719987,
                -0.587182283657714,
                0,
                0.22834783346697962,
                0.9735766098618652,
                -0.0024925614314282307,
                0,
                30.67493820190429,
                -0.0000152587890625,
                -0.000030517578125,
                1
            ],
            "name": "bicep_L"
        },
        {
            "children": [
                16
            ],
            "matrix": [
                0.7816092371940613,
                5.9604644734841464e-8,
                -0.6237680912017823,
                0,
                -4.270717642014619e-7,
                0.9999999999999625,
                -4.395841900076483e-7,
                0,
                0.6237682365008641,
                6.099769447034595e-7,
                0.7816094192603488,
                0,
                45.69897460937499,
                -0.000015258789076710855,
                -0.00000762939453125,
                1
            ],
            "name": "elbow_L"
        },
        {
            "children": [
                17,
                19,
                21,
                23
            ],
            "matrix": [
                0.742170751094818,
                0.567970871925354,
                0.3557969033718107,
                0,
                -0.5099439343624149,
                0.8230378232032423,
                -0.25013156788857543,
                0,
                -0.43490172383518044,
                0.004203860585644221,
                0.9004678389066872,
                0,
                43.95060729980468,
                1.4210854715202004e-14,
                0.000020980834953832073,
                1
            ],
            "name": "wrist_L"
        },
        {
            "children": [
                18
            ],
            "matrix": [
                0.938069462776184,
                0.10256528109312055,
                0.33091688156127924,
                0,
                -0.344415318262726,
                0.17279025233441725,
                0.9227791895446888,
                0,
                0.037465900214680714,
                -0.9796039450600302,
                0.197414337975087,
                0,
                7.741600036621094,
                1.198631286621108,
                6.262251853942873,
                1
            ],
            "name": "ring_0_L"
        },
        {
            "matrix": [
                1.0000001192092896,
                0,
                -1.1920928955078125e-7,
                0,
                -8.271161533457416e-15,
                0.9999999403953628,
                -6.891787052154541e-8,
                0,
                1.1920926110131624e-7,
                6.891786638596464e-8,
                0.999999880790705,
                0,
                8.92974853515625,
                -0.0000019073486328125,
                -0.000007629394517039145,
                1
            ],
            "name": "ring_1_L"
        },
        {
            "children": [
                20
            ],
            "matrix": [
                0.9351768493652346,
                0.2671468257904052,
                -0.23254403471946716,
                0,
                0.19935835494440315,
                0.14564915947817247,
                0.969042397398091,
                0,
                0.2927463127902284,
                -0.9525851862741939,
                0.08294973325638048,
                0,
                22.48279190063476,
                -1.346214294433608,
                -8.724838256835938,
                1
            ],
            "name": "index_0_L"
        },
        {
            "matrix": [
                1.000000119209289,
                4.470348355378739e-8,
                1.4901161193847656e-7,
                0,
                -4.470346287588356e-8,
                0.9999996423721332,
                3.7252902845841263e-9,
                0,
                -1.4901158518557112e-7,
                -3.725298083900874e-9,
                0.9999999403953519,
                0,
                14.66628265380858,
                0.0000019073486328125,
                -0.000007629394538355427,
                1
            ],
            "name": "index_1_L"
        },
        {
            "children": [
                22
            ],
            "matrix": [
                0.3559667170047761,
                0.1381505280733108,
                -0.9242304563522338,
                0,
                0.8401473893230377,
                -0.48037537682333925,
                0.25177745917865596,
                0,
                -0.40919436354855326,
                -0.866114197949378,
                -0.2870644504346675,
                0,
                2.2073516845703125,
                1.3033523559570455,
                -4.623619079589844,
                1
            ],
            "name": "thumb_0_L"
        },
        {
            "matrix": [
                1,
                8.326672684688674e-17,
                2.9802322443206464e-8,
                0,
                -1.6042722705833512e-14,
                0.9999999403953553,
                5.364418029923934e-7,
                0,
                -2.980232233218416e-8,
                -5.364418349529387e-7,
                0.9999999999999736,
                0,
                12.369438171386719,
                0.000011444091793322286,
                0.00006866455078125,
                1
            ],
            "name": "thumb_1_L"
        },
        {
            "children": [
                24
            ],
            "matrix": [
                0.9630632400512695,
                0.26723441481590265,
                0.03309072181582451,
                0,
                -0.0319253032560356,
                -0.008705913576905523,
                0.9994525322721519,
                0,
                0.2673761210604735,
                -0.9635921496326264,
                0.00014719435435056813,
                0,
                23.416000366210938,
                -0.2351837158203125,
                -0.4806790351867667,
                1
            ],
            "name": "mid_0_L"
        },
        {
            "matrix": [
                0.9999998807907107,
                -1.862645149230957e-8,
                5.9604644767128666e-8,
                0,
                1.8626478318073403e-8,
                0.9999998211860662,
                -4.6845525502974255e-7,
                0,
                -5.9604628924828355e-8,
                4.684552282243346e-7,
                0.9999997615814032,
                0,
                16.692668914794922,
                0.000003814697265625,
                -0.000003814697265625,
                1
            ],
            "name": "mid_1_L"
        },
        {
            "children": [
                26
            ],
            "matrix": [
                -0.47314152121543873,
                0.7683703303337099,
                -0.43098050355911266,
                0,
                -0.24941133957618788,
                0.35236250572188427,
                0.9020170340045905,
                0,
                0.8449443868724749,
                0.5342730670128408,
                0.02492293816789451,
                0,
                -2.4694366455078125,
                -13.185793876647951,
                26.149196624755866,
                1
            ],
            "name": "wing1_0_R"
        },
        {
            "children": [
                27
            ],
            "matrix": [
                0.7489711046218868,
                -6.854534149447478e-7,
                -0.6626029610633846,
                0,
                0.0000012381722129251038,
                0.9999996423721522,
                3.6507841716382217e-7,
                0,
                0.6626027972268701,
                -0.0000010938498805068697,
                0.7489709194309463,
                0,
                -77.25871276855469,
                0.00012588500977628314,
                -0.00008392333982953915,
                1
            ],
            "name": "wing1_1_R"
        },
        {
            "children": [
                28,
                30,
                32
            ],
            "matrix": [
                1.0000000000000002,
                -2.7755575615628914e-17,
                2.98023224015731e-8,
                0,
                1.3877787807814457e-16,
                1.0000002384185793,
                -5.5879355587151736e-9,
                0,
                -2.980232951393935e-8,
                5.587935447692871e-9,
                1.0000002384185798,
                0,
                -89.62335205078128,
                0.00003623962403054293,
                -0.000026702880845164145,
                1
            ],
            "name": "wing1_2_R"
        },
        {
            "children": [
                29
            ],
            "matrix": [
                0.4328075349330903,
                0.04828300699591637,
                0.9001921415328981,
                0,
                0.4989992152783991,
                -0.8444656741608807,
                -0.1946220925085323,
                0,
                0.7507845384800983,
                0.5334291617925119,
                -0.38958434886902016,
                0,
                -18.169921874999943,
                -0.9502391815185405,
                -19.91517639160157,
                1
            ],
            "name": "mid5_0_B_R"
        },
        {
            "matrix": [
                0.9999998211860658,
                7.45058065243498e-9,
                -2.9802322443206464e-8,
                0,
                -7.450574712741798e-9,
                0.9999995231628434,
                1.1920928966180355e-7,
                0,
                2.9802325024474996e-8,
                -1.1920933190578964e-7,
                0.9999998807907124,
                0,
                -63.10267639160156,
                -0.00001525878909092171,
                -0.00006103515627842171,
                1
            ],
            "name": "mid5_1_B_R"
        },
        {
            "children": [
                31
            ],
            "matrix": [
                0.7773573994636536,
                0.04344907775521295,
                0.627556562423706,
                0,
                0.5640508023488444,
                -0.48980982079440044,
                -0.6647803638274293,
                0,
                0.27849932168918873,
                0.870745867556867,
                -0.4052648455829463,
                0,
                -23.813262939453068,
                -1.5192108154296875,
                -5.19219970703125,
                1
            ],
            "name": "upper3_0_A_R"
        },
        {
            "matrix": [
                1.0000002384185795,
                -1.4901161168867638e-7,
                -8.940696721859709e-8,
                0,
                1.4901154889168655e-7,
                1.00000011920929,
                -5.066394805353092e-7,
                0,
                8.940703205562173e-8,
                5.06639467268144e-7,
                1.0000001192093018,
                0,
                -85.97171020507812,
                -0.00001525878903407829,
                0.000038146972642039145,
                1
            ],
            "name": "upper3_1_A_R"
        },
        {
            "children": [
                33
            ],
            "matrix": [
                -0.05458509922027527,
                -0.04889480769634191,
                0.9973109364509585,
                0,
                -0.5617272638668922,
                -0.8242565696961386,
                -0.07115514560903133,
                0,
                0.8255196574303468,
                -0.5641010609656442,
                0.017526589625205813,
                0,
                -3.273803710937443,
                -0.1409149169921733,
                -20.48419952392579,
                1
            ],
            "name": "lower7_0_C_R"
        },
        {
            "matrix": [
                1.0000002384185789,
                -5.960464474763505e-8,
                1.1102230246251565e-16,
                0,
                5.960464466436832e-8,
                1.000000238418581,
                -0.0000014305114744428415,
                0,
                8.518186156436514e-14,
                0.0000014305110482282224,
                0.9999999403953157,
                0,
                -42.906501770019524,
                -0.00003051757818184342,
                0.000030517578125,
                1
            ],
            "name": "lower7_1_C_R"
        },
        {
            "children": [
                35
            ],
            "matrix": [
                0.03251671791076673,
                0.937686085700989,
                -0.34595838189125083,
                0,
                -0.011988691795786127,
                -0.345750533455562,
                -0.9382495532547939,
                0,
                -0.9993989474968995,
                0.03465638798410612,
                -0.0000010430813111861337,
                0,
                8.753601074218722,
                -4.2500104904174805,
                -7.190757751464851,
                1
            ],
            "name": "clavicle_R"
        },
        {
            "children": [
                36
            ],
            "matrix": [
                0.5672871470451358,
                -0.1351338326931,
                -0.8123571872711184,
                0,
                -0.7912286746412606,
                0.18408615309037202,
                -0.5831549622915705,
                0,
                0.228347673137606,
                0.9735766090215581,
                -0.0024920547273150073,
                0,
                -30.674945831298828,
                0.000011444091803980427,
                0.00001525878909092171,
                1
            ],
            "name": "bicep_R"
        },
        {
            "children": [
                37
            ],
            "matrix": [
                0.781609117984772,
                -3.5762786855628344e-7,
                -0.6237682104110721,
                0,
                1.6025405536054197e-7,
                0.9999997615814086,
                -3.7252900776793205e-7,
                0,
                0.6237682685307929,
                1.9121074719364792e-7,
                0.7816091908112394,
                0,
                -45.69897842407227,
                -1.4210854715202004e-14,
                0.00000762939453125,
                1
            ],
            "name": "elbow_R"
        },
        {
            "children": [
                38,
                40,
                42,
                44
            ],
            "matrix": [
                0.7443669438362124,
                0.5639812946319578,
                0.35755065083503734,
                0,
                -0.5067443314278588,
                0.8257814758921262,
                -0.2475777246068878,
                0,
                -0.4348880005831844,
                0.0031019093660916717,
                0.9004789455510512,
                0,
                -43.9506721496582,
                -0.00009918212889203915,
                -0.000036239624019884786,
                1
            ],
            "name": "wrist_R"
        },
        {
            "children": [
                39
            ],
            "matrix": [
                0.9630631208419803,
                0.2672344148159026,
                0.0330909788608551,
                0,
                -0.03192562146482845,
                -0.008705748981348169,
                0.9994525854424204,
                0,
                0.267376154160734,
                -0.9635921800773746,
                0.000147438956544709,
                0,
                -23.415946960449233,
                0.2351989746093608,
                0.48065185546875,
                1
            ],
            "name": "mid_0_R"
        },
        {
            "matrix": [
                1.0000001192092898,
                4.768371581892472e-7,
                2.980232241195857e-8,
                0,
                -4.7683715748148003e-7,
                1.0000001192092864,
                -2.4214386939487445e-8,
                0,
                -2.980233386743798e-8,
                2.4214372728388785e-8,
                1.0000001192092907,
                0,
                -16.69268798828125,
                -0.000003814697263848643,
                0.000026702880845164145,
                1
            ],
            "name": "mid_1_R"
        },
        {
            "children": [
                41
            ],
            "matrix": [
                0.35596761107444774,
                0.13815005123615265,
                -0.924230396747589,
                0,
                0.8401467943237598,
                -0.48037643485416387,
                0.2517781486720485,
                0,
                -0.4091952299129404,
                -0.8661138406017288,
                -0.28706469820110964,
                0,
                -2.2073211669921875,
                -1.3033523559570455,
                4.62362003326416,
                1
            ],
            "name": "thumb_0_R"
        },
        {
            "matrix": [
                1.0000001192092898,
                -5.960464474763505e-8,
                -1.4901161193847656e-8,
                0,
                5.960463630994006e-8,
                0.9999998807907106,
                3.874301910261613e-7,
                0,
                1.4901138156719895e-8,
                -3.8743028417387304e-7,
                1.0000001192092438,
                0,
                -12.369415283203121,
                0.000011444091796875,
                0.000007629394545460855,
                1
            ],
            "name": "thumb_1_R"
        },
        {
            "children": [
                43
            ],
            "matrix": [
                0.9351769685745241,
                0.2671467661857605,
                -0.2325434982776642,
                0,
                0.19935782622189888,
                0.1456490208456529,
                0.9690424121674317,
                0,
                0.29274621927094074,
                -0.9525853156507791,
                0.0829497941252758,
                0,
                -22.482772827148445,
                1.346229553222642,
                8.724822998046875,
                1
            ],
            "name": "index_0_R"
        },
        {
            "matrix": [
                1.000000238418579,
                2.2351741793547042e-7,
                2.9802322294020245e-8,
                0,
                -2.235174460796241e-7,
                1.000000357627888,
                5.215406420622237e-8,
                0,
                -2.980230722968158e-8,
                -5.2154058419184857e-8,
                1.0000001192092978,
                0,
                -14.666282653808594,
                -0.000049591064453125,
                -0.000015258789055394573,
                1
            ],
            "name": "index_1_R"
        },
        {
            "children": [
                45
            ],
            "matrix": [
                0.9380695223808289,
                0.10256508737802507,
                0.33091723918914806,
                0,
                -0.34441565460837603,
                0.17279072727713735,
                0.9227791617200268,
                0,
                0.03746548316390876,
                -0.9796037775546,
                0.19741467474910093,
                0,
                -7.741584777832031,
                -1.1986236572265767,
                -6.262259483337401,
                1
            ],
