{
    "accessors": {
        "attrbute_1": {
            "bufferView": "bufferView_13",
            "byteOffset": 0,
            "byteStride": 12,
            "count": 2180,
            "max": [
                87.37890625,
                58.61758041381836,
                234.24472045898438,
                0
            ],
            "min": [
                -87.3991928100586,
                -30.610157012939453,
                25.312053680419922,
                0
            ],
            "type": 35665
        },
        "attrbute_10": {
            "bufferView": "bufferView_13",
            "byteOffset": 165456,
            "byteStride": 16,
            "count": 1083,
            "max": [
                19,
                19,
                19,
                -1
            ],
            "min": [
                0,
                -1,
                -1,
                -1
            ],
            "type": 35666
        },
        "attrbute_11": {
            "bufferView": "bufferView_13",
            "byteOffset": 182784,
            "byteStride": 12,
            "count": 1083,
            "max": [
                1,
                0.9958270788192749,
                0.9611280560493469
            ],
            "min": [
                0.002234316896647215,
                0,
                0
            ],
            "type": 35665
        },
        "attrbute_2": {
            "bufferView": "bufferView_13",
            "byteOffset": 26160,
            "byteStride": 12,
            "count": 2180,
            "max": [
                0.9966055154800415,
                0.9992330074310303,
                0.9966451525688171,
                0
            ],
            "min": [
                -0.9985291957855225,
                -0.9995968341827393,
                -0.9995818734169006,
                0
            ],
            "type": 35665
        },
        "attrbute_3": {
            "bufferView": "bufferView_13",
            "byteOffset": 52320,
            "byteStride": 8,
            "count": 2180,
            "max": [
                1.9917000532150269,
                0.99720698595047
            ],
            "min": [
                0.0077749998308718204,
                0.012615978717803955
            ],
            "type": 35664
        },
        "attrbute_4": {
            "bufferView": "bufferView_13",
            "byteOffset": 69760,
            "byteStride": 16,
            "count": 2180,
            "max": [
                32,
                31,
                32,
                -1
            ],
            "min": [
                0,
                -1,
                -1,
                -1
            ],
            "type": 35666
        },
        "attrbute_5": {
            "bufferView": "bufferView_13",
            "byteOffset": 104640,
            "byteStride": 12,
            "count": 2180,
            "max": [
                1,
                0.9989414215087891,
                0.8144673109054565
            ],
            "min": [
                0.0010585641721263528,
                0,
                0
            ],
            "type": 35665
        },
        "attrbute_7": {
            "bufferView": "bufferView_13",
            "byteOffset": 130800,
            "byteStride": 12,
            "count": 1083,
            "max": [
                276.2259216308594,
                139.76576232910156,
                390.0216979980469,
                0
            ],
            "min": [
                -276.2259521484375,
                33.298439025878906,
                133.20388793945312,
                0
            ],
            "type": 35665
        },
        "attrbute_8": {
            "bufferView": "bufferView_13",
            "byteOffset": 143796,
            "byteStride": 12,
            "count": 1083,
            "max": [
                0.9981558918952942,
                0.9913855791091919,
                0.9996657371520996,
                0
            ],
            "min": [
                -0.9981558322906494,
                -0.997424840927124,
                -0.9996872544288635,
                0
            ],
            "type": 35665
        },
        "attrbute_9": {
            "bufferView": "bufferView_13",
            "byteOffset": 156792,
            "byteStride": 8,
            "count": 1083,
            "max": [
                1.9894930124282837,
                0.990884006023407
            ],
            "min": [
                0.012179000303149223,
                0.009766995906829834
            ],
            "type": 35664
        },
        "indices_12": {
            "bufferView": "bufferView_15",
            "byteOffset": 19308,
            "count": 5028,
            "type": 5123
        },
        "indices_6": {
            "bufferView": "bufferView_15",
            "byteOffset": 0,
            "count": 9654,
            "type": 5123
        }
    },
    "animations": {},
    "asset": {},
    "bufferViews": {
        "bufferView_13": {
            "buffer": "nevermore.bin",
            "byteLength": 195780,
            "byteOffset": 0,
            "target": 34962
        },
        "bufferView_14": {
            "buffer": "nevermore.bin",
            "byteLength": 3520,
            "byteOffset": 195780
        },
        "bufferView_15": {
            "buffer": "nevermore.bin",
            "byteLength": 29364,
            "byteOffset": 199300,
            "target": 34963
        }
    },
    "buffers": {
        "nevermore.bin": {
            "byteLength": 228664,
            "path": "nevermore.bin"
        }
    },
    "cameras": {},
    "images": {
        "image_0": {
            "path": "textures/nevermore_color.png"
        }
    },
    "lights": {},
    "materials": {
        "Material #35": {
            "instanceTechnique": {
                "technique": "technique_0",
                "values": {
                    "ambient": [
                        0.5879999995231628,
                        0.5879999995231628,
                        0.5879999995231628
                    ],
                    "diffuse": "Map #4",
                    "emission": [
                        0,
                        0,
                        0
                    ],
                    "shininess": 2,
                    "specular": [
                        0.8999999761581421,
                        0.8999999761581421,
                        0.8999999761581421
                    ],
                    "transparency": 1
                }
            },
            "name": "Material #35"
        },
        "Material #46": {
            "instanceTechnique": {
                "technique": "technique_0",
                "values": {
                    "ambient": [
                        0.5879999995231628,
                        0.5879999995231628,
                        0.5879999995231628
                    ],
                    "diffuse": "Map #4",
                    "emission": [
                        0,
                        0,
                        0
                    ],
                    "shininess": 2,
                    "specular": [
                        0.8999999761581421,
                        0.8999999761581421,
                        0.8999999761581421
                    ],
                    "transparency": 1
                }
            },
            "name": "Material #46"
        }
    },
    "meshes": {
        "nevermore_model_lod_LOD0-mesh": {
            "name": "nevermore_model_lod_LOD0-mesh",
            "primitives": [
                {
                    "attributes": {
                        "JOINT": "attrbute_4",
                        "NORMAL": "attrbute_2",
                        "POSITION": "attrbute_1",
                        "TEXCOORD_0": "attrbute_3",
                        "WEIGHT": "attrbute_5"
                    },
                    "indices": "indices_6",
                    "material": "Material #35"
                }
            ]
        },
        "wings_model-mesh": {
            "name": "wings_model-mesh",
            "primitives": [
                {
                    "attributes": {
                        "JOINT": "attrbute_10",
                        "NORMAL": "attrbute_8",
                        "POSITION": "attrbute_7",
                        "TEXCOORD_0": "attrbute_9",
                        "WEIGHT": "attrbute_11"
                    },
                    "indices": "indices_12",
                    "material": "Material #46"
                }
            ]
        }
    },
    "nodes": {
        "bicep_L": {
            "children": [
                "elbow_L"
            ],
            "jointId": "bicep_L",
            "matrix": [
                0.5712097883224485,
                -0.13604694604873652,
                -0.8094512224197387,
                0,
                -0.7884015722394857,
                0.18341258530719987,
                -0.587182283657714,
                0,
                0.22834783346697946,
                0.9735766098618652,
                -0.0024925614314281475,
                0,
                30.67493820190429,
                -0.000015258789055394573,
                -0.000030517578125,
                1
            ],
            "name": "bicep_L"
        },
        "bicep_R": {
            "children": [
                "elbow_R"
            ],
            "jointId": "bicep_R",
            "matrix": [
                0.5672871470451356,
                -0.1351338326931,
                -0.8123571872711184,
                0,
                -0.7912286746412605,
                0.18408615309037202,
                -0.5831549622915705,
                0,
                0.22834767313760598,
                0.9735766090215581,
                -0.0024920547273148963,
                0,
                -30.674945831298825,
                0.000011444091796875,
                0.00001525878909092171,
                1
            ],
            "name": "bicep_R"
        },
        "clavicle_L": {
            "children": [
                "bicep_L"
            ],
            "jointId": "clavicle_L",
            "matrix": [
                -0.032515846192836755,
                0.9376869797706608,
                0.34595599770545954,
                0,
                0.01198868993679092,
                -0.345748163606367,
                0.9382504591456668,
                0,
                0.9993990666790427,
                0.0346555729278625,
                6.556511597255454e-7,
                0,
                8.75360107421875,
                4.24998950958252,
                -7.190765380859382,
                1
            ],
            "name": "clavicle_L"
        },
        "clavicle_R": {
            "children": [
                "bicep_R"
            ],
            "jointId": "clavicle_R",
            "matrix": [
                0.03251671791076674,
                0.9376860857009893,
                -0.3459583818912508,
                0,
                -0.0119886917957861,
                -0.34575053345556184,
                -0.938249553254794,
                0,
                -0.9993989474968993,
                0.0346563879841061,
                -0.0000010430813112138893,
                0,
                8.75360107421875,
                -4.2500104904174805,
                -7.190757751464851,
                1
            ],
            "name": "clavicle_R"
        },
        "elbow_L": {
            "children": [
                "wrist_L"
            ],
            "jointId": "elbow_L",
            "matrix": [
                0.7816092371940608,
                5.960464466436832e-8,
                -0.6237680912017821,
                0,
                -4.270717641752242e-7,
                0.9999999999999623,
                -4.3958418999290316e-7,
                0,
                0.6237682365008637,
                6.099769447043268e-7,
                0.7816094192603484,
                0,
                45.698974609375,
                -0.000015258789076710855,
                -0.000007629394524144573,
                1
            ],
            "name": "elbow_L"
        },
        "elbow_R": {
            "children": [
                "wrist_R"
            ],
            "jointId": "elbow_R",
            "matrix": [
                0.781609117984772,
                -3.576278687078549e-7,
                -0.6237682104110721,
                0,
                1.602540555811771e-7,
                0.999999761581409,
                -3.7252900772499764e-7,
                0,
                0.623768268530793,
                1.9121074726347054e-7,
                0.7816091908112396,
                0,
                -45.69897842407226,
                0,
                0.00000762939453125,
                1
            ],
            "name": "elbow_R"
        },
        "head": {
            "children": [
                "jaw1_0"
            ],
            "jointId": "head",
            "matrix": [
                0.5835012197494505,
                2.1487478463200693e-9,
                -0.8121120929718018,
                0,
                7.168956358934684e-8,
                0.9999999999999996,
                5.4154710937836975e-8,
                0,
                0.8121120929718019,
                -8.981930141818641e-8,
                0.5835012197494501,
                0,
                22.275642395019517,
                0.000005391648301156251,
                0.00000762939453125,
                1
            ],
            "name": "head"
        },
        "index_0_L": {
            "children": [
                "index_1_L"
            ],
            "jointId": "index_0_L",
            "matrix": [
                0.9351768493652349,
                0.26714682579040544,
                -0.23254403471946725,
                0,
                0.19935835494440315,
                0.14564915947817253,
                0.9690423973980912,
                0,
                0.29274631279022845,
                -0.9525851862741942,
                0.08294973325638053,
                0,
                22.482791900634766,
                -1.346214294433608,
                -8.72483825683594,
                1
            ],
            "name": "index_0_L"
        },
        "index_0_R": {
            "children": [
                "index_1_R"
            ],
            "jointId": "index_0_R",
            "matrix": [
                0.9351769685745243,
                0.26714676618576055,
                -0.2325434982776642,
                0,
                0.1993578262218988,
                0.14564902084565282,
                0.9690424121674316,
                0,
                0.29274621927094074,
                -0.952585315650779,
                0.08294979412527577,
                0,
                -22.48277282714843,
                1.3462295532226562,
                8.724822998046875,
                1
            ],
            "name": "index_0_R"
        },
        "index_1_L": {
            "children": [],
            "jointId": "index_1_L",
            "matrix": [
                1.0000001192092893,
                4.470348358154297e-8,
                1.490116118829654e-7,
                0,
                -4.470346276486126e-8,
                0.999999642372133,
                3.725290305400808e-9,
                0,
                -1.4901158512659052e-7,
                -3.725298083900874e-9,
                0.999999940395352,
                0,
                14.666282653808594,
                0.0000019073486292597863,
                -0.00000762939453125,
                1
            ],
            "name": "index_1_L"
        },
        "index_1_R": {
            "children": [],
            "jointId": "index_1_R",
            "matrix": [
                1.0000002384185787,
                2.2351741790771484e-7,
                2.9802322443206464e-8,
                0,
                -2.2351744602411294e-7,
                1.0000003576278877,
                5.2154064157650115e-8,
                0,
                -2.9802307177639875e-8,
                -5.2154058433062644e-8,
                1.0000001192092978,
                0,
                -14.666282653808594,
                -0.000049591064456677714,
                -0.000015258789069605427,
                1
            ],
            "name": "index_1_R"
        },
        "jaw1_0": {
            "children": [],
            "jointId": "jaw1_0",
            "matrix": [
                1,
                -4.9960036061603135e-15,
                8.673617379884035e-19,
                0,
                4.9960036386271525e-15,
                0.9999999999999997,
                2.6469779601696886e-23,
                0,
                0,
                -2.6469779601696886e-23,
                0.9999999999999999,
                0,
                6.222522735595703,
                9.536724974168431e-7,
                -3.675521850585966,
                1
            ],
            "name": "jaw1_0"
        },
        "lower6_0_C_L": {
            "children": [
                "lower6_1_C_L"
            ],
            "jointId": "lower6_0_C_L",
            "matrix": [
                -0.07051911950111411,
                -0.09657666087150626,
                0.9928242564201355,
                0,
                0.5398026460642333,
                0.8332805918433176,
                0.11939863844736454,
                0,
                -0.8388323351723386,
                0.5443490666060569,
                -0.006629876779820798,
                0,
                2.600433349609375,
                -0.5101833343505824,
                18.68129730224608,
                1
            ],
            "name": "lower6_0_C_L"
        },
        "lower6_1_C_L": {
            "children": [],
            "jointId": "lower6_1_C_L",
            "matrix": [
                0.9999999403953551,
                2.9802322371041967e-7,
                0.0000010132789612371518,
                0,
                -2.98023222183863e-7,
                1.0000002384185418,
                -8.940696721859709e-8,
                0,
                -0.0000010132792897521448,
                8.940666507140094e-8,
                1.000000238418421,
                0,
                42.55749511718753,
                -0.00006103515625,
                0.000152587890625,
                1
            ],
            "name": "lower6_1_C_L"
        },
        "lower7_0_C_R": {
            "children": [
                "lower7_1_C_R"
            ],
            "jointId": "lower7_0_C_R",
            "matrix": [
                -0.05458509922027527,
                -0.04889480769634204,
                0.9973109364509585,
                0,
                -0.5617272638668922,
                -0.8242565696961387,
                -0.07115514560903122,
                0,
                0.8255196574303472,
                -0.564101060965644,
                0.017526589625205674,
                0,
                -3.2738037109375,
                -0.14091491699218395,
                -20.48419952392578,
                1
            ],
            "name": "lower7_0_C_R"
        },
        "lower7_1_C_R": {
            "children": [],
            "jointId": "lower7_1_C_R",
            "matrix": [
                1.000000238418579,
                -5.9604644581101596e-8,
                2.7755575615628914e-17,
                0,
                5.96046446921239e-8,
                1.000000238418581,
                -0.0000014305114748869308,
                0,
                8.526512829121202e-14,
                0.0000014305110481727112,
                0.9999999403953159,
                0,
                -42.90650177001952,
                -0.000030517578125,
                0.000030517578125,
                1
            ],
            "name": "lower7_1_C_R"
        },
        "mid4_0_B_L": {
            "children": [
                "mid4_1_B_L"
            ],
            "jointId": "mid4_0_B_L",
            "matrix": [
                0.45634233951568615,
                0.03195612877607344,
                0.8892300128936769,
                0,
                -0.5098766857235835,
                0.8284026647457549,
                0.2318925074554385,
                0,
                -0.7292305104518598,
                -0.5592203164534776,
                0.3943291033233828,
                0,
                17.348327636718807,
                1.5287780761718786,
                19.81563568115233,
                1
            ],
            "name": "mid4_0_B_L"
        },
        "mid4_1_B_L": {
            "children": [],
            "jointId": "mid4_1_B_L",
            "matrix": [
                1.0000001192092896,
                -1.4901161124458717e-8,
                -1.4901161193847656e-8,
                0,
                1.490116427471655e-8,
                1.000000357627871,
                -2.980232222116186e-8,
                0,
                1.4901161582425715e-8,
                2.9802315226756804e-8,
                1.0000001192092896,
                0,
                60.10589599609378,
                -2.842170943040401e-14,
                -0.00004577636721592171,
                1
            ],
            "name": "mid4_1_B_L"
        },
        "mid5_0_B_R": {
            "children": [
                "mid5_1_B_R"
            ],
            "jointId": "mid5_0_B_R",
            "matrix": [
                0.43280753493309054,
                0.048283006995916394,
                0.9001921415328982,
                0,
                0.4989992152783993,
                -0.8444656741608808,
                -0.1946220925085323,
                0,
                0.7507845384800984,
                0.5334291617925119,
                -0.3895843488690203,
                0,
                -18.169921874999943,
                -0.9502391815185511,
                -19.915176391601577,
                1
            ],
            "name": "mid5_0_B_R"
        },
        "mid5_1_B_R": {
            "children": [],
            "jointId": "mid5_1_B_R",
            "matrix": [
                0.9999998211860658,
                7.450580610801616e-9,
                -2.9802322359939737e-8,
                0,
                -7.450574782130737e-9,
                0.9999995231628435,
                1.192092896062924e-7,
                0,
                2.980232510774172e-8,
                -1.1920933190578964e-7,
                0.9999998807907126,
                0,
                -63.10267639160156,
                -0.0000152587890625,
                -0.00006103515625,
                1
            ],
            "name": "mid5_1_B_R"
        },
        "mid_0_L": {
            "children": [
                "mid_1_L"
            ],
            "jointId": "mid_0_L",
            "matrix": [
                0.9630632400512698,
                0.2672344148159028,
                0.03309072181582452,
                0,
                -0.03192530325603558,
                -0.008705913576905523,
                0.9994525322721522,
                0,
                0.26737612106047337,
                -0.9635921496326267,
                0.00014719435435056252,
                0,
                23.416000366210938,
                -0.2351837158203267,
                -0.48067903518676847,
                1
            ],
            "name": "mid_0_L"
        },
        "mid_0_R": {
            "children": [
                "mid_1_R"
            ],
            "jointId": "mid_0_R",
            "matrix": [
                0.9630631208419804,
                0.2672344148159026,
                0.0330909788608551,
                0,
                -0.031925621464828455,
                -0.008705748981348163,
                0.9994525854424204,
                0,
                0.2673761541607341,
                -0.9635921800773748,
                0.00014743895654471044,
                0,
                -23.415946960449205,
                0.235198974609375,
                0.4806518554687518,
                1
            ],
            "name": "mid_0_R"
        },
        "mid_1_L": {
            "children": [],
            "jointId": "mid_1_L",
            "matrix": [
                0.9999998807907108,
                -1.8626451495779017e-8,
                5.960464483090178e-8,
                0,
                1.8626478307665062e-8,
                0.9999998211860662,
                -4.684552550315857e-7,
                0,
                -5.9604628954712524e-8,
                4.6845522821969965e-7,
                0.9999997615814034,
                0,
                16.69266891479493,
                0.000003814697265625,
                -0.000003814697279835855,
                1
            ],
            "name": "mid_1_L"
        },
        "mid_1_R": {
            "children": [],
            "jointId": "mid_1_R",
            "matrix": [
                1.0000001192092898,
                4.768371582100639e-7,
                2.9802322443206464e-8,
                0,
                -4.7683715747454114e-7,
                1.0000001192092862,
                -2.421438693479827e-8,
                0,
                -2.980233398952592e-8,
                2.4214372729147726e-8,
                1.0000001192092904,
                0,
                -16.69268798828125,
                -0.000003814697265625,
                0.000026702880873585855,
                1
            ],
            "name": "mid_1_R"
        },
        "neck1": {
            "children": [
                "head"
            ],
            "jointId": "neck1",
            "matrix": [
                0.9047831296920775,
                -8.628684327049994e-7,
                -0.42587223649024963,
                0,
                3.444590616115424e-7,
                1.0000000000000002,
                -0.000001294302933274055,
                0,
                0.42587223649104916,
                0.0000010243679077887332,
                0.9047831296917013,
                0,
                22.158355712890597,
                -0.000007728471246082336,
                0.00003433227538351957,
                1
            ],
            "name": "neck1"
        },
        "nevermore_model_lod_LOD0": {
            "children": [],
            "instanceSkin": {
                "skeletons": [
                    "root"
                ],
                "skin": "skin_0",
                "sources": [
                    "nevermore_model_lod_LOD0-mesh"
                ]
            },
            "matrix": [
                1,
                0,
                0,
                0,
                0,
                1,
                0,
                0,
                0,
                0,
                1,
                0,
                0,
                0,
                0,
                1
            ],
            "name": "nevermore_model_lod_LOD0"
        },
        "ring_0_L": {
            "children": [
                "ring_1_L"
            ],
            "jointId": "ring_0_L",
            "matrix": [
                0.9380694627761837,
                0.10256528109312057,
                0.3309168815612793,
                0,
                -0.3444153182627261,
                0.1727902523344173,
                0.9227791895446891,
                0,
                0.03746590021468068,
                -0.9796039450600307,
                0.19741433797508706,
                0,
                7.741600036621094,
                1.1986312866210653,
                6.262251853942873,
                1
            ],
            "name": "ring_0_L"
        },
        "ring_0_R": {
            "children": [
                "ring_1_R"
            ],
            "jointId": "ring_0_R",
            "matrix": [
                0.9380695223808291,
                0.10256508737802507,
                0.3309172391891481,
                0,
                -0.344415654608376,
                0.17279072727713737,
                0.922779161720027,
                0,
                0.03746548316390876,
                -0.9796037775546,
                0.19741467474910096,
                0,
                -7.741584777832031,
                -1.1986236572265767,
                -6.262259483337401,
                1
            ],
            "name": "ring_0_R"
        },
        "ring_1_L": {
            "children": [],
            "jointId": "ring_1_L",
            "matrix": [
                1.0000001192092896,
                5.551115123125783e-17,
                -1.1920928954384236e-7,
                0,
                -8.104628079763643e-15,
                0.9999999403953626,
                -6.89178705284843e-8,
                0,
                1.192092611568274e-7,
                6.891786639637298e-8,
                0.9999998807907046,
                0,
                8.929748535156236,
                -0.0000019073486328125,
                -0.00000762939453125,
                1
            ],
            "name": "ring_1_L"
        },
        "ring_1_R": {
            "children": [],
            "jointId": "ring_1_R",
            "matrix": [
                0.9999997615814211,
                9.23871994129577e-7,
                -3.725290296380246e-8,
                0,
                -9.238722879501005e-7,
                1.0000001192093761,
                9.769573808583731e-7,
                0,
                3.7253814436088994e-8,
                -9.769572298819196e-7,
                1.0000000000000002,
                0,
                -8.929733276367173,
                0,
                0.000007629394517039145,
                1
            ],
            "name": "ring_1_R"
        },
        "root": {
            "children": [
                "spine1"
            ],
            "jointId": "root",
            "matrix": [
                -1.629206851037603e-7,
                -1.0000000000000002,
                0,
                0,
                1.0000000000000002,
                -1.629206851037603e-7,
                0,
                0,
                0,
                0,
                1,
                0,
                0,
                -0.0000035927535009250278,
                82.19261932373047,
                1
            ],
            "name": "root"
        },
        "spine1": {
            "children": [
                "spine2"
            ],
            "jointId": "spine1",
            "matrix": [
                -0.24720960855484017,
                -5.893936353239093e-8,
                0.9689620137214661,
                0,
                -7.004556717727259e-7,
                1.0000000000000002,
                -1.1787872721437304e-7,
                0,
                -0.968962013721456,
                -7.078556922551283e-7,
                -0.24720960855488058,
                0,
                -5.024605274200439,
                2.7483263664862607e-8,
                19.356399536132812,
                1
            ],
            "name": "spine1"
        },
        "spine2": {
            "children": [
                "spine3"
            ],
            "jointId": "spine2",
            "matrix": [
                0.999828815460205,
                1.579462036715995e-7,
                -0.018500447273254367,
                0,
                -1.4567044993273706e-7,
                1,
                6.648861017310977e-7,
                0,
                0.018500447273358922,
                -6.620773150314886e-7,
                0.999828815460203,
                0,
                19.120712280273438,
                6.724076229147613e-8,
                -0.0000095367431640625,
                1
            ],
            "name": "spine2"
        },
        "spine3": {
            "children": [
                "wing0_0_L",
                "clavicle_L",
                "wing1_0_R",
                "clavicle_R",
                "neck1"
            ],
            "jointId": "spine3",
            "matrix": [
                0.9143584966659545,
                2.8421709536283126e-14,
                -0.4049054086208343,
                0,
                -3.737676356552953e-14,
                1,
                -1.421085425198086e-14,
                0,
                0.40490540862083446,
                2.8127869227608738e-14,
                0.9143584966659548,
                0,
                24.09073638916017,
                0.0000010250041668768972,
                -0.0000019073486328125,
                1
            ],
            "name": "spine3"
        },
        "thumb_0_L": {
            "children": [
                "thumb_1_L"
            ],
            "jointId": "thumb_0_L",
            "matrix": [
                0.355966717004776,
                0.13815052807331082,
                -0.9242304563522343,
                0,
                0.8401473893230377,
                -0.48037537682333936,
                0.251777459178656,
                0,
                -0.4091943635485532,
                -0.8661141979493785,
                -0.28706445043466766,
                0,
                2.2073516845703125,
                1.3033523559570028,
                -4.6236190795898455,
                1
            ],
            "name": "thumb_0_L"
        },
        "thumb_0_R": {
            "children": [
                "thumb_1_R"
            ],
            "jointId": "thumb_0_R",
            "matrix": [
                0.3559676110744477,
                0.13815005123615268,
                -0.9242303967475892,
                0,
                0.8401467943237598,
                -0.4803764348541639,
                0.25177814867204856,
                0,
                -0.4091952299129402,
                -0.8661138406017289,
                -0.28706469820110975,
                0,
                -2.2073211669921733,
                -1.3033523559570312,
                4.623620033264162,
                1
            ],
            "name": "thumb_0_R"
        },
        "thumb_1_L": {
            "children": [],
            "jointId": "thumb_1_L",
            "matrix": [
                0.9999999999999998,
                0,
                2.9802322359939737e-8,
                0,
                -1.5931700403370996e-14,
                0.9999999403953553,
                5.364418030340268e-7,
                0,
                -2.980232247096204e-8,
                -5.364418350084499e-7,
                0.9999999999999735,
                0,
                12.369438171386722,
                0.000011444091796875,
                0.00006866455076703915,
                1
            ],
            "name": "thumb_1_L"
        },
        "thumb_1_R": {
            "children": [],
            "jointId": "thumb_1_R",
            "matrix": [
                1.0000001192092896,
                -5.9604644719879474e-8,
                -1.4901161193847656e-8,
                0,
                5.9604636226673335e-8,
                0.9999998807907107,
                3.8743019104003906e-7,
                0,
                1.490113812896432e-8,
                -3.874302843542843e-7,
                1.0000001192092438,
                0,
                -12.369415283203125,
                0.000011444091803980427,
                0.00000762939453125,
                1
            ],
            "name": "thumb_1_R"
        },
        "upper2_0_A_L": {
            "children": [
                "upper2_1_A_L"
            ],
            "jointId": "upper2_0_A_L",
            "matrix": [
                0.7637826204299929,
                0.012908022850751835,
                0.6453443765640261,
                0,
                -0.5534703602764398,
                0.5275374722034357,
                0.6444955460383982,
                0,
                -0.33212420283247623,
                -0.8494335454314197,
                0.4100681917633169,
                0,
                22.67486572265625,
                3.1397838592529226,
                4.257751464843764,
                1
            ],
            "name": "upper2_0_A_L"
        },
        "upper2_1_A_L": {
            "children": [],
            "jointId": "upper2_1_A_L",
            "matrix": [
                1.0000000000000002,
                6.854534149725033e-7,
                5.364418029230045e-7,
                0,
                -6.854536867550998e-7,
                0.9999999999998008,
                5.066394805353092e-7,
                0,
                -5.364414237263304e-7,
                -5.066398179875975e-7,
                0.999999940395234,
                0,
                84.8648681640625,
                0.00003051757815342171,
                0.00003814697262782829,
                1
            ],
            "name": "upper2_1_A_L"
        },
        "upper3_0_A_R": {
            "children": [
                "upper3_1_A_R"
            ],
            "jointId": "upper3_0_A_R",
            "matrix": [
                0.7773573994636538,
                0.043449077755212825,
                0.627556562423706,
                0,
                0.5640508023488443,
                -0.4898098207944006,
                -0.6647803638274296,
                0,
                0.27849932168918873,
                0.8707458675568671,
                -0.4052648455829464,
                0,
                -23.813262939453125,
                -1.5192108154296875,
                -5.192199707031236,
                1
            ],
            "name": "upper3_0_A_R"
        },
        "upper3_1_A_R": {
            "children": [],
            "jointId": "upper3_1_A_R",
            "matrix": [
                1.000000238418579,
                -1.4901161216052117e-7,
                -8.940696716308594e-8,
                0,
                1.490115488222976e-7,
                1.000000119209289,
                -5.066394805353092e-7,
                0,
                8.940703200011058e-8,
                5.066394672126329e-7,
                1.000000119209301,
                0,
                -85.97171020507818,
                -0.00001525878903407829,
                0.000038146972670460855,
                1
            ],
            "name": "upper3_1_A_R"
        },
        "wing0_0_L": {
            "children": [
                "wing0_1_L"
            ],
            "jointId": "wing0_0_L",
            "matrix": [
                0.47314152121543895,
                0.7683702111244204,
                0.4309804141521454,
                0,
                0.24941134017687105,
                0.35236248926787855,
                -0.9020170949891807,
                0,
                -0.8449444562918006,
                0.5342731804890524,
                -0.024922921657971747,
                0,
                -2.469451904296875,
                13.185791015625002,
                26.149204254150384,
                1
            ],
            "name": "wing0_0_L"
        },
        "wing0_1_L": {
            "children": [
                "wing0_2_L"
            ],
            "jointId": "wing0_1_L",
            "matrix": [
                0.7489707469940182,
                -6.034970284063412e-7,
                -0.6626027822494504,
                0,
                -4.466007246656245e-7,
                0.9999994635581108,
                -0.0000014156106918350453,
                0,
                0.6626028539349516,
                0.0000013561707543560675,
                0.7489708280222394,
                0,
                77.2587356567383,
                0.00006294250488636521,
