{
    "accessors": {
        "attrbute_1": {
            "bufferView": "bufferView_19",
            "byteOffset": 0,
            "byteStride": 12,
            "count": 596,
            "max": [
                61.18220520019531,
                53.91798400878906,
                134.76629638671875,
                0
            ],
            "min": [
                14.805648803710938,
                -35.38576126098633,
                96.05123138427734,
                0
            ],
            "type": 35665
        },
        "attrbute_10": {
            "bufferView": "bufferView_19",
            "byteOffset": 52304,
            "byteStride": 16,
            "count": 517,
            "max": [
                0,
                -1,
                -1,
                -1
            ],
            "min": [
                0,
                -1,
                -1,
                -1
            ],
            "type": 35666
        },
        "attrbute_11": {
            "bufferView": "bufferView_19",
            "byteOffset": 60576,
            "byteStride": 12,
            "count": 517,
            "max": [
                1,
                0,
                0
            ],
            "min": [
                1,
                0,
                0
            ],
            "type": 35665
        },
        "attrbute_13": {
            "bufferView": "bufferView_19",
            "byteOffset": 66780,
            "byteStride": 12,
            "count": 3724,
            "max": [
                58.9896240234375,
                47.602684020996094,
                125.75801086425781,
                0
            ],
            "min": [
                -58.989620208740234,
                -29.12790298461914,
                0.07165200263261795,
                0
            ],
            "type": 35665
        },
        "attrbute_14": {
            "bufferView": "bufferView_19",
            "byteOffset": 111468,
            "byteStride": 12,
            "count": 3724,
            "max": [
                0.9996640086174011,
                0.9993289709091187,
                0.9999079704284668,
                0
            ],
            "min": [
                -0.9996340274810791,
                -0.9999079704284668,
                -0.9970089793205261,
                0
            ],
            "type": 35665
        },
        "attrbute_15": {
            "bufferView": "bufferView_19",
            "byteOffset": 156156,
            "byteStride": 8,
            "count": 3724,
            "max": [
                0.9945999979972839,
                -0.0038999998942017555
            ],
            "min": [
                0.0024999999441206455,
                -0.9961000084877014
            ],
            "type": 35664
        },
        "attrbute_16": {
            "bufferView": "bufferView_19",
            "byteOffset": 185948,
            "byteStride": 16,
            "count": 3724,
            "max": [
                41,
                41,
                41,
                -1
            ],
            "min": [
                0,
                -1,
                -1,
                -1
            ],
            "type": 35666
        },
        "attrbute_17": {
            "bufferView": "bufferView_19",
            "byteOffset": 245532,
            "byteStride": 12,
            "count": 3724,
            "max": [
                1,
                0.9998930096626282,
                0.980472981929779
            ],
            "min": [
                0.00010699999984353781,
                0,
                0
            ],
            "type": 35665
        },
        "attrbute_2": {
            "bufferView": "bufferView_19",
            "byteOffset": 7152,
            "byteStride": 12,
            "count": 596,
            "max": [
                0.9999079704284668,
                0.9911800026893616,
                0.9960020184516907,
                0
            ],
            "min": [
                -0.9941710233688354,
                -0.9923400282859802,
                -0.9833369851112366,
                0
            ],
            "type": 35665
        },
        "attrbute_3": {
            "bufferView": "bufferView_19",
            "byteOffset": 14304,
            "byteStride": 8,
            "count": 596,
            "max": [
                1.8975000381469727,
                -0.012400000356137753
            ],
            "min": [
                0.006399999838322401,
                -0.9904999732971191
            ],
            "type": 35664
        },
        "attrbute_4": {
            "bufferView": "bufferView_19",
            "byteOffset": 19072,
            "byteStride": 16,
            "count": 596,
            "max": [
                3,
                -1,
                -1,
                -1
            ],
            "min": [
                0,
                -1,
                -1,
                -1
            ],
            "type": 35666
        },
        "attrbute_5": {
            "bufferView": "bufferView_19",
            "byteOffset": 28608,
            "byteStride": 12,
            "count": 596,
            "max": [
                1,
                0,
                0
            ],
            "min": [
                1,
                0,
                0
            ],
            "type": 35665
        },
        "attrbute_7": {
            "bufferView": "bufferView_19",
            "byteOffset": 35760,
            "byteStride": 12,
            "count": 517,
            "max": [
                -73.55704498291016,
                -44.36378860473633,
                91.1823959350586,
                0
            ],
            "min": [
                -101.9549789428711,
                -74.3128890991211,
                -4.948614120483398,
                0
            ],
            "type": 35665
        },
        "attrbute_8": {
            "bufferView": "bufferView_19",
            "byteOffset": 41964,
            "byteStride": 12,
            "count": 517,
            "max": [
                0.9971010088920593,
                0.9994509816169739,
                0.9999690055847168,
                0
            ],
            "min": [
                -0.9984440207481384,
                -0.9611499905586243,
                -0.9999690055847168,
                0
            ],
            "type": 35665
        },
        "attrbute_9": {
            "bufferView": "bufferView_19",
            "byteOffset": 48168,
            "byteStride": 8,
            "count": 517,
            "max": [
                0.9825999736785889,
                -0.008799999952316284
            ],
            "min": [
                0.01489999983459711,
                -0.984499990940094
            ],
            "type": 35664
        },
        "indices_12": {
            "bufferView": "bufferView_21",
            "byteOffset": 3924,
            "count": 1620,
            "type": 5123
        },
        "indices_18": {
            "bufferView": "bufferView_21",
            "byteOffset": 7164,
            "count": 15036,
            "type": 5123
        },
        "indices_6": {
            "bufferView": "bufferView_21",
            "byteOffset": 0,
            "count": 1962,
            "type": 5123
        }
    },
    "animations": {},
    "asset": {},
    "bufferViews": {
        "bufferView_19": {
            "buffer": "rattletrap.bin",
            "byteLength": 290220,
            "byteOffset": 0,
            "target": 34962
        },
        "bufferView_20": {
            "buffer": "rattletrap.bin",
            "byteLength": 3776,
            "byteOffset": 290220
        },
        "bufferView_21": {
            "buffer": "rattletrap.bin",
            "byteLength": 37236,
            "byteOffset": 293996,
            "target": 34963
        }
    },
    "buffers": {
        "rattletrap.bin": {
            "byteLength": 331232,
            "path": "rattletrap.bin"
        }
    },
    "cameras": {},
    "images": {
        "image_0": {
            "path": "textures/rattletrap_rocket_color.png"
        },
        "image_1": {
            "path": "textures/rattletrap_weapon_color.png"
        },
        "image_2": {
            "path": "textures/rattletrap_color.png"
        }
    },
    "lights": {},
    "materials": {
        "Material #35": {
            "instanceTechnique": {
                "technique": "technique_0",
                "values": {
                    "ambient": [
                        0.5879999995231628,
                        0.5879999995231628,
                        0.5879999995231628
                    ],
                    "diffuse": "Map #4",
                    "emission": [
                        0,
                        0,
                        0
                    ],
                    "shininess": 2,
                    "specular": [
                        0.8999999761581421,
                        0.8999999761581421,
                        0.8999999761581421
                    ],
                    "transparency": 1
                }
            },
            "name": "Material #35"
        },
        "Material #46": {
            "instanceTechnique": {
                "technique": "technique_0",
                "values": {
                    "ambient": [
                        0.5879999995231628,
                        0.5879999995231628,
                        0.5879999995231628
                    ],
                    "diffuse": "Map #5",
                    "emission": [
                        0,
                        0,
                        0
                    ],
                    "shininess": 2,
                    "specular": [
                        0.8999999761581421,
                        0.8999999761581421,
                        0.8999999761581421
                    ],
                    "transparency": 1
                }
            },
            "name": "Material #46"
        },
        "Material #57": {
            "instanceTechnique": {
                "technique": "technique_0",
                "values": {
                    "ambient": [
                        0.5879999995231628,
                        0.5879999995231628,
                        0.5879999995231628
                    ],
                    "diffuse": "Map #6",
                    "emission": [
                        0,
                        0,
                        0
                    ],
                    "shininess": 2,
                    "specular": [
                        0.8999999761581421,
                        0.8999999761581421,
                        0.8999999761581421
                    ],
                    "transparency": 1
                }
            },
            "name": "Material #57"
        }
    },
    "meshes": {
        "SMDImport-mesh": {
            "name": "SMDImport-mesh",
            "primitives": [
                {
                    "attributes": {
                        "JOINT": "attrbute_4",
                        "NORMAL": "attrbute_2",
                        "POSITION": "attrbute_1",
                        "TEXCOORD_0": "attrbute_3",
                        "WEIGHT": "attrbute_5"
                    },
                    "indices": "indices_6",
                    "material": "Material #35"
                }
            ]
        },
        "SMDImport001-mesh": {
            "name": "SMDImport001-mesh",
            "primitives": [
                {
                    "attributes": {
                        "JOINT": "attrbute_10",
                        "NORMAL": "attrbute_8",
                        "POSITION": "attrbute_7",
                        "TEXCOORD_0": "attrbute_9",
                        "WEIGHT": "attrbute_11"
                    },
                    "indices": "indices_12",
                    "material": "Material #46"
                }
            ]
        },
        "SMDImport002-mesh": {
            "name": "SMDImport002-mesh",
            "primitives": [
                {
                    "attributes": {
                        "JOINT": "attrbute_16",
                        "NORMAL": "attrbute_14",
                        "POSITION": "attrbute_13",
                        "TEXCOORD_0": "attrbute_15",
                        "WEIGHT": "attrbute_17"
                    },
                    "indices": "indices_18",
                    "material": "Material #57"
                }
            ]
        }
    },
    "nodes": {
        "Eye_L": {
            "children": [],
            "jointId": "Eye_L",
            "matrix": [
                0.9999998807907107,
                2.048686714204738e-14,
                -1.1368683750985779e-13,
                0,
                -2.0486869938850448e-14,
                1,
                -2.2737367501971559e-13,
                0,
                1.1368683750985779e-13,
                2.2737364960872717e-13,
                0.9999998807907109,
                0,
                14.29889297485352,
                7.024415016174317,
                7.6436080932617045,
                1
            ],
            "name": "Eye_L"
        },
        "Eye_R": {
            "children": [],
            "jointId": "Eye_R",
            "matrix": [
                0.9999998807907107,
                2.048686714204738e-14,
                -1.1368683750985779e-13,
                0,
                -2.0486869938850448e-14,
                1,
                -2.2737367501971559e-13,
                0,
                1.1368683750985779e-13,
                2.2737364960872717e-13,
                0.9999998807907109,
                0,
                13.93436336517334,
                -6.89419984817505,
                8.217460632324219,
                1
            ],
            "name": "Eye_R"
        },
        "Head_0": {
            "children": [
                "Head_1",
                "front_flap1_0",
                "missle_gun2_0",
                "back_thing",
                "rocket_1_jnt",
                "rocket_2_jnt",
                "rocket_3_jnt",
                "rocket_4_jnt",
                "shoulder_flap"
            ],
            "jointId": "Head_0",
            "matrix": [
                0.9849623441696169,
                2.1316282152212344e-14,
                -0.17276880145072943,
                0,
                -2.2888061026623115e-14,
                0.9999999999999998,
                -7.105427364218447e-15,
                0,
                0.17276880145072937,
                1.0952921280332102e-14,
                0.9849623441696169,
                0,
                0.24407958984375,
                3.637978807091713e-12,
                -4.518657684326172,
                1
            ],
            "name": "Head_0"
        },
        "Head_1": {
            "children": [
                "Jaw",
                "Eye_R",
                "Eye_L"
            ],
            "jointId": "Head_1",
            "matrix": [
                0.543180406093598,
                5.431803060673703e-7,
                -0.8396160006523137,
                0,
                0.0000023584639197518447,
                1,
                0.0000021727214516373923,
                0,
                0.8396160006532459,
                -0.0000031603837644125582,
                0.5431804060921567,
                0,
                18.41541290283203,
                -0.000008000002708286044,
                6.294235229492195,
                1
            ],
            "name": "Head_1"
        },
        "Jaw": {
            "children": [],
            "jointId": "Jaw",
            "matrix": [
                0.9999998807907107,
                2.048686714204738e-14,
                -1.1368683750985779e-13,
                0,
                -2.0486869938850448e-14,
                1,
                -2.2737367501971559e-13,
                0,
                1.1368683750985779e-13,
                2.2737364960872717e-13,
                0.9999998807907109,
                0,
                3.3657915592193612,
                -0.0000010000076144934243,
                5.282440185546861,
                1
            ],
            "name": "Jaw"
        },
        "Root_0": {
            "children": [
                "thigh_R",
                "thigh_L",
                "Spine_0"
            ],
            "jointId": "Root_0",
            "matrix": [
                3.139164733214211e-7,
                -1,
                0,
                0,
                1,
                3.139164733214211e-7,
                0,
                0,
                0,
                0,
                1,
                0,
                0,
                11.336180686950684,
                52.78605651855469,
                1
            ],
            "name": "Root_0"
        },
        "SMDImport": {
            "children": [],
            "instanceSkin": {
                "skeletons": [
                    "Root_0"
                ],
                "skin": "skin_0",
                "sources": [
                    "SMDImport-mesh"
                ]
            },
            "matrix": [
                1,
                0,
                0,
                0,
                0,
                1,
                0,
                0,
                0,
                0,
                1,
                0,
                0,
                0,
                0,
                1
            ],
            "name": "SMDImport"
        },
        "SMDImport001": {
            "children": [],
            "instanceSkin": {
                "skeletons": [
                    "Root_0"
                ],
                "skin": "skin_1",
                "sources": [
                    "SMDImport001-mesh"
                ]
            },
            "matrix": [
                1,
                0,
                0,
                0,
                0,
                1,
                0,
                0,
                0,
                0,
                1,
                0,
                0,
                0,
                0,
                1
            ],
            "name": "SMDImport001"
        },
        "SMDImport002": {
            "children": [],
            "instanceSkin": {
                "skeletons": [
                    "Root_0"
                ],
                "skin": "skin_2",
                "sources": [
                    "SMDImport002-mesh"
                ]
            },
            "matrix": [
                1,
                0,
                0,
                0,
                0,
                1,
                0,
                0,
                0,
                0,
                1,
                0,
                0,
                0,
                0,
                1
            ],
            "name": "SMDImport002"
        },
        "Spine_0": {
            "children": [
                "Spine_1"
            ],
            "jointId": "Spine_0",
            "matrix": [
                0.014030786231165613,
                9.821490465359776e-8,
                0.999901533126831,
                0,
                1.5189634205090805e-7,
                0.9999999999999993,
                -1.0035601150086628e-7,
                0,
                -0.9999015331268312,
                1.5328945903744033e-7,
                0.01403078623115056,
                0,
                0.2539196014404297,
                -0.000003999999989900971,
                11.144451141357422,
                1
            ],
            "name": "Spine_0"
        },
        "Spine_1": {
            "children": [
                "Spine_3"
            ],
            "jointId": "Spine_1",
            "matrix": [
                0.9896845221519469,
                -7.1054273178963325e-15,
                -0.14326333999633792,
                0,
                1.0490156046168821e-14,
                0.9999999999999997,
                2.287059430107437e-14,
                0,
                0.1432633399963379,
                -2.4137527962883528e-14,
                0.989684522151947,
                0,
                12.43665695190429,
                -0.000004000003173132425,
                0.0000019073486328125,
                1
            ],
            "name": "Spine_1"
        },
        "Spine_3": {
            "children": [
                "Head_0",
                "clavicle_L",
                "clavicle_R"
            ],
            "jointId": "Spine_3",
            "matrix": [
                0.9706709980964663,
                -6.617444900424221e-23,
                -0.2404117584228517,
                0,
                3.0797246974068566e-15,
                0.9999999999999999,
                1.2434497915506423e-14,
                0,
                0.24041175842285167,
                -1.2810208478247806e-14,
                0.9706709980964664,
                0,
                9.88275146484375,
                -0.000004000003173132427,
                0,
                1
            ],
            "name": "Spine_3"
        },
        "ankle_L": {
            "children": [
                "toeBase_L"
            ],
            "jointId": "ankle_L",
            "matrix": [
                0.3122975230216979,
                -0.09623341262340551,
                0.945097744464874,
                0,
                0.26779022916557454,
                0.9634291924615241,
                0.009611549500528985,
                0,
                -0.9114596256304937,
                0.25008625560984166,
                0.32664688817031157,
                0,
                23.22365379333496,
                0.000011444091793322286,
                0.00000596046447887133,
                1
            ],
            "name": "ankle_L"
        },
        "ankle_R": {
            "children": [
                "toeBase_R"
            ],
            "jointId": "ankle_R",
            "matrix": [
                0.08980870246887196,
                -0.1724363267421722,
                0.9809180498123168,
                0,
                0.21778845379461678,
                0.9644620471026136,
                0.14960372506621966,
                0,
                -0.9718555092006822,
                0.20019694231067992,
                0.12417174671106462,
                0,
                -23.223651885986328,
                -0.000013351440433240214,
                8.881784197001252e-16,
                1
            ],
            "name": "ankle_R"
        },
        "back_thing": {
            "children": [
                "landMine_arm",
                "landMine"
            ],
            "jointId": "back_thing",
            "matrix": [
                0.5431804060935976,
                -1.1185198808576099e-14,
                -0.8396160006523135,
                0,
                9.608903894287733e-15,
                1,
                -7.105427350983557e-15,
                0,
                0.8396160006523136,
                -4.208260534646982e-15,
                0.5431804060935977,
                0,
                3.0655975341796875,
                -11.473486900329592,
                21.632049560546882,
                1
            ],
            "name": "back_thing"
        },
        "bicep_L": {
            "children": [
                "elbow_L"
            ],
            "jointId": "bicep_L",
            "matrix": [
                0.8596708774566649,
                -0.25114101171493525,
                -0.4448528289794922,
                0,
                -0.45838720500264835,
                0.00515768060918359,
                -0.8887376006415233,
                0,
                0.22549284126475216,
                0.9679365588989481,
                -0.11068590500018799,
                0,
                17.080663681030273,
                7.105427357601002e-15,
                0,
                1
            ],
            "name": "bicep_L"
        },
        "bicep_R": {
            "children": [
                "elbow_R"
            ],
            "jointId": "bicep_R",
            "matrix": [
                0.8596724867820739,
                -0.2511344552040101,
                -0.44485390186309803,
                0,
                -0.4583871937180817,
                0.0051586388182127685,
                -0.8887375586143681,
                0,
                0.225487431506611,
                0.9679384227149253,
                -0.11068206274450831,
                0,
                -17.080652236938477,
                0,
                -0.00000762939453125,
                1
            ],
            "name": "bicep_R"
        },
        "clavicle_L": {
            "children": [
                "bicep_L"
            ],
            "jointId": "clavicle_L",
            "matrix": [
                -0.22439217567443862,
                0.973895728588104,
                -0.034280333667993525,
                0,
                -0.007698882594318335,
                0.03340461084278461,
                0.99941199996325,
                0,
                0.9744684661836082,
                0.22452421487598806,
                0.0000021755695338576686,
                0,
                3.867919921875014,
                6.9890589714050275,
                -1.8560867309570241,
                1
            ],
            "name": "clavicle_L"
        },
        "clavicle_R": {
            "children": [
                "bicep_R"
            ],
            "jointId": "clavicle_R",
            "matrix": [
                0.2243927866220474,
                0.9738958477973939,
                0.034279301762580865,
                0,
                0.007699018957285253,
                0.03340352205289184,
                -0.9994122979657191,
                0,
                -0.9744682397045801,
                0.2245247591031111,
                -0.000002533197402343479,
                0,
                3.867919921875,
                -6.989065170288086,
                -1.8560943603515625,
                1
            ],
            "name": "clavicle_R"
        },
        "elbow_L": {
            "children": [
                "wrist_L"
            ],
            "jointId": "elbow_L",
            "matrix": [
                0.7366886138916019,
                0.0000013709068298339844,
                -0.6762322187423706,
                0,
                1.087705746583012e-7,
                1.000000000000005,
                0.0000021457671396385436,
                0,
                0.6762323053875764,
                -0.0000016543165989035824,
                0.7366887082796933,
                0,
                21.33606338500977,
                0.00006103515625,
                0.0000514984130859375,
                1
            ],
            "name": "elbow_L"
        },
        "elbow_R": {
            "children": [
                "wrist_R"
            ],
            "jointId": "elbow_R",
            "matrix": [
                0.7366914153099062,
                0.000001430511474609375,
                -0.676229238510132,
                0,
                6.888768383506161e-8,
                0.999999999999998,
                0.0000021904708576436782,
                0,
                0.6762291791251106,
                -0.0000016602847965896395,
                0.7366913506117122,
                0,
                -21.33608055114745,
                -0.00006103515625,
                0.0001087188720703125,
                1
            ],
            "name": "elbow_R"
        },
        "front_flap1_0": {
            "children": [],
            "jointId": "front_flap1_0",
            "matrix": [
                0.5431804060935976,
                -1.1185198808576099e-14,
                -0.8396160006523135,
                0,
                9.608903894287733e-15,
                1,
                -7.105427350983557e-15,
                0,
                0.8396160006523136,
                -4.208260534646982e-15,
                0.5431804060935977,
                0,
                -17.50446319580078,
                0.000006000001121719837,
                -26.86601448059082,
                1
            ],
            "name": "front_flap1_0"
        },
        "index_0_L": {
            "children": [
                "index_1_L"
            ],
            "jointId": "index_0_L",
            "matrix": [
                0.4130326807498933,
                0.908351540565491,
                -0.06558597087860102,
                0,
                -0.3076299000470996,
                0.2069384878141076,
                0.928730505883785,
                0,
                0.8571860053588236,
                -0.3634198270387164,
                0.3649084340961359,
                0,
                14.225914001464847,
                0.8934783935546875,
                2.342531204223631,
                1
            ],
            "name": "index_0_L"
        },
        "index_0_R": {
            "children": [
                "index_1_R"
            ],
            "jointId": "index_0_R",
            "matrix": [
                0.4130457341670989,
                0.9083461761474609,
                -0.06557783484458918,
                0,
                -0.3076310499750213,
                0.20693632108272847,
                0.928730312861446,
                0,
                0.8571791991674422,
                -0.3634343729354196,
                0.3649097100133653,
                0,
                -13.849821090698235,
                -1.6880111694335938,
                -2.2963972091674822,
                1
            ],
            "name": "index_0_R"
        },
        "index_1_L": {
            "children": [],
            "jointId": "index_1_L",
            "matrix": [
                0.47511726617813094,
                5.401670932284053e-7,
                -0.879922568798065,
                0,
                -0.000001081719100570755,
                1.0000001192091879,
                2.9802322110139556e-8,
                0,
                0.8799224515797013,
                9.37669215106407e-7,
                0.4751172028862414,
                0,
                5.930576324462898,
                -0.000011444091796875,
                2.4831848144531214,
                1
            ],
            "name": "index_1_L"
        },
        "index_1_R": {
            "children": [],
            "jointId": "index_1_R",
            "matrix": [
                0.47511905431747425,
                3.7252903400952775e-9,
                -0.8799215555191038,
                0,
                7.495020604153524e-8,
                0.9999998211860669,
                4.4703485635455564e-8,
                0,
                0.8799214844507329,
                -8.718978816713019e-8,
                0.4751190159436699,
                0,
                -5.443317413330078,
                -0.008487701416012072,
                -2.9350013732910156,
                1
            ],
            "name": "index_1_R"
        },
        "knee_L": {
            "children": [
                "ankle_L"
            ],
            "jointId": "knee_L",
            "matrix": [
                0.6502543091773988,
                -0.0000012367963790615999,
                -0.7597165107727051,
                0,
                0.0000011882265568974315,
                1.0000000000000224,
                -6.109475488291771e-7,
                0,
                0.7597165058155504,
                -5.054440543189598e-7,
                0.6502543049353086,
                0,
                23.812580108642575,
                0.00000762939453125,
                -0.0000019073486328125,
                1
            ],
            "name": "knee_L"
        },
        "knee_R": {
            "children": [
                "ankle_R"
            ],
            "jointId": "knee_R",
            "matrix": [
                0.6502549648284911,
                6.55651092584808e-7,
                -0.7597156763076782,
                0,
                -3.2062110685848744e-7,
                0.9999998807906947,
                5.885959204615654e-7,
                0,
                0.7597157451115786,
                -1.3915656768559437e-7,
                0.6502550237189262,
                0,
                -23.812576293945316,
                -0.0000095367431640625,
                -0.000007629394534802714,
                1
            ],
            "name": "knee_R"
        },
        "landMine": {
            "children": [],
            "jointId": "landMine",
            "matrix": [
                -0.18464206159114838,
                0.9808427095413204,
                0.062089063227176666,
                0,
                0.31872270013419196,
                -0.0000013854362667070948,
                0.9478476927314462,
                0,
                0.9296897186125771,
                0.1948017738971624,
                -0.31261662584614175,
                0,
                -6.371997833251953,
                -9.79975318908691,
                3.3349456787109233,
                1
            ],
            "name": "landMine"
        },
        "landMine_arm": {
            "children": [],
            "jointId": "landMine_arm",
            "matrix": [
                1.9470718377063206e-7,
                0.9999999999999994,
                9.536742595628311e-7,
                0,
                0.3187188506127385,
                -9.659962472294782e-7,
                0.9478492140769628,
                0,
                0.9478492140769994,
                1.1940091275457644e-7,
                -0.3187188506126293,
                0,
                -19.56218719482422,
                4.89345407485962,
                -1.3942413330078267,
                1
            ],
            "name": "landMine_arm"
        },
        "missle_gun2_0": {
            "children": [
                "missle_lever",
                "missle_gun2_1"
            ],
            "jointId": "missle_gun2_0",
            "matrix": [
                0.7628510594367981,
                0.42396232485771174,
                0.48817452788352983,
                0,
                -0.39912178541463983,
                0.9027709387502995,
                -0.16033280043928422,
                0,
                -0.5086848643260109,
                -0.07253104543525705,
                0.8578924019926993,
                0,
                15.003547668457031,
                26.646352767944336,
                17.616447448730476,
                1
            ],
            "name": "missle_gun2_0"
        },
        "missle_gun2_1": {
            "children": [],
            "jointId": "missle_gun2_1",
            "matrix": [
                0.9951090216636657,
                0.009274721145629772,
                0.09834672510623935,
                0,
                -0.016788255862656143,
                0.996977984702483,
                0.07584850499517183,
                0,
                -0.09734604446787791,
                -0.0771286003190246,
                0.9922574770858169,
                0,
                7.8465652465820455,
                5.784317016601566,
                -6.01193857192993,
                1
            ],
            "name": "missle_gun2_1"
        },
        "missle_lever": {
            "children": [],
            "jointId": "missle_lever",
            "matrix": [
                -0.03617516905069336,
                0.08204063773155178,
                -0.9959720969200131,
                0,
                0.002925105254832583,
                0.99662917561403,
                0.08198851877947644,
                0,
                0.9993410104910474,
                0.00005262530059679804,
                -0.03629319806485058,
                0,
                7.178741455078139,
                0.018766403198235082,
                0.9452915191650426,
                1
            ],
            "name": "missle_lever"
        },
        "rocket_1_jnt": {
            "children": [],
            "jointId": "rocket_1_jnt",
            "matrix": [
                0.5431804060935976,
                -1.1185198808576099e-14,
                -0.8396160006523135,
                0,
                9.608903894287733e-15,
                1,
                -7.105427350983557e-15,
                0,
                0.8396160006523136,
                -4.208260534646982e-15,
                0.5431804060935977,
                0,
                -33.832618713378906,
                21.658298492431644,
                9.320747375488288,
                1
            ],
            "name": "rocket_1_jnt"
        },
        "rocket_2_jnt": {
            "children": [],
            "jointId": "rocket_2_jnt",
            "matrix": [
                0.5431804060935976,
                -1.1185198808576099e-14,
                -0.8396160006523135,
                0,
                9.608903894287733e-15,
                1,
                -7.105427350983557e-15,
                0,
                0.8396160006523136,
                -4.208260534646982e-15,
                0.5431804060935977,
                0,
                -36.033477783203125,
                9.833374977111816,
                12.7226791381836,
                1
            ],
            "name": "rocket_2_jnt"
        },
        "rocket_3_jnt": {
            "children": [],
            "jointId": "rocket_3_jnt",
            "matrix": [
                0.5431804060935974,
                0.0000027159017008671084,
                -0.8396160006523136,
                0,
                0.0000033961610000047626,
                0.9999999999999998,
                0.000005431804311096616,
                0,
                0.839616000660873,
                -0.000005801920787874975,
                0.5431804060803676,
                0,
                -36.775814056396484,
                -2.223586559295654,
                13.443359375,
                1
            ],
            "name": "rocket_3_jnt"
        },
        "rocket_4_jnt": {
            "children": [],
            "jointId": "rocket_4_jnt",
            "matrix": [
                0.5431804060935976,
                -1.1185198808576099e-14,
                -0.8396160006523135,
                0,
                9.608903894287733e-15,
                1,
                -7.105427350983557e-15,
                0,
                0.8396160006523136,
                -4.208260534646982e-15,
                0.5431804060935977,
                0,
                -34.694557189941406,
                -13.808070182800295,
                12.40721511840821,
                1
            ],
            "name": "rocket_4_jnt"
        },
        "shoulder_flap": {
            "children": [],
            "jointId": "shoulder_flap",
            "matrix": [
                1.947071837706322e-7,
                1,
                -9.983779136746313e-7,
                0,
                0.9725340008735669,
                4.302405101310408e-8,
                0.2327609658241248,
                0,
                0.23276096582416717,
                -0.0000010162766989171388,
                -0.9725340008735565,
                0,
                21.707901000976577,
                -19.86106681823731,
                8.903911590576172,
                1
            ],
            "name": "shoulder_flap"
        },
        "thigh_L": {
            "children": [
                "knee_L"
            ],
            "jointId": "thigh_L",
            "matrix": [
                0.3626044392585755,
                0.40398111939430253,
