{
    "animations": {},
    "asset": {},
    "attributes": {
        "attribute_1": {
            "bufferView": "bufferView_19",
            "byteOffset": 0,
            "byteStride": 12,
            "count": 352,
            "max": [
                1,
                1,
                1
            ],
            "min": [
                0,
                0,
                0
            ],
            "type": "FLOAT_VEC3"
        },
        "attribute_10": {
            "bufferView": "bufferView_19",
            "byteOffset": 30496,
            "byteStride": 16,
            "count": 293,
            "max": [
                1,
                1,
                1
            ],
            "min": [
                0,
                0,
                0
            ],
            "type": "FLOAT_VEC4"
        },
        "attribute_11": {
            "bufferView": "bufferView_19",
            "byteOffset": 35184,
            "byteStride": 12,
            "count": 293,
            "max": [
                1,
                1,
                1
            ],
            "min": [
                0,
                0,
                0
            ],
            "type": "FLOAT_VEC3"
        },
        "attribute_13": {
            "bufferView": "bufferView_19",
            "byteOffset": 38700,
            "byteStride": 12,
            "count": 2580,
            "max": [
                1,
                1,
                1
            ],
            "min": [
                0,
                0,
                0
            ],
            "type": "FLOAT_VEC3"
        },
        "attribute_14": {
            "bufferView": "bufferView_19",
            "byteOffset": 69660,
            "byteStride": 12,
            "count": 2580,
            "max": [
                1,
                1,
                1
            ],
            "min": [
                0,
                0,
                0
            ],
            "type": "FLOAT_VEC3"
        },
        "attribute_15": {
            "bufferView": "bufferView_19",
            "byteOffset": 100620,
            "byteStride": 8,
            "count": 2580,
            "max": [
                1,
                1,
                1
            ],
            "min": [
                0,
                0,
                0
            ],
            "type": "FLOAT_VEC2"
        },
        "attribute_16": {
            "bufferView": "bufferView_19",
            "byteOffset": 121260,
            "byteStride": 16,
            "count": 2580,
            "max": [
                1,
                1,
                1
            ],
            "min": [
                0,
                0,
                0
            ],
            "type": "FLOAT_VEC4"
        },
        "attribute_17": {
            "bufferView": "bufferView_19",
            "byteOffset": 162540,
            "byteStride": 12,
            "count": 2580,
            "max": [
                1,
                1,
                1
            ],
            "min": [
                0,
                0,
                0
            ],
            "type": "FLOAT_VEC3"
        },
        "attribute_2": {
            "bufferView": "bufferView_19",
            "byteOffset": 4224,
            "byteStride": 12,
            "count": 352,
            "max": [
                1,
                1,
                1
            ],
            "min": [
                0,
                0,
                0
            ],
            "type": "FLOAT_VEC3"
        },
        "attribute_3": {
            "bufferView": "bufferView_19",
            "byteOffset": 8448,
            "byteStride": 8,
            "count": 352,
            "max": [
                1,
                1,
                1
            ],
            "min": [
                0,
                0,
                0
            ],
            "type": "FLOAT_VEC2"
        },
        "attribute_4": {
            "bufferView": "bufferView_19",
            "byteOffset": 11264,
            "byteStride": 16,
            "count": 352,
            "max": [
                1,
                1,
                1
            ],
            "min": [
                0,
                0,
                0
            ],
            "type": "FLOAT_VEC4"
        },
        "attribute_5": {
            "bufferView": "bufferView_19",
            "byteOffset": 16896,
            "byteStride": 12,
            "count": 352,
            "max": [
                1,
                1,
                1
            ],
            "min": [
                0,
                0,
                0
            ],
            "type": "FLOAT_VEC3"
        },
        "attribute_7": {
            "bufferView": "bufferView_19",
            "byteOffset": 21120,
            "byteStride": 12,
            "count": 293,
            "max": [
                1,
                1,
                1
            ],
            "min": [
                0,
                0,
                0
            ],
            "type": "FLOAT_VEC3"
        },
        "attribute_8": {
            "bufferView": "bufferView_19",
            "byteOffset": 24636,
            "byteStride": 12,
            "count": 293,
            "max": [
                1,
                1,
                1
            ],
            "min": [
                0,
                0,
                0
            ],
            "type": "FLOAT_VEC3"
        },
        "attribute_9": {
            "bufferView": "bufferView_19",
            "byteOffset": 28152,
            "byteStride": 8,
            "count": 293,
            "max": [
                1,
                1,
                1
            ],
            "min": [
                0,
                0,
                0
            ],
            "type": "FLOAT_VEC2"
        }
    },
    "bufferViews": {
        "bufferView_19": {
            "buffer": "rattletrap.bin",
            "byteLength": 193500,
            "byteOffset": 0,
            "target": "ARRAY_BUFFER"
        },
        "bufferView_20": {
            "buffer": "rattletrap.bin",
            "byteLength": 37236,
            "byteOffset": 193500,
            "target": "ELEMENT_ARRAY_BUFFER"
        }
    },
    "buffers": {
        "rattletrap.bin": {
            "byteLength": 230736,
            "path": "rattletrap.bin"
        }
    },
    "cameras": {},
    "images": {
        "image_0": {
            "path": "textures/rattletrap_rocket_color.png"
        },
        "image_1": {
            "path": "textures/rattletrap_weapon_color.png"
        },
        "image_2": {
            "path": "textures/rattletrap_color.png"
        }
    },
    "indices": {
        "indices_12": {
            "bufferView": "bufferView_20",
            "byteOffset": 3924,
            "count": 1620,
            "type": "UNSIGNED_SHORT"
        },
        "indices_18": {
            "bufferView": "bufferView_20",
            "byteOffset": 7164,
            "count": 15036,
            "type": "UNSIGNED_SHORT"
        },
        "indices_6": {
            "bufferView": "bufferView_20",
            "byteOffset": 0,
            "count": 1962,
            "type": "UNSIGNED_SHORT"
        }
    },
    "lights": {},
    "materials": {
        "Material #35": {
            "instanceTechnique": {
                "technique": "technique_0",
                "values": [
                    {
                        "parameter": "ambient",
                        "value": [
                            0.5879999995231628,
                            0.5879999995231628,
                            0.5879999995231628
                        ]
                    },
                    {
                        "parameter": "emission",
                        "value": [
                            0,
                            0,
                            0
                        ]
                    },
                    {
                        "parameter": "diffuse",
                        "value": "Map #4"
                    },
                    {
                        "parameter": "shininess",
                        "value": 2
                    },
                    {
                        "parameter": "specular",
                        "value": [
                            0.8999999761581421,
                            0.8999999761581421,
                            0.8999999761581421
                        ]
                    }
                ]
            },
            "name": "Material #35"
        },
        "Material #46": {
            "instanceTechnique": {
                "technique": "technique_0",
                "values": [
                    {
                        "parameter": "ambient",
                        "value": [
                            0.5879999995231628,
                            0.5879999995231628,
                            0.5879999995231628
                        ]
                    },
                    {
                        "parameter": "emission",
                        "value": [
                            0,
                            0,
                            0
                        ]
                    },
                    {
                        "parameter": "diffuse",
                        "value": "Map #5"
                    },
                    {
                        "parameter": "shininess",
                        "value": 2
                    },
                    {
                        "parameter": "specular",
                        "value": [
                            0.8999999761581421,
                            0.8999999761581421,
                            0.8999999761581421
                        ]
                    }
                ]
            },
            "name": "Material #46"
        },
        "Material #57": {
            "instanceTechnique": {
                "technique": "technique_0",
                "values": [
                    {
                        "parameter": "ambient",
                        "value": [
                            0.5879999995231628,
                            0.5879999995231628,
                            0.5879999995231628
                        ]
                    },
                    {
                        "parameter": "emission",
                        "value": [
                            0,
                            0,
                            0
                        ]
                    },
                    {
                        "parameter": "diffuse",
                        "value": "Map #6"
                    },
                    {
                        "parameter": "shininess",
                        "value": 2
                    },
                    {
                        "parameter": "specular",
                        "value": [
                            0.8999999761581421,
                            0.8999999761581421,
                            0.8999999761581421
                        ]
                    }
                ]
            },
            "name": "Material #57"
        }
    },
    "meshes": {
        "SMDImport-mesh": {
            "name": "SMDImport-mesh",
            "primitives": [
                {
                    "indices": "indices_6",
                    "material": "Material #35",
                    "semantics": {
                        "JOINT": "attribute_4",
                        "NORMAL": "attribute_2",
                        "POSITION": "attribute_1",
                        "TEXCOORD_0": "attribute_3",
                        "WEIGHT": "attribute_5"
                    },
                    "skin": "skin_0"
                }
            ]
        },
        "SMDImport001-mesh": {
            "name": "SMDImport001-mesh",
            "primitives": [
                {
                    "indices": "indices_12",
                    "material": "Material #46",
                    "semantics": {
                        "JOINT": "attribute_10",
                        "NORMAL": "attribute_8",
                        "POSITION": "attribute_7",
                        "TEXCOORD_0": "attribute_9",
                        "WEIGHT": "attribute_11"
                    },
                    "skin": "skin_1"
                }
            ]
        },
        "SMDImport002-mesh": {
            "name": "SMDImport002-mesh",
            "primitives": [
                {
                    "indices": "indices_18",
                    "material": "Material #57",
                    "semantics": {
                        "JOINT": "attribute_16",
                        "NORMAL": "attribute_14",
                        "POSITION": "attribute_13",
                        "TEXCOORD_0": "attribute_15",
                        "WEIGHT": "attribute_17"
                    },
                    "skin": "skin_2"
                }
            ]
        }
    },
    "nodes": {
        "Eye_L": {
            "children": [],
            "matrix": [
                0.9999998807907107,
                2.0486867225832133e-14,
                -1.1368683750985779e-13,
                0,
                -2.048686983297133e-14,
                1,
                -2.2737367501971559e-13,
                0,
                1.1368683750985779e-13,
                2.2737364833817775e-13,
                0.9999998807907109,
                0,
                14.298892974853517,
                7.024415016174317,
                7.643608093261719,
                1
            ],
            "name": "Eye_L"
        },
        "Eye_R": {
            "children": [],
            "matrix": [
                0.9999998807907107,
                2.0486867225832133e-14,
                -1.1368683750985779e-13,
                0,
                -2.048686983297133e-14,
                1,
                -2.2737367501971559e-13,
                0,
                1.1368683750985779e-13,
                2.2737364833817775e-13,
                0.9999998807907109,
                0,
                13.934363365173343,
                -6.89419984817505,
                8.217460632324219,
                1
            ],
            "name": "Eye_R"
        },
        "Head_0": {
            "children": [
                "Head_1",
                "front_flap1_0",
                "missle_gun2_0",
                "back_thing",
                "rocket_1_jnt",
                "rocket_2_jnt",
                "rocket_3_jnt",
                "rocket_4_jnt",
                "shoulder_flap"
            ],
            "matrix": [
                0.984962344169617,
                2.1316282086037895e-14,
                -0.17276880145072948,
                0,
                -2.2888061066327784e-14,
                0.9999999999999998,
                -7.105427364218447e-15,
                0,
                0.17276880145072948,
                1.0952921306801882e-14,
                0.9849623441696171,
                0,
                0.24407958984375,
                3.637978807091713e-12,
                -4.518657684326172,
                1
            ],
            "name": "Head_0"
        },
        "Head_1": {
            "children": [
                "Jaw",
                "Eye_R",
                "Eye_L"
            ],
            "matrix": [
                0.5431804060935979,
                5.431803060673704e-7,
                -0.8396160006523137,
                0,
                0.0000023584639197518443,
                1,
                0.0000021727214516373923,
                0,
                0.8396160006532457,
                -0.000003160383764412558,
                0.5431804060921566,
                0,
                18.415412902832017,
                -0.00000800000270828604,
                6.2942352294921875,
                1
            ],
            "name": "Head_1"
        },
        "Jaw": {
            "children": [],
            "matrix": [
                0.9999998807907107,
                2.0486867225832133e-14,
                -1.1368683750985779e-13,
                0,
                -2.048686983297133e-14,
                1,
                -2.2737367501971559e-13,
                0,
                1.1368683750985779e-13,
                2.2737364833817775e-13,
                0.9999998807907109,
                0,
                3.3657915592193612,
                -0.00000100000761449337,
                5.282440185546875,
                1
            ],
            "name": "Jaw"
        },
        "Root_0": {
            "children": [
                "thigh_R",
                "thigh_L",
                "Spine_0"
            ],
            "matrix": [
                3.139164733214211e-7,
                -1,
                0,
                0,
                1,
                3.139164733214211e-7,
                0,
                0,
                0,
                0,
                1,
                0,
                0,
                11.336180686950684,
                52.78605651855469,
                1
            ],
            "name": "Root_0"
        },
        "SMDImport": {
            "children": [],
            "matrix": [
                1,
                0,
                0,
                0,
                0,
                1,
                0,
                0,
                0,
                0,
                1,
                0,
                0,
                0,
                0,
                1
            ],
            "meshes": [
                "SMDImport-mesh"
            ],
            "name": "SMDImport"
        },
        "SMDImport001": {
            "children": [],
            "matrix": [
                1,
                0,
                0,
                0,
                0,
                1,
                0,
                0,
                0,
                0,
                1,
                0,
                0,
                0,
                0,
                1
            ],
            "meshes": [
                "SMDImport001-mesh"
            ],
            "name": "SMDImport001"
        },
        "SMDImport002": {
            "children": [],
            "matrix": [
                1,
                0,
                0,
                0,
                0,
                1,
                0,
                0,
                0,
                0,
                1,
                0,
                0,
                0,
                0,
                1
            ],
            "meshes": [
                "SMDImport002-mesh"
            ],
            "name": "SMDImport002"
        },
        "Spine_0": {
            "children": [
                "Spine_1"
            ],
            "matrix": [
                0.014030786231165613,
                9.821490465359776e-8,
                0.999901533126831,
                0,
                1.5189634205090805e-7,
                0.9999999999999993,
                -1.0035601150086628e-7,
                0,
                -0.9999015331268312,
                1.5328945903744033e-7,
                0.01403078623115056,
                0,
                0.2539196014404297,
                -0.000003999999989900971,
                11.144451141357422,
                1
            ],
            "name": "Spine_0"
        },
        "Spine_1": {
            "children": [
                "Spine_3"
            ],
            "matrix": [
                0.989684522151947,
                -7.105427384070781e-15,
                -0.14326333999633795,
                0,
                1.0490156046168821e-14,
                0.9999999999999997,
                2.287059430107437e-14,
                0,
                0.14326333999633784,
                -2.4137528035675422e-14,
                0.9896845221519468,
                0,
                12.43665695190429,
                -0.000004000003173132425,
                0.0000019073486328125,
                1
            ],
            "name": "Spine_1"
        },
        "Spine_3": {
            "children": [
                "Head_0",
                "clavicle_L",
                "clavicle_R"
            ],
            "matrix": [
                0.970670998096466,
                2.6469779601696886e-23,
                -0.24041175842285153,
                0,
                3.0797247238766363e-15,
                0.9999999999999998,
                1.2434497915506423e-14,
                0,
                0.24041175842285156,
                -1.281020849810014e-14,
                0.9706709980964662,
                0,
                9.88275146484375,
                -0.000004000003173132424,
                0,
                1
            ],
            "name": "Spine_3"
        },
        "ankle_L": {
            "children": [
                "toeBase_L"
            ],
            "matrix": [
                0.3122975230216979,
                -0.09623341262340551,
                0.945097744464874,
                0,
                0.26779022916557454,
                0.9634291924615241,
                0.009611549500528985,
                0,
                -0.9114596256304937,
                0.25008625560984166,
                0.32664688817031157,
                0,
                23.22365379333496,
                0.000011444091793322286,
                0.00000596046447887133,
                1
            ],
            "name": "ankle_L"
        },
        "ankle_R": {
            "children": [
                "toeBase_R"
            ],
            "matrix": [
                0.08980870246887196,
                -0.1724363267421722,
                0.9809180498123168,
                0,
                0.21778845379461678,
                0.9644620471026136,
                0.14960372506621966,
                0,
                -0.9718555092006822,
                0.20019694231067992,
                0.12417174671106462,
                0,
                -23.223651885986328,
                -0.000013351440433240214,
                8.881784197001252e-16,
                1
            ],
            "name": "ankle_R"
        },
        "back_thing": {
            "children": [
                "landMine_arm",
                "landMine"
            ],
            "matrix": [
                0.5431804060935974,
                -1.1185198791863342e-14,
                -0.8396160006523135,
                0,
                9.608903881052843e-15,
                1,
                -7.1054273178963325e-15,
                0,
                0.8396160006523133,
                -4.208260494942312e-15,
                0.5431804060935974,
                0,
                3.0655975341796875,
                -11.473486900329592,
                21.632049560546875,
                1
            ],
            "name": "back_thing"
        },
        "bicep_L": {
            "children": [
                "elbow_L"
            ],
            "matrix": [
                0.859670877456665,
                -0.2511410117149352,
                -0.4448528289794923,
                0,
                -0.4583872050026484,
                0.005157680609183646,
                -0.8887376006415232,
                0,
                0.2254928412647522,
                0.9679365588989477,
                -0.11068590500018796,
                0,
                17.08066368103027,
                0,
                1.4210854715202004e-14,
                1
            ],
            "name": "bicep_L"
        },
        "bicep_R": {
            "children": [
                "elbow_R"
            ],
            "matrix": [
                0.8596724867820743,
                -0.2511344552040102,
                -0.4448539018630982,
                0,
                -0.45838719371808145,
                0.0051586388182128795,
                -0.8887375586143682,
                0,
                0.22548743150661096,
                0.9679384227149256,
                -0.11068206274450831,
                0,
                -17.08065223693848,
                7.105427357601002e-15,
                -0.00000762939453125,
                1
            ],
            "name": "bicep_R"
        },
        "clavicle_L": {
            "children": [
                "bicep_L"
            ],
            "matrix": [
                -0.22439217567443867,
                0.973895728588104,
                -0.03428033366799356,
                0,
                -0.007698882594318335,
                0.03340461084278459,
                0.9994119999632501,
                0,
                0.9744684661836082,
                0.22452421487598806,
                0.000002175569533968691,
                0,
                3.867919921875,
                6.9890589714050275,
                -1.8560867309570312,
                1
            ],
            "name": "clavicle_L"
        },
        "clavicle_R": {
            "children": [
                "bicep_R"
            ],
            "matrix": [
                0.22439278662204737,
                0.9738958477973939,
                0.03427930176258088,
                0,
                0.007699018957285253,
                0.03340352205289184,
                -0.9994122979657191,
                0,
                -0.9744682397045801,
                0.22452475910311107,
                -0.0000025331974022879677,
                0,
                3.867919921875,
                -6.989065170288086,
                -1.8560943603515625,
                1
            ],
            "name": "clavicle_R"
        },
        "elbow_L": {
            "children": [
                "wrist_L"
            ],
            "matrix": [
                0.7366886138916015,
                0.000001370906830056029,
                -0.6762322187423704,
                0,
                1.087705746583012e-7,
                1.0000000000000047,
                0.0000021457671396385436,
                0,
                0.676232305387576,
                -0.0000016543165988203157,
                0.7366887082796929,
                0,
                21.336063385009766,
                0.000061035156235789145,
                0.000051498413089490214,
                1
            ],
            "name": "elbow_L"
        },
        "elbow_R": {
            "children": [
                "wrist_R"
            ],
            "matrix": [
                0.7366914153099061,
                0.0000014305114747759085,
                -0.6762292385101321,
                0,
                6.888768411261736e-8,
                0.9999999999999981,
                0.000002190470857588167,
                0,
                0.6762291791251105,
                -0.0000016602847963398393,
                0.7366913506117122,
                0,
                -21.336080551147457,
                -0.00006103515625,
                0.00010871887206675979,
                1
            ],
            "name": "elbow_R"
        },
        "front_flap1_0": {
            "children": [],
            "matrix": [
                0.5431804060935974,
                -1.1185198791863342e-14,
                -0.8396160006523135,
                0,
                9.608903881052843e-15,
                1,
                -7.1054273178963325e-15,
                0,
                0.8396160006523133,
                -4.208260494942312e-15,
                0.5431804060935974,
                0,
                -17.50446319580078,
                0.000006000001121719837,
                -26.866014480590817,
                1
            ],
            "name": "front_flap1_0"
        },
        "index_0_L": {
            "children": [
                "index_1_L"
            ],
            "matrix": [
                0.4130326807498931,
                0.908351540565491,
                -0.06558597087860107,
                0,
                -0.3076299000470996,
                0.20693848781410762,
                0.928730505883785,
                0,
                0.8571860053588236,
                -0.36341982703871656,
                0.3649084340961359,
                0,
                14.225914001464844,
                0.8934783935546875,
                2.3425312042236364,
                1
            ],
            "name": "index_0_L"
        },
        "index_0_R": {
            "children": [
                "index_1_R"
            ],
            "matrix": [
                0.41304573416709905,
                0.9083461761474609,
                -0.06557783484458923,
                0,
                -0.30763104997502105,
                0.2069363210827284,
                0.928730312861446,
                0,
                0.8571791991674427,
                -0.36343437293541975,
                0.3649097100133655,
                0,
                -13.849821090698239,
                -1.6880111694335938,
                -2.2963972091674787,
                1
            ],
            "name": "index_0_R"
        },
        "index_1_L": {
            "children": [],
            "matrix": [
                0.4751172661781311,
                5.401670932422831e-7,
                -0.8799225687980652,
                0,
                -0.000001081719100570755,
                1.0000001192091879,
                2.9802322110139556e-8,
                0,
                0.8799224515797018,
                9.37669215106407e-7,
                0.4751172028862419,
                0,
                5.9305763244628835,
                -0.000011444091800427714,
                2.483184814453125,
                1
            ],
            "name": "index_1_L"
        },
        "index_1_R": {
            "children": [],
            "matrix": [
                0.47511905431747425,
                3.7252902845841263e-9,
                -0.879921555519104,
                0,
                7.495020598602409e-8,
                0.9999998211860672,
                4.4703485690966716e-8,
                0,
                0.8799214844507333,
                -8.718978805610789e-8,
                0.4751190159436701,
                0,
                -5.443317413330078,
                -0.008487701416019178,
                -2.9350013732910263,
                1
            ],
            "name": "index_1_R"
        },
        "knee_L": {
            "children": [
                "ankle_L"
            ],
            "matrix": [
                0.6502543091773988,
                -0.0000012367963790615999,
                -0.7597165107727051,
                0,
                0.0000011882265568974315,
                1.0000000000000224,
                -6.109475488291771e-7,
                0,
                0.7597165058155504,
                -5.054440543189598e-7,
                0.6502543049353086,
                0,
                23.812580108642575,
                0.00000762939453125,
                -0.0000019073486328125,
                1
            ],
            "name": "knee_L"
        },
        "knee_R": {
            "children": [
                "ankle_R"
            ],
            "matrix": [
                0.6502549648284911,
                6.55651092584808e-7,
                -0.7597156763076782,
                0,
                -3.2062110685848744e-7,
                0.9999998807906947,
                5.885959204615654e-7,
                0,
                0.7597157451115786,
                -1.3915656768559437e-7,
                0.6502550237189262,
                0,
                -23.812576293945316,
                -0.0000095367431640625,
                -0.000007629394534802714,
                1
            ],
            "name": "knee_R"
        },
        "landMine": {
            "children": [],
            "matrix": [
                -0.18464206159114843,
                0.9808427095413204,
                0.06208906322717666,
                0,
                0.3187227001341919,
                -0.0000013854362667014978,
                0.9478476927314462,
                0,
                0.9296897186125773,
                0.19480177389716247,
                -0.3126166258461417,
                0,
                -6.37199783325195,
                -9.79975318908691,
                3.3349456787109375,
                1
            ],
            "name": "landMine"
        },
        "landMine_arm": {
            "children": [],
            "matrix": [
                1.9470718377063208e-7,
                0.9999999999999994,
                9.536742595628311e-7,
                0,
                0.3187188506127385,
                -9.65996247229478e-7,
                0.9478492140769628,
                0,
                0.9478492140769995,
                1.1940091275457628e-7,
                -0.31871885061262917,
                0,
                -19.562187194824215,
                4.89345407485962,
                -1.3942413330078125,
                1
            ],
            "name": "landMine_arm"
        },
        "missle_gun2_0": {
            "children": [
                "missle_lever",
                "missle_gun2_1"
            ],
            "matrix": [
                0.7628510594367981,
                0.4239623248577117,
                0.4881745278835298,
                0,
                -0.39912178541463983,
                0.9027709387502995,
                -0.16033280043928422,
                0,
                -0.5086848643260109,
                -0.07253104543525703,
                0.8578924019926994,
                0,
                15.003547668457017,
                26.646352767944336,
                17.61644744873047,
                1
            ],
            "name": "missle_gun2_0"
        },
        "missle_gun2_1": {
            "children": [],
            "matrix": [
                0.9951090216636658,
                0.009274721145629827,
                0.0983467251062393,
                0,
                -0.016788255862656087,
                0.9969779847024829,
                0.07584850499517187,
                0,
                -0.09734604446787795,
                -0.07712860031902466,
                0.992257477085817,
                0,
                7.846565246582031,
                5.78431701660157,
                -6.011938571929932,
                1
            ],
            "name": "missle_gun2_1"
        },
        "missle_lever": {
            "children": [],
            "matrix": [
                -0.036175169050693345,
                0.08204063773155182,
                -0.9959720969200132,
                0,
                0.002925105254832694,
                0.9966291756140302,
                0.08198851877947648,
                0,
                0.9993410104910476,
                0.00005262530059668702,
                -0.036293198064850575,
                0,
                7.178741455078139,
                0.018766403198242188,
                0.9452915191650391,
                1
            ],
            "name": "missle_lever"
        },
        "rocket_1_jnt": {
            "children": [],
            "matrix": [
                0.5431804060935974,
                -1.1185198791863342e-14,
                -0.8396160006523135,
                0,
                9.608903881052843e-15,
                1,
                -7.1054273178963325e-15,
                0,
                0.8396160006523133,
                -4.208260494942312e-15,
                0.5431804060935974,
                0,
                -33.832618713378906,
                21.658298492431644,
                9.320747375488281,
                1
            ],
            "name": "rocket_1_jnt"
        },
        "rocket_2_jnt": {
            "children": [],
            "matrix": [
                0.5431804060935974,
                -1.1185198791863342e-14,
                -0.8396160006523135,
                0,
                9.608903881052843e-15,
                1,
                -7.1054273178963325e-15,
                0,
                0.8396160006523133,
                -4.208260494942312e-15,
                0.5431804060935974,
                0,
                -36.033477783203125,
                9.833374977111816,
                12.722679138183594,
                1
            ],
            "name": "rocket_2_jnt"
        },
        "rocket_3_jnt": {
            "children": [],
            "matrix": [
                0.5431804060935974,
                0.000002715901700867107,
                -0.8396160006523135,
                0,
                0.000003396161000004761,
                0.9999999999999998,
                0.0000054318043110966154,
                0,
                0.8396160006608727,
                -0.0000058019207878749745,
                0.5431804060803673,
                0,
                -36.775814056396484,
                -2.223586559295654,
                13.443359375000007,
                1
            ],
            "name": "rocket_3_jnt"
        },
        "rocket_4_jnt": {
            "children": [],
            "matrix": [
                0.5431804060935974,
                -1.1185198791863342e-14,
                -0.8396160006523135,
                0,
                9.608903881052843e-15,
                1,
                -7.1054273178963325e-15,
                0,
                0.8396160006523133,
                -4.208260494942312e-15,
                0.5431804060935974,
                0,
                -34.694557189941406,
                -13.808070182800295,
                12.40721511840821,
                1
            ],
            "name": "rocket_4_jnt"
        },
        "shoulder_flap": {
            "children": [],
            "matrix": [
                1.9470718377063208e-7,
                1,
                -9.983779136746311e-7,
                0,
                0.9725340008735667,
                4.302405101310408e-8,
                0.2327609658241247,
                0,
                0.2327609658241671,
                -0.0000010162766989171388,
                -0.9725340008735566,
                0,
                21.707901000976562,
                -19.86106681823731,
                8.903911590576172,
                1
            ],
            "name": "shoulder_flap"
        },
        "thigh_L": {
            "children": [
                "knee_L"
            ],
            "matrix": [
                0.3626044392585755,
                0.40398111939430253,
                -0.8398317098617556,
                0,
                -0.3914755081102946,
                0.8838263101814937,
                0.25612081862313085,
                0,
                0.845733376208903,
                0.2359030106556376,
                0.47862808016835834,
                0,
                0.5072698593139666,
                10.918762207031248,
                -1.975433349609375,
                1
            ],
            "name": "thigh_L"
        },
        "thigh_R": {
            "children": [
                "knee_R"
            ],
            "matrix": [
                -0.3626043796539307,
                0.40398114919662464,
                0.8398318886756896,
                0,
                0.39147571840956985,
                0.8838265099460761,
                -0.25612082853172247,
                0,
                -0.8457334284991618,
                0.23590318940690483,
                -0.4786280351691967,
                0,
                0.5072641372680664,
                -10.918761253356934,
                -1.9754409790039062,
                1
            ],
            "name": "thigh_R"
        },
        "thumb_1_L": {
            "children": [
                "thumb_2_L"
            ],
            "matrix": [
