{
    "accessors": [
        {
            "bufferView": 0,
            "byteOffset": 0,
            "componentType": 5126,
            "count": 596,
            "max": [
                61.18220520019531,
                53.91798400878906,
                134.76629638671875
            ],
            "min": [
                14.805648803710938,
                -35.38576126098633,
                96.05123138427734
            ],
            "type": "VEC3"
        },
        {
            "bufferView": 0,
            "byteOffset": 7152,
            "componentType": 5126,
            "count": 596,
            "max": [
                0.9999079704284668,
                0.9911800026893616,
                0.9960020184516907
            ],
            "min": [
                -0.9941710233688354,
                -0.9923400282859802,
                -0.9833369851112366
            ],
            "type": "VEC3"
        },
        {
            "bufferView": 0,
            "byteOffset": 14304,
            "componentType": 5126,
            "count": 596,
            "max": [
                1.8975000381469727,
                1.9904999732971191
            ],
            "min": [
                0.006399999838322401,
                1.0124000003561378
            ],
            "type": "VEC2"
        },
        {
            "bufferView": 0,
            "byteOffset": 19072,
            "componentType": 5123,
            "count": 596,
            "max": [
                3,
                0,
                0,
                0
            ],
            "min": [
                0,
                0,
                0,
                0
            ],
            "type": "VEC4"
        },
        {
            "bufferView": 0,
            "byteOffset": 23840,
            "componentType": 5126,
            "count": 596,
            "max": [
                1,
                0,
                0,
                0
            ],
            "min": [
                1,
                0,
                0,
                0
            ],
            "type": "VEC4"
        },
        {
            "bufferView": 2,
            "byteOffset": 0,
            "componentType": 5123,
            "count": 1962,
            "max": [
                595
            ],
            "min": [
                0
            ],
            "type": "SCALAR"
        },
        {
            "bufferView": 1,
            "byteOffset": 0,
            "componentType": 5126,
            "count": 4,
            "max": [
                0.42396100090051153,
                0.9999999999999643,
                0.42636153955883854,
                0,
                0.09431128257076836,
                0.16359604980632386,
                0.9966080071328323,
                0,
                0.9056694359041877,
                -1.003560184549204e-7,
                0.9036392753106024,
                0,
                20.612241446518098,
                20.05125004882512,
                2.3237665573202704,
                1
            ],
            "min": [
                1.722669060986626e-7,
                0.8874245798854551,
                -0.18286912653748036,
                0,
                -0.985690109530191,
                1.6202066164629972e-7,
                -0.04064892252324374,
                0,
                -0.10613276464755479,
                -0.43317649883584164,
                -0.01701180744214582,
                0,
                -115.8544697805497,
                0.000016540548524765225,
                -114.49120616760442,
                1
            ],
            "type": "MAT4"
        },
        {
            "bufferView": 0,
            "byteOffset": 33376,
            "componentType": 5126,
            "count": 517,
            "max": [
                -73.55704498291016,
                -44.36378860473633,
                91.1823959350586
            ],
            "min": [
                -101.9549789428711,
                -74.3128890991211,
                -4.948614120483398
            ],
            "type": "VEC3"
        },
        {
            "bufferView": 0,
            "byteOffset": 39580,
            "componentType": 5126,
            "count": 517,
            "max": [
                0.9971010088920593,
                0.9994509816169739,
                0.9999690055847168
            ],
            "min": [
                -0.9984440207481384,
                -0.9611499905586243,
                -0.9999690055847168
            ],
            "type": "VEC3"
        },
        {
            "bufferView": 0,
            "byteOffset": 45784,
            "componentType": 5126,
            "count": 517,
            "max": [
                0.9825999736785889,
                1.984499990940094
            ],
            "min": [
                0.01489999983459711,
                1.0087999999523163
            ],
            "type": "VEC2"
        },
        {
            "bufferView": 0,
            "byteOffset": 49920,
            "componentType": 5123,
            "count": 517,
            "max": [
                0,
                0,
                0,
                0
            ],
            "min": [
                0,
                0,
                0,
                0
            ],
            "type": "VEC4"
        },
        {
            "bufferView": 0,
            "byteOffset": 54056,
            "componentType": 5126,
            "count": 517,
            "max": [
                1,
                0,
                0,
                0
            ],
            "min": [
                1,
                0,
                0,
                0
            ],
            "type": "VEC4"
        },
        {
            "bufferView": 2,
            "byteOffset": 3924,
            "componentType": 5123,
            "count": 1620,
            "max": [
                516
            ],
            "min": [
                0
            ],
            "type": "SCALAR"
        },
        {
            "bufferView": 1,
            "byteOffset": 256,
            "componentType": 5126,
            "count": 1,
            "max": [
                0.9999496800236958,
                0.00003341045791157256,
                -0.010001333104560837,
                0,
                -0.00999912103043367,
                0.024612465671393968,
                -0.9996472171990818,
                0,
                0.0002127586789035485,
                0.9996971569087544,
                0.02461157040999903,
                0,
                87.06239020607947,
                -28.449474495867985,
                -57.32898592722207,
                1
            ],
            "min": [
                0.9999496800236958,
                0.00003341045791157256,
                -0.010001333104560837,
                0,
                -0.00999912103043367,
                0.024612465671393968,
                -0.9996472171990818,
                0,
                0.0002127586789035485,
                0.9996971569087544,
                0.02461157040999903,
                0,
                87.06239020607947,
                -28.449474495867985,
                -57.32898592722207,
                1
            ],
            "type": "MAT4"
        },
        {
            "bufferView": 0,
            "byteOffset": 62328,
            "componentType": 5126,
            "count": 3724,
            "max": [
                58.9896240234375,
                47.602684020996094,
                125.75801086425781
            ],
            "min": [
                -58.989620208740234,
                -29.12790298461914,
                0.07165200263261795
            ],
            "type": "VEC3"
        },
        {
            "bufferView": 0,
            "byteOffset": 107016,
            "componentType": 5126,
            "count": 3724,
            "max": [
                0.9996640086174011,
                0.9993289709091187,
                0.9999079704284668
            ],
            "min": [
                -0.9996340274810791,
                -0.9999079704284668,
                -0.9970089793205261
            ],
            "type": "VEC3"
        },
        {
            "bufferView": 0,
            "byteOffset": 151704,
            "componentType": 5126,
            "count": 3724,
            "max": [
                0.9945999979972839,
                1.9961000084877014
            ],
            "min": [
                0.0024999999441206455,
                1.0038999998942018
            ],
            "type": "VEC2"
        },
        {
            "bufferView": 0,
            "byteOffset": 181496,
            "componentType": 5123,
            "count": 3724,
            "max": [
                41,
                41,
                41,
                0
            ],
            "min": [
                0,
                0,
                0,
                0
            ],
            "type": "VEC4"
        },
        {
            "bufferView": 0,
            "byteOffset": 211288,
            "componentType": 5126,
            "count": 3724,
            "max": [
                1,
                0.9998930096626282,
                0.980472981929779,
                0
            ],
            "min": [
                0.00010699999984353781,
                0,
                0,
                0
            ],
            "type": "VEC4"
        },
        {
            "bufferView": 2,
            "byteOffset": 7164,
            "componentType": 5123,
            "count": 15036,
            "max": [
                3723
            ],
            "min": [
                0
            ],
            "type": "SCALAR"
        },
        {
            "bufferView": 1,
            "byteOffset": 320,
            "componentType": 5126,
            "count": 42,
            "max": [
                0.999999999999271,
                0.9999999999999643,
                0.7227406407480735,
                0,
                0.9659256327887118,
                0.923296587833202,
                0.9999015942091416,
                0,
                0.999901594209157,
                0.9478498255337919,
                1.000000238408664,
                0,
                62.9959557735034,
                72.19905445254679,
                79.06663121113552,
                1
            ],
            "min": [
                -0.9485355771869532,
                -0.8164628015782469,
                -0.3503028305544046,
                0,
                -1.0000002384169224,
                -0.9232964136431623,
                -0.9483656240405703,
                0,
                -0.909726229965458,
                -0.6946704903959847,
                -0.9999999999954738,
                0,
                -75.65985397050684,
                -101.25309651049139,
                -111.68689922516212,
                1
            ],
            "type": "MAT4"
        }
    ],
    "asset": {
        "generator": "ClayGL - fbx2gltf",
        "version": "2.0"
    },
    "bufferViews": [
        {
            "buffer": 0,
            "byteLength": 270872,
            "byteOffset": 0,
            "target": 34962
        },
        {
            "buffer": 0,
            "byteLength": 3008,
            "byteOffset": 270872,
            "target": 34962
        },
        {
            "buffer": 0,
            "byteLength": 37236,
            "byteOffset": 273880,
            "target": 34963
        }
    ],
    "buffers": [
        {
            "byteLength": 311116,
            "uri": "rattletrap.bin"
        }
    ],
    "images": [
        {
            "uri": "textures/rattletrap_rocket_color.png"
        },
        {
            "uri": "textures/rattletrap_weapon_color.png"
        },
        {
            "uri": "textures/rattletrap_color.png"
        }
    ],
    "materials": [
        {
            "emissiveFactor": [
                0,
                0,
                0
            ],
            "name": "Material #35",
            "pbrMetallicRoughness": {
                "baseColorFactor": [
                    1,
                    1,
                    1,
                    1
                ],
                "baseColorTexture": {
                    "index": 0,
                    "texCoord": 0
                },
                "metallicFactor": 0,
                "roughnessFactor": 0.9230769230769231
            }
        },
        {
            "emissiveFactor": [
                0,
                0,
                0
            ],
            "name": "Material #46",
            "pbrMetallicRoughness": {
                "baseColorFactor": [
                    1,
                    1,
                    1,
                    1
                ],
                "baseColorTexture": {
                    "index": 1,
                    "texCoord": 0
                },
                "metallicFactor": 0,
                "roughnessFactor": 0.9230769230769231
            }
        },
        {
            "emissiveFactor": [
                0,
                0,
                0
            ],
            "name": "Material #57",
            "pbrMetallicRoughness": {
                "baseColorFactor": [
                    1,
                    1,
                    1,
                    1
                ],
                "baseColorTexture": {
                    "index": 2,
                    "texCoord": 0
                },
                "metallicFactor": 0,
                "roughnessFactor": 0.9230769230769231
            }
        }
    ],
    "meshes": [
        {
            "name": "SMDImport",
            "primitives": [
                {
                    "attributes": {
                        "JOINTS_0": 3,
                        "NORMAL": 1,
                        "POSITION": 0,
                        "TEXCOORD_0": 2,
                        "WEIGHTS_0": 4
                    },
                    "indices": 5,
                    "material": 0
                }
            ]
        },
        {
            "name": "SMDImport001",
            "primitives": [
                {
                    "attributes": {
                        "JOINTS_0": 10,
                        "NORMAL": 8,
                        "POSITION": 7,
                        "TEXCOORD_0": 9,
                        "WEIGHTS_0": 11
                    },
                    "indices": 12,
                    "material": 1
                }
            ]
        },
        {
            "name": "SMDImport002",
            "primitives": [
                {
                    "attributes": {
                        "JOINTS_0": 17,
                        "NORMAL": 15,
                        "POSITION": 14,
                        "TEXCOORD_0": 16,
                        "WEIGHTS_0": 18
                    },
                    "indices": 19,
                    "material": 2
                }
            ]
        }
    ],
    "nodes": [
        {
            "children": [
                1,
                5,
                9
            ],
            "matrix": [
                3.139164733214211e-7,
                2.9387358770558636e-39,
                1,
                0,
                1,
                6.123233995737068e-17,
                -3.139164733214211e-7,
                0,
                -6.123233995736464e-17,
                1,
                1.9221840212634245e-23,
                0,
                0,
                52.78605651855469,
                -11.336180686950684,
                1
            ],
            "name": "Root_0"
        },
        {
            "children": [
                2
            ],
            "matrix": [
                -0.3626043796539307,
                0.40398114919662464,
                0.8398318886756896,
                0,
                0.39147571840956985,
                0.8838265099460761,
                -0.25612082853172247,
                0,
                -0.8457334284991618,
                0.23590318940690483,
                -0.4786280351691967,
                0,
                0.5072641372680664,
                -10.918761253356934,
                -1.9754409790039062,
                1
            ],
            "name": "thigh_R"
        },
        {
            "children": [
                3
            ],
            "matrix": [
                0.650254964828491,
                6.556510925015413e-7,
                -0.7597156763076782,
                0,
                -3.206211067752207e-7,
                0.9999998807906946,
                5.885959205031988e-7,
                0,
                0.7597157451115787,
                -1.391565677688611e-7,
                0.6502550237189261,
                0,
                -23.81257629394532,
                -0.0000095367431640625,
                -0.00000762939453125,
                1
            ],
            "name": "knee_R"
        },
        {
            "children": [
                4
            ],
            "matrix": [
                0.0898087024688719,
                -0.17243632674217219,
                0.9809180498123167,
                0,
                0.2177884537946167,
                0.9644620471026134,
                0.1496037250662196,
                0,
                -0.9718555092006822,
                0.20019694231067986,
                0.12417174671106443,
                0,
                -23.223651885986328,
                -0.000013351440433240214,
                -1.7763568394002505e-15,
                1
            ],
            "name": "ankle_R"
        },
        {
            "matrix": [
                0.891358077526093,
                -0.08783087134361273,
                0.4447088539600375,
                0,
                0.07859200402386224,
                0.9961351704056484,
                0.03921172745231759,
                0,
                -0.4464343293775458,
                -0.0000011299590045794778,
                0.8948163338481561,
                0,
                -16.633602142333984,
                -0.0000133514404296875,
                -8.881784197001252e-16,
                1
            ],
            "name": "toeBase_R"
        },
        {
            "children": [
                6
            ],
            "matrix": [
                0.3626044392585755,
                0.40398111939430253,
                -0.8398317098617556,
                0,
                -0.3914755081102946,
                0.8838263101814937,
                0.25612081862313085,
                0,
                0.845733376208903,
                0.2359030106556376,
                0.47862808016835834,
                0,
                0.5072698593139666,
                10.918762207031248,
                -1.975433349609375,
                1
            ],
            "name": "thigh_L"
        },
        {
            "children": [
                7
            ],
            "matrix": [
                0.6502543091773991,
                -0.0000012367963792281333,
                -0.7597165107727055,
                0,
                0.0000011882265569529427,
                1.0000000000000229,
                -6.10947548773666e-7,
                0,
                0.7597165058155506,
                -5.054440542773264e-7,
                0.6502543049353084,
                0,
                23.81258010864258,
                0.00000762939453125,
                -0.0000019073486292597863,
                1
            ],
            "name": "knee_L"
        },
        {
            "children": [
                8
            ],
            "matrix": [
                0.312297523021698,
                -0.09623341262340543,
                0.9450977444648742,
                0,
                0.2677902291655746,
                0.9634291924615243,
                0.009611549500528949,
                0,
                -0.9114596256304941,
                0.2500862556098416,
                0.32664688817031196,
                0,
                23.223653793334964,
                0.000011444091796875,
                0.0000059604644775390625,
                1
            ],
            "name": "ankle_L"
        },
        {
            "matrix": [
                0.7645450234413148,
                -0.23453420400619518,
                0.6003873944282534,
                0,
                0.18445654421971325,
                0.9721078603538753,
                0.14485182586938816,
                0,
                -0.6176139215305021,
                -3.586354618101319e-7,
                0.7864814790983508,
                0,
                12.023368835449219,
                -3.552713678800501e-15,
                0.000002384185791015625,
                1
            ],
            "name": "toeBase_L"
        },
        {
            "children": [
                10
            ],
            "matrix": [
                0.014030786231165613,
                9.821490465359776e-8,
                0.999901533126831,
                0,
                1.5189634205090805e-7,
                0.9999999999999993,
                -1.0035601150086628e-7,
                0,
                -0.9999015331268312,
                1.5328945903744033e-7,
                0.01403078623115056,
                0,
                0.2539196014404297,
                -0.000003999999989900972,
                11.144451141357422,
                1
            ],
            "name": "Spine_0"
        },
        {
            "children": [
                11
            ],
            "matrix": [
                0.9896845221519468,
                -7.105427337748667e-15,
                -0.1432633399963379,
                0,
                1.0490156049063953e-14,
                0.9999999999999994,
                2.2870594307278225e-14,
                0,
                0.14326333999633784,
                -2.4137527982735863e-14,
                0.9896845221519467,
                0,
                12.43665695190429,
                -0.000004000003173132425,
                0.0000019073486328125,
                1
            ],
            "name": "Spine_1"
        },
        {
            "children": [
                12,
                29,
                37
            ],
            "matrix": [
                0.9706709980964662,
                -1.3234889800848443e-23,
                -0.24041175842285165,
                0,
                3.079724766890028e-15,
                1.0000000000000002,
                1.2434497902271533e-14,
                0,
                0.24041175842285162,
                -1.281020852456992e-14,
                0.9706709980964665,
                0,
                9.882751464843736,
                -0.000004000003173132429,
                0,
                1
            ],
            "name": "Spine_3"
        },
        {
            "children": [
                13,
                17,
                18,
                21,
                24,
                25,
                26,
                27,
                28
            ],
            "matrix": [
                0.9849623441696168,
                2.1316282099272785e-14,
                -0.17276880145072948,
                0,
                -2.2888061026623115e-14,
                0.9999999999999999,
                -7.105427384070781e-15,
                0,
                0.17276880145072931,
                1.0952921260479767e-14,
                0.9849623441696168,
                0,
                0.24407958984375,
                3.637978807091713e-12,
                -4.518657684326165,
                1
            ],
            "name": "Head_0"
        },
        {
            "children": [
                14,
                15,
                16
            ],
            "matrix": [
                0.543180406093598,
                5.4318030606737e-7,
                -0.8396160006523135,
                0,
                0.000002358463919751844,
                0.9999999999999999,
                0.000002172721451637392,
                0,
                0.8396160006532457,
                -0.0000031603837644125582,
                0.5431804060921566,
                0,
                18.41541290283203,
                -0.00000800000270828605,
                6.2942352294921875,
                1
            ],
            "name": "Head_1"
        },
        {
            "matrix": [
                0.9999998807907103,
                2.0486867516730713e-14,
                -1.1368683750985779e-13,
                0,
                -2.0486869846071318e-14,
                1.0000000000000002,
                -2.273736752207642e-13,
                0,
                1.1368683793337427e-13,
                2.273736485790837e-13,
                0.9999998807907104,
                0,
                3.36579155921936,
                -0.00000100000761449337,
                5.282440185546889,
                1
            ],
            "name": "Jaw"
        },
        {
            "matrix": [
                0.9999998807907103,
                2.0486867516730713e-14,
                -1.1368683750985779e-13,
                0,
                -2.0486869846071318e-14,
                1.0000000000000002,
                -2.273736752207642e-13,
                0,
                1.1368683793337427e-13,
                2.273736485790837e-13,
                0.9999998807907104,
                0,
                13.93436336517334,
                -6.894199848175048,
                8.217460632324219,
                1
            ],
            "name": "Eye_R"
        },
        {
            "matrix": [
                0.9999998807907103,
                2.0486867516730713e-14,
                -1.1368683750985779e-13,
                0,
                -2.0486869846071318e-14,
                1.0000000000000002,
                -2.273736752207642e-13,
                0,
                1.1368683793337427e-13,
                2.273736485790837e-13,
                0.9999998807907104,
                0,
                14.298892974853516,
                7.024415016174316,
                7.643608093261719,
                1
            ],
            "name": "Eye_L"
        },
        {
            "matrix": [
                0.5431804060935975,
                -1.1185198843970798e-14,
                -0.8396160006523132,
                0,
                9.608903867817954e-15,
                0.9999999999999999,
                -7.105427304661443e-15,
                0,
                0.8396160006523135,
                -4.2082605425965035e-15,
                0.5431804060935975,
                0,
                -17.50446319580078,
                0.0000060000011217198335,
                -26.866014480590817,
                1
            ],
            "name": "front_flap1_0"
        },
        {
            "children": [
                19,
                20
            ],
            "matrix": [
                0.762851059436798,
                0.4239623248577117,
                0.4881745278835298,
                0,
                -0.39912178541463966,
                0.9027709387502993,
                -0.16033280043928416,
                0,
                -0.508684864326011,
                -0.07253104543525701,
                0.8578924019926994,
                0,
                15.003547668457031,
                26.646352767944332,
                17.61644744873047,
                1
            ],
            "name": "missle_gun2_0"
        },
        {
            "matrix": [
                -0.03617516905069336,
                0.08204063773155176,
                -0.9959720969200133,
                0,
                0.0029251052548326644,
                0.99662917561403,
                0.08198851877947647,
                0,
                0.9993410104910474,
                0.000052625300596675743,
                -0.03629319806485058,
                0,
                7.178741455078125,
                0.018766403198235082,
                0.9452915191650408,
                1
            ],
            "name": "missle_lever"
        },
        {
            "matrix": [
                0.9951090216636657,
                0.00927472114562991,
                0.0983467251062393,
                0,
                -0.016788255862656018,
                0.9969779847024828,
                0.07584850499517184,
                0,
                -0.09734604446787792,
                -0.0771286003190246,
                0.9922574770858169,
                0,
                7.846565246582031,
                5.784317016601554,
                -6.011938571929932,
                1
            ],
            "name": "missle_gun2_1"
        },
        {
            "children": [
                22,
                23
            ],
            "matrix": [
                0.5431804060935975,
                -1.1185198843970798e-14,
                -0.8396160006523132,
                0,
                9.608903867817954e-15,
                0.9999999999999999,
                -7.105427304661443e-15,
                0,
                0.8396160006523135,
                -4.2082605425965035e-15,
                0.5431804060935975,
                0,
                3.0655975341797017,
                -11.473486900329588,
                21.632049560546875,
                1
            ],
            "name": "back_thing"
        },
        {
            "matrix": [
                1.947071837706323e-7,
                0.9999999999999996,
                9.536742595628316e-7,
                0,
                0.31871885061273864,
                -9.659962472294782e-7,
                0.9478492140769629,
                0,
                0.9478492140769997,
                1.1940091275457654e-7,
                -0.3187188506126293,
                0,
                -19.562187194824222,
                4.893454074859618,
                -1.3942413330078267,
                1
            ],
            "name": "landMine_arm"
        },
        {
            "matrix": [
                -0.1846420615911484,
                0.9808427095413208,
                0.062089063227176666,
                0,
                0.318722700134192,
                -0.0000013854362666811923,
                0.9478476927314464,
                0,
                0.9296897186125774,
                0.19480177389716252,
                -0.3126166258461417,
                0,
                -6.371997833251957,
                -9.799753189086916,
                3.3349456787109375,
                1
            ],
            "name": "landMine"
        },
        {
            "matrix": [
                0.5431804060935975,
                -1.1185198843970798e-14,
                -0.8396160006523132,
                0,
                9.608903867817954e-15,
                0.9999999999999999,
                -7.105427304661443e-15,
                0,
                0.8396160006523135,
                -4.2082605425965035e-15,
                0.5431804060935975,
                0,
                -33.8326187133789,
                21.658298492431637,
                9.320747375488281,
                1
            ],
            "name": "rocket_1_jnt"
        },
        {
            "matrix": [
                0.5431804060935975,
                -1.1185198843970798e-14,
                -0.8396160006523132,
                0,
                9.608903867817954e-15,
                0.9999999999999999,
                -7.105427304661443e-15,
                0,
                0.8396160006523135,
                -4.2082605425965035e-15,
                0.5431804060935975,
                0,
                -36.033477783203125,
                9.833374977111815,
                12.722679138183608,
                1
            ],
            "name": "rocket_2_jnt"
        },
        {
            "matrix": [
                0.5431804060935976,
                0.0000027159017008671076,
                -0.8396160006523135,
                0,
                0.0000033961610000047618,
                0.9999999999999998,
                0.000005431804311096615,
                0,
                0.8396160006608727,
                -0.000005801920787874975,
                0.5431804060803674,
                0,
                -36.775814056396484,
                -2.223586559295654,
                13.443359375,
                1
            ],
            "name": "rocket_3_jnt"
        },
        {
            "matrix": [
                0.5431804060935975,
                -1.1185198843970798e-14,
                -0.8396160006523132,
                0,
                9.608903867817954e-15,
                0.9999999999999999,
                -7.105427304661443e-15,
                0,
                0.8396160006523135,
                -4.2082605425965035e-15,
                0.5431804060935975,
                0,
                -34.694557189941406,
                -13.808070182800291,
                12.407215118408217,
                1
            ],
            "name": "rocket_4_jnt"
        },
        {
            "matrix": [
                1.9470718377063208e-7,
                1,
                -9.983779136746311e-7,
                0,
                0.9725340008735667,
                4.3024051013104025e-8,
                0.2327609658241247,
                0,
                0.23276096582416728,
                -0.0000010162766989171386,
                -0.9725340008735565,
                0,
                21.707901000976562,
                -19.86106681823731,
                8.903911590576172,
                1
            ],
            "name": "shoulder_flap"
        },
        {
            "children": [
                30
            ],
            "matrix": [
                -0.22439217567443862,
                0.9738957285881041,
                -0.03428033366799356,
                0,
                -0.007698882594318335,
                0.03340461084278459,
                0.9994119999632499,
                0,
                0.974468466183608,
                0.22452421487598806,
                0.000002175569533968691,
                0,
                3.867919921875014,
                6.98905897140503,
                -1.8560867309570241,
                1
            ],
            "name": "clavicle_L"
        },
        {
            "children": [
                31
            ],
            "matrix": [
                0.8596708774566649,
                -0.25114101171493536,
                -0.4448528289794923,
                0,
                -0.4583872050026485,
                0.005157680609183646,
                -0.8887376006415236,
                0,
                0.22549284126475214,
                0.9679365588989483,
                -0.1106859050001879,
                0,
                17.08066368103027,
                7.105427357601002e-15,
                1.4210854715202004e-14,
                1
            ],
            "name": "bicep_L"
        },
        {
            "children": [
                32
            ],
            "matrix": [
                0.7366886138916017,
                0.000001370906829722962,
                -0.6762322187423705,
                0,
                1.0877057464789286e-7,
                1.0000000000000049,
                0.0000021457671395830324,
                0,
                0.6762323053875762,
                -0.000001654316598931338,
                0.7366887082796935,
                0,
                21.336063385009766,
                0.000061035156235789145,
                0.0000514984130859375,
                1
            ],
            "name": "elbow_L"
        },
        {
            "children": [
                33,
                35
            ],
            "matrix": [
                0.993624269962311,
                0.047987580299377414,
                -0.1020223200321198,
                0,
                -0.07232405947281578,
                0.9654734141623099,
                -0.2502609997236004,
                0,
                0.0864904030731024,
                0.25604402782929997,
                0.9627883087442761,
                0,
                27.087833404541023,
                0.0001068115234375,
                0.00010871887207564157,
                1
            ],
            "name": "wrist_L"
        },
        {
            "children": [
                34
            ],
            "matrix": [
                0.4130326807498932,
                0.908351540565491,
                -0.06558597087860098,
                0,
                -0.3076299000470999,
                0.2069384878141076,
                0.9287305058837851,
                0,
                0.8571860053588236,
                -0.3634198270387163,
                0.3649084340961358,
                0,
                14.225914001464846,
                0.8934783935547017,
                2.3425312042236346,
                1
            ],
            "name": "index_0_L"
        },
        {
            "matrix": [
                0.47511726617813105,
                5.401670932769775e-7,
                -0.8799225687980652,
                0,
                -0.0000010817191005152438,
                1.0000001192091879,
                2.9802322110139556e-8,
                0,
                0.8799224515797014,
                9.37669215106407e-7,
                0.4751172028862416,
                0,
                5.9305763244628835,
                -0.000011444091793322286,
                2.483184814453125,
                1
            ],
            "name": "index_1_L"
        },
        {
            "children": [
                36
            ],
            "matrix": [
                0.6295790672302246,
                0.7107001543045045,
                -0.3139037787914279,
                0,
                0.7456880547243254,
                -0.4393104742101364,
                0.5009546834216918,
                0,
                0.2181273590587522,
                -0.5494648960296168,
                -0.8065413169421508,
                0,
                4.5369186401367205,
                0.6196060180664205,
                -6.450098037719727,
                1
            ],
            "name": "thumb_1_L"
        },
        {
            "matrix": [
                1.0000000000000002,
                2.9802322387695312e-8,
                9.5367431640625e-7,
                0,
                -2.980229385496358e-8,
                1.0000000000000018,
                -2.9802322443206464e-8,
                0,
                -9.53674430925755e-7,
                2.980229746318841e-8,
                1.0000001192091583,
                0,
                6.958568572998047,
                0.000009536743160509786,
                0.000015258789055394573,
                1
            ],
            "name": "thumb_2_L"
        },
        {
            "children": [
                38
            ],
            "matrix": [
                0.22439278662204742,
                0.973895847797394,
                0.03427930176258089,
                0,
                0.0076990189572853085,
                0.03340352205289183,
                -0.9994122979657191,
                0,
                -0.97446823970458,
                0.2245247591031111,
                -0.000002533197402343479,
                0,
                3.867919921875,
                -6.989065170288085,
                -1.8560943603515625,
                1
            ],
            "name": "clavicle_R"
        },
        {
            "children": [
