{
    "accessors": {
        "attrbute_1": {
            "bufferView": "bufferView_37",
            "byteOffset": 0,
            "byteStride": 12,
            "count": 1213,
            "max": [
                97.3408203125,
                70.32061004638672,
                239.7152557373047,
                0
            ],
            "min": [
                -98.79520416259766,
                -76.95418548583984,
                80.75121307373047,
                0
            ],
            "type": 35665
        },
        "attrbute_10": {
            "bufferView": "bufferView_37",
            "byteOffset": 93420,
            "byteStride": 16,
            "count": 645,
            "max": [
                24,
                24,
                24,
                -1
            ],
            "min": [
                0,
                -1,
                -1,
                -1
            ],
            "type": 35666
        },
        "attrbute_11": {
            "bufferView": "bufferView_37",
            "byteOffset": 103740,
            "byteStride": 12,
            "count": 645,
            "max": [
                1,
                0.9994340538978577,
                0.8550079464912415
            ],
            "min": [
                0.0005659076268784702,
                0,
                0
            ],
            "type": 35665
        },
        "attrbute_13": {
            "bufferView": "bufferView_37",
            "byteOffset": 111480,
            "byteStride": 12,
            "count": 582,
            "max": [
                77.46383666992188,
                71.1319808959961,
                254.46905517578125,
                0
            ],
            "min": [
                -75.13632202148438,
                -47.67657470703125,
                95.0781021118164,
                0
            ],
            "type": 35665
        },
        "attrbute_14": {
            "bufferView": "bufferView_37",
            "byteOffset": 118464,
            "byteStride": 12,
            "count": 582,
            "max": [
                0.9902800917625427,
                0.9940096139907837,
                0.999582052230835,
                0
            ],
            "min": [
                -0.99896639585495,
                -0.9970375299453735,
                -0.8491798639297485,
                0
            ],
            "type": 35665
        },
        "attrbute_15": {
            "bufferView": "bufferView_37",
            "byteOffset": 125448,
            "byteStride": 8,
            "count": 582,
            "max": [
                19.998851776123047,
                0.9897580146789551
            ],
            "min": [
                0.0028280001133680344,
                0.0020639896392822266
            ],
            "type": 35664
        },
        "attrbute_16": {
            "bufferView": "bufferView_37",
            "byteOffset": 130104,
            "byteStride": 16,
            "count": 582,
            "max": [
                36,
                32,
                36,
                -1
            ],
            "min": [
                0,
                -1,
                -1,
                -1
            ],
            "type": 35666
        },
        "attrbute_17": {
            "bufferView": "bufferView_37",
            "byteOffset": 139416,
            "byteStride": 12,
            "count": 582,
            "max": [
                1,
                0.9950159192085266,
                0.9120354652404785
            ],
            "min": [
                0.0028484780341386795,
                0,
                0
            ],
            "type": 35665
        },
        "attrbute_19": {
            "bufferView": "bufferView_37",
            "byteOffset": 146400,
            "byteStride": 12,
            "count": 396,
            "max": [
                48.00910186767578,
                58.961997985839844,
                129.68820190429688,
                0
            ],
            "min": [
                -49.059200286865234,
                -55.41581726074219,
                80.570068359375,
                0
            ],
            "type": 35665
        },
        "attrbute_2": {
            "bufferView": "bufferView_37",
            "byteOffset": 14556,
            "byteStride": 12,
            "count": 1213,
            "max": [
                0.9991686344146729,
                0.9999564290046692,
                0.9997977018356323,
                0
            ],
            "min": [
                -0.9992177486419678,
                -0.9983713030815125,
                -0.9986119270324707,
                0
            ],
            "type": 35665
        },
        "attrbute_20": {
            "bufferView": "bufferView_37",
            "byteOffset": 151152,
            "byteStride": 12,
            "count": 396,
            "max": [
                0.9833269119262695,
                0.9879412651062012,
                0.9989161491394043,
                0
            ],
            "min": [
                -0.9991092681884766,
                -0.9964655041694641,
                -0.965583086013794,
                0
            ],
            "type": 35665
        },
        "attrbute_21": {
            "bufferView": "bufferView_37",
            "byteOffset": 155904,
            "byteStride": 8,
            "count": 396,
            "max": [
                0.9843999743461609,
                0.9904999732971191
            ],
            "min": [
                0.0027000000700354576,
                0.0098000168800354
            ],
            "type": 35664
        },
        "attrbute_22": {
            "bufferView": "bufferView_37",
            "byteOffset": 159072,
            "byteStride": 16,
            "count": 396,
            "max": [
                1,
                2,
                -1,
                -1
            ],
            "min": [
                0,
                -1,
                -1,
                -1
            ],
            "type": 35666
        },
        "attrbute_23": {
            "bufferView": "bufferView_37",
            "byteOffset": 165408,
            "byteStride": 12,
            "count": 396,
            "max": [
                1,
                0.925000011920929,
                0
            ],
            "min": [
                0.07500000298023224,
                0,
                0
            ],
            "type": 35665
        },
        "attrbute_25": {
            "bufferView": "bufferView_37",
            "byteOffset": 170160,
            "byteStride": 12,
            "count": 534,
            "max": [
                118.67727661132812,
                50.822296142578125,
                154.17333984375,
                0
            ],
            "min": [
                -124.88644409179688,
                -38.370059967041016,
                45.0304069519043,
                0
            ],
            "type": 35665
        },
        "attrbute_26": {
            "bufferView": "bufferView_37",
            "byteOffset": 176568,
            "byteStride": 12,
            "count": 534,
            "max": [
                0.9998500347137451,
                0.997063159942627,
                0.9850457906723022,
                0
            ],
            "min": [
                -0.9998500347137451,
                -0.9949120283126831,
                -0.9764030575752258,
                0
            ],
            "type": 35665
        },
        "attrbute_27": {
            "bufferView": "bufferView_37",
            "byteOffset": 182976,
            "byteStride": 8,
            "count": 534,
            "max": [
                2.9707770347595215,
                0.9961310029029846
            ],
            "min": [
                0.013026000000536442,
                0.004456996917724609
            ],
            "type": 35664
        },
        "attrbute_28": {
            "bufferView": "bufferView_37",
            "byteOffset": 187248,
            "byteStride": 16,
            "count": 534,
            "max": [
                14,
                15,
                15,
                -1
            ],
            "min": [
                0,
                -1,
                -1,
                -1
            ],
            "type": 35666
        },
        "attrbute_29": {
            "bufferView": "bufferView_37",
            "byteOffset": 195792,
            "byteStride": 12,
            "count": 534,
            "max": [
                1,
                0.9992345571517944,
                0.9011740684509277
            ],
            "min": [
                0.00042399432277306914,
                0,
                0
            ],
            "type": 35665
        },
        "attrbute_3": {
            "bufferView": "bufferView_37",
            "byteOffset": 29112,
            "byteStride": 8,
            "count": 1213,
            "max": [
                1.952929973602295,
                0.9976999759674072
            ],
            "min": [
                0.003719999920576811,
                0.003600001335144043
            ],
            "type": 35664
        },
        "attrbute_31": {
            "bufferView": "bufferView_37",
            "byteOffset": 202200,
            "byteStride": 12,
            "count": 664,
            "max": [
                31.98604393005371,
                -34.57110595703125,
                205.27650451660156,
                0
            ],
            "min": [
                -31.933956146240234,
                -100.57168579101562,
                95.21468353271484,
                0
            ],
            "type": 35665
        },
        "attrbute_32": {
            "bufferView": "bufferView_37",
            "byteOffset": 210168,
            "byteStride": 12,
            "count": 664,
            "max": [
                0.9993303418159485,
                0.9923645853996277,
                0.9964878559112549,
                0
            ],
            "min": [
                -0.9951002597808838,
                -0.9987369775772095,
                -0.997793436050415,
                0
            ],
            "type": 35665
        },
        "attrbute_33": {
            "bufferView": "bufferView_37",
            "byteOffset": 218136,
            "byteStride": 8,
            "count": 664,
            "max": [
                1.8094079494476318,
                0.9904389977455139
            ],
            "min": [
                0.01322999969124794,
                0.016871988773345947
            ],
            "type": 35664
        },
        "attrbute_34": {
            "bufferView": "bufferView_37",
            "byteOffset": 223448,
            "byteStride": 16,
            "count": 664,
            "max": [
                1,
                3,
                3,
                -1
            ],
            "min": [
                0,
                -1,
                -1,
                -1
            ],
            "type": 35666
        },
        "attrbute_35": {
            "bufferView": "bufferView_37",
            "byteOffset": 234072,
            "byteStride": 12,
            "count": 664,
            "max": [
                1,
                0.9998075366020203,
                0.7494300007820129
            ],
            "min": [
                0.00010285009921062738,
                0,
                0
            ],
            "type": 35665
        },
        "attrbute_4": {
            "bufferView": "bufferView_37",
            "byteOffset": 38816,
            "byteStride": 16,
            "count": 1213,
            "max": [
                13,
                13,
                15,
                -1
            ],
            "min": [
                0,
                -1,
                -1,
                -1
            ],
            "type": 35666
        },
        "attrbute_5": {
            "bufferView": "bufferView_37",
            "byteOffset": 58224,
            "byteStride": 12,
            "count": 1213,
            "max": [
                1,
                0.9998944401741028,
                0.999664843082428
            ],
            "min": [
                0.00010556435154285282,
                0,
                0
            ],
            "type": 35665
        },
        "attrbute_7": {
            "bufferView": "bufferView_37",
            "byteOffset": 72780,
            "byteStride": 12,
            "count": 645,
            "max": [
                109.18772888183594,
                68.27462768554688,
                117.8143081665039,
                0
            ],
            "min": [
                -108.60693359375,
                -55.89712142944336,
                -6.750702381134033,
                0
            ],
            "type": 35665
        },
        "attrbute_8": {
            "bufferView": "bufferView_37",
            "byteOffset": 80520,
            "byteStride": 12,
            "count": 645,
            "max": [
                0.9864088296890259,
                0.9998793601989746,
                0.9901211857795715,
                0
            ],
            "min": [
                -0.9998719692230225,
                -0.9951452016830444,
                -0.9951683282852173,
                0
            ],
            "type": 35665
        },
        "attrbute_9": {
            "bufferView": "bufferView_37",
            "byteOffset": 88260,
            "byteStride": 8,
            "count": 645,
            "max": [
                7.1418328285217285,
                0.9969760179519653
            ],
            "min": [
                0.0047439998015761375,
                0.008230984210968018
            ],
            "type": 35664
        },
        "indices_12": {
            "bufferView": "bufferView_39",
            "byteOffset": 10152,
            "count": 2337,
            "type": 5123
        },
        "indices_18": {
            "bufferView": "bufferView_39",
            "byteOffset": 14826,
            "count": 1740,
            "type": 5123
        },
        "indices_24": {
            "bufferView": "bufferView_39",
            "byteOffset": 18306,
            "count": 1416,
            "type": 5123
        },
        "indices_30": {
            "bufferView": "bufferView_39",
            "byteOffset": 21138,
            "count": 2007,
            "type": 5123
        },
        "indices_36": {
            "bufferView": "bufferView_39",
            "byteOffset": 25152,
            "count": 2673,
            "type": 5123
        },
        "indices_6": {
            "bufferView": "bufferView_39",
            "byteOffset": 0,
            "count": 5076,
            "type": 5123
        }
    },
    "animations": {},
    "asset": {},
    "bufferViews": {
        "bufferView_37": {
            "buffer": "treant_protector.bin",
            "byteLength": 242040,
            "byteOffset": 0,
            "target": 34962
        },
        "bufferView_38": {
            "buffer": "treant_protector.bin",
            "byteLength": 8512,
            "byteOffset": 242040
        },
        "bufferView_39": {
            "buffer": "treant_protector.bin",
            "byteLength": 30498,
            "byteOffset": 250552,
            "target": 34963
        }
    },
    "buffers": {
        "treant_protector.bin": {
            "byteLength": 281050,
            "path": "treant_protector.bin"
        }
    },
    "cameras": {},
    "images": {
        "image_0": {
            "path": "textures/treantprotector_body_color.png"
        },
        "image_1": {
            "path": "textures/treant_protector_legs_color.png"
        },
        "image_2": {
            "path": "textures/treant_protector_foliage_color.png"
        },
        "image_3": {
            "path": "textures/treant_protector_belt_color.png"
        },
        "image_4": {
            "path": "textures/treant_protector_hands_color.png"
        },
        "image_5": {
            "path": "textures/treant_protector_head_color.png"
        }
    },
    "lights": {},
    "materials": {
        "Material #35": {
            "instanceTechnique": {
                "technique": "technique_0",
                "values": {
                    "ambient": [
                        0.5879999995231628,
                        0.5879999995231628,
                        0.5879999995231628
                    ],
                    "diffuse": "Map #12",
                    "emission": [
                        0,
                        0,
                        0
                    ],
                    "shininess": 2,
                    "specular": [
                        0.8999999761581421,
                        0.8999999761581421,
                        0.8999999761581421
                    ],
                    "transparency": 1
                }
            },
            "name": "Material #35"
        },
        "Material #46": {
            "instanceTechnique": {
                "technique": "technique_0",
                "values": {
                    "ambient": [
                        0.5879999995231628,
                        0.5879999995231628,
                        0.5879999995231628
                    ],
                    "diffuse": "Map #11",
                    "emission": [
                        0,
                        0,
                        0
                    ],
                    "shininess": 2,
                    "specular": [
                        0.8999999761581421,
                        0.8999999761581421,
                        0.8999999761581421
                    ],
                    "transparency": 1
                }
            },
            "name": "Material #46"
        },
        "Material #57": {
            "instanceTechnique": {
                "technique": "technique_0",
                "values": {
                    "ambient": [
                        0.5879999995231628,
                        0.5879999995231628,
                        0.5879999995231628
                    ],
                    "diffuse": "Map #8",
                    "emission": [
                        0,
                        0,
                        0
                    ],
                    "shininess": 2,
                    "specular": [
                        0.8999999761581421,
                        0.8999999761581421,
                        0.8999999761581421
                    ],
                    "transparency": 1
                }
            },
            "name": "Material #57"
        },
        "Material #68": {
            "instanceTechnique": {
                "technique": "technique_0",
                "values": {
                    "ambient": [
                        0.5879999995231628,
                        0.5879999995231628,
                        0.5879999995231628
                    ],
                    "diffuse": "Map #7",
                    "emission": [
                        0,
                        0,
                        0
                    ],
                    "shininess": 2,
                    "specular": [
                        0.8999999761581421,
                        0.8999999761581421,
                        0.8999999761581421
                    ],
                    "transparency": 1
                }
            },
            "name": "Material #68"
        },
        "Material #79": {
            "instanceTechnique": {
                "technique": "technique_0",
                "values": {
                    "ambient": [
                        0.5879999995231628,
                        0.5879999995231628,
                        0.5879999995231628
                    ],
                    "diffuse": "Map #9",
                    "emission": [
                        0,
                        0,
                        0
                    ],
                    "shininess": 2,
                    "specular": [
                        0.8999999761581421,
                        0.8999999761581421,
                        0.8999999761581421
                    ],
                    "transparency": 1
                }
            },
            "name": "Material #79"
        },
        "Material #90": {
            "instanceTechnique": {
                "technique": "technique_0",
                "values": {
                    "ambient": [
                        0.5879999995231628,
                        0.5879999995231628,
                        0.5879999995231628
                    ],
                    "diffuse": "Map #10",
                    "emission": [
                        0,
                        0,
                        0
                    ],
                    "shininess": 2,
                    "specular": [
                        0.8999999761581421,
                        0.8999999761581421,
                        0.8999999761581421
                    ],
                    "transparency": 1
                }
            },
            "name": "Material #90"
        }
    },
    "meshes": {
        "belt_model-mesh": {
            "name": "belt_model-mesh",
            "primitives": [
                {
                    "attributes": {
                        "JOINT": "attrbute_22",
                        "NORMAL": "attrbute_20",
                        "POSITION": "attrbute_19",
                        "TEXCOORD_0": "attrbute_21",
                        "WEIGHT": "attrbute_23"
                    },
                    "indices": "indices_24",
                    "material": "Material #68"
                }
            ]
        },
        "foliage_model_LOD0-mesh": {
            "name": "foliage_model_LOD0-mesh",
            "primitives": [
                {
                    "attributes": {
                        "JOINT": "attrbute_16",
                        "NORMAL": "attrbute_14",
                        "POSITION": "attrbute_13",
                        "TEXCOORD_0": "attrbute_15",
                        "WEIGHT": "attrbute_17"
                    },
                    "indices": "indices_18",
                    "material": "Material #57"
                }
            ]
        },
        "hands_model_LOD0-mesh": {
            "name": "hands_model_LOD0-mesh",
            "primitives": [
                {
                    "attributes": {
                        "JOINT": "attrbute_28",
                        "NORMAL": "attrbute_26",
                        "POSITION": "attrbute_25",
                        "TEXCOORD_0": "attrbute_27",
                        "WEIGHT": "attrbute_29"
                    },
                    "indices": "indices_30",
                    "material": "Material #79"
                }
            ]
        },
        "head_model_LOD0-mesh": {
            "name": "head_model_LOD0-mesh",
            "primitives": [
                {
                    "attributes": {
                        "JOINT": "attrbute_34",
                        "NORMAL": "attrbute_32",
                        "POSITION": "attrbute_31",
                        "TEXCOORD_0": "attrbute_33",
                        "WEIGHT": "attrbute_35"
                    },
                    "indices": "indices_36",
                    "material": "Material #90"
                }
            ]
        },
        "legs_model_LOD0-mesh": {
            "name": "legs_model_LOD0-mesh",
            "primitives": [
                {
                    "attributes": {
                        "JOINT": "attrbute_10",
                        "NORMAL": "attrbute_8",
                        "POSITION": "attrbute_7",
                        "TEXCOORD_0": "attrbute_9",
                        "WEIGHT": "attrbute_11"
                    },
                    "indices": "indices_12",
                    "material": "Material #46"
                }
            ]
        },
        "treant_protector_model_LOD0-mesh": {
            "name": "treant_protector_model_LOD0-mesh",
            "primitives": [
                {
                    "attributes": {
                        "JOINT": "attrbute_4",
                        "NORMAL": "attrbute_2",
                        "POSITION": "attrbute_1",
                        "TEXCOORD_0": "attrbute_3",
                        "WEIGHT": "attrbute_5"
                    },
                    "indices": "indices_6",
                    "material": "Material #35"
                }
            ]
        }
    },
    "nodes": {
        "Cloth_R0C0": {
            "children": [
                "Cloth_R1C0"
            ],
            "jointId": "Cloth_R0C0",
            "matrix": [
                0.009229660034179741,
                0.9982733726501463,
                -0.05800651013851164,
                0,
                -0.9998103378587272,
                0.008217484753900522,
                -0.017663763854615065,
                0,
                -0.01715659347287761,
                0.05815852536941914,
                0.9981596480383519,
                0,
                5.118461608886726,
                0.6698913574218466,
                0.0794363021850586,
                1
            ],
            "name": "Cloth_R0C0"
        },
        "Cloth_R1C0": {
            "children": [
                "Cloth_R2C0"
            ],
            "jointId": "Cloth_R1C0",
            "matrix": [
                0.9996470212936399,
                -0.026529487222433083,
                0.0016465336084365706,
                0,
                0.026526017040511836,
                0.999645949351094,
                0.0020895528139991213,
                0,
                -0.0017013854570424175,
                -0.002045139316139504,
                0.9999968408859684,
                0,
                27.85723876953122,
                0.325946807861321,
                2.6430644989013707,
                1
            ],
            "name": "Cloth_R1C0"
        },
        "Cloth_R2C0": {
            "children": [
                "Cloth_R3C0"
            ],
            "jointId": "Cloth_R2C0",
            "matrix": [
                0.9964730739593509,
                1.601874828408012e-7,
                0.08391180634498602,
                0,
                -1.8010593021144938e-7,
                0.999999821186065,
                2.298038449988389e-7,
                0,
                -0.08391182129663056,
                -2.4410644490794817e-7,
                0.9964732515142263,
                0,
                61.02845764160159,
                0.9450225830078196,
                6.801756858825685,
                1
            ],
            "name": "Cloth_R2C0"
        },
        "Cloth_R3C0": {
            "children": [],
            "jointId": "Cloth_R3C0",
            "matrix": [
                0.9999998807907108,
                -3.725290298461914e-9,
                9.313225742685338e-9,
                0,
                3.7252902845841263e-9,
                0.9999998807907107,
                3.4924596808288966e-10,
                0,
                -9.313225753093679e-9,
                -3.492459339305212e-10,
                0.9999998807907111,
                0,
                48.45201492309571,
                1.4423637390136719,
                0.8683166503906254,
                1
            ],
            "name": "Cloth_R3C0"
        },
        "Index_0_L": {
            "children": [
                "Index_1_L"
            ],
            "jointId": "Index_0_L",
            "matrix": [
                0.9494116306304935,
                0.2064537256956101,
                -0.2366326898336411,
                0,
                -0.29480547117659744,
                0.3263130148753859,
                -0.8981143120757451,
                0,
                -0.10820267820363488,
                0.9224404340163774,
                0.3706689183338164,
                0,
                20.420494079589844,
                -0.1877899169922017,
                -3.4735221862792898,
                1
            ],
            "name": "Index_0_L"
        },
        "Index_0_R": {
            "children": [
                "Index_1_R"
            ],
            "jointId": "Index_0_R",
            "matrix": [
                0.9725221991539004,
                0.17553211748600003,
                -0.1529342532157899,
                0,
                -0.1837121450482858,
                0.17510982125340488,
                -0.9672570956861435,
                0,
                -0.14300441975033068,
                0.9687750356373089,
                0.20254560333822458,
                0,
                -20.420490264892592,
                0.187774658203125,
                3.4735012054443324,
                1
            ],
            "name": "Index_0_R"
        },
        "Index_1_L": {
            "children": [],
            "jointId": "Index_1_L",
            "matrix": [
                0.7277829051017758,
                -5.960464488641293e-8,
                0.6858074665069578,
                0,
                -3.253109850942515e-7,
                0.9999998211860661,
                4.321335392021286e-7,
                0,
                -0.685807588938001,
                -5.376002973067617e-7,
                0.72778303502627,
                0,
                26.047954559326172,
                0.000007629394524144573,
                0.000015258789076710855,
                1
            ],
            "name": "Index_1_L"
        },
        "Index_1_R": {
            "children": [],
            "jointId": "Index_1_R",
            "matrix": [
                0.7277835011482237,
                3.2782554626464844e-7,
                0.6858071088790891,
                0,
                -2.819432161071944e-7,
                0.9999998807906741,
                -1.7881396176255837e-7,
                0,
                -0.6858069898798593,
                -6.32208073114704e-8,
                0.7277833748654043,
                0,
                -26.047950744628906,
                0.000036239624009226645,
                0.00005340576171875,
                1
            ],
            "name": "Index_1_R"
        },
        "Jaw": {
            "children": [],
            "jointId": "Jaw",
            "matrix": [
                1.0000001192092893,
                2.8421709483343567e-14,
                1.4210854632483942e-14,
                0,
                -2.842171403614566e-14,
                1.000000238418579,
                8.568167686462402e-8,
                0,
                -1.421085395419584e-14,
                -8.568167686462402e-8,
                1.0000002384185789,
                0,
                -0.3721466064453196,
                6.451416015624972,
                0.30258750915527344,
                1
            ],
            "name": "Jaw"
        },
        "L_leaf_01_R0C0": {
            "children": [
                "L_leaf_01_R1C0"
            ],
            "jointId": "L_leaf_01_R0C0",
            "matrix": [
                0.2929634749889373,
                -0.919182002544403,
                -0.2632037103176117,
                0,
                -0.2566429238633316,
                0.18958074313302908,
                -0.9477305985625596,
                0,
                0.9210357551387334,
                0.3452000032012036,
                -0.18036141948389842,
                0,
                -1.3690643310546946,
                49.928741455078125,
                -7.343936920166016,
                1
            ],
            "name": "L_leaf_01_R0C0"
        },
        "L_leaf_01_R1C0": {
            "children": [
                "L_leaf_01_R2C0"
            ],
            "jointId": "L_leaf_01_R1C0",
            "matrix": [
                1.0000004768371586,
                4.651956260204315e-7,
                9.164214134077531e-7,
                0,
                -4.651960509374775e-7,
                1.000000238418619,
                5.84695953873937e-7,
                0,
                -9.164207044193295e-7,
                -5.846962407860326e-7,
                1.0000000000001523,
                0,
                1.5585784912109375,
                -0.000049591064453125,
                -0.000003814697276283141,
                1
            ],
            "name": "L_leaf_01_R1C0"
        },
        "L_leaf_01_R2C0": {
            "children": [],
            "jointId": "L_leaf_01_R2C0",
            "matrix": [
                0.9999999403953554,
                2.8870999812212472e-8,
                -1.266598701338273e-7,
                0,
                -2.887100105340712e-8,
                1.0000001192092896,
                3.096647560558519e-8,
                0,
                1.266599088250997e-7,
                -3.0966475648519596e-8,
                1.000000238418578,
                0,
                8.834686279296903,
                3.552713678800501e-15,
                -0.00000762939453125,
                1
            ],
            "name": "L_leaf_01_R2C0"
        },
        "L_leaf_02_R0C0": {
            "children": [
                "L_leaf_02_R1C0"
            ],
            "jointId": "L_leaf_02_R0C0",
            "matrix": [
                0.384874939918518,
                -0.8274402022361758,
                0.40891733765602123,
                0,
                0.113263691147086,
                -0.39735490623607816,
                -0.9106480601562195,
                0,
                0.9159925148537831,
                0.39680127317452873,
                -0.059213039329298604,
                0,
                -12.022712707519538,
                49.77546691894531,
                -0.18744277954101562,
                1
            ],
            "name": "L_leaf_02_R0C0"
        },
        "L_leaf_02_R1C0": {
            "children": [
                "L_leaf_02_R2C0"
            ],
            "jointId": "L_leaf_02_R1C0",
            "matrix": [
                0.9997188448905943,
                -0.018190443515777477,
                0.015230484306812269,
                0,
                0.017927422955191785,
                0.9996908932539892,
                0.017231110518722836,
                0,
                -0.015539213692615742,
                -0.016953217866306238,
                0.9997356554493625,
                0,
                2.1287994384765625,
                0,
                -0.000003814697269177714,
                1
            ],
            "name": "L_leaf_02_R1C0"
        },
        "L_leaf_02_R2C0": {
            "children": [],
            "jointId": "L_leaf_02_R2C0",
            "matrix": [
                0.9999027252197268,
                5.9604644719879474e-8,
                -0.013962028548121432,
                0,
                -5.9012261466317995e-8,
                1.0000003576278687,
                4.284083843578146e-8,
                0,
                0.01396202854630845,
                -4.201272517032062e-8,
                0.9999027250897073,
                0,
                12.613174438476534,
                0,
                0.000003814697265625,
                1
            ],
            "name": "L_leaf_02_R2C0"
        },
        "L_leaf_03_R0C0": {
            "children": [
                "L_leaf_03_R1C0"
            ],
            "jointId": "L_leaf_03_R0C0",
            "matrix": [
                0.10735720396041887,
                -0.9684881567955018,
                -0.22473292052745822,
                0,
                -0.41392148514059357,
                0.16197928277578336,
                -0.8957854053866457,
                0,
                0.9039599264529481,
                0.18919086202261776,
                -0.3834885376130413,
                0,
                -10.127716064453132,
                43.61378479003906,
                -17.51071548461914,
                1
            ],
            "name": "L_leaf_03_R0C0"
        },
        "L_leaf_03_R1C0": {
            "children": [
                "L_leaf_03_R2C0"
            ],
            "jointId": "L_leaf_03_R1C0",
            "matrix": [
                1.000000357627869,
                6.072223186701087e-7,
                -2.9802322387695312e-8,
                0,
                -6.072223049519154e-7,
                1.000000357627862,
                4.600733518739242e-7,
                0,
                2.980259472540325e-8,
                -4.600732241358263e-7,
                1.0000001192092292,
                0,
                1.5305023193359375,
                -0.000003814697265625,
                0.000011444091803980427,
                1
            ],
            "name": "L_leaf_03_R1C0"
        },
        "L_leaf_03_R2C0": {
            "children": [],
            "jointId": "L_leaf_03_R2C0",
            "matrix": [
                0.9999998807907102,
                4.842877390776046e-8,
                -5.551115123125783e-17,
                0,
                -4.842877388694378e-8,
                0.9999998807907103,
                9.592622521488459e-8,
                0,
                4.6629367034256575e-15,
                -9.592621947815405e-8,
                0.9999998211860652,
                0,
                5.15374755859375,
                0.00000762939453125,
                0,
                1
            ],
            "name": "L_leaf_03_R2C0"
        },
        "L_leaf_R0C0": {
            "children": [
                "L_leaf_R1C0"
            ],
            "jointId": "L_leaf_R0C0",
            "matrix": [
                0.2406985759735105,
                -0.927606701850891,
                -0.2856748998165131,
                0,
                -0.4012609071851943,
                0.17289761553052246,
                -0.8994977018229904,
                0,
                0.8837725992571078,
                0.3311379830393963,
                -0.3305960945109171,
                0,
                9.008964538574212,
                56.5299072265625,
                0.8077697753906392,
                1
            ],
            "name": "L_leaf_R0C0"
        },
        "L_leaf_R1C0": {
            "children": [
                "L_leaf_R2C0"
            ],
            "jointId": "L_leaf_R1C0",
            "matrix": [
                0.891468942165375,
                -0.4530657231807709,
                -0.0038293004035949985,
                0,
                0.44689942739909194,
                0.8778816532450167,
                0.17206111658867285,
                0,
                -0.07459332280420652,
                -0.15509845615181803,
                0.9850790562779671,
                0,
                1.75677490234375,
                -0.0000152587890625,
                0.0000038146972585195726,
                1
            ],
            "name": "L_leaf_R1C0"
        },
        "L_leaf_R2C0": {
            "children": [],
            "jointId": "L_leaf_R2C0",
            "matrix": [
                1.0000002384185795,
                -5.960464477539063e-8,
                1.1175870895385742e-8,
                0,
                5.960464483090178e-8,
                1.000000238418578,
                -3.469446951953614e-18,
                0,
                -1.1175869570057007e-8,
                6.730727086790012e-16,
                1.0000001192092898,
                0,
                10.415451049804659,
                -0.2469482421875,
                -0.027969360351569605,
                1
            ],
            "name": "L_leaf_R2C0"
        },
        "L_toe_01_R0C0": {
            "children": [
                "L_toe_01_R1C0"
            ],
            "jointId": "L_toe_01_R0C0",
            "matrix": [
