{
    "animations": {},
    "asset": {},
    "attributes": {
        "attribute_1": {
            "bufferView": "bufferView_37",
            "byteOffset": 0,
            "byteStride": 12,
            "count": 879,
            "max": [
                1,
                1,
                1
            ],
            "min": [
                0,
                0,
                0
            ],
            "type": "FLOAT_VEC3"
        },
        "attribute_10": {
            "bufferView": "bufferView_37",
            "byteOffset": 67236,
            "byteStride": 16,
            "count": 453,
            "max": [
                1,
                1,
                1
            ],
            "min": [
                0,
                0,
                0
            ],
            "type": "FLOAT_VEC4"
        },
        "attribute_11": {
            "bufferView": "bufferView_37",
            "byteOffset": 74484,
            "byteStride": 12,
            "count": 453,
            "max": [
                1,
                1,
                1
            ],
            "min": [
                0,
                0,
                0
            ],
            "type": "FLOAT_VEC3"
        },
        "attribute_13": {
            "bufferView": "bufferView_37",
            "byteOffset": 79920,
            "byteStride": 12,
            "count": 559,
            "max": [
                1,
                1,
                1
            ],
            "min": [
                0,
                0,
                0
            ],
            "type": "FLOAT_VEC3"
        },
        "attribute_14": {
            "bufferView": "bufferView_37",
            "byteOffset": 86628,
            "byteStride": 12,
            "count": 559,
            "max": [
                1,
                1,
                1
            ],
            "min": [
                0,
                0,
                0
            ],
            "type": "FLOAT_VEC3"
        },
        "attribute_15": {
            "bufferView": "bufferView_37",
            "byteOffset": 93336,
            "byteStride": 8,
            "count": 559,
            "max": [
                1,
                1,
                1
            ],
            "min": [
                0,
                0,
                0
            ],
            "type": "FLOAT_VEC2"
        },
        "attribute_16": {
            "bufferView": "bufferView_37",
            "byteOffset": 97808,
            "byteStride": 16,
            "count": 559,
            "max": [
                1,
                1,
                1
            ],
            "min": [
                0,
                0,
                0
            ],
            "type": "FLOAT_VEC4"
        },
        "attribute_17": {
            "bufferView": "bufferView_37",
            "byteOffset": 106752,
            "byteStride": 12,
            "count": 559,
            "max": [
                1,
                1,
                1
            ],
            "min": [
                0,
                0,
                0
            ],
            "type": "FLOAT_VEC3"
        },
        "attribute_19": {
            "bufferView": "bufferView_37",
            "byteOffset": 113460,
            "byteStride": 12,
            "count": 292,
            "max": [
                1,
                1,
                1
            ],
            "min": [
                0,
                0,
                0
            ],
            "type": "FLOAT_VEC3"
        },
        "attribute_2": {
            "bufferView": "bufferView_37",
            "byteOffset": 10548,
            "byteStride": 12,
            "count": 879,
            "max": [
                1,
                1,
                1
            ],
            "min": [
                0,
                0,
                0
            ],
            "type": "FLOAT_VEC3"
        },
        "attribute_20": {
            "bufferView": "bufferView_37",
            "byteOffset": 116964,
            "byteStride": 12,
            "count": 292,
            "max": [
                1,
                1,
                1
            ],
            "min": [
                0,
                0,
                0
            ],
            "type": "FLOAT_VEC3"
        },
        "attribute_21": {
            "bufferView": "bufferView_37",
            "byteOffset": 120468,
            "byteStride": 8,
            "count": 292,
            "max": [
                1,
                1,
                1
            ],
            "min": [
                0,
                0,
                0
            ],
            "type": "FLOAT_VEC2"
        },
        "attribute_22": {
            "bufferView": "bufferView_37",
            "byteOffset": 122804,
            "byteStride": 16,
            "count": 292,
            "max": [
                1,
                1,
                1
            ],
            "min": [
                0,
                0,
                0
            ],
            "type": "FLOAT_VEC4"
        },
        "attribute_23": {
            "bufferView": "bufferView_37",
            "byteOffset": 127476,
            "byteStride": 12,
            "count": 292,
            "max": [
                1,
                1,
                1
            ],
            "min": [
                0,
                0,
                0
            ],
            "type": "FLOAT_VEC3"
        },
        "attribute_25": {
            "bufferView": "bufferView_37",
            "byteOffset": 130980,
            "byteStride": 12,
            "count": 362,
            "max": [
                1,
                1,
                1
            ],
            "min": [
                0,
                0,
                0
            ],
            "type": "FLOAT_VEC3"
        },
        "attribute_26": {
            "bufferView": "bufferView_37",
            "byteOffset": 135324,
            "byteStride": 12,
            "count": 362,
            "max": [
                1,
                1,
                1
            ],
            "min": [
                0,
                0,
                0
            ],
            "type": "FLOAT_VEC3"
        },
        "attribute_27": {
            "bufferView": "bufferView_37",
            "byteOffset": 139668,
            "byteStride": 8,
            "count": 362,
            "max": [
                1,
                1,
                1
            ],
            "min": [
                0,
                0,
                0
            ],
            "type": "FLOAT_VEC2"
        },
        "attribute_28": {
            "bufferView": "bufferView_37",
            "byteOffset": 142564,
            "byteStride": 16,
            "count": 362,
            "max": [
                1,
                1,
                1
            ],
            "min": [
                0,
                0,
                0
            ],
            "type": "FLOAT_VEC4"
        },
        "attribute_29": {
            "bufferView": "bufferView_37",
            "byteOffset": 148356,
            "byteStride": 12,
            "count": 362,
            "max": [
                1,
                1,
                1
            ],
            "min": [
                0,
                0,
                0
            ],
            "type": "FLOAT_VEC3"
        },
        "attribute_3": {
            "bufferView": "bufferView_37",
            "byteOffset": 21096,
            "byteStride": 8,
            "count": 879,
            "max": [
                1,
                1,
                1
            ],
            "min": [
                0,
                0,
                0
            ],
            "type": "FLOAT_VEC2"
        },
        "attribute_31": {
            "bufferView": "bufferView_37",
            "byteOffset": 152700,
            "byteStride": 12,
            "count": 510,
            "max": [
                1,
                1,
                1
            ],
            "min": [
                0,
                0,
                0
            ],
            "type": "FLOAT_VEC3"
        },
        "attribute_32": {
            "bufferView": "bufferView_37",
            "byteOffset": 158820,
            "byteStride": 12,
            "count": 510,
            "max": [
                1,
                1,
                1
            ],
            "min": [
                0,
                0,
                0
            ],
            "type": "FLOAT_VEC3"
        },
        "attribute_33": {
            "bufferView": "bufferView_37",
            "byteOffset": 164940,
            "byteStride": 8,
            "count": 510,
            "max": [
                1,
                1,
                1
            ],
            "min": [
                0,
                0,
                0
            ],
            "type": "FLOAT_VEC2"
        },
        "attribute_34": {
            "bufferView": "bufferView_37",
            "byteOffset": 169020,
            "byteStride": 16,
            "count": 510,
            "max": [
                1,
                1,
                1
            ],
            "min": [
                0,
                0,
                0
            ],
            "type": "FLOAT_VEC4"
        },
        "attribute_35": {
            "bufferView": "bufferView_37",
            "byteOffset": 177180,
            "byteStride": 12,
            "count": 510,
            "max": [
                1,
                1,
                1
            ],
            "min": [
                0,
                0,
                0
            ],
            "type": "FLOAT_VEC3"
        },
        "attribute_4": {
            "bufferView": "bufferView_37",
            "byteOffset": 28128,
            "byteStride": 16,
            "count": 879,
            "max": [
                1,
                1,
                1
            ],
            "min": [
                0,
                0,
                0
            ],
            "type": "FLOAT_VEC4"
        },
        "attribute_5": {
            "bufferView": "bufferView_37",
            "byteOffset": 42192,
            "byteStride": 12,
            "count": 879,
            "max": [
                1,
                1,
                1
            ],
            "min": [
                0,
                0,
                0
            ],
            "type": "FLOAT_VEC3"
        },
        "attribute_7": {
            "bufferView": "bufferView_37",
            "byteOffset": 52740,
            "byteStride": 12,
            "count": 453,
            "max": [
                1,
                1,
                1
            ],
            "min": [
                0,
                0,
                0
            ],
            "type": "FLOAT_VEC3"
        },
        "attribute_8": {
            "bufferView": "bufferView_37",
            "byteOffset": 58176,
            "byteStride": 12,
            "count": 453,
            "max": [
                1,
                1,
                1
            ],
            "min": [
                0,
                0,
                0
            ],
            "type": "FLOAT_VEC3"
        },
        "attribute_9": {
            "bufferView": "bufferView_37",
            "byteOffset": 63612,
            "byteStride": 8,
            "count": 453,
            "max": [
                1,
                1,
                1
            ],
            "min": [
                0,
                0,
                0
            ],
            "type": "FLOAT_VEC2"
        }
    },
    "bufferViews": {
        "bufferView_37": {
            "buffer": "treant_protector.bin",
            "byteLength": 183300,
            "byteOffset": 0,
            "target": "ARRAY_BUFFER"
        },
        "bufferView_38": {
            "buffer": "treant_protector.bin",
            "byteLength": 30498,
            "byteOffset": 183300,
            "target": "ELEMENT_ARRAY_BUFFER"
        }
    },
    "buffers": {
        "treant_protector.bin": {
            "byteLength": 213798,
            "path": "treant_protector.bin"
        }
    },
    "cameras": {},
    "images": {
        "image_0": {
            "path": "textures/treantprotector_body_color.png"
        },
        "image_1": {
            "path": "textures/treant_protector_legs_color.png"
        },
        "image_2": {
            "path": "textures/treant_protector_foliage_color.png"
        },
        "image_3": {
            "path": "textures/treant_protector_belt_color.png"
        },
        "image_4": {
            "path": "textures/treant_protector_hands_color.png"
        },
        "image_5": {
            "path": "textures/treant_protector_head_color.png"
        }
    },
    "indices": {
        "indices_12": {
            "bufferView": "bufferView_38",
            "byteOffset": 10152,
            "count": 2337,
            "type": "UNSIGNED_SHORT"
        },
        "indices_18": {
            "bufferView": "bufferView_38",
            "byteOffset": 14826,
            "count": 1740,
            "type": "UNSIGNED_SHORT"
        },
        "indices_24": {
            "bufferView": "bufferView_38",
            "byteOffset": 18306,
            "count": 1416,
            "type": "UNSIGNED_SHORT"
        },
        "indices_30": {
            "bufferView": "bufferView_38",
            "byteOffset": 21138,
            "count": 2007,
            "type": "UNSIGNED_SHORT"
        },
        "indices_36": {
            "bufferView": "bufferView_38",
            "byteOffset": 25152,
            "count": 2673,
            "type": "UNSIGNED_SHORT"
        },
        "indices_6": {
            "bufferView": "bufferView_38",
            "byteOffset": 0,
            "count": 5076,
            "type": "UNSIGNED_SHORT"
        }
    },
    "lights": {},
    "materials": {
        "Material #35": {
            "instanceTechnique": {
                "technique": "technique_0",
                "values": [
                    {
                        "parameter": "ambient",
                        "value": [
                            0.5879999995231628,
                            0.5879999995231628,
                            0.5879999995231628
                        ]
                    },
                    {
                        "parameter": "emission",
                        "value": [
                            0,
                            0,
                            0
                        ]
                    },
                    {
                        "parameter": "diffuse",
                        "value": "Map #12"
                    },
                    {
                        "parameter": "shininess",
                        "value": 2
                    },
                    {
                        "parameter": "specular",
                        "value": [
                            0.8999999761581421,
                            0.8999999761581421,
                            0.8999999761581421
                        ]
                    }
                ]
            },
            "name": "Material #35"
        },
        "Material #46": {
            "instanceTechnique": {
                "technique": "technique_0",
                "values": [
                    {
                        "parameter": "ambient",
                        "value": [
                            0.5879999995231628,
                            0.5879999995231628,
                            0.5879999995231628
                        ]
                    },
                    {
                        "parameter": "emission",
                        "value": [
                            0,
                            0,
                            0
                        ]
                    },
                    {
                        "parameter": "diffuse",
                        "value": "Map #11"
                    },
                    {
                        "parameter": "shininess",
                        "value": 2
                    },
                    {
                        "parameter": "specular",
                        "value": [
                            0.8999999761581421,
                            0.8999999761581421,
                            0.8999999761581421
                        ]
                    }
                ]
            },
            "name": "Material #46"
        },
        "Material #57": {
            "instanceTechnique": {
                "technique": "technique_0",
                "values": [
                    {
                        "parameter": "ambient",
                        "value": [
                            0.5879999995231628,
                            0.5879999995231628,
                            0.5879999995231628
                        ]
                    },
                    {
                        "parameter": "emission",
                        "value": [
                            0,
                            0,
                            0
                        ]
                    },
                    {
                        "parameter": "diffuse",
                        "value": "Map #8"
                    },
                    {
                        "parameter": "shininess",
                        "value": 2
                    },
                    {
                        "parameter": "specular",
                        "value": [
                            0.8999999761581421,
                            0.8999999761581421,
                            0.8999999761581421
                        ]
                    }
                ]
            },
            "name": "Material #57"
        },
        "Material #68": {
            "instanceTechnique": {
                "technique": "technique_0",
                "values": [
                    {
                        "parameter": "ambient",
                        "value": [
                            0.5879999995231628,
                            0.5879999995231628,
                            0.5879999995231628
                        ]
                    },
                    {
                        "parameter": "emission",
                        "value": [
                            0,
                            0,
                            0
                        ]
                    },
                    {
                        "parameter": "diffuse",
                        "value": "Map #7"
                    },
                    {
                        "parameter": "shininess",
                        "value": 2
                    },
                    {
                        "parameter": "specular",
                        "value": [
                            0.8999999761581421,
                            0.8999999761581421,
                            0.8999999761581421
                        ]
                    }
                ]
            },
            "name": "Material #68"
        },
        "Material #79": {
            "instanceTechnique": {
                "technique": "technique_0",
                "values": [
                    {
                        "parameter": "ambient",
                        "value": [
                            0.5879999995231628,
                            0.5879999995231628,
                            0.5879999995231628
                        ]
                    },
                    {
                        "parameter": "emission",
                        "value": [
                            0,
                            0,
                            0
                        ]
                    },
                    {
                        "parameter": "diffuse",
                        "value": "Map #9"
                    },
                    {
                        "parameter": "shininess",
                        "value": 2
                    },
                    {
                        "parameter": "specular",
                        "value": [
                            0.8999999761581421,
                            0.8999999761581421,
                            0.8999999761581421
                        ]
                    }
                ]
            },
            "name": "Material #79"
        },
        "Material #90": {
            "instanceTechnique": {
                "technique": "technique_0",
                "values": [
                    {
                        "parameter": "ambient",
                        "value": [
                            0.5879999995231628,
                            0.5879999995231628,
                            0.5879999995231628
                        ]
                    },
                    {
                        "parameter": "emission",
                        "value": [
                            0,
                            0,
                            0
                        ]
                    },
                    {
                        "parameter": "diffuse",
                        "value": "Map #10"
                    },
                    {
                        "parameter": "shininess",
                        "value": 2
                    },
                    {
                        "parameter": "specular",
                        "value": [
                            0.8999999761581421,
                            0.8999999761581421,
                            0.8999999761581421
                        ]
                    }
                ]
            },
            "name": "Material #90"
        }
    },
    "meshes": {
        "belt_model-mesh": {
            "name": "belt_model-mesh",
            "primitives": [
                {
                    "indices": "indices_24",
                    "material": "Material #68",
                    "semantics": {
                        "JOINT": "attribute_22",
                        "NORMAL": "attribute_20",
                        "POSITION": "attribute_19",
                        "TEXCOORD_0": "attribute_21",
                        "WEIGHT": "attribute_23"
                    },
                    "skin": "skin_3"
                }
            ]
        },
        "foliage_model_LOD0-mesh": {
            "name": "foliage_model_LOD0-mesh",
            "primitives": [
                {
                    "indices": "indices_18",
                    "material": "Material #57",
                    "semantics": {
                        "JOINT": "attribute_16",
                        "NORMAL": "attribute_14",
                        "POSITION": "attribute_13",
                        "TEXCOORD_0": "attribute_15",
                        "WEIGHT": "attribute_17"
                    },
                    "skin": "skin_2"
                }
            ]
        },
        "hands_model_LOD0-mesh": {
            "name": "hands_model_LOD0-mesh",
            "primitives": [
                {
                    "indices": "indices_30",
                    "material": "Material #79",
                    "semantics": {
                        "JOINT": "attribute_28",
                        "NORMAL": "attribute_26",
                        "POSITION": "attribute_25",
                        "TEXCOORD_0": "attribute_27",
                        "WEIGHT": "attribute_29"
                    },
                    "skin": "skin_4"
                }
            ]
        },
        "head_model_LOD0-mesh": {
            "name": "head_model_LOD0-mesh",
            "primitives": [
                {
                    "indices": "indices_36",
                    "material": "Material #90",
                    "semantics": {
                        "JOINT": "attribute_34",
                        "NORMAL": "attribute_32",
                        "POSITION": "attribute_31",
                        "TEXCOORD_0": "attribute_33",
                        "WEIGHT": "attribute_35"
                    },
                    "skin": "skin_5"
                }
            ]
        },
        "legs_model_LOD0-mesh": {
            "name": "legs_model_LOD0-mesh",
            "primitives": [
                {
                    "indices": "indices_12",
                    "material": "Material #46",
                    "semantics": {
                        "JOINT": "attribute_10",
                        "NORMAL": "attribute_8",
                        "POSITION": "attribute_7",
                        "TEXCOORD_0": "attribute_9",
                        "WEIGHT": "attribute_11"
                    },
                    "skin": "skin_1"
                }
            ]
        },
        "treant_protector_model_LOD0-mesh": {
            "name": "treant_protector_model_LOD0-mesh",
            "primitives": [
                {
                    "indices": "indices_6",
                    "material": "Material #35",
                    "semantics": {
                        "JOINT": "attribute_4",
                        "NORMAL": "attribute_2",
                        "POSITION": "attribute_1",
                        "TEXCOORD_0": "attribute_3",
                        "WEIGHT": "attribute_5"
                    },
                    "skin": "skin_0"
                }
            ]
        }
    },
    "nodes": {
        "Cloth_R0C0": {
            "children": [
                "Cloth_R1C0"
            ],
            "matrix": [
                0.009229660034179741,
                0.9982733726501464,
                -0.05800651013851165,
                0,
                -0.9998103378587273,
                0.008217484753900522,
                -0.017663763854615076,
                0,
                -0.017156593472877613,
                0.058158525369419144,
                0.998159648038352,
                0,
                5.118461608886726,
                0.669891357421875,
                0.0794363021850586,
                1
            ],
            "name": "Cloth_R0C0"
        },
        "Cloth_R1C0": {
            "children": [
                "Cloth_R2C0"
            ],
            "matrix": [
                0.99964702129364,
                -0.026529487222433087,
                0.0016465336084365845,
                0,
                0.026526017040511825,
                0.9996459493510939,
                0.0020895528139991144,
                0,
                -0.0017013854570424175,
                -0.0020451393161395087,
                0.9999968408859683,
                0,
                27.85723876953125,
                0.3259468078613281,
                2.6430644989013636,
                1
            ],
            "name": "Cloth_R1C0"
        },
        "Cloth_R2C0": {
            "children": [
                "Cloth_R3C0"
            ],
            "matrix": [
                0.996473073959351,
                1.601874828408012e-7,
                0.08391180634498603,
                0,
                -1.8010593021838828e-7,
                0.9999998211860651,
                2.298038449992726e-7,
                0,
                -0.08391182129663058,
                -2.4410644491315234e-7,
                0.9964732515142264,
                0,
                61.02845764160159,
                0.9450225830078054,
                6.801756858825689,
                1
            ],
            "name": "Cloth_R2C0"
        },
        "Cloth_R3C0": {
            "children": [],
            "matrix": [
                0.9999998807907107,
                -3.725290298461914e-9,
                9.313225749624232e-9,
                0,
                3.7252902776452324e-9,
                0.9999998807907109,
                3.492459740460016e-10,
                0,
                -9.313225749624232e-9,
                -3.492459255821645e-10,
                0.9999998807907108,
                0,
                48.45201492309571,
                1.4423637390136719,
                0.868316650390625,
                1
            ],
            "name": "Cloth_R3C0"
        },
        "Index_0_L": {
            "children": [
                "Index_1_L"
            ],
            "matrix": [
                0.9494116306304934,
                0.20645372569561005,
                -0.23663268983364105,
                0,
                -0.2948054711765974,
                0.3263130148753861,
                -0.8981143120757453,
                0,
                -0.10820267820363483,
                0.9224404340163774,
                0.37066891833381654,
                0,
                20.420494079589844,
                -0.18778991699215908,
                -3.473522186279297,
                1
            ],
            "name": "Index_0_L"
        },
        "Index_0_R": {
            "children": [
                "Index_1_R"
            ],
            "matrix": [
                0.9725221991538998,
                0.17553211748600006,
                -0.1529342532157898,
                0,
                -0.18371214504828573,
                0.1751098212534048,
                -0.9672570956861433,
                0,
                -0.14300441975033062,
                0.9687750356373086,
                0.20254560333822447,
                0,
                -20.420490264892585,
                0.187774658203125,
                3.4735012054443324,
                1
            ],
            "name": "Index_0_R"
        },
        "Index_1_L": {
            "children": [],
            "matrix": [
                0.727782905101776,
                -5.960464483090178e-8,
                0.685807466506958,
                0,
                -3.2531098503874034e-7,
                0.9999998211860665,
                4.321335393409065e-7,
                0,
                -0.6858075889380011,
                -5.376002973206395e-7,
                0.72778303502627,
                0,
                26.047954559326172,
                0.000007629394517039145,
                0.0000152587890625,
                1
            ],
            "name": "Index_1_L"
        },
        "Index_1_R": {
            "children": [],
            "matrix": [
                0.7277835011482238,
                3.278255462091373e-7,
                0.6858071088790894,
                0,
                -2.819432161071944e-7,
                0.9999998807906743,
                -1.7881396180419173e-7,
                0,
                -0.6858069898798596,
                -6.322080717269252e-8,
                0.7277833748654043,
                0,
                -26.047950744628906,
                0.00003623962403409564,
                0.00005340576171875,
                1
            ],
            "name": "Index_1_R"
        },
        "Jaw": {
            "children": [],
            "matrix": [
                1.0000001192092893,
                2.8421709483343567e-14,
                1.421085472181945e-14,
                0,
                -2.8421714142024777e-14,
                1.000000238418579,
                8.568167685768513e-8,
                0,
                -1.4210853934343505e-14,
                -8.568167686462402e-8,
                1.0000002384185789,
                0,
                -0.3721466064453196,
                6.451416015625028,
                0.3025875091552752,
                1
            ],
            "name": "Jaw"
        },
        "L_leaf_01_R0C0": {
            "children": [
                "L_leaf_01_R1C0"
            ],
            "matrix": [
                0.2929634749889374,
                -0.919182002544403,
                -0.2632037103176116,
                0,
                -0.2566429238633316,
                0.18958074313302892,
                -0.9477305985625593,
                0,
                0.9210357551387335,
                0.3452000032012036,
                -0.1803614194838983,
                0,
                -1.3690643310546946,
                49.9287414550781,
                -7.343936920166023,
                1
            ],
            "name": "L_leaf_01_R0C0"
        },
        "L_leaf_01_R1C0": {
            "children": [
                "L_leaf_01_R2C0"
            ],
            "matrix": [
                1.0000004768371584,
                4.651956260204315e-7,
                9.164214134493864e-7,
                0,
                -4.651960509374775e-7,
                1.000000238418619,
                5.846959538789785e-7,
                0,
                -9.164207044470851e-7,
                -5.846962407855447e-7,
                1.0000000000001523,
                0,
                1.558578491210909,
                -0.000049591064453125,
                -0.000003814697269177714,
                1
            ],
            "name": "L_leaf_01_R1C0"
        },
        "L_leaf_01_R2C0": {
            "children": [],
            "matrix": [
                0.9999999403953554,
                2.8870999812212472e-8,
                -1.266598701199495e-7,
                0,
                -2.887100105427448e-8,
                1.0000001192092893,
                3.096647560694044e-8,
                0,
                1.2665990879734412e-7,
                -3.096647564114702e-8,
                1.0000002384185782,
                0,
                8.834686279296875,
                3.552713678800501e-15,
                -0.000007629394534802714,
                1
            ],
            "name": "L_leaf_01_R2C0"
        },
        "L_leaf_02_R0C0": {
            "children": [
                "L_leaf_02_R1C0"
            ],
            "matrix": [
                0.38487493991851796,
                -0.8274402022361755,
                0.40891733765602106,
                0,
                0.11326369114708601,
                -0.3973549062360782,
                -0.9106480601562196,
                0,
                0.9159925148537833,
                0.3968012731745287,
                -0.05921303932929863,
                0,
                -12.022712707519538,
                49.775466918945284,
                -0.18744277954102984,
                1
            ],
            "name": "L_leaf_02_R0C0"
        },
        "L_leaf_02_R1C0": {
            "children": [
                "L_leaf_02_R2C0"
            ],
            "matrix": [
                0.9997188448905943,
                -0.018190443515777588,
                0.015230484306812269,
                0,
                0.017927422955191785,
                0.9996908932539889,
                0.017231110518722826,
                0,
                -0.015539213692615753,
                -0.016953217866306207,
                0.9997356554493624,
                0,
                2.1287994384765625,
                0,
                -0.0000038146972620722863,
                1
            ],
            "name": "L_leaf_02_R1C0"
        },
        "L_leaf_02_R2C0": {
            "children": [],
            "matrix": [
                0.9999027252197268,
                5.960464483090178e-8,
                -0.013962028548121449,
                0,
                -5.9012261521829146e-8,
                1.0000003576278687,
                4.284083839761754e-8,
                0,
                0.013962028546308434,
                -4.201272517032062e-8,
                0.9999027250897073,
                0,
                12.613174438476562,
                0,
                0.000003814697265625,
                1
            ],
            "name": "L_leaf_02_R2C0"
        },
        "L_leaf_03_R0C0": {
            "children": [
                "L_leaf_03_R1C0"
            ],
            "matrix": [
                0.10735720396041881,
                -0.9684881567955018,
                -0.2247329205274582,
                0,
                -0.41392148514059357,
                0.16197928277578336,
                -0.8957854053866457,
                0,
                0.9039599264529482,
                0.18919086202261776,
                -0.3834885376130413,
                0,
                -10.127716064453118,
                43.613784790039034,
                -17.51071548461914,
                1
            ],
            "name": "L_leaf_03_R0C0"
        },
        "L_leaf_03_R1C0": {
            "children": [
                "L_leaf_03_R2C0"
            ],
            "matrix": [
                1.0000003576278687,
                6.072223186562309e-7,
                -2.980232227667301e-8,
                0,
                -6.072223049519154e-7,
                1.0000003576278618,
                4.6007335184963805e-7,
                0,
                2.98025946698921e-8,
                -4.600732240855193e-7,
                1.0000001192092287,
                0,
                1.5305023193359375,
                -0.0000038146972514141453,
                0.000011444091803980427,
                1
            ],
            "name": "L_leaf_03_R1C0"
        },
        "L_leaf_03_R2C0": {
            "children": [],
            "matrix": [
                0.9999998807907104,
                4.842877389388267e-8,
                -5.551115123125783e-17,
                0,
                -4.842877388694378e-8,
                0.9999998807907106,
                9.592622515763871e-8,
                0,
                4.718447854656915e-15,
                -9.592621949029712e-8,
                0.9999998211860655,
                0,
                5.15374755859375,
                0.00000762939453125,
                0,
                1
            ],
            "name": "L_leaf_03_R2C0"
        },
        "L_leaf_R0C0": {
            "children": [
                "L_leaf_R1C0"
            ],
            "matrix": [
                0.24069857597351052,
                -0.927606701850891,
                -0.28567489981651295,
                0,
                -0.40126090718519436,
                0.17289761553052246,
                -0.8994977018229905,
                0,
                0.8837725992571078,
                0.33113798303939623,
                -0.33059609451091704,
                0,
                9.008964538574219,
                56.52990722656247,
                0.807769775390625,
                1
            ],
            "name": "L_leaf_R0C0"
        },
        "L_leaf_R1C0": {
            "children": [
                "L_leaf_R2C0"
            ],
            "matrix": [
                0.8914689421653751,
                -0.453065723180771,
                -0.0038293004035949846,
                0,
                0.44689942739909194,
                0.877881653245017,
                0.1720611165886729,
                0,
                -0.07459332280420651,
                -0.155098456151818,
                0.9850790562779671,
                0,
                1.75677490234375,
                -0.0000152587890625,
                0.000003814697265625,
                1
            ],
            "name": "L_leaf_R1C0"
        },
        "L_leaf_R2C0": {
            "children": [],
            "matrix": [
                1.0000002384185793,
                -5.960464477539063e-8,
                1.1175870902324636e-8,
                0,
                5.9604644719879474e-8,
                1.0000002384185775,
                6.938893903907228e-18,
                0,
                -1.11758695769959e-8,
                6.661338147750939e-16,
                1.0000001192092896,
                0,
                10.415451049804659,
                -0.2469482421875,
                -0.0279693603515625,
                1
            ],
            "name": "L_leaf_R2C0"
        },
        "L_toe_01_R0C0": {
            "children": [
                "L_toe_01_R1C0"
