{
    "accessors": [
        {
            "bufferView": 0,
            "byteOffset": 0,
            "componentType": 5126,
            "count": 2583,
            "max": [
                90.85681915283203,
                45.42753219604492,
                183.96165466308594
            ],
            "min": [
                -90.81889343261719,
                -50.74947738647461,
                -1.0864088535308838
            ],
            "type": "VEC3"
        },
        {
            "bufferView": 0,
            "byteOffset": 30996,
            "componentType": 5126,
            "count": 2583,
            "max": [
                0.9997227191925049,
                0.9999868273735046,
                0.9997059106826782
            ],
            "min": [
                -0.9995601177215576,
                -0.9974954128265381,
                -0.9987149834632874
            ],
            "type": "VEC3"
        },
        {
            "bufferView": 0,
            "byteOffset": 61992,
            "componentType": 5126,
            "count": 2583,
            "max": [
                0.9952859878540039,
                0.9987180233001709
            ],
            "min": [
                -0.9943270087242126,
                0.008819997310638428
            ],
            "type": "VEC2"
        },
        {
            "bufferView": 0,
            "byteOffset": 82656,
            "componentType": 5123,
            "count": 2583,
            "max": [
                41,
                41,
                41,
                0
            ],
            "min": [
                0,
                0,
                0,
                0
            ],
            "type": "VEC4"
        },
        {
            "bufferView": 0,
            "byteOffset": 103320,
            "componentType": 5126,
            "count": 2583,
            "max": [
                1,
                0.9998960494995117,
                0.9985213875770569,
                0
            ],
            "min": [
                0.00010389260569354519,
                0,
                0,
                0
            ],
            "type": "VEC4"
        },
        {
            "bufferView": 2,
            "byteOffset": 0,
            "componentType": 5123,
            "count": 12372,
            "max": [
                2582
            ],
            "min": [
                0
            ],
            "type": "SCALAR"
        },
        {
            "bufferView": 1,
            "byteOffset": 0,
            "componentType": 5126,
            "count": 42,
            "max": [
                0.7997242691088957,
                1.000000178812479,
                0.6813284304061509,
                0,
                0.994321856996037,
                0.9258531344657999,
                0.9999999999998583,
                0,
                1.0000001192092445,
                0.9399106183161986,
                1,
                0,
                107.11893391433657,
                109.08782679286267,
                123.80025836959656,
                1
            ],
            "min": [
                -0.9973280024682725,
                -1.0000001788138793,
                -0.09858791583675719,
                0,
                -0.9999999999999732,
                -0.925852830657927,
                -0.9999999999999682,
                0,
                -0.9999999999998532,
                -0.9399105864190834,
                -0.9923780045663163,
                0,
                -183.96890925989368,
                -109.08792351324387,
                -169.7685575074914,
                1
            ],
            "type": "MAT4"
        },
        {
            "bufferView": 0,
            "byteOffset": 144648,
            "componentType": 5126,
            "count": 394,
            "max": [
                46.073577880859375,
                43.48630142211914,
                118.32792663574219
            ],
            "min": [
                -53.487632751464844,
                -51.69850540161133,
                40.59471893310547
            ],
            "type": "VEC3"
        },
        {
            "bufferView": 0,
            "byteOffset": 149376,
            "componentType": 5126,
            "count": 394,
            "max": [
                0.9993835687637329,
                0.996463418006897,
                0.9993364214897156
            ],
            "min": [
                -0.9979813098907471,
                -0.9981924295425415,
                -0.9953364133834839
            ],
            "type": "VEC3"
        },
        {
            "bufferView": 0,
            "byteOffset": 154104,
            "componentType": 5126,
            "count": 394,
            "max": [
                0.9829180240631104,
                0.9924259781837463
            ],
            "min": [
                0.018208999186754227,
                0.010137975215911865
            ],
            "type": "VEC2"
        },
        {
            "bufferView": 0,
            "byteOffset": 157256,
            "componentType": 5123,
            "count": 394,
            "max": [
                3,
                2,
                0,
                0
            ],
            "min": [
                0,
                0,
                0,
                0
            ],
            "type": "VEC4"
        },
        {
            "bufferView": 0,
            "byteOffset": 160408,
            "componentType": 5126,
            "count": 394,
            "max": [
                1,
                0.7576824426651001,
                0,
                0
            ],
            "min": [
                0.2423175573348999,
                0,
                0,
                0
            ],
            "type": "VEC4"
        },
        {
            "bufferView": 2,
            "byteOffset": 24744,
            "componentType": 5123,
            "count": 1980,
            "max": [
                393
            ],
            "min": [
                0
            ],
            "type": "SCALAR"
        },
        {
            "bufferView": 1,
            "byteOffset": 2688,
            "componentType": 5126,
            "count": 4,
            "max": [
                1.6292068478213135e-7,
                0.9999999999999732,
                -6.123233995736683e-17,
                0,
                0.001165742007012993,
                1.6292068478213135e-7,
                0.5689352981514357,
                0,
                6.123233995736603e-17,
                0.03783903821473099,
                1,
                0,
                85.14602395551788,
                6.769568432446831e-13,
                -56.46459981070065,
                1
            ],
            "min": [
                -0.7877559514603271,
                -0.5676767921291406,
                -0.8204224936996485,
                0,
                -0.9999999999999732,
                -0.8223813531704015,
                -8.469167250861134e-8,
                0,
                -0.9976716826553792,
                6.123232998135209e-17,
                0.05673956748271752,
                0,
                -43.7713910456485,
                -3.532258111103726,
                -95.88274383544922,
                1
            ],
            "type": "MAT4"
        },
        {
            "bufferView": 0,
            "byteOffset": 166712,
            "componentType": 5126,
            "count": 233,
            "max": [
                80.25526428222656,
                32.372283935546875,
                138.71487426757812
            ],
            "min": [
                -93.17848205566406,
                -39.773956298828125,
                65.64633178710938
            ],
            "type": "VEC3"
        },
        {
            "bufferView": 0,
            "byteOffset": 169508,
            "componentType": 5126,
            "count": 233,
            "max": [
                0.9952697157859802,
                0.9951722621917725,
                0.9345248341560364
            ],
            "min": [
                -0.9986785650253296,
                -0.9930815696716309,
                -0.9764881730079651
            ],
            "type": "VEC3"
        },
        {
            "bufferView": 0,
            "byteOffset": 172304,
            "componentType": 5126,
            "count": 233,
            "max": [
                0.9932799935340881,
                1.0027060508728027
            ],
            "min": [
                0.012032999657094479,
                0.009702026844024658
            ],
            "type": "VEC2"
        },
        {
            "bufferView": 0,
            "byteOffset": 174168,
            "componentType": 5123,
            "count": 233,
            "max": [
                5,
                4,
                3,
                0
            ],
            "min": [
                0,
                0,
                0,
                0
            ],
            "type": "VEC4"
        },
        {
            "bufferView": 0,
            "byteOffset": 176032,
            "componentType": 5126,
            "count": 233,
            "max": [
                1,
                0.97614985704422,
                0.1141892597079277,
                0
            ],
            "min": [
                0.02385016344487667,
                0,
                0,
                0
            ],
            "type": "VEC4"
        },
        {
            "bufferView": 2,
            "byteOffset": 28704,
            "componentType": 5123,
            "count": 924,
            "max": [
                232
            ],
            "min": [
                0
            ],
            "type": "SCALAR"
        },
        {
            "bufferView": 1,
            "byteOffset": 2944,
            "componentType": 5126,
            "count": 6,
            "max": [
                0.5578047473656039,
                0.9999999999999732,
                0.6813285234651989,
                0,
                0.5258164921517559,
                0.4632676101431156,
                0.988438179346034,
                0,
                0.9999999999999725,
                0.5613614514785547,
                1,
                0,
                88.52052653346496,
                109.08783500576419,
                17.381541324803603,
                1
            ],
            "min": [
                -0.997327762591668,
                -1.0000001192092445,
                -0.03384445730450901,
                0,
                -0.9999999999999732,
                -0.9258531154971555,
                -0.9999998807906796,
                0,
                -0.8162891398773107,
                -0.8838502036431287,
                -0.46202968735919897,
                0,
                -97.9779418393235,
                -109.08786322093081,
                -95.88274383544922,
                1
            ],
            "type": "MAT4"
        },
        {
            "bufferView": 0,
            "byteOffset": 179760,
            "componentType": 5126,
            "count": 223,
            "max": [
                38.87049865722656,
                51.71784591674805,
                171.27821350097656
            ],
            "min": [
                -67.84071350097656,
                -35.06863021850586,
                103.9852523803711
            ],
            "type": "VEC3"
        },
        {
            "bufferView": 0,
            "byteOffset": 182436,
            "componentType": 5126,
            "count": 223,
            "max": [
                0.9946316480636597,
                0.9971225261688232,
                0.9875707626342773
            ],
            "min": [
                -0.8997939825057983,
                -0.9540881514549255,
                -0.9001339673995972
            ],
            "type": "VEC3"
        },
        {
            "bufferView": 0,
            "byteOffset": 185112,
            "componentType": 5126,
            "count": 223,
            "max": [
                0.9771550297737122,
                0.9887179732322693
            ],
            "min": [
                0.018477000296115875,
                0.024918973445892334
            ],
            "type": "VEC2"
        },
        {
            "bufferView": 0,
            "byteOffset": 186896,
            "componentType": 5123,
            "count": 223,
            "max": [
                9,
                10,
                11,
                0
            ],
            "min": [
                0,
                0,
                0,
                0
            ],
            "type": "VEC4"
        },
        {
            "bufferView": 0,
            "byteOffset": 188680,
            "componentType": 5126,
            "count": 223,
            "max": [
                1,
                0.9841517806053162,
                0.8919743895530701,
                0
            ],
            "min": [
                0.0073789809830486774,
                0,
                0,
                0
            ],
            "type": "VEC4"
        },
        {
            "bufferView": 2,
            "byteOffset": 30552,
            "componentType": 5123,
            "count": 954,
            "max": [
                222
            ],
            "min": [
                0
            ],
            "type": "SCALAR"
        },
        {
            "bufferView": 1,
            "byteOffset": 3328,
            "componentType": 5126,
            "count": 12,
            "max": [
                0.799724188541664,
                0.9999999999999942,
                0.4845257028161653,
                0,
                0.5258165472422452,
                0.9077050016593216,
                0.992895253295809,
                0,
                0.9928952532958147,
                0.9024889142974482,
                0.9961643277600224,
                0,
                88.52051297548255,
                109.08784490250927,
                123.8002466030771,
                1
            ],
            "min": [
                -0.9760917196770632,
                -0.8272905249335573,
                -0.19067229455967788,
                0,
                -0.9889296101533578,
                -0.9077050122101834,
                -0.9884381598566261,
                0,
                -0.8162892577987458,
                -0.5613611295285885,
                -0.7861545917844224,
                0,
                -114.55160403782516,
                -112.51103312703363,
                -167.59695960451833,
                1
            ],
            "type": "MAT4"
        },
        {
            "bufferView": 0,
            "byteOffset": 192248,
            "componentType": 5126,
            "count": 359,
            "max": [
                39.12995910644531,
                -1.1379437446594238,
                195.98387145996094
            ],
            "min": [
                -26.985958099365234,
                -45.756839752197266,
                138.4928436279297
            ],
            "type": "VEC3"
        },
        {
            "bufferView": 0,
            "byteOffset": 196556,
            "componentType": 5126,
            "count": 359,
            "max": [
                0.9987876415252686,
                0.9919642210006714,
                0.9830142855644226
            ],
            "min": [
                -0.9901033043861389,
                -0.9989082217216492,
                -0.9993340373039246
            ],
            "type": "VEC3"
        },
        {
            "bufferView": 0,
            "byteOffset": 200864,
            "componentType": 5126,
            "count": 359,
            "max": [
                0.9886580109596252,
                0.957955002784729
            ],
            "min": [
                0.021852999925613403,
                0.016946017742156982
            ],
            "type": "VEC2"
        },
        {
            "bufferView": 0,
            "byteOffset": 203736,
            "componentType": 5123,
            "count": 359,
            "max": [
                3,
                5,
                5,
                0
            ],
            "min": [
                0,
                0,
                0,
                0
            ],
            "type": "VEC4"
        },
        {
            "bufferView": 0,
            "byteOffset": 206608,
            "componentType": 5126,
            "count": 359,
            "max": [
                1,
                0.9946309328079224,
                0.029458269476890564,
                0
            ],
            "min": [
                0.005369067192077637,
                0,
                0,
                0
            ],
            "type": "VEC4"
        },
        {
            "bufferView": 2,
            "byteOffset": 32460,
            "componentType": 5123,
            "count": 1635,
            "max": [
                358
            ],
            "min": [
                0
            ],
            "type": "SCALAR"
        },
        {
            "bufferView": 1,
            "byteOffset": 4096,
            "componentType": 5126,
            "count": 6,
            "max": [
                0.2931406840481443,
                0.9999999999999732,
                0.08920372422631631,
                0,
                6.123233995726934e-17,
                0.2942102649123013,
                0.9999999999987863,
                0,
                0.9999999999983942,
                0.09791248949393716,
                1,
                0,
                -0.000004191168045508563,
                17.78668686453425,
                16.37961809816398,
                1
            ],
            "min": [
                -0.09442286976129517,
                0.9518985956579521,
                -0.09747502994575462,
                0,
                -0.9999999999999732,
                -0.09396919994595031,
                6.123232998135289e-17,
                0,
                -0.025092744487067355,
                -0.08749925310300351,
                -6.12324070211165e-17,
                0,
                -183.96893310517333,
                -8.242464378632661,
                -169.76853558821816,
                1
            ],
            "type": "MAT4"
        },
        {
            "bufferView": 0,
            "byteOffset": 212352,
            "componentType": 5126,
            "count": 361,
            "max": [
                105.23816680908203,
                7.207025527954102,
                136.0074462890625
            ],
            "min": [
                49.66883850097656,
                -48.252967834472656,
                -34.280906677246094
            ],
            "type": "VEC3"
        },
        {
            "bufferView": 0,
            "byteOffset": 216684,
            "componentType": 5126,
            "count": 361,
            "max": [
                0.9997439384460449,
                0.9929004907608032,
                0.9964423775672913
            ],
            "min": [
                -0.9996182322502136,
                -0.9906569719314575,
                -0.9957183599472046
            ],
            "type": "VEC3"
        },
        {
            "bufferView": 0,
            "byteOffset": 221016,
            "componentType": 5126,
            "count": 361,
            "max": [
                0.9870219826698303,
                0.9774090051651001
            ],
            "min": [
                0.01231900043785572,
                0.028185009956359863
            ],
            "type": "VEC2"
        },
        {
            "bufferView": 0,
            "byteOffset": 223904,
            "componentType": 5123,
            "count": 361,
            "max": [
                0,
                0,
                0,
                0
            ],
            "min": [
                0,
                0,
                0,
                0
            ],
            "type": "VEC4"
        },
        {
            "bufferView": 0,
            "byteOffset": 226792,
            "componentType": 5126,
            "count": 361,
            "max": [
                1,
                0,
                0,
                0
            ],
            "min": [
                1,
                0,
                0,
                0
            ],
            "type": "VEC4"
        },
        {
            "bufferView": 2,
            "byteOffset": 35730,
            "componentType": 5123,
            "count": 1482,
            "max": [
                360
            ],
            "min": [
                0
            ],
            "type": "SCALAR"
        },
        {
            "bufferView": 1,
            "byteOffset": 4480,
            "componentType": 5126,
            "count": 1,
            "max": [
                0.9999999999999193,
                -2.7567151295036304e-7,
                -6.705523358796444e-8,
                0,
                -6.705522537230907e-8,
                2.9802344326043835e-8,
                -0.9999999999999943,
                0,
                2.7567148208615935e-7,
                1.0000001192092272,
                2.9802322288114162e-8,
                0,
                -81.61197609338164,
                -75.01480198250617,
                -25.032961469527862,
                1
            ],
            "min": [
                0.9999999999999193,
                -2.7567151295036304e-7,
                -6.705523358796444e-8,
                0,
                -6.705522537230907e-8,
                2.9802344326043835e-8,
                -0.9999999999999943,
                0,
                2.7567148208615935e-7,
                1.0000001192092272,
                2.9802322288114162e-8,
                0,
                -81.61197609338164,
                -75.01480198250617,
                -25.032961469527862,
                1
            ],
            "type": "MAT4"
        }
    ],
    "asset": {
        "generator": "ClayGL - fbx2gltf",
        "version": "2.0"
    },
    "bufferViews": [
        {
            "buffer": 0,
            "byteLength": 232568,
            "byteOffset": 0,
            "target": 34962
        },
        {
            "buffer": 0,
            "byteLength": 4544,
            "byteOffset": 232568,
            "target": 34962
        },
        {
            "buffer": 0,
            "byteLength": 38694,
            "byteOffset": 237112,
            "target": 34963
        }
    ],
    "buffers": [
        {
            "byteLength": 275806,
            "uri": "ogre_magi.bin"
        }
    ],
    "images": [
        {
            "uri": "textures/ogre_magi_color.png"
        },
        {
            "uri": "textures/belt_color.png"
        },
        {
            "uri": "textures/bracers_color.png"
        },
        {
            "uri": "textures/cape_color.png"
        },
        {
            "uri": "textures/hats_color.png"
        },
        {
            "uri": "textures/ogre_magi_weapon_color.png"
        }
    ],
    "materials": [
        {
            "emissiveFactor": [
                0,
                0,
                0
            ],
            "name": "ogre_magi",
            "pbrMetallicRoughness": {
                "baseColorFactor": [
                    1,
                    1,
                    1,
                    1
                ],
                "baseColorTexture": {
                    "index": 0,
                    "texCoord": 0
                },
                "metallicFactor": 0,
                "roughnessFactor": 0.9230769230769231
            }
        },
        {
            "emissiveFactor": [
                0,
                0,
                0
            ],
            "name": "ogre_magi_belt",
            "pbrMetallicRoughness": {
                "baseColorFactor": [
                    1,
                    1,
                    1,
                    1
                ],
                "baseColorTexture": {
                    "index": 1,
                    "texCoord": 0
                },
                "metallicFactor": 0,
                "roughnessFactor": 0.9230769230769231
            }
        },
        {
            "emissiveFactor": [
                0,
                0,
                0
            ],
            "name": "ogre_magi_bracers",
            "pbrMetallicRoughness": {
                "baseColorFactor": [
                    1,
                    1,
                    1,
                    1
                ],
                "baseColorTexture": {
                    "index": 2,
                    "texCoord": 0
                },
                "metallicFactor": 0,
                "roughnessFactor": 0.9230769230769231
            }
        },
        {
            "emissiveFactor": [
                0,
                0,
                0
            ],
            "name": "ogre_magi_cape",
            "pbrMetallicRoughness": {
                "baseColorFactor": [
                    1,
                    1,
                    1,
                    1
                ],
                "baseColorTexture": {
                    "index": 3,
                    "texCoord": 0
                },
                "metallicFactor": 0,
                "roughnessFactor": 0.9230769230769231
            }
        },
        {
            "emissiveFactor": [
                0,
                0,
                0
            ],
            "name": "ogre_magi_hats",
            "pbrMetallicRoughness": {
                "baseColorFactor": [
                    1,
                    1,
                    1,
                    1
                ],
                "baseColorTexture": {
                    "index": 4,
                    "texCoord": 0
                },
                "metallicFactor": 0,
                "roughnessFactor": 0.9230769230769231
            }
        },
        {
            "emissiveFactor": [
                0,
                0,
                0
            ],
            "name": "ogre_magi_weapon",
            "pbrMetallicRoughness": {
                "baseColorFactor": [
                    1,
                    1,
                    1,
                    1
                ],
                "baseColorTexture": {
                    "index": 5,
                    "texCoord": 0
                },
                "metallicFactor": 0,
                "roughnessFactor": 0.9230769230769231
            }
        }
    ],
    "meshes": [
        {
            "name": "ogre_magi_model_LOD0",
            "primitives": [
                {
                    "attributes": {
                        "JOINTS_0": 3,
                        "NORMAL": 1,
                        "POSITION": 0,
                        "TEXCOORD_0": 2,
                        "WEIGHTS_0": 4
                    },
                    "indices": 5,
                    "material": 0
                }
            ]
        },
        {
            "name": "ogre_magi_belt_model_LOD0",
            "primitives": [
                {
                    "attributes": {
                        "JOINTS_0": 10,
                        "NORMAL": 8,
                        "POSITION": 7,
                        "TEXCOORD_0": 9,
                        "WEIGHTS_0": 11
                    },
                    "indices": 12,
                    "material": 1
                }
            ]
        },
        {
            "name": "ogre_magi_bracers_model_LOD0",
            "primitives": [
                {
                    "attributes": {
                        "JOINTS_0": 17,
                        "NORMAL": 15,
                        "POSITION": 14,
                        "TEXCOORD_0": 16,
                        "WEIGHTS_0": 18
                    },
                    "indices": 19,
                    "material": 2
                }
            ]
        },
        {
            "name": "ogre_magi_cape_model_LOD0",
            "primitives": [
                {
                    "attributes": {
                        "JOINTS_0": 24,
                        "NORMAL": 22,
                        "POSITION": 21,
                        "TEXCOORD_0": 23,
                        "WEIGHTS_0": 25
                    },
                    "indices": 26,
                    "material": 3
                }
            ]
        },
        {
            "name": "ogre_magi_hats_model_LOD0",
            "primitives": [
                {
                    "attributes": {
                        "JOINTS_0": 31,
                        "NORMAL": 29,
                        "POSITION": 28,
                        "TEXCOORD_0": 30,
                        "WEIGHTS_0": 32
                    },
                    "indices": 33,
                    "material": 4
                }
            ]
        },
        {
            "name": "ogre_magi_weapon_LOD0",
            "primitives": [
                {
                    "attributes": {
                        "JOINTS_0": 38,
                        "NORMAL": 36,
                        "POSITION": 35,
                        "TEXCOORD_0": 37,
                        "WEIGHTS_0": 39
                    },
                    "indices": 40,
                    "material": 5
                }
            ]
        }
    ],
    "nodes": [
        {
            "children": [
                1,
                40,
                44,
                45,
                49,
                51,
                52
            ],
            "matrix": [
                1.6292068478213574e-7,
                1.469367938527879e-39,
                1.0000000000000002,
                0,
                1.0000000000000002,
                6.123233995736847e-17,
                -1.6292068478213574e-7,
                0,
                -6.123233995736685e-17,
                1,
                9.976014756666736e-24,
                0,
                0,
                95.88274383544922,
                0.000004191168045508675,
                1
            ],
            "name": "root"
        },
        {
            "children": [
                2
            ],
            "matrix": [
                -0.11899169534444787,
                -2.8369830890639157e-8,
                0.992895245552063,
                0,
                -2.3841857865834793e-7,
                1,
                1.457228007786588e-17,
                0,
                -0.9928952455520625,
                -2.367246731994201e-7,
                -0.1189916953444545,
                0,
                -5.675581932067869,
                -1.0252995252813004e-7,
                18.808364868164062,
                1
            ],
            "name": "spine1"
        },
        {
            "children": [
                3,
                6,
                10,
                24,
                38,
                39
            ],
            "matrix": [
                0.667012095451355,
                0.6079835295677184,
                -0.43064039945602406,
                0,
                -0.5107783433560835,
                0.7939496120403575,
                0.3297715553243313,
                0,
                0.5424025369768424,
                1.7367924252099727e-7,
                0.840118945686884,
                0,
                25.649856567382812,
                0.0000012683392469625687,
                -0.000003814697265625,
                1
            ],
            "name": "spine2"
        },
        {
            "children": [
                4
            ],
            "matrix": [
                0.6832437515258791,
                -0.18166346848011022,
                -0.7072311043739318,
                0,
                0.43916362274818194,
                0.8760345462458559,
                0.19924509271334012,
                0,
                0.58336344068273,
                -0.4467232271289198,
                0.6783252513061604,
                0,
                31.447509765625014,
                0.000007629394545460855,
                0,
                1
            ],
            "name": "neck11"
        },
        {
            "children": [
                5
            ],
            "matrix": [
                0.9519681334495547,
                -0.11403293907642373,
                -0.28417110443115245,
                0,
                0.1066614840133017,
                0.9934357228700338,
                -0.041334467974117654,
                0,
                0.287019203213487,
                0.009038984164801325,
                0.9578820259070077,
                0,
                13.00999450683593,
                2.602528572082523,
                0.2509765625,
                1
            ],
            "name": "head1"
        },
        {
            "matrix": [
                0.9886577725410467,
                0.14970654249191293,
                -0.012039779685437674,
                0,
                -0.14970650899126786,
                0.988730437931685,
                0.0009062960743102251,
                0,
                0.012039771273732666,
                0.000906416440125735,
                0.999927759082048,
                0,
                17.12697982788086,
                -2.2924718856811515,
                -6.5661468505859375,
                1
            ],
            "name": "Jaw"
        },
        {
            "children": [
                7
            ],
            "matrix": [
                0.39594957232475303,
                -0.6609646677970886,
                -0.6374552249908446,
                0,
                0.7513986595418372,
                0.6322488440548821,
                -0.1888417641985355,
                0,
                0.5278481601078988,
                -0.4042112601082004,
                0.7469867621074535,
                0,
                11.903160095214858,
                -25.21840667724608,
                0.37877655029298296,
                1
            ],
            "name": "neck1"
        },
        {
            "children": [
                8,
                9
            ],
            "matrix": [
                0.9098538160324098,
                0.17105929553508759,
                -0.3780280947685243,
                0,
                -0.16241545786452508,
                0.9851942364821745,
                0.0548962053994618,
                0,
                0.3818216380436584,
                0.01145008507749226,
                0.9241654859511504,
                0,
                17.608406066894517,
                0.000006675720213067393,
                -0.0000457763671875,
                1
            ],
            "name": "head"
        },
        {
            "matrix": [
                -1.1928244702977663e-7,
                0.09791427850723357,
                0.9951947331428528,
                0,
                -0.09442179278353181,
                0.9907487611739916,
                -0.09747686373780731,
                0,
                -0.9955321582598806,
                -0.09396806668790392,
                0.009245121981200333,
                0,
                -1.0355834960937464,
                1.3671503067016606,
                14.898757934570312,
                1
            ],
            "name": "topKnot2_0"
        },
        {
            "matrix": [
                0.9985045790672303,
                -0.05388561636209492,
                -0.00920861680060625,
                0,
                0.0538856077103035,
                0.99854696165306,
                -0.0002489462492981239,
                0,
                0.009208650484437184,
                -0.00024763793010361857,
                0.9999573223236132,
                0,
                10.327690124511719,
                -0.12266063690185902,
                -1.2690124511719034,
                1
            ],
            "name": "Jaw1"
        },
        {
            "children": [
                11
            ],
            "matrix": [
                0.13453477621078505,
                0.9042499661445621,
                -0.4052558541297914,
                0,
                0.05963778057424579,
                0.40084358096431616,
                0.9142030798668144,
                0,
                0.9891125159078692,
                -0.1471606968341429,
                -5.960464666276977e-8,
                0,
                17.19821166992189,
                0.33086395263673296,
                8.976493835449233,
                1
            ],
            "name": "clavicle_L"
        },
        {
            "children": [
                12
            ],
            "matrix": [
                0.9416276216506954,
                -0.12173387408256522,
                -0.3138768374919891,
                0,
                -0.33470110757140425,
                -0.4388572824565255,
                -0.8338939974512005,
                0,
                -0.036233992011040994,
                0.890272619582473,
                -0.45398463878466966,
                0,
                36.775184631347656,
                -0.000007629394524144573,
                -0.000015258789048289145,
                1
            ],
            "name": "bicep_L"
        },
        {
            "children": [
                13,
                23
            ],
            "matrix": [
                0.9198378920555116,
                5.960464474243088e-8,
                -0.39229837059974676,
                0,
                -2.681636341148215e-7,
                0.9999998807906857,
                -4.7683714309715297e-7,
                0,
                0.3922984090299759,
                5.438131473536889e-7,
                0.9198379821645102,
                0,
                33.425605773925774,
                0.0000152587890625,
                0.000008583068845879893,
                1
            ],
            "name": "elbow_L"
        },
        {
            "children": [
                14,
                16,
                18,
                20,
                21
            ],
            "matrix": [
                0.697429895401001,
                0.5613608360290528,
                0.4454946517944335,
                0,
                -0.48693761708332084,
                0.8272905944873885,
                -0.28014632253939614,
                0,
                -0.5258167114492696,
                -0.021545683836522285,
                0.8503249043093968,
                0,
                46.90141677856444,
                0.00002288818359375,
                -0.000022888183590197286,
                1
            ],
            "name": "wrist_L"
        },
        {
            "children": [
                15
            ],
            "matrix": [
                0.0730557218194006,
                0.9973279237747196,
                -2.2313811598041093e-7,
                0,
                -0.8838503900066852,
                0.0647432236783291,
                -0.46326781257238525,
                0,
                -0.4620297395924123,
                0.033844549091998744,
                0.8862182081373225,
                0,
                13.22970581054689,
                -0.3807678222656108,
                6.487579345703125,
                1
            ],
            "name": "Ring_0_L"
        },
        {
            "matrix": [
                0.21118518710136414,
                0.9774459004402163,
                5.662441254772332e-7,
                0,
                -0.9774459897255195,
                0.2111852063917875,
                6.854534149447478e-7,
                0,
