{
    "animations": {},
    "asset": {},
    "attributes": {
        "attribute_1": {
            "bufferView": "bufferView_37",
            "byteOffset": 0,
            "byteStride": 12,
            "count": 2144,
            "max": [
                1,
                1,
                1
            ],
            "min": [
                0,
                0,
                0
            ],
            "type": "FLOAT_VEC3"
        },
        "attribute_10": {
            "bufferView": "bufferView_37",
            "byteOffset": 140192,
            "byteStride": 16,
            "count": 361,
            "max": [
                1,
                1,
                1
            ],
            "min": [
                0,
                0,
                0
            ],
            "type": "FLOAT_VEC4"
        },
        "attribute_11": {
            "bufferView": "bufferView_37",
            "byteOffset": 145968,
            "byteStride": 12,
            "count": 361,
            "max": [
                1,
                1,
                1
            ],
            "min": [
                0,
                0,
                0
            ],
            "type": "FLOAT_VEC3"
        },
        "attribute_13": {
            "bufferView": "bufferView_37",
            "byteOffset": 150300,
            "byteStride": 12,
            "count": 175,
            "max": [
                1,
                1,
                1
            ],
            "min": [
                0,
                0,
                0
            ],
            "type": "FLOAT_VEC3"
        },
        "attribute_14": {
            "bufferView": "bufferView_37",
            "byteOffset": 152400,
            "byteStride": 12,
            "count": 175,
            "max": [
                1,
                1,
                1
            ],
            "min": [
                0,
                0,
                0
            ],
            "type": "FLOAT_VEC3"
        },
        "attribute_15": {
            "bufferView": "bufferView_37",
            "byteOffset": 154500,
            "byteStride": 8,
            "count": 175,
            "max": [
                1,
                1,
                1
            ],
            "min": [
                0,
                0,
                0
            ],
            "type": "FLOAT_VEC2"
        },
        "attribute_16": {
            "bufferView": "bufferView_37",
            "byteOffset": 155900,
            "byteStride": 16,
            "count": 175,
            "max": [
                1,
                1,
                1
            ],
            "min": [
                0,
                0,
                0
            ],
            "type": "FLOAT_VEC4"
        },
        "attribute_17": {
            "bufferView": "bufferView_37",
            "byteOffset": 158700,
            "byteStride": 12,
            "count": 175,
            "max": [
                1,
                1,
                1
            ],
            "min": [
                0,
                0,
                0
            ],
            "type": "FLOAT_VEC3"
        },
        "attribute_19": {
            "bufferView": "bufferView_37",
            "byteOffset": 160800,
            "byteStride": 12,
            "count": 200,
            "max": [
                1,
                1,
                1
            ],
            "min": [
                0,
                0,
                0
            ],
            "type": "FLOAT_VEC3"
        },
        "attribute_2": {
            "bufferView": "bufferView_37",
            "byteOffset": 25728,
            "byteStride": 12,
            "count": 2144,
            "max": [
                1,
                1,
                1
            ],
            "min": [
                0,
                0,
                0
            ],
            "type": "FLOAT_VEC3"
        },
        "attribute_20": {
            "bufferView": "bufferView_37",
            "byteOffset": 163200,
            "byteStride": 12,
            "count": 200,
            "max": [
                1,
                1,
                1
            ],
            "min": [
                0,
                0,
                0
            ],
            "type": "FLOAT_VEC3"
        },
        "attribute_21": {
            "bufferView": "bufferView_37",
            "byteOffset": 165600,
            "byteStride": 8,
            "count": 200,
            "max": [
                1,
                1,
                1
            ],
            "min": [
                0,
                0,
                0
            ],
            "type": "FLOAT_VEC2"
        },
        "attribute_22": {
            "bufferView": "bufferView_37",
            "byteOffset": 167200,
            "byteStride": 16,
            "count": 200,
            "max": [
                1,
                1,
                1
            ],
            "min": [
                0,
                0,
                0
            ],
            "type": "FLOAT_VEC4"
        },
        "attribute_23": {
            "bufferView": "bufferView_37",
            "byteOffset": 170400,
            "byteStride": 12,
            "count": 200,
            "max": [
                1,
                1,
                1
            ],
            "min": [
                0,
                0,
                0
            ],
            "type": "FLOAT_VEC3"
        },
        "attribute_25": {
            "bufferView": "bufferView_37",
            "byteOffset": 172800,
            "byteStride": 12,
            "count": 312,
            "max": [
                1,
                1,
                1
            ],
            "min": [
                0,
                0,
                0
            ],
            "type": "FLOAT_VEC3"
        },
        "attribute_26": {
            "bufferView": "bufferView_37",
            "byteOffset": 176544,
            "byteStride": 12,
            "count": 312,
            "max": [
                1,
                1,
                1
            ],
            "min": [
                0,
                0,
                0
            ],
            "type": "FLOAT_VEC3"
        },
        "attribute_27": {
            "bufferView": "bufferView_37",
            "byteOffset": 180288,
            "byteStride": 8,
            "count": 312,
            "max": [
                1,
                1,
                1
            ],
            "min": [
                0,
                0,
                0
            ],
            "type": "FLOAT_VEC2"
        },
        "attribute_28": {
            "bufferView": "bufferView_37",
            "byteOffset": 182784,
            "byteStride": 16,
            "count": 312,
            "max": [
                1,
                1,
                1
            ],
            "min": [
                0,
                0,
                0
            ],
            "type": "FLOAT_VEC4"
        },
        "attribute_29": {
            "bufferView": "bufferView_37",
            "byteOffset": 187776,
            "byteStride": 12,
            "count": 312,
            "max": [
                1,
                1,
                1
            ],
            "min": [
                0,
                0,
                0
            ],
            "type": "FLOAT_VEC3"
        },
        "attribute_3": {
            "bufferView": "bufferView_37",
            "byteOffset": 51456,
            "byteStride": 8,
            "count": 2144,
            "max": [
                1,
                1,
                1
            ],
            "min": [
                0,
                0,
                0
            ],
            "type": "FLOAT_VEC2"
        },
        "attribute_31": {
            "bufferView": "bufferView_37",
            "byteOffset": 191520,
            "byteStride": 12,
            "count": 256,
            "max": [
                1,
                1,
                1
            ],
            "min": [
                0,
                0,
                0
            ],
            "type": "FLOAT_VEC3"
        },
        "attribute_32": {
            "bufferView": "bufferView_37",
            "byteOffset": 194592,
            "byteStride": 12,
            "count": 256,
            "max": [
                1,
                1,
                1
            ],
            "min": [
                0,
                0,
                0
            ],
            "type": "FLOAT_VEC3"
        },
        "attribute_33": {
            "bufferView": "bufferView_37",
            "byteOffset": 197664,
            "byteStride": 8,
            "count": 256,
            "max": [
                1,
                1,
                1
            ],
            "min": [
                0,
                0,
                0
            ],
            "type": "FLOAT_VEC2"
        },
        "attribute_34": {
            "bufferView": "bufferView_37",
            "byteOffset": 199712,
            "byteStride": 16,
            "count": 256,
            "max": [
                1,
                1,
                1
            ],
            "min": [
                0,
                0,
                0
            ],
            "type": "FLOAT_VEC4"
        },
        "attribute_35": {
            "bufferView": "bufferView_37",
            "byteOffset": 203808,
            "byteStride": 12,
            "count": 256,
            "max": [
                1,
                1,
                1
            ],
            "min": [
                0,
                0,
                0
            ],
            "type": "FLOAT_VEC3"
        },
        "attribute_4": {
            "bufferView": "bufferView_37",
            "byteOffset": 68608,
            "byteStride": 16,
            "count": 2144,
            "max": [
                1,
                1,
                1
            ],
            "min": [
                0,
                0,
                0
            ],
            "type": "FLOAT_VEC4"
        },
        "attribute_5": {
            "bufferView": "bufferView_37",
            "byteOffset": 102912,
            "byteStride": 12,
            "count": 2144,
            "max": [
                1,
                1,
                1
            ],
            "min": [
                0,
                0,
                0
            ],
            "type": "FLOAT_VEC3"
        },
        "attribute_7": {
            "bufferView": "bufferView_37",
            "byteOffset": 128640,
            "byteStride": 12,
            "count": 361,
            "max": [
                1,
                1,
                1
            ],
            "min": [
                0,
                0,
                0
            ],
            "type": "FLOAT_VEC3"
        },
        "attribute_8": {
            "bufferView": "bufferView_37",
            "byteOffset": 132972,
            "byteStride": 12,
            "count": 361,
            "max": [
                1,
                1,
                1
            ],
            "min": [
                0,
                0,
                0
            ],
            "type": "FLOAT_VEC3"
        },
        "attribute_9": {
            "bufferView": "bufferView_37",
            "byteOffset": 137304,
            "byteStride": 8,
            "count": 361,
            "max": [
                1,
                1,
                1
            ],
            "min": [
                0,
                0,
                0
            ],
            "type": "FLOAT_VEC2"
        }
    },
    "bufferViews": {
        "bufferView_37": {
            "buffer": "ogre_magi.bin",
            "byteLength": 206880,
            "byteOffset": 0,
            "target": "ARRAY_BUFFER"
        },
        "bufferView_38": {
            "buffer": "ogre_magi.bin",
            "byteLength": 38694,
            "byteOffset": 206880,
            "target": "ELEMENT_ARRAY_BUFFER"
        }
    },
    "buffers": {
        "ogre_magi.bin": {
            "byteLength": 245574,
            "path": "ogre_magi.bin"
        }
    },
    "cameras": {},
    "images": {
        "image_0": {
            "path": "textures/ogre_magi_color.png"
        },
        "image_1": {
            "path": "textures/belt_color.png"
        },
        "image_2": {
            "path": "textures/bracers_color.png"
        },
        "image_3": {
            "path": "textures/cape_color.png"
        },
        "image_4": {
            "path": "textures/hats_color.png"
        },
        "image_5": {
            "path": "textures/ogre_magi_weapon_color.png"
        }
    },
    "indices": {
        "indices_12": {
            "bufferView": "bufferView_38",
            "byteOffset": 24744,
            "count": 1980,
            "type": "UNSIGNED_SHORT"
        },
        "indices_18": {
            "bufferView": "bufferView_38",
            "byteOffset": 28704,
            "count": 924,
            "type": "UNSIGNED_SHORT"
        },
        "indices_24": {
            "bufferView": "bufferView_38",
            "byteOffset": 30552,
            "count": 954,
            "type": "UNSIGNED_SHORT"
        },
        "indices_30": {
            "bufferView": "bufferView_38",
            "byteOffset": 32460,
            "count": 1635,
            "type": "UNSIGNED_SHORT"
        },
        "indices_36": {
            "bufferView": "bufferView_38",
            "byteOffset": 35730,
            "count": 1482,
            "type": "UNSIGNED_SHORT"
        },
        "indices_6": {
            "bufferView": "bufferView_38",
            "byteOffset": 0,
            "count": 12372,
            "type": "UNSIGNED_SHORT"
        }
    },
    "lights": {},
    "materials": {
        "ogre_magi": {
            "instanceTechnique": {
                "technique": "technique_0",
                "values": [
                    {
                        "parameter": "ambient",
                        "value": [
                            0.5879999995231628,
                            0.5879999995231628,
                            0.5879999995231628
                        ]
                    },
                    {
                        "parameter": "emission",
                        "value": [
                            0,
                            0,
                            0
                        ]
                    },
                    {
                        "parameter": "diffuse",
                        "value": "Map #8"
                    },
                    {
                        "parameter": "shininess",
                        "value": 2
                    },
                    {
                        "parameter": "specular",
                        "value": [
                            0.8999999761581421,
                            0.8999999761581421,
                            0.8999999761581421
                        ]
                    }
                ]
            },
            "name": "ogre_magi"
        },
        "ogre_magi_belt": {
            "instanceTechnique": {
                "technique": "technique_0",
                "values": [
                    {
                        "parameter": "ambient",
                        "value": [
                            0.5879999995231628,
                            0.5879999995231628,
                            0.5879999995231628
                        ]
                    },
                    {
                        "parameter": "emission",
                        "value": [
                            0,
                            0,
                            0
                        ]
                    },
                    {
                        "parameter": "diffuse",
                        "value": "Map #7"
                    },
                    {
                        "parameter": "shininess",
                        "value": 2
                    },
                    {
                        "parameter": "specular",
                        "value": [
                            0.8999999761581421,
                            0.8999999761581421,
                            0.8999999761581421
                        ]
                    }
                ]
            },
            "name": "ogre_magi_belt"
        },
        "ogre_magi_bracers": {
            "instanceTechnique": {
                "technique": "technique_0",
                "values": [
                    {
                        "parameter": "ambient",
                        "value": [
                            0.5879999995231628,
                            0.5879999995231628,
                            0.5879999995231628
                        ]
                    },
                    {
                        "parameter": "emission",
                        "value": [
                            0,
                            0,
                            0
                        ]
                    },
                    {
                        "parameter": "diffuse",
                        "value": "Map #9"
                    },
                    {
                        "parameter": "shininess",
                        "value": 2
                    },
                    {
                        "parameter": "specular",
                        "value": [
                            0.8999999761581421,
                            0.8999999761581421,
                            0.8999999761581421
                        ]
                    }
                ]
            },
            "name": "ogre_magi_bracers"
        },
        "ogre_magi_cape": {
            "instanceTechnique": {
                "technique": "technique_0",
                "values": [
                    {
                        "parameter": "ambient",
                        "value": [
                            0.5879999995231628,
                            0.5879999995231628,
                            0.5879999995231628
                        ]
                    },
                    {
                        "parameter": "emission",
                        "value": [
                            0,
                            0,
                            0
                        ]
                    },
                    {
                        "parameter": "diffuse",
                        "value": "Map #10"
                    },
                    {
                        "parameter": "shininess",
                        "value": 2
                    },
                    {
                        "parameter": "specular",
                        "value": [
                            0.8999999761581421,
                            0.8999999761581421,
                            0.8999999761581421
                        ]
                    }
                ]
            },
            "name": "ogre_magi_cape"
        },
        "ogre_magi_hats": {
            "instanceTechnique": {
                "technique": "technique_0",
                "values": [
                    {
                        "parameter": "ambient",
                        "value": [
                            0.5879999995231628,
                            0.5879999995231628,
                            0.5879999995231628
                        ]
                    },
                    {
                        "parameter": "emission",
                        "value": [
                            0,
                            0,
                            0
                        ]
                    },
                    {
                        "parameter": "diffuse",
                        "value": "Map #11"
                    },
                    {
                        "parameter": "shininess",
                        "value": 2
                    },
                    {
                        "parameter": "specular",
                        "value": [
                            0.8999999761581421,
                            0.8999999761581421,
                            0.8999999761581421
                        ]
                    }
                ]
            },
            "name": "ogre_magi_hats"
        },
        "ogre_magi_weapon": {
            "instanceTechnique": {
                "technique": "technique_0",
                "values": [
                    {
                        "parameter": "ambient",
                        "value": [
                            0.5879999995231628,
                            0.5879999995231628,
                            0.5879999995231628
                        ]
                    },
                    {
                        "parameter": "emission",
                        "value": [
                            0,
                            0,
                            0
                        ]
                    },
                    {
                        "parameter": "diffuse",
                        "value": "Map #12"
                    },
                    {
                        "parameter": "shininess",
                        "value": 2
                    },
                    {
                        "parameter": "specular",
                        "value": [
                            0.8999999761581421,
                            0.8999999761581421,
                            0.8999999761581421
                        ]
                    }
                ]
            },
            "name": "ogre_magi_weapon"
        }
    },
    "meshes": {
        "ogre_magi_belt_model_LOD0-mesh": {
            "name": "ogre_magi_belt_model_LOD0-mesh",
            "primitives": [
                {
                    "indices": "indices_12",
                    "material": "ogre_magi_belt",
                    "semantics": {
                        "JOINT": "attribute_10",
                        "NORMAL": "attribute_8",
                        "POSITION": "attribute_7",
                        "TEXCOORD_0": "attribute_9",
                        "WEIGHT": "attribute_11"
                    },
                    "skin": "skin_1"
                }
            ]
        },
        "ogre_magi_bracers_model_LOD0-mesh": {
            "name": "ogre_magi_bracers_model_LOD0-mesh",
            "primitives": [
                {
                    "indices": "indices_18",
                    "material": "ogre_magi_bracers",
                    "semantics": {
                        "JOINT": "attribute_16",
                        "NORMAL": "attribute_14",
                        "POSITION": "attribute_13",
                        "TEXCOORD_0": "attribute_15",
                        "WEIGHT": "attribute_17"
                    },
                    "skin": "skin_2"
                }
            ]
        },
        "ogre_magi_cape_model_LOD0-mesh": {
            "name": "ogre_magi_cape_model_LOD0-mesh",
            "primitives": [
                {
                    "indices": "indices_24",
                    "material": "ogre_magi_cape",
                    "semantics": {
                        "JOINT": "attribute_22",
                        "NORMAL": "attribute_20",
                        "POSITION": "attribute_19",
                        "TEXCOORD_0": "attribute_21",
                        "WEIGHT": "attribute_23"
                    },
                    "skin": "skin_3"
                }
            ]
        },
        "ogre_magi_hats_model_LOD0-mesh": {
            "name": "ogre_magi_hats_model_LOD0-mesh",
            "primitives": [
                {
                    "indices": "indices_30",
                    "material": "ogre_magi_hats",
                    "semantics": {
                        "JOINT": "attribute_28",
                        "NORMAL": "attribute_26",
                        "POSITION": "attribute_25",
                        "TEXCOORD_0": "attribute_27",
                        "WEIGHT": "attribute_29"
                    },
                    "skin": "skin_4"
                }
            ]
        },
        "ogre_magi_model_LOD0-mesh": {
            "name": "ogre_magi_model_LOD0-mesh",
            "primitives": [
                {
                    "indices": "indices_6",
                    "material": "ogre_magi",
                    "semantics": {
                        "JOINT": "attribute_4",
                        "NORMAL": "attribute_2",
                        "POSITION": "attribute_1",
                        "TEXCOORD_0": "attribute_3",
                        "WEIGHT": "attribute_5"
                    },
                    "skin": "skin_0"
                }
            ]
        },
        "ogre_magi_weapon_LOD0-mesh": {
            "name": "ogre_magi_weapon_LOD0-mesh",
            "primitives": [
                {
                    "indices": "indices_36",
                    "material": "ogre_magi_weapon",
                    "semantics": {
                        "JOINT": "attribute_34",
                        "NORMAL": "attribute_32",
                        "POSITION": "attribute_31",
                        "TEXCOORD_0": "attribute_33",
                        "WEIGHT": "attribute_35"
                    },
                    "skin": "skin_5"
                }
            ]
        }
    },
    "nodes": {
        "Index_0_L": {
            "children": [
                "Index_1_L"
            ],
            "matrix": [
                0.5733552575111389,
                0.7856383919715881,
                0.2324572801589966,
                0,
                -0.8193069339593959,
                0.5497935033006677,
                0.16267528479006493,
                0,
                4.4672957495899294e-7,
                -0.28372455807283686,
                0.9589058655421756,
                0,
                16.113788604736335,
                -2.3912277221679688,
                -6.592975616455082,
                1
            ],
            "name": "Index_0_L"
        },
        "Index_0_R": {
            "children": [
                "Index_1_R"
            ],
            "matrix": [
                0.5733556747436522,
                0.7856378555297853,
                0.23245728015899655,
                0,
                -0.8193065921457051,
                0.549794168919722,
                0.16267493142347456,
                0,
                -7.288237772832837e-8,
                -0.28372444221522625,
                0.9589061008475056,
                0,
                -16.113838195800774,
                2.391204833984389,
                6.592985153198242,
                1
            ],
            "name": "Index_0_R"
        },
        "Index_1_L": {
            "children": [],
            "matrix": [
                0.3616296350955965,
                0.9323219060897827,
                3.1229134858675763e-8,
                0,
                -0.9323217792347355,
                0.361629585890964,
                3.83058193217457e-7,
                0,
                3.458401266541121e-7,
                -1.676407782729318e-7,
                0.9999998807907371,
                0,
                10.987304687500014,
                -0.000015258789055394573,
                0.00000524520874289891,
                1
            ],
            "name": "Index_1_L"
        },
        "Index_1_R": {
            "children": [],
            "matrix": [
                0.36162957549095137,
                0.9323219060897829,
                4.4574818523796925e-8,
                0,
                -0.9323220398533931,
                0.3616296273752387,
                4.5482005361012585e-7,
                0,
                4.079190791584525e-7,
                -2.0603444580803532e-7,
                1.0000001192093195,
                0,
                -10.9873046875,
                -0.0000038146972585195726,
                -0.000006675720216620107,
                1
            ],
            "name": "Index_1_R"
        },
        "Jaw": {
            "children": [],
            "matrix": [
                0.9886577725410465,
                0.14970654249191293,
                -0.01203977968543769,
                0,
                -0.14970650899126778,
                0.988730437931685,
                0.00090629607431017,
                0,
                0.012039771273732668,
                0.0009064164401257346,
                0.9999277590820479,
                0,
                17.126979827880856,
                -2.2924718856811506,
                -6.566146850585909,
                1
            ],
            "name": "Jaw"
        },
        "Jaw1": {
            "children": [],
            "matrix": [
                0.9985045790672306,
                -0.05388561636209483,
                -0.009208616800606258,
                0,
                0.053885607710303526,
                0.9985469616530598,
                -0.0002489462492981376,
                0,
                0.009208650484437189,
                -0.000247637930103628,
                0.999957322323613,
                0,
                10.327690124511719,
                -0.12266063690185725,
                -1.269012451171875,
                1
            ],
            "name": "Jaw1"
        },
        "Mid_0_L": {
            "children": [
                "Mid_1_L"
            ],
            "matrix": [
                0.33575010299682595,
                0.9417206048965453,
                0.02084436267614365,
                0,
                -0.9399108498278255,
                0.3363964871927555,
                -0.05835336803557984,
                0,
                -0.06196452541330339,
                3.066910346836089e-7,
                0.9980783435614403,
                0,
                17.554351806640632,
                -1.4861907958984517,
                1.9307155609130824,
                1
            ],
            "name": "Mid_0_L"
        },
        "Mid_0_R": {
            "children": [
                "Mid_1_R"
            ],
            "matrix": [
                0.3357509076595306,
                0.941720426082611,
                0.02084434404969215,
                0,
                -0.939910450780488,
                0.3363972112516346,
                -0.05835339033765263,
                0,
                -0.06196455772352191,
                3.869589011600457e-7,
                0.9980785215258352,
                0,
                -17.554355621337884,
                1.4861679077148438,
                -1.9306869506835938,
                1
            ],
            "name": "Mid_0_R"
        },
        "Mid_1_L": {
            "children": [],
            "matrix": [
                1.0000002384185793,
                2.9802322387695312e-8,
                -2.570450305904026e-7,
                0,
                -2.980222352233497e-8,
                1.0000003576278689,
                3.986060619354248e-7,
                0,
                2.5704501183110295e-7,
                -3.986059592467339e-7,
                1.0000001192092651,
                0,
                8.257492065429688,
                -0.000003814697265625,
                -0.000003814697265625,
                1
            ],
            "name": "Mid_1_L"
        },
        "Mid_1_R": {
            "children": [],
            "matrix": [
                0.9999998211860656,
                -8.940696716308594e-8,
                -3.166496753345682e-8,
                0,
                8.940701556880981e-8,
                1.0000003576278682,
                1.1175870895385742e-8,
                0,
                3.1664975974621257e-8,
                -1.1175871054980302e-8,
                1.0000001192092889,
                0,
                -8.257492065429673,
                0.000007629394524144573,
                -0.000005722045901990214,
                1
            ],
            "name": "Mid_1_R"
        },
        "Ring_0_L": {
            "children": [
                "Ring_1_L"
            ],
            "matrix": [
                0.07305572181940058,
                0.9973279237747192,
                -2.2313811598697085e-7,
                0,
                -0.883850390006685,
                0.06474322367832909,
                -0.46326781257238525,
                0,
                -0.4620297395924122,
                0.03384454909199876,
                0.8862182081373224,
                0,
                13.229705810546882,
                -0.380767822265625,
                6.487579345703125,
                1
            ],
            "name": "Ring_0_L"
        },
        "Ring_0_R": {
            "children": [
                "Ring_1_R"
            ],
            "matrix": [
                0.07305625826120378,
                0.9973279833793642,
                -1.8540452735211156e-8,
                0,
                -0.8838503342955353,
                0.06474378617008093,
                -0.4632677779487216,
                0,
                -0.46202976523253314,
                0.03384461565964171,
                0.8862183181235241,
                0,
                -13.229728698730462,
                0.38076019287110796,
                -6.487577438354492,
                1
            ],
            "name": "Ring_0_R"
        },
        "Ring_1_L": {
            "children": [],
            "matrix": [
                0.211185187101364,
                0.9774459004402161,
                5.662441253106998e-7,
                0,
                -0.9774459897255194,
                0.2111852063917875,
                6.8545341493087e-7,
                0,
                5.504114439919272e-7,
                -6.982309059266889e-7,
                1.0000001192092112,
                0,
                9.238983154296875,
                0.00000762939453125,
                -0.000003814697265625,
                1
            ],
            "name": "Ring_1_L"
        },
        "Ring_1_R": {
            "children": [],
            "matrix": [
                0.21118503808975214,
                0.9774459600448613,
                3.2782554637567074e-7,
                0,
                -0.9774459785004566,
                0.21118504207711156,
                3.5762786865234375e-7,
                0,
                2.803301019926874e-7,
                -3.959574710332703e-7,
                0.9999998807907049,
                0,
                -9.238990783691406,
                7.105427357601002e-15,
                0.000007629394527697286,
                1
            ],
            "name": "Ring_1_R"
        },
        "Thumb_0_L": {
            "children": [
                "Thumb_1_L"
            ],
            "matrix": [
                0.6707357168197631,
                0.7224109172821047,
                -0.16803674399852747,
                0,
                0.3590002176904788,
                -0.11796186415202163,
                0.9258530376312737,
                0,
                0.6490242452096894,
                -0.6813277507032605,
                -0.338466823730333,
                0,
                3.3542556762695455,
                4.648803710937486,
                -8.807125091552734,
                1
            ],
            "name": "Thumb_0_L"
        },
        "Thumb_0_R": {
            "children": [
                "Thumb_1_R"
            ],
            "matrix": [
                0.6707363724708558,
                0.722410082817078,
                -0.1680361926555634,
                0,
                0.3589995606566943,
                -0.1179623589750022,
                0.9258533120657562,
                0,
                0.649023821771484,
                -0.6813284108976174,
                -0.3384665468860014,
                0,
                -3.3542861938476562,
                -4.6488189697265625,
                8.8071403503418,
                1
            ],
            "name": "Thumb_0_R"
        },
        "Thumb_1_L": {
            "children": [],
            "matrix": [
                0.7301456332206724,
                0.6832917928695674,
                -3.5762786865234375e-7,
                0,
                -0.6832917333957156,
                0.7301455696687702,
                2.2351741804649272e-7,
                0,
                4.138480234616715e-7,
                8.116390004531127e-8,
                1.000000238418603,
                0,
                9.158103942871094,
                0.000007629394538355427,
                0.000011444091789769573,
                1
            ],
            "name": "Thumb_1_L"
        },
        "Thumb_1_R": {
            "children": [],
            "matrix": [
                0.7301455736160278,
                0.6832919120788573,
                6.854534147504587e-7,
                0,
                -0.6832918209599435,
                0.7301454762490599,
                -1.490116111058093e-8,
                0,
                -5.106624189621378e-7,
                -4.574845749727441e-7,
                0.9999999999998297,
                0,
                -9.15811920166017,
                0.000011444091796875,
                -0.000019073486321019573,
                1
            ],
            "name": "Thumb_1_R"
        },
        "ankle_L": {
            "children": [
                "toeBase_L"
            ],
            "matrix": [
                0.12530577182769792,
                -0.23922058939933827,
                0.9628458619117737,
                0,
                0.13555857078547817,
                0.9655215979527859,
                0.22224364549383102,
                0,
                -0.9828139793884751,
                0.10267362333973042,
                0.15341386901547,
                0,
                28.051280975341804,
                0.000007629394524144573,
                0.000002861022948774661,
                1
            ],
            "name": "ankle_L"
        },
        "ankle_R": {
            "children": [
                "toeBase_R"
            ],
            "matrix": [
                0.1253057420253751,
                -0.2392203807830809,
                0.9628456234931948,
                0,
                0.13555922660067718,
                0.9655215014580448,
                0.22224338620257966,
                0,
                -0.982813473041402,
                0.10267425376373997,
                0.15341394507051365,
                0,
                -28.051275253295895,
                0.000011444091796875,
                -0.000006198883055308357,
                1
            ],
            "name": "ankle_R"
        },
        "backCloth4_0": {
            "children": [],
            "matrix": [
                -0.9418865442276002,
                0.3345034122467041,
                -0.030937580391764644,
                0,
                0.3343230900721242,
                0.9423944312627545,
                0.010981239381220562,
                0,
                0.032828658598891024,
                -6.586380175677946e-8,
                -0.9994606378213889,
                0,
                -28.10727500915527,
                17.056962966918945,
                -46.9429931640625,
                1
            ],
            "name": "backCloth4_0"
        },
        "backCloth5_0": {
            "children": [],
            "matrix": [
                -0.9783278703689576,
                -0.2045526057481767,
                -0.03213446959853173,
                0,
                -0.204442334052881,
                0.9788553721231675,
                -0.006715023894179947,
                0,
