{
    "accessors": {
        "attrbute_1": {
            "bufferView": "bufferView_37",
            "byteOffset": 0,
            "byteStride": 12,
            "count": 2583,
            "max": [
                90.85681915283203,
                45.42753219604492,
                183.96165466308594,
                0
            ],
            "min": [
                -90.81889343261719,
                -50.74947738647461,
                -1.0864088535308838,
                0
            ],
            "type": 35665
        },
        "attrbute_10": {
            "bufferView": "bufferView_37",
            "byteOffset": 167588,
            "byteStride": 16,
            "count": 394,
            "max": [
                3,
                2,
                -1,
                -1
            ],
            "min": [
                0,
                -1,
                -1,
                -1
            ],
            "type": 35666
        },
        "attrbute_11": {
            "bufferView": "bufferView_37",
            "byteOffset": 173892,
            "byteStride": 12,
            "count": 394,
            "max": [
                1,
                0.7576824426651001,
                0
            ],
            "min": [
                0.2423175573348999,
                0,
                0
            ],
            "type": 35665
        },
        "attrbute_13": {
            "bufferView": "bufferView_37",
            "byteOffset": 178620,
            "byteStride": 12,
            "count": 233,
            "max": [
                80.25526428222656,
                32.372283935546875,
                138.71487426757812,
                0
            ],
            "min": [
                -93.17848205566406,
                -39.773956298828125,
                65.64633178710938,
                0
            ],
            "type": 35665
        },
        "attrbute_14": {
            "bufferView": "bufferView_37",
            "byteOffset": 181416,
            "byteStride": 12,
            "count": 233,
            "max": [
                0.9952697157859802,
                0.9951722621917725,
                0.9345248341560364,
                0
            ],
            "min": [
                -0.9986785650253296,
                -0.9930815696716309,
                -0.9764881730079651,
                0
            ],
            "type": 35665
        },
        "attrbute_15": {
            "bufferView": "bufferView_37",
            "byteOffset": 184212,
            "byteStride": 8,
            "count": 233,
            "max": [
                0.9932799935340881,
                0.9902979731559753
            ],
            "min": [
                0.012032999657094479,
                -0.0027060508728027344
            ],
            "type": 35664
        },
        "attrbute_16": {
            "bufferView": "bufferView_37",
            "byteOffset": 186076,
            "byteStride": 16,
            "count": 233,
            "max": [
                5,
                4,
                3,
                -1
            ],
            "min": [
                0,
                -1,
                -1,
                -1
            ],
            "type": 35666
        },
        "attrbute_17": {
            "bufferView": "bufferView_37",
            "byteOffset": 189804,
            "byteStride": 12,
            "count": 233,
            "max": [
                1,
                0.97614985704422,
                0.1141892597079277
            ],
            "min": [
                0.02385016344487667,
                0,
                0
            ],
            "type": 35665
        },
        "attrbute_19": {
            "bufferView": "bufferView_37",
            "byteOffset": 192600,
            "byteStride": 12,
            "count": 223,
            "max": [
                38.87049865722656,
                51.71784591674805,
                171.27821350097656,
                0
            ],
            "min": [
                -67.84071350097656,
                -35.06863021850586,
                103.9852523803711,
                0
            ],
            "type": 35665
        },
        "attrbute_2": {
            "bufferView": "bufferView_37",
            "byteOffset": 30996,
            "byteStride": 12,
            "count": 2583,
            "max": [
                0.9997227191925049,
                0.9999868273735046,
                0.9997059106826782,
                0
            ],
            "min": [
                -0.9995601177215576,
                -0.9974954128265381,
                -0.9987149834632874,
                0
            ],
            "type": 35665
        },
        "attrbute_20": {
            "bufferView": "bufferView_37",
            "byteOffset": 195276,
            "byteStride": 12,
            "count": 223,
            "max": [
                0.9946316480636597,
                0.9971225261688232,
                0.9875707626342773,
                0
            ],
            "min": [
                -0.8997939825057983,
                -0.9540881514549255,
                -0.9001339673995972,
                0
            ],
            "type": 35665
        },
        "attrbute_21": {
            "bufferView": "bufferView_37",
            "byteOffset": 197952,
            "byteStride": 8,
            "count": 223,
            "max": [
                0.9771550297737122,
                0.9750810265541077
            ],
            "min": [
                0.018477000296115875,
                0.011282026767730713
            ],
            "type": 35664
        },
        "attrbute_22": {
            "bufferView": "bufferView_37",
            "byteOffset": 199736,
            "byteStride": 16,
            "count": 223,
            "max": [
                9,
                10,
                11,
                -1
            ],
            "min": [
                0,
                -1,
                -1,
                -1
            ],
            "type": 35666
        },
        "attrbute_23": {
            "bufferView": "bufferView_37",
            "byteOffset": 203304,
            "byteStride": 12,
            "count": 223,
            "max": [
                1,
                0.9841517806053162,
                0.8919743895530701
            ],
            "min": [
                0.0073789809830486774,
                0,
                0
            ],
            "type": 35665
        },
        "attrbute_25": {
            "bufferView": "bufferView_37",
            "byteOffset": 205980,
            "byteStride": 12,
            "count": 359,
            "max": [
                39.12995910644531,
                -1.1379437446594238,
                195.98387145996094,
                0
            ],
            "min": [
                -26.985958099365234,
                -45.756839752197266,
                138.4928436279297,
                0
            ],
            "type": 35665
        },
        "attrbute_26": {
            "bufferView": "bufferView_37",
            "byteOffset": 210288,
            "byteStride": 12,
            "count": 359,
            "max": [
                0.9987876415252686,
                0.9919642210006714,
                0.9830142855644226,
                0
            ],
            "min": [
                -0.9901033043861389,
                -0.9989082217216492,
                -0.9993340373039246,
                0
            ],
            "type": 35665
        },
        "attrbute_27": {
            "bufferView": "bufferView_37",
            "byteOffset": 214596,
            "byteStride": 8,
            "count": 359,
            "max": [
                0.9886580109596252,
                0.983053982257843
            ],
            "min": [
                0.021852999925613403,
                0.042044997215270996
            ],
            "type": 35664
        },
        "attrbute_28": {
            "bufferView": "bufferView_37",
            "byteOffset": 217468,
            "byteStride": 16,
            "count": 359,
            "max": [
                3,
                5,
                5,
                -1
            ],
            "min": [
                0,
                -1,
                -1,
                -1
            ],
            "type": 35666
        },
        "attrbute_29": {
            "bufferView": "bufferView_37",
            "byteOffset": 223212,
            "byteStride": 12,
            "count": 359,
            "max": [
                1,
                0.9946309328079224,
                0.029458269476890564
            ],
            "min": [
                0.005369067192077637,
                0,
                0
            ],
            "type": 35665
        },
        "attrbute_3": {
            "bufferView": "bufferView_37",
            "byteOffset": 61992,
            "byteStride": 8,
            "count": 2583,
            "max": [
                0.9952859878540039,
                0.9911800026893616
            ],
            "min": [
                -0.9943270087242126,
                0.0012819766998291016
            ],
            "type": 35664
        },
        "attrbute_31": {
            "bufferView": "bufferView_37",
            "byteOffset": 227520,
            "byteStride": 12,
            "count": 361,
            "max": [
                105.23816680908203,
                7.207025527954102,
                136.0074462890625,
                0
            ],
            "min": [
                49.66883850097656,
                -48.252967834472656,
                -34.280906677246094,
                0
            ],
            "type": 35665
        },
        "attrbute_32": {
            "bufferView": "bufferView_37",
            "byteOffset": 231852,
            "byteStride": 12,
            "count": 361,
            "max": [
                0.9997439384460449,
                0.9929004907608032,
                0.9964423775672913,
                0
            ],
            "min": [
                -0.9996182322502136,
                -0.9906569719314575,
                -0.9957183599472046,
                0
            ],
            "type": 35665
        },
        "attrbute_33": {
            "bufferView": "bufferView_37",
            "byteOffset": 236184,
            "byteStride": 8,
            "count": 361,
            "max": [
                0.9870219826698303,
                0.9718149900436401
            ],
            "min": [
                0.01231900043785572,
                0.022590994834899902
            ],
            "type": 35664
        },
        "attrbute_34": {
            "bufferView": "bufferView_37",
            "byteOffset": 239072,
            "byteStride": 16,
            "count": 361,
            "max": [
                0,
                -1,
                -1,
                -1
            ],
            "min": [
                0,
                -1,
                -1,
                -1
            ],
            "type": 35666
        },
        "attrbute_35": {
            "bufferView": "bufferView_37",
            "byteOffset": 244848,
            "byteStride": 12,
            "count": 361,
            "max": [
                1,
                0,
                0
            ],
            "min": [
                1,
                0,
                0
            ],
            "type": 35665
        },
        "attrbute_4": {
            "bufferView": "bufferView_37",
            "byteOffset": 82656,
            "byteStride": 16,
            "count": 2583,
            "max": [
                41,
                41,
                41,
                -1
            ],
            "min": [
                0,
                -1,
                -1,
                -1
            ],
            "type": 35666
        },
        "attrbute_5": {
            "bufferView": "bufferView_37",
            "byteOffset": 123984,
            "byteStride": 12,
            "count": 2583,
            "max": [
                1,
                0.9998960494995117,
                0.9985213875770569
            ],
            "min": [
                0.00010389260569354519,
                0,
                0
            ],
            "type": 35665
        },
        "attrbute_7": {
            "bufferView": "bufferView_37",
            "byteOffset": 154980,
            "byteStride": 12,
            "count": 394,
            "max": [
                46.073577880859375,
                43.48630142211914,
                118.32792663574219,
                0
            ],
            "min": [
                -53.487632751464844,
                -51.69850540161133,
                40.59471893310547,
                0
            ],
            "type": 35665
        },
        "attrbute_8": {
            "bufferView": "bufferView_37",
            "byteOffset": 159708,
            "byteStride": 12,
            "count": 394,
            "max": [
                0.9993835687637329,
                0.996463418006897,
                0.9993364214897156,
                0
            ],
            "min": [
                -0.9979813098907471,
                -0.9981924295425415,
                -0.9953364133834839,
                0
            ],
            "type": 35665
        },
        "attrbute_9": {
            "bufferView": "bufferView_37",
            "byteOffset": 164436,
            "byteStride": 8,
            "count": 394,
            "max": [
                0.9829180240631104,
                0.9898620247840881
            ],
            "min": [
                0.018208999186754227,
                0.007574021816253662
            ],
            "type": 35664
        },
        "indices_12": {
            "bufferView": "bufferView_39",
            "byteOffset": 24744,
            "count": 1980,
            "type": 5123
        },
        "indices_18": {
            "bufferView": "bufferView_39",
            "byteOffset": 28704,
            "count": 924,
            "type": 5123
        },
        "indices_24": {
            "bufferView": "bufferView_39",
            "byteOffset": 30552,
            "count": 954,
            "type": 5123
        },
        "indices_30": {
            "bufferView": "bufferView_39",
            "byteOffset": 32460,
            "count": 1635,
            "type": 5123
        },
        "indices_36": {
            "bufferView": "bufferView_39",
            "byteOffset": 35730,
            "count": 1482,
            "type": 5123
        },
        "indices_6": {
            "bufferView": "bufferView_39",
            "byteOffset": 0,
            "count": 12372,
            "type": 5123
        }
    },
    "animations": {},
    "asset": {},
    "bufferViews": {
        "bufferView_37": {
            "buffer": "ogre_magi.bin",
            "byteLength": 249180,
            "byteOffset": 0,
            "target": 34962
        },
        "bufferView_38": {
            "buffer": "ogre_magi.bin",
            "byteLength": 5568,
            "byteOffset": 249180
        },
        "bufferView_39": {
            "buffer": "ogre_magi.bin",
            "byteLength": 38694,
            "byteOffset": 254748,
            "target": 34963
        }
    },
    "buffers": {
        "ogre_magi.bin": {
            "byteLength": 293442,
            "path": "ogre_magi.bin"
        }
    },
    "cameras": {},
    "images": {
        "image_0": {
            "path": "textures/ogre_magi_color.png"
        },
        "image_1": {
            "path": "textures/belt_color.png"
        },
        "image_2": {
            "path": "textures/bracers_color.png"
        },
        "image_3": {
            "path": "textures/cape_color.png"
        },
        "image_4": {
            "path": "textures/hats_color.png"
        },
        "image_5": {
            "path": "textures/ogre_magi_weapon_color.png"
        }
    },
    "lights": {},
    "materials": {
        "ogre_magi": {
            "instanceTechnique": {
                "technique": "technique_0",
                "values": {
                    "ambient": [
                        0.5879999995231628,
                        0.5879999995231628,
                        0.5879999995231628
                    ],
                    "diffuse": "Map #8",
                    "emission": [
                        0,
                        0,
                        0
                    ],
                    "shininess": 2,
                    "specular": [
                        0.8999999761581421,
                        0.8999999761581421,
                        0.8999999761581421
                    ],
                    "transparency": 1
                }
            },
            "name": "ogre_magi"
        },
        "ogre_magi_belt": {
            "instanceTechnique": {
                "technique": "technique_0",
                "values": {
                    "ambient": [
                        0.5879999995231628,
                        0.5879999995231628,
                        0.5879999995231628
                    ],
                    "diffuse": "Map #7",
                    "emission": [
                        0,
                        0,
                        0
                    ],
                    "shininess": 2,
                    "specular": [
                        0.8999999761581421,
                        0.8999999761581421,
                        0.8999999761581421
                    ],
                    "transparency": 1
                }
            },
            "name": "ogre_magi_belt"
        },
        "ogre_magi_bracers": {
            "instanceTechnique": {
                "technique": "technique_0",
                "values": {
                    "ambient": [
                        0.5879999995231628,
                        0.5879999995231628,
                        0.5879999995231628
                    ],
                    "diffuse": "Map #9",
                    "emission": [
                        0,
                        0,
                        0
                    ],
                    "shininess": 2,
                    "specular": [
                        0.8999999761581421,
                        0.8999999761581421,
                        0.8999999761581421
                    ],
                    "transparency": 1
                }
            },
            "name": "ogre_magi_bracers"
        },
        "ogre_magi_cape": {
            "instanceTechnique": {
                "technique": "technique_0",
                "values": {
                    "ambient": [
                        0.5879999995231628,
                        0.5879999995231628,
                        0.5879999995231628
                    ],
                    "diffuse": "Map #10",
                    "emission": [
                        0,
                        0,
                        0
                    ],
                    "shininess": 2,
                    "specular": [
                        0.8999999761581421,
                        0.8999999761581421,
                        0.8999999761581421
                    ],
                    "transparency": 1
                }
            },
            "name": "ogre_magi_cape"
        },
        "ogre_magi_hats": {
            "instanceTechnique": {
                "technique": "technique_0",
                "values": {
                    "ambient": [
                        0.5879999995231628,
                        0.5879999995231628,
                        0.5879999995231628
                    ],
                    "diffuse": "Map #11",
                    "emission": [
                        0,
                        0,
                        0
                    ],
                    "shininess": 2,
                    "specular": [
                        0.8999999761581421,
                        0.8999999761581421,
                        0.8999999761581421
                    ],
                    "transparency": 1
                }
            },
            "name": "ogre_magi_hats"
        },
        "ogre_magi_weapon": {
            "instanceTechnique": {
                "technique": "technique_0",
                "values": {
                    "ambient": [
                        0.5879999995231628,
                        0.5879999995231628,
                        0.5879999995231628
                    ],
                    "diffuse": "Map #12",
                    "emission": [
                        0,
                        0,
                        0
                    ],
                    "shininess": 2,
                    "specular": [
                        0.8999999761581421,
                        0.8999999761581421,
                        0.8999999761581421
                    ],
                    "transparency": 1
                }
            },
            "name": "ogre_magi_weapon"
        }
    },
    "meshes": {
        "ogre_magi_belt_model_LOD0-mesh": {
            "name": "ogre_magi_belt_model_LOD0-mesh",
            "primitives": [
                {
                    "attributes": {
                        "JOINT": "attrbute_10",
                        "NORMAL": "attrbute_8",
                        "POSITION": "attrbute_7",
                        "TEXCOORD_0": "attrbute_9",
                        "WEIGHT": "attrbute_11"
                    },
                    "indices": "indices_12",
                    "material": "ogre_magi_belt"
                }
            ]
        },
        "ogre_magi_bracers_model_LOD0-mesh": {
            "name": "ogre_magi_bracers_model_LOD0-mesh",
            "primitives": [
                {
                    "attributes": {
                        "JOINT": "attrbute_16",
                        "NORMAL": "attrbute_14",
                        "POSITION": "attrbute_13",
                        "TEXCOORD_0": "attrbute_15",
                        "WEIGHT": "attrbute_17"
                    },
                    "indices": "indices_18",
                    "material": "ogre_magi_bracers"
                }
            ]
        },
        "ogre_magi_cape_model_LOD0-mesh": {
            "name": "ogre_magi_cape_model_LOD0-mesh",
            "primitives": [
                {
                    "attributes": {
                        "JOINT": "attrbute_22",
                        "NORMAL": "attrbute_20",
                        "POSITION": "attrbute_19",
                        "TEXCOORD_0": "attrbute_21",
                        "WEIGHT": "attrbute_23"
                    },
                    "indices": "indices_24",
                    "material": "ogre_magi_cape"
                }
            ]
        },
        "ogre_magi_hats_model_LOD0-mesh": {
            "name": "ogre_magi_hats_model_LOD0-mesh",
            "primitives": [
                {
                    "attributes": {
                        "JOINT": "attrbute_28",
                        "NORMAL": "attrbute_26",
                        "POSITION": "attrbute_25",
                        "TEXCOORD_0": "attrbute_27",
                        "WEIGHT": "attrbute_29"
                    },
                    "indices": "indices_30",
                    "material": "ogre_magi_hats"
                }
            ]
        },
        "ogre_magi_model_LOD0-mesh": {
            "name": "ogre_magi_model_LOD0-mesh",
            "primitives": [
                {
                    "attributes": {
                        "JOINT": "attrbute_4",
                        "NORMAL": "attrbute_2",
                        "POSITION": "attrbute_1",
                        "TEXCOORD_0": "attrbute_3",
                        "WEIGHT": "attrbute_5"
                    },
                    "indices": "indices_6",
                    "material": "ogre_magi"
                }
            ]
        },
        "ogre_magi_weapon_LOD0-mesh": {
            "name": "ogre_magi_weapon_LOD0-mesh",
            "primitives": [
                {
                    "attributes": {
                        "JOINT": "attrbute_34",
                        "NORMAL": "attrbute_32",
                        "POSITION": "attrbute_31",
                        "TEXCOORD_0": "attrbute_33",
                        "WEIGHT": "attrbute_35"
                    },
                    "indices": "indices_36",
                    "material": "ogre_magi_weapon"
                }
            ]
        }
    },
    "nodes": {
        "Index_0_L": {
            "children": [
                "Index_1_L"
            ],
            "jointId": "Index_0_L",
            "matrix": [
                0.5733552575111391,
                0.7856383919715879,
                0.2324572801589966,
                0,
                -0.819306933959396,
                0.5497935033006678,
                0.1626752847900649,
                0,
                4.467295748876052e-7,
                -0.2837245580728369,
                0.9589058655421757,
                0,
                16.113788604736328,
                -2.391227722167983,
                -6.592975616455075,
                1
            ],
            "name": "Index_0_L"
        },
        "Index_0_R": {
            "children": [
                "Index_1_R"
            ],
            "jointId": "Index_0_R",
            "matrix": [
                0.5733556747436523,
                0.785637855529785,
                0.23245728015899655,
                0,
                -0.819306592145705,
                0.5497941689197223,
                0.16267493142347456,
                0,
                -7.288237778941318e-8,
                -0.2837244422152262,
                0.9589061008475057,
                0,
                -16.11383819580079,
                2.391204833984375,
                6.592985153198242,
                1
            ],
            "name": "Index_0_R"
        },
        "Index_1_L": {
            "children": [],
            "jointId": "Index_1_L",
            "matrix": [
                0.3616296350955966,
                0.9323219060897832,
                3.122913492987304e-8,
                0,
                -0.9323217792347356,
                0.36162958589096417,
                3.8305819319826024e-7,
                0,
                3.458401267186464e-7,
                -1.676407782818824e-7,
                0.9999998807907373,
                0,
                10.9873046875,
                -0.000015258789069605427,
                0.000005245208740234375,
                1
            ],
            "name": "Index_1_L"
        },
        "Index_1_R": {
            "children": [],
            "jointId": "Index_1_R",
            "matrix": [
                0.3616295754909516,
                0.9323219060897825,
                4.4574818459353454e-8,
                0,
                -0.9323220398533928,
                0.3616296273752385,
                4.5482005360929475e-7,
                0,
                4.079190791812282e-7,
                -2.0603444580091918e-7,
                1.0000001192093195,
                0,
                -10.987304687500014,
                -0.000003814697265625,
                -0.00000667572021484375,
                1
            ],
            "name": "Index_1_R"
        },
        "Jaw": {
            "children": [],
            "jointId": "Jaw",
            "matrix": [
                0.9886577725410465,
                0.149706542491913,
                -0.012039779685437678,
                0,
                -0.14970650899126786,
                0.988730437931685,
                0.0009062960743101839,
                0,
                0.012039771273732668,
                0.0009064164401257485,
                0.999927759082048,
                0,
                17.126979827880863,
                -2.292471885681154,
                -6.566146850585909,
                1
            ],
            "name": "Jaw"
        },
        "Jaw1": {
            "children": [],
            "jointId": "Jaw1",
            "matrix": [
                0.9985045790672308,
                -0.053885616362094844,
                -0.009208616800606256,
                0,
                0.05388560771030354,
                0.99854696165306,
                -0.0002489462492981376,
                0,
                0.009208650484437185,
                -0.00024763793010360025,
                0.9999573223236132,
                0,
                10.327690124511719,
                -0.12266063690185369,
                -1.2690124511719034,
                1
            ],
            "name": "Jaw1"
        },
        "Mid_0_L": {
            "children": [
                "Mid_1_L"
            ],
            "jointId": "Mid_0_L",
            "matrix": [
                0.335750102996826,
                0.9417206048965453,
                0.020844362676143643,
                0,
                -0.9399108498278255,
                0.33639648719275556,
                -0.05835336803557983,
                0,
                -0.06196452541330339,
                3.0669103468021965e-7,
                0.9980783435614403,
                0,
                17.554351806640618,
                -1.4861907958984517,
                1.9307155609130895,
                1
            ],
            "name": "Mid_0_L"
        },
        "Mid_0_R": {
            "children": [
                "Mid_1_R"
            ],
            "jointId": "Mid_0_R",
            "matrix": [
                0.33575090765953053,
                0.9417204260826108,
                0.02084434404969215,
                0,
                -0.9399104507804882,
                0.3363972112516345,
                -0.05835339033765264,
                0,
                -0.06196455772352191,
                3.8695890116271434e-7,
                0.9980785215258351,
                0,
                -17.554355621337898,
                1.486167907714858,
                -1.9306869506835938,
                1
            ],
            "name": "Mid_0_R"
        },
        "Mid_1_L": {
            "children": [],
            "jointId": "Mid_1_L",
            "matrix": [
                1.0000002384185793,
                2.9802322498717615e-8,
                -2.570450305869332e-7,
                0,
                -2.980222352233497e-8,
                1.0000003576278687,
                3.986060619423637e-7,
                0,
                2.5704501183110295e-7,
                -3.986059592536728e-7,
                1.000000119209265,
                0,
                8.257492065429688,
                -0.000003814697265625,
                -0.000003814697265625,
                1
            ],
            "name": "Mid_1_L"
        },
        "Mid_1_R": {
            "children": [],
            "jointId": "Mid_1_R",
            "matrix": [
                0.9999998211860658,
                -8.940696716308594e-8,
                -3.166496753345682e-8,
                0,
                8.940701562432096e-8,
                1.0000003576278687,
                1.1175870895385742e-8,
                0,
                3.1664975978090704e-8,
                -1.1175871048041408e-8,
                1.000000119209289,
                0,
                -8.257492065429673,
                0.000007629394534802714,
                -0.000005722045901990214,
                1
            ],
            "name": "Mid_1_R"
        },
        "Ring_0_L": {
            "children": [
                "Ring_1_L"
            ],
            "jointId": "Ring_0_L",
            "matrix": [
                0.0730557218194006,
                0.9973279237747193,
                -2.2313811597794905e-7,
                0,
                -0.8838503900066852,
                0.06474322367832909,
                -0.4632678125723853,
                0,
                -0.46202973959241245,
                0.03384454909199876,
                0.8862182081373224,
                0,
                13.229705810546875,
                -0.380767822265625,
                6.487579345703125,
                1
            ],
            "name": "Ring_0_L"
        },
        "Ring_0_R": {
            "children": [
                "Ring_1_R"
            ],
            "jointId": "Ring_0_R",
            "matrix": [
                0.07305625826120381,
                0.9973279833793643,
                -1.8540452736194356e-8,
                0,
                -0.8838503342955353,
                0.0647437861700809,
                -0.4632677779487217,
                0,
                -0.4620297652325331,
                0.03384461565964171,
                0.8862183181235244,
                0,
                -13.229728698730483,
                0.38076019287109375,
                -6.487577438354492,
                1
            ],
            "name": "Ring_0_R"
        },
        "Ring_1_L": {
            "children": [],
            "jointId": "Ring_1_L",
            "matrix": [
                0.211185187101364,
                0.9774459004402162,
                5.662441254217221e-7,
                0,
                -0.9774459897255192,
                0.21118520639178745,
                6.8545341493087e-7,
                0,
                5.50411444005805e-7,
                -6.982309060377112e-7,
                1.000000119209211,
                0,
                9.238983154296875,
                0.00000762939453125,
                -0.000003814697265625,
                1
            ],
            "name": "Ring_1_L"
        },
        "Ring_1_R": {
            "children": [],
            "jointId": "Ring_1_R",
            "matrix": [
                0.2111850380897521,
                0.9774459600448611,
                3.278255463201596e-7,
                0,
                -0.9774459785004563,
                0.21118504207711147,
                3.5762786866622154e-7,
                0,
                2.803301019857485e-7,
                -3.9595747119980373e-7,
                0.9999998807907053,
                0,
                -9.238990783691392,
                0,
                0.000007629394534802714,
                1
            ],
            "name": "Ring_1_R"
        },
        "Thumb_0_L": {
            "children": [
                "Thumb_1_L"
            ],
            "jointId": "Thumb_0_L",
            "matrix": [
                0.6707357168197634,
                0.7224109172821046,
                -0.16803674399852753,
                0,
                0.3590002176904789,
                -0.11796186415202164,
                0.9258530376312739,
                0,
                0.6490242452096895,
                -0.6813277507032603,
                -0.33846682373033304,
                0,
                3.354255676269517,
                4.648803710937486,
                -8.80712509155273,
                1
            ],
            "name": "Thumb_0_L"
        },
        "Thumb_0_R": {
            "children": [
                "Thumb_1_R"
            ],
            "jointId": "Thumb_0_R",
            "matrix": [
                0.6707363724708557,
                0.7224100828170777,
                -0.16803619265556333,
                0,
                0.35899956065669414,
                -0.11796235897500214,
                0.9258533120657562,
                0,
                0.6490238217714839,
                -0.6813284108976171,
                -0.3384665468860013,
                0,
                -3.3542861938476705,
                -4.6488189697265625,
                8.8071403503418,
                1
            ],
            "name": "Thumb_0_R"
        },
        "Thumb_1_L": {
            "children": [],
            "jointId": "Thumb_1_L",
            "matrix": [
                0.7301456332206726,
                0.6832917928695679,
                -3.5762786854132145e-7,
                0,
                -0.6832917333957159,
                0.7301455696687704,
                2.23517417963226e-7,
                0,
                4.138480234616715e-7,
                8.116390004531127e-8,
                1.0000002384186035,
                0,
                9.158103942871108,
                0.00000762939453125,
                0.000011444091789769573,
                1
            ],
            "name": "Thumb_1_L"
        },
        "Thumb_1_R": {
            "children": [],
            "jointId": "Thumb_1_R",
            "matrix": [
                0.7301455736160277,
                0.683291912078857,
                6.854534150280145e-7,
                0,
                -0.6832918209599436,
                0.73014547624906,
                -1.4901161193847656e-8,
                0,
                -5.106624191286713e-7,
                -4.5748457513927754e-7,
                0.9999999999998297,
                0,
                -9.158119201660156,
                0.000011444091796875,
                -0.000019073486321019573,
                1
            ],
            "name": "Thumb_1_R"
        },
        "ankle_L": {
            "children": [
                "toeBase_L"
            ],
            "jointId": "ankle_L",
            "matrix": [
                0.12530577182769792,
                -0.23922058939933827,
                0.962845861911774,
                0,
                0.1355585707854782,
                0.965521597952786,
                0.22224364549383113,
                0,
                -0.9828139793884749,
                0.10267362333973049,
                0.15341386901547,
                0,
                28.051280975341804,
                0.000007629394524144573,
                0.000002861022948774661,
                1
            ],
            "name": "ankle_L"
        },
        "ankle_R": {
            "children": [
                "toeBase_R"
            ],
            "jointId": "ankle_R",
            "matrix": [
                0.1253057420253752,
                -0.2392203807830808,
                0.9628456234931949,
                0,
                0.13555922660067732,
                0.9655215014580449,
                0.2222433862025798,
                0,
                -0.982813473041402,
                0.10267425376373993,
                0.1534139450705137,
                0,
                -28.0512752532959,
                0.000011444091796875,
                -0.000006198883054864268,
                1
            ],
            "name": "ankle_R"
        },
        "backCloth4_0": {
            "children": [],
            "jointId": "backCloth4_0",
            "matrix": [
                -0.9418865442276002,
                0.3345034122467041,
                -0.030937580391764644,
                0,
                0.3343230900721242,
                0.9423944312627545,
                0.010981239381220562,
                0,
                0.032828658598891024,
                -6.586380175677946e-8,
                -0.9994606378213889,
                0,
                -28.10727500915527,
                17.056962966918945,
                -46.9429931640625,
                1
            ],
            "name": "backCloth4_0"
        },
        "backCloth5_0": {
            "children": [],
            "jointId": "backCloth5_0",
            "matrix": [
                -0.9783278703689576,
                -0.2045526057481767,
                -0.03213446959853173,
                0,
                -0.204442334052881,
                0.9788553721231675,
                -0.006715023894179947,
                0,
                0.03282856971978626,
                1.509423865329329e-7,
                -0.9994605785664906,
                0,
                -28.13385963439941,
                -13.84014892578125,
