{
    "accessors": {
        "attrbute_1": {
            "bufferView": "bufferView_13",
            "byteOffset": 0,
            "byteStride": 12,
            "count": 1520,
            "max": [
                107.22224426269531,
                23.896638870239258,
                167.47154235839844,
                0
            ],
            "min": [
                -107.2221450805664,
                -29.766056060791016,
                57.851646423339844,
                0
            ],
            "type": 35665
        },
        "attrbute_10": {
            "bufferView": "bufferView_13",
            "byteOffset": 203104,
            "byteStride": 16,
            "count": 3497,
            "max": [
                35,
                35,
                35,
                -1
            ],
            "min": [
                0,
                -1,
                -1,
                -1
            ],
            "type": 35666
        },
        "attrbute_11": {
            "bufferView": "bufferView_13",
            "byteOffset": 259056,
            "byteStride": 12,
            "count": 3497,
            "max": [
                1,
                0.9998860955238342,
                0.9953418374061584
            ],
            "min": [
                0.00011392408487154171,
                0,
                0
            ],
            "type": 35665
        },
        "attrbute_2": {
            "bufferView": "bufferView_13",
            "byteOffset": 18240,
            "byteStride": 12,
            "count": 1520,
            "max": [
                0.9992101788520813,
                0.9992583394050598,
                0.8761394619941711,
                0
            ],
            "min": [
                -0.9992102384567261,
                -0.9965885877609253,
                -0.9728824496269226,
                0
            ],
            "type": 35665
        },
        "attrbute_3": {
            "bufferView": "bufferView_13",
            "byteOffset": 36480,
            "byteStride": 8,
            "count": 1520,
            "max": [
                1.0210200548171997,
                0.9991869926452637
            ],
            "min": [
                -0.013713099993765354,
                0.008105933666229248
            ],
            "type": 35664
        },
        "attrbute_4": {
            "bufferView": "bufferView_13",
            "byteOffset": 48640,
            "byteStride": 16,
            "count": 1520,
            "max": [
                27,
                29,
                31,
                -1
            ],
            "min": [
                0,
                1,
                -1,
                -1
            ],
            "type": 35666
        },
        "attrbute_5": {
            "bufferView": "bufferView_13",
            "byteOffset": 72960,
            "byteStride": 12,
            "count": 1520,
            "max": [
                0.9990274906158447,
                0.9946560859680176,
                0.9735336899757385
            ],
            "min": [
                0.000648918270599097,
                0.00021508528152480721,
                0
            ],
            "type": 35665
        },
        "attrbute_7": {
            "bufferView": "bufferView_13",
            "byteOffset": 91200,
            "byteStride": 12,
            "count": 3497,
            "max": [
                103.88423919677734,
                74.06877136230469,
                228.08999633789062,
                0
            ],
            "min": [
                -103.88412475585938,
                -32.54325866699219,
                27.338043212890625,
                0
            ],
            "type": 35665
        },
        "attrbute_8": {
            "bufferView": "bufferView_13",
            "byteOffset": 133164,
            "byteStride": 12,
            "count": 3497,
            "max": [
                0.9997859597206116,
                0.9999972581863403,
                0.9986960887908936,
                0
            ],
            "min": [
                -0.9995439052581787,
                -0.9998065829277039,
                -0.9993025660514832,
                0
            ],
            "type": 35665
        },
        "attrbute_9": {
            "bufferView": "bufferView_13",
            "byteOffset": 175128,
            "byteStride": 8,
            "count": 3497,
            "max": [
                0.9894160032272339,
                0.9880669713020325
            ],
            "min": [
                0.00939400028437376,
                0.011907994747161865
            ],
            "type": 35664
        },
        "indices_12": {
            "bufferView": "bufferView_15",
            "byteOffset": 4536,
            "count": 13353,
            "type": 5123
        },
        "indices_6": {
            "bufferView": "bufferView_15",
            "byteOffset": 0,
            "count": 2268,
            "type": 5123
        }
    },
    "animations": {},
    "asset": {},
    "bufferViews": {
        "bufferView_13": {
            "buffer": "ancient_apparition.bin",
            "byteLength": 301020,
            "byteOffset": 0,
            "target": 34962
        },
        "bufferView_14": {
            "buffer": "ancient_apparition.bin",
            "byteLength": 4864,
            "byteOffset": 301020
        },
        "bufferView_15": {
            "buffer": "ancient_apparition.bin",
            "byteLength": 31242,
            "byteOffset": 305884,
            "target": 34963
        }
    },
    "buffers": {
        "ancient_apparition.bin": {
            "byteLength": 337126,
            "path": "ancient_apparition.bin"
        }
    },
    "cameras": {},
    "images": {
        "image_0": {
            "path": "textures/ancientapparition_ghost.png"
        },
        "image_1": {
            "path": "textures/ancientapparition_colors.png"
        },
        "image_2": {
            "path": "textures/ancientapparition_normals.png"
        }
    },
    "lights": {},
    "materials": {
        "Material #35": {
            "instanceTechnique": {
                "technique": "technique_0",
                "values": {
                    "ambient": [
                        0.5879999995231628,
                        0.5879999995231628,
                        0.5879999995231628
                    ],
                    "diffuse": "Map #1",
                    "emission": [
                        0,
                        0,
                        0
                    ],
                    "shininess": 2,
                    "specular": [
                        0.8999999761581421,
                        0.8999999761581421,
                        0.8999999761581421
                    ],
                    "transparency": 1
                }
            },
            "name": "Material #35"
        },
        "Material #36": {
            "instanceTechnique": {
                "technique": "technique_1",
                "values": {
                    "ambient": [
                        0.5879999995231628,
                        0.5879999995231628,
                        0.5879999995231628
                    ],
                    "diffuse": "Map #2",
                    "emission": [
                        0,
                        0,
                        0
                    ],
                    "normalMap": "Map #3",
                    "shininess": 2,
                    "specular": [
                        0.8999999761581421,
                        0.8999999761581421,
                        0.8999999761581421
                    ],
                    "transparency": 1
                }
            },
            "name": "Material #36"
        }
    },
    "meshes": {
        "ancient_apparition_model_LOD0_0-mesh": {
            "name": "ancient_apparition_model_LOD0_0-mesh",
            "primitives": [
                {
                    "attributes": {
                        "JOINT": "attrbute_4",
                        "NORMAL": "attrbute_2",
                        "POSITION": "attrbute_1",
                        "TEXCOORD_0": "attrbute_3",
                        "WEIGHT": "attrbute_5"
                    },
                    "indices": "indices_6",
                    "material": "Material #35"
                }
            ]
        },
        "ancient_apparition_model_LOD0_1-mesh": {
            "name": "ancient_apparition_model_LOD0_1-mesh",
            "primitives": [
                {
                    "attributes": {
                        "JOINT": "attrbute_10",
                        "NORMAL": "attrbute_8",
                        "POSITION": "attrbute_7",
                        "TEXCOORD_0": "attrbute_9",
                        "WEIGHT": "attrbute_11"
                    },
                    "indices": "indices_12",
                    "material": "Material #36"
                }
            ]
        }
    },
    "nodes": {
        "Index_0_L": {
            "children": [
                "Index_1_L"
            ],
            "jointId": "Index_0_L",
            "matrix": [
                0.9762871861457829,
                0.21374255418777477,
                -0.03431601822376247,
                0,
                0.023818622912118836,
                0.05149618094330132,
                0.9983891884855329,
                0,
                0.21516536679949355,
                -0.9755317853381181,
                0.04518400150806754,
                0,
                33.23036575317384,
                3.0968017578125,
                -4.652801990509032,
                1
            ],
            "name": "Index_0_L"
        },
        "Index_0_R": {
            "children": [
                "Index_1_R"
            ],
            "jointId": "Index_0_R",
            "matrix": [
                0.9762872457504275,
                0.21374183893203758,
                -0.034316532313823686,
                0,
                0.023819071828176247,
                0.05149663196555045,
                0.9983887804649612,
                0,
                0.21516468322519516,
                -0.9755318177705002,
                0.045184381904587526,
                0,
                -33.23036193847656,
                -3.09674072265625,
                4.652801036834718,
                1
            ],
            "name": "Index_0_R"
        },
        "Index_1_L": {
            "children": [
                "Index_2_L"
            ],
            "jointId": "Index_1_L",
            "matrix": [
                0.822587311267853,
                -4.470348356766518e-8,
                -0.5686385631561279,
                0,
                -4.6584956694961654e-7,
                0.999999701976845,
                -7.525086069062881e-7,
                0,
                0.5686384967295066,
                8.83904220237014e-7,
                0.8225872151756444,
                0,
                13.571308135986328,
                0.000021457672120028803,
                0.000007629394545460855,
                1
            ],
            "name": "Index_1_L"
        },
        "Index_1_R": {
            "children": [
                "Index_2_R"
            ],
            "jointId": "Index_1_R",
            "matrix": [
                0.822587251663208,
                3.0547380448775474e-7,
                -0.5686389207839966,
                0,
                -4.945460423122494e-8,
                1.00000011920931,
                4.656612557496498e-7,
                0,
                0.5686388822377122,
                -3.549251334188097e-7,
                0.8225871959023562,
                0,
                -13.571285247802741,
                0.000006675720213955572,
                0.0000457763671875,
                1
            ],
            "name": "Index_1_R"
        },
        "Index_2_L": {
            "children": [],
            "jointId": "Index_2_L",
            "matrix": [
                0.9977564215660097,
                4.76837158203125e-7,
                -0.06694941222667689,
                0,
                -4.1691759625206437e-7,
                1.0000002384185762,
                9.089708328871571e-7,
                0,
                0.06694939623413851,
                -8.790186779676634e-7,
                0.9977561832207197,
                0,
                9.682083129882812,
                0.00000286102294921875,
                0.000015258789076710855,
                1
            ],
            "name": "Index_2_L"
        },
        "Index_2_R": {
            "children": [],
            "jointId": "Index_2_R",
            "matrix": [
                0.9977564215660097,
                4.470348356766518e-8,
                -0.06694930791854858,
                0,
                -4.4928982756431424e-8,
                0.9999998807907102,
                -1.862645163108745e-9,
                0,
                0.06694930400380222,
                4.866430741018446e-9,
                0.9977563632239098,
                0,
                -9.682128906250014,
                0.000004768371582919428,
                -0.0000152587890625,
                1
            ],
            "name": "Index_2_R"
        },
        "L_shldr_top1_0": {
            "children": [],
            "jointId": "L_shldr_top1_0",
            "matrix": [
                -0.1997943818569184,
                -0.33785587549209595,
                0.9197477102279664,
                0,
                0.9733492961759498,
                -0.1762845524475547,
                0.14668256050781692,
                0,
                0.11257971248795068,
                0.9245418416602937,
                0.36407232514487786,
                0,
                -5.942047119140639,
                -5.212577819824219,
                8.579643249511719,
                1
            ],
            "name": "L_shldr_top1_0"
        },
        "Mid_0_L": {
            "children": [
                "Mid_1_L"
            ],
            "jointId": "Mid_0_L",
            "matrix": [
                0.96808660030365,
                0.19320997595787054,
                0.15961897373199474,
                0,
                -0.1973089148097396,
                0.19488801591555943,
                0.9607742995249025,
                0,
                0.15452343895021747,
                -0.961607499062868,
                0.22679065181236602,
                0,
                33.31317901611329,
                2.5082550048828125,
                5.7677307128906286,
                1
            ],
            "name": "Mid_0_L"
        },
        "Mid_0_R": {
            "children": [
                "Mid_1_R"
            ],
            "jointId": "Mid_0_R",
            "matrix": [
                0.9680867791175843,
                0.19320940971374506,
                0.15961831808090213,
                0,
                -0.19730824928204588,
                0.1948884766711262,
                0.9607745642665976,
                0,
                0.15452295115880177,
                -0.9616073857424094,
                0.2267908202757319,
                0,
                -33.31315612792969,
                -2.5081939697265483,
                -5.767699241638187,
                1
            ],
            "name": "Mid_0_R"
        },
        "Mid_1_L": {
            "children": [
                "Mid_2_L"
            ],
            "jointId": "Mid_1_L",
            "matrix": [
                0.6237380504608154,
                -2.7755575615628914e-17,
                -0.7816331982612613,
                0,
                -3.921393679218177e-7,
                0.9999997615814027,
                -3.1292458589626815e-7,
                0,
                0.7816331769236016,
                5.016922252493172e-7,
                0.6237380334335062,
                0,
                13.376335144042969,
                -5.329070518200751e-15,
                0.00002288818356532829,
                1
            ],
            "name": "Mid_1_L"
        },
        "Mid_1_R": {
            "children": [
                "Mid_2_R"
            ],
            "jointId": "Mid_1_R",
            "matrix": [
                0.6237378716468812,
                5.513429641446077e-7,
                -0.7816334962844851,
                0,
                -5.011308769342637e-7,
                0.9999999403953901,
                3.054738901137055e-7,
                0,
                0.7816334164626796,
                2.0116503690603693e-7,
                0.6237378079497999,
                0,
                -13.376319885253913,
                -0.000010490417478692393,
                0.000007629394517039145,
                1
            ],
            "name": "Mid_1_R"
        },
        "Mid_2_L": {
            "children": [],
            "jointId": "Mid_2_L",
            "matrix": [
                0.94678008556366,
                0.21074804663658145,
                0.24329578876495372,
                0,
                -0.2041164051459358,
                0.9775404232055229,
                -0.05245214984865215,
                0,
                -0.2488856955904724,
                -1.0868144301179328e-8,
                0.9685330915645601,
                0,
                11.927055358886719,
                0.000004768371583807607,
                -0.00000762939453125,
                1
            ],
            "name": "Mid_2_L"
        },
        "Mid_2_R": {
            "children": [],
            "jointId": "Mid_2_R",
            "matrix": [
                0.94678008556366,
                0.21074761450290685,
                0.24329592287540436,
                0,
                -0.20411586855505992,
                0.9775404928841996,
                -0.052452533149993597,
                0,
                -0.2488859475705794,
                4.5521031912312826e-7,
                0.9685331345344896,
                0,
                -11.92706298828125,
                0.000011444091796875,
                -0.000007629394545460855,
                1
            ],
            "name": "Mid_2_R"
        },
        "R_shldr_top2_0": {
            "children": [],
            "jointId": "R_shldr_top2_0",
            "matrix": [
                0.0935581624507903,
                0.4667065739631653,
                -0.8794499635696411,
                0,
                0.995612659584495,
                -0.04515496689698201,
                0.08195300930256039,
                0,
                -0.0014635263206534133,
                -0.8832592074162768,
                -0.46888375749563194,
                0,
                3.2272796630859375,
                4.1337127685546875,
                -7.601753234863281,
                1
            ],
            "name": "R_shldr_top2_0"
        },
        "Ring_0_L": {
            "children": [
                "Ring_1_L"
            ],
            "jointId": "Ring_0_L",
            "matrix": [
                0.8018835783004765,
                0.4733246266841892,
                0.36461836099624645,
                0,
                -0.49973179862531547,
                0.19682851835522427,
                0.8435201591619204,
                0,
                0.3274916159925538,
                -0.8586164665172743,
                0.394368975799198,
                0,
                27.899810791015632,
                4.303390502929702,
                14.028039932250977,
                1
            ],
            "name": "Ring_0_L"
        },
        "Ring_0_R": {
            "children": [
                "Ring_1_R"
            ],
            "jointId": "Ring_0_R",
            "matrix": [
                0.8018834590911864,
                0.47332474589347834,
                0.36461785435676586,
                0,
                -0.4997314513622441,
                0.19682846589749325,
                0.8435204078858458,
                0,
                0.32749206738754627,
                -0.8586164851843218,
                0.3943689430728592,
                0,
                -27.89980697631836,
                -4.303314208984375,
                -14.02801418304443,
                1
            ],
            "name": "Ring_0_R"
        },
        "Ring_1_L": {
            "children": [
                "Ring_2_L"
            ],
            "jointId": "Ring_1_L",
            "matrix": [
                0.6517956256866457,
                -2.9802322387695312e-8,
                -0.7583946585655209,
                0,
                -3.183787734006849e-7,
                0.9999998211860905,
                -3.129244203342596e-7,
                0,
                0.7583945358921973,
                4.454195371150771e-7,
                0.6517955202561178,
                0,
                14.027488708496094,
                -0.000009536743156957073,
                0.000038146972642039145,
                1
            ],
            "name": "Ring_1_L"
        },
        "Ring_1_R": {
            "children": [
                "Ring_2_R"
            ],
            "jointId": "Ring_1_R",
            "matrix": [
                0.6517958641052248,
                2.086162567138672e-7,
                -0.7583945989608765,
                0,
                7.871456925157005e-8,
                1.000000357627866,
                3.4272681054270393e-7,
                0,
                0.7583945496709222,
                -2.83084502228359e-7,
                0.6517958217433101,
                0,
                -14.027488708496094,
                -0.000007629394527697286,
                0.00000762939453125,
                1
            ],
            "name": "Ring_1_R"
        },
        "Ring_2_L": {
            "children": [],
            "jointId": "Ring_2_L",
            "matrix": [
                0.9855531454086304,
                0.034333229064941406,
                -0.16585049033164978,
                0,
                -0.033857057236109656,
                0.9994106269264452,
                0.005698293257889286,
                0,
                0.1659483475287985,
                -7.612998136619087e-7,
                0.9861344963010945,
                0,
                10.926971435546875,
                0.0000057220458984375,
                0.0000038146972514141453,
                1
            ],
            "name": "Ring_2_L"
        },
        "Ring_2_R": {
            "children": [],
            "jointId": "Ring_2_R",
            "matrix": [
                0.9855528473854065,
                0.03433367609977728,
                -0.1658505499362946,
                0,
                -0.03385764544044029,
                0.999410327150391,
                0.005697488455272182,
                0,
                0.1659484020539187,
                1.3314583358070564e-7,
                0.9861343528707363,
                0,
                -10.926925659179688,
                0.000003814697265625,
                0,
                1
            ],
            "name": "Ring_2_R"
        },
        "Thumb_0_L": {
            "children": [
                "Thumb_1_L"
            ],
            "jointId": "Thumb_0_L",
            "matrix": [
                0.10899868607521052,
                0.600328922271729,
                -0.7922908067703249,
                0,
                0.33230310752452563,
                -0.7731902263339856,
                -0.5401398697679066,
                0,
                -0.9368532195634791,
                -0.20440618842483266,
                -0.28376792316571225,
                0,
                10.741062164306648,
                7.749069213867202,
                -7.220513343811035,
                1
            ],
            "name": "Thumb_0_L"
        },
        "Thumb_0_R": {
            "children": [
                "Thumb_1_R"
            ],
            "jointId": "Thumb_0_R",
            "matrix": [
                0.10899931192398071,
                0.600328266620636,
                -0.7922908067703247,
                0,
                0.3323023797197622,
                -0.7731908304815213,
                -0.5401395253268956,
                0,
                -0.9368531818606383,
                -0.2044053210113581,
                -0.28376783161710856,
                0,
                -10.741085052490241,
                -7.749038696289034,
                7.2205047607421875,
                1
            ],
            "name": "Thumb_0_R"
        },
        "Thumb_1_L": {
            "children": [
                "Thumb_2_L"
            ],
            "jointId": "Thumb_1_L",
            "matrix": [
                0.9329699277877805,
                -3.3527612697259457e-7,
                -0.3599544167518616,
                0,
                5.030917904561005e-7,
                0.9999998211861791,
                3.725289598466297e-7,
                0,
                0.3599543950029363,
                -5.286484913505363e-7,
                0.9329698714169876,
                0,
                13.024063110351577,
                0.000007629394517039145,
                -0.000022888183600855427,
                1
            ],
            "name": "Thumb_1_L"
        },
        "Thumb_1_R": {
            "children": [
                "Thumb_2_R"
            ],
            "jointId": "Thumb_1_R",
            "matrix": [
                0.932969927787781,
                -5.960464476151284e-8,
                -0.35995447635650635,
                0,
                2.3348551020374586e-7,
                1.0000001192092625,
                4.3958421994116925e-7,
                0,
                0.3599544015702091,
                -4.941628510557461e-7,
                0.932969733948444,
                0,
                -13.02407836914064,
                0.00002288818359375,
                -0.000007629394524144573,
                1
            ],
            "name": "Thumb_1_R"
        },
        "Thumb_2_L": {
            "children": [],
            "jointId": "Thumb_2_L",
            "matrix": [
                0.9544537067413326,
                -0.17811706662178034,
                -0.23935592174530018,
                0,
                0.17276729914365493,
                0.9840091173162828,
                -0.0433263917537358,
                0,
                0.24324574722843856,
                1.5907521473679243e-7,
                0.9699646244987737,
                0,
                12.474960327148438,
                0.00000762939453125,
                0.0000019073486328125,
                1
            ],
            "name": "Thumb_2_L"
        },
        "Thumb_2_R": {
            "children": [],
            "jointId": "Thumb_2_R",
            "matrix": [
                0.9544544219970703,
                -0.17811766266822807,
                -0.2393563985824585,
                0,
                0.17276783957323955,
                0.9840094515461999,
                -0.04332633326166424,
                0,
                0.2432461342198376,
                -7.750060521810598e-8,
                0.9699651382583019,
                0,
                -12.474990844726562,
                -1.4210854715202004e-14,
                0.0000095367431640625,
                1
            ],
            "name": "Thumb_2_R"
        },
        "ancient_apparition_model_LOD0_0": {
            "children": [],
            "instanceSkin": {
                "skeletons": [
                    "root"
                ],
                "skin": "skin_0",
                "sources": [
                    "ancient_apparition_model_LOD0_0-mesh"
                ]
            },
            "matrix": [
                1,
                0,
                0,
                0,
                0,
                1,
                0,
                0,
                0,
                0,
                1,
                0,
                0,
                0,
                0,
                1
            ],
            "name": "ancient_apparition_model_LOD0_0"
        },
        "ancient_apparition_model_LOD0_1": {
            "children": [],
            "instanceSkin": {
                "skeletons": [
                    "root"
                ],
                "skin": "skin_1",
                "sources": [
                    "ancient_apparition_model_LOD0_1-mesh"
                ]
            },
            "matrix": [
                1,
                0,
                0,
                0,
                0,
                1,
                0,
                0,
                0,
                0,
                1,
                0,
                0,
                0,
                0,
                1
            ],
            "name": "ancient_apparition_model_LOD0_1"
        },
        "bicep_L": {
            "children": [
                "L_shldr_top1_0",
                "elbow_L"
            ],
            "jointId": "bicep_L",
            "matrix": [
                0.810798406600952,
                -0.39383527636528015,
                -0.4330114126205443,
                0,
                -0.16005745155938444,
                0.5624039764028363,
                -0.8112230807928485,
                0,
                0.563015739428804,
                0.7270452561567503,
                0.39296007004019196,
                0,
                24.61323738098145,
                0.00006103515625,
                -0.000030517578125,
                1
            ],
            "name": "bicep_L"
        },
        "bicep_R": {
            "children": [
                "R_shldr_top2_0",
                "elbow_R"
            ],
            "jointId": "bicep_R",
            "matrix": [
                0.8107992410659789,
                -0.39383536577224726,
                -0.43301135301589966,
                0,
                -0.16005702091362511,
                0.5624043321624739,
                -0.8112231342355936,
                0,
                0.5630157912996172,
                0.7270455709140069,
                0.39296086985883927,
                0,
                -24.613224029541023,
                -0.00003814697265625,
                -0.0000152587890625,
                1
            ],
            "name": "bicep_R"
        },
        "clavicle_L": {
            "children": [
                "bicep_L"
            ],
            "jointId": "clavicle_L",
            "matrix": [
                -0.20580105483531955,
                0.9784940481185911,
                0.013988040387630449,
                0,
                0.0028791807576108996,
                -0.013688521788133403,
                0.9999024271174136,
                0,
                0.978589826457733,
                0.20582120147560223,
                -1.4901161193847656e-7,
                0,
                15.674118041992188,
                6.875447750091552,
                -2.5765457153320312,
                1
            ],
            "name": "clavicle_L"
        },
        "clavicle_R": {
            "children": [
                "bicep_R"
            ],
            "jointId": "clavicle_R",
            "matrix": [
                0.2058011442422868,
                0.9784936308860779,
                -0.013989001512527466,
                0,
                -0.002879060205772943,
                -0.013689529757148839,
                -0.9999020694479064,
                0,
                -0.9785896414855757,
                0.20582133506334477,
                -1.7881393421514957e-7,
                0,
                15.674118041992188,
                -6.875453948974608,
                -2.576507568359375,
                1
            ],
            "name": "clavicle_R"
        },
        "elbow_L": {
            "children": [
                "wrist_L"
            ],
            "jointId": "elbow_L",
            "matrix": [
                0.9866137504577639,
                -5.960464477539063e-8,
                -0.1630743592977524,
                0,
                7.026521497977001e-8,
                0.9999998807907082,
                5.960464710685898e-8,
                0,
                0.16307438521409912,
                -7.026523857200928e-8,
                0.9866139072538923,
                0,
                37.25806427001952,
                -0.00002288818359375,
                1.4210854715202004e-14,
                1
            ],
            "name": "elbow_L"
        },
        "elbow_R": {
            "children": [
                "wrist_R"
            ],
            "jointId": "elbow_R",
            "matrix": [
                0.986613929271698,
                -6.556510926958303e-7,
                -0.1630742400884626,
                0,
                5.85732197799782e-7,
                1.0000004768370734,
                -4.768371755226042e-7,
                0,
                0.16307424603275905,
                3.749362012805957e-7,
                0.9866139652337205,
                0,
                -37.25807189941406,
                -0.00000762939453125,
                0.0000152587890625,
                1
            ],
            "name": "elbow_R"
        },
        "head": {
            "children": [],
            "jointId": "head",
            "matrix": [
                0.28254380822181696,
                -6.736369755344638e-7,
                -0.9592543244361879,
                0,
                0.00000101196138249283,
                0.9999999999999999,
                -4.041822307962051e-7,
                0,
                0.9592543244360249,
                -8.565291456135323e-7,
                0.28254380822237046,
                0,
                27.535812377929688,
                -0.000001788146619219333,
                0,
                1
            ],
            "name": "head"
        },
        "leg0_0": {
            "children": [
                "leg0_1"
            ],
            "jointId": "leg0_0",
            "matrix": [
                -0.2752882242202764,
                1.3126771140513066e-7,
                -0.9613618254661561,
                0,
                1.8424522390636555e-8,
                1.0000000000000004,
                1.3126759770486482e-7,
                0,
                0.9613618254661569,
                1.8423791391029018e-8,
                -0.27528822422027405,
                0,
                4.738651275634766,
                0.0000019073486328125136,
                -20.03035736083983,
                1
            ],
            "name": "leg0_0"
        },
        "leg0_1": {
            "children": [],
            "jointId": "leg0_1",
            "matrix": [
                0.9680358171463014,
                1.2945369576300457e-7,
                -0.2508127689361572,
                0,
                -1.4131368061218215e-8,
                1,
                4.615954196651659e-7,
                0,
                0.25081276893621285,
                -4.4329657171426086e-7,
                0.9680358171462871,
                0,
                36.45135879516601,
                0,
                0.00000762939453125,
                1
            ],
            "name": "leg0_1"
        },
        "neck1": {
            "children": [
                "head"
            ],
            "jointId": "neck1",
            "matrix": [
                0.9949006438255308,
                -5.684341928432449e-14,
                0.10086190700531014,
                0,
                4.416864537232012e-14,
                0.9999999999999998,
                1.2789769246328781e-13,
                0,
                -0.10086190700531011,
                -1.2279056278847605e-13,
                0.994900643825531,
                0,
                29.723953247070312,
                -0.000006675723852822571,
                0,
                1
            ],
            "name": "neck1"
        },
        "root": {
            "children": [
                "spine1",
                "leg0_0"
            ],
            "jointId": "root",
            "matrix": [
                -1.5757592568215944e-7,
                -0.9671941399574281,
                -0.25403848290443426,
                0,
                1.0000000000000002,
                7.934929786029125e-8,
                -9.223882102559963e-7,
                0,
                9.122862469733571e-7,
                -0.2540384829045732,
                0.9671941399573913,
                0,
                0,
                27.44178009033203,
                115.38099670410156,
                1
            ],
            "name": "root"
        },
        "spine1": {
            "children": [
                "clavicle_L",
                "clavicle_R",
                "neck1"
            ],
            "jointId": "spine1",
            "matrix": [
                0.09536850452423035,
                -1.364257968816665e-7,
                0.9954421520233151,
                0,
                -4.6814256373209517e-7,
                0.9999999999999999,
                1.8190092987411957e-7,
                0,
                -0.9954421520233214,
                -4.833564607488413e-7,
                0.09536850452416473,
                0,
                0.8968353271484375,
                -0.000005722038622479845,
                41.277343749999986,
                1
            ],
            "name": "spine1"
        },
        "wrist_L": {
            "children": [
                "Mid_0_L",
                "Index_0_L",
                "Thumb_0_L",
                "Ring_0_L"
            ],
            "jointId": "wrist_L",
            "matrix": [
                0.9320864081382749,
                0.32131755352020264,
                0.16724380850791926,
                0,
                -0.07825408944878437,
                0.6294082116340652,
                -0.773124785454838,
                0,
                -0.35368316940806566,
                0.7075315490765244,
                0.6118072143762019,
                0,
                37.26626205444334,
                -0.000007629394517039145,
                0.000030517578125,
                1
            ],
            "name": "wrist_L"
        },
        "wrist_R": {
            "children": [
                "Thumb_0_R",
                "Ring_0_R",
                "Index_0_R",
                "Mid_0_R"
            ],
            "jointId": "wrist_R",
            "matrix": [
                0.9320857524871828,
                0.3213178813457492,
                0.16724345088005066,
                0,
                -0.07825478856704937,
                0.6294083457233955,
                -0.7731243404841385,
                0,
                -0.3536832254621591,
                0.7075308350562814,
                0.6118074334241254,
                0,
                -37.26625061035157,
                -0.00000762939453125,
                0.00000762939453125,
                1
            ],
            "name": "wrist_R"
        }
    },
    "samplers": {
        "sampler_0": {
            "magFilter": 9729,
            "minFilter": 9987,
            "wrapS": 10497,
            "wrapT": 10497
        }
    },
    "scene": "scene_0",
    "scenes": {
        "scene_0": {
            "nodes": [
                "root",
                "ancient_apparition_model_LOD0_0",
                "ancient_apparition_model_LOD0_1"
            ]
        }
    },
    "shaders": {},
    "skins": {
        "skin_0": {
            "bindShapeMatrix": [
                1,
                0,
                0,
                0,
                0,
                1,
                0,
                0,
