{
    "accessors": [
        {
            "bufferView": 0,
            "byteOffset": 0,
            "componentType": 5126,
            "count": 1520,
            "max": [
                107.22224426269531,
                23.896638870239258,
                167.47154235839844
            ],
            "min": [
                -107.2221450805664,
                -29.766056060791016,
                57.851646423339844
            ],
            "type": "VEC3"
        },
        {
            "bufferView": 0,
            "byteOffset": 18240,
            "componentType": 5126,
            "count": 1520,
            "max": [
                0.9992101788520813,
                0.9992583394050598,
                0.8761394619941711
            ],
            "min": [
                -0.9992102384567261,
                -0.9965885877609253,
                -0.9728824496269226
            ],
            "type": "VEC3"
        },
        {
            "bufferView": 0,
            "byteOffset": 36480,
            "componentType": 5126,
            "count": 1520,
            "max": [
                1.0210200548171997,
                0.9918940663337708
            ],
            "min": [
                -0.013713099993765354,
                0.0008130073547363281
            ],
            "type": "VEC2"
        },
        {
            "bufferView": 0,
            "byteOffset": 48640,
            "componentType": 5123,
            "count": 1520,
            "max": [
                27,
                29,
                31,
                0
            ],
            "min": [
                0,
                1,
                0,
                0
            ],
            "type": "VEC4"
        },
        {
            "bufferView": 0,
            "byteOffset": 60800,
            "componentType": 5126,
            "count": 1520,
            "max": [
                0.9990274906158447,
                0.9946560859680176,
                0.9735336899757385,
                0
            ],
            "min": [
                0.000648918270599097,
                0.00021508528152480721,
                0,
                0
            ],
            "type": "VEC4"
        },
        {
            "bufferView": 2,
            "byteOffset": 0,
            "componentType": 5123,
            "count": 2268,
            "max": [
                1519
            ],
            "min": [
                0
            ],
            "type": "SCALAR"
        },
        {
            "bufferView": 1,
            "byteOffset": 0,
            "componentType": 5126,
            "count": 32,
            "max": [
                0.7096306215908652,
                0.8403289961063404,
                0.9777181072038176,
                0,
                0.7239992375754469,
                0.9954599982761623,
                0.9902076778033005,
                0,
                0.9746106866659263,
                0.6192946359505814,
                0.8363906697383932,
                0,
                115.88486701642954,
                128.31802810365295,
                123.0185710753022,
                1
            ],
            "min": [
                -0.7405078452639298,
                -0.8191520531915595,
                -0.5496469488760285,
                0,
                -0.7239990472004668,
                -0.9954600392892965,
                -0.9902076962981547,
                0,
                -0.9746100855863183,
                -0.5679597642039809,
                -0.8363901088682839,
                0,
                -158.94837162680707,
                -128.31820293824433,
                -123.01835433520566,
                1
            ],
            "type": "MAT4"
        },
        {
            "bufferView": 0,
            "byteOffset": 85120,
            "componentType": 5126,
            "count": 3497,
            "max": [
                103.88423919677734,
                74.06877136230469,
                228.08999633789062
            ],
            "min": [
                -103.88412475585938,
                -32.54325866699219,
                27.338043212890625
            ],
            "type": "VEC3"
        },
        {
            "bufferView": 0,
            "byteOffset": 127084,
            "componentType": 5126,
            "count": 3497,
            "max": [
                0.9997859597206116,
                0.9999972581863403,
                0.9986960887908936
            ],
            "min": [
                -0.9995439052581787,
                -0.9998065829277039,
                -0.9993025660514832
            ],
            "type": "VEC3"
        },
        {
            "bufferView": 0,
            "byteOffset": 169048,
            "componentType": 5126,
            "count": 3497,
            "max": [
                0.9894160032272339,
                0.9880920052528381
            ],
            "min": [
                0.00939400028437376,
                0.01193302869796753
            ],
            "type": "VEC2"
        },
        {
            "bufferView": 0,
            "byteOffset": 197024,
            "componentType": 5123,
            "count": 3497,
            "max": [
                35,
                35,
                35,
                0
            ],
            "min": [
                0,
                0,
                0,
                0
            ],
            "type": "VEC4"
        },
        {
            "bufferView": 0,
            "byteOffset": 225000,
            "componentType": 5126,
            "count": 3497,
            "max": [
                1,
                0.9998860955238342,
                0.9953418374061584,
                0
            ],
            "min": [
                0.00011392408487154171,
                0,
                0,
                0
            ],
            "type": "VEC4"
        },
        {
            "bufferView": 2,
            "byteOffset": 4536,
            "componentType": 5123,
            "count": 13353,
            "max": [
                3496
            ],
            "min": [
                0
            ],
            "type": "SCALAR"
        },
        {
            "bufferView": 1,
            "byteOffset": 2048,
            "componentType": 5126,
            "count": 36,
            "max": [
                0.9784941805269698,
                0.9999999999999122,
                0.9777181072038176,
                0,
                0.7239992375754469,
                0.9954599982761623,
                0.9751278698075211,
                0,
                0.9746106866659263,
                0.6192946359505814,
                0.9993835566516901,
                0,
                115.88486701642954,
                87.42508919018616,
                153.75210911856686,
                1
            ],
            "min": [
                -0.7405078452639298,
                -0.44786797112498894,
                -0.5496469488760285,
                0,
                -0.9993835566517247,
                -0.9954600392892965,
                -0.8598895571960694,
                0,
                -0.9746100855863183,
                -0.5193375081596262,
                -0.9184636585840963,
                0,
                -175.7753645211009,
                -87.42515007856206,
                -209.47974247253597,
                1
            ],
            "type": "MAT4"
        }
    ],
    "asset": {
        "generator": "ClayGL - fbx2gltf",
        "version": "2.0"
    },
    "bufferViews": [
        {
            "buffer": 0,
            "byteLength": 280952,
            "byteOffset": 0,
            "target": 34962
        },
        {
            "buffer": 0,
            "byteLength": 4352,
            "byteOffset": 280952,
            "target": 34962
        },
        {
            "buffer": 0,
            "byteLength": 31242,
            "byteOffset": 285304,
            "target": 34963
        }
    ],
    "buffers": [
        {
            "byteLength": 316546,
            "uri": "ancient_apparition.bin"
        }
    ],
    "images": [
        {
            "uri": "textures/ancientapparition_ghost.png"
        },
        {
            "uri": "textures/ancientapparition_colors.png"
        },
        {
            "uri": "textures/ancientapparition_normals.png"
        }
    ],
    "materials": [
        {
            "emissiveFactor": [
                0,
                0,
                0
            ],
            "name": "Material #35",
            "pbrMetallicRoughness": {
                "baseColorFactor": [
                    1,
                    1,
                    1,
                    1
                ],
                "baseColorTexture": {
                    "index": 0,
                    "texCoord": 0
                },
                "metallicFactor": 0,
                "roughnessFactor": 0.9230769230769231
            }
        },
        {
            "emissiveFactor": [
                0,
                0,
                0
            ],
            "name": "Material #36",
            "normalTexture": {
                "index": 2,
                "texCoord": 0
            },
            "pbrMetallicRoughness": {
                "baseColorFactor": [
                    1,
                    1,
                    1,
                    1
                ],
                "baseColorTexture": {
                    "index": 1,
                    "texCoord": 0
                },
                "metallicFactor": 0,
                "roughnessFactor": 0.9230769230769231
            }
        }
    ],
    "meshes": [
        {
            "name": "ancient_apparition_model_LOD0_0",
            "primitives": [
                {
                    "attributes": {
                        "JOINTS_0": 3,
                        "NORMAL": 1,
                        "POSITION": 0,
                        "TEXCOORD_0": 2,
                        "WEIGHTS_0": 4
                    },
                    "indices": 5,
                    "material": 0
                }
            ]
        },
        {
            "name": "ancient_apparition_model_LOD0_1",
            "primitives": [
                {
                    "attributes": {
                        "JOINTS_0": 10,
                        "NORMAL": 8,
                        "POSITION": 7,
                        "TEXCOORD_0": 9,
                        "WEIGHTS_0": 11
                    },
                    "indices": 12,
                    "material": 1
                }
            ]
        }
    ],
    "nodes": [
        {
            "children": [
                1,
                38
            ],
            "matrix": [
                -1.575759256926212e-7,
                -0.2540384829044343,
                0.9671941399574281,
                0,
                1,
                -9.22388210297178e-7,
                -7.934929786029123e-8,
                0,
                9.122862470131881e-7,
                0.9671941399573913,
                0.25403848290457326,
                0,
                0,
                115.38099670410156,
                -27.44178009033203,
                1
            ],
            "name": "root"
        },
        {
            "children": [
                2,
                19,
                36
            ],
            "matrix": [
                0.09536850452423035,
                -1.364257968816666e-7,
                0.9954421520233152,
                0,
                -4.6814256373209517e-7,
                0.9999999999999997,
                1.819009298741194e-7,
                0,
                -0.9954421520233214,
                -4.833564607488413e-7,
                0.09536850452416473,
                0,
                0.8968353271484446,
                -0.000005722038622479899,
                41.277343750000014,
                1
            ],
            "name": "spine1"
        },
        {
            "children": [
                3
            ],
            "matrix": [
                -0.2058010548353195,
                0.9784940481185913,
                0.013988040387630463,
                0,
                0.0028791807576111217,
                -0.013688521788133403,
                0.9999024271174135,
                0,
                0.9785898264577326,
                0.20582120147560223,
                -1.4901161204949886e-7,
                0,
                15.674118041992188,
                6.875447750091552,
                -2.5765457153320312,
                1
            ],
            "name": "clavicle_L"
        },
        {
            "children": [
                4,
                5
            ],
            "matrix": [
                0.810798406600952,
                -0.39383527636528004,
                -0.4330114126205442,
                0,
                -0.1600574515593844,
                0.5624039764028361,
                -0.8112230807928487,
                0,
                0.563015739428804,
                0.72704525615675,
                0.39296007004019207,
                0,
                24.613237380981445,
                0.00006103515625,
                -0.00003051757815342171,
                1
            ],
            "name": "bicep_L"
        },
        {
            "matrix": [
                -0.1997943818569185,
                -0.337855875492096,
                0.9197477102279663,
                0,
                0.9733492961759497,
                -0.1762845524475546,
                0.14668256050781686,
                0,
                0.11257971248795082,
                0.924541841660294,
                0.36407232514487775,
                0,
                -5.942047119140639,
                -5.2125778198242045,
                8.579643249511705,
                1
            ],
            "name": "L_shldr_top1_0"
        },
        {
            "children": [
                6
            ],
            "matrix": [
                0.986613750457764,
                -5.96046448031462e-8,
                -0.16307435929775235,
                0,
                7.026521514630346e-8,
                0.9999998807907082,
                5.960464699583667e-8,
                0,
                0.16307438521409903,
                -7.026523879405389e-8,
                0.9866139072538923,
                0,
                37.25806427001952,
                -0.000022888183579539145,
                0,
                1
            ],
            "name": "elbow_L"
        },
        {
            "children": [
                7,
                10,
                13,
                16
            ],
            "matrix": [
                0.9320864081382754,
                0.3213175535202025,
                0.16724380850791926,
                0,
                -0.07825408944878405,
                0.6294082116340652,
                -0.773124785454838,
                0,
                -0.35368316940806593,
                0.7075315490765246,
                0.6118072143762022,
                0,
                37.266262054443374,
                -0.00000762939453125,
                0.000030517578110789145,
                1
            ],
            "name": "wrist_L"
        },
        {
            "children": [
                8
            ],
            "matrix": [
                0.9680866003036501,
                0.19320997595787054,
                0.15961897373199463,
                0,
                -0.19730891480973967,
                0.19488801591555946,
                0.9607742995249021,
                0,
                0.15452343895021758,
                -0.9616074990628674,
                0.2267906518123659,
                0,
                33.31317901611328,
                2.5082550048828125,
                5.767730712890623,
                1
            ],
            "name": "Mid_0_L"
        },
        {
            "children": [
                9
            ],
            "matrix": [
                0.6237380504608153,
                8.326672684688674e-17,
                -0.7816331982612611,
                0,
                -3.921393679218177e-7,
                0.9999997615814028,
                -3.1292458579912363e-7,
                0,
                0.7816331769236012,
                5.016922253742173e-7,
                0.623738033433506,
                0,
                13.376335144042976,
                1.7763568394002505e-15,
                0.000022888183579539145,
                1
            ],
            "name": "Mid_1_L"
        },
        {
            "matrix": [
                0.9467800855636599,
                0.21074804663658134,
                0.24329578876495372,
                0,
                -0.20411640514593576,
                0.9775404232055226,
                -0.052452149848652097,
                0,
                -0.24888569559047244,
                -1.0868144384446055e-8,
                0.9685330915645601,
                0,
                11.927055358886705,
                0.00000476837158203125,
                -0.000007629394538355427,
                1
            ],
            "name": "Mid_2_L"
        },
        {
            "children": [
                11
            ],
            "matrix": [
                0.976287186145783,
                0.21374255418777482,
                -0.034316018223762526,
                0,
                0.02381862291211885,
                0.05149618094330133,
                0.9983891884855328,
                0,
                0.21516536679949347,
                -0.9755317853381177,
                0.045184001508067534,
                0,
                33.230365753173835,
                3.0968017578125,
                -4.652801990509033,
                1
            ],
            "name": "Index_0_L"
        },
        {
            "children": [
                12
            ],
            "matrix": [
                0.8225873112678527,
                -4.470348355378739e-8,
                -0.5686385631561278,
                0,
                -4.658495669773721e-7,
                0.9999997019768448,
                -7.525086069062881e-7,
                0,
                0.5686384967295066,
                8.839042202404834e-7,
                0.8225872151756443,
                0,
                13.571308135986314,
                0.000021457672119584714,
                0.00000762939453125,
                1
            ],
            "name": "Index_1_L"
        },
        {
            "matrix": [
                0.9977564215660094,
                4.76837158203125e-7,
                -0.06694941222667693,
                0,
                -4.169175961965532e-7,
                1.0000002384185758,
                9.089708328871571e-7,
                0,
                0.06694939623413856,
                -8.79018677964194e-7,
                0.9977561832207195,
                0,
                9.682083129882827,
                0.00000286102294921875,
                0.000015258789076710855,
                1
            ],
            "name": "Index_2_L"
        },
        {
            "children": [
                14
            ],
            "matrix": [
                0.10899868607521064,
                0.600328922271729,
                -0.7922908067703247,
                0,
                0.3323031075245257,
                -0.7731902263339852,
                -0.5401398697679064,
                0,
                -0.9368532195634794,
                -0.20440618842483263,
                -0.2837679231657121,
                0,
                10.741062164306634,
                7.749069213867173,
                -7.220513343811033,
                1
            ],
            "name": "Thumb_0_L"
        },
        {
            "children": [
                15
            ],
            "matrix": [
                0.9329699277877808,
                -3.3527612697259457e-7,
                -0.35995441675186174,
                0,
                5.030917902826282e-7,
                0.9999998211861791,
                3.725289597078518e-7,
                0,
                0.35995439500293647,
                -5.286484913158418e-7,
                0.9329698714169875,
                0,
                13.024063110351562,
                0.000007629394517039145,
                -0.000022888183607960855,
                1
            ],
            "name": "Thumb_1_L"
        },
        {
            "matrix": [
                0.9544537067413329,
                -0.1781170666217802,
                -0.23935592174530027,
                0,
                0.1727672991436549,
                0.984009117316283,
                -0.04332639175373593,
                0,
                0.2432457472284387,
                1.5907521483393694e-7,
                0.9699646244987742,
                0,
                12.474960327148452,
                0.00000762939453125,
                0.000001907348643470641,
                1
            ],
            "name": "Thumb_2_L"
        },
        {
            "children": [
                17
            ],
            "matrix": [
                0.8018835783004765,
                0.47332462668418906,
                0.36461836099624634,
                0,
                -0.4997317986253156,
                0.19682851835522425,
                0.8435201591619201,
                0,
                0.3274916159925536,
                -0.8586164665172736,
                0.39436897579919783,
                0,
                27.899810791015632,
                4.303390502929673,
                14.028039932250975,
                1
            ],
            "name": "Ring_0_L"
        },
        {
            "children": [
                18
            ],
            "matrix": [
                0.6517956256866458,
                -2.980232243626757e-8,
                -0.758394658565521,
                0,
                -3.1837877334517373e-7,
                0.9999998211860905,
                -3.1292442026487066e-7,
                0,
                0.7583945358921973,
                4.4541953725385497e-7,
                0.6517955202561178,
                0,
                14.027488708496087,
                -0.000009536743167615214,
                0.00003814697265625,
                1
            ],
            "name": "Ring_1_L"
        },
        {
            "matrix": [
                0.9855531454086305,
                0.03433322906494132,
                -0.16585049033164959,
                0,
                -0.03385705723610972,
                0.9994106269264451,
                0.005698293257889342,
                0,
                0.1659483475287985,
                -7.612998138561977e-7,
                0.9861344963010944,
                0,
                10.926971435546875,
                0.000005722045894884786,
                0.000003814697265625,
                1
            ],
            "name": "Ring_2_L"
        },
        {
            "children": [
                20
            ],
            "matrix": [
                0.2058011442422868,
                0.9784936308860781,
                -0.013989001512527494,
                0,
                -0.0028790602057729986,
                -0.013689529757148843,
                -0.9999020694479064,
                0,
                -0.9785896414855753,
                0.20582133506334477,
                -1.7881393421514957e-7,
                0,
                15.674118041992244,
                -6.875453948974609,
                -2.576507568359375,
                1
            ],
            "name": "clavicle_R"
        },
        {
            "children": [
                21,
                22
            ],
            "matrix": [
                0.810799241065979,
                -0.3938353657722473,
                -0.4330113530158998,
                0,
                -0.16005702091362517,
                0.5624043321624741,
                -0.8112231342355936,
                0,
                0.563015791299617,
                0.7270455709140071,
                0.3929608698588392,
                0,
                -24.613224029541016,
                -0.00003814697265625,
                -0.0000152587890625,
                1
            ],
            "name": "bicep_R"
        },
        {
            "matrix": [
                0.09355816245079027,
                0.4667065739631653,
                -0.8794499635696414,
                0,
                0.9956126595844953,
                -0.045154966896981966,
                0.08195300930256033,
                0,
                -0.0014635263206532467,
                -0.8832592074162773,
                -0.4688837574956319,
                0,
                3.2272796630859233,
                4.1337127685546875,
                -7.60175323486331,
                1
            ],
            "name": "R_shldr_top2_0"
        },
        {
            "children": [
                23
            ],
            "matrix": [
                0.9866139292716982,
                -6.55651092390519e-7,
                -0.1630742400884629,
                0,
                5.857321977442709e-7,
                1.0000004768370738,
                -4.768371755226042e-7,
                0,
                0.163074246032759,
                3.7493620130835126e-7,
                0.9866139652337207,
                0,
                -37.25807189941407,
                -0.000007629394517039145,
                0.000015258789048289145,
                1
            ],
            "name": "elbow_R"
        },
        {
            "children": [
                24,
                27,
                30,
                33
            ],
            "matrix": [
                0.9320857524871831,
                0.3213178813457489,
                0.16724345088005083,
                0,
                -0.07825478856704932,
                0.6294083457233957,
                -0.7731243404841383,
                0,
                -0.35368322546215897,
                0.7075308350562811,
                0.6118074334241252,
                0,
                -37.266250610351555,
                -0.000007629394517039145,
                0.000007629394517039145,
                1
            ],
            "name": "wrist_R"
        },
        {
            "children": [
                25
            ],
            "matrix": [
                0.10899931192398071,
                0.6003282666206363,
                -0.7922908067703247,
                0,
                0.332302379719762,
                -0.7731908304815213,
                -0.5401395253268955,
                0,
                -0.936853181860638,
                -0.2044053210113579,
                -0.2837678316171085,
                0,
                -10.741085052490227,
                -7.7490386962890625,
                7.220504760742186,
                1
            ],
            "name": "Thumb_0_R"
        },
        {
            "children": [
                26
            ],
            "matrix": [
                0.9329699277877808,
                -5.960464477539063e-8,
                -0.35995447635650624,
                0,
                2.3348551031476816e-7,
                1.0000001192092616,
                4.395842201077027e-7,
                0,
                0.3599544015702089,
                -4.941628510835017e-7,
                0.9329697339484435,
                0,
                -13.02407836914064,
                0.00002288818359375,
                -0.000007629394524144573,
                1
            ],
            "name": "Thumb_1_R"
        },
        {
            "matrix": [
                0.9544544219970704,
                -0.1781176626682282,
                -0.23935639858245855,
                0,
                0.17276783957323952,
                0.9840094515462003,
                -0.04332633326166435,
                0,
                0.24324613421983735,
                -7.750060532218939e-8,
                0.9699651382583018,
                0,
                -12.474990844726548,
                0,
                0.000009536743171167927,
                1
            ],
            "name": "Thumb_2_R"
        },
        {
            "children": [
                28
            ],
            "matrix": [
                0.8018834590911864,
                0.47332474589347834,
                0.36461785435676564,
                0,
                -0.4997314513622439,
                0.1968284658974935,
                0.8435204078858456,
                0,
                0.32749206738754594,
                -0.8586164851843222,
                0.394368943072859,
                0,
                -27.89980697631836,
                -4.303314208984389,
                -14.028014183044434,
                1
            ],
            "name": "Ring_0_R"
        },
        {
            "children": [
                29
            ],
            "matrix": [
                0.6517958641052247,
                2.0861625665835604e-7,
                -0.7583945989608764,
                0,
                7.87145693070812e-8,
                1.000000357627866,
                3.4272681065372623e-7,
                0,
                0.7583945496709225,
                -2.83084502228359e-7,
                0.6517958217433102,
                0,
                -14.02748870849608,
                -0.000007629394545460855,
                0.000007629394545460855,
                1
            ],
            "name": "Ring_1_R"
        },
        {
            "matrix": [
                0.9855528473854063,
                0.03433367609977726,
                -0.1658505499362945,
                0,
                -0.033857645440440155,
                0.9994103271503911,
                0.005697488455272015,
                0,
                0.16594840205391853,
                1.3314583346968334e-7,
                0.9861343528707363,
                0,
                -10.926925659179688,
                0.000003814697265625,
                -7.105427357601002e-15,
                1
            ],
            "name": "Ring_2_R"
        },
        {
            "children": [
                31
            ],
            "matrix": [
                0.9762872457504274,
                0.2137418389320373,
                -0.03431653231382373,
                0,
                0.023819071828176247,
                0.05149663196555046,
                0.9983887804649612,
                0,
                0.21516468322519497,
                -0.9755318177705005,
                0.04518438190458752,
                0,
                -33.230361938476555,
                -3.096740722656236,
                4.652801036834714,
                1
            ],
            "name": "Index_0_R"
        },
        {
            "children": [
                32
            ],
            "matrix": [
                0.8225872516632081,
                3.0547380447387695e-7,
                -0.5686389207839966,
                0,
                -4.9454604217347153e-8,
                1.0000001192093098,
                4.6566125573230255e-7,
                0,
                0.568638882237712,
                -3.5492513342227916e-7,
                0.8225871959023558,
                0,
                -13.571285247802724,
                0.000006675720213511482,
                0.000045776367201710855,
                1
            ],
            "name": "Index_1_R"
        },
        {
            "matrix": [
                0.9977564215660094,
                4.470348356766518e-8,
                -0.06694930791854857,
                0,
                -4.492898272867585e-8,
                0.9999998807907107,
                -1.862645156169851e-9,
                0,
                0.06694930400380208,
                4.866430751426787e-9,
                0.9977563632239095,
                0,
                -9.682128906249986,
                0.00000476837158203125,
                -0.0000152587890625,
                1
            ],
            "name": "Index_2_R"
        },
        {
            "children": [
                34
            ],
            "matrix": [
                0.9680867791175843,
                0.19320940971374512,
                0.1596183180809021,
                0,
                -0.19730824928204582,
                0.19488847667112624,
                0.9607745642665978,
                0,
                0.1545229511588016,
                -0.96160738574241,
                0.22679082027573189,
                0,
                -33.31315612792967,
                -2.5081939697265483,
                -5.767699241638184,
                1
            ],
            "name": "Mid_0_R"
        },
        {
            "children": [
                35
            ],
            "matrix": [
                0.6237378716468808,
                5.513429642001189e-7,
                -0.7816334962844849,
                0,
                -5.011308770175305e-7,
                0.9999999403953896,
                3.0547389007207215e-7,
                0,
                0.7816334164626795,
                2.0116503685052578e-7,
                0.6237378079498003,
                0,
                -13.376319885253917,
                -0.000010490417479580572,
                0.00000762939453125,
                1
            ],
            "name": "Mid_1_R"
        },
        {
            "matrix": [
                0.9467800855636597,
                0.2107476145029067,
                0.24329592287540439,
                0,
                -0.2041158685550599,
                0.9775404928841992,
                -0.05245253314999365,
                0,
                -0.2488859475705793,
                4.5521031893924757e-7,
                0.9685331345344895,
                0,
                -11.92706298828125,
                0.000011444091793322286,
                -0.00000762939453125,
                1
            ],
            "name": "Mid_2_R"
        },
        {
            "children": [
                37
            ],
            "matrix": [
                0.9949006438255306,
                -5.684341886080802e-14,
                0.10086190700530998,
                0,
                4.416864534585034e-14,
                1,
                1.2789769243681803e-13,
                0,
                -0.10086190700530998,
                -1.2279056276200627e-13,
                0.9949006438255309,
                0,
                29.72395324707034,
                -0.00000667572385282255,
                0,
                1
            ],
            "name": "neck1"
        },
        {
            "matrix": [
                0.282543808221817,
                -6.736369755344639e-7,
                -0.959254324436188,
                0,
                0.0000010119613824928297,
                0.9999999999999998,
                -4.041822307962052e-7,
                0,
                0.9592543244360249,
                -8.565291456135326e-7,
                0.28254380822237046,
                0,
                27.53581237792966,
                -0.0000017881466192193194,
                7.105427357601002e-15,
                1
            ],
            "name": "head"
        },
        {
            "children": [
                39
            ],
            "matrix": [
                -0.2752882242202763,
                1.3126771140513072e-7,
                -0.9613618254661562,
                0,
                1.842452239063652e-8,
                1.0000000000000002,
                1.3126759770486472e-7,
                0,
                0.9613618254661569,
                1.8423791391029057e-8,
                -0.2752882242202741,
                0,
                4.738651275634766,
                0.000001907348632812473,
                -20.03035736083983,
                1
            ],
            "name": "leg0_0"
        },
        {
            "matrix": [
                0.9680358171463008,
                1.2945369576300418e-7,
                -0.25081276893615717,
                0,
                -1.4131368061218295e-8,
                0.9999999999999999,
                4.615954196651659e-7,
                0,
                0.2508127689362125,
                -4.432965717142612e-7,
                0.968035817146287,
                0,
                36.45135879516601,
                0,
                0.00000762939453125,
                1
            ],
            "name": "leg0_1"
        },
        {
            "matrix": [
                1,
                0,
                0,
                0,
                0,
                6.123233995736766e-17,
                -1,
                0,
                0,
                1,
                6.123233995736766e-17,
                0,
                0,
                0,
                0,
                1
            ],
            "mesh": 0,
            "name": "ancient_apparition_model_LOD0_0",
            "skin": 0
        },
        {
            "matrix": [
                1,
                0,
                0,
                0,
                0,
                6.123233995736766e-17,
                -1,
                0,
                0,
                1,
                6.123233995736766e-17,
                0,
                0,
                0,
                0,
                1
            ],
            "mesh": 1,
            "name": "ancient_apparition_model_LOD0_1",
            "skin": 1
        }
    ],
    "samplers": [
        {
            "magFilter": 9729,
            "minFilter": 9987,
            "wrapS": 10497,
            "wrapT": 10497
        }
    ],
    "scene": 0,
    "scenes": [
        {
            "nodes": [
                0,
                40,
                41
            ]
        }
    ],
    "skins": [
        {
            "inverseBindMatrices": 6,
            "joints": [
                10,
                6,
                11,
                12,
                9,
                20,
                21,
                22,
                23,
                28,
                29,
                27,
                33,
                24,
                25,
                26,
                30,
                31,
                35,
                34,
                32,
                3,
                4,
                5,
                14,
                15,
                13,
                16,
                17,
                8,
                7,
                18
            ]
        },
        {
            "inverseBindMatrices": 13,
            "joints": [
                37,
                36,
                19,
                4,
                1,
                21,
                20,
                2,
                3,
                0,
                32,
                31,
                35,
                30,
                12,
                11,
                9,
                10,
                8,
                7,
                18,
                17,
                16,
                14,
                13,
                15,
                29,
                28,
                27,
                34,
                33,
                26,
                25,
                24,
                39,
                38
            ]
        }
    ],
    "textures": [
        {
            "format": 6408,
            "internalFormat": 6408,
            "sampler": 0,
            "source": 0,
            "target": 3553
