{
    "animations": {},
    "asset": {},
    "attributes": {
        "attribute_1": {
            "bufferView": "bufferView_13",
            "byteOffset": 0,
            "byteStride": 12,
            "count": 1520,
            "max": [
                1,
                1,
                1
            ],
            "min": [
                0,
                0,
                0
            ],
            "type": "FLOAT_VEC3"
        },
        "attribute_10": {
            "bufferView": "bufferView_13",
            "byteOffset": 175072,
            "byteStride": 16,
            "count": 2621,
            "max": [
                1,
                1,
                1
            ],
            "min": [
                0,
                0,
                0
            ],
            "type": "FLOAT_VEC4"
        },
        "attribute_11": {
            "bufferView": "bufferView_13",
            "byteOffset": 217008,
            "byteStride": 12,
            "count": 2621,
            "max": [
                1,
                1,
                1
            ],
            "min": [
                0,
                0,
                0
            ],
            "type": "FLOAT_VEC3"
        },
        "attribute_2": {
            "bufferView": "bufferView_13",
            "byteOffset": 18240,
            "byteStride": 12,
            "count": 1520,
            "max": [
                1,
                1,
                1
            ],
            "min": [
                0,
                0,
                0
            ],
            "type": "FLOAT_VEC3"
        },
        "attribute_3": {
            "bufferView": "bufferView_13",
            "byteOffset": 36480,
            "byteStride": 8,
            "count": 1520,
            "max": [
                1,
                1,
                1
            ],
            "min": [
                0,
                0,
                0
            ],
            "type": "FLOAT_VEC2"
        },
        "attribute_4": {
            "bufferView": "bufferView_13",
            "byteOffset": 48640,
            "byteStride": 16,
            "count": 1520,
            "max": [
                1,
                1,
                1
            ],
            "min": [
                0,
                0,
                0
            ],
            "type": "FLOAT_VEC4"
        },
        "attribute_5": {
            "bufferView": "bufferView_13",
            "byteOffset": 72960,
            "byteStride": 12,
            "count": 1520,
            "max": [
                1,
                1,
                1
            ],
            "min": [
                0,
                0,
                0
            ],
            "type": "FLOAT_VEC3"
        },
        "attribute_7": {
            "bufferView": "bufferView_13",
            "byteOffset": 91200,
            "byteStride": 12,
            "count": 2621,
            "max": [
                1,
                1,
                1
            ],
            "min": [
                0,
                0,
                0
            ],
            "type": "FLOAT_VEC3"
        },
        "attribute_8": {
            "bufferView": "bufferView_13",
            "byteOffset": 122652,
            "byteStride": 12,
            "count": 2621,
            "max": [
                1,
                1,
                1
            ],
            "min": [
                0,
                0,
                0
            ],
            "type": "FLOAT_VEC3"
        },
        "attribute_9": {
            "bufferView": "bufferView_13",
            "byteOffset": 154104,
            "byteStride": 8,
            "count": 2621,
            "max": [
                1,
                1,
                1
            ],
            "min": [
                0,
                0,
                0
            ],
            "type": "FLOAT_VEC2"
        }
    },
    "bufferViews": {
        "bufferView_13": {
            "buffer": "ancient_apparition.bin",
            "byteLength": 248460,
            "byteOffset": 0,
            "target": "ARRAY_BUFFER"
        },
        "bufferView_14": {
            "buffer": "ancient_apparition.bin",
            "byteLength": 31242,
            "byteOffset": 248460,
            "target": "ELEMENT_ARRAY_BUFFER"
        }
    },
    "buffers": {
        "ancient_apparition.bin": {
            "byteLength": 279702,
            "path": "ancient_apparition.bin"
        }
    },
    "cameras": {},
    "images": {
        "image_0": {
            "path": "textures/ancientapparition_ghost.png"
        },
        "image_1": {
            "path": "textures/ancientapparition_colors.png"
        },
        "image_2": {
            "path": "textures/ancientapparition_normals.png"
        }
    },
    "indices": {
        "indices_12": {
            "bufferView": "bufferView_14",
            "byteOffset": 4536,
            "count": 13353,
            "type": "UNSIGNED_SHORT"
        },
        "indices_6": {
            "bufferView": "bufferView_14",
            "byteOffset": 0,
            "count": 2268,
            "type": "UNSIGNED_SHORT"
        }
    },
    "lights": {},
    "materials": {
        "Material #35": {
            "instanceTechnique": {
                "technique": "technique_0",
                "values": [
                    {
                        "parameter": "ambient",
                        "value": [
                            0.5879999995231628,
                            0.5879999995231628,
                            0.5879999995231628
                        ]
                    },
                    {
                        "parameter": "emission",
                        "value": [
                            0,
                            0,
                            0
                        ]
                    },
                    {
                        "parameter": "diffuse",
                        "value": "Map #1"
                    },
                    {
                        "parameter": "shininess",
                        "value": 2
                    },
                    {
                        "parameter": "specular",
                        "value": [
                            0.8999999761581421,
                            0.8999999761581421,
                            0.8999999761581421
                        ]
                    }
                ]
            },
            "name": "Material #35"
        },
        "Material #36": {
            "instanceTechnique": {
                "technique": "technique_1",
                "values": [
                    {
                        "parameter": "ambient",
                        "value": [
                            0.5879999995231628,
                            0.5879999995231628,
                            0.5879999995231628
                        ]
                    },
                    {
                        "parameter": "emission",
                        "value": [
                            0,
                            0,
                            0
                        ]
                    },
                    {
                        "parameter": "diffuse",
                        "value": "Map #2"
                    },
                    {
                        "parameter": "normalMap",
                        "value": "Map #3"
                    },
                    {
                        "parameter": "shininess",
                        "value": 2
                    },
                    {
                        "parameter": "specular",
                        "value": [
                            0.8999999761581421,
                            0.8999999761581421,
                            0.8999999761581421
                        ]
                    }
                ]
            },
            "name": "Material #36"
        }
    },
    "meshes": {
        "ancient_apparition_model_LOD0_0-mesh": {
            "name": "ancient_apparition_model_LOD0_0-mesh",
            "primitives": [
                {
                    "indices": "indices_6",
                    "material": "Material #35",
                    "semantics": {
                        "JOINT": "attribute_4",
                        "NORMAL": "attribute_2",
                        "POSITION": "attribute_1",
                        "TEXCOORD_0": "attribute_3",
                        "WEIGHT": "attribute_5"
                    },
                    "skin": "skin_0"
                }
            ]
        },
        "ancient_apparition_model_LOD0_1-mesh": {
            "name": "ancient_apparition_model_LOD0_1-mesh",
            "primitives": [
                {
                    "indices": "indices_12",
                    "material": "Material #36",
                    "semantics": {
                        "JOINT": "attribute_10",
                        "NORMAL": "attribute_8",
                        "POSITION": "attribute_7",
                        "TEXCOORD_0": "attribute_9",
                        "WEIGHT": "attribute_11"
                    },
                    "skin": "skin_1"
                }
            ]
        }
    },
    "nodes": {
        "Index_0_L": {
            "children": [
                "Index_1_L"
            ],
            "matrix": [
                0.9762871861457829,
                0.21374255418777482,
                -0.034316018223762554,
                0,
                0.023818622912118836,
                0.05149618094330133,
                0.9983891884855326,
                0,
                0.2151653667994935,
                -0.9755317853381179,
                0.04518400150806753,
                0,
                33.23036575317383,
                3.0968017578125,
                -4.652801990509033,
                1
            ],
            "name": "Index_0_L"
        },
        "Index_0_R": {
            "children": [
                "Index_1_R"
            ],
            "matrix": [
                0.9762872457504275,
                0.21374183893203735,
                -0.03431653231382366,
                0,
                0.02381907182817629,
                0.05149663196555049,
                0.9983887804649613,
                0,
                0.21516468322519516,
                -0.9755318177705006,
                0.045184381904587546,
                0,
                -33.23036193847656,
                -3.09674072265625,
                4.652801036834713,
                1
            ],
            "name": "Index_0_R"
        },
        "Index_1_L": {
            "children": [
                "Index_2_L"
            ],
            "matrix": [
                0.8225873112678527,
                -4.470348355378739e-8,
                -0.5686385631561278,
                0,
                -4.6584956694961654e-7,
                0.9999997019768448,
                -7.525086069201659e-7,
                0,
                0.5686384967295067,
                8.839042202404834e-7,
                0.8225872151756444,
                0,
                13.571308135986328,
                0.000021457672117364268,
                0.000007629394545460855,
                1
            ],
            "name": "Index_1_L"
        },
        "Index_1_R": {
            "children": [
                "Index_2_R"
            ],
            "matrix": [
                0.822587251663208,
                3.054738044461214e-7,
                -0.5686389207839968,
                0,
                -4.9454604203469366e-8,
                1.00000011920931,
                4.656612557427109e-7,
                0,
                0.5686388822377122,
                -3.5492513342227916e-7,
                0.8225871959023561,
                0,
                -13.571285247802734,
                0.000006675720215731928,
                0.000045776367201710855,
                1
            ],
            "name": "Index_1_R"
        },
        "Index_2_L": {
            "children": [],
            "matrix": [
                0.9977564215660097,
                4.768371582170028e-7,
                -0.06694941222667686,
                0,
                -4.16917596210431e-7,
                1.0000002384185762,
                9.089708328802182e-7,
                0,
                0.06694939623413856,
                -8.790186779537856e-7,
                0.9977561832207197,
                0,
                9.682083129882812,
                0.0000028610229501069284,
                0.0000152587890625,
                1
            ],
            "name": "Index_2_L"
        },
        "Index_2_R": {
            "children": [],
            "matrix": [
                0.9977564215660097,
                4.4703483595420757e-8,
                -0.06694930791854858,
                0,
                -4.4928982742553636e-8,
                0.9999998807907106,
                -1.862645156169851e-9,
                0,
                0.06694930400380217,
                4.866430761835128e-9,
                0.9977563632239098,
                0,
                -9.68212890625,
                0.000004768371582919428,
                -0.0000152587890625,
                1
            ],
            "name": "Index_2_R"
        },
        "L_shldr_top1_0": {
            "children": [],
            "matrix": [
                -0.19979438185691833,
                -0.337855875492096,
                0.9197477102279662,
                0,
                0.9733492961759499,
                -0.1762845524475546,
                0.14668256050781692,
                0,
                0.11257971248795062,
                0.9245418416602935,
                0.3640723251448776,
                0,
                -5.942047119140625,
                -5.212577819824219,
                8.579643249511719,
                1
            ],
            "name": "L_shldr_top1_0"
        },
        "Mid_0_L": {
            "children": [
                "Mid_1_L"
            ],
            "matrix": [
                0.9680866003036503,
                0.1932099759578706,
                0.1596189737319946,
                0,
                -0.19730891480973956,
                0.19488801591555943,
                0.9607742995249021,
                0,
                0.15452343895021753,
                -0.9616074990628678,
                0.22679065181236602,
                0,
                33.31317901611329,
                2.5082550048828125,
                5.767730712890625,
                1
            ],
            "name": "Mid_0_L"
        },
        "Mid_0_R": {
            "children": [
                "Mid_1_R"
            ],
            "matrix": [
                0.9680867791175845,
                0.19320940971374517,
                0.15961831808090216,
                0,
                -0.19730824928204585,
                0.19488847667112624,
                0.9607745642665974,
                0,
                0.15452295115880177,
                -0.9616073857424099,
                0.22679082027573183,
                0,
                -33.3131561279297,
                -2.508193969726534,
                -5.767699241638187,
                1
            ],
            "name": "Mid_0_R"
        },
        "Mid_1_L": {
            "children": [
                "Mid_2_L"
            ],
            "matrix": [
                0.6237380504608153,
                -2.7755575615628914e-17,
                -0.7816331982612611,
                0,
                -3.921393680050844e-7,
                0.9999997615814025,
                -3.129245859240237e-7,
                0,
                0.7816331769236015,
                5.016922254158507e-7,
                0.6237380334335061,
                0,
                13.376335144042969,
                0,
                0.00002288818359375,
                1
            ],
            "name": "Mid_1_L"
        },
        "Mid_1_R": {
            "children": [
                "Mid_2_R"
            ],
            "matrix": [
                0.6237378716468815,
                5.513429641168521e-7,
                -0.7816334962844853,
                0,
                -5.011308769065081e-7,
                0.9999999403953899,
                3.05473890016561e-7,
                0,
                0.7816334164626797,
                2.0116503687828136e-7,
                0.6237378079497999,
                0,
                -13.3763198852539,
                -0.000010490417473363323,
                0.00000762939453125,
                1
            ],
            "name": "Mid_1_R"
        },
        "Mid_2_L": {
            "children": [],
            "matrix": [
                0.9467800855636599,
                0.21074804663658137,
                0.24329578876495359,
                0,
                -0.20411640514593576,
                0.9775404232055228,
                -0.05245214984865201,
                0,
                -0.2488856955904725,
                -1.0868144169340344e-8,
                0.9685330915645598,
                0,
                11.927055358886719,
                0.00000476837158203125,
                -0.000007629394524144573,
                1
            ],
            "name": "Mid_2_L"
        },
        "Mid_2_R": {
            "children": [],
            "matrix": [
                0.9467800855636593,
                0.21074761450290688,
                0.2432959228754044,
                0,
                -0.20411586855505992,
                0.9775404928841992,
                -0.05245253314999357,
                0,
                -0.2488859475705793,
                4.5521031902598375e-7,
                0.9685331345344895,
                0,
                -11.927062988281236,
                0.000011444091798651357,
                -0.000007629394538355427,
                1
            ],
            "name": "Mid_2_R"
        },
        "R_shldr_top2_0": {
            "children": [],
            "matrix": [
                0.0935581624507904,
                0.4667065739631652,
                -0.8794499635696411,
                0,
                0.995612659584495,
                -0.04515496689698195,
                0.08195300930256022,
                0,
                -0.0014635263206533577,
                -0.8832592074162767,
                -0.46888375749563194,
                0,
                3.2272796630859375,
                4.1337127685546875,
                -7.60175323486331,
                1
            ],
            "name": "R_shldr_top2_0"
        },
        "Ring_0_L": {
            "children": [
                "Ring_1_L"
            ],
            "matrix": [
                0.8018835783004765,
                0.4733246266841891,
                0.3646183609962462,
                0,
                -0.49973179862531547,
                0.19682851835522408,
                0.84352015916192,
                0,
                0.3274916159925537,
                -0.8586164665172741,
                0.3943689757991978,
                0,
                27.899810791015632,
                4.303390502929673,
                14.028039932250977,
                1
            ],
            "name": "Ring_0_L"
        },
        "Ring_0_R": {
            "children": [
                "Ring_1_R"
            ],
            "matrix": [
                0.8018834590911863,
                0.4733247458934784,
                0.3646178543567658,
                0,
                -0.4997314513622441,
                0.19682846589749342,
                0.8435204078858459,
                0,
                0.3274920673875462,
                -0.858616485184322,
                0.3943689430728592,
                0,
                -27.89980697631836,
                -4.303314208984347,
                -14.028014183044437,
                1
            ],
            "name": "Ring_0_R"
        },
        "Ring_1_L": {
            "children": [
                "Ring_2_L"
            ],
            "matrix": [
                0.651795625686646,
                -2.9802322387695312e-8,
                -0.758394658565521,
                0,
                -3.1837877334517373e-7,
                0.9999998211860907,
                -3.129244202093595e-7,
                0,
                0.7583945358921973,
                4.454195371150771e-7,
                0.6517955202561178,
                0,
                14.0274887084961,
                -0.000009536743160509786,
                0.000038146972642039145,
                1
            ],
            "name": "Ring_1_L"
        },
        "Ring_1_R": {
            "children": [
                "Ring_2_R"
            ],
            "matrix": [
                0.6517958641052247,
                2.086162567138672e-7,
                -0.7583945989608764,
                0,
                7.871456925157005e-8,
                1.0000003576278655,
                3.427268105565817e-7,
                0,
                0.7583945496709221,
                -2.83084502228359e-7,
                0.6517958217433102,
                0,
                -14.027488708496094,
                -0.000007629394534802714,
                0.000007629394545460855,
                1
            ],
            "name": "Ring_1_R"
        },
        "Ring_2_L": {
            "children": [],
            "matrix": [
                0.9855531454086304,
                0.03433322906494135,
                -0.16585049033164984,
                0,
                -0.03385705723610949,
                0.9994106269264453,
                0.005698293257889425,
                0,
                0.1659483475287985,
                -7.6129981396722e-7,
                0.9861344963010947,
                0,
                10.926971435546847,
                0.000005722045901990214,
                0.000003814697272730427,
                1
            ],
            "name": "Ring_2_L"
        },
        "Ring_2_R": {
            "children": [],
            "matrix": [
                0.9855528473854063,
                0.03433367609977728,
                -0.1658505499362945,
                0,
                -0.033857645440440176,
                0.9994103271503909,
                0.005697488455272154,
                0,
                0.16594840205391864,
                1.3314583360846122e-7,
                0.9861343528707363,
                0,
                -10.926925659179688,
                0.0000038146972620722863,
                7.105427357601002e-15,
                1
            ],
            "name": "Ring_2_R"
        },
        "Thumb_0_L": {
            "children": [
                "Thumb_1_L"
            ],
            "matrix": [
                0.10899868607521074,
                0.600328922271729,
                -0.7922908067703247,
                0,
                0.33230310752452547,
                -0.7731902263339853,
                -0.5401398697679065,
                0,
                -0.9368532195634796,
                -0.20440618842483277,
                -0.28376792316571214,
                0,
                10.741062164306634,
                7.7490692138671875,
                -7.220513343811033,
                1
            ],
            "name": "Thumb_0_L"
        },
        "Thumb_0_R": {
            "children": [
                "Thumb_1_R"
            ],
            "matrix": [
                0.1089993119239806,
                0.6003282666206362,
                -0.7922908067703247,
                0,
                0.3323023797197623,
                -0.7731908304815214,
                -0.5401395253268957,
                0,
                -0.9368531818606383,
                -0.20440532101135794,
                -0.2837678316171086,
                0,
                -10.741085052490249,
                -7.7490386962890625,
                7.2205047607421875,
                1
            ],
            "name": "Thumb_0_R"
        },
        "Thumb_1_L": {
            "children": [
                "Thumb_2_L"
            ],
            "matrix": [
                0.9329699277877803,
                -3.352761269587168e-7,
                -0.3599544167518616,
                0,
                5.030917902687504e-7,
                0.9999998211861791,
                3.7252895969397404e-7,
                0,
                0.3599543950029363,
                -5.286484912603306e-7,
                0.9329698714169872,
                0,
                13.024063110351562,
                0.000007629394545460855,
                -0.00002288818359375,
                1
            ],
            "name": "Thumb_1_L"
        },
        "Thumb_1_R": {
            "children": [
                "Thumb_2_R"
            ],
            "matrix": [
                0.9329699277877808,
                -5.960464484477956e-8,
                -0.3599544763565061,
                0,
                2.33485510391096e-7,
                1.000000119209262,
                4.3958422007994713e-7,
                0,
                0.35995440157020914,
                -4.941628510488072e-7,
                0.9329697339484437,
                0,
                -13.024078369140625,
                0.00002288818359375,
                -0.000007629394517039145,
                1
            ],
            "name": "Thumb_1_R"
        },
        "Thumb_2_L": {
            "children": [],
            "matrix": [
                0.9544537067413326,
                -0.1781170666217804,
                -0.2393559217453003,
                0,
                0.17276729914365488,
                0.9840091173162826,
                -0.04332639175373581,
                0,
                0.2432457472284386,
                1.5907521456332008e-7,
                0.9699646244987735,
                0,
                12.474960327148438,
                0.00000762939453125,
                0.0000019073486292597863,
                1
            ],
            "name": "Thumb_2_L"
        },
        "Thumb_2_R": {
            "children": [],
            "matrix": [
                0.9544544219970701,
                -0.17811766266822815,
                -0.2393563985824585,
                0,
                0.17276783957323943,
                0.9840094515462001,
                -0.04332633326166429,
                0,
                0.24324613421983754,
                -7.750060539157833e-8,
                0.9699651382583021,
                0,
                -12.474990844726548,
                0,
                0.0000095367431640625,
                1
            ],
            "name": "Thumb_2_R"
        },
        "ancient_apparition_model_LOD0_0": {
            "children": [],
            "matrix": [
                1,
                0,
                0,
                0,
                0,
                1,
                0,
                0,
                0,
                0,
                1,
                0,
                0,
                0,
                0,
                1
            ],
            "meshes": [
                "ancient_apparition_model_LOD0_0-mesh"
            ],
            "name": "ancient_apparition_model_LOD0_0"
        },
        "ancient_apparition_model_LOD0_1": {
            "children": [],
            "matrix": [
                1,
                0,
                0,
                0,
                0,
                1,
                0,
                0,
                0,
                0,
                1,
                0,
                0,
                0,
                0,
                1
            ],
            "meshes": [
                "ancient_apparition_model_LOD0_1-mesh"
            ],
            "name": "ancient_apparition_model_LOD0_1"
        },
        "bicep_L": {
            "children": [
                "L_shldr_top1_0",
                "elbow_L"
            ],
            "matrix": [
                0.8107984066009519,
                -0.3938352763652801,
                -0.43301141262054443,
                0,
                -0.16005745155938436,
                0.562403976402836,
                -0.8112230807928484,
                0,
                0.563015739428804,
                0.7270452561567504,
                0.39296007004019207,
                0,
                24.61323738098145,
                0.00006103515625,
                -0.00003051757815342171,
                1
            ],
            "name": "bicep_L"
        },
        "bicep_R": {
            "children": [
                "R_shldr_top2_0",
                "elbow_R"
            ],
            "matrix": [
                0.8107992410659792,
                -0.3938353657722473,
                -0.43301135301589966,
                0,
                -0.16005702091362517,
                0.5624043321624739,
                -0.811223134235594,
                0,
                0.563015791299617,
                0.727045570914007,
                0.39296086985883927,
                0,
                -24.61322402954102,
                -0.00003814697265625,
                -0.0000152587890625,
                1
            ],
            "name": "bicep_R"
        },
        "clavicle_L": {
            "children": [
                "bicep_L"
            ],
            "matrix": [
                -0.20580105483531952,
                0.9784940481185911,
                0.013988040387630449,
                0,
                0.0028791807576110107,
                -0.0136885217881334,
                0.9999024271174133,
                0,
                0.978589826457733,
                0.20582120147560223,
                -1.490116118829654e-7,
                0,
                15.674118041992188,
                6.875447750091552,
                -2.5765457153320312,
                1
            ],
            "name": "clavicle_L"
        },
        "clavicle_R": {
            "children": [
                "bicep_R"
            ],
            "matrix": [
                0.2058011442422868,
                0.9784936308860779,
                -0.013989001512527452,
                0,
                -0.002879060205772943,
                -0.013689529757148837,
                -0.9999020694479064,
                0,
                -0.9785896414855755,
                0.20582133506334477,
                -1.7881393421514957e-7,
                0,
                15.674118041992188,
                -6.875453948974608,
                -2.576507568359375,
                1
            ],
            "name": "clavicle_R"
        },
        "elbow_L": {
            "children": [
                "wrist_L"
            ],
            "matrix": [
                0.9866137504577639,
                -5.960464455334602e-8,
                -0.1630743592977524,
                0,
                7.02652148687477e-8,
                0.9999998807907081,
                5.960464699583667e-8,
                0,
                0.163074385214099,
                -7.026523871078716e-8,
                0.986613907253892,
                0,
                37.25806427001952,
                -0.00002288818359375,
                1.4210854715202004e-14,
                1
            ],
            "name": "elbow_L"
        },
        "elbow_R": {
            "children": [
                "wrist_R"
            ],
            "matrix": [
                0.986613929271698,
                -6.55651092584808e-7,
                -0.16307424008846283,
                0,
                5.857321977442709e-7,
                1.0000004768370736,
                -4.768371754115819e-7,
                0,
                0.1630742460327591,
                3.749362013638624e-7,
                0.9866139652337206,
                0,
                -37.25807189941406,
                -0.000007629394545460855,
                0.0000152587890625,
                1
            ],
            "name": "elbow_R"
        },
        "head": {
            "children": [],
            "matrix": [
                0.28254380822181696,
                -6.736369755344638e-7,
                -0.959254324436188,
                0,
                0.00000101196138249283,
                1,
                -4.041822307962053e-7,
                0,
                0.9592543244360251,
                -8.565291456135325e-7,
                0.2825438082223705,
                0,
                27.535812377929688,
                -0.000001788146619219333,
                -7.105427357601002e-15,
                1
            ],
            "name": "head"
        },
        "leg0_0": {
            "children": [
                "leg0_1"
            ],
            "matrix": [
                -0.2752882242202764,
                1.3126771140513066e-7,
                -0.9613618254661561,
                0,
                1.8424522390636555e-8,
                1.0000000000000004,
                1.3126759770486482e-7,
                0,
                0.9613618254661569,
                1.8423791391029018e-8,
                -0.27528822422027405,
                0,
                4.738651275634766,
                0.0000019073486328125136,
                -20.03035736083983,
                1
            ],
            "name": "leg0_0"
        },
        "leg0_1": {
            "children": [],
            "matrix": [
                0.9680358171463014,
                1.2945369576300457e-7,
                -0.2508127689361572,
                0,
                -1.4131368061218215e-8,
                1,
                4.615954196651659e-7,
                0,
                0.25081276893621285,
                -4.4329657171426086e-7,
                0.9680358171462871,
                0,
                36.45135879516601,
                0,
                0.00000762939453125,
                1
            ],
            "name": "leg0_1"
        },
        "neck1": {
            "children": [
                "head"
            ],
            "matrix": [
                0.994900643825531,
                -5.684341896668713e-14,
                0.10086190700531011,
                0,
                4.4168645160561884e-14,
                0.9999999999999998,
                1.2789769238387847e-13,
                0,
                -0.10086190700531014,
                -1.2279056281494583e-13,
                0.9949006438255309,
                0,
                29.723953247070312,
                -0.000006675723852822571,
                0,
                1
            ],
            "name": "neck1"
        },
        "root": {
            "children": [
                "spine1",
                "leg0_0"
            ],
            "matrix": [
                -1.5757592568215944e-7,
                -0.9671941399574281,
                -0.25403848290443426,
                0,
                1.0000000000000002,
                7.934929786029125e-8,
                -9.223882102559963e-7,
                0,
                9.122862469733571e-7,
                -0.2540384829045732,
                0.9671941399573913,
                0,
                0,
                27.44178009033203,
                115.38099670410156,
                1
            ],
            "name": "root"
        },
        "spine1": {
            "children": [
                "clavicle_L",
                "clavicle_R",
                "neck1"
            ],
            "matrix": [
                0.09536850452423035,
                -1.364257968816665e-7,
                0.9954421520233151,
                0,
                -4.6814256373209517e-7,
                0.9999999999999999,
                1.8190092987411957e-7,
                0,
                -0.9954421520233214,
                -4.833564607488413e-7,
                0.09536850452416473,
                0,
                0.8968353271484375,
                -0.000005722038622479845,
                41.277343749999986,
                1
            ],
            "name": "spine1"
        },
        "wrist_L": {
            "children": [
                "Mid_0_L",
                "Index_0_L",
                "Thumb_0_L",
                "Ring_0_L"
            ],
            "matrix": [
                0.9320864081382751,
                0.32131755352020264,
                0.1672438085079193,
                0,
                -0.07825408944878437,
                0.6294082116340651,
                -0.7731247854548378,
                0,
                -0.3536831694080656,
                0.7075315490765246,
                0.611807214376202,
                0,
                37.26626205444337,
                -0.000007629394545460855,
                0.000030517578125,
                1
            ],
            "name": "wrist_L"
        },
        "wrist_R": {
            "children": [
                "Thumb_0_R",
                "Ring_0_R",
                "Index_0_R",
                "Mid_0_R"
            ],
            "matrix": [
                0.9320857524871828,
                0.32131788134574873,
                0.16724345088005083,
                0,
                -0.07825478856704954,
                0.6294083457233954,
                -0.7731243404841379,
                0,
                -0.35368322546215897,
                0.7075308350562811,
                0.6118074334241249,
                0,
                -37.26625061035158,
                -0.00000762939453125,
                0.00000762939453125,
                1
            ],
            "name": "wrist_R"
        }
    },
    "samplers": {
        "sampler_0": {
            "magFilter": "LINEAR",
            "minFilter": "LINEAR_MIPMAP_LINEAR",
            "wrapS": "REPEAT",
            "wrapT": "REPEAT"
        },
        "sampler_1": {
            "magFilter": "LINEAR",
            "minFilter": "LINEAR_MIPMAP_LINEAR",
            "wrapS": "REPEAT",
            "wrapT": "REPEAT"
        },
        "sampler_2": {
            "magFilter": "LINEAR",
            "minFilter": "LINEAR_MIPMAP_LINEAR",
            "wrapS": "REPEAT",
            "wrapT": "REPEAT"
        }
    },
    "scene": "scene_0",
    "scenes": {
        "scene_0": {
            "nodes": [
                "ancient_apparition_model_LOD0_0",
                "ancient_apparition_model_LOD0_1"
            ]
        }
    },
    "shaders": {},
    "skins": {
        "skin_0": {
            "bindShapeMatrix": [],
            "inverseBindMatrices": {},
            "joints": [
                "Index_0_L",
                "wrist_L",
                "Index_1_L",
                "Index_2_L",
                "Mid_2_L",
                "bicep_R",
                "R_shldr_top2_0",
                "elbow_R",
                "wrist_R",
                "Ring_1_R",
                "Ring_2_R",
                "Ring_0_R",
                "Mid_0_R",
                "Thumb_0_R",
                "Thumb_1_R",
                "Thumb_2_R",
                "Index_0_R",
                "Index_1_R",
                "Mid_2_R",
                "Mid_1_R",
                "Index_2_R",
                "bicep_L",
                "L_shldr_top1_0",
                "elbow_L",
                "Thumb_1_L",
                "Thumb_2_L",
                "Thumb_0_L",
                "Ring_0_L",
                "Ring_1_L",
                "Mid_1_L",
                "Mid_0_L",
                "Ring_2_L"
            ],
            "roots": []
        },
        "skin_1": {
            "bindShapeMatrix": [],
            "inverseBindMatrices": {},
            "joints": [
                "head",
                "neck1",
                "clavicle_R",
                "L_shldr_top1_0",
                "spine1",
