{
    "animations": {},
    "asset": {},
    "attributes": {
        "attribute_1": {
            "bufferView": "bufferView_19",
            "byteOffset": 0,
            "byteStride": 12,
            "count": 764,
            "max": [
                1,
                1,
                1
            ],
            "min": [
                0,
                0,
                0
            ],
            "type": "FLOAT_VEC3"
        },
        "attribute_10": {
            "bufferView": "bufferView_19",
            "byteOffset": 48048,
            "byteStride": 16,
            "count": 69,
            "max": [
                1,
                1,
                1
            ],
            "min": [
                0,
                0,
                0
            ],
            "type": "FLOAT_VEC4"
        },
        "attribute_11": {
            "bufferView": "bufferView_19",
            "byteOffset": 49152,
            "byteStride": 12,
            "count": 69,
            "max": [
                1,
                1,
                1
            ],
            "min": [
                0,
                0,
                0
            ],
            "type": "FLOAT_VEC3"
        },
        "attribute_13": {
            "bufferView": "bufferView_19",
            "byteOffset": 49980,
            "byteStride": 12,
            "count": 1448,
            "max": [
                1,
                1,
                1
            ],
            "min": [
                0,
                0,
                0
            ],
            "type": "FLOAT_VEC3"
        },
        "attribute_14": {
            "bufferView": "bufferView_19",
            "byteOffset": 67356,
            "byteStride": 12,
            "count": 1448,
            "max": [
                1,
                1,
                1
            ],
            "min": [
                0,
                0,
                0
            ],
            "type": "FLOAT_VEC3"
        },
        "attribute_15": {
            "bufferView": "bufferView_19",
            "byteOffset": 84732,
            "byteStride": 8,
            "count": 1448,
            "max": [
                1,
                1,
                1
            ],
            "min": [
                0,
                0,
                0
            ],
            "type": "FLOAT_VEC2"
        },
        "attribute_16": {
            "bufferView": "bufferView_19",
            "byteOffset": 96316,
            "byteStride": 16,
            "count": 1448,
            "max": [
                1,
                1,
                1
            ],
            "min": [
                0,
                0,
                0
            ],
            "type": "FLOAT_VEC4"
        },
        "attribute_17": {
            "bufferView": "bufferView_19",
            "byteOffset": 119484,
            "byteStride": 12,
            "count": 1448,
            "max": [
                1,
                1,
                1
            ],
            "min": [
                0,
                0,
                0
            ],
            "type": "FLOAT_VEC3"
        },
        "attribute_2": {
            "bufferView": "bufferView_19",
            "byteOffset": 9168,
            "byteStride": 12,
            "count": 764,
            "max": [
                1,
                1,
                1
            ],
            "min": [
                0,
                0,
                0
            ],
            "type": "FLOAT_VEC3"
        },
        "attribute_3": {
            "bufferView": "bufferView_19",
            "byteOffset": 18336,
            "byteStride": 8,
            "count": 764,
            "max": [
                1,
                1,
                1
            ],
            "min": [
                0,
                0,
                0
            ],
            "type": "FLOAT_VEC2"
        },
        "attribute_4": {
            "bufferView": "bufferView_19",
            "byteOffset": 24448,
            "byteStride": 16,
            "count": 764,
            "max": [
                1,
                1,
                1
            ],
            "min": [
                0,
                0,
                0
            ],
            "type": "FLOAT_VEC4"
        },
        "attribute_5": {
            "bufferView": "bufferView_19",
            "byteOffset": 36672,
            "byteStride": 12,
            "count": 764,
            "max": [
                1,
                1,
                1
            ],
            "min": [
                0,
                0,
                0
            ],
            "type": "FLOAT_VEC3"
        },
        "attribute_7": {
            "bufferView": "bufferView_19",
            "byteOffset": 45840,
            "byteStride": 12,
            "count": 69,
            "max": [
                1,
                1,
                1
            ],
            "min": [
                0,
                0,
                0
            ],
            "type": "FLOAT_VEC3"
        },
        "attribute_8": {
            "bufferView": "bufferView_19",
            "byteOffset": 46668,
            "byteStride": 12,
            "count": 69,
            "max": [
                1,
                1,
                1
            ],
            "min": [
                0,
                0,
                0
            ],
            "type": "FLOAT_VEC3"
        },
        "attribute_9": {
            "bufferView": "bufferView_19",
            "byteOffset": 47496,
            "byteStride": 8,
            "count": 69,
            "max": [
                1,
                1,
                1
            ],
            "min": [
                0,
                0,
                0
            ],
            "type": "FLOAT_VEC2"
        }
    },
    "bufferViews": {
        "bufferView_19": {
            "buffer": "bane.bin",
            "byteLength": 136860,
            "byteOffset": 0,
            "target": "ARRAY_BUFFER"
        },
        "bufferView_20": {
            "buffer": "bane.bin",
            "byteLength": 26010,
            "byteOffset": 136860,
            "target": "ELEMENT_ARRAY_BUFFER"
        }
    },
    "buffers": {
        "bane.bin": {
            "byteLength": 162870,
            "path": "bane.bin"
        }
    },
    "cameras": {},
    "images": {
        "image_0": {
            "path": "textures/bane_head_color.png"
        },
        "image_1": {
            "path": "textures/bane_stomach_color.png"
        },
        "image_2": {
            "path": "textures/bane_body_color.png"
        }
    },
    "indices": {
        "indices_12": {
            "bufferView": "bufferView_20",
            "byteOffset": 8556,
            "count": 330,
            "type": "UNSIGNED_SHORT"
        },
        "indices_18": {
            "bufferView": "bufferView_20",
            "byteOffset": 9216,
            "count": 8397,
            "type": "UNSIGNED_SHORT"
        },
        "indices_6": {
            "bufferView": "bufferView_20",
            "byteOffset": 0,
            "count": 4278,
            "type": "UNSIGNED_SHORT"
        }
    },
    "lights": {},
    "materials": {
        "Material #35": {
            "instanceTechnique": {
                "technique": "technique_0",
                "values": [
                    {
                        "parameter": "ambient",
                        "value": [
                            0.5879999995231628,
                            0.5879999995231628,
                            0.5879999995231628
                        ]
                    },
                    {
                        "parameter": "emission",
                        "value": [
                            0,
                            0,
                            0
                        ]
                    },
                    {
                        "parameter": "diffuse",
                        "value": "Map #4"
                    },
                    {
                        "parameter": "shininess",
                        "value": 2
                    },
                    {
                        "parameter": "specular",
                        "value": [
                            0.8999999761581421,
                            0.8999999761581421,
                            0.8999999761581421
                        ]
                    }
                ]
            },
            "name": "Material #35"
        },
        "Material #46": {
            "instanceTechnique": {
                "technique": "technique_0",
                "values": [
                    {
                        "parameter": "ambient",
                        "value": [
                            0.5879999995231628,
                            0.5879999995231628,
                            0.5879999995231628
                        ]
                    },
                    {
                        "parameter": "emission",
                        "value": [
                            0,
                            0,
                            0
                        ]
                    },
                    {
                        "parameter": "diffuse",
                        "value": "Map #5"
                    },
                    {
                        "parameter": "shininess",
                        "value": 2
                    },
                    {
                        "parameter": "specular",
                        "value": [
                            0.8999999761581421,
                            0.8999999761581421,
                            0.8999999761581421
                        ]
                    }
                ]
            },
            "name": "Material #46"
        },
        "Material #57": {
            "instanceTechnique": {
                "technique": "technique_0",
                "values": [
                    {
                        "parameter": "ambient",
                        "value": [
                            0.5879999995231628,
                            0.5879999995231628,
                            0.5879999995231628
                        ]
                    },
                    {
                        "parameter": "emission",
                        "value": [
                            0,
                            0,
                            0
                        ]
                    },
                    {
                        "parameter": "diffuse",
                        "value": "Map #6"
                    },
                    {
                        "parameter": "shininess",
                        "value": 2
                    },
                    {
                        "parameter": "specular",
                        "value": [
                            0.8999999761581421,
                            0.8999999761581421,
                            0.8999999761581421
                        ]
                    }
                ]
            },
            "name": "Material #57"
        }
    },
    "meshes": {
        "SMDImport-mesh": {
            "name": "SMDImport-mesh",
            "primitives": [
                {
                    "indices": "indices_6",
                    "material": "Material #35",
                    "semantics": {
                        "JOINT": "attribute_4",
                        "NORMAL": "attribute_2",
                        "POSITION": "attribute_1",
                        "TEXCOORD_0": "attribute_3",
                        "WEIGHT": "attribute_5"
                    },
                    "skin": "skin_0"
                }
            ]
        },
        "SMDImport001-mesh": {
            "name": "SMDImport001-mesh",
            "primitives": [
                {
                    "indices": "indices_12",
                    "material": "Material #46",
                    "semantics": {
                        "JOINT": "attribute_10",
                        "NORMAL": "attribute_8",
                        "POSITION": "attribute_7",
                        "TEXCOORD_0": "attribute_9",
                        "WEIGHT": "attribute_11"
                    },
                    "skin": "skin_1"
                }
            ]
        },
        "SMDImport002-mesh": {
            "name": "SMDImport002-mesh",
            "primitives": [
                {
                    "indices": "indices_18",
                    "material": "Material #57",
                    "semantics": {
                        "JOINT": "attribute_16",
                        "NORMAL": "attribute_14",
                        "POSITION": "attribute_13",
                        "TEXCOORD_0": "attribute_15",
                        "WEIGHT": "attribute_17"
                    },
                    "skin": "skin_2"
                }
            ]
        }
    },
    "nodes": {
        "Index1_0_A_L": {
            "children": [
                "Index1_1_A_L"
            ],
            "matrix": [
                0.973400235176087,
                0.1784166991710664,
                -0.14373451471328744,
                0,
                -0.192392358395287,
                0.9771871607618356,
                -0.08994540551634317,
                0,
                0.12440776247372765,
                0.11520630346194227,
                0.9855202413950346,
                0,
                17.376880645751967,
                1.638061523437507,
                1.9013977050780966,
                1
            ],
            "name": "Index1_0_A_L"
        },
        "Index1_0_A_R": {
            "children": [
                "Index1_1_A_R"
            ],
            "matrix": [
                0.9734016060829161,
                0.17840993404388422,
                -0.1437334716320036,
                0,
                -0.19238753029549882,
                0.9771869105067855,
                -0.08996150013691329,
                0,
                0.1244044153088848,
                0.11522117183492242,
                0.9855189450629103,
                0,
                -17.376876831054688,
                -1.6380233764648509,
                -1.9012908935546875,
                1
            ],
            "name": "Index1_0_A_R"
        },
        "Index1_1_A_L": {
            "children": [],
            "matrix": [
                1.000000238418579,
                2.980232227667301e-8,
                2.9802322443206464e-8,
                0,
                -2.9802323248118157e-8,
                1.000000238418579,
                2.980232233218416e-8,
                0,
                -2.9802314449600686e-8,
                -2.9802316170446375e-8,
                0.9999999999999999,
                0,
                10.720535278320327,
                -0.000015258789069605427,
                0.00006103515625,
                1
            ],
            "name": "Index1_1_A_L"
        },
        "Index1_1_A_R": {
            "children": [],
            "matrix": [
                0.9999998807907104,
                4.470348355378739e-8,
                5.960464477539063e-8,
                0,
                -4.4703486190567077e-8,
                0.9999999403953542,
                -1.1102230246251565e-16,
                0,
                -5.960464477539063e-8,
                -2.7200464103316335e-15,
                0.9999998807907104,
                0,
                -10.720512390136726,
                0.000011444091789769573,
                0,
                1
            ],
            "name": "Index1_1_A_R"
        },
        "Mid1_0_A_L": {
            "children": [
                "Mid1_1_A_L"
            ],
            "matrix": [
                0.9999998211860661,
                -7.450580624679404e-9,
                -5.960464477539063e-8,
                0,
                7.450579223022835e-9,
                1.0000001192092898,
                -5.960464483090178e-8,
                0,
                5.960465587762087e-8,
                5.9604637170362906e-8,
                0.9999999999999971,
                0,
                17.305572509765632,
                -2.0702896118164062,
                1.0093994140624716,
                1
            ],
            "name": "Mid1_0_A_L"
        },
        "Mid1_0_A_R": {
            "children": [
                "Mid1_1_A_R"
            ],
            "matrix": [
                0.9999999999999996,
                1.3877787807814457e-17,
                1.4901161249358807e-8,
                0,
                -4.3021142204224816e-16,
                1,
                2.980232227667301e-8,
                0,
                -1.4901161193847656e-8,
                -2.9802322387695312e-8,
                0.9999999999999991,
                0,
                -17.30554580688476,
                2.070343017578118,
                -1.0093994140625,
                1
            ],
            "name": "Mid1_0_A_R"
        },
        "Mid1_1_A_L": {
            "children": [],
            "matrix": [
                0.9999999999999999,
                -7.45058058304604e-9,
                -1.490116116609208e-8,
                0,
                7.450580166712406e-9,
                0.9999999999999998,
                -2.980232233218416e-8,
                0,
                1.4901161443647837e-8,
                2.980232233218416e-8,
                0.9999999999999993,
                0,
                10.246425628662113,
                0.000019073486328125,
                -0.00006103515622157829,
                1
            ],
            "name": "Mid1_1_A_L"
        },
        "Mid1_1_A_R": {
            "children": [],
            "matrix": [
                0.9999999999999994,
                -1.3877787807814457e-17,
                1.4901161277114383e-8,
                0,
                -4.3021142204224816e-16,
                1,
                2.980232233218416e-8,
                0,
                -1.4901161221603232e-8,
                -2.9802322387695312e-8,
                0.999999999999999,
                0,
                -10.246416091918945,
                0.000026702880859375,
                0.00007629394534092171,
                1
            ],
            "name": "Mid1_1_A_R"
        },
        "Ring1_0_A_L": {
            "children": [
                "Ring1_1_A_L"
            ],
            "matrix": [
                0.9601010084152225,
                0.21888683736324308,
                -0.17405202984809884,
                0,
                -0.11504239425620347,
                0.8764253249484556,
                0.4675937930638652,
                0,
                0.2548937413547743,
                -0.42891392347685475,
                0.8666381313345325,
                0,
                13.95952224731446,
                -5.510513305664055,
                -1.6631164550781534,
                1
            ],
            "name": "Ring1_0_A_L"
        },
        "Ring1_0_A_R": {
            "children": [
                "Ring1_1_A_R"
            ],
            "matrix": [
                0.960099756717682,
                0.21888956427574166,
                -0.17405687272548687,
                0,
                -0.11504302042947365,
                0.8764259286172115,
                0.46759264620902996,
                0,
                0.25489910914545505,
                -0.4289115612853528,
                0.8666380451028209,
                0,
                -13.959476470947273,
                5.510597229003899,
                1.6630096435546875,
                1
            ],
            "name": "Ring1_0_A_R"
        },
        "Ring1_1_A_L": {
            "children": [],
            "matrix": [
                0.9999862909317017,
                0,
                0.00523608922958374,
                0,
                -1.1703731039869325e-10,
                1.0000000000000002,
                2.235174181852706e-8,
                0,
                -0.0052360892312178775,
                -2.235204822620407e-8,
                0.9999862912437947,
                0,
                6.889572143554702,
                0.000030517578117894573,
                -0.0000457763671875,
                1
            ],
            "name": "Ring1_1_A_L"
        },
        "Ring1_1_A_R": {
            "children": [],
            "matrix": [
                1.0000001192092898,
                -3.725290298461914e-9,
                -0.000002980232238658509,
                0,
                3.725290742551124e-9,
                1.0000002384185793,
                0,
                0,
                0.0000029802322387695312,
                -1.1046719095020308e-14,
                1.0000001192092898,
                0,
                -6.889625549316406,
                0.000034332275390625,
                0.0000762939453125,
                1
            ],
            "name": "Ring1_1_A_R"
        },
        "SMDImport": {
            "children": [],
            "matrix": [
                1,
                0,
                0,
                0,
                0,
                1,
                0,
                0,
                0,
                0,
                1,
                0,
                0,
                0,
                0,
                1
            ],
            "meshes": [
                "SMDImport-mesh"
            ],
            "name": "SMDImport"
        },
        "SMDImport001": {
            "children": [],
            "matrix": [
                1,
                0,
                0,
                0,
                0,
                1,
                0,
                0,
                0,
                0,
                1,
                0,
                0,
                0,
                0,
                1
            ],
            "meshes": [
                "SMDImport001-mesh"
            ],
            "name": "SMDImport001"
        },
        "SMDImport002": {
            "children": [],
            "matrix": [
                1,
                0,
                0,
                0,
                0,
                1,
                0,
                0,
                0,
                0,
                1,
                0,
                0,
                0,
                0,
                1
            ],
            "meshes": [
                "SMDImport002-mesh"
            ],
            "name": "SMDImport002"
        },
        "Thumb1_0_A_L": {
            "children": [
                "Thumb1_1_A_L"
            ],
            "matrix": [
                0.9877547025680549,
                0.15601399540901187,
                -0.000007987022399957855,
                0,
                -0.15568228776232193,
                0.9856512582438723,
                -0.06522646539476451,
                0,
                -0.010168370715428005,
                0.06442900189086959,
                0.997870444197794,
                0,
                17.92443466186524,
                4.012248992919929,
                -0.13049316406252842,
                1
            ],
            "name": "Thumb1_0_A_L"
        },
        "Thumb1_0_A_R": {
            "children": [
                "Thumb1_1_A_R"
            ],
            "matrix": [
                0.9877551794052122,
                0.15601213276386255,
                -0.000005960464477566818,
                0,
                -0.15568012390012143,
                0.9856506485956793,
                -0.06524077027732439,
                0,
                -0.010172477642795663,
                0.06444284215134338,
                0.9978696061816679,
                0,
                -17.92443466186524,
                -4.012176513671889,
                0.13055419921875,
                1
            ],
            "name": "Thumb1_0_A_R"
        },
        "Thumb1_1_A_L": {
            "children": [],
            "matrix": [
                0.9999999999999999,
                -7.450580596923828e-9,
                2.9802322359939737e-8,
                0,
                7.450580610801616e-9,
                1,
                0,
                0,
                -2.9802322443206464e-8,
                2.7755575615628914e-16,
                0.9999999999999993,
                0,
                7.0634002685546875,
                -0.00000762939453125,
                0.0000152587890625,
                1
            ],
            "name": "Thumb1_1_A_L"
        },
        "Thumb1_1_A_R": {
            "children": [],
            "matrix": [
                0.9999998807907109,
                -7.450580624679404e-9,
                -0.000001013278961153885,
                0,
                7.4505503849797705e-9,
                0.9999998807907108,
                -2.980232233218416e-8,
                0,
                0.000001013278961486952,
                2.9802314838178745e-8,
                0.9999998807907103,
                0,
                -7.063404083251953,
                0.00003051757813210543,
                -0.000030517578125,
                1
            ],
            "name": "Thumb1_1_A_R"
        },
        "aChain0_0": {
            "children": [
                "aChain0_1"
            ],
            "matrix": [
                -0.9863167405128479,
                1.2078890998171296e-16,
                -0.16486153006553653,
                0,
                1.0227494027666129e-16,
                1,
                1.2078896170428274e-16,
                0,
                0.1648615300655365,
                1.0227497336388579e-16,
                -0.986316740512848,
                0,
                -15.586589813232422,
                0.000003999999989900971,
                -3.7414398193359375,
                1
            ],
            "name": "aChain0_0"
        },
        "aChain0_1": {
            "children": [
                "aChain0_2"
            ],
            "matrix": [
                0.9846529960632324,
                3.584284251815986e-23,
                -0.17452366650104517,
                0,
                2.523018001037547e-16,
                1.0000000000000002,
                1.423472642989491e-15,
                0,
                0.17452366650104517,
                -1.4456592208093063e-15,
                0.9846529960632324,
                0,
                15.943331718444826,
                -0.0000019999995402031333,
                0.00000762939453125,
                1
            ],
            "name": "aChain0_1"
        },
        "aChain0_2": {
            "children": [
                "quadThigh_L",
                "tail1_0",
                "quadThigh_R"
            ],
            "matrix": [
                1,
                -1.4149594891539248e-17,
                -1.734723475976807e-18,
                0,
                1.4149592798216224e-17,
                1,
                5.6619985113281905e-15,
                0,
                1.734723475976807e-18,
                -5.661998512469006e-15,
                1,
                0,
                15.033035278320312,
                -0.000016999998479150236,
                -0.00006866455079546085,
                1
            ],
            "name": "aChain0_2"
        },
        "bicep_L": {
            "children": [
                "elbow_L"
            ],
            "matrix": [
                0.3154690265655516,
                0.9484053254127501,
                0.031726758927106816,
                0,
                -0.9488831987414701,
                0.31562801311802646,
                -9.285286065169318e-7,
                0,
                -0.010014734670887114,
                -0.03010469607516683,
                0.9994967575608342,
                0,
                16.8745059967041,
                0.3745574951171591,
                10.117822647094727,
                1
            ],
            "name": "bicep_L"
        },
        "bicep_R": {
            "children": [
                "elbow_R"
            ],
            "matrix": [
                0.31547111272811873,
                0.9484049677848814,
                0.031714886426925645,
                0,
                -0.9488822233656136,
                0.3156298959242405,
                -9.592622496300274e-7,
                0,
                -0.010011079323573369,
                -0.030093399103516577,
                0.9994970536679347,
                0,
                -17.5787239074707,
                -0.3233947753906534,
                -9.939945220947264,
                1
            ],
            "name": "bicep_R"
        },
        "broke_R0C0": {
            "children": [
                "broke_R1C0"
            ],
            "matrix": [
                -0.07635185867547985,
                -0.21540039777755718,
                -0.9735363721847535,
                0,
                -0.9425387429357719,
                0.33409680594514907,
                4.246369782456264e-17,
                0,
                0.32525539153774435,
                0.9175957459569335,
                -0.22853213164184005,
                0,
                11.695233345031737,
                17.500009536743164,
                -18.8472900390625,
                1
            ],
            "name": "broke_R0C0"
        },
        "broke_R1C0": {
            "children": [
                "broke_R2C0"
            ],
            "matrix": [
                0.9765236377716062,
                0.07185786962509155,
                0.2030717432498932,
                0,
                0.0019089954281981403,
                0.9397957353691678,
                -0.34173094432449863,
                0,
                -0.21540206486931196,
                0.334096083835664,
                0.9175957824219707,
                0,
                14.511512756347656,
                0.00000667572021484375,
                -1.1948537826538086,
                1
            ],
            "name": "broke_R1C0"
        },
        "broke_R2C0": {
            "children": [
                "broke_R3C0"
            ],
            "matrix": [
                0.9884408116340638,
                -0.15160715579986567,
                -3.4106051295308985e-13,
                0,
                0.15160715579986575,
                0.9884408116340639,
                4.263256417207579e-14,
                0,
                3.306547392423339e-13,
                -9.384698389200248e-14,
                1,
                0,
                20.491760253906243,
                2.2704925537109375,
                -9.5367431640625e-7,
                1
            ],
            "name": "broke_R2C0"
        },
        "broke_R3C0": {
            "children": [],
            "matrix": [
                0.9971224665641784,
                0.07580818235874175,
                -8.470329472543003e-22,
                0,
                -0.07580818231592416,
                0.9971224660009886,
                -3.400795278606386e-14,
                0,
                -2.578081147272971e-15,
                3.39100903553106e-14,
                0.9999999999999997,
                0,
                10.792404174804688,
                -2.6115055084228516,
                -9.536743181826068e-7,
                1
            ],
            "name": "broke_R3C0"
        },
        "busted_R0C0": {
            "children": [
                "busted_R1C0"
            ],
            "matrix": [
                -0.07621743530035006,
                0.22307226061820942,
                -0.9718177318572999,
                0,
                -0.9462895943065822,
                -0.3233202235463177,
                -7.450579709280374e-9,
                0,
                -0.31420833163737294,
                0.9196210173779341,
                0.2357335999705293,
                0,
                11.695227622985838,
                -17.4999942779541,
                -18.84729766845703,
                1
            ],
            "name": "busted_R0C0"
        },
        "busted_R1C0": {
            "children": [
                "busted_R2C0"
            ],
            "matrix": [
                0.9721180796623231,
                0.14374193549156192,
                -0.18527039885520932,
                0,
                -0.07228682660730432,
                0.9353095322815167,
                0.34636872260218815,
                0,
                0.22307282998532713,
                -0.32331861479826496,
                0.919621745791001,
                0,
                19.63619995117189,
                0.000002861022950995107,
                0.0000019073486328125,
                1
            ],
            "name": "busted_R1C0"
        },
        "busted_R2C0": {
            "children": [
                "busted_R3C0"
            ],
            "matrix": [
                0.9625843167304992,
                -0.27098205685615545,
                -1.421085469402618e-13,
                0,
                0.27098207240361694,
                0.9625843719582985,
                3.4106051271486184e-13,
                0,
                4.43701917799216e-14,
                -3.668084069917187e-13,
                0.9999999999999998,
                0,
                25.18825149536132,
                0.000011444091795098643,
                -0.0000019073486328125,
                1
            ],
            "name": "busted_R2C0"
        },
        "busted_R3C0": {
            "children": [],
            "matrix": [
                0.9925768375396722,
                0.1216191574931144,
                9.536743164062492e-7,
                0,
                -0.1216191574931144,
                0.9925768375396725,
                -1.021886570989943e-13,
                0,
                -9.465950514471239e-7,
                -1.1598496569883202e-7,
                0.9999999999999998,
                0,
                28.13763809204101,
                -0.000049591064456677714,
                -0.0000019073486328125,
                1
            ],
            "name": "busted_R3C0"
        },
        "clavicle_L": {
            "children": [
                "shoulder_hands2_0_A_L",
                "bicep_L"
            ],
            "matrix": [
                -0.005916658788919449,
                0.9671562910079957,
                0.2541133165359497,
                0,
                -0.9670588390197078,
                -0.07020404720648474,
                0.24468032442483043,
                0,
                0.25448393657951224,
                -0.24429487560128355,
                0.9357125539903002,
                0,
                21.446319580078153,
                3.321115970611573,
                -2.647918701171882,
                1
            ],
            "name": "clavicle_L"
        },
        "clavicle_R": {
            "children": [
                "shoulder_hands3_0_A_R",
                "bicep_R"
            ],
            "matrix": [
                0.005917824804782729,
                0.9670588970184327,
                -0.2544839382171632,
                0,
                0.9671562325142444,
                -0.07020526103688746,
                -0.24429502936762423,
                0,
                -0.2541138115371703,
                -0.24468004962494347,
                -0.9357125703024273,
                0,
                21.446319580078153,
                -3.321134090423584,
                -2.6479148864746165,
                1
            ],
            "name": "clavicle_R"
        },
        "elbow_L": {
            "children": [
                "wrist_L"
            ],
            "matrix": [
                0.6566250920295715,
                0.0000034868717193603516,
                -0.7542170286178592,
                0,
                0.0000029695092594872463,
                1.0000000000013116,
                0.000007208437099465864,
                0,
                0.7542169991166253,
                -0.000006972894851076106,
                0.6566250663134141,
                0,
                38.200752258300795,
                -0.6753768920898509,
                -10.107591629028319,
                1
            ],
            "name": "elbow_L"
        },
        "elbow_R": {
            "children": [
                "wrist_R"
            ],
            "matrix": [
                0.6566342711448669,
                -2.9802322359939737e-8,
                -0.7542093396186828,
                0,
                5.822308388192532e-8,
                1.0000001192092882,
                1.1175871051510855e-8,
                0,
                0.7542092127715193,
                -5.125083890611393e-8,
                0.6566341607084288,
                0,
                -38.032806396484375,
                -0.009075164794921875,
                9.923913955688478,
                1
            ],
            "name": "elbow_R"
        },
        "head": {
            "children": [
                "tentacle1_0_R",
                "tentacle0_0_L",
                "jaw2_0"
            ],
            "matrix": [
                0.15028195083141307,
                -3.9839367194483914e-21,
                -0.9886431097984313,
                0,
                -3.436221297990179e-15,
                1,
                -5.223382966914184e-16,
                0,
                0.9886431097984314,
                3.4756945247238634e-15,
                0.15028195083141313,
                0,
                20.71234130859375,
                -0.000009000001227832396,
                0.000005722045901990214,
                1
            ],
            "name": "head"
        },
        "index_0_L": {
            "children": [
                "index_1_L"
            ],
            "matrix": [
                0.8194342255592343,
                0.04532894864678387,
                -0.5713779330253601,
                0,
                0.4702487993613753,
                0.5167877896476876,
                0.7153993605226104,
                0,
                0.3277094363665892,
                -0.8549124986286143,
                0.40215771412978335,
                0,
                16.4933090209961,
                -1.2670516967773438,
                -12.2508773803711,
                1
            ],
            "name": "index_0_L"
        },
        "index_0_R": {
            "children": [
                "index_1_R"
            ],
            "matrix": [
                0.8165277838706969,
                0.04708484932780267,
                -0.5753827095031735,
                0,
                0.4962163947796101,
                0.4521278374964189,
                0.7411811950751254,
                0,
                0.29504495763695004,
                -0.890709410312066,
                0.3458106817181397,
                0,
                -16.35955810546875,
                1.3108367919921875,
                12.145347595214844,
                1
            ],
            "name": "index_0_R"
        },
        "index_1_L": {
            "children": [
                "index_2_L"
            ],
            "matrix": [
                0.9869426488876344,
                8.195638662167326e-8,
                -0.16107222437858587,
                0,
                -2.0950039399461606e-7,
                0.9999999999999789,
                -7.748603937374199e-7,
                0,
                0.1610722365600755,
                7.984875244337886e-7,
                0.9869427235280455,
                0,
                12.20965576171875,
                0.000007629394524144573,
                0.00002288818359375,
                1
