{
    "accessors": {
        "attrbute_1": {
            "bufferView": "bufferView_19",
            "byteOffset": 0,
            "byteStride": 12,
            "count": 978,
            "max": [
                23.042497634887695,
                26.2705135345459,
                211.51170349121094,
                0
            ],
            "min": [
                -23.042499542236328,
                -35.569602966308594,
                150.92510986328125,
                0
            ],
            "type": 35665
        },
        "attrbute_10": {
            "bufferView": "bufferView_19",
            "byteOffset": 60888,
            "byteStride": 16,
            "count": 69,
            "max": [
                4,
                5,
                8,
                -1
            ],
            "min": [
                0,
                1,
                2,
                -1
            ],
            "type": 35666
        },
        "attrbute_11": {
            "bufferView": "bufferView_19",
            "byteOffset": 61992,
            "byteStride": 12,
            "count": 69,
            "max": [
                0.8647410273551941,
                0.6328979730606079,
                0.44961053133010864
            ],
            "min": [
                0.043324001133441925,
                0.08790600299835205,
                0.0031620000954717398
            ],
            "type": 35665
        },
        "attrbute_13": {
            "bufferView": "bufferView_19",
            "byteOffset": 62820,
            "byteStride": 12,
            "count": 1849,
            "max": [
                88.12801361083984,
                74.72661590576172,
                189.60186767578125,
                0
            ],
            "min": [
                -86.92825317382812,
                -67.12881469726562,
                -1.358538031578064,
                0
            ],
            "type": 35665
        },
        "attrbute_14": {
            "bufferView": "bufferView_19",
            "byteOffset": 85008,
            "byteStride": 12,
            "count": 1849,
            "max": [
                0.9995729923248291,
                0.9991459846496582,
                0.9999390244483948,
                0
            ],
            "min": [
                -0.9997249841690063,
                -0.9988099932670593,
                -0.9998779892921448,
                0
            ],
            "type": 35665
        },
        "attrbute_15": {
            "bufferView": "bufferView_19",
            "byteOffset": 107196,
            "byteStride": 8,
            "count": 1849,
            "max": [
                1.5266000032424927,
                -0.013899999670684338
            ],
            "min": [
                0.009800000116229057,
                -0.9894000291824341
            ],
            "type": 35664
        },
        "attrbute_16": {
            "bufferView": "bufferView_19",
            "byteOffset": 121988,
            "byteStride": 16,
            "count": 1849,
            "max": [
                52,
                51,
                52,
                -1
            ],
            "min": [
                0,
                -1,
                -1,
                -1
            ],
            "type": 35666
        },
        "attrbute_17": {
            "bufferView": "bufferView_19",
            "byteOffset": 151572,
            "byteStride": 12,
            "count": 1849,
            "max": [
                1,
                0.9994710087776184,
                0.9888880252838135
            ],
            "min": [
                0.0001289999927394092,
                0,
                0
            ],
            "type": 35665
        },
        "attrbute_2": {
            "bufferView": "bufferView_19",
            "byteOffset": 11736,
            "byteStride": 12,
            "count": 978,
            "max": [
                0.996612012386322,
                0.9995120167732239,
                0.9960020184516907,
                0
            ],
            "min": [
                -0.996612012386322,
                -0.9998779892921448,
                -0.994018018245697,
                0
            ],
            "type": 35665
        },
        "attrbute_3": {
            "bufferView": "bufferView_19",
            "byteOffset": 23472,
            "byteStride": 8,
            "count": 978,
            "max": [
                0.9962000250816345,
                -0.012900000438094139
            ],
            "min": [
                0.025200000032782555,
                -0.9884999990463257
            ],
            "type": 35664
        },
        "attrbute_4": {
            "bufferView": "bufferView_19",
            "byteOffset": 31296,
            "byteStride": 16,
            "count": 978,
            "max": [
                3,
                5,
                5,
                -1
            ],
            "min": [
                0,
                -1,
                -1,
                -1
            ],
            "type": 35666
        },
        "attrbute_5": {
            "bufferView": "bufferView_19",
            "byteOffset": 46944,
            "byteStride": 12,
            "count": 978,
            "max": [
                1,
                0.9990419745445251,
                0.9993230104446411
            ],
            "min": [
                0.00014800000644754618,
                0,
                0
            ],
            "type": 35665
        },
        "attrbute_7": {
            "bufferView": "bufferView_19",
            "byteOffset": 58680,
            "byteStride": 12,
            "count": 69,
            "max": [
                18.51799201965332,
                -9.157690048217773,
                147.25628662109375,
                0
            ],
            "min": [
                -18.519901275634766,
                -39.42878723144531,
                83.63268280029297,
                0
            ],
            "type": 35665
        },
        "attrbute_8": {
            "bufferView": "bufferView_19",
            "byteOffset": 59508,
            "byteStride": 12,
            "count": 69,
            "max": [
                0.9925529956817627,
                0.6935939788818359,
                0.801813006401062,
                0
            ],
            "min": [
                -0.9922789931297302,
                -0.9999690055847168,
                -0.372996985912323,
                0
            ],
            "type": 35665
        },
        "attrbute_9": {
            "bufferView": "bufferView_19",
            "byteOffset": 60336,
            "byteStride": 8,
            "count": 69,
            "max": [
                0.9850000143051147,
                -0.05460000038146973
            ],
            "min": [
                0.031199999153614044,
                -0.9093000292778015
            ],
            "type": 35664
        },
        "indices_12": {
            "bufferView": "bufferView_21",
            "byteOffset": 8556,
            "count": 330,
            "type": 5123
        },
        "indices_18": {
            "bufferView": "bufferView_21",
            "byteOffset": 9216,
            "count": 8397,
            "type": 5123
        },
        "indices_6": {
            "bufferView": "bufferView_21",
            "byteOffset": 0,
            "count": 4278,
            "type": 5123
        }
    },
    "animations": {},
    "asset": {},
    "bufferViews": {
        "bufferView_19": {
            "buffer": "bane.bin",
            "byteLength": 173760,
            "byteOffset": 0,
            "target": 34962
        },
        "bufferView_20": {
            "buffer": "bane.bin",
            "byteLength": 5120,
            "byteOffset": 173760
        },
        "bufferView_21": {
            "buffer": "bane.bin",
            "byteLength": 26010,
            "byteOffset": 178880,
            "target": 34963
        }
    },
    "buffers": {
        "bane.bin": {
            "byteLength": 204890,
            "path": "bane.bin"
        }
    },
    "cameras": {},
    "images": {
        "image_0": {
            "path": "textures/bane_head_color.png"
        },
        "image_1": {
            "path": "textures/bane_stomach_color.png"
        },
        "image_2": {
            "path": "textures/bane_body_color.png"
        }
    },
    "lights": {},
    "materials": {
        "Material #35": {
            "instanceTechnique": {
                "technique": "technique_0",
                "values": {
                    "ambient": [
                        0.5879999995231628,
                        0.5879999995231628,
                        0.5879999995231628
                    ],
                    "diffuse": "Map #4",
                    "emission": [
                        0,
                        0,
                        0
                    ],
                    "shininess": 2,
                    "specular": [
                        0.8999999761581421,
                        0.8999999761581421,
                        0.8999999761581421
                    ],
                    "transparency": 1
                }
            },
            "name": "Material #35"
        },
        "Material #46": {
            "instanceTechnique": {
                "technique": "technique_0",
                "values": {
                    "ambient": [
                        0.5879999995231628,
                        0.5879999995231628,
                        0.5879999995231628
                    ],
                    "diffuse": "Map #5",
                    "emission": [
                        0,
                        0,
                        0
                    ],
                    "shininess": 2,
                    "specular": [
                        0.8999999761581421,
                        0.8999999761581421,
                        0.8999999761581421
                    ],
                    "transparency": 1
                }
            },
            "name": "Material #46"
        },
        "Material #57": {
            "instanceTechnique": {
                "technique": "technique_0",
                "values": {
                    "ambient": [
                        0.5879999995231628,
                        0.5879999995231628,
                        0.5879999995231628
                    ],
                    "diffuse": "Map #6",
                    "emission": [
                        0,
                        0,
                        0
                    ],
                    "shininess": 2,
                    "specular": [
                        0.8999999761581421,
                        0.8999999761581421,
                        0.8999999761581421
                    ],
                    "transparency": 1
                }
            },
            "name": "Material #57"
        }
    },
    "meshes": {
        "SMDImport-mesh": {
            "name": "SMDImport-mesh",
            "primitives": [
                {
                    "attributes": {
                        "JOINT": "attrbute_4",
                        "NORMAL": "attrbute_2",
                        "POSITION": "attrbute_1",
                        "TEXCOORD_0": "attrbute_3",
                        "WEIGHT": "attrbute_5"
                    },
                    "indices": "indices_6",
                    "material": "Material #35"
                }
            ]
        },
        "SMDImport001-mesh": {
            "name": "SMDImport001-mesh",
            "primitives": [
                {
                    "attributes": {
                        "JOINT": "attrbute_10",
                        "NORMAL": "attrbute_8",
                        "POSITION": "attrbute_7",
                        "TEXCOORD_0": "attrbute_9",
                        "WEIGHT": "attrbute_11"
                    },
                    "indices": "indices_12",
                    "material": "Material #46"
                }
            ]
        },
        "SMDImport002-mesh": {
            "name": "SMDImport002-mesh",
            "primitives": [
                {
                    "attributes": {
                        "JOINT": "attrbute_16",
                        "NORMAL": "attrbute_14",
                        "POSITION": "attrbute_13",
                        "TEXCOORD_0": "attrbute_15",
                        "WEIGHT": "attrbute_17"
                    },
                    "indices": "indices_18",
                    "material": "Material #57"
                }
            ]
        }
    },
    "nodes": {
        "Index1_0_A_L": {
            "children": [
                "Index1_1_A_L"
            ],
            "jointId": "Index1_0_A_L",
            "matrix": [
                0.973400235176087,
                0.17841669917106637,
                -0.14373451471328744,
                0,
                -0.19239235839528696,
                0.9771871607618356,
                -0.08994540551634289,
                0,
                0.12440776247372753,
                0.11520630346194216,
                0.9855202413950341,
                0,
                17.376880645751953,
                1.638061523437493,
                1.901397705078125,
                1
            ],
            "name": "Index1_0_A_L"
        },
        "Index1_0_A_R": {
            "children": [
                "Index1_1_A_R"
            ],
            "jointId": "Index1_0_A_R",
            "matrix": [
                0.9734016060829161,
                0.17840993404388425,
                -0.14373347163200362,
                0,
                -0.1923875302954988,
                0.9771869105067856,
                -0.08996150013691306,
                0,
                0.12440441530888469,
                0.11522117183492248,
                0.9855189450629098,
                0,
                -17.376876831054688,
                -1.6380233764648438,
                -1.9012908935546875,
                1
            ],
            "name": "Index1_0_A_R"
        },
        "Index1_1_A_L": {
            "children": [],
            "jointId": "Index1_1_A_L",
            "matrix": [
                1.000000238418579,
                2.9802322304428586e-8,
                2.9802322498717615e-8,
                0,
                -2.980232322036258e-8,
                1.000000238418579,
                2.9802322387695312e-8,
                0,
                -2.9802314449600686e-8,
                -2.9802316170446375e-8,
                0.9999999999999999,
                0,
                10.720535278320312,
                -0.000015258789069605427,
                0.00006103515627842171,
                1
            ],
            "name": "Index1_1_A_L"
        },
        "Index1_1_A_R": {
            "children": [],
            "jointId": "Index1_1_A_R",
            "matrix": [
                0.9999998807907102,
                4.470348355378739e-8,
                5.960464477539063e-8,
                0,
                -4.470348624607823e-8,
                0.9999999403953544,
                0,
                0,
                -5.960464466436832e-8,
                -2.6645352591003757e-15,
                0.9999998807907103,
                0,
                -10.720512390136733,
                0.000011444091796875,
                -2.842170943040401e-14,
                1
            ],
            "name": "Index1_1_A_R"
        },
        "Mid1_0_A_L": {
            "children": [
                "Mid1_1_A_L"
            ],
            "jointId": "Mid1_0_A_L",
            "matrix": [
                0.999999821186066,
                -7.450580610801616e-9,
                -5.960464483090178e-8,
                0,
                7.450579306289562e-9,
                1.0000001192092896,
                -5.960464466436832e-8,
                0,
                5.960465582210972e-8,
                5.960463728138521e-8,
                0.9999999999999968,
                0,
                17.305572509765625,
                -2.0702896118164134,
                1.0093994140625,
                1
            ],
            "name": "Mid1_0_A_L"
        },
        "Mid1_0_A_R": {
            "children": [
                "Mid1_1_A_R"
            ],
            "jointId": "Mid1_0_A_R",
            "matrix": [
                0.9999999999999996,
                1.3877787807814457e-17,
                1.4901161249358807e-8,
                0,
                -4.579669976578771e-16,
                1.0000000000000002,
                2.9802322498717615e-8,
                0,
                -1.4901161193847656e-8,
                -2.9802322387695312e-8,
                0.9999999999999989,
                0,
                -17.30554580688476,
                2.070343017578125,
                -1.0093994140625,
                1
            ],
            "name": "Mid1_0_A_R"
        },
        "Mid1_1_A_L": {
            "children": [],
            "jointId": "Mid1_1_A_L",
            "matrix": [
                1,
                -7.4505805691682525e-9,
                -1.4901161138336505e-8,
                0,
                7.4505802083457695e-9,
                0.9999999999999998,
                -2.9802322498717615e-8,
                0,
                1.490116141589226e-8,
                2.980232233218416e-8,
                0.9999999999999996,
                0,
                10.246425628662116,
                0.000019073486335230427,
                -0.00006103515625,
                1
            ],
            "name": "Mid1_1_A_L"
        },
        "Mid1_1_A_R": {
            "children": [],
            "jointId": "Mid1_1_A_R",
            "matrix": [
                0.9999999999999997,
                -6.938893903907228e-17,
                1.4901161249358807e-8,
                0,
                -4.440892098500626e-16,
                1,
                2.9802322443206464e-8,
                0,
                -1.490116130486996e-8,
                -2.980232222116186e-8,
                0.9999999999999991,
                0,
                -10.246416091918938,
                0.000026702880859375,
                0.00007629394534092171,
                1
            ],
            "name": "Mid1_1_A_R"
        },
        "Ring1_0_A_L": {
            "children": [
                "Ring1_1_A_L"
            ],
            "jointId": "Ring1_0_A_L",
            "matrix": [
                0.9601010084152226,
                0.2188868373632431,
                -0.17405202984809878,
                0,
                -0.11504239425620343,
                0.8764253249484558,
                0.46759379306386534,
                0,
                0.25489374135477416,
                -0.42891392347685475,
                0.8666381313345322,
                0,
                13.959522247314453,
                -5.510513305664077,
                -1.663116455078125,
                1
            ],
            "name": "Ring1_0_A_L"
        },
        "Ring1_0_A_R": {
            "children": [
                "Ring1_1_A_R"
            ],
            "jointId": "Ring1_0_A_R",
            "matrix": [
                0.9600997567176819,
                0.21888956427574166,
                -0.17405687272548667,
                0,
                -0.1150430204294737,
                0.8764259286172118,
                0.4675926462090301,
                0,
                0.2548991091454549,
                -0.42891156128535274,
                0.8666380451028206,
                0,
                -13.959476470947259,
                5.510597229003899,
                1.663009643554716,
                1
            ],
            "name": "Ring1_0_A_R"
        },
        "Ring1_1_A_L": {
            "children": [],
            "jointId": "Ring1_1_A_L",
            "matrix": [
                0.9999862909317015,
                -6.938893903907228e-18,
                0.005236089229583685,
                0,
                -1.1703731733758715e-10,
                1.0000000000000002,
                2.2351741790771484e-8,
                0,
                -0.005236089231217822,
                -2.235204822620407e-8,
                0.9999862912437947,
                0,
                6.889572143554702,
                0.000030517578125,
                -0.00004577636721592171,
                1
            ],
            "name": "Ring1_1_A_L"
        },
        "Ring1_1_A_R": {
            "children": [],
            "jointId": "Ring1_1_A_R",
            "matrix": [
                1.0000001192092896,
                -3.725290298461914e-9,
                -0.00000298023223871402,
                0,
                3.72529073561223e-9,
                1.000000238418579,
                0,
                0,
                0.0000029802322388250424,
                -1.1046719095020308e-14,
                1.0000001192092898,
                0,
                -6.8896255493164205,
                0.00003433227538351957,
                0.0000762939453125,
                1
            ],
            "name": "Ring1_1_A_R"
        },
        "SMDImport": {
            "children": [],
            "instanceSkin": {
                "skeletons": [
                    "root"
                ],
                "skin": "skin_0",
                "sources": [
                    "SMDImport-mesh"
                ]
            },
            "matrix": [
                1,
                0,
                0,
                0,
                0,
                1,
                0,
                0,
                0,
                0,
                1,
                0,
                0,
                0,
                0,
                1
            ],
            "name": "SMDImport"
        },
        "SMDImport001": {
            "children": [],
            "instanceSkin": {
                "skeletons": [
                    "root"
                ],
                "skin": "skin_1",
                "sources": [
                    "SMDImport001-mesh"
                ]
            },
            "matrix": [
                1,
                0,
                0,
                0,
                0,
                1,
                0,
                0,
                0,
                0,
                1,
                0,
                0,
                0,
                0,
                1
            ],
            "name": "SMDImport001"
        },
        "SMDImport002": {
            "children": [],
            "instanceSkin": {
                "skeletons": [
                    "root"
                ],
                "skin": "skin_2",
                "sources": [
                    "SMDImport002-mesh"
                ]
            },
            "matrix": [
                1,
                0,
                0,
                0,
                0,
                1,
                0,
                0,
                0,
                0,
                1,
                0,
                0,
                0,
                0,
                1
            ],
            "name": "SMDImport002"
        },
        "Thumb1_0_A_L": {
            "children": [
                "Thumb1_1_A_L"
            ],
            "jointId": "Thumb1_0_A_L",
            "matrix": [
                0.9877547025680548,
                0.1560139954090118,
                -0.000007987022399957855,
                0,
                -0.15568228776232185,
                0.9856512582438723,
                -0.06522646539476429,
                0,
                -0.010168370715428032,
                0.06442900189086953,
                0.9978704441977941,
                0,
                17.924434661865234,
                4.012248992919915,
                -0.13049316406252842,
                1
            ],
            "name": "Thumb1_0_A_L"
        },
        "Thumb1_0_A_R": {
            "children": [
                "Thumb1_1_A_R"
            ],
            "jointId": "Thumb1_0_A_R",
            "matrix": [
                0.9877551794052121,
                0.1560121327638625,
                -0.000005960464477511307,
                0,
                -0.15568012390012143,
                0.9856506485956795,
                -0.06524077027732422,
                0,
                -0.010172477642795719,
                0.06444284215134344,
                0.9978696061816675,
                0,
                -17.924434661865234,
                -4.012176513671875,
                0.13055419921875,
                1
            ],
            "name": "Thumb1_0_A_R"
        },
        "Thumb1_1_A_L": {
            "children": [],
            "jointId": "Thumb1_1_A_L",
            "matrix": [
                1,
                -7.45058058304604e-9,
                2.980232233218416e-8,
                0,
                7.45058058304604e-9,
                1.0000000000000004,
                0,
                0,
                -2.9802322387695312e-8,
                2.220446049250313e-16,
                0.9999999999999996,
                0,
                7.06340026855468,
                -0.00000762939453125,
                0.0000152587890625,
                1
            ],
            "name": "Thumb1_1_A_L"
        },
        "Thumb1_1_A_R": {
            "children": [],
            "jointId": "Thumb1_1_A_R",
            "matrix": [
                0.9999998807907107,
                -7.450580596923828e-9,
                -0.0000010132789612371518,
                0,
                7.450550398857558e-9,
                0.9999998807907106,
                -2.9802322387695312e-8,
                0,
                0.0000010132789614036852,
                2.9802314727156443e-8,
                0.9999998807907101,
                0,
                -7.06340408325196,
                0.000030517578110789145,
                -0.000030517578125,
                1
            ],
            "name": "Thumb1_1_A_R"
        },
        "aChain0_0": {
            "children": [
                "aChain0_1"
            ],
            "jointId": "aChain0_0",
            "matrix": [
                -0.9863167405128479,
                1.2078890998171296e-16,
                -0.16486153006553653,
                0,
                1.0227494027666129e-16,
                1,
                1.2078896170428274e-16,
                0,
                0.1648615300655365,
                1.0227497336388579e-16,
                -0.986316740512848,
                0,
                -15.586589813232422,
                0.000003999999989900971,
                -3.7414398193359375,
                1
            ],
            "name": "aChain0_0"
        },
        "aChain0_1": {
            "children": [
                "aChain0_2"
            ],
            "jointId": "aChain0_1",
            "matrix": [
                0.9846529960632324,
                3.584284251815986e-23,
                -0.17452366650104517,
                0,
                2.523018001037547e-16,
                1.0000000000000002,
                1.423472642989491e-15,
                0,
                0.17452366650104517,
                -1.4456592208093063e-15,
                0.9846529960632324,
                0,
                15.943331718444826,
                -0.0000019999995402031333,
                0.00000762939453125,
                1
            ],
            "name": "aChain0_1"
        },
        "aChain0_2": {
            "children": [
                "quadThigh_L",
                "tail1_0",
                "quadThigh_R"
            ],
            "jointId": "aChain0_2",
            "matrix": [
                1,
                -1.4149594891539248e-17,
                -1.734723475976807e-18,
                0,
                1.4149592798216224e-17,
                1,
                5.6619985113281905e-15,
                0,
                1.734723475976807e-18,
                -5.661998512469006e-15,
                1,
                0,
                15.033035278320312,
                -0.000016999998479150236,
                -0.00006866455079546085,
                1
            ],
            "name": "aChain0_2"
        },
        "bicep_L": {
            "children": [
                "elbow_L"
            ],
            "jointId": "bicep_L",
            "matrix": [
                0.31546902656555165,
                0.9484053254127502,
                0.03172675892710684,
                0,
                -0.9488831987414703,
                0.31562801311802646,
                -9.285286065273402e-7,
                0,
                -0.010014734670887131,
                -0.03010469607516683,
                0.9994967575608342,
                0,
                16.874505996704094,
                0.3745574951172159,
                10.11782264709473,
                1
            ],
            "name": "bicep_L"
        },
        "bicep_R": {
            "children": [
                "elbow_R"
            ],
            "jointId": "bicep_R",
            "matrix": [
                0.3154711127281188,
                0.9484049677848815,
                0.031714886426925645,
                0,
                -0.9488822233656141,
                0.31562989592424057,
                -9.592622496109454e-7,
                0,
                -0.010011079323573303,
                -0.030093399103516598,
                0.9994970536679353,
                0,
                -17.57872390747071,
                -0.323394775390625,
                -9.939945220947266,
                1
            ],
            "name": "bicep_R"
        },
        "broke_R0C0": {
            "children": [
                "broke_R1C0"
            ],
            "jointId": "broke_R0C0",
            "matrix": [
                -0.07635185867547985,
                -0.21540039777755718,
                -0.9735363721847535,
                0,
                -0.9425387429357719,
                0.33409680594514907,
                4.246369782456264e-17,
                0,
                0.32525539153774435,
                0.9175957459569335,
                -0.22853213164184005,
                0,
                11.695233345031737,
                17.500009536743164,
                -18.8472900390625,
                1
            ],
            "name": "broke_R0C0"
        },
        "broke_R1C0": {
            "children": [
                "broke_R2C0"
            ],
            "jointId": "broke_R1C0",
            "matrix": [
                0.9765236377716064,
                0.07185786962509151,
                0.20307174324989313,
                0,
                0.0019089954281980986,
                0.939795735369168,
                -0.3417309443244986,
                0,
                -0.21540206486931202,
                0.334096083835664,
                0.9175957824219709,
                0,
                14.511512756347656,
                0.00000667572021484375,
                -1.1948537826538086,
                1
            ],
            "name": "broke_R1C0"
        },
        "broke_R2C0": {
            "children": [
                "broke_R3C0"
            ],
            "jointId": "broke_R2C0",
            "matrix": [
                0.9884408116340637,
                -0.15160715579986572,
                -3.410605131648481e-13,
                0,
                0.15160715579986578,
                0.9884408116340638,
                4.2632563960317554e-14,
                0,
                3.3065473881881743e-13,
                -9.384698378612336e-14,
                0.9999999999999999,
                0,
                20.491760253906243,
                2.270492553710941,
                -9.5367431640625e-7,
                1
            ],
            "name": "broke_R2C0"
        },
        "broke_R3C0": {
            "children": [],
            "jointId": "broke_R3C0",
            "matrix": [
                0.9971224665641785,
                0.07580818235874175,
                -4.235164736271502e-22,
                0,
                -0.07580818231592416,
                0.9971224660009886,
                -3.400795271415488e-14,
                0,
                -2.5780815707894447e-15,
                3.391009059353862e-14,
                0.9999999999999997,
                0,
                10.792404174804673,
                -2.6115055084228516,
                -9.536743181826068e-7,
                1
            ],
            "name": "broke_R3C0"
        },
        "busted_R0C0": {
            "children": [
                "busted_R1C0"
            ],
            "jointId": "busted_R0C0",
            "matrix": [
                -0.07621743530035006,
                0.22307226061820942,
                -0.9718177318572999,
                0,
                -0.9462895943065822,
                -0.3233202235463177,
                -7.450579709280374e-9,
                0,
                -0.31420833163737294,
                0.9196210173779341,
                0.2357335999705293,
                0,
                11.695227622985838,
                -17.4999942779541,
                -18.84729766845703,
                1
            ],
            "name": "busted_R0C0"
        },
        "busted_R1C0": {
            "children": [
                "busted_R2C0"
            ],
            "jointId": "busted_R1C0",
            "matrix": [
                0.9721180796623231,
                0.14374193549156192,
                -0.18527039885520932,
                0,
                -0.07228682660730432,
                0.9353095322815167,
                0.34636872260218815,
                0,
                0.22307282998532713,
                -0.32331861479826496,
                0.919621745791001,
                0,
                19.63619995117189,
                0.000002861022950995107,
                0.0000019073486328125,
                1
            ],
            "name": "busted_R1C0"
        },
        "busted_R2C0": {
            "children": [
                "busted_R3C0"
            ],
            "jointId": "busted_R2C0",
            "matrix": [
                0.9625843167304992,
                -0.2709820568561554,
                -1.4210854731083871e-13,
                0,
                0.27098207240361694,
                0.9625843719582985,
                3.410605131516132e-13,
                0,
                4.437019183286116e-14,
                -3.668084074350875e-13,
                0.9999999999999998,
                0,
                25.18825149536132,
                0.000011444091795098643,
                -0.0000019073486328125,
                1
            ],
            "name": "busted_R2C0"
        },
        "busted_R3C0": {
            "children": [],
            "jointId": "busted_R3C0",
            "matrix": [
                0.9925768375396722,
                0.12161915749311439,
                9.536743164062494e-7,
                0,
                -0.12161915749311444,
                0.9925768375396727,
                -1.0218865794073064e-13,
                0,
                -9.465950514471242e-7,
                -1.15984965698832e-7,
                1,
                0,
                28.13763809204101,
                -0.000049591064453125,
                -0.0000019073486328125,
                1
            ],
            "name": "busted_R3C0"
        },
        "clavicle_L": {
            "children": [
                "shoulder_hands2_0_A_L",
                "bicep_L"
            ],
            "jointId": "clavicle_L",
            "matrix": [
                -0.005916658788919456,
                0.9671562910079958,
                0.2541133165359497,
                0,
                -0.9670588390197076,
                -0.07020404720648472,
                0.24468032442483034,
                0,
                0.25448393657951235,
                -0.24429487560128357,
                0.9357125539903003,
                0,
                21.446319580078153,
                3.3211159706115736,
                -2.647918701171875,
                1
            ],
            "name": "clavicle_L"
        },
        "clavicle_R": {
            "children": [
                "shoulder_hands3_0_A_R",
                "bicep_R"
            ],
            "jointId": "clavicle_R",
            "matrix": [
                0.0059178248047827495,
                0.9670588970184327,
                -0.2544839382171632,
                0,
                0.9671562325142445,
                -0.07020526103688747,
                -0.2442950293676242,
                0,
                -0.2541138115371703,
                -0.24468004962494344,
                -0.935712570302427,
                0,
                21.446319580078125,
                -3.3211340904235844,
                -2.6479148864746094,
                1
            ],
            "name": "clavicle_R"
        },
        "elbow_L": {
            "children": [
                "wrist_L"
            ],
            "jointId": "elbow_L",
            "matrix": [
                0.6566250920295714,
                0.000003486871719332596,
                -0.754217028617859,
                0,
                0.000002969509259515002,
                1.0000000000013118,
                0.0000072084370995526,
                0,
                0.7542169991166251,
                -0.000006972894851076106,
                0.656625066313414,
                0,
                38.20075225830081,
                -0.6753768920898438,
                -10.10759162902832,
                1
            ],
            "name": "elbow_L"
        },
        "elbow_R": {
            "children": [
                "wrist_R"
            ],
            "jointId": "elbow_R",
            "matrix": [
                0.656634271144867,
                -2.9802322387695312e-8,
                -0.754209339618683,
                0,
                5.8223083909680895e-8,
                1.0000001192092884,
                1.1175871096613665e-8,
                0,
                0.7542092127715195,
                -5.1250838850602776e-8,
                0.6566341607084288,
                0,
                -38.03280639648436,
                -0.00907516479491477,
                9.923913955688477,
                1
            ],
            "name": "elbow_R"
        },
        "head": {
            "children": [
                "tentacle1_0_R",
                "tentacle0_0_L",
                "jaw2_0"
            ],
            "jointId": "head",
            "matrix": [
                0.15028195083141307,
                -3.983936710672067e-21,
                -0.9886431097984313,
                0,
                -3.4362212970336016e-15,
                1,
                -5.223382415946524e-16,
                0,
                0.9886431097984313,
                3.4756945297415726e-15,
                0.15028195083141313,
                0,
                20.71234130859375,
                -0.0000090000012278324,
                0.000005722045894884786,
                1
            ],
            "name": "head"
        },
        "index_0_L": {
            "children": [
                "index_1_L"
            ],
            "jointId": "index_0_L",
            "matrix": [
                0.819434225559234,
                0.04532894864678378,
                -0.5713779330253599,
                0,
                0.4702487993613753,
                0.5167877896476876,
                0.7153993605226103,
                0,
                0.32770943636658934,
                -0.8549124986286142,
                0.4021577141297834,
                0,
                16.493309020996094,
