{
    "accessors": [
        {
            "bufferView": 0,
            "byteOffset": 0,
            "componentType": 5126,
            "count": 978,
            "max": [
                23.042497634887695,
                26.2705135345459,
                211.51170349121094
            ],
            "min": [
                -23.042499542236328,
                -35.569602966308594,
                150.92510986328125
            ],
            "type": "VEC3"
        },
        {
            "bufferView": 0,
            "byteOffset": 11736,
            "componentType": 5126,
            "count": 978,
            "max": [
                0.996612012386322,
                0.9995120167732239,
                0.9960020184516907
            ],
            "min": [
                -0.996612012386322,
                -0.9998779892921448,
                -0.994018018245697
            ],
            "type": "VEC3"
        },
        {
            "bufferView": 0,
            "byteOffset": 23472,
            "componentType": 5126,
            "count": 978,
            "max": [
                0.9962000250816345,
                1.9884999990463257
            ],
            "min": [
                0.025200000032782555,
                1.0129000004380941
            ],
            "type": "VEC2"
        },
        {
            "bufferView": 0,
            "byteOffset": 31296,
            "componentType": 5123,
            "count": 978,
            "max": [
                3,
                5,
                5,
                0
            ],
            "min": [
                0,
                0,
                0,
                0
            ],
            "type": "VEC4"
        },
        {
            "bufferView": 0,
            "byteOffset": 39120,
            "componentType": 5126,
            "count": 978,
            "max": [
                1,
                0.9990419745445251,
                0.9993230104446411,
                0
            ],
            "min": [
                0.00014800000644754618,
                0,
                0,
                0
            ],
            "type": "VEC4"
        },
        {
            "bufferView": 2,
            "byteOffset": 0,
            "componentType": 5123,
            "count": 4278,
            "max": [
                977
            ],
            "min": [
                0
            ],
            "type": "SCALAR"
        },
        {
            "bufferView": 1,
            "byteOffset": 0,
            "componentType": 5126,
            "count": 6,
            "max": [
                0.20462373900005143,
                0.999999999999226,
                0.0008256311444049374,
                0,
                0.9584404698954249,
                0.000001203936385091129,
                0.20309744826473722,
                0,
                0.1987989940137394,
                -3.4914814125628007e-15,
                1.0000001192086283,
                0,
                52.286470766161415,
                0.00005038759488163365,
                185.9827136673628,
                1
            ],
            "min": [
                0.0000012039364568505203,
                -0.9792094500857956,
                -0.000005174105217010649,
                0,
                -1.0000001192078543,
                -0.20035805055824865,
                6.123654712873063e-17,
                0,
                -0.19534272009552592,
                -0.04156351307108025,
                -0.979865477607325,
                0,
                -52.907076964521806,
                -5.108067285764923,
                -183.08982414530212,
                1
            ],
            "type": "MAT4"
        },
        {
            "bufferView": 0,
            "byteOffset": 54768,
            "componentType": 5126,
            "count": 69,
            "max": [
                18.51799201965332,
                -9.157690048217773,
                147.25628662109375
            ],
            "min": [
                -18.519901275634766,
                -39.42878723144531,
                83.63268280029297
            ],
            "type": "VEC3"
        },
        {
            "bufferView": 0,
            "byteOffset": 55596,
            "componentType": 5126,
            "count": 69,
            "max": [
                0.9925529956817627,
                0.6935939788818359,
                0.801813006401062
            ],
            "min": [
                -0.9922789931297302,
                -0.9999690055847168,
                -0.372996985912323
            ],
            "type": "VEC3"
        },
        {
            "bufferView": 0,
            "byteOffset": 56424,
            "componentType": 5126,
            "count": 69,
            "max": [
                0.9850000143051147,
                1.9093000292778015
            ],
            "min": [
                0.031199999153614044,
                1.0546000003814697
            ],
            "type": "VEC2"
        },
        {
            "bufferView": 0,
            "byteOffset": 56976,
            "componentType": 5123,
            "count": 69,
            "max": [
                4,
                5,
                8,
                0
            ],
            "min": [
                0,
                1,
                2,
                0
            ],
            "type": "VEC4"
        },
        {
            "bufferView": 0,
            "byteOffset": 57528,
            "componentType": 5126,
            "count": 69,
            "max": [
                0.8647410273551941,
                0.6328979730606079,
                0.44961053133010864,
                0
            ],
            "min": [
                0.043324001133441925,
                0.08790600299835205,
                0.0031620000954717398,
                0
            ],
            "type": "VEC4"
        },
        {
            "bufferView": 2,
            "byteOffset": 8556,
            "componentType": 5123,
            "count": 330,
            "max": [
                68
            ],
            "min": [
                0
            ],
            "type": "SCALAR"
        },
        {
            "bufferView": 1,
            "byteOffset": 384,
            "componentType": 5126,
            "count": 9,
            "max": [
                0.9671563244464733,
                0.9999999999999019,
                0.9196209163658784,
                0,
                0.24599031490278195,
                0.9462895444059246,
                0.9970234414763881,
                0,
                0.9970234414764858,
                0.25398847363255994,
                1,
                0,
                149.52081912988373,
                160.60294483535225,
                45.77564980505899,
                1
            ],
            "min": [
                -0.21540042580242338,
                -0.9398763886914244,
                -0.2521252415274301,
                0,
                -0.9999999999999014,
                -0.22821557965685124,
                -0.9656097589451412,
                0,
                -0.9735363641512591,
                -0.9973965938138675,
                -0.24076570817231455,
                0,
                -149.35742080019676,
                -58.13673525035464,
                -99.52884674072266,
                1
            ],
            "type": "MAT4"
        },
        {
            "bufferView": 0,
            "byteOffset": 58632,
            "componentType": 5126,
            "count": 1849,
            "max": [
                88.12801361083984,
                74.72661590576172,
                189.60186767578125
            ],
            "min": [
                -86.92825317382812,
                -67.12881469726562,
                -1.358538031578064
            ],
            "type": "VEC3"
        },
        {
            "bufferView": 0,
            "byteOffset": 80820,
            "componentType": 5126,
            "count": 1849,
            "max": [
                0.9995729923248291,
                0.9991459846496582,
                0.9999390244483948
            ],
            "min": [
                -0.9997249841690063,
                -0.9988099932670593,
                -0.9998779892921448
            ],
            "type": "VEC3"
        },
        {
            "bufferView": 0,
            "byteOffset": 103008,
            "componentType": 5126,
            "count": 1849,
            "max": [
                1.5266000032424927,
                1.989400029182434
            ],
            "min": [
                0.009800000116229057,
                1.0138999996706843
            ],
            "type": "VEC2"
        },
        {
            "bufferView": 0,
            "byteOffset": 117800,
            "componentType": 5123,
            "count": 1849,
            "max": [
                52,
                51,
                52,
                0
            ],
            "min": [
                0,
                0,
                0,
                0
            ],
            "type": "VEC4"
        },
        {
            "bufferView": 0,
            "byteOffset": 132592,
            "componentType": 5126,
            "count": 1849,
            "max": [
                1,
                0.9994710087776184,
                0.9888880252838135,
                0
            ],
            "min": [
                0.0001289999927394092,
                0,
                0,
                0
            ],
            "type": "VEC4"
        },
        {
            "bufferView": 2,
            "byteOffset": 9216,
            "componentType": 5123,
            "count": 8397,
            "max": [
                1848
            ],
            "min": [
                0
            ],
            "type": "SCALAR"
        },
        {
            "bufferView": 1,
            "byteOffset": 960,
            "componentType": 5126,
            "count": 53,
            "max": [
                0.9999996423306399,
                0.9999999999999019,
                0.9999998807891138,
                0,
                0.9999519163273083,
                1.000000178813234,
                1.000000119205856,
                0,
                0.9993022909910014,
                0.9974029546731835,
                1.0000001192086283,
                0,
                149.52084080671216,
                160.60294486677958,
                185.84053777998062,
                1
            ],
            "min": [
                -0.21540042580242338,
                -0.9792094500857956,
                -0.8053327195731267,
                0,
                -1.0000001192078543,
                -0.7412085532903363,
                -0.9960320258337143,
                0,
                -0.9999999999986136,
                -1.0000001191664833,
                -0.9999519163274067,
                0,
                -161.8358826829801,
                -160.5998780574662,
                -183.08980888651215,
                1
            ],
            "type": "MAT4"
        }
    ],
    "asset": {
        "generator": "ClayGL - fbx2gltf",
        "version": "2.0"
    },
    "bufferViews": [
        {
            "buffer": 0,
            "byteLength": 162176,
            "byteOffset": 0,
            "target": 34962
        },
        {
            "buffer": 0,
            "byteLength": 4352,
            "byteOffset": 162176,
            "target": 34962
        },
        {
            "buffer": 0,
            "byteLength": 26010,
            "byteOffset": 166528,
            "target": 34963
        }
    ],
    "buffers": [
        {
            "byteLength": 192538,
            "uri": "bane.bin"
        }
    ],
    "images": [
        {
            "uri": "textures/bane_head_color.png"
        },
        {
            "uri": "textures/bane_stomach_color.png"
        },
        {
            "uri": "textures/bane_body_color.png"
        }
    ],
    "materials": [
        {
            "emissiveFactor": [
                0,
                0,
                0
            ],
            "name": "Material #35",
            "pbrMetallicRoughness": {
                "baseColorFactor": [
                    1,
                    1,
                    1,
                    1
                ],
                "baseColorTexture": {
                    "index": 0,
                    "texCoord": 0
                },
                "metallicFactor": 0,
                "roughnessFactor": 0.9230769230769231
            }
        },
        {
            "emissiveFactor": [
                0,
                0,
                0
            ],
            "name": "Material #46",
            "pbrMetallicRoughness": {
                "baseColorFactor": [
                    1,
                    1,
                    1,
                    1
                ],
                "baseColorTexture": {
                    "index": 1,
                    "texCoord": 0
                },
                "metallicFactor": 0,
                "roughnessFactor": 0.9230769230769231
            }
        },
        {
            "emissiveFactor": [
                0,
                0,
                0
            ],
            "name": "Material #57",
            "pbrMetallicRoughness": {
                "baseColorFactor": [
                    1,
                    1,
                    1,
                    1
                ],
                "baseColorTexture": {
                    "index": 2,
                    "texCoord": 0
                },
                "metallicFactor": 0,
                "roughnessFactor": 0.9230769230769231
            }
        }
    ],
    "meshes": [
        {
            "name": "SMDImport",
            "primitives": [
                {
                    "attributes": {
                        "JOINTS_0": 3,
                        "NORMAL": 1,
                        "POSITION": 0,
                        "TEXCOORD_0": 2,
                        "WEIGHTS_0": 4
                    },
                    "indices": 5,
                    "material": 0
                }
            ]
        },
        {
            "name": "SMDImport001",
            "primitives": [
                {
                    "attributes": {
                        "JOINTS_0": 10,
                        "NORMAL": 8,
                        "POSITION": 7,
                        "TEXCOORD_0": 9,
                        "WEIGHTS_0": 11
                    },
                    "indices": 12,
                    "material": 1
                }
            ]
        },
        {
            "name": "SMDImport002",
            "primitives": [
                {
                    "attributes": {
                        "JOINTS_0": 17,
                        "NORMAL": 15,
                        "POSITION": 14,
                        "TEXCOORD_0": 16,
                        "WEIGHTS_0": 18
                    },
                    "indices": 19,
                    "material": 2
                }
            ]
        }
    ],
    "nodes": [
        {
            "children": [
                1,
                59,
                63,
                67
            ],
            "matrix": [
                3.139164733214211e-7,
                2.9387358770558636e-39,
                1,
                0,
                1,
                6.123233995737068e-17,
                -3.139164733214211e-7,
                0,
                -6.123233995736464e-17,
                1,
                1.9221840212634245e-23,
                0,
                0,
                99.52884674072266,
                9.284331321716309,
                1
            ],
            "name": "root"
        },
        {
            "children": [
                2
            ],
            "matrix": [
                0.07709886878728846,
                3.308722450212111e-24,
                0.9970234632492064,
                0,
                0,
                1,
                5.6640153003550504e-33,
                0,
                -0.9970234632492067,
                -5.293955920339377e-23,
                0.0770988687872885,
                0,
                5.281252861022949,
                -0.000004999999873689376,
                13.678085327148438,
                1
            ],
            "name": "spine1"
        },
        {
            "children": [
                3
            ],
            "matrix": [
                0.9491314888000489,
                7.105427357601002e-15,
                0.3148799538612366,
                0,
                -7.398726508175045e-15,
                1.0000000000000002,
                -2.6379279425238684e-16,
                0,
                -0.3148799538612366,
                -2.0793367659244103e-15,
                0.9491314888000487,
                0,
                13.917030334472656,
                -0.000006000000212225132,
                -9.536743181826068e-7,
                1
            ],
            "name": "spine2"
        },
        {
            "children": [
                4,
                11,
                35
            ],
            "matrix": [
                0.9999297261238098,
                3.775053884989234e-15,
                -0.011858731508255033,
                0,
                -4.102618678109654e-15,
                0.9999999999999999,
                -2.759793267268908e-14,
                0,
                0.011858731508255033,
                2.7644645057422497e-14,
                0.99992972612381,
                0,
                12.41864013671875,
                -0.0000040000013541430235,
                0.0000152587890625,
                1
            ],
            "name": "spine3"
        },
        {
            "children": [
                5
            ],
            "matrix": [
                0.9278657436370852,
                3.722797040958772e-15,
                -0.37291437387466453,
                0,
                -3.691986290294291e-15,
                1.0000000000000002,
                7.967765237300122e-16,
                0,
                0.3729143738746645,
                6.374931426691435e-16,
                0.9278657436370852,
                0,
                24.119110107421875,
                -0.000009000001227832403,
                -0.000011444091803980427,
                1
            ],
            "name": "neck1"
        },
        {
            "children": [
                6,
                8,
                10
            ],
            "matrix": [
                0.15028195083141313,
                -3.917527381051139e-21,
                -0.9886431097984315,
                0,
                -3.436221310356511e-15,
                1,
                -5.223382723360925e-16,
                0,
                0.9886431097984315,
                3.4756945211844023e-15,
                0.15028195083141316,
                0,
                20.71234130859378,
                -0.000009000001227832396,
                0.000005722045901990214,
                1
            ],
            "name": "head"
        },
        {
            "children": [
                7
            ],
            "matrix": [
                0.959527373313904,
                0.20284946262836456,
                -0.1953438222408295,
                0,
                0.19860384718523733,
                -0.9792096537152674,
                -0.041292957946823125,
                0,
                -0.19965878306311668,
                0.0008256887392177954,
                -0.9798650142033872,
                0,
                -10.753954887390135,
                -10.363983154296875,
                3.609909057617216,
                1
            ],
            "name": "tentacle1_0_R"
        },
        {
            "matrix": [
                1.0000000000000002,
                -2.7939677238464355e-9,
                -2.9802322387695312e-8,
                0,
                2.793967612824133e-9,
                1,
                -3.7252902845841263e-9,
                0,
                2.980232599592014e-8,
                3.725290652345503e-9,
                1.0000001192092896,
                0,
                -13.213066101074226,
                2.7724833488464347,
                -3.1377563476562784,
                1
            ],
            "name": "tentacle1_1_R"
        },
        {
            "children": [
                9
            ],
            "matrix": [
                -0.9584401249885562,
                0.20462402701377871,
                0.19880010187625888,
                0,
                0.20035830066577426,
                0.9788406309521389,
                -0.041563746193039645,
                0,
                -0.2030985413357525,
                -0.000005111511713117765,
                -0.9791581773226824,
                0,
                -10.753946304321289,
                10.65211296081543,
                3.6099243164062784,
                1
            ],
            "name": "tentacle0_0_L"
        },
        {
            "matrix": [
                1.000000238418579,
                1.9557774150191776e-8,
                1.490116116609208e-8,
                0,
                -1.9557773983658322e-8,
                1.0000002384185793,
                -3.72529029152302e-9,
                0,
                -1.4901157724400704e-8,
                3.725289139666632e-9,
                1.0000000000000002,
                0,
                13.111629486083984,
                1.9547829627990732,
                -3.1378173828125,
                1
            ],
            "name": "tentacle0_1_L"
        },
        {
            "matrix": [
                0.9999998807907106,
                -1.1329065669526267e-20,
                -1.1368683793337427e-13,
                0,
                1.1117307432712692e-20,
                1,
                -2.1811098290824038e-20,
                0,
                1.136868381451325e-13,
                2.1811095615007847e-20,
                0.9999998807907104,
                0,
                6.029332160949707,
                6.776263578034403e-21,
                -6.390487670898409,
                1
            ],
            "name": "jaw2_0"
        },
        {
            "children": [
                12,
                23
            ],
            "matrix": [
                -0.00591665878891947,
                0.9671562910079958,
                0.25411331653594965,
                0,
                -0.9670588390197076,
                -0.07020404720648474,
                0.24468032442483034,
                0,
                0.2544839365795123,
                -0.24429487560128355,
                0.9357125539903001,
                0,
                21.446319580078125,
                3.3211159706115727,
                -2.647918701171875,
                1
            ],
            "name": "clavicle_L"
        },
        {
            "children": [
                13
            ],
            "matrix": [
                0.6369045972824099,
                -0.7660427093505859,
                0.08678094297647479,
                0,
                0.7709423615367216,
                0.6329066373857947,
                -0.07125088552205405,
                0,
                -0.0003430135299276327,
                0.1122831578228871,
                0.9936762423819402,
                0,
                13.224628448486332,
                7.792266845703153,
                21.363468170166023,
                1
            ],
            "name": "shoulder_hands2_0_A_L"
        },
        {
            "children": [
                14
            ],
            "matrix": [
                -0.47313976287841797,
                -0.07572315633296939,
                -0.8777270913124082,
                0,
                0.32425187538541195,
                0.9113953586557335,
                -0.25341611402786,
                0,
                0.8191455771649693,
                -0.40450575329541816,
                -0.40666386543299554,
                0,
                33.04409790039064,
                -0.2927703857421875,
                0.8200759887695312,
                1
            ],
            "name": "shoulder_hands2_1_A_L"
        },
        {
            "children": [
                15,
                17,
                19,
                21
            ],
            "matrix": [
                0.9999999999999998,
                -1.4901161186908762e-8,
                9.536743164340056e-7,
                0,
                1.4901136394240844e-8,
                1.0000002384185784,
                2.9802322389430036e-8,
                0,
                -9.53674430537177e-7,
                -2.9802304743822838e-8,
                1.0000001192092753,
                0,
                7.5267333984375,
                0.000007629394538355427,
                -0.0000762939453125,
                1
            ],
            "name": "shoulder_hands2_2_A_L"
        },
        {
            "children": [
                16
            ],
            "matrix": [
                0.9877547025680546,
                0.15601399540901187,
                -0.000007987022399902344,
                0,
                -0.15568228776232185,
                0.9856512582438723,
                -0.06522646539476444,
                0,
                -0.010168370715428116,
                0.06442900189086967,
                0.997870444197794,
                0,
                17.924434661865234,
                4.012248992919922,
                -0.13049316406252842,
                1
            ],
            "name": "Thumb1_0_A_L"
        },
        {
            "matrix": [
                1,
                -7.450580596923828e-9,
                2.980232233218416e-8,
                0,
                7.450580624679404e-9,
                1,
                -3.469446951953614e-17,
                0,
                -2.9802322304428586e-8,
                2.42861286636753e-16,
                0.9999999999999993,
                0,
                7.0634002685546875,
                -0.000007629394538355427,
                0.0000152587890625,
                1
            ],
            "name": "Thumb1_1_A_L"
        },
        {
            "children": [
                18
            ],
            "matrix": [
                0.973400235176087,
                0.17841669917106637,
                -0.14373451471328738,
                0,
                -0.19239235839528696,
                0.9771871607618359,
                -0.08994540551634306,
                0,
                0.12440776247372765,
                0.11520630346194223,
                0.9855202413950342,
                0,
                17.376880645751953,
                1.6380615234375,
                1.901397705078125,
                1
            ],
            "name": "Index1_0_A_L"
        },
        {
            "matrix": [
                1.000000238418579,
                2.9802322359939737e-8,
                2.9802322443206464e-8,
                0,
                -2.980232327587373e-8,
                1.0000002384185793,
                2.9802322269734116e-8,
                0,
                -2.9802314338578384e-8,
                -2.980231617738527e-8,
                1,
                0,
                10.720535278320312,
                -0.000015258789069605427,
                0.00006103515625,
                1
            ],
            "name": "Index1_1_A_L"
        },
        {
            "children": [
                20
            ],
            "matrix": [
                0.9999998211860661,
                -7.450580666312767e-9,
                -5.96046448031462e-8,
                0,
                7.450579292411774e-9,
                1.0000001192092898,
                -5.960464481875871e-8,
                0,
                5.960465579435414e-8,
                5.960463724669074e-8,
                0.9999999999999972,
                0,
                17.305572509765618,
                -2.0702896118164062,
                1.0093994140625,
                1
            ],
            "name": "Mid1_0_A_L"
        },
        {
            "matrix": [
                0.9999999999999999,
                -7.450580603862722e-9,
                -1.4901161249358807e-8,
                0,
                7.450580145895724e-9,
                0.9999999999999999,
                -2.980232250565651e-8,
                0,
                1.4901161388136686e-8,
                2.9802322290550798e-8,
                0.9999999999999993,
                0,
                10.246425628662116,
                0.000019073486342335855,
                -0.00006103515622157829,
                1
            ],
            "name": "Mid1_1_A_L"
        },
        {
            "children": [
                22
            ],
            "matrix": [
                0.9601010084152226,
                0.21888683736324316,
                -0.1740520298480988,
                0,
                -0.11504239425620344,
                0.8764253249484559,
                0.46759379306386545,
                0,
                0.25489374135477405,
                -0.42891392347685486,
                0.8666381313345324,
                0,
                13.959522247314453,
                -5.510513305664055,
                -1.6631164550781534,
                1
            ],
            "name": "Ring1_0_A_L"
        },
        {
            "matrix": [
                0.9999862909317017,
                1.3877787807814457e-17,
                0.005236089229583796,
                0,
                -1.1703730345979935e-10,
                0.9999999999999999,
                2.2351741790771484e-8,
                0,
                -0.005236089231217933,
                -2.2352048205387387e-8,
                0.9999862912437946,
                0,
                6.8895721435546875,
                0.000030517578125,
                -0.0000457763671875,
                1
            ],
            "name": "Ring1_1_A_L"
        },
        {
            "children": [
                24
            ],
            "matrix": [
                0.3154690265655516,
                0.9484053254127504,
                0.03172675892710684,
                0,
                -0.9488831987414704,
                0.3156280131180266,
                -9.28528606503054e-7,
                0,
                -0.010014734670887038,
                -0.030104696075166824,
                0.9994967575608346,
                0,
                16.874505996704105,
                0.3745574951172159,
                10.11782264709473,
                1
            ],
            "name": "bicep_L"
        },
        {
            "children": [
                25
            ],
            "matrix": [
                0.6566250920295715,
                0.0000034868717194436183,
                -0.7542170286178588,
                0,
                0.0000029695092595115324,
                1.0000000000013116,
                0.000007208437099504028,
                0,
                0.7542169991166252,
                -0.0000069728948511593725,
                0.6566250663134139,
                0,
                38.200752258300795,
                -0.6753768920898295,
                -10.107591629028319,
                1
            ],
            "name": "elbow_L"
        },
        {
            "children": [
                26,
                29,
                32
            ],
            "matrix": [
                0.34140330553054804,
                -0.9398764967918395,
                0.008765062317252178,
                0,
                0.6818527282246233,
                0.25407502117737707,
                0.6859466947271833,
                0,
                -0.6469318696538872,
                -0.22820788498624273,
                0.7275990792669165,
                0,
                47.30527496337892,
                0.00015640258790483585,
                0.00026702880860796085,
                1
            ],
            "name": "wrist_L"
        },
        {
            "children": [
                27
            ],
            "matrix": [
                0.48016968369483937,
                0.19847716391086562,
                -0.8544259667396543,
                0,
                0.34766631725918024,
                -0.937351732211439,
                -0.022358973802576957,
                0,
                -0.8053354490965321,
                -0.28631904328490554,
                -0.5190917373897262,
                0,
                7.530933380126946,
                0.738777160644517,
                -13.97822189331055,
                1
            ],
            "name": "thumb_0_L"
        },
        {
            "children": [
                28
            ],
            "matrix": [
                0.9904052615165713,
                1.490116124588936e-8,
                -0.1381953358650208,
                0,
                -6.728640290776244e-9,
                1.0000002384185789,
                5.960464517437702e-8,
                0,
                0.13819532856071914,
                -5.810287057733676e-8,
                0.9904052091687874,
                0,
                6.191585540771477,
                1.4210854715202004e-14,
                0.000005722045894884786,
                1
            ],
            "name": "thumb_1_L"
        },
        {
            "matrix": [
                0.9999999403953553,
                -7.450580604209667e-8,
                3.725290287359684e-8,
                0,
                7.450581047604987e-8,
                0.9999999999999973,
                8.326672684688674e-17,
                0,
                -3.7252905371598644e-8,
                2.7929047963226594e-15,
                0.9999999999999998,
                0,
                4.6908798217773295,
                0,
                0.000005722045905542927,
                1
            ],
            "name": "thumb_2_L"
        },
        {
            "children": [
                30
            ],
            "matrix": [
                0.8450758457183838,
                0.14971555769443512,
                -0.5132566690444945,
                0,
                0.5033421433219594,
                0.10088082564175299,
                0.8581782626324818,
                0,
                0.18026034113712328,
                -0.9835691459723195,
                0.009893796460759774,
                0,
                18.726123809814453,
                -0.17127227783204546,
                -6.387798309326168,
                1
            ],
            "name": "mid_0_L"
        },
        {
            "children": [
                31
            ],
            "matrix": [
                0.9548800587654114,
                3.725290292910799e-8,
                -0.296990990638733,
                0,
                -3.6695857963398026e-8,
                0.9999998807907099,
                7.450580567433529e-9,
                0,
                0.2969910270740767,
                3.783929392042751e-9,
                0.9548801759116698,
                0,
                10.256645202636719,
                -0.000006675720211291036,
                0.000015258789076710855,
                1
            ],
            "name": "mid_1_L"
        },
        {
            "matrix": [
                1.0000002384185789,
                -7.45058070794613e-9,
                2.9802322359939737e-8,
                0,
                7.450580929990736e-9,
                1.0000002384185793,
                -7.45058058304604e-9,
                0,
                -2.9802322235039647e-8,
                7.450580874479584e-9,
                1.000000238418579,
                0,
                8.438694000244148,
                -0.00001430511474609375,
                -0.0000152587890625,
                1
            ],
            "name": "mid_2_L"
        },
        {
            "children": [
                33
            ],
            "matrix": [
                0.8194342255592346,
                0.04532894864678382,
                -0.57137793302536,
                0,
                0.4702487993613753,
                0.5167877896476873,
                0.7153993605226104,
                0,
                0.3277094363665893,
                -0.8549124986286141,
                0.40215771412978335,
                0,
                16.493309020996094,
                -1.267051696777358,
                -12.25087738037109,
                1
            ],
            "name": "index_0_L"
        },
        {
            "children": [
                34
            ],
            "matrix": [
                0.9869426488876343,
                8.195638651065096e-8,
                -0.16107222437858584,
                0,
                -2.0950039403277998e-7,
                0.9999999999999786,
                -7.748603938484422e-7,
                0,
                0.16107223656007547,
                7.984875245170553e-7,
                0.9869427235280454,
                0,
                12.20965576171875,
                0.000007629394524144573,
                0.000022888183607960855,
                1
            ],
            "name": "index_1_L"
        },
        {
            "matrix": [
                1.0000001192092893,
                7.450580596923828e-9,
                1.4901161221603232e-8,
                0,
                -7.4505780434108715e-9,
                0.9999998807907112,
                -5.9604644581101596e-8,
                0,
                -1.4901160055869056e-8,
                5.960465182530683e-8,
                0.9999999999999984,
                0,
                8.756011962890625,
                -0.000026702880866480427,
                -0.000045776367173289145,
                1
            ],
            "name": "index_2_L"
        },
        {
            "children": [
                36,
                47
            ],
            "matrix": [
                0.005917824804782763,
                0.967058897018433,
                -0.2544839382171632,
                0,
                0.9671562325142443,
                -0.07020526103688746,
                -0.24429502936762418,
                0,
                -0.2541138115371702,
                -0.24468004962494344,
                -0.935712570302427,
                0,
                21.446319580078153,
                -3.3211340904235844,
                -2.6479148864746165,
                1
            ],
            "name": "clavicle_R"
        },
        {
            "children": [
                37
            ],
            "matrix": [
                0.6369010806083679,
                -0.7660459876060486,
                0.08677858114242559,
                0,
                0.770945446177873,
                0.6329031723882879,
                -0.07125090002857187,
                0,
                -0.00034097329375273877,
                0.11228135140452683,
                0.993676594506049,
                0,
                -13.2246150970459,
                -7.792297363281222,
                -21.363468170166016,
                1
            ],
            "name": "shoulder_hands3_0_A_R"
        },
        {
            "children": [
                38
            ],
            "matrix": [
                -0.47313284873962375,
                -0.07572294771671309,
                -0.8777308464050292,
                0,
                0.3242593565717376,
