{
    "animations": {},
    "asset": {},
    "attributes": {
        "attribute_1": {
            "bufferView": "bufferView_25",
            "byteOffset": 0,
            "byteStride": 12,
            "count": 1940,
            "max": [
                51.2819938659668,
                15.619368553161621,
                136.52793884277344,
                0
            ],
            "min": [
                -51.28196334838867,
                -28.282602310180664,
                -0.226411372423172,
                0
            ],
            "type": "FLOAT_VEC3"
        },
        "attribute_10": {
            "bufferView": "bufferView_25",
            "byteOffset": 132112,
            "byteStride": 16,
            "count": 491,
            "max": [
                5,
                -1,
                -1,
                -1
            ],
            "min": [
                0,
                -1,
                -1,
                -1
            ],
            "type": "FLOAT_VEC4"
        },
        "attribute_11": {
            "bufferView": "bufferView_25",
            "byteOffset": 139968,
            "byteStride": 12,
            "count": 491,
            "max": [
                1,
                0,
                0
            ],
            "min": [
                1,
                0,
                0
            ],
            "type": "FLOAT_VEC3"
        },
        "attribute_13": {
            "bufferView": "bufferView_25",
            "byteOffset": 145860,
            "byteStride": 12,
            "count": 957,
            "max": [
                51.922813415527344,
                35.85035705566406,
                119.52223205566406,
                0
            ],
            "min": [
                -45.41497802734375,
                -38.815460205078125,
                34.37593078613281,
                0
            ],
            "type": "FLOAT_VEC3"
        },
        "attribute_14": {
            "bufferView": "bufferView_25",
            "byteOffset": 157344,
            "byteStride": 12,
            "count": 957,
            "max": [
                0.9915891885757446,
                0.9991018176078796,
                0.999935507774353,
                0
            ],
            "min": [
                -0.9942813515663147,
                -0.9951199889183044,
                -0.9959442019462585,
                0
            ],
            "type": "FLOAT_VEC3"
        },
        "attribute_15": {
            "bufferView": "bufferView_25",
            "byteOffset": 168828,
            "byteStride": 8,
            "count": 957,
            "max": [
                1.9918969869613647,
                0.9890940189361572
            ],
            "min": [
                0.008526000194251537,
                0.004270970821380615
            ],
            "type": "FLOAT_VEC2"
        },
        "attribute_16": {
            "bufferView": "bufferView_25",
            "byteOffset": 176484,
            "byteStride": 16,
            "count": 957,
            "max": [
                17,
                21,
                22,
                -1
            ],
            "min": [
                0,
                -1,
                -1,
                -1
            ],
            "type": "FLOAT_VEC4"
        },
        "attribute_17": {
            "bufferView": "bufferView_25",
            "byteOffset": 191796,
            "byteStride": 12,
            "count": 957,
            "max": [
                1,
                0.9913625121116638,
                0.9309338331222534
            ],
            "min": [
                0.0010723890736699104,
                0,
                0
            ],
            "type": "FLOAT_VEC3"
        },
        "attribute_19": {
            "bufferView": "bufferView_25",
            "byteOffset": 203280,
            "byteStride": 12,
            "count": 400,
            "max": [
                25.739009857177734,
                25.236408233642578,
                147.45956420898438,
                0
            ],
            "min": [
                -25.739028930664062,
                -24.229562759399414,
                120.92150115966797,
                0
            ],
            "type": "FLOAT_VEC3"
        },
        "attribute_2": {
            "bufferView": "bufferView_25",
            "byteOffset": 23280,
            "byteStride": 12,
            "count": 1940,
            "max": [
                0.999613881111145,
                0.9999918937683105,
                0.9899721741676331,
                0
            ],
            "min": [
                -0.999613881111145,
                -0.9993762373924255,
                -0.9997214674949646,
                0
            ],
            "type": "FLOAT_VEC3"
        },
        "attribute_20": {
            "bufferView": "bufferView_25",
            "byteOffset": 208080,
            "byteStride": 12,
            "count": 400,
            "max": [
                0.9825949668884277,
                0.9962273836135864,
                0.9981467127799988,
                0
            ],
            "min": [
                -0.9825961589813232,
                -0.9762164354324341,
                -0.9995126128196716,
                0
            ],
            "type": "FLOAT_VEC3"
        },
        "attribute_21": {
            "bufferView": "bufferView_25",
            "byteOffset": 212880,
            "byteStride": 8,
            "count": 400,
            "max": [
                1.9815449714660645,
                0.9912089705467224
            ],
            "min": [
                0.006676000077277422,
                0.018642008304595947
            ],
            "type": "FLOAT_VEC2"
        },
        "attribute_22": {
            "bufferView": "bufferView_25",
            "byteOffset": 216080,
            "byteStride": 16,
            "count": 400,
            "max": [
                0,
                -1,
                -1,
                -1
            ],
            "min": [
                0,
                -1,
                -1,
                -1
            ],
            "type": "FLOAT_VEC4"
        },
        "attribute_23": {
            "bufferView": "bufferView_25",
            "byteOffset": 222480,
            "byteStride": 12,
            "count": 400,
            "max": [
                1,
                0,
                0
            ],
            "min": [
                1,
                0,
                0
            ],
            "type": "FLOAT_VEC3"
        },
        "attribute_3": {
            "bufferView": "bufferView_25",
            "byteOffset": 46560,
            "byteStride": 8,
            "count": 1940,
            "max": [
                1.935238003730774,
                0.9914109706878662
            ],
            "min": [
                0.012230000458657742,
                0.009679973125457764
            ],
            "type": "FLOAT_VEC2"
        },
        "attribute_4": {
            "bufferView": "bufferView_25",
            "byteOffset": 62080,
            "byteStride": 16,
            "count": 1940,
            "max": [
                37,
                37,
                37,
                -1
            ],
            "min": [
                0,
                -1,
                -1,
                -1
            ],
            "type": "FLOAT_VEC4"
        },
        "attribute_5": {
            "bufferView": "bufferView_25",
            "byteOffset": 93120,
            "byteStride": 12,
            "count": 1940,
            "max": [
                1,
                0.9998672604560852,
                0.9976835250854492
            ],
            "min": [
                0.00011996569082839414,
                0,
                0
            ],
            "type": "FLOAT_VEC3"
        },
        "attribute_7": {
            "bufferView": "bufferView_25",
            "byteOffset": 116400,
            "byteStride": 12,
            "count": 491,
            "max": [
                35.25324630737305,
                18.57827377319336,
                125.66619110107422,
                0
            ],
            "min": [
                -35.25325393676758,
                -27.162033081054688,
                98.86829376220703,
                0
            ],
            "type": "FLOAT_VEC3"
        },
        "attribute_8": {
            "bufferView": "bufferView_25",
            "byteOffset": 122292,
            "byteStride": 12,
            "count": 491,
            "max": [
                0.9962605237960815,
                0.9870510101318359,
                0.9999496936798096,
                0
            ],
            "min": [
                -0.996260404586792,
                -0.9980115294456482,
                -0.9959957003593445,
                0
            ],
            "type": "FLOAT_VEC3"
        },
        "attribute_9": {
            "bufferView": "bufferView_25",
            "byteOffset": 128184,
            "byteStride": 8,
            "count": 491,
            "max": [
                1.9824800491333008,
                0.9878649711608887
            ],
            "min": [
                0.02553899958729744,
                0.012561976909637451
            ],
            "type": "FLOAT_VEC2"
        }
    },
    "bufferViews": {
        "bufferView_25": {
            "buffer": "storm_spirit.bin",
            "byteLength": 227280,
            "byteOffset": 0,
            "target": "ARRAY_BUFFER"
        },
        "bufferView_26": {
            "buffer": "storm_spirit.bin",
            "byteLength": 39792,
            "byteOffset": 227280,
            "target": "ELEMENT_ARRAY_BUFFER"
        }
    },
    "buffers": {
        "storm_spirit.bin": {
            "byteLength": 267072,
            "path": "storm_spirit.bin"
        }
    },
    "cameras": {},
    "images": {
        "image_0": {
            "path": "textures/storm_v2_base_color.png"
        },
        "image_1": {
            "path": "textures/storm_v2_shoulders_necklace_color.png"
        },
        "image_2": {
            "path": "textures/storm_v2_armor_belt_color.png"
        },
        "image_3": {
            "path": "textures/storm_v2_hat_color.png"
        }
    },
    "indices": {
        "indices_12": {
            "bufferView": "bufferView_26",
            "byteOffset": 22248,
            "count": 2244,
            "type": "UNSIGNED_SHORT"
        },
        "indices_18": {
            "bufferView": "bufferView_26",
            "byteOffset": 26736,
            "count": 4602,
            "type": "UNSIGNED_SHORT"
        },
        "indices_24": {
            "bufferView": "bufferView_26",
            "byteOffset": 35940,
            "count": 1926,
            "type": "UNSIGNED_SHORT"
        },
        "indices_6": {
            "bufferView": "bufferView_26",
            "byteOffset": 0,
            "count": 11124,
            "type": "UNSIGNED_SHORT"
        }
    },
    "lights": {},
    "materials": {
        "Material #103": {
            "instanceTechnique": {
                "technique": "technique_0",
                "values": [
                    {
                        "parameter": "ambient",
                        "value": [
                            0.5879999995231628,
                            0.5879999995231628,
                            0.5879999995231628
                        ]
                    },
                    {
                        "parameter": "emission",
                        "value": [
                            0,
                            0,
                            0
                        ]
                    },
                    {
                        "parameter": "diffuse",
                        "value": "Map #19"
                    },
                    {
                        "parameter": "shininess",
                        "value": 2
                    },
                    {
                        "parameter": "specular",
                        "value": [
                            0.8999999761581421,
                            0.8999999761581421,
                            0.8999999761581421
                        ]
                    }
                ]
            },
            "name": "Material #103"
        },
        "Material #114": {
            "instanceTechnique": {
                "technique": "technique_0",
                "values": [
                    {
                        "parameter": "ambient",
                        "value": [
                            0.5879999995231628,
                            0.5879999995231628,
                            0.5879999995231628
                        ]
                    },
                    {
                        "parameter": "emission",
                        "value": [
                            0,
                            0,
                            0
                        ]
                    },
                    {
                        "parameter": "diffuse",
                        "value": "Map #18"
                    },
                    {
                        "parameter": "shininess",
                        "value": 2
                    },
                    {
                        "parameter": "specular",
                        "value": [
                            0.8999999761581421,
                            0.8999999761581421,
                            0.8999999761581421
                        ]
                    }
                ]
            },
            "name": "Material #114"
        },
        "Material #125": {
            "instanceTechnique": {
                "technique": "technique_0",
                "values": [
                    {
                        "parameter": "ambient",
                        "value": [
                            0.5879999995231628,
                            0.5879999995231628,
                            0.5879999995231628
                        ]
                    },
                    {
                        "parameter": "emission",
                        "value": [
                            0,
                            0,
                            0
                        ]
                    },
                    {
                        "parameter": "diffuse",
                        "value": "Map #17"
                    },
                    {
                        "parameter": "shininess",
                        "value": 2
                    },
                    {
                        "parameter": "specular",
                        "value": [
                            0.8999999761581421,
                            0.8999999761581421,
                            0.8999999761581421
                        ]
                    }
                ]
            },
            "name": "Material #125"
        },
        "Material #137": {
            "instanceTechnique": {
                "technique": "technique_0",
                "values": [
                    {
                        "parameter": "ambient",
                        "value": [
                            0.5879999995231628,
                            0.5879999995231628,
                            0.5879999995231628
                        ]
                    },
                    {
                        "parameter": "emission",
                        "value": [
                            0,
                            0,
                            0
                        ]
                    },
                    {
                        "parameter": "diffuse",
                        "value": "Map #16"
                    },
                    {
                        "parameter": "shininess",
                        "value": 2
                    },
                    {
                        "parameter": "specular",
                        "value": [
                            0.8999999761581421,
                            0.8999999761581421,
                            0.8999999761581421
                        ]
                    }
                ]
            },
            "name": "Material #137"
        }
    },
    "meshes": {
        "storm_spirit_armor_and_sleeves_LOD0-mesh": {
            "name": "storm_spirit_armor_and_sleeves_LOD0-mesh",
            "primitives": [
                {
                    "indices": "indices_18",
                    "material": "Material #125",
                    "semantics": {
                        "JOINT": "attribute_16",
                        "NORMAL": "attribute_14",
                        "POSITION": "attribute_13",
                        "TEXCOORD_0": "attribute_15",
                        "WEIGHT": "attribute_17"
                    },
                    "skin": "skin_2"
                }
            ]
        },
        "storm_spirit_hat_hair_earrings_LOD0-mesh": {
            "name": "storm_spirit_hat_hair_earrings_LOD0-mesh",
            "primitives": [
                {
                    "indices": "indices_24",
                    "material": "Material #137",
                    "semantics": {
                        "JOINT": "attribute_22",
                        "NORMAL": "attribute_20",
                        "POSITION": "attribute_19",
                        "TEXCOORD_0": "attribute_21",
                        "WEIGHT": "attribute_23"
                    },
                    "skin": "skin_3"
                }
            ]
        },
        "storm_spirit_model_LOD0-mesh": {
            "name": "storm_spirit_model_LOD0-mesh",
            "primitives": [
                {
                    "indices": "indices_6",
                    "material": "Material #103",
                    "semantics": {
                        "JOINT": "attribute_4",
                        "NORMAL": "attribute_2",
                        "POSITION": "attribute_1",
                        "TEXCOORD_0": "attribute_3",
                        "WEIGHT": "attribute_5"
                    },
                    "skin": "skin_0"
                }
            ]
        },
        "storm_spirit_shoulderpads_necklace_LOD0-mesh": {
            "name": "storm_spirit_shoulderpads_necklace_LOD0-mesh",
            "primitives": [
                {
                    "indices": "indices_12",
                    "material": "Material #114",
                    "semantics": {
                        "JOINT": "attribute_10",
                        "NORMAL": "attribute_8",
                        "POSITION": "attribute_7",
                        "TEXCOORD_0": "attribute_9",
                        "WEIGHT": "attribute_11"
                    },
                    "skin": "skin_1"
                }
            ]
        }
    },
    "nodes": {
        "ClothFrontShldrHlpr_0_L": {
            "children": [],
            "matrix": [
                0.09831479191780107,
                0.858993649482727,
                0.5024575591087341,
                0,
                -0.21183102079981167,
                0.5113965198866159,
                -0.8328270370949774,
                0,
                -0.9723483971248308,
                -0.02455688620429442,
                0.23223939518888145,
                0,
                0.504150390625,
                8.44974327087402,
                -2.0214767456054688,
                1
            ],
            "name": "ClothFrontShldrHlpr_0_L"
        },
        "ClothFrontShldrHlpr_0_R": {
            "children": [],
            "matrix": [
                0.09831476211547843,
                0.8589941859245301,
                0.5024569034576417,
                0,
                -0.21183065746733892,
                0.5113957412857438,
                -0.8328274223992816,
                0,
                -0.9723485729145902,
                -0.02455655484298589,
                0.23223913468575094,
                0,
                -0.5043067932128906,
                -8.4497652053833,
                2.021331787109361,
                1
            ],
            "name": "ClothFrontShldrHlpr_0_R"
        },
        "ClothRearShldrHlpr_0_L": {
            "children": [],
            "matrix": [
                0.15090149641036985,
                -0.5928244590759281,
                0.7910673618316652,
                0,
                -0.16173090178359545,
                -0.8042538356507779,
                -0.5718551059128801,
                0,
                0.975229034558965,
                -0.04164626284653035,
                -0.21724122646698896,
                0,
                1.6637611389160156,
                -6.126372337341309,
                -3.9822006225585938,
                1
            ],
            "name": "ClothRearShldrHlpr_0_L"
        },
        "ClothRearShldrHlpr_0_R": {
            "children": [],
            "matrix": [
                0.10227055847644811,
                -0.6219129562377929,
                0.776379227638244,
                0,
                -0.22142756442756592,
                -0.7751227910498311,
                -0.591738379130189,
                0,
                0.9697992854699427,
                -0.1113943799020338,
                -0.2169809761148259,
                0,
                -1.6636962890625,
                6.126395225524904,
                3.9823684692382812,
                1
            ],
            "name": "ClothRearShldrHlpr_0_R"
        },
        "Clothing_0_L": {
            "children": [
                "Clothing_1_L"
            ],
            "matrix": [
                1,
                -5.960464476151284e-8,
                4.470348358154297e-7,
                0,
                5.9604387314671214e-8,
                0.9999997019767762,
                5.364418028952489e-7,
                0,
                -4.47034734618601e-7,
                -5.36441776333163e-7,
                0.999999701976798,
                0,
                0.000072479248046875,
                -0.000012397766115057607,
                0.0000457763671875,
                1
            ],
            "name": "Clothing_0_L"
        },
        "Clothing_1_L": {
            "children": [],
            "matrix": [
                0.9999999999999998,
                1.4901161193847656e-8,
                -2.220446049250313e-16,
                0,
                -1.4901160277913661e-8,
                0.9999999403953557,
                4.470348363705412e-8,
                0,
                7.771561172376096e-16,
                -4.470349161678211e-8,
                1.00000011920929,
                0,
                10,
                9.5367431640625e-7,
                0.00002288818359375,
                1
            ],
            "name": "Clothing_1_L"
        },
        "Flap_0_L": {
            "children": [],
            "matrix": [
                -0.9679616689682012,
                -0.09665253013372413,
                0.2317508608102799,
                0,
                0.06888449357581661,
                0.7853277167532645,
                0.6152359463844368,
                0,
                -0.24146447983597152,
                0.6114888405119487,
                -0.7535092499937,
                0,
                2.7272262573242045,
                20.94940757751465,
                12.818954467773438,
                1
            ],
            "name": "Flap_0_L"
        },
        "Flap_0_R": {
            "children": [],
            "matrix": [
                0.9679618477821352,
                0.09665447473526005,
                0.23175044357776645,
                0,
                -0.068884842943362,
                -0.7853222750659117,
                0.615242886498246,
                0,
                0.24146466967058278,
                -0.6114954962179996,
                -0.7535036789688601,
                0,
                2.72723388671875,
                20.949317932128906,
                -12.819196701049806,
                1
            ],
            "name": "Flap_0_R"
        },
        "Head_0": {
            "children": [
                "Head_1"
            ],
            "matrix": [
                0.9960170388221741,
                0.08916577696800243,
                5.684341896668713e-14,
                0,
                -0.08916577696800235,
                0.9960170388221743,
                -3.552713686741435e-14,
                0,
                -5.978478995099907e-14,
                3.031713150744298e-14,
                0.9999999999999999,
                0,
                8.344459533691406,
                0.000003814697265625,
                0.0000018219543562736362,
                1
            ],
            "name": "Head_0"
        },
        "Head_1": {
            "children": [],
            "matrix": [
                0.9416134357452397,
                -0.3366953134536744,
                -5.64259778457199e-7,
                0,
                0.33669531345397435,
                0.9416134357451325,
                5.642598353006181e-7,
                0,
                3.413310842647412e-7,
                -7.212985562076834e-7,
                1.0000000000000002,
                0,
                6.674293518066406,
                0.000011444091796875,
                0.000004783858457813039,
                1
            ],
            "name": "Head_1"
        },
        "Jug_0": {
            "children": [],
            "matrix": [
                -0.5358311533927921,
                -0.443066865205765,
                -0.718732833862305,
                0,
                0.04503623856110281,
                -0.8650375889563007,
                0.4996817402113513,
                0,
                -0.8431232677024552,
                0.2353759996514689,
                0.4834681126333905,
                0,
                12.191452026367202,
                -13.168668746948242,
                12.264963150024414,
                1
            ],
            "name": "Jug_0"
        },
        "Root_0": {
            "children": [
                "Jug_0",
                "Skirt_0_L",
                "thigh_L",
                "Flap_0_R",
                "Spine_1",
                "thigh_R",
                "Flap_0_L",
                "Skirt_0_R"
            ],
            "matrix": [
                5.946240477417181e-8,
                -0.02676961198449004,
                0.9996415972709656,
                0,
                0.000004441734076287354,
                -0.9996415972709585,
                -0.026769611984754065,
                0,
                1,
                0.00000444173422035487,
                5.9462408332380716e-8,
                0,
                0,
                -4.013634204864502,
                67.54034423828125,
                1
            ],
            "name": "Root_0"
        },
        "Skirt_0_L": {
            "children": [],
            "matrix": [
                -0.8237740397453311,
                -0.06416973471641539,
                0.5632748007774354,
                0,
                0.5664811989593664,
                -0.13218163902414815,
                0.8134048325321952,
                0,
                0.022258613651718884,
                0.9891463508714586,
                0.1452387483076203,
                0,
                -8.795700073242188,
                -5.857550621032715,
                22.115653991699222,
                1
            ],
            "name": "Skirt_0_L"
        },
        "Skirt_0_R": {
            "children": [],
            "matrix": [
                0.8237744569778445,
                0.06417478621006015,
                0.5632740855216979,
                0,
                -0.566480843370719,
                0.1321881749162793,
                0.813403834914514,
                0,
                -0.02225815200692571,
                -0.9891450979900871,
                0.14524700209011612,
                0,
                -8.795703887939453,
                -5.857740402221681,
                -22.115573883056637,
                1
            ],
            "name": "Skirt_0_R"
        },
        "Spine_1": {
            "children": [
                "Spine_2"
            ],
            "matrix": [
                0.9804369211196903,
                -0.19683456420898449,
                9.536744300930886e-7,
                0,
                0.1968345642129971,
                0.9804369211188849,
                -0.00000429153487857548,
                0,
                -9.029518808297856e-8,
                0.0000043952935673357725,
                1.0000000000000002,
                0,
                14.565101623535142,
                9.536743159621608e-7,
                -0.0000015141304174903814,
                1
            ],
            "name": "Spine_1"
        },
        "Spine_2": {
            "children": [
                "Spine_3"
            ],
            "matrix": [
                0.9847941398620605,
                -0.17372468113899237,
                -4.512184830218756e-7,
                0,
                0.17372468113899234,
                0.9847941398620607,
                -7.105427350983557e-15,
                0,
                4.4435742453846717e-7,
                -7.838779868762666e-8,
                0.9999999999999997,
                0,
                15.030815124511719,
                0.0000019073486363652137,
                -0.00000269211068371078,
                1
            ],
            "name": "Spine_2"
        },
        "Spine_3": {
            "children": [
                "Head_0",
                "necklace_0",
                "clavicle_L",
                "shoulderHlpr_0_R",
                "clavicle_R",
                "shoulderHlpr_0_L"
            ],
            "matrix": [
                0.870200932025909,
                0.49269711971282926,
                -8.742276236262104e-8,
                0,
                -0.4926971197128181,
                0.8702009320259159,
                1.5099581673894125e-7,
                0,
                1.5047055614980048e-7,
                -8.832374718722975e-8,
                0.9999999999999992,
                0,
                14.690193176269531,
                -0.0000152587890625,
                0.0000010405874490970746,
                1
            ],
            "name": "Spine_3"
        },
        "ankle_L": {
            "children": [
                "toeBase_L"
            ],
            "matrix": [
                0.0647529214620591,
                -0.9978951811790466,
                -0.0035040490329265594,
                0,
                -0.9912092660606386,
                -0.0647242755038632,
                0.1153941823076328,
                0,
                -0.11537809433807289,
                -0.003998864513849268,
                -0.9933140261026108,
                0,
                30.964424133300792,
                0.0000025033950810104955,
                0.000003814697265625,
                1
            ],
            "name": "ankle_L"
        },
        "ankle_R": {
            "children": [
                "toeBase_R"
            ],
            "matrix": [
                0.06475339829921717,
                -0.9978948235511783,
                -0.0035047382116318027,
                0,
                -0.9912087320393954,
                -0.06472481767634666,
                0.1153942653317035,
                0,
                -0.11537819582389738,
                -0.003998244129750316,
                -0.9933133200374951,
                0,
                -30.964393615722656,
                0.000002861022949884884,
                -0.000019073486331677714,
                1
            ],
            "name": "ankle_R"
        },
        "bicep_L": {
            "children": [
                "elbow_L"
            ],
            "matrix": [
                0.9053556919097899,
                0.19050006568431857,
                0.37952613830566406,
                0,
                -0.24908637614937817,
                0.9620652292710224,
                0.11129214773944184,
                0,
                -0.34392790570417775,
                -0.19529386406624427,
                0.9184626453514882,
                0,
                9.942783355712898,
                0.00000286102294921875,
                0,
                1
            ],
            "name": "bicep_L"
        },
        "bicep_R": {
            "children": [
                "elbow_R"
            ],
            "matrix": [
                0.9053559303283689,
                0.19050008058547965,
                0.3795259296894074,
                0,
                -0.24908655066884688,
                0.9620655708482232,
                0.11129257247994322,
                0,
                -0.34392753812290805,
                -0.1952941679277742,
                0.9184626495907513,
                0,
                -9.94290924072265,
                -0.000026702880859375,
                -0.00011444091796875,
                1
            ],
            "name": "bicep_R"
        },
        "clavicle_L": {
            "children": [
                "bicep_L",
                "ClothFrontShldrHlpr_0_L",
                "ClothRearShldrHlpr_0_L"
            ],
            "matrix": [
                -0.5068549513816833,
                -0.03447792679071436,
                0.8613417148590088,
                0,
                0.10869923561936745,
                0.9886683227502511,
                0.10353844275585812,
                0,
                -0.8551507858699209,
                0.14610611164869164,
                -0.49736355128827286,
                0,
                0.02892303466795454,
                -0.5621414184570312,
                11.539150238037111,
                1
            ],
            "name": "clavicle_L"
        },
        "clavicle_R": {
            "children": [
                "ClothRearShldrHlpr_0_R",
                "bicep_R",
                "ClothFrontShldrHlpr_0_R"
            ],
            "matrix": [
                0.5068545937538147,
                0.03447797894477843,
                0.8613418936729431,
                0,
                -0.10869940881540065,
                -0.9886681943816672,
                0.10353853277167537,
                0,
                0.8551511239034173,
                -0.14610633385121138,
                -0.49736327415258635,
                0,
                0.0290679931640625,
                -0.5621738433837891,
                -11.539097785949705,
                1
            ],
            "name": "clavicle_R"
        },
        "elbow_L": {
            "children": [
                "wrist_L",
                "Clothing_0_L"
            ],
            "matrix": [
                0.9754674434661865,
                0.22014486789703377,
                -8.940696699655248e-8,
                0,
                -0.2201448806967301,
                0.9754675001821778,
                5.289912223815918e-7,
                0,
                2.0366822933715056e-7,
                -4.963310724845349e-7,
                1.0000002384185973,
                0,
                22.975479125976555,
                0.00000476837158203125,
                -0.000030517578125,
                1
            ],
            "name": "elbow_L"
        },
        "elbow_R": {
            "children": [
                "wrist_R"
            ],
            "matrix": [
                0.9754672050476073,
                0.220144659280777,
                -2.980232233218416e-8,
                0,
                -0.22014462954757263,
                0.9754670732988755,
                -4.693865775923234e-7,
                0,
                -7.426178727509836e-8,
                4.6443218050876145e-7,
                1.0000001192092862,
                0,
                -22.975444793701186,
                0.0000019073486328125,
                -0.000038146972642039145,
                1
            ],
            "name": "elbow_R"
        },
        "index_0_L": {
            "children": [
                "index_1_L"
            ],
            "matrix": [
                0.9239792823791504,
                0.060776412487029974,
                0.37758240103721596,
                0,
                -0.37435356855778945,
                0.34571270026723666,
                0.8604314265341828,
                0,
                -0.07824108028082505,
                -0.9363699414783245,
                0.3421831702411742,
                0,
                11.154514312744148,
                1.9398794174194336,
                -1.6441421508789062,
                1
            ],
            "name": "index_0_L"
        },
        "index_0_R": {
            "children": [
                "index_1_R"
            ],
            "matrix": [
                0.9239795207977295,
                0.06077623367309559,
                0.3775826096534729,
                0,
                -0.37435352592400284,
                0.34571319628314123,
                0.8604311670741039,
                0,
                -0.07824149506145733,
                -0.9363697983001698,
                0.3421835791057214,
                0,
                -11.154502868652344,
                -1.9398527145385724,
                1.6441497802734375,
                1
            ],
            "name": "index_0_R"
        },
        "index_1_L": {
            "children": [
                "index_2_L"
            ],
            "matrix": [
                0.963798463344574,
                0.2651956379413604,
                -0.027635633945465032,
                0,
                -0.2652582624258037,
                0.9641764651051896,
                0.0014433190226065679,
                0,
                0.02702838572688071,
                0.0059395106995881915,
                0.9996169805188072,
                0,
                5.587718963623047,
                0,
                0,
                1
            ],
            "name": "index_1_L"
        },
        "index_1_R": {
            "children": [
                "index_2_R"
            ],
            "matrix": [
                0.9637984037399293,
                0.2651951909065247,
                -0.027634859085083008,
                0,
                -0.2652578947509969,
                0.964176698088812,
                0.0014433935319640712,
                0,
                0.027027665569134607,
                0.005939223580678969,
                0.9996169829783782,
                0,
                -5.587657928466804,
                -0.000011444091803980427,
                -0.0000152587890625,
                1
            ],
            "name": "index_1_R"
        },
        "index_2_L": {
            "children": [],
            "matrix": [
                0.9098929166793819,
                0.4143844246864318,
                0.0195129513740539,
                0,
                -0.4143784633067112,
                0.9100934353637228,
                -0.004536271071147402,
                0,
                -0.019638366544931563,
                -0.003958225388680181,
                0.9997994250523726,
                0,
                3.3883781433105398,
                3.552713678800501e-15,
                0.000011444091793322286,
                1
            ],
            "name": "index_2_L"
        },
        "index_2_R": {
            "children": [],
            "matrix": [
                0.9098926782608033,
                0.4143842160701751,
                0.019512802362442183,
                0,
