{
    "accessors": {
        "attrbute_1": {
            "bufferView": "bufferView_25",
            "byteOffset": 0,
            "byteStride": 12,
            "count": 2313,
            "max": [
                51.2819938659668,
                15.619368553161621,
                136.52793884277344,
                0
            ],
            "min": [
                -51.28196334838867,
                -28.282602310180664,
                -0.226411372423172,
                0
            ],
            "type": 35665
        },
        "attrbute_10": {
            "bufferView": "bufferView_25",
            "byteOffset": 156156,
            "byteStride": 16,
            "count": 543,
            "max": [
                5,
                -1,
                -1,
                -1
            ],
            "min": [
                0,
                -1,
                -1,
                -1
            ],
            "type": 35666
        },
        "attrbute_11": {
            "bufferView": "bufferView_25",
            "byteOffset": 164844,
            "byteStride": 12,
            "count": 543,
            "max": [
                1,
                0,
                0
            ],
            "min": [
                1,
                0,
                0
            ],
            "type": 35665
        },
        "attrbute_13": {
            "bufferView": "bufferView_25",
            "byteOffset": 171360,
            "byteStride": 12,
            "count": 1166,
            "max": [
                51.922813415527344,
                35.85035705566406,
                119.52223205566406,
                0
            ],
            "min": [
                -45.41497802734375,
                -38.815460205078125,
                34.37593078613281,
                0
            ],
            "type": 35665
        },
        "attrbute_14": {
            "bufferView": "bufferView_25",
            "byteOffset": 185352,
            "byteStride": 12,
            "count": 1166,
            "max": [
                0.9915891885757446,
                0.9991018176078796,
                0.999935507774353,
                0
            ],
            "min": [
                -0.9942813515663147,
                -0.9951199889183044,
                -0.9959442019462585,
                0
            ],
            "type": 35665
        },
        "attrbute_15": {
            "bufferView": "bufferView_25",
            "byteOffset": 199344,
            "byteStride": 8,
            "count": 1166,
            "max": [
                1.9918969869613647,
                0.9890940189361572
            ],
            "min": [
                0.008526000194251537,
                0.004270970821380615
            ],
            "type": 35664
        },
        "attrbute_16": {
            "bufferView": "bufferView_25",
            "byteOffset": 208672,
            "byteStride": 16,
            "count": 1166,
            "max": [
                17,
                21,
                22,
                -1
            ],
            "min": [
                0,
                -1,
                -1,
                -1
            ],
            "type": 35666
        },
        "attrbute_17": {
            "bufferView": "bufferView_25",
            "byteOffset": 227328,
            "byteStride": 12,
            "count": 1166,
            "max": [
                1,
                0.9913625121116638,
                0.9309338331222534
            ],
            "min": [
                0.0010723890736699104,
                0,
                0
            ],
            "type": 35665
        },
        "attrbute_19": {
            "bufferView": "bufferView_25",
            "byteOffset": 241320,
            "byteStride": 12,
            "count": 458,
            "max": [
                25.739009857177734,
                25.236408233642578,
                147.45956420898438,
                0
            ],
            "min": [
                -25.739028930664062,
                -24.229562759399414,
                120.92150115966797,
                0
            ],
            "type": 35665
        },
        "attrbute_2": {
            "bufferView": "bufferView_25",
            "byteOffset": 27756,
            "byteStride": 12,
            "count": 2313,
            "max": [
                0.999613881111145,
                0.9999918937683105,
                0.9899721741676331,
                0
            ],
            "min": [
                -0.999613881111145,
                -0.9993762373924255,
                -0.9997214674949646,
                0
            ],
            "type": 35665
        },
        "attrbute_20": {
            "bufferView": "bufferView_25",
            "byteOffset": 246816,
            "byteStride": 12,
            "count": 458,
            "max": [
                0.9825949668884277,
                0.9962273836135864,
                0.9981467127799988,
                0
            ],
            "min": [
                -0.9825961589813232,
                -0.9762164354324341,
                -0.9995126128196716,
                0
            ],
            "type": 35665
        },
        "attrbute_21": {
            "bufferView": "bufferView_25",
            "byteOffset": 252312,
            "byteStride": 8,
            "count": 458,
            "max": [
                1.9815449714660645,
                0.9912089705467224
            ],
            "min": [
                0.006676000077277422,
                0.018642008304595947
            ],
            "type": 35664
        },
        "attrbute_22": {
            "bufferView": "bufferView_25",
            "byteOffset": 255976,
            "byteStride": 16,
            "count": 458,
            "max": [
                0,
                -1,
                -1,
                -1
            ],
            "min": [
                0,
                -1,
                -1,
                -1
            ],
            "type": 35666
        },
        "attrbute_23": {
            "bufferView": "bufferView_25",
            "byteOffset": 263304,
            "byteStride": 12,
            "count": 458,
            "max": [
                1,
                0,
                0
            ],
            "min": [
                1,
                0,
                0
            ],
            "type": 35665
        },
        "attrbute_3": {
            "bufferView": "bufferView_25",
            "byteOffset": 55512,
            "byteStride": 8,
            "count": 2313,
            "max": [
                1.9945019483566284,
                0.9914109706878662
            ],
            "min": [
                0.012230000458657742,
                0.009679973125457764
            ],
            "type": 35664
        },
        "attrbute_4": {
            "bufferView": "bufferView_25",
            "byteOffset": 74016,
            "byteStride": 16,
            "count": 2313,
            "max": [
                37,
                37,
                37,
                -1
            ],
            "min": [
                0,
                -1,
                -1,
                -1
            ],
            "type": 35666
        },
        "attrbute_5": {
            "bufferView": "bufferView_25",
            "byteOffset": 111024,
            "byteStride": 12,
            "count": 2313,
            "max": [
                1,
                0.9998672604560852,
                0.9976835250854492
            ],
            "min": [
                0.00011996569082839414,
                0,
                0
            ],
            "type": 35665
        },
        "attrbute_7": {
            "bufferView": "bufferView_25",
            "byteOffset": 138780,
            "byteStride": 12,
            "count": 543,
            "max": [
                35.25324630737305,
                18.57827377319336,
                125.66619110107422,
                0
            ],
            "min": [
                -35.25325393676758,
                -27.162033081054688,
                98.86829376220703,
                0
            ],
            "type": 35665
        },
        "attrbute_8": {
            "bufferView": "bufferView_25",
            "byteOffset": 145296,
            "byteStride": 12,
            "count": 543,
            "max": [
                0.9962605237960815,
                0.9870510101318359,
                0.9999496936798096,
                0
            ],
            "min": [
                -0.996260404586792,
                -0.9980115294456482,
                -0.9959957003593445,
                0
            ],
            "type": 35665
        },
        "attrbute_9": {
            "bufferView": "bufferView_25",
            "byteOffset": 151812,
            "byteStride": 8,
            "count": 543,
            "max": [
                1.9848419427871704,
                0.9878649711608887
            ],
            "min": [
                0.02553899958729744,
                0.01174098253250122
            ],
            "type": 35664
        },
        "indices_12": {
            "bufferView": "bufferView_27",
            "byteOffset": 22248,
            "count": 2244,
            "type": 5123
        },
        "indices_18": {
            "bufferView": "bufferView_27",
            "byteOffset": 26736,
            "count": 4602,
            "type": 5123
        },
        "indices_24": {
            "bufferView": "bufferView_27",
            "byteOffset": 35940,
            "count": 1926,
            "type": 5123
        },
        "indices_6": {
            "bufferView": "bufferView_27",
            "byteOffset": 0,
            "count": 11124,
            "type": 5123
        }
    },
    "animations": {},
    "asset": {},
    "bufferViews": {
        "bufferView_25": {
            "buffer": "storm_spirit.bin",
            "byteLength": 268800,
            "byteOffset": 0,
            "target": 34962
        },
        "bufferView_26": {
            "buffer": "storm_spirit.bin",
            "byteLength": 4928,
            "byteOffset": 268800
        },
        "bufferView_27": {
            "buffer": "storm_spirit.bin",
            "byteLength": 39792,
            "byteOffset": 273728,
            "target": 34963
        }
    },
    "buffers": {
        "storm_spirit.bin": {
            "byteLength": 313520,
            "path": "storm_spirit.bin"
        }
    },
    "cameras": {},
    "images": {
        "image_0": {
            "path": "textures/storm_v2_base_color.png"
        },
        "image_1": {
            "path": "textures/storm_v2_shoulders_necklace_color.png"
        },
        "image_2": {
            "path": "textures/storm_v2_armor_belt_color.png"
        },
        "image_3": {
            "path": "textures/storm_v2_hat_color.png"
        }
    },
    "lights": {},
    "materials": {
        "Material #103": {
            "instanceTechnique": {
                "technique": "technique_0",
                "values": {
                    "ambient": [
                        0.5879999995231628,
                        0.5879999995231628,
                        0.5879999995231628
                    ],
                    "diffuse": "Map #19",
                    "emission": [
                        0,
                        0,
                        0
                    ],
                    "shininess": 2,
                    "specular": [
                        0.8999999761581421,
                        0.8999999761581421,
                        0.8999999761581421
                    ],
                    "transparency": 1
                }
            },
            "name": "Material #103"
        },
        "Material #114": {
            "instanceTechnique": {
                "technique": "technique_0",
                "values": {
                    "ambient": [
                        0.5879999995231628,
                        0.5879999995231628,
                        0.5879999995231628
                    ],
                    "diffuse": "Map #18",
                    "emission": [
                        0,
                        0,
                        0
                    ],
                    "shininess": 2,
                    "specular": [
                        0.8999999761581421,
                        0.8999999761581421,
                        0.8999999761581421
                    ],
                    "transparency": 1
                }
            },
            "name": "Material #114"
        },
        "Material #125": {
            "instanceTechnique": {
                "technique": "technique_0",
                "values": {
                    "ambient": [
                        0.5879999995231628,
                        0.5879999995231628,
                        0.5879999995231628
                    ],
                    "diffuse": "Map #17",
                    "emission": [
                        0,
                        0,
                        0
                    ],
                    "shininess": 2,
                    "specular": [
                        0.8999999761581421,
                        0.8999999761581421,
                        0.8999999761581421
                    ],
                    "transparency": 1
                }
            },
            "name": "Material #125"
        },
        "Material #137": {
            "instanceTechnique": {
                "technique": "technique_0",
                "values": {
                    "ambient": [
                        0.5879999995231628,
                        0.5879999995231628,
                        0.5879999995231628
                    ],
                    "diffuse": "Map #16",
                    "emission": [
                        0,
                        0,
                        0
                    ],
                    "shininess": 2,
                    "specular": [
                        0.8999999761581421,
                        0.8999999761581421,
                        0.8999999761581421
                    ],
                    "transparency": 1
                }
            },
            "name": "Material #137"
        }
    },
    "meshes": {
        "storm_spirit_armor_and_sleeves_LOD0-mesh": {
            "name": "storm_spirit_armor_and_sleeves_LOD0-mesh",
            "primitives": [
                {
                    "attributes": {
                        "JOINT": "attrbute_16",
                        "NORMAL": "attrbute_14",
                        "POSITION": "attrbute_13",
                        "TEXCOORD_0": "attrbute_15",
                        "WEIGHT": "attrbute_17"
                    },
                    "indices": "indices_18",
                    "material": "Material #125"
                }
            ]
        },
        "storm_spirit_hat_hair_earrings_LOD0-mesh": {
            "name": "storm_spirit_hat_hair_earrings_LOD0-mesh",
            "primitives": [
                {
                    "attributes": {
                        "JOINT": "attrbute_22",
                        "NORMAL": "attrbute_20",
                        "POSITION": "attrbute_19",
                        "TEXCOORD_0": "attrbute_21",
                        "WEIGHT": "attrbute_23"
                    },
                    "indices": "indices_24",
                    "material": "Material #137"
                }
            ]
        },
        "storm_spirit_model_LOD0-mesh": {
            "name": "storm_spirit_model_LOD0-mesh",
            "primitives": [
                {
                    "attributes": {
                        "JOINT": "attrbute_4",
                        "NORMAL": "attrbute_2",
                        "POSITION": "attrbute_1",
                        "TEXCOORD_0": "attrbute_3",
                        "WEIGHT": "attrbute_5"
                    },
                    "indices": "indices_6",
                    "material": "Material #103"
                }
            ]
        },
        "storm_spirit_shoulderpads_necklace_LOD0-mesh": {
            "name": "storm_spirit_shoulderpads_necklace_LOD0-mesh",
            "primitives": [
                {
                    "attributes": {
                        "JOINT": "attrbute_10",
                        "NORMAL": "attrbute_8",
                        "POSITION": "attrbute_7",
                        "TEXCOORD_0": "attrbute_9",
                        "WEIGHT": "attrbute_11"
                    },
                    "indices": "indices_12",
                    "material": "Material #114"
                }
            ]
        }
    },
    "nodes": {
        "ClothFrontShldrHlpr_0_L": {
            "children": [],
            "jointId": "ClothFrontShldrHlpr_0_L",
            "matrix": [
                0.09831479191780113,
                0.8589936494827273,
                0.5024575591087342,
                0,
                -0.2118310207998115,
                0.5113965198866163,
                -0.8328270370949775,
                0,
                -0.9723483971248315,
                -0.02455688620429446,
                0.2322393951888815,
                0,
                0.504150390625,
                8.449743270874022,
                -2.021476745605483,
                1
            ],
            "name": "ClothFrontShldrHlpr_0_L"
        },
        "ClothFrontShldrHlpr_0_R": {
            "children": [],
            "jointId": "ClothFrontShldrHlpr_0_R",
            "matrix": [
                0.09831476211547835,
                0.85899418592453,
                0.5024569034576416,
                0,
                -0.2118306574673388,
                0.5113957412857436,
                -0.8328274223992815,
                0,
                -0.9723485729145902,
                -0.024556554842985853,
                0.23223913468575097,
                0,
                -0.5043067932128906,
                -8.4497652053833,
                2.021331787109361,
                1
            ],
            "name": "ClothFrontShldrHlpr_0_R"
        },
        "ClothRearShldrHlpr_0_L": {
            "children": [],
            "jointId": "ClothRearShldrHlpr_0_L",
            "matrix": [
                0.15090149641036993,
                -0.592824459075928,
                0.7910673618316654,
                0,
                -0.16173090178359534,
                -0.804253835650778,
                -0.57185510591288,
                0,
                0.9752290345589653,
                -0.04164626284653036,
                -0.21724122646698896,
                0,
                1.6637611389160227,
                -6.126372337341309,
                -3.9822006225585938,
                1
            ],
            "name": "ClothRearShldrHlpr_0_L"
        },
        "ClothRearShldrHlpr_0_R": {
            "children": [],
            "jointId": "ClothRearShldrHlpr_0_R",
            "matrix": [
                0.10227055847644811,
                -0.6219129562377927,
                0.7763792276382442,
                0,
                -0.22142756442756584,
                -0.7751227910498311,
                -0.5917383791301891,
                0,
                0.9697992854699427,
                -0.1113943799020338,
                -0.21698097611482597,
                0,
                -1.6636962890625,
                6.126395225524901,
                3.9823684692382812,
                1
            ],
            "name": "ClothRearShldrHlpr_0_R"
        },
        "Clothing_0_L": {
            "children": [
                "Clothing_1_L"
            ],
            "jointId": "Clothing_0_L",
            "matrix": [
                0.9999999999999998,
                -5.960464473375726e-8,
                4.4703483575991854e-7,
                0,
                5.960438728691564e-8,
                0.999999701976776,
                5.364418029646378e-7,
                0,
                -4.470347347296233e-7,
                -5.36441776333163e-7,
                0.9999997019767979,
                0,
                0.000072479248046875,
                -0.00001239776611328125,
                0.0000457763671875,
                1
            ],
            "name": "Clothing_0_L"
        },
        "Clothing_1_L": {
            "children": [],
            "jointId": "Clothing_1_L",
            "matrix": [
                0.9999999999999998,
                1.4901161249358807e-8,
                -5.551115123125783e-17,
                0,
                -1.4901160277913661e-8,
                0.9999999403953554,
                4.470348362317633e-8,
                0,
                5.551115123125783e-16,
                -4.470349156127096e-8,
                1.00000011920929,
                0,
                10.000000000000014,
                9.536743146298932e-7,
                0.00002288818359375,
                1
            ],
            "name": "Clothing_1_L"
        },
        "Flap_0_L": {
            "children": [],
            "jointId": "Flap_0_L",
            "matrix": [
                -0.9679616689682012,
                -0.09665253013372413,
                0.2317508608102799,
                0,
                0.06888449357581661,
                0.7853277167532645,
                0.6152359463844368,
                0,
                -0.24146447983597152,
                0.6114888405119487,
                -0.7535092499937,
                0,
                2.7272262573242045,
                20.94940757751465,
                12.818954467773438,
                1
            ],
            "name": "Flap_0_L"
        },
        "Flap_0_R": {
            "children": [],
            "jointId": "Flap_0_R",
            "matrix": [
                0.9679618477821352,
                0.09665447473526005,
                0.23175044357776645,
                0,
                -0.068884842943362,
                -0.7853222750659117,
                0.615242886498246,
                0,
                0.24146466967058278,
                -0.6114954962179996,
                -0.7535036789688601,
                0,
                2.72723388671875,
                20.949317932128906,
                -12.819196701049806,
                1
            ],
            "name": "Flap_0_R"
        },
        "Head_0": {
            "children": [
                "Head_1"
            ],
            "jointId": "Head_0",
            "matrix": [
                0.9960170388221746,
                0.08916577696800246,
                5.684341891374757e-14,
                0,
                -0.08916577696800235,
                0.9960170388221745,
                -3.552713688064924e-14,
                0,
                -5.978479000393863e-14,
                3.03171314809732e-14,
                0.9999999999999999,
                0,
                8.344459533691406,
                0.000003814697265625,
                0.0000018219543562736362,
                1
            ],
            "name": "Head_0"
        },
        "Head_1": {
            "children": [],
            "jointId": "Head_1",
            "matrix": [
                0.9416134357452399,
                -0.3366953134536744,
                -5.642597784571991e-7,
                0,
                0.3366953134539744,
                0.9416134357451323,
                5.64259835300618e-7,
                0,
                3.4133108426474133e-7,
                -7.212985562076834e-7,
                1.0000000000000002,
                0,
                6.674293518066406,
                0.000011444091796875,
                0.000004783858457813046,
                1
            ],
            "name": "Head_1"
        },
        "Jug_0": {
            "children": [],
            "jointId": "Jug_0",
            "matrix": [
                -0.5358311533927921,
                -0.443066865205765,
                -0.718732833862305,
                0,
                0.04503623856110281,
                -0.8650375889563007,
                0.4996817402113513,
                0,
                -0.8431232677024552,
                0.2353759996514689,
                0.4834681126333905,
                0,
                12.191452026367202,
                -13.168668746948242,
                12.264963150024414,
                1
            ],
            "name": "Jug_0"
        },
        "Root_0": {
            "children": [
                "Jug_0",
                "Skirt_0_L",
                "thigh_L",
                "Flap_0_R",
                "Spine_1",
                "thigh_R",
                "Flap_0_L",
                "Skirt_0_R"
            ],
            "jointId": "Root_0",
            "matrix": [
                5.946240477417181e-8,
                -0.02676961198449004,
                0.9996415972709656,
                0,
                0.000004441734076287354,
                -0.9996415972709585,
                -0.026769611984754065,
                0,
                1,
                0.00000444173422035487,
                5.9462408332380716e-8,
                0,
                0,
                -4.013634204864502,
                67.54034423828125,
                1
            ],
            "name": "Root_0"
        },
        "Skirt_0_L": {
            "children": [],
            "jointId": "Skirt_0_L",
            "matrix": [
                -0.8237740397453311,
                -0.06416973471641539,
                0.5632748007774354,
                0,
                0.5664811989593664,
                -0.13218163902414815,
                0.8134048325321952,
                0,
                0.022258613651718884,
                0.9891463508714586,
                0.1452387483076203,
                0,
                -8.795700073242188,
                -5.857550621032715,
                22.115653991699222,
                1
            ],
            "name": "Skirt_0_L"
        },
        "Skirt_0_R": {
            "children": [],
            "jointId": "Skirt_0_R",
            "matrix": [
                0.8237744569778445,
                0.06417478621006015,
                0.5632740855216979,
                0,
                -0.566480843370719,
                0.1321881749162793,
                0.813403834914514,
                0,
                -0.02225815200692571,
                -0.9891450979900871,
                0.14524700209011612,
                0,
                -8.795703887939453,
                -5.857740402221681,
                -22.115573883056637,
                1
            ],
            "name": "Skirt_0_R"
        },
        "Spine_1": {
            "children": [
                "Spine_2"
            ],
            "jointId": "Spine_1",
            "matrix": [
                0.9804369211196903,
                -0.19683456420898449,
                9.536744300930886e-7,
                0,
                0.1968345642129971,
                0.9804369211188849,
                -0.00000429153487857548,
                0,
                -9.029518808297856e-8,
                0.0000043952935673357725,
                1.0000000000000002,
                0,
                14.565101623535142,
                9.536743159621608e-7,
                -0.0000015141304174903814,
                1
            ],
            "name": "Spine_1"
        },
        "Spine_2": {
            "children": [
                "Spine_3"
            ],
            "jointId": "Spine_2",
            "matrix": [
                0.9847941398620607,
                -0.1737246811389924,
                -4.512184830218756e-7,
                0,
                0.17372468113899228,
                0.9847941398620607,
                -7.105427331131222e-15,
                0,
                4.443574245384673e-7,
                -7.83877986876267e-8,
                0.9999999999999997,
                0,
                15.030815124511719,
                0.0000019073486363652137,
                -0.00000269211068371078,
                1
            ],
            "name": "Spine_2"
        },
        "Spine_3": {
            "children": [
                "Head_0",
                "necklace_0",
                "clavicle_L",
                "shoulderHlpr_0_R",
                "clavicle_R",
                "shoulderHlpr_0_L"
            ],
            "jointId": "Spine_3",
            "matrix": [
                0.8702009320259095,
                0.4926971197128295,
                -8.742276236262104e-8,
                0,
                -0.49269711971281815,
                0.870200932025916,
                1.5099581673894128e-7,
                0,
                1.5047055614980045e-7,
                -8.832374718722975e-8,
                0.9999999999999992,
                0,
                14.690193176269531,
                -0.0000152587890625,
                0.0000010405874490970746,
                1
            ],
            "name": "Spine_3"
        },
        "ankle_L": {
            "children": [
                "toeBase_L"
            ],
            "jointId": "ankle_L",
            "matrix": [
                0.06475292146205913,
                -0.9978951811790469,
                -0.003504049032926615,
                0,
                -0.9912092660606389,
                -0.06472427550386325,
                0.11539418230763279,
                0,
                -0.11537809433807296,
                -0.003998864513849209,
                -0.993314026102611,
                0,
                30.96442413330079,
                0.000002503395079012094,
                0.000003814697269177714,
                1
            ],
            "name": "ankle_L"
        },
        "ankle_R": {
            "children": [
                "toeBase_R"
            ],
            "jointId": "ankle_R",
            "matrix": [
                0.06475339829921714,
                -0.997894823551178,
                -0.003504738211631768,
                0,
                -0.9912087320393953,
                -0.06472481767634664,
                0.11539426533170351,
                0,
                -0.11537819582389741,
                -0.00399824412975028,
                -0.9933133200374951,
                0,
                -30.964393615722656,
                0.000002861022949884884,
                -0.000019073486331677714,
                1
            ],
            "name": "ankle_R"
        },
        "bicep_L": {
            "children": [
                "elbow_L"
            ],
            "jointId": "bicep_L",
            "matrix": [
                0.90535569190979,
                0.19050006568431865,
                0.3795261383056642,
                0,
                -0.2490863761493784,
                0.9620652292710229,
                0.11129214773944189,
                0,
                -0.3439279057041779,
                -0.1952938640662444,
                0.9184626453514886,
                0,
                9.942783355712905,
                0.00000286102294921875,
                0,
                1
            ],
            "name": "bicep_L"
        },
        "bicep_R": {
            "children": [
                "elbow_R"
            ],
            "jointId": "bicep_R",
            "matrix": [
                0.9053559303283689,
                0.19050008058547963,
                0.3795259296894073,
                0,
                -0.24908655066884683,
                0.962065570848223,
                0.11129257247994322,
                0,
                -0.3439275381229081,
                -0.19529416792777415,
                0.9184626495907512,
                0,
                -9.942909240722656,
                -0.000026702880861151357,
                -0.00011444091796875,
                1
            ],
            "name": "bicep_R"
        },
        "clavicle_L": {
            "children": [
                "bicep_L",
                "ClothFrontShldrHlpr_0_L",
                "ClothRearShldrHlpr_0_L"
            ],
            "jointId": "clavicle_L",
            "matrix": [
                -0.5068549513816837,
                -0.03447792679071435,
                0.8613417148590088,
                0,
                0.10869923561936749,
                0.9886683227502513,
                0.10353844275585812,
                0,
                -0.8551507858699211,
                0.1461061116486917,
                -0.4973635512882728,
                0,
                0.02892303466796875,
                -0.5621414184570312,
                11.539150238037111,
                1
            ],
            "name": "clavicle_L"
        },
        "clavicle_R": {
            "children": [
                "ClothRearShldrHlpr_0_R",
                "bicep_R",
                "ClothFrontShldrHlpr_0_R"
            ],
            "jointId": "clavicle_R",
            "matrix": [
                0.5068545937538149,
                0.03447797894477844,
                0.8613418936729431,
                0,
                -0.10869940881540072,
                -0.9886681943816675,
                0.10353853277167539,
                0,
                0.8551511239034176,
                -0.14610633385121147,
                -0.49736327415258647,
                0,
                0.0290679931640625,
                -0.5621738433837891,
                -11.539097785949705,
                1
            ],
            "name": "clavicle_R"
        },
        "elbow_L": {
            "children": [
                "wrist_L",
                "Clothing_0_L"
            ],
            "jointId": "elbow_L",
            "matrix": [
                0.9754674434661863,
                0.2201448678970337,
                -8.940696721859709e-8,
                0,
                -0.2201448806967301,
                0.9754675001821782,
                5.289912223815918e-7,
                0,
                2.0366822939266171e-7,
                -4.963310724394321e-7,
                1.0000002384185973,
                0,
                22.97547912597657,
                0.000004768371580254893,
                -0.000030517578125,
                1
            ],
            "name": "elbow_L"
        },
        "elbow_R": {
            "children": [
                "wrist_R"
            ],
            "jointId": "elbow_R",
            "matrix": [
                0.9754672050476072,
                0.22014465928077698,
                -2.9802322443206464e-8,
                0,
                -0.2201446295475727,
                0.9754670732988758,
                -4.693865775784456e-7,
                0,
                -7.426178727509836e-8,
                4.64432180505292e-7,
                1.0000001192092864,
                0,
                -22.975444793701186,
                0.0000019073486328125,
                -0.000038146972670460855,
                1
            ],
            "name": "elbow_R"
        },
        "index_0_L": {
            "children": [
                "index_1_L"
            ],
            "jointId": "index_0_L",
            "matrix": [
                0.9239792823791502,
                0.060776412487029974,
                0.37758240103721596,
                0,
                -0.37435356855778945,
                0.3457127002672366,
                0.8604314265341829,
                0,
                -0.07824108028082499,
                -0.9363699414783243,
                0.3421831702411742,
                0,
                11.15451431274414,
                1.9398794174194283,
                -1.6441421508789062,
                1
            ],
            "name": "index_0_L"
        },
        "index_0_R": {
            "children": [
                "index_1_R"
            ],
            "jointId": "index_0_R",
            "matrix": [
                0.9239795207977296,
                0.0607762336730957,
                0.3775826096534729,
                0,
                -0.37435352592400284,
                0.3457131962831411,
                0.8604311670741039,
                0,
                -0.07824149506145739,
                -0.93636979830017,
                0.3421835791057215,
                0,
                -11.154502868652337,
                -1.939852714538576,
                1.6441497802734517,
                1
            ],
            "name": "index_0_R"
        },
        "index_1_L": {
            "children": [
                "index_2_L"
            ],
            "jointId": "index_1_L",
            "matrix": [
                0.9637984633445738,
                0.2651956379413603,
                -0.027635633945464977,
                0,
                -0.26525826242580364,
                0.9641764651051896,
                0.0014433190226065679,
                0,
                0.0270283857268806,
                0.005939510699588207,
                0.9996169805188072,
                0,
                5.587718963623047,
                0,
                3.552713678800501e-15,
                1
            ],
            "name": "index_1_L"
        },
        "index_1_R": {
            "children": [
                "index_2_R"
            ],
            "jointId": "index_1_R",
            "matrix": [
                0.963798403739929,
                0.2651951909065246,
                -0.02763485908508312,
                0,
                -0.26525789475099687,
                0.9641766980888118,
                0.001443393531964099,
                0,
                0.027027665569134496,
                0.005939223580678962,
                0.9996169829783781,
                0,
                -5.587657928466797,
                -0.000011444091796875,
                -0.000015258789069605427,
                1
            ],
            "name": "index_1_R"
        },
        "index_2_L": {
            "children": [],
            "jointId": "index_2_L",
            "matrix": [
                0.9098929166793823,
                0.41438442468643183,
                0.01951295137405401,
                0,
                -0.41437846330671135,
                0.9100934353637231,
                -0.00453627107114743,
                0,
                -0.019638366544931507,
                -0.003958225388680167,
                0.999799425052373,
                0,
                3.388378143310547,
                -3.552713678800501e-15,
                0.000011444091800427714,
                1
            ],
            "name": "index_2_L"
        },
        "index_2_R": {
            "children": [],
            "jointId": "index_2_R",
            "matrix": [
                0.9098926782608032,
                0.4143842160701752,
                0.019512802362442044,
                0,
                -0.41437831028548905,
                0.9100932501327943,
                -0.004534840590417172,
                0,
                -0.019637645420709005,
                -0.0039594657040490505,
                0.9997994914336028,
                0,
                -3.388385772705078,
                0.0000457763671875,
                -0.000034332275390625,
                1
            ],
            "name": "index_2_R"
        },
        "knee_L": {
            "children": [
                "ankle_L"
            ],
            "jointId": "knee_L",
            "matrix": [
                0.9568379521369935,
                0.29062047600746166,
                -1.4901161179969868e-8,
                0,
                -0.29062051670815914,
                0.9568380861398444,
                -1.862645159639298e-9,
                0,
                1.37166833447111e-8,
                6.11283614525282e-9,
                0.9999998211860696,
                0,
                29.508361816406236,
