{
    "accessors": [
        {
            "bufferView": 0,
            "byteOffset": 0,
            "componentType": 5126,
            "count": 2313,
            "max": [
                51.2819938659668,
                15.619368553161621,
                136.52793884277344
            ],
            "min": [
                -51.28196334838867,
                -28.282602310180664,
                -0.226411372423172
            ],
            "type": "VEC3"
        },
        {
            "bufferView": 0,
            "byteOffset": 27756,
            "componentType": 5126,
            "count": 2313,
            "max": [
                0.999613881111145,
                0.9999918937683105,
                0.9899721741676331
            ],
            "min": [
                -0.999613881111145,
                -0.9993762373924255,
                -0.9997214674949646
            ],
            "type": "VEC3"
        },
        {
            "bufferView": 0,
            "byteOffset": 55512,
            "componentType": 5126,
            "count": 2313,
            "max": [
                1.9945019483566284,
                0.9903200268745422
            ],
            "min": [
                0.012230000458657742,
                0.008589029312133789
            ],
            "type": "VEC2"
        },
        {
            "bufferView": 0,
            "byteOffset": 74016,
            "componentType": 5123,
            "count": 2313,
            "max": [
                37,
                37,
                37,
                0
            ],
            "min": [
                0,
                0,
                0,
                0
            ],
            "type": "VEC4"
        },
        {
            "bufferView": 0,
            "byteOffset": 92520,
            "componentType": 5126,
            "count": 2313,
            "max": [
                1,
                0.9998672604560852,
                0.9976835250854492,
                0
            ],
            "min": [
                0.00011996569082839414,
                0,
                0,
                0
            ],
            "type": "VEC4"
        },
        {
            "bufferView": 2,
            "byteOffset": 0,
            "componentType": 5123,
            "count": 11124,
            "max": [
                2312
            ],
            "min": [
                0
            ],
            "type": "SCALAR"
        },
        {
            "bufferView": 1,
            "byteOffset": 0,
            "componentType": 5126,
            "count": 38,
            "max": [
                0.8613419858906598,
                0.10353868534019002,
                0.9999999999999698,
                0,
                0.9659259946994999,
                0.9928526221224526,
                0.9846075433472217,
                0,
                0.9996416621274656,
                0.9996876326788772,
                0.8675425692977906,
                0,
                71.56195567057733,
                71.06475744658731,
                101.9095730739868,
                1
            ],
            "min": [
                -0.4536846395645565,
                -0.9965140221761537,
                -0.9820288985645997,
                0,
                -0.9659261128389162,
                -0.9996416621077405,
                -0.9846072888721248,
                0,
                -0.9933330083270424,
                -0.9996876444905446,
                -0.867542408457242,
                0,
                -124.95927109994011,
                -71.06473051581996,
                -101.90969103436197,
                1
            ],
            "type": "MAT4"
        },
        {
            "bufferView": 0,
            "byteOffset": 129528,
            "componentType": 5126,
            "count": 543,
            "max": [
                35.25324630737305,
                18.57827377319336,
                125.66619110107422
            ],
            "min": [
                -35.25325393676758,
                -27.162033081054688,
                98.86829376220703
            ],
            "type": "VEC3"
        },
        {
            "bufferView": 0,
            "byteOffset": 136044,
            "componentType": 5126,
            "count": 543,
            "max": [
                0.9962605237960815,
                0.9870510101318359,
                0.9999496936798096
            ],
            "min": [
                -0.996260404586792,
                -0.9980115294456482,
                -0.9959957003593445
            ],
            "type": "VEC3"
        },
        {
            "bufferView": 0,
            "byteOffset": 142560,
            "componentType": 5126,
            "count": 543,
            "max": [
                1.9848419427871704,
                0.9882590174674988
            ],
            "min": [
                0.02553899958729744,
                0.012135028839111328
            ],
            "type": "VEC2"
        },
        {
            "bufferView": 0,
            "byteOffset": 146904,
            "componentType": 5123,
            "count": 543,
            "max": [
                5,
                0,
                0,
                0
            ],
            "min": [
                0,
                0,
                0,
                0
            ],
            "type": "VEC4"
        },
        {
            "bufferView": 0,
            "byteOffset": 151248,
            "componentType": 5126,
            "count": 543,
            "max": [
                1,
                0,
                0,
                0
            ],
            "min": [
                1,
                0,
                0,
                0
            ],
            "type": "VEC4"
        },
        {
            "bufferView": 2,
            "byteOffset": 22248,
            "componentType": 5123,
            "count": 2244,
            "max": [
                542
            ],
            "min": [
                0
            ],
            "type": "SCALAR"
        },
        {
            "bufferView": 1,
            "byteOffset": 2432,
            "componentType": 5126,
            "count": 6,
            "max": [
                0.9962165570040458,
                0.541386853307994,
                0.999999999999935,
                0,
                0.5120120415834873,
                0.5248026115127697,
                0.973561521686347,
                0,
                0.9857164766248903,
                0.9698531659862207,
                0.22767074468149479,
                0,
                71.20853977683362,
                110.87119338078259,
                29.42363366093191,
                1
            ],
            "min": [
                -0.0000013112344806075456,
                -0.08490435549942235,
                -0.999999999998278,
                0,
                -0.9674349685908221,
                -0.9857164766249255,
                -0.9735615514752634,
                0,
                -0.7516865785021943,
                -0.9698531141761497,
                -0.22767135870228358,
                0,
                -108.6200530994229,
                -112.07187135763171,
                -29.4236061266079,
                1
            ],
            "type": "MAT4"
        },
        {
            "bufferView": 0,
            "byteOffset": 159936,
            "componentType": 5126,
            "count": 1166,
            "max": [
                51.922813415527344,
                35.85035705566406,
                119.52223205566406
            ],
            "min": [
                -45.41497802734375,
                -38.815460205078125,
                34.37593078613281
            ],
            "type": "VEC3"
        },
        {
            "bufferView": 0,
            "byteOffset": 173928,
            "componentType": 5126,
            "count": 1166,
            "max": [
                0.9915891885757446,
                0.9991018176078796,
                0.999935507774353
            ],
            "min": [
                -0.9942813515663147,
                -0.9951199889183044,
                -0.9959442019462585
            ],
            "type": "VEC3"
        },
        {
            "bufferView": 0,
            "byteOffset": 187920,
            "componentType": 5126,
            "count": 1166,
            "max": [
                1.9918969869613647,
                0.9957290291786194
            ],
            "min": [
                0.008526000194251537,
                0.010905981063842773
            ],
            "type": "VEC2"
        },
        {
            "bufferView": 0,
            "byteOffset": 197248,
            "componentType": 5123,
            "count": 1166,
            "max": [
                17,
                21,
                22,
                0
            ],
            "min": [
                0,
                0,
                0,
                0
            ],
            "type": "VEC4"
        },
        {
            "bufferView": 0,
            "byteOffset": 206576,
            "componentType": 5126,
            "count": 1166,
            "max": [
                1,
                0.9913625121116638,
                0.9309338331222534,
                0
            ],
            "min": [
                0.0010723890736699104,
                0,
                0,
                0
            ],
            "type": "VEC4"
        },
        {
            "bufferView": 2,
            "byteOffset": 26736,
            "componentType": 5123,
            "count": 4602,
            "max": [
                1165
            ],
            "min": [
                0
            ],
            "type": "SCALAR"
        },
        {
            "bufferView": 1,
            "byteOffset": 2816,
            "componentType": 5126,
            "count": 23,
            "max": [
                0.8613417654227437,
                0.8134043293552187,
                0.999999999999976,
                0,
                0.8411209610447626,
                0.992852445976484,
                0.989387029878494,
                0,
                0.9996416621274656,
                0.7967609654984313,
                0.8675420628049534,
                0,
                81.2141001984979,
                95.54023335988587,
                101.90957341438782,
                1
            ],
            "min": [
                -0.7187347987402325,
                -0.30057404757768,
                -0.9555744977033114,
                0,
                -0.8411206940127431,
                -0.9996416621077405,
                -0.9893869439941553,
                0,
                -0.9933331343975398,
                -0.7967611867712852,
                -0.8675423953098931,
                0,
                -124.95925790491032,
                -95.54023203720357,
                -101.90964246511733,
                1
            ],
            "type": "MAT4"
        },
        {
            "bufferView": 0,
            "byteOffset": 225232,
            "componentType": 5126,
            "count": 458,
            "max": [
                25.739009857177734,
                25.236408233642578,
                147.45956420898438
            ],
            "min": [
                -25.739028930664062,
                -24.229562759399414,
                120.92150115966797
            ],
            "type": "VEC3"
        },
        {
            "bufferView": 0,
            "byteOffset": 230728,
            "componentType": 5126,
            "count": 458,
            "max": [
                0.9825949668884277,
                0.9962273836135864,
                0.9981467127799988
            ],
            "min": [
                -0.9825961589813232,
                -0.9762164354324341,
                -0.9995126128196716
            ],
            "type": "VEC3"
        },
        {
            "bufferView": 0,
            "byteOffset": 236224,
            "componentType": 5126,
            "count": 458,
            "max": [
                1.9815449714660645,
                0.981357991695404
            ],
            "min": [
                0.006676000077277422,
                0.008791029453277588
            ],
            "type": "VEC2"
        },
        {
            "bufferView": 0,
            "byteOffset": 239888,
            "componentType": 5123,
            "count": 458,
            "max": [
                0,
                0,
                0,
                0
            ],
            "min": [
                0,
                0,
                0,
                0
            ],
            "type": "VEC4"
        },
        {
            "bufferView": 0,
            "byteOffset": 243552,
            "componentType": 5126,
            "count": 458,
            "max": [
                1,
                0,
                0,
                0
            ],
            "min": [
                1,
                0,
                0,
                0
            ],
            "type": "VEC4"
        },
        {
            "bufferView": 2,
            "byteOffset": 35940,
            "componentType": 5123,
            "count": 1926,
            "max": [
                457
            ],
            "min": [
                0
            ],
            "type": "SCALAR"
        },
        {
            "bufferView": 1,
            "byteOffset": 4288,
            "componentType": 5126,
            "count": 1,
            "max": [
                -9.791143142145504e-7,
                8.677286743710373e-7,
                0.999999999998289,
                0,
                0.0847984708742917,
                -0.9963982154371048,
                9.476305245500791e-7,
                0,
                0.9963982154369718,
                0.0847984708751557,
                9.020055243505977e-7,
                0,
                -124.95928500928275,
                -10.605053514616484,
                -0.00011005568315599307,
                1
            ],
            "min": [
                -9.791143142145504e-7,
                8.677286743710373e-7,
                0.999999999998289,
                0,
                0.0847984708742917,
                -0.9963982154371048,
                9.476305245500791e-7,
                0,
                0.9963982154369718,
                0.0847984708751557,
                9.020055243505977e-7,
                0,
                -124.95928500928275,
                -10.605053514616484,
                -0.00011005568315599307,
                1
            ],
            "type": "MAT4"
        }
    ],
    "asset": {
        "generator": "ClayGL - fbx2gltf",
        "version": "2.0"
    },
    "bufferViews": [
        {
            "buffer": 0,
            "byteLength": 250880,
            "byteOffset": 0,
            "target": 34962
        },
        {
            "buffer": 0,
            "byteLength": 4352,
            "byteOffset": 250880,
            "target": 34962
        },
        {
            "buffer": 0,
            "byteLength": 39792,
            "byteOffset": 255232,
            "target": 34963
        }
    ],
    "buffers": [
        {
            "byteLength": 295024,
            "uri": "storm_spirit.bin"
        }
    ],
    "images": [
        {
            "uri": "textures/storm_v2_base_color.png"
        },
        {
            "uri": "textures/storm_v2_shoulders_necklace_color.png"
        },
        {
            "uri": "textures/storm_v2_armor_belt_color.png"
        },
        {
            "uri": "textures/storm_v2_hat_color.png"
        }
    ],
    "materials": [
        {
            "emissiveFactor": [
                0,
                0,
                0
            ],
            "name": "Material #103",
            "pbrMetallicRoughness": {
                "baseColorFactor": [
                    1,
                    1,
                    1,
                    1
                ],
                "baseColorTexture": {
                    "index": 0,
                    "texCoord": 0
                },
                "metallicFactor": 0,
                "roughnessFactor": 0.9230769230769231
            }
        },
        {
            "emissiveFactor": [
                0,
                0,
                0
            ],
            "name": "Material #114",
            "pbrMetallicRoughness": {
                "baseColorFactor": [
                    1,
                    1,
                    1,
                    1
                ],
                "baseColorTexture": {
                    "index": 1,
                    "texCoord": 0
                },
                "metallicFactor": 0,
                "roughnessFactor": 0.9230769230769231
            }
        },
        {
            "emissiveFactor": [
                0,
                0,
                0
            ],
            "name": "Material #125",
            "pbrMetallicRoughness": {
                "baseColorFactor": [
                    1,
                    1,
                    1,
                    1
                ],
                "baseColorTexture": {
                    "index": 2,
                    "texCoord": 0
                },
                "metallicFactor": 0,
                "roughnessFactor": 0.9230769230769231
            }
        },
        {
            "emissiveFactor": [
                0,
                0,
                0
            ],
            "name": "Material #137",
            "pbrMetallicRoughness": {
                "baseColorFactor": [
                    1,
                    1,
                    1,
                    1
                ],
                "baseColorTexture": {
                    "index": 3,
                    "texCoord": 0
                },
                "metallicFactor": 0,
                "roughnessFactor": 0.9230769230769231
            }
        }
    ],
    "meshes": [
        {
            "name": "storm_spirit_model_LOD0",
            "primitives": [
                {
                    "attributes": {
                        "JOINTS_0": 3,
                        "NORMAL": 1,
                        "POSITION": 0,
                        "TEXCOORD_0": 2,
                        "WEIGHTS_0": 4
                    },
                    "indices": 5,
                    "material": 0
                }
            ]
        },
        {
            "name": "storm_spirit_shoulderpads_necklace_LOD0",
            "primitives": [
                {
                    "attributes": {
                        "JOINTS_0": 10,
                        "NORMAL": 8,
                        "POSITION": 7,
                        "TEXCOORD_0": 9,
                        "WEIGHTS_0": 11
                    },
                    "indices": 12,
                    "material": 1
                }
            ]
        },
        {
            "name": "storm_spirit_armor_and_sleeves_LOD0",
            "primitives": [
                {
                    "attributes": {
                        "JOINTS_0": 17,
                        "NORMAL": 15,
                        "POSITION": 14,
                        "TEXCOORD_0": 16,
                        "WEIGHTS_0": 18
                    },
                    "indices": 19,
                    "material": 2
                }
            ]
        },
        {
            "name": "storm_spirit_hat_hair_earrings_LOD0",
            "primitives": [
                {
                    "attributes": {
                        "JOINTS_0": 24,
                        "NORMAL": 22,
                        "POSITION": 21,
                        "TEXCOORD_0": 23,
                        "WEIGHTS_0": 25
                    },
                    "indices": 26,
                    "material": 3
                }
            ]
        }
    ],
    "nodes": [
        {
            "children": [
                1,
                2,
                3,
                7,
                8,
                54,
                58,
                59
            ],
            "matrix": [
                5.946240487870007e-8,
                0.9996415972709656,
                0.026769611984490106,
                0,
                0.000004441734076291158,
                -0.026769611984754128,
                0.9996415972709585,
                0,
                1.0000000000000002,
                5.946240822799204e-8,
                -0.0000044417342203614715,
                0,
                0,
                67.54034423828125,
                4.013634204864502,
                1
            ],
            "name": "Root_0"
        },
        {
            "matrix": [
                -0.5358311533927921,
                -0.44306686520576505,
                -0.7187328338623047,
                0,
                0.04503623856110283,
                -0.8650375889563007,
                0.4996817402113512,
                0,
                -0.8431232677024552,
                0.23537599965146894,
                0.48346811263339046,
                0,
                12.191452026367202,
                -13.168668746948242,
                12.264963150024416,
                1
            ],
            "name": "Jug_0"
        },
        {
            "matrix": [
                -0.8237740397453311,
                -0.06416973471641539,
                0.5632748007774353,
                0,
                0.5664811989593665,
                -0.13218163902414817,
                0.8134048325321951,
                0,
                0.022258613651718873,
                0.9891463508714586,
                0.14523874830762026,
                0,
                -8.79570007324218,
                -5.857550621032717,
                22.115653991699222,
                1
            ],
            "name": "Skirt_0_L"
        },
        {
            "children": [
                4
            ],
            "matrix": [
                -0.9923574924468997,
                0.04972738027572633,
                0.11293250322341919,
                0,
                -0.06669675022685767,
                -0.9861516347978685,
                -0.15184541178932082,
                0,
                0.10381768105443842,
                -0.15821713700393578,
                0.9819314565389875,
                0,
                -2.0584259033203125,
                2.140251636505125,
                13.367711067199707,
                1
            ],
            "name": "thigh_L"
        },
        {
            "children": [
                5
            ],
            "matrix": [
                0.9568379521369934,
                0.2906204760074614,
                -1.4901161221603232e-8,
                0,
                -0.29062051670815914,
                0.956838086139844,
                -1.8626451769865326e-9,
                0,
                1.371668334427742e-8,
                6.112836070659711e-9,
                0.9999998211860694,
                0,
                29.508361816406236,
                0.000003814697265625,
                -0.0000019073486328125,
                1
            ],
            "name": "knee_L"
        },
        {
            "children": [
                6
            ],
            "matrix": [
                0.06475292146205916,
                -0.9978951811790466,
                -0.0035040490329265317,
                0,
                -0.9912092660606384,
                -0.06472427550386323,
                0.11539418230763274,
                0,
                -0.11537809433807295,
                -0.0039988645138492596,
                -0.993314026102611,
                0,
                30.964424133300778,
                0.0000025033950821207185,
                0.000003814697265625,
                1
            ],
            "name": "ankle_L"
        },
        {
            "matrix": [
                0.9474636316299437,
                0.3116807639598847,
                -0.07188561558723447,
                0,
                -0.31047665218351583,
                0.9501790128321137,
                0.0276436973910313,
                0,
                0.07692022161870382,
                -0.003872593139526176,
                0.9970297833149747,
                0,
                12.254462242126465,
                -0.00000286102294921875,
                0.0000019073486292597863,
                1
            ],
            "name": "toeBase_L"
        },
        {
            "matrix": [
                0.9679618477821353,
                0.09665447473525998,
                0.23175044357776645,
                0,
                -0.06888484294336203,
                -0.7853222750659117,
                0.615242886498246,
                0,
                0.24146466967058275,
                -0.6114954962179995,
                -0.7535036789688597,
                0,
                2.72723388671875,
                20.949317932128906,
                -12.819196701049805,
                1
            ],
            "name": "Flap_0_R"
        },
        {
            "children": [
                9
            ],
            "matrix": [
                0.9804369211196903,
                -0.19683456420898449,
                9.536744300930884e-7,
                0,
                0.19683456421299714,
                0.9804369211188848,
                -0.0000042915348785754784,
                0,
                -9.029518808297876e-8,
                0.000004395293567335773,
                1.0000000000000002,
                0,
                14.565101623535142,
                9.536743155180716e-7,
                -0.000001514130417490383,
                1
            ],
            "name": "Spine_1"
        },
        {
            "children": [
                10
            ],
            "matrix": [
                0.9847941398620608,
                -0.17372468113899245,
                -4.5121848302187573e-7,
                0,
                0.1737246811389923,
                0.9847941398620609,
                -7.105427384070781e-15,
                0,
                4.4435742453846733e-7,
                -7.838779868762676e-8,
                0.9999999999999997,
                0,
                15.030815124511733,
                0.0000019073486328125,
                -0.0000026921106837107817,
                1
            ],
            "name": "Spine_2"
        },
        {
            "children": [
                11,
                13,
                16,
                35,
                36,
                53
            ],
            "matrix": [
                0.8702009320259095,
                0.4926971197128295,
                -8.742276236262102e-8,
                0,
                -0.49269711971281815,
                0.8702009320259159,
                1.5099581673894138e-7,
                0,
                1.5047055614980053e-7,
                -8.832374718722975e-8,
                0.9999999999999994,
                0,
                14.690193176269531,
                -0.0000152587890625,
                0.000001040587449097078,
                1
            ],
            "name": "Spine_3"
        },
        {
            "children": [
                12
            ],
            "matrix": [
                0.9960170388221743,
                0.08916577696800243,
                5.68434188872778e-14,
                0,
                -0.08916577696800237,
                0.9960170388221743,
                -3.552713678800501e-14,
                0,
                -5.978478991791185e-14,
                3.031713146773831e-14,
                0.9999999999999997,
                0,
                8.344459533691392,
                0.0000038146972620722863,
                0.0000018219543562736362,
                1
            ],
            "name": "Head_0"
        },
        {
            "matrix": [
                0.9416134357452396,
                -0.3366953134536743,
                -5.642597784571991e-7,
                0,
                0.3366953134539742,
                0.941613435745132,
                5.642598353006181e-7,
                0,
                3.413310842647411e-7,
                -7.21298556207683e-7,
                1.0000000000000002,
                0,
                6.674293518066392,
                0.000011444091796875,
                0.000004783858457813033,
                1
            ],
            "name": "Head_1"
        },
        {
            "children": [
                14,
                15
            ],
            "matrix": [
                -0.08657479286193837,
                0.9962456226348878,
                -0.0000014607943512601198,
                0,
                0.9962456226348686,
                0.08657479286215822,
                1.5099588747925412e-7,
                0,
                2.7689681206709827e-7,
                -0.0000014422367681889,
                -0.9999999999999998,
                0,
                4.97308349609375,
                9.099544525146484,
                7.055314199533246e-7,
                1
            ],
            "name": "necklace_0"
        },
        {
            "matrix": [
                -0.6856051087379456,
                0.5976077318191528,
                -0.41570448875427257,
                0,
                -0.34144586158085266,
                -0.7683198239455017,
                -0.541386601133224,
                0,
                -0.6429308592621192,
                -0.22923685679942374,
                0.7308147298205183,
                0,
                10.694578170776367,
                -0.9398422241210938,
                7.822721004486084,
                1
            ],
            "name": "necklace_0_R"
        },
        {
            "matrix": [
                0.6856051683425907,
                -0.5976076126098633,
                -0.4157048761844638,
                0,
                0.3414455797027808,
                0.7683199460227083,
                -0.5413864676712264,
                0,
                0.6429309592314055,
                0.22923674532232557,
                0.7308145317669359,
                0,
                10.694599151611328,
                -0.9399795532226562,
                -7.822721958160401,
                1
            ],
            "name": "necklace_0_L"
        },
        {
            "children": [
                17,
                33,
                34
            ],
            "matrix": [
                -0.5068549513816833,
                -0.03447792679071435,
                0.8613417148590086,
                0,
                0.10869923561936745,
                0.9886683227502511,
                0.10353844275585812,
                0,
                -0.8551507858699211,
                0.14610611164869167,
                -0.4973635512882728,
                0,
                0.02892303466795454,
                -0.5621414184570312,
                11.539150238037108,
                1
            ],
            "name": "clavicle_L"
        },
        {
            "children": [
                18
            ],
            "matrix": [
                0.9053556919097898,
                0.19050006568431854,
                0.37952613830566395,
                0,
                -0.24908637614937817,
                0.9620652292710222,
                0.11129214773944184,
                0,
                -0.34392790570417775,
                -0.19529386406624427,
                0.918462645351488,
                0,
                9.942783355712898,
                0.00000286102294921875,
                0,
                1
            ],
            "name": "bicep_L"
        },
        {
            "children": [
                19,
                31
            ],
            "matrix": [
                0.9754674434661866,
                0.22014486789703375,
                -8.940696737819165e-8,
                0,
                -0.2201448806967302,
                0.9754675001821782,
                5.28991222437103e-7,
                0,
                2.0366822909081983e-7,
                -4.963310724914738e-7,
                1.0000002384185969,
                0,
                22.975479125976555,
                0.00000476837158203125,
                -0.000030517578110789145,
                1
            ],
            "name": "elbow_L"
        },
        {
            "children": [
                20,
                22,
                25,
                28
            ],
            "matrix": [
                0.958629846572876,
                0.192511186003685,
                0.20968633890151983,
                0,
                -0.19688828013448517,
                0.9804259693816266,
                7.450580497003756e-8,
                0,
                -0.2055818871643238,
                -0.041284847917232526,
                0.9777686475002894,
                0,
                19.824468612670902,
                -2.220446049250313e-15,
                -0.0000152587890625,
                1
            ],
            "name": "wrist_L"
        },
        {
            "children": [
                21
            ],
            "matrix": [
                0.7509693503379826,
                0.6476626992225648,
                -0.12875385582447046,
                0,
                0.5957438291818646,
                -0.5804005880301126,
                0.5551798385911675,
                0,
                0.28484051663298116,
                -0.49362745735679603,
                -0.821704274709273,
                0,
                3.8980484008789062,
                5.172255516052244,
                -0.02287292480470171,
                1
            ],
            "name": "thumb_0_L"
        },
        {
            "matrix": [
                0.9348158836364745,
                0.352225959300995,
                0.04534309729933739,
                0,
                -0.3525242579403598,
                0.9358015327272748,
                -0.001506665721237796,
                0,
                -0.04296281382329682,
                -0.014576082301626762,
                0.9989700315407704,
                0,
                5.410091400146483,
                -0.000015258789076710855,
                -7.105427357601002e-15,
                1
            ],
            "name": "thumb_1_L"
        },
        {
            "children": [
                23
            ],
            "matrix": [
                0.9239792823791504,
                0.060776412487029946,
                0.37758240103721613,
                0,
                -0.37435356855778956,
                0.34571270026723666,
                0.8604314265341829,
                0,
                -0.07824108028082499,
                -0.9363699414783243,
                0.342183170241174,
                0,
                11.15451431274414,
                1.9398794174194354,
                -1.6441421508789062,
                1
            ],
            "name": "index_0_L"
        },
        {
            "children": [
                24
            ],
            "matrix": [
                0.9637984633445738,
                0.2651956379413603,
                -0.027635633945465143,
                0,
                -0.26525826242580375,
                0.9641764651051895,
                0.0014433190226065817,
                0,
                0.02702838572688071,
                0.005939510699588202,
                0.9996169805188071,
                0,
                5.587718963623047,
                0,
                0,
                1
            ],
            "name": "index_1_L"
        },
        {
            "matrix": [
                0.9098929166793821,
                0.41438442468643166,
                0.019512951374053955,
                0,
                -0.41437846330671113,
                0.9100934353637228,
                -0.004536271071147402,
                0,
                -0.019638366544931618,
                -0.003958225388680153,
                0.9997994250523724,
                0,
                3.388378143310561,
                -1.0658141036401503e-14,
                0.000011444091796875,
                1
            ],
            "name": "index_2_L"
        },
        {
            "children": [
                26
            ],
            "matrix": [
                0.8705300092697149,
                -0.08438801765441895,
                0.4848262071609499,
                0,
                -0.41292320015970707,
                0.4106967187457697,
                0.8129096847357558,
                0,
                -0.267716361141588,
                -0.907858236806612,
                0.32267803827477437,
                0,
                11.688835144042969,
                -1.8364639282226536,
                -0.4961700439453267,
                1
            ],
            "name": "mid_0_L"
        },
        {
            "children": [
                27
            ],
            "matrix": [
                0.9636124372482302,
                0.2670666873455048,
                0.011248305439949036,
                0,
                -0.2670817862894442,
                0.9636739457712163,
                -0.00016690045609746296,
                0,
                -0.01088427148967569,
                -0.0028433899064883236,
                0.9999367603451464,
                0,
                5.119926452636726,
                0.000015258789055394573,
                0.000011444091796875,
                1
            ],
            "name": "mid_1_L"
        },
        {
            "matrix": [
                0.9333444833755493,
                0.3587970733642577,
                -0.011497765779495253,
                0,
                -0.35880040030315125,
                0.9334122213619012,
                0.0018437504818318712,
                0,
                0.011393690258117817,
                0.002404549232041739,
                0.9999319342044881,
                0,
                2.888214111328125,
                -0.000003814697269177714,
                -0.0000019073486328125,
                1
            ],
            "name": "mid_2_L"
        },
        {
            "children": [
                29
            ],
            "matrix": [
                0.8827142715454105,
                -0.18151810765266424,
                0.43343645334243774,
                0,
                -0.25371983908838497,
                0.5922717391299476,
                0.7647491706902279,
                0,
                -0.39552772896674393,
                -0.7850259275118127,
                0.4767516639109496,
                0,
                10.567474365234375,
                -5.2755985260009775,
                2.1632232666015483,
                1
            ],
            "name": "ring_0_L"
        },
        {
            "children": [
                30
            ],
            "matrix": [
                0.8953834176063536,
                0.445280820131302,
                0.0035733878612518866,
                0,
                -0.44528200134984186,
                0.8953898148896291,
                -0.0005011893809764301,
                0,
                -0.003422746954170691,
                -0.001142409251771448,
                0.999993264859199,
                0,
                4.017127990722649,
                0,
                0.00000762939453125,
                1
            ],
            "name": "ring_1_L"
        },
        {
            "matrix": [
                0.9967873096466062,
                0.07544338703155504,
