{
    "animations": {},
    "asset": {},
    "attributes": {
        "attribute_1": {
            "bufferView": "bufferView_37",
            "byteOffset": 0,
            "byteStride": 12,
            "count": 2040,
            "max": [
                1,
                1,
                1
            ],
            "min": [
                0,
                0,
                0
            ],
            "type": "FLOAT_VEC3"
        },
        "attribute_10": {
            "bufferView": "bufferView_37",
            "byteOffset": 128672,
            "byteStride": 16,
            "count": 196,
            "max": [
                1,
                1,
                1
            ],
            "min": [
                0,
                0,
                0
            ],
            "type": "FLOAT_VEC4"
        },
        "attribute_11": {
            "bufferView": "bufferView_37",
            "byteOffset": 131808,
            "byteStride": 12,
            "count": 196,
            "max": [
                1,
                1,
                1
            ],
            "min": [
                0,
                0,
                0
            ],
            "type": "FLOAT_VEC3"
        },
        "attribute_13": {
            "bufferView": "bufferView_37",
            "byteOffset": 134160,
            "byteStride": 12,
            "count": 410,
            "max": [
                1,
                1,
                1
            ],
            "min": [
                0,
                0,
                0
            ],
            "type": "FLOAT_VEC3"
        },
        "attribute_14": {
            "bufferView": "bufferView_37",
            "byteOffset": 139080,
            "byteStride": 12,
            "count": 410,
            "max": [
                1,
                1,
                1
            ],
            "min": [
                0,
                0,
                0
            ],
            "type": "FLOAT_VEC3"
        },
        "attribute_15": {
            "bufferView": "bufferView_37",
            "byteOffset": 144000,
            "byteStride": 8,
            "count": 410,
            "max": [
                1,
                1,
                1
            ],
            "min": [
                0,
                0,
                0
            ],
            "type": "FLOAT_VEC2"
        },
        "attribute_16": {
            "bufferView": "bufferView_37",
            "byteOffset": 147280,
            "byteStride": 16,
            "count": 410,
            "max": [
                1,
                1,
                1
            ],
            "min": [
                0,
                0,
                0
            ],
            "type": "FLOAT_VEC4"
        },
        "attribute_17": {
            "bufferView": "bufferView_37",
            "byteOffset": 153840,
            "byteStride": 12,
            "count": 410,
            "max": [
                1,
                1,
                1
            ],
            "min": [
                0,
                0,
                0
            ],
            "type": "FLOAT_VEC3"
        },
        "attribute_19": {
            "bufferView": "bufferView_37",
            "byteOffset": 158760,
            "byteStride": 12,
            "count": 381,
            "max": [
                1,
                1,
                1
            ],
            "min": [
                0,
                0,
                0
            ],
            "type": "FLOAT_VEC3"
        },
        "attribute_2": {
            "bufferView": "bufferView_37",
            "byteOffset": 24480,
            "byteStride": 12,
            "count": 2040,
            "max": [
                1,
                1,
                1
            ],
            "min": [
                0,
                0,
                0
            ],
            "type": "FLOAT_VEC3"
        },
        "attribute_20": {
            "bufferView": "bufferView_37",
            "byteOffset": 163332,
            "byteStride": 12,
            "count": 381,
            "max": [
                1,
                1,
                1
            ],
            "min": [
                0,
                0,
                0
            ],
            "type": "FLOAT_VEC3"
        },
        "attribute_21": {
            "bufferView": "bufferView_37",
            "byteOffset": 167904,
            "byteStride": 8,
            "count": 381,
            "max": [
                1,
                1,
                1
            ],
            "min": [
                0,
                0,
                0
            ],
            "type": "FLOAT_VEC2"
        },
        "attribute_22": {
            "bufferView": "bufferView_37",
            "byteOffset": 170952,
            "byteStride": 16,
            "count": 381,
            "max": [
                1,
                1,
                1
            ],
            "min": [
                0,
                0,
                0
            ],
            "type": "FLOAT_VEC4"
        },
        "attribute_23": {
            "bufferView": "bufferView_37",
            "byteOffset": 177048,
            "byteStride": 12,
            "count": 381,
            "max": [
                1,
                1,
                1
            ],
            "min": [
                0,
                0,
                0
            ],
            "type": "FLOAT_VEC3"
        },
        "attribute_25": {
            "bufferView": "bufferView_37",
            "byteOffset": 181620,
            "byteStride": 12,
            "count": 460,
            "max": [
                1,
                1,
                1
            ],
            "min": [
                0,
                0,
                0
            ],
            "type": "FLOAT_VEC3"
        },
        "attribute_26": {
            "bufferView": "bufferView_37",
            "byteOffset": 187140,
            "byteStride": 12,
            "count": 460,
            "max": [
                1,
                1,
                1
            ],
            "min": [
                0,
                0,
                0
            ],
            "type": "FLOAT_VEC3"
        },
        "attribute_27": {
            "bufferView": "bufferView_37",
            "byteOffset": 192660,
            "byteStride": 8,
            "count": 460,
            "max": [
                1,
                1,
                1
            ],
            "min": [
                0,
                0,
                0
            ],
            "type": "FLOAT_VEC2"
        },
        "attribute_28": {
            "bufferView": "bufferView_37",
            "byteOffset": 196340,
            "byteStride": 16,
            "count": 460,
            "max": [
                1,
                1,
                1
            ],
            "min": [
                0,
                0,
                0
            ],
            "type": "FLOAT_VEC4"
        },
        "attribute_29": {
            "bufferView": "bufferView_37",
            "byteOffset": 203700,
            "byteStride": 12,
            "count": 460,
            "max": [
                1,
                1,
                1
            ],
            "min": [
                0,
                0,
                0
            ],
            "type": "FLOAT_VEC3"
        },
        "attribute_3": {
            "bufferView": "bufferView_37",
            "byteOffset": 48960,
            "byteStride": 8,
            "count": 2040,
            "max": [
                1,
                1,
                1
            ],
            "min": [
                0,
                0,
                0
            ],
            "type": "FLOAT_VEC2"
        },
        "attribute_31": {
            "bufferView": "bufferView_37",
            "byteOffset": 209220,
            "byteStride": 12,
            "count": 403,
            "max": [
                1,
                1,
                1
            ],
            "min": [
                0,
                0,
                0
            ],
            "type": "FLOAT_VEC3"
        },
        "attribute_32": {
            "bufferView": "bufferView_37",
            "byteOffset": 214056,
            "byteStride": 12,
            "count": 403,
            "max": [
                1,
                1,
                1
            ],
            "min": [
                0,
                0,
                0
            ],
            "type": "FLOAT_VEC3"
        },
        "attribute_33": {
            "bufferView": "bufferView_37",
            "byteOffset": 218892,
            "byteStride": 8,
            "count": 403,
            "max": [
                1,
                1,
                1
            ],
            "min": [
                0,
                0,
                0
            ],
            "type": "FLOAT_VEC2"
        },
        "attribute_34": {
            "bufferView": "bufferView_37",
            "byteOffset": 222116,
            "byteStride": 16,
            "count": 403,
            "max": [
                1,
                1,
                1
            ],
            "min": [
                0,
                0,
                0
            ],
            "type": "FLOAT_VEC4"
        },
        "attribute_35": {
            "bufferView": "bufferView_37",
            "byteOffset": 228564,
            "byteStride": 12,
            "count": 403,
            "max": [
                1,
                1,
                1
            ],
            "min": [
                0,
                0,
                0
            ],
            "type": "FLOAT_VEC3"
        },
        "attribute_4": {
            "bufferView": "bufferView_37",
            "byteOffset": 65280,
            "byteStride": 16,
            "count": 2040,
            "max": [
                1,
                1,
                1
            ],
            "min": [
                0,
                0,
                0
            ],
            "type": "FLOAT_VEC4"
        },
        "attribute_5": {
            "bufferView": "bufferView_37",
            "byteOffset": 97920,
            "byteStride": 12,
            "count": 2040,
            "max": [
                1,
                1,
                1
            ],
            "min": [
                0,
                0,
                0
            ],
            "type": "FLOAT_VEC3"
        },
        "attribute_7": {
            "bufferView": "bufferView_37",
            "byteOffset": 122400,
            "byteStride": 12,
            "count": 196,
            "max": [
                1,
                1,
                1
            ],
            "min": [
                0,
                0,
                0
            ],
            "type": "FLOAT_VEC3"
        },
        "attribute_8": {
            "bufferView": "bufferView_37",
            "byteOffset": 124752,
            "byteStride": 12,
            "count": 196,
            "max": [
                1,
                1,
                1
            ],
            "min": [
                0,
                0,
                0
            ],
            "type": "FLOAT_VEC3"
        },
        "attribute_9": {
            "bufferView": "bufferView_37",
            "byteOffset": 127104,
            "byteStride": 8,
            "count": 196,
            "max": [
                1,
                1,
                1
            ],
            "min": [
                0,
                0,
                0
            ],
            "type": "FLOAT_VEC2"
        }
    },
    "bufferViews": {
        "bufferView_37": {
            "buffer": "elder_titan.bin",
            "byteLength": 233400,
            "byteOffset": 0,
            "target": "ARRAY_BUFFER"
        },
        "bufferView_38": {
            "buffer": "elder_titan.bin",
            "byteLength": 41904,
            "byteOffset": 233400,
            "target": "ELEMENT_ARRAY_BUFFER"
        }
    },
    "buffers": {
        "elder_titan.bin": {
            "byteLength": 275304,
            "path": "elder_titan.bin"
        }
    },
    "cameras": {},
    "images": {
        "image_0": {
            "path": "textures/elder_titan_color.png"
        },
        "image_1": {
            "path": "textures/elder_titan_bracer_color.png"
        },
        "image_2": {
            "path": "textures/elder_titan_hair_color.png"
        },
        "image_3": {
            "path": "textures/elder_titan_hammer_color.png"
        },
        "image_4": {
            "path": "textures/elder_titan_totem_color.png"
        },
        "image_5": {
            "path": "textures/elder_titan_shoulder_color.png"
        }
    },
    "indices": {
        "indices_12": {
            "bufferView": "bufferView_38",
            "byteOffset": 23844,
            "count": 1044,
            "type": "UNSIGNED_SHORT"
        },
        "indices_18": {
            "bufferView": "bufferView_38",
            "byteOffset": 25932,
            "count": 2298,
            "type": "UNSIGNED_SHORT"
        },
        "indices_24": {
            "bufferView": "bufferView_38",
            "byteOffset": 30528,
            "count": 1020,
            "type": "UNSIGNED_SHORT"
        },
        "indices_30": {
            "bufferView": "bufferView_38",
            "byteOffset": 32568,
            "count": 2604,
            "type": "UNSIGNED_SHORT"
        },
        "indices_36": {
            "bufferView": "bufferView_38",
            "byteOffset": 37776,
            "count": 2064,
            "type": "UNSIGNED_SHORT"
        },
        "indices_6": {
            "bufferView": "bufferView_38",
            "byteOffset": 0,
            "count": 11922,
            "type": "UNSIGNED_SHORT"
        }
    },
    "lights": {},
    "materials": {
        "Material #101": {
            "instanceTechnique": {
                "technique": "technique_0",
                "values": [
                    {
                        "parameter": "ambient",
                        "value": [
                            0.5879999995231628,
                            0.5879999995231628,
                            0.5879999995231628
                        ]
                    },
                    {
                        "parameter": "emission",
                        "value": [
                            0,
                            0,
                            0
                        ]
                    },
                    {
                        "parameter": "diffuse",
                        "value": "Map #12"
                    },
                    {
                        "parameter": "shininess",
                        "value": 2
                    },
                    {
                        "parameter": "specular",
                        "value": [
                            0.8999999761581421,
                            0.8999999761581421,
                            0.8999999761581421
                        ]
                    }
                ]
            },
            "name": "Material #101"
        },
        "Material #35": {
            "instanceTechnique": {
                "technique": "technique_0",
                "values": [
                    {
                        "parameter": "ambient",
                        "value": [
                            0.5879999995231628,
                            0.5879999995231628,
                            0.5879999995231628
                        ]
                    },
                    {
                        "parameter": "emission",
                        "value": [
                            0,
                            0,
                            0
                        ]
                    },
                    {
                        "parameter": "diffuse",
                        "value": "Map #8"
                    },
                    {
                        "parameter": "shininess",
                        "value": 2
                    },
                    {
                        "parameter": "specular",
                        "value": [
                            0.8999999761581421,
                            0.8999999761581421,
                            0.8999999761581421
                        ]
                    }
                ]
            },
            "name": "Material #35"
        },
        "Material #46": {
            "instanceTechnique": {
                "technique": "technique_0",
                "values": [
                    {
                        "parameter": "ambient",
                        "value": [
                            0.5879999995231628,
                            0.5879999995231628,
                            0.5879999995231628
                        ]
                    },
                    {
                        "parameter": "emission",
                        "value": [
                            0,
                            0,
                            0
                        ]
                    },
                    {
                        "parameter": "diffuse",
                        "value": "Map #9"
                    },
                    {
                        "parameter": "shininess",
                        "value": 2
                    },
                    {
                        "parameter": "specular",
                        "value": [
                            0.8999999761581421,
                            0.8999999761581421,
                            0.8999999761581421
                        ]
                    }
                ]
            },
            "name": "Material #46"
        },
        "Material #57": {
            "instanceTechnique": {
                "technique": "technique_0",
                "values": [
                    {
                        "parameter": "ambient",
                        "value": [
                            0.5879999995231628,
                            0.5879999995231628,
                            0.5879999995231628
                        ]
                    },
                    {
                        "parameter": "emission",
                        "value": [
                            0,
                            0,
                            0
                        ]
                    },
                    {
                        "parameter": "diffuse",
                        "value": "Map #10"
                    },
                    {
                        "parameter": "shininess",
                        "value": 2
                    },
                    {
                        "parameter": "specular",
                        "value": [
                            0.8999999761581421,
                            0.8999999761581421,
                            0.8999999761581421
                        ]
                    }
                ]
            },
            "name": "Material #57"
        },
        "Material #68": {
            "instanceTechnique": {
                "technique": "technique_0",
                "values": [
                    {
                        "parameter": "ambient",
                        "value": [
                            0.5879999995231628,
                            0.5879999995231628,
                            0.5879999995231628
                        ]
                    },
                    {
                        "parameter": "emission",
                        "value": [
                            0,
                            0,
                            0
                        ]
                    },
                    {
                        "parameter": "diffuse",
                        "value": "Map #11"
                    },
                    {
                        "parameter": "shininess",
                        "value": 2
                    },
                    {
                        "parameter": "specular",
                        "value": [
                            0.8999999761581421,
                            0.8999999761581421,
                            0.8999999761581421
                        ]
                    }
                ]
            },
            "name": "Material #68"
        },
        "Material #90": {
            "instanceTechnique": {
                "technique": "technique_0",
                "values": [
                    {
                        "parameter": "ambient",
                        "value": [
                            0.5879999995231628,
                            0.5879999995231628,
                            0.5879999995231628
                        ]
                    },
                    {
                        "parameter": "emission",
                        "value": [
                            0,
                            0,
                            0
                        ]
                    },
                    {
                        "parameter": "diffuse",
                        "value": "Map #13"
                    },
                    {
                        "parameter": "shininess",
                        "value": 2
                    },
                    {
                        "parameter": "specular",
                        "value": [
                            0.8999999761581421,
                            0.8999999761581421,
                            0.8999999761581421
                        ]
                    }
                ]
            },
            "name": "Material #90"
        }
    },
    "meshes": {
        "elder_titan_bracer_LOD0-mesh": {
            "name": "elder_titan_bracer_LOD0-mesh",
            "primitives": [
                {
                    "indices": "indices_12",
                    "material": "Material #46",
                    "semantics": {
                        "JOINT": "attribute_10",
                        "NORMAL": "attribute_8",
                        "POSITION": "attribute_7",
                        "TEXCOORD_0": "attribute_9",
                        "WEIGHT": "attribute_11"
                    },
                    "skin": "skin_1"
                }
            ]
        },
        "elder_titan_hair_LOD0-mesh": {
            "name": "elder_titan_hair_LOD0-mesh",
            "primitives": [
                {
                    "indices": "indices_18",
                    "material": "Material #57",
                    "semantics": {
                        "JOINT": "attribute_16",
                        "NORMAL": "attribute_14",
                        "POSITION": "attribute_13",
                        "TEXCOORD_0": "attribute_15",
                        "WEIGHT": "attribute_17"
                    },
                    "skin": "skin_2"
                }
            ]
        },
        "elder_titan_hammer_LOD0-mesh": {
            "name": "elder_titan_hammer_LOD0-mesh",
            "primitives": [
                {
                    "indices": "indices_24",
                    "material": "Material #68",
                    "semantics": {
                        "JOINT": "attribute_22",
                        "NORMAL": "attribute_20",
                        "POSITION": "attribute_19",
                        "TEXCOORD_0": "attribute_21",
                        "WEIGHT": "attribute_23"
                    },
                    "skin": "skin_3"
                }
            ]
        },
        "elder_titan_model_LOD0-mesh": {
            "name": "elder_titan_model_LOD0-mesh",
            "primitives": [
                {
                    "indices": "indices_6",
                    "material": "Material #35",
                    "semantics": {
                        "JOINT": "attribute_4",
                        "NORMAL": "attribute_2",
                        "POSITION": "attribute_1",
                        "TEXCOORD_0": "attribute_3",
                        "WEIGHT": "attribute_5"
                    },
                    "skin": "skin_0"
                }
            ]
        },
        "elder_titan_shoulder_LOD0-mesh": {
            "name": "elder_titan_shoulder_LOD0-mesh",
            "primitives": [
                {
                    "indices": "indices_36",
                    "material": "Material #101",
                    "semantics": {
                        "JOINT": "attribute_34",
                        "NORMAL": "attribute_32",
                        "POSITION": "attribute_31",
                        "TEXCOORD_0": "attribute_33",
                        "WEIGHT": "attribute_35"
                    },
                    "skin": "skin_5"
                }
            ]
        },
        "elder_titan_totem_LOD0-mesh": {
            "name": "elder_titan_totem_LOD0-mesh",
            "primitives": [
                {
                    "indices": "indices_30",
                    "material": "Material #90",
                    "semantics": {
                        "JOINT": "attribute_28",
                        "NORMAL": "attribute_26",
                        "POSITION": "attribute_25",
                        "TEXCOORD_0": "attribute_27",
                        "WEIGHT": "attribute_29"
                    },
                    "skin": "skin_4"
                }
            ]
        }
    },
    "nodes": {
        "Index_0_L": {
            "children": [
                "Index_1_L"
            ],
            "matrix": [
                0.9282965064048769,
                -0.005229145288467407,
                -0.3718039393424989,
                0,
                -0.039205847543396455,
                0.9929511535226139,
                -0.11185179270784733,
                0,
                0.36976805040587035,
                0.11840852038662716,
                0.9215481003814446,
                0,
                26.34606552124022,
                -6.450866699218764,
                2.0443649291991903,
                1
            ],
            "name": "Index_0_L"
        },
        "Index_0_R": {
            "children": [
                "Index_1_R"
            ],
            "matrix": [
                0.9282963275909424,
                -0.005229622125625388,
                -0.37180364131927507,
                0,
                -0.03920506554182929,
                0.9929509245150008,
                -0.11185118129124254,
                0,
                0.36976785569679893,
                0.11840767399600602,
                0.9215480351321126,
                0,
                -26.34606170654296,
                6.450851440429673,
                -2.0443572998047017,
                1
            ],
            "name": "Index_0_R"
        },
        "Index_1_L": {
            "children": [
                "Index_2_L"
            ],
            "matrix": [
                0.24703179299831401,
                -6.705522540007003e-8,
                -0.9690073132514956,
                0,
                6.221519111004881e-7,
                1.0000001192091037,
                8.940703294380015e-8,
                0,
                0.9690072073463745,
                -6.249559885707079e-7,
                0.24703176599966326,
                0,
                13.097831726074219,
                -0.000015258789048289145,
                -0.000011444091796875,
                1
            ],
            "name": "Index_1_L"
        },
        "Index_1_R": {
            "children": [
                "Index_2_R"
            ],
            "matrix": [
                0.24703139066696084,
                -6.929039954861604e-7,
                -0.9690076112747193,
                0,
                8.175742739480185e-7,
                1.0000002384184226,
                -5.066396230046788e-7,
                0,
                0.9690074743710785,
                -6.67079550598082e-7,
                0.24703135576627056,
                0,
                -13.097831726074219,
                0.0000152587890625,
                -0.000007629394524144573,
                1
            ],
            "name": "Index_1_R"
        },
        "Index_2_L": {
            "children": [],
            "matrix": [
                1.0000002384185787,
                2.980232234606195e-8,
                -4.470348358154297e-8,
                0,
                -2.9802312187521274e-8,
                0.9999997615814202,
                -8.940696699655248e-8,
                0,
                4.47034702311111e-8,
                8.940698986714679e-8,
                0.9999999999999993,
                0,
                6.533206939697266,
                0.00002288818359375,
                -0.000011444091782664145,
                1
            ],
            "name": "Index_2_L"
        },
        "Index_2_R": {
            "children": [],
            "matrix": [
                1.0000002384185793,
                -2.235174176301591e-8,
                -1.4901161193847656e-8,
                0,
                2.235174048625943e-8,
                1.0000001192092927,
                8.940696749615284e-8,
                0,
                1.4901159167690636e-8,
                -8.940697815429388e-8,
                1.00000023841858,
                0,
                -6.533203125000007,
                0,
                0.0000152587890625,
                1
            ],
            "name": "Index_2_R"
        },
        "Mid_0_L": {
            "children": [
                "Mid_1_L"
            ],
            "matrix": [
                0.7461562156677247,
                -0.04583975672721863,
                -0.6641907691955569,
                0,
                -0.24359843049028357,
                0.9096524572395159,
                -0.3364405841623645,
                0,
                0.6196052414615862,
                0.4128331430551818,
                0.6675764733486268,
                0,
                21.21603393554686,
                8.227325439453118,
                1.504371643066392,
                1
            ],
            "name": "Mid_0_L"
        },
        "Mid_0_R": {
            "children": [
                "Mid_1_R"
            ],
            "matrix": [
                0.7461558580398556,
                -0.04584020376205422,
                -0.6641909480094911,
                0,
                -0.24359791066455877,
                0.9096521646158355,
                -0.33644037049421044,
                0,
                0.6196054820408082,
                0.4128326493312693,
                0.667575986487319,
                0,
                -21.216033935546875,
                -8.227325439453125,
                -1.5043792724609375,
                1
            ],
            "name": "Mid_0_R"
        },
        "Mid_1_L": {
            "children": [
                "Mid_2_L"
            ],
            "matrix": [
                0.263508409261704,
                8.940696713533036e-8,
                -0.964657187461853,
                0,
                6.97164797697214e-7,
                0.9999997615814235,
                2.8312206271086104e-7,
                0,
                0.9646571874618088,
                -7.471302553851977e-7,
                0.2635084092616228,
                0,
                13.262168884277344,
                -0.0000152587890625,
                0.000011444091789769573,
                1
            ],
            "name": "Mid_1_L"
        },
        "Mid_1_R": {
            "children": [
                "Mid_2_R"
            ],
            "matrix": [
                0.2635085582733155,
                1.6391277313232422e-7,
                -0.9646573066711428,
                0,
                -1.3108560803498648e-7,
                1.0000003576280556,
                1.341104776120261e-7,
                0,
                0.964657173012752,
                9.11133856418278e-8,
                0.2635085217628213,
                0,
                -13.262138366699219,
                0.0000152587890625,
                -0.0000038146972514141453,
                1
            ],
            "name": "Mid_1_R"
        },
        "Mid_2_L": {
            "children": [],
            "matrix": [
                0.99999988079071,
                7.450580599699386e-8,
                -1.192092894952701e-7,
                0,
                -7.450581315793237e-8,
                0.9999998807907184,
                -5.960464477539063e-8,
                0,
                1.1920927078801213e-7,
                5.960464657950304e-8,
                0.9999997615814165,
                0,
                9.11154556274414,
                0,
                0,
                1
            ],
            "name": "Mid_2_L"
        },
        "Mid_2_R": {
            "children": [],
            "matrix": [
                1.0000001192092896,
                7.45058059414827e-8,
                2.980232227667301e-8,
                0,
                -7.45057885387368e-8,
                0.9999998807907107,
                1.490116136038111e-8,
                0,
                -2.980232133298344e-8,
                -1.4901166883740657e-8,
                1.0000001192092927,
                0,
                -9.111564636230455,
                0,
                -1.4210854715202004e-14,
                1
            ],
            "name": "Mid_2_R"
        },
        "Thumb_0_L": {
            "children": [
                "Thumb_1_L"
            ],
            "matrix": [
                0.6122984290122986,
                -0.168729156255722,
                -0.7724123597145085,
                0,
                0.6595740077542942,
                -0.429683674741364,
                0.6167124161986934,
                0,
                -0.4359503042895508,
                -0.887075072876129,
                -0.15180525840548736,
                0,
                9.58950042724608,
                -17.93558502197267,
                -11.409347534179688,
                1
            ],
            "name": "Thumb_0_L"
        },
        "Thumb_0_R": {
            "children": [
                "Thumb_1_R"
            ],
            "matrix": [
                0.6122978925704955,
                -0.1687297374010086,
                -0.7724126577377319,
                0,
                0.6595740038277644,
                -0.42968334233936395,
                0.6167119677345796,
                0,
                -0.4359505563298031,
                -0.8870748604104561,
                -0.15180447585750784,
                0,
                -9.589492797851562,
                17.93555450439453,
                11.40936279296875,
                1
            ],
            "name": "Thumb_0_R"
        },
        "Thumb_1_L": {
            "children": [
                "Thumb_2_L"
            ],
            "matrix": [
                0.6428472399711609,
                -6.258487701971127e-7,
                -0.7659946084022521,
                0,
                2.9884069617514e-7,
                1.000000238418558,
                -5.662441980303079e-7,
                0,
                0.7659947776442018,
                1.350981554959496e-7,
                0.6428473820043219,
                0,
                6.8186798095703125,
                0.000003814697265625,
                -0.000022888183607960855,
                1
            ],
            "name": "Thumb_1_L"
        },
        "Thumb_1_R": {
            "children": [
                "Thumb_2_R"
            ],
            "matrix": [
                0.642847537994385,
                0.0000011026859282892154,
                -0.7659946084022523,
                0,
                -0.0000017863378693055987,
                1.0000001192089416,
                -5.960465127019532e-8,
                0,
                0.7659945497004227,
                0.00000140664160463988,
                0.6428474887319291,
                0,
                -6.81866455078125,
                -0.00006866455078835543,
                -0.000022888183607960855,
                1
            ],
            "name": "Thumb_1_R"
        },
        "Thumb_2_L": {
            "children": [],
            "matrix": [
                0.9999994039535522,
                -2.9802322387695312e-8,
                1.4901161221603232e-8,
                0,
                2.980232266525107e-8,
                0.9999996423721377,
                4.619359969398884e-7,
                0,
                -1.4901178402304538e-8,
                -4.619359966068215e-7,
                0.9999996423721422,
                0,
                6.324798583984361,
                -0.0000038146972585195726,
                0.000007629394524144573,
                1
            ],
            "name": "Thumb_2_L"
        },
        "Thumb_2_R": {
            "children": [],
            "matrix": [
                0.9999998807907101,
                2.980232222116186e-8,
                -1.4901161138336505e-8,
                0,
                -2.980232782778813e-8,
                1.0000001192092896,
                1.11758708981613e-7,
                0,
                1.490116358082716e-8,
                -1.1175867525858862e-7,
                0.9999998211860971,
                0,
                -6.324775695800781,
                -0.000007629394524144573,
                0.000005722045894884786,
                1
            ],
            "name": "Thumb_2_R"
        },
        "ankle_L": {
            "children": [
                "toeBase_L"
            ],
            "matrix": [
                0.20730534195899958,
                0.040599524974823,
                0.9774334430694581,
                0,
                0.6483674441571927,
                0.7424800306671752,
                -0.16835353081199533,
                0,
                -0.7325600212249765,
                0.6686367328671086,
                0.12759668993804907,
                0,
                45.82880401611328,
                -0.000003814697265625,
                0.000038146972642039145,
                1
            ],
            "name": "ankle_L"
        },
        "ankle_R": {
            "children": [
                "toeBase_R"
            ],
            "matrix": [
                0.20730611681938155,
                0.04059845209121704,
                0.9774332642555232,
                0,
                0.6483661251408582,
                0.7424810907953103,
                -0.16835302489812784,
                0,
                -0.7325606517362955,
                0.6686352877486219,
                0.12759822170054874,
                0,
                -45.82879638671874,
                0.000030517578125,
                -0.000034332275390625,
                1
            ],
            "name": "ankle_R"
        },
        "back_cloth_R0C0": {
            "children": [
                "back_cloth_R1C0"
            ],
            "matrix": [
                -7.501029850410547e-8,
                -0.9935415387153625,
                -0.11346922069787983,
                0,
                -6.693121503025482e-8,
                0.1134692206978848,
                -0.9935415387153619,
                0,
                0.9999999999999998,
                -6.693121102477062e-8,
                -7.501029849437628e-8,
                0,
                0,
                8.818565368652358,
                -21.480607986450188,
                1
            ],
            "name": "back_cloth_R0C0"
        },
        "back_cloth_R1C0": {
            "children": [
                "back_cloth_R2C0"
            ],
            "matrix": [
