{
    "accessors": {
        "attrbute_1": {
            "bufferView": "bufferView_37",
            "byteOffset": 0,
            "byteStride": 12,
            "count": 2514,
            "max": [
                95.93838500976562,
                56.47287368774414,
                232.58302307128906,
                0
            ],
            "min": [
                -95.93836975097656,
                -48.30984878540039,
                -0.14894770085811615,
                0
            ],
            "type": 35665
        },
        "attrbute_10": {
            "bufferView": "bufferView_37",
            "byteOffset": 159480,
            "byteStride": 16,
            "count": 270,
            "max": [
                1,
                1,
                -1,
                -1
            ],
            "min": [
                0,
                -1,
                -1,
                -1
            ],
            "type": 35666
        },
        "attrbute_11": {
            "bufferView": "bufferView_37",
            "byteOffset": 163800,
            "byteStride": 12,
            "count": 270,
            "max": [
                1,
                0.9996153116226196,
                0
            ],
            "min": [
                0.00038466742262244225,
                0,
                0
            ],
            "type": 35665
        },
        "attrbute_13": {
            "bufferView": "bufferView_37",
            "byteOffset": 167040,
            "byteStride": 12,
            "count": 520,
            "max": [
                44.55751037597656,
                83.10130310058594,
                240.2209930419922,
                0
            ],
            "min": [
                -45.16056823730469,
                -50.82658386230469,
                97.73701477050781,
                0
            ],
            "type": 35665
        },
        "attrbute_14": {
            "bufferView": "bufferView_37",
            "byteOffset": 173280,
            "byteStride": 12,
            "count": 520,
            "max": [
                0.9953494071960449,
                0.9995001554489136,
                0.9966946244239807,
                0
            ],
            "min": [
                -0.9953494668006897,
                -0.9998524188995361,
                -0.9974185824394226,
                0
            ],
            "type": 35665
        },
        "attrbute_15": {
            "bufferView": "bufferView_37",
            "byteOffset": 179520,
            "byteStride": 8,
            "count": 520,
            "max": [
                1.9893643856048584,
                0.9957166314125061
            ],
            "min": [
                0.018148014321923256,
                0.007342159748077393
            ],
            "type": 35664
        },
        "attrbute_16": {
            "bufferView": "bufferView_37",
            "byteOffset": 183680,
            "byteStride": 16,
            "count": 520,
            "max": [
                7,
                7,
                6,
                -1
            ],
            "min": [
                0,
                -1,
                -1,
                -1
            ],
            "type": 35666
        },
        "attrbute_17": {
            "bufferView": "bufferView_37",
            "byteOffset": 192000,
            "byteStride": 12,
            "count": 520,
            "max": [
                1,
                0.999735951423645,
                0.7702013850212097
            ],
            "min": [
                0.00022222613915801048,
                0,
                0
            ],
            "type": 35665
        },
        "attrbute_19": {
            "bufferView": "bufferView_37",
            "byteOffset": 198240,
            "byteStride": 12,
            "count": 448,
            "max": [
                -214.9970703125,
                32.65296936035156,
                225.32412719726562,
                0
            ],
            "min": [
                -332.1912536621094,
                -34.77071762084961,
                54.714744567871094,
                0
            ],
            "type": 35665
        },
        "attrbute_2": {
            "bufferView": "bufferView_37",
            "byteOffset": 30168,
            "byteStride": 12,
            "count": 2514,
            "max": [
                0.9993725419044495,
                0.9999618530273438,
                0.999914824962616,
                0
            ],
            "min": [
                -0.9993724822998047,
                -0.9997507333755493,
                -0.9999756217002869,
                0
            ],
            "type": 35665
        },
        "attrbute_20": {
            "bufferView": "bufferView_37",
            "byteOffset": 203616,
            "byteStride": 12,
            "count": 448,
            "max": [
                0.9992213845252991,
                0.9997233152389526,
                0.9999833703041077,
                0
            ],
            "min": [
                -0.9998766779899597,
                -0.9997783899307251,
                -0.9956123232841492,
                0
            ],
            "type": 35665
        },
        "attrbute_21": {
            "bufferView": "bufferView_37",
            "byteOffset": 208992,
            "byteStride": 8,
            "count": 448,
            "max": [
                1.986014485359192,
                0.9901173114776611
            ],
            "min": [
                0.010614149272441864,
                0.005678832530975342
            ],
            "type": 35664
        },
        "attrbute_22": {
            "bufferView": "bufferView_37",
            "byteOffset": 212576,
            "byteStride": 16,
            "count": 448,
            "max": [
                0,
                -1,
                -1,
                -1
            ],
            "min": [
                0,
                -1,
                -1,
                -1
            ],
            "type": 35666
        },
        "attrbute_23": {
            "bufferView": "bufferView_37",
            "byteOffset": 219744,
            "byteStride": 12,
            "count": 448,
            "max": [
                1,
                0,
                0
            ],
            "min": [
                1,
                0,
                0
            ],
            "type": 35665
        },
        "attrbute_25": {
            "bufferView": "bufferView_37",
            "byteOffset": 225120,
            "byteStride": 12,
            "count": 664,
            "max": [
                104.50892639160156,
                104.61312103271484,
                222.0445556640625,
                0
            ],
            "min": [
                -104.84456634521484,
                -74.90585327148438,
                182.8013153076172,
                0
            ],
            "type": 35665
        },
        "attrbute_26": {
            "bufferView": "bufferView_37",
            "byteOffset": 233088,
            "byteStride": 12,
            "count": 664,
            "max": [
                1,
                1,
                1,
                0
            ],
            "min": [
                -1,
                -1,
                -0.9999096393585205,
                0
            ],
            "type": 35665
        },
        "attrbute_27": {
            "bufferView": "bufferView_37",
            "byteOffset": 241056,
            "byteStride": 8,
            "count": 664,
            "max": [
                1.991471290588379,
                0.9925299882888794
            ],
            "min": [
                0.11455273628234863,
                0.019032061100006104
            ],
            "type": 35664
        },
        "attrbute_28": {
            "bufferView": "bufferView_37",
            "byteOffset": 246368,
            "byteStride": 16,
            "count": 664,
            "max": [
                0,
                -1,
                -1,
                -1
            ],
            "min": [
                0,
                -1,
                -1,
                -1
            ],
            "type": 35666
        },
        "attrbute_29": {
            "bufferView": "bufferView_37",
            "byteOffset": 256992,
            "byteStride": 12,
            "count": 664,
            "max": [
                1,
                0,
                0
            ],
            "min": [
                1,
                0,
                0
            ],
            "type": 35665
        },
        "attrbute_3": {
            "bufferView": "bufferView_37",
            "byteOffset": 60336,
            "byteStride": 8,
            "count": 2514,
            "max": [
                2.001112699508667,
                0.9946374893188477
            ],
            "min": [
                0.004749417304992676,
                0.006322205066680908
            ],
            "type": 35664
        },
        "attrbute_31": {
            "bufferView": "bufferView_37",
            "byteOffset": 264960,
            "byteStride": 12,
            "count": 526,
            "max": [
                86.8997802734375,
                55.21589660644531,
                222.1553192138672,
                0
            ],
            "min": [
                -86.89979553222656,
                -32.429656982421875,
                144.33181762695312,
                0
            ],
            "type": 35665
        },
        "attrbute_32": {
            "bufferView": "bufferView_37",
            "byteOffset": 271272,
            "byteStride": 12,
            "count": 526,
            "max": [
                0.9999986290931702,
                0.9704146385192871,
                0.9989111423492432,
                0
            ],
            "min": [
                -0.9999986886978149,
                -0.9726794362068176,
                -0.999315619468689,
                0
            ],
            "type": 35665
        },
        "attrbute_33": {
            "bufferView": "bufferView_37",
            "byteOffset": 277584,
            "byteStride": 8,
            "count": 526,
            "max": [
                1.5796339511871338,
                0.9929468035697937
            ],
            "min": [
                0.006225228309631348,
                0.005584836006164551
            ],
            "type": 35664
        },
        "attrbute_34": {
            "bufferView": "bufferView_37",
            "byteOffset": 281792,
            "byteStride": 16,
            "count": 526,
            "max": [
                9,
                6,
                8,
                -1
            ],
            "min": [
                0,
                -1,
                -1,
                -1
            ],
            "type": 35666
        },
        "attrbute_35": {
            "bufferView": "bufferView_37",
            "byteOffset": 290208,
            "byteStride": 12,
            "count": 526,
            "max": [
                1,
                0.830878496170044,
                0.7264121174812317
            ],
            "min": [
                0.027514580637216568,
                0,
                0
            ],
            "type": 35665
        },
        "attrbute_4": {
            "bufferView": "bufferView_37",
            "byteOffset": 80448,
            "byteStride": 16,
            "count": 2514,
            "max": [
                40,
                41,
                41,
                -1
            ],
            "min": [
                0,
                -1,
                -1,
                -1
            ],
            "type": 35666
        },
        "attrbute_5": {
            "bufferView": "bufferView_37",
            "byteOffset": 120672,
            "byteStride": 12,
            "count": 2514,
            "max": [
                1,
                0.9998899698257446,
                0.9976415038108826
            ],
            "min": [
                0.00011001860548276454,
                0,
                0
            ],
            "type": 35665
        },
        "attrbute_7": {
            "bufferView": "bufferView_37",
            "byteOffset": 150840,
            "byteStride": 12,
            "count": 270,
            "max": [
                114.39134216308594,
                59.08660125732422,
                161.06338500976562,
                0
            ],
            "min": [
                56.6593017578125,
                -50.684818267822266,
                60.245094299316406,
                0
            ],
            "type": 35665
        },
        "attrbute_8": {
            "bufferView": "bufferView_37",
            "byteOffset": 154080,
            "byteStride": 12,
            "count": 270,
            "max": [
                0.9982426762580872,
                0.9816694259643555,
                0.9766929149627686,
                0
            ],
            "min": [
                -0.995831310749054,
                -0.9974483251571655,
                -0.981653094291687,
                0
            ],
            "type": 35665
        },
        "attrbute_9": {
            "bufferView": "bufferView_37",
            "byteOffset": 157320,
            "byteStride": 8,
            "count": 270,
            "max": [
                1.9601324796676636,
                0.9947794079780579
            ],
            "min": [
                0.007051239721477032,
                0.014337003231048584
            ],
            "type": 35664
        },
        "indices_12": {
            "bufferView": "bufferView_39",
            "byteOffset": 23844,
            "count": 1044,
            "type": 5123
        },
        "indices_18": {
            "bufferView": "bufferView_39",
            "byteOffset": 25932,
            "count": 2298,
            "type": 5123
        },
        "indices_24": {
            "bufferView": "bufferView_39",
            "byteOffset": 30528,
            "count": 1020,
            "type": 5123
        },
        "indices_30": {
            "bufferView": "bufferView_39",
            "byteOffset": 32568,
            "count": 2604,
            "type": 5123
        },
        "indices_36": {
            "bufferView": "bufferView_39",
            "byteOffset": 37776,
            "count": 2064,
            "type": 5123
        },
        "indices_6": {
            "bufferView": "bufferView_39",
            "byteOffset": 0,
            "count": 11922,
            "type": 5123
        }
    },
    "animations": {},
    "asset": {},
    "bufferViews": {
        "bufferView_37": {
            "buffer": "elder_titan.bin",
            "byteLength": 296520,
            "byteOffset": 0,
            "target": 34962
        },
        "bufferView_38": {
            "buffer": "elder_titan.bin",
            "byteLength": 5504,
            "byteOffset": 296520
        },
        "bufferView_39": {
            "buffer": "elder_titan.bin",
            "byteLength": 41904,
            "byteOffset": 302024,
            "target": 34963
        }
    },
    "buffers": {
        "elder_titan.bin": {
            "byteLength": 343928,
            "path": "elder_titan.bin"
        }
    },
    "cameras": {},
    "images": {
        "image_0": {
            "path": "textures/elder_titan_color.png"
        },
        "image_1": {
            "path": "textures/elder_titan_bracer_color.png"
        },
        "image_2": {
            "path": "textures/elder_titan_hair_color.png"
        },
        "image_3": {
            "path": "textures/elder_titan_hammer_color.png"
        },
        "image_4": {
            "path": "textures/elder_titan_totem_color.png"
        },
        "image_5": {
            "path": "textures/elder_titan_shoulder_color.png"
        }
    },
    "lights": {},
    "materials": {
        "Material #101": {
            "instanceTechnique": {
                "technique": "technique_0",
                "values": {
                    "ambient": [
                        0.5879999995231628,
                        0.5879999995231628,
                        0.5879999995231628
                    ],
                    "diffuse": "Map #12",
                    "emission": [
                        0,
                        0,
                        0
                    ],
                    "shininess": 2,
                    "specular": [
                        0.8999999761581421,
                        0.8999999761581421,
                        0.8999999761581421
                    ],
                    "transparency": 1
                }
            },
            "name": "Material #101"
        },
        "Material #35": {
            "instanceTechnique": {
                "technique": "technique_0",
                "values": {
                    "ambient": [
                        0.5879999995231628,
                        0.5879999995231628,
                        0.5879999995231628
                    ],
                    "diffuse": "Map #8",
                    "emission": [
                        0,
                        0,
                        0
                    ],
                    "shininess": 2,
                    "specular": [
                        0.8999999761581421,
                        0.8999999761581421,
                        0.8999999761581421
                    ],
                    "transparency": 1
                }
            },
            "name": "Material #35"
        },
        "Material #46": {
            "instanceTechnique": {
                "technique": "technique_0",
                "values": {
                    "ambient": [
                        0.5879999995231628,
                        0.5879999995231628,
                        0.5879999995231628
                    ],
                    "diffuse": "Map #9",
                    "emission": [
                        0,
                        0,
                        0
                    ],
                    "shininess": 2,
                    "specular": [
                        0.8999999761581421,
                        0.8999999761581421,
                        0.8999999761581421
                    ],
                    "transparency": 1
                }
            },
            "name": "Material #46"
        },
        "Material #57": {
            "instanceTechnique": {
                "technique": "technique_0",
                "values": {
                    "ambient": [
                        0.5879999995231628,
                        0.5879999995231628,
                        0.5879999995231628
                    ],
                    "diffuse": "Map #10",
                    "emission": [
                        0,
                        0,
                        0
                    ],
                    "shininess": 2,
                    "specular": [
                        0.8999999761581421,
                        0.8999999761581421,
                        0.8999999761581421
                    ],
                    "transparency": 1
                }
            },
            "name": "Material #57"
        },
        "Material #68": {
            "instanceTechnique": {
                "technique": "technique_0",
                "values": {
                    "ambient": [
                        0.5879999995231628,
                        0.5879999995231628,
                        0.5879999995231628
                    ],
                    "diffuse": "Map #11",
                    "emission": [
                        0,
                        0,
                        0
                    ],
                    "shininess": 2,
                    "specular": [
                        0.8999999761581421,
                        0.8999999761581421,
                        0.8999999761581421
                    ],
                    "transparency": 1
                }
            },
            "name": "Material #68"
        },
        "Material #90": {
            "instanceTechnique": {
                "technique": "technique_0",
                "values": {
                    "ambient": [
                        0.5879999995231628,
                        0.5879999995231628,
                        0.5879999995231628
                    ],
                    "diffuse": "Map #13",
                    "emission": [
                        0,
                        0,
                        0
                    ],
                    "shininess": 2,
                    "specular": [
                        0.8999999761581421,
                        0.8999999761581421,
                        0.8999999761581421
                    ],
                    "transparency": 1
                }
            },
            "name": "Material #90"
        }
    },
    "meshes": {
        "elder_titan_bracer_LOD0-mesh": {
            "name": "elder_titan_bracer_LOD0-mesh",
            "primitives": [
                {
                    "attributes": {
                        "JOINT": "attrbute_10",
                        "NORMAL": "attrbute_8",
                        "POSITION": "attrbute_7",
                        "TEXCOORD_0": "attrbute_9",
                        "WEIGHT": "attrbute_11"
                    },
                    "indices": "indices_12",
                    "material": "Material #46"
                }
            ]
        },
        "elder_titan_hair_LOD0-mesh": {
            "name": "elder_titan_hair_LOD0-mesh",
            "primitives": [
                {
                    "attributes": {
                        "JOINT": "attrbute_16",
                        "NORMAL": "attrbute_14",
                        "POSITION": "attrbute_13",
                        "TEXCOORD_0": "attrbute_15",
                        "WEIGHT": "attrbute_17"
                    },
                    "indices": "indices_18",
                    "material": "Material #57"
                }
            ]
        },
        "elder_titan_hammer_LOD0-mesh": {
            "name": "elder_titan_hammer_LOD0-mesh",
            "primitives": [
                {
                    "attributes": {
                        "JOINT": "attrbute_22",
                        "NORMAL": "attrbute_20",
                        "POSITION": "attrbute_19",
                        "TEXCOORD_0": "attrbute_21",
                        "WEIGHT": "attrbute_23"
                    },
                    "indices": "indices_24",
                    "material": "Material #68"
                }
            ]
        },
        "elder_titan_model_LOD0-mesh": {
            "name": "elder_titan_model_LOD0-mesh",
            "primitives": [
                {
                    "attributes": {
                        "JOINT": "attrbute_4",
                        "NORMAL": "attrbute_2",
                        "POSITION": "attrbute_1",
                        "TEXCOORD_0": "attrbute_3",
                        "WEIGHT": "attrbute_5"
                    },
                    "indices": "indices_6",
                    "material": "Material #35"
                }
            ]
        },
        "elder_titan_shoulder_LOD0-mesh": {
            "name": "elder_titan_shoulder_LOD0-mesh",
            "primitives": [
                {
                    "attributes": {
                        "JOINT": "attrbute_34",
                        "NORMAL": "attrbute_32",
                        "POSITION": "attrbute_31",
                        "TEXCOORD_0": "attrbute_33",
                        "WEIGHT": "attrbute_35"
                    },
                    "indices": "indices_36",
                    "material": "Material #101"
                }
            ]
        },
        "elder_titan_totem_LOD0-mesh": {
            "name": "elder_titan_totem_LOD0-mesh",
            "primitives": [
                {
                    "attributes": {
                        "JOINT": "attrbute_28",
                        "NORMAL": "attrbute_26",
                        "POSITION": "attrbute_25",
                        "TEXCOORD_0": "attrbute_27",
                        "WEIGHT": "attrbute_29"
                    },
                    "indices": "indices_30",
                    "material": "Material #90"
                }
            ]
        }
    },
    "nodes": {
        "Index_0_L": {
            "children": [
                "Index_1_L"
            ],
            "jointId": "Index_0_L",
            "matrix": [
                0.9282965064048769,
                -0.005229145288467518,
                -0.3718039393424989,
                0,
                -0.03920584754339651,
                0.9929511535226139,
                -0.11185179270784737,
                0,
                0.3697680504058704,
                0.11840852038662707,
                0.9215481003814447,
                0,
                26.346065521240234,
                -6.45086669921875,
                2.0443649291992188,
                1
            ],
            "name": "Index_0_L"
        },
        "Index_0_R": {
            "children": [
                "Index_1_R"
            ],
            "jointId": "Index_0_R",
            "matrix": [
                0.9282963275909425,
                -0.005229622125625555,
                -0.371803641319275,
                0,
                -0.03920506554182934,
                0.9929509245150007,
                -0.11185118129124254,
                0,
                0.36976785569679893,
                0.118407673996006,
                0.9215480351321125,
                0,
                -26.34606170654296,
                6.4508514404296875,
                -2.0443572998047017,
                1
            ],
            "name": "Index_0_R"
        },
        "Index_1_L": {
            "children": [
                "Index_2_L"
            ],
            "jointId": "Index_1_L",
            "matrix": [
                0.24703179299831388,
                -6.705522535843667e-8,
                -0.9690073132514956,
                0,
                6.221519112670215e-7,
                1.0000001192091035,
                8.94070329993113e-8,
                0,
                0.9690072073463745,
                -6.249559885151967e-7,
                0.24703176599966314,
                0,
                13.097831726074219,
                -0.0000152587890625,
                -0.000011444091789769573,
                1
            ],
            "name": "Index_1_L"
        },
        "Index_1_R": {
            "children": [
                "Index_2_R"
            ],
            "jointId": "Index_1_R",
            "matrix": [
                0.24703139066696087,
                -6.929039955416716e-7,
                -0.9690076112747195,
                0,
                8.175742739480185e-7,
                1.0000002384184223,
                -5.066396229214121e-7,
                0,
                0.9690074743710787,
                -6.670795503205262e-7,
                0.24703135576627064,
                0,
                -13.097831726074219,
                0.0000152587890625,
                -0.000007629394524144573,
                1
            ],
            "name": "Index_1_R"
        },
        "Index_2_L": {
            "children": [],
            "jointId": "Index_2_L",
            "matrix": [
                1.0000002384185784,
                2.98023224015731e-8,
                -4.470348355378739e-8,
                0,
                -2.9802312159765698e-8,
                0.9999997615814201,
                -8.940696688553018e-8,
                0,
                4.470347025886667e-8,
                8.940698964510219e-8,
                0.9999999999999993,
                0,
                6.5332069396972585,
                0.00002288818359375,
                -0.000011444091796875,
                1
            ],
            "name": "Index_2_L"
        },
        "Index_2_R": {
            "children": [],
            "jointId": "Index_2_R",
            "matrix": [
                1.000000238418579,
                -2.2351741776893697e-8,
                -1.4901161193847656e-8,
                0,
                2.235174041687049e-8,
                1.0000001192092924,
                8.940696727410824e-8,
                0,
                1.4901159167690636e-8,
                -8.940697832082733e-8,
                1.00000023841858,
                0,
                -6.533203125000007,
                0,
                0.0000152587890625,
                1
            ],
            "name": "Index_2_R"
        },
        "Mid_0_L": {
            "children": [
                "Mid_1_L"
            ],
            "jointId": "Mid_0_L",
            "matrix": [
                0.7461562156677246,
                -0.04583975672721868,
                -0.6641907691955566,
                0,
                -0.24359843049028357,
                0.9096524572395157,
                -0.3364405841623645,
                0,
                0.6196052414615862,
                0.4128331430551818,
                0.6675764733486268,
                0,
                21.216033935546875,
                8.227325439453125,
                1.5043716430664062,
                1
            ],
            "name": "Mid_0_L"
        },
        "Mid_0_R": {
            "children": [
                "Mid_1_R"
            ],
            "jointId": "Mid_0_R",
            "matrix": [
                0.7461558580398557,
                -0.04584020376205428,
                -0.6641909480094914,
                0,
                -0.243597910664559,
                0.9096521646158358,
                -0.3364403704942104,
                0,
                0.619605482040808,
                0.4128326493312693,
                0.6675759864873188,
                0,
                -21.216033935546875,
                -8.227325439453125,
                -1.5043792724609517,
                1
            ],
            "name": "Mid_0_R"
        },
        "Mid_1_L": {
            "children": [
                "Mid_2_L"
            ],
            "jointId": "Mid_1_L",
            "matrix": [
                0.263508409261704,
                8.940696713533036e-8,
                -0.9646571874618532,
                0,
                6.971647978082363e-7,
                0.9999997615814233,
                2.831220627386166e-7,
                0,
                0.9646571874618091,
                -7.471302554407089e-7,
                0.26350840926162283,
                0,
                13.262168884277344,
                -0.0000152587890625,
                0.000011444091789769573,
                1
            ],
            "name": "Mid_1_L"
        },
        "Mid_1_R": {
            "children": [
                "Mid_2_R"
            ],
            "jointId": "Mid_1_R",
            "matrix": [
                0.26350855827331554,
                1.6391277318783537e-7,
                -0.9646573066711428,
                0,
                -1.3108560792396418e-7,
                1.0000003576280554,
                1.3411047755651495e-7,
                0,
                0.9646571730127519,
                9.111338569733896e-8,
                0.2635085217628214,
                0,
                -13.262138366699219,
                0.0000152587890625,
                -0.0000038146972514141453,
                1
            ],
            "name": "Mid_1_R"
        },
        "Mid_2_L": {
            "children": [],
            "jointId": "Mid_2_L",
            "matrix": [
                0.9999998807907101,
                7.450580605250501e-8,
                -1.1920928955078125e-7,
                0,
                -7.450581313017679e-8,
                0.9999998807907186,
                -5.960464499743523e-8,
                0,
                1.1920927084352329e-7,
                5.96046467460365e-8,
                0.9999997615814163,
                0,
                9.111545562744148,
                1.4210854715202004e-14,
                1.4210854715202004e-14,
                1
            ],
            "name": "Mid_2_L"
        },
        "Mid_2_R": {
            "children": [],
            "jointId": "Mid_2_R",
            "matrix": [
                1.0000001192092893,
                7.450580599699386e-8,
                2.980232227667301e-8,
                0,
                -7.45057886497591e-8,
                0.9999998807907104,
                1.4901161249358807e-8,
                0,
                -2.980232144400574e-8,
                -1.4901166828229506e-8,
                1.0000001192092922,
                0,
                -9.111564636230476,
                0,
                0,
                1
            ],
            "name": "Mid_2_R"
        },
        "Thumb_0_L": {
            "children": [
                "Thumb_1_L"
            ],
            "jointId": "Thumb_0_L",
            "matrix": [
                0.6122984290122985,
                -0.16872915625572216,
                -0.772412359714508,
                0,
                0.6595740077542944,
                -0.4296836747413644,
                0.6167124161986935,
                0,
                -0.435950304289551,
                -0.8870750728761287,
                -0.15180525840548742,
                0,
                9.589500427246094,
                -17.935585021972656,
                -11.409347534179673,
                1
            ],
            "name": "Thumb_0_L"
        },
        "Thumb_0_R": {
            "children": [
                "Thumb_1_R"
            ],
            "jointId": "Thumb_0_R",
            "matrix": [
                0.6122978925704954,
                -0.16872973740100858,
                -0.7724126577377318,
                0,
                0.6595740038277644,
                -0.4296833423393639,
                0.6167119677345793,
                0,
                -0.4359505563298031,
                -0.8870748604104564,
                -0.15180447585750778,
                0,
                -9.589492797851548,
                17.935554504394545,
                11.40936279296875,
                1
            ],
            "name": "Thumb_0_R"
        },
        "Thumb_1_L": {
            "children": [
                "Thumb_2_L"
            ],
            "jointId": "Thumb_1_L",
            "matrix": [
                0.6428472399711611,
                -6.258487700860904e-7,
                -0.7659946084022523,
                0,
                2.9884069607799546e-7,
                1.000000238418558,
                -5.662441979192856e-7,
                0,
                0.7659947776442018,
                1.3509815553758298e-7,
                0.6428473820043219,
                0,
                6.818679809570327,
                0.000003814697286941282,
                -0.000022888183607960855,
                1
            ],
            "name": "Thumb_1_L"
        },
        "Thumb_1_R": {
            "children": [
                "Thumb_2_R"
            ],
            "jointId": "Thumb_1_R",
            "matrix": [
                0.642847537994385,
                0.0000011026859283447266,
                -0.7659946084022523,
                0,
                -0.0000017863378694027432,
                1.0000001192089418,
                -5.960465127019532e-8,
                0,
                0.7659945497004225,
                0.0000014066416046676355,
                0.6428474887319288,
                0,
                -6.81866455078125,
                -0.00006866455077414457,
                -0.00002288818359375,
                1
            ],
            "name": "Thumb_1_R"
        },
        "Thumb_2_L": {
            "children": [],
            "jointId": "Thumb_2_L",
            "matrix": [
                0.9999994039535521,
                -2.980232233218416e-8,
                1.490116116609208e-8,
                0,
                2.9802322498717615e-8,
                0.9999996423721377,
                4.6193599709254407e-7,
                0,
                -1.4901178346793387e-8,
                -4.619359967178438e-7,
                0.9999996423721423,
                0,
                6.324798583984361,
                -0.0000038146972514141453,
                0.000007629394524144573,
                1
            ],
            "name": "Thumb_2_L"
        },
        "Thumb_2_R": {
            "children": [],
            "jointId": "Thumb_2_R",
            "matrix": [
                0.9999998807907102,
                2.9802322387695312e-8,
                -1.4901161082825354e-8,
                0,
                -2.980232777227698e-8,
                1.0000001192092898,
                1.1175870888446848e-7,
                0,
                1.4901163525316008e-8,
                -1.117586751753219e-7,
                0.9999998211860972,
                0,
                -6.324775695800781,
                -0.00000762939453125,
                0.000005722045884226645,
                1
            ],
            "name": "Thumb_2_R"
        },
        "ankle_L": {
            "children": [
                "toeBase_L"
            ],
            "jointId": "ankle_L",
            "matrix": [
                0.20730534195899958,
                0.040599524974823054,
                0.9774334430694585,
                0,
                0.6483674441571925,
                0.7424800306671749,
                -0.16835353081199528,
                0,
                -0.7325600212249763,
                0.6686367328671083,
                0.12759668993804918,
                0,
                45.82880401611328,
                -0.000003814697265625,
                0.00003814697265625,
                1
            ],
            "name": "ankle_L"
        },
        "ankle_R": {
            "children": [
                "toeBase_R"
            ],
            "jointId": "ankle_R",
            "matrix": [
                0.20730611681938144,
                0.04059845209121704,
                0.9774332642555232,
                0,
                0.6483661251408582,
                0.7424810907953103,
                -0.16835302489812787,
                0,
                -0.7325606517362955,
                0.6686352877486219,
                0.1275982217005489,
                0,
                -45.82879638671874,
                0.000030517578117894573,
                -0.000034332275390625,
                1
            ],
            "name": "ankle_R"
        },
        "back_cloth_R0C0": {
            "children": [
                "back_cloth_R1C0"
            ],
            "jointId": "back_cloth_R0C0",
            "matrix": [
                -7.501029850410547e-8,
                -0.9935415387153625,
                -0.11346922069787983,
                0,
                -6.693121503025482e-8,
                0.1134692206978848,
                -0.9935415387153619,
                0,
                0.9999999999999998,
                -6.693121102477062e-8,
                -7.501029849437628e-8,
                0,
                0,
                8.818565368652358,
                -21.480607986450188,
                1
            ],
            "name": "back_cloth_R0C0"
        },
        "back_cloth_R1C0": {
            "children": [
                "back_cloth_R2C0"
            ],
            "jointId": "back_cloth_R1C0",
            "matrix": [
                0.9999999999999994,
                1.3877787807814457e-17,
                -1.5990161728041122e-7,
                0,
                1.2809198146612744e-14,
                0.9999999999999993,
                8.030202280906444e-8,
                0,
