{
    "accessors": [
        {
            "bufferView": 0,
            "byteOffset": 0,
            "componentType": 5126,
            "count": 2514,
            "max": [
                95.93838500976562,
                56.47287368774414,
                232.58302307128906
            ],
            "min": [
                -95.93836975097656,
                -48.30984878540039,
                -0.14894770085811615
            ],
            "type": "VEC3"
        },
        {
            "bufferView": 0,
            "byteOffset": 30168,
            "componentType": 5126,
            "count": 2514,
            "max": [
                0.9993725419044495,
                0.9999618530273438,
                0.999914824962616
            ],
            "min": [
                -0.9993724822998047,
                -0.9997507333755493,
                -0.9999756217002869
            ],
            "type": "VEC3"
        },
        {
            "bufferView": 0,
            "byteOffset": 60336,
            "componentType": 5126,
            "count": 2514,
            "max": [
                2.001112699508667,
                0.9936777949333191
            ],
            "min": [
                0.004749417304992676,
                0.005362510681152344
            ],
            "type": "VEC2"
        },
        {
            "bufferView": 0,
            "byteOffset": 80448,
            "componentType": 5123,
            "count": 2514,
            "max": [
                40,
                41,
                41,
                0
            ],
            "min": [
                0,
                0,
                0,
                0
            ],
            "type": "VEC4"
        },
        {
            "bufferView": 0,
            "byteOffset": 100560,
            "componentType": 5126,
            "count": 2514,
            "max": [
                1,
                0.9998899698257446,
                0.9976415038108826,
                0
            ],
            "min": [
                0.00011001860548276454,
                0,
                0,
                0
            ],
            "type": "VEC4"
        },
        {
            "bufferView": 2,
            "byteOffset": 0,
            "componentType": 5123,
            "count": 11922,
            "max": [
                2513
            ],
            "min": [
                0
            ],
            "type": "SCALAR"
        },
        {
            "bufferView": 1,
            "byteOffset": 0,
            "componentType": 5126,
            "count": 42,
            "max": [
                1,
                0.9999999999999911,
                0.9999999999999971,
                0,
                0.8264096900498513,
                1,
                0.9666570817257429,
                0,
                0.9999998804118697,
                0.999999999999998,
                1.0000002384175892,
                0,
                136.34320370899988,
                128.74038222156068,
                155.82949089669978,
                1
            ],
            "min": [
                -0.9999999999991874,
                -0.8584587322617095,
                -0.6786092847015616,
                0,
                -1.000000059604615,
                -1.0000000596036038,
                -0.999999999999998,
                0,
                -0.9999999999999971,
                -0.5749070835018185,
                -0.868593927666898,
                0,
                -168.13207138612879,
                -128.74042519041902,
                -214.17413059446605,
                1
            ],
            "type": "MAT4"
        },
        {
            "bufferView": 0,
            "byteOffset": 140784,
            "componentType": 5126,
            "count": 270,
            "max": [
                114.39134216308594,
                59.08660125732422,
                161.06338500976562
            ],
            "min": [
                56.6593017578125,
                -50.684818267822266,
                60.245094299316406
            ],
            "type": "VEC3"
        },
        {
            "bufferView": 0,
            "byteOffset": 144024,
            "componentType": 5126,
            "count": 270,
            "max": [
                0.9982426762580872,
                0.9816694259643555,
                0.9766929149627686
            ],
            "min": [
                -0.995831310749054,
                -0.9974483251571655,
                -0.981653094291687
            ],
            "type": "VEC3"
        },
        {
            "bufferView": 0,
            "byteOffset": 147264,
            "componentType": 5126,
            "count": 270,
            "max": [
                1.9601324796676636,
                0.9856629967689514
            ],
            "min": [
                0.007051239721477032,
                0.005220592021942139
            ],
            "type": "VEC2"
        },
        {
            "bufferView": 0,
            "byteOffset": 149424,
            "componentType": 5123,
            "count": 270,
            "max": [
                1,
                1,
                0,
                0
            ],
            "min": [
                0,
                0,
                0,
                0
            ],
            "type": "VEC4"
        },
        {
            "bufferView": 0,
            "byteOffset": 151584,
            "componentType": 5126,
            "count": 270,
            "max": [
                1,
                0.9996153116226196,
                0,
                0
            ],
            "min": [
                0.00038466742262244225,
                0,
                0,
                0
            ],
            "type": "VEC4"
        },
        {
            "bufferView": 2,
            "byteOffset": 23844,
            "componentType": 5123,
            "count": 1044,
            "max": [
                269
            ],
            "min": [
                0
            ],
            "type": "SCALAR"
        },
        {
            "bufferView": 1,
            "byteOffset": 2688,
            "componentType": 5126,
            "count": 2,
            "max": [
                0.42028530135827713,
                -0.8584585523617773,
                0.29395451929773025,
                0,
                -0.5387976243886893,
                -0.11299065857516434,
                0.7290892395423211,
                0,
                -0.5599199955828351,
                -0.12263343520572023,
                -0.6347753439199592,
                0,
                71.45410879669329,
                128.7403864618068,
                103.41290823632544,
                1
            ],
            "min": [
                0.35731751219444136,
                -0.898239981482088,
                -0.25590854926630624,
                0,
                -0.7140378462617041,
                -0.4220498052557125,
                0.6909291796493625,
                0,
                -0.7629032240214855,
                -0.5002820172454752,
                -0.6604601059881484,
                0,
                58.4947243875192,
                102.37437254114778,
                52.91939852876811,
                1
            ],
            "type": "MAT4"
        },
        {
            "bufferView": 0,
            "byteOffset": 155904,
            "componentType": 5126,
            "count": 520,
            "max": [
                44.55751037597656,
                83.10130310058594,
                240.2209930419922
            ],
            "min": [
                -45.16056823730469,
                -50.82658386230469,
                97.73701477050781
            ],
            "type": "VEC3"
        },
        {
            "bufferView": 0,
            "byteOffset": 162144,
            "componentType": 5126,
            "count": 520,
            "max": [
                0.9953494071960449,
                0.9995001554489136,
                0.9966946244239807
            ],
            "min": [
                -0.9953494668006897,
                -0.9998524188995361,
                -0.9974185824394226
            ],
            "type": "VEC3"
        },
        {
            "bufferView": 0,
            "byteOffset": 168384,
            "componentType": 5126,
            "count": 520,
            "max": [
                1.9893643856048584,
                0.9926578402519226
            ],
            "min": [
                0.018148014321923256,
                0.0042833685874938965
            ],
            "type": "VEC2"
        },
        {
            "bufferView": 0,
            "byteOffset": 172544,
            "componentType": 5123,
            "count": 520,
            "max": [
                7,
                7,
                6,
                0
            ],
            "min": [
                0,
                0,
                0,
                0
            ],
            "type": "VEC4"
        },
        {
            "bufferView": 0,
            "byteOffset": 176704,
            "componentType": 5126,
            "count": 520,
            "max": [
                1,
                0.999735951423645,
                0.7702013850212097,
                0
            ],
            "min": [
                0.00022222613915801048,
                0,
                0,
                0
            ],
            "type": "VEC4"
        },
        {
            "bufferView": 2,
            "byteOffset": 25932,
            "componentType": 5123,
            "count": 2298,
            "max": [
                519
            ],
            "min": [
                0
            ],
            "type": "SCALAR"
        },
        {
            "bufferView": 1,
            "byteOffset": 2816,
            "componentType": 5126,
            "count": 8,
            "max": [
                8.046628395317941e-7,
                0.9999999999994036,
                0.9999999999999523,
                0,
                0.9999999999994458,
                0.9961238023384458,
                3.0354680490820465e-7,
                0,
                6.12323472569788e-17,
                0.9905927052929333,
                1.0000001192087071,
                0,
                169.77205952764754,
                14.516445350028153,
                221.48728302281742,
                1
            ],
            "min": [
                -2.512845573784905e-7,
                -3.991882307801299e-7,
                -5.224342826689786e-7,
                0,
                -1.0000001192086563,
                -7.446348933624438e-7,
                -9.558226691486308e-8,
                0,
                -0.9961238023383282,
                -0.0879623900163902,
                -0.9999999999993627,
                0,
                -25.824173210488393,
                -228.80735111232096,
                -221.48729710341232,
                1
            ],
            "type": "MAT4"
        },
        {
            "bufferView": 0,
            "byteOffset": 185024,
            "componentType": 5126,
            "count": 448,
            "max": [
                -214.9970703125,
                32.65296936035156,
                225.32412719726562
            ],
            "min": [
                -332.1912536621094,
                -34.77071762084961,
                54.714744567871094
            ],
            "type": "VEC3"
        },
        {
            "bufferView": 0,
            "byteOffset": 190400,
            "componentType": 5126,
            "count": 448,
            "max": [
                0.9992213845252991,
                0.9997233152389526,
                0.9999833703041077
            ],
            "min": [
                -0.9998766779899597,
                -0.9997783899307251,
                -0.9956123232841492
            ],
            "type": "VEC3"
        },
        {
            "bufferView": 0,
            "byteOffset": 195776,
            "componentType": 5126,
            "count": 448,
            "max": [
                1.986014485359192,
                0.9943211674690247
            ],
            "min": [
                0.010614149272441864,
                0.009882688522338867
            ],
            "type": "VEC2"
        },
        {
            "bufferView": 0,
            "byteOffset": 199360,
            "componentType": 5123,
            "count": 448,
            "max": [
                0,
                0,
                0,
                0
            ],
            "min": [
                0,
                0,
                0,
                0
            ],
            "type": "VEC4"
        },
        {
            "bufferView": 0,
            "byteOffset": 202944,
            "componentType": 5126,
            "count": 448,
            "max": [
                1,
                0,
                0,
                0
            ],
            "min": [
                1,
                0,
                0,
                0
            ],
            "type": "VEC4"
        },
        {
            "bufferView": 2,
            "byteOffset": 30528,
            "componentType": 5123,
            "count": 1020,
            "max": [
                447
            ],
            "min": [
                0
            ],
            "type": "SCALAR"
        },
        {
            "bufferView": 1,
            "byteOffset": 3328,
            "componentType": 5126,
            "count": 1,
            "max": [
                -0.9998591319562361,
                0.01283929240351444,
                -0.010815072403970416,
                0,
                -0.010562009270816769,
                0.019616854063861846,
                0.9997518744636988,
                0,
                0.013048262669129162,
                0.9997252111470261,
                -0.019478481213977408,
                0,
                -290.04138821837347,
                -109.76145057520061,
                2.101831095666098,
                1
            ],
            "min": [
                -0.9998591319562361,
                0.01283929240351444,
                -0.010815072403970416,
                0,
                -0.010562009270816769,
                0.019616854063861846,
                0.9997518744636988,
                0,
                0.013048262669129162,
                0.9997252111470261,
                -0.019478481213977408,
                0,
                -290.04138821837347,
                -109.76145057520061,
                2.101831095666098,
                1
            ],
            "type": "MAT4"
        },
        {
            "bufferView": 0,
            "byteOffset": 210112,
            "componentType": 5126,
            "count": 664,
            "max": [
                104.50892639160156,
                104.61312103271484,
                222.0445556640625
            ],
            "min": [
                -104.84456634521484,
                -74.90585327148438,
                182.8013153076172
            ],
            "type": "VEC3"
        },
        {
            "bufferView": 0,
            "byteOffset": 218080,
            "componentType": 5126,
            "count": 664,
            "max": [
                1,
                1,
                1
            ],
            "min": [
                -1,
                -1,
                -0.9999096393585205
            ],
            "type": "VEC3"
        },
        {
            "bufferView": 0,
            "byteOffset": 226048,
            "componentType": 5126,
            "count": 664,
            "max": [
                1.991471290588379,
                0.9809679388999939
            ],
            "min": [
                0.11455273628234863,
                0.0074700117111206055
            ],
            "type": "VEC2"
        },
        {
            "bufferView": 0,
            "byteOffset": 231360,
            "componentType": 5123,
            "count": 664,
            "max": [
                0,
                0,
                0,
                0
            ],
            "min": [
                0,
                0,
                0,
                0
            ],
            "type": "VEC4"
        },
        {
            "bufferView": 0,
            "byteOffset": 236672,
            "componentType": 5126,
            "count": 664,
            "max": [
                1,
                0,
                0,
                0
            ],
            "min": [
                1,
                0,
                0,
                0
            ],
            "type": "VEC4"
        },
        {
            "bufferView": 2,
            "byteOffset": 32568,
            "componentType": 5123,
            "count": 2604,
            "max": [
                663
            ],
            "min": [
                0
            ],
            "type": "SCALAR"
        },
        {
            "bufferView": 1,
            "byteOffset": 3392,
            "componentType": 5126,
            "count": 1,
            "max": [
                0.0009794208626267733,
                -0.0028853952919300234,
                0.9999953047731988,
                0,
                0.321526051665682,
                -0.946896033283779,
                -0.0030470914924186233,
                0,
                0.9469004240210427,
                0.32152754525454696,
                3.200258338396435e-7,
                0,
                -194.5346657003542,
                -12.489045440358716,
                0.3223433255665012,
                1
            ],
            "min": [
                0.0009794208626267733,
                -0.0028853952919300234,
                0.9999953047731988,
                0,
                0.321526051665682,
                -0.946896033283779,
                -0.0030470914924186233,
                0,
                0.9469004240210427,
                0.32152754525454696,
                3.200258338396435e-7,
                0,
                -194.5346657003542,
                -12.489045440358716,
                0.3223433255665012,
                1
            ],
            "type": "MAT4"
        },
        {
            "bufferView": 0,
            "byteOffset": 247296,
            "componentType": 5126,
            "count": 526,
            "max": [
                86.8997802734375,
                55.21589660644531,
                222.1553192138672
            ],
            "min": [
                -86.89979553222656,
                -32.429656982421875,
                144.33181762695312
            ],
            "type": "VEC3"
        },
        {
            "bufferView": 0,
            "byteOffset": 253608,
            "componentType": 5126,
            "count": 526,
            "max": [
                0.9999986290931702,
                0.9704146385192871,
                0.9989111423492432
            ],
            "min": [
                -0.9999986886978149,
                -0.9726794362068176,
                -0.999315619468689
            ],
            "type": "VEC3"
        },
        {
            "bufferView": 0,
            "byteOffset": 259920,
            "componentType": 5126,
            "count": 526,
            "max": [
                1.5796339511871338,
                0.9944151639938354
            ],
            "min": [
                0.006225228309631348,
                0.007053196430206299
            ],
            "type": "VEC2"
        },
        {
            "bufferView": 0,
            "byteOffset": 264128,
            "componentType": 5123,
            "count": 526,
            "max": [
                9,
                6,
                8,
                0
            ],
            "min": [
                0,
                0,
                0,
                0
            ],
            "type": "VEC4"
        },
        {
            "bufferView": 0,
            "byteOffset": 268336,
            "componentType": 5126,
            "count": 526,
            "max": [
                1,
                0.830878496170044,
                0.7264121174812317,
                0
            ],
            "min": [
                0.027514580637216568,
                0,
                0,
                0
            ],
            "type": "VEC4"
        },
        {
            "bufferView": 2,
            "byteOffset": 37776,
            "componentType": 5123,
            "count": 2064,
            "max": [
                525
            ],
            "min": [
                0
            ],
            "type": "SCALAR"
        },
        {
            "bufferView": 1,
            "byteOffset": 3456,
            "componentType": 5126,
            "count": 10,
            "max": [
                1,
                0.9999999999999925,
                0.40779379323798326,
                0,
                0.22979883725641864,
                0.8910854765639591,
                0.9666568756907483,
                0,
                0.8677723991895718,
                0.999999999999998,
                0.9999999999999661,
                0,
                136.34305672724344,
                128.7403357576154,
                200.5413976428213,
                1
            ],
            "min": [
                -9.55918295479006e-8,
                -0.8584585660316735,
                -0.21142659964221372,
                0,
                -0.9999999999999858,
                -0.9942633911780274,
                -0.999999999999998,
                0,
                -0.8537241259323712,
                -0.5002817768898199,
                -0.9983530156538142,
                0,
                -168.13198809922574,
                -128.7404023136505,
                -155.82949176856832,
                1
            ],
            "type": "MAT4"
        }
    ],
    "asset": {
        "generator": "ClayGL - fbx2gltf",
        "version": "2.0"
    },
    "bufferViews": [
        {
            "buffer": 0,
            "byteLength": 276752,
            "byteOffset": 0,
            "target": 34962
        },
        {
            "buffer": 0,
            "byteLength": 4096,
            "byteOffset": 276752,
            "target": 34962
        },
        {
            "buffer": 0,
            "byteLength": 41904,
            "byteOffset": 280848,
            "target": 34963
        }
    ],
    "buffers": [
        {
            "byteLength": 322752,
            "uri": "elder_titan.bin"
        }
    ],
    "images": [
        {
            "uri": "textures/elder_titan_color.png"
        },
        {
            "uri": "textures/elder_titan_bracer_color.png"
        },
        {
            "uri": "textures/elder_titan_hair_color.png"
        },
        {
            "uri": "textures/elder_titan_hammer_color.png"
        },
        {
            "uri": "textures/elder_titan_totem_color.png"
        },
        {
            "uri": "textures/elder_titan_shoulder_color.png"
        }
    ],
    "materials": [
        {
            "emissiveFactor": [
                0,
                0,
                0
            ],
            "name": "Material #35",
            "pbrMetallicRoughness": {
                "baseColorFactor": [
                    1,
                    1,
                    1,
                    1
                ],
                "baseColorTexture": {
                    "index": 0,
                    "texCoord": 0
                },
                "metallicFactor": 0,
                "roughnessFactor": 0.9230769230769231
            }
        },
        {
            "emissiveFactor": [
                0,
                0,
                0
            ],
            "name": "Material #46",
            "pbrMetallicRoughness": {
                "baseColorFactor": [
                    1,
                    1,
                    1,
                    1
                ],
                "baseColorTexture": {
                    "index": 1,
                    "texCoord": 0
                },
                "metallicFactor": 0,
                "roughnessFactor": 0.9230769230769231
            }
        },
        {
            "emissiveFactor": [
                0,
                0,
                0
            ],
            "name": "Material #57",
            "pbrMetallicRoughness": {
                "baseColorFactor": [
                    1,
                    1,
                    1,
                    1
                ],
                "baseColorTexture": {
                    "index": 2,
                    "texCoord": 0
                },
                "metallicFactor": 0,
                "roughnessFactor": 0.9230769230769231
            }
        },
        {
            "emissiveFactor": [
                0,
                0,
                0
            ],
            "name": "Material #68",
            "pbrMetallicRoughness": {
                "baseColorFactor": [
                    1,
                    1,
                    1,
                    1
                ],
                "baseColorTexture": {
                    "index": 3,
                    "texCoord": 0
                },
                "metallicFactor": 0,
                "roughnessFactor": 0.9230769230769231
            }
        },
        {
            "emissiveFactor": [
                0,
                0,
                0
            ],
            "name": "Material #90",
            "pbrMetallicRoughness": {
                "baseColorFactor": [
                    1,
                    1,
                    1,
                    1
                ],
                "baseColorTexture": {
                    "index": 4,
                    "texCoord": 0
                },
                "metallicFactor": 0,
                "roughnessFactor": 0.9230769230769231
            }
        },
        {
            "emissiveFactor": [
                0,
                0,
                0
            ],
            "name": "Material #101",
            "pbrMetallicRoughness": {
                "baseColorFactor": [
                    1,
                    1,
                    1,
                    1
                ],
                "baseColorTexture": {
                    "index": 5,
                    "texCoord": 0
                },
                "metallicFactor": 0,
                "roughnessFactor": 0.9230769230769231
            }
        }
    ],
    "meshes": [
        {
            "name": "elder_titan_model_LOD0",
            "primitives": [
                {
                    "attributes": {
                        "JOINTS_0": 3,
                        "NORMAL": 1,
                        "POSITION": 0,
                        "TEXCOORD_0": 2,
                        "WEIGHTS_0": 4
                    },
                    "indices": 5,
                    "material": 0
                }
            ]
        },
        {
            "name": "elder_titan_bracer_LOD0",
            "primitives": [
                {
                    "attributes": {
                        "JOINTS_0": 10,
                        "NORMAL": 8,
                        "POSITION": 7,
                        "TEXCOORD_0": 9,
                        "WEIGHTS_0": 11
                    },
                    "indices": 12,
                    "material": 1
                }
            ]
        },
        {
            "name": "elder_titan_hair_LOD0",
            "primitives": [
                {
                    "attributes": {
                        "JOINTS_0": 17,
                        "NORMAL": 15,
                        "POSITION": 14,
                        "TEXCOORD_0": 16,
                        "WEIGHTS_0": 18
                    },
                    "indices": 19,
                    "material": 2
                }
            ]
        },
        {
            "name": "elder_titan_hammer_LOD0",
            "primitives": [
                {
                    "attributes": {
                        "JOINTS_0": 24,
                        "NORMAL": 22,
                        "POSITION": 21,
                        "TEXCOORD_0": 23,
                        "WEIGHTS_0": 25
                    },
                    "indices": 26,
                    "material": 3
                }
            ]
        },
        {
            "name": "elder_titan_totem_LOD0",
            "primitives": [
                {
                    "attributes": {
                        "JOINTS_0": 31,
                        "NORMAL": 29,
                        "POSITION": 28,
                        "TEXCOORD_0": 30,
                        "WEIGHTS_0": 32
                    },
                    "indices": 33,
                    "material": 4
                }
            ]
        },
        {
            "name": "elder_titan_shoulder_LOD0",
            "primitives": [
                {
                    "attributes": {
                        "JOINTS_0": 38,
                        "NORMAL": 36,
                        "POSITION": 35,
                        "TEXCOORD_0": 37,
                        "WEIGHTS_0": 39
                    },
                    "indices": 40,
                    "material": 5
                }
            ]
        }
    ],
    "nodes": [
        {
            "children": [
                1,
                49,
                53,
                57,
                60
            ],
            "matrix": [
                1,
                0,
                0,
                0,
                0,
                1,
                4.371138850878258e-8,
                0,
                0,
                -4.371138850878258e-8,
                1,
                0,
                -0.16784699261188507,
                122.26323699951172,
                -22.9725341796875,
                1
            ],
            "name": "root"
        },
        {
            "children": [
                2
            ],
            "matrix": [
                6.123233995736847e-17,
                -6.617444900424222e-24,
                1.0000000000000133,
                0,
                1.0000000000000002,
                -1.6292068510376032e-7,
                -6.1232339957366e-17,
                0,
                1.6292068510376246e-7,
                1.0000000000000135,
                0,
                0,
                -0.3871390223503113,
                8.008918762207017,
                -2.4102230072021484,
                1
            ],
            "name": "spine0"
        },
        {
            "children": [
                3,
                19,
                22,
                39
            ],
            "matrix": [
                0.49696192145347606,
                -2.369699103610402e-7,
                0.8677723407745362,
                0,
                1.164894570760281e-7,
                1,
                2.0636643682792042e-7,
                0,
                -0.8677723407745362,
                -1.4699321270908206e-9,
                0.4969619214534755,
                0,
                2.5880393981933594,
                -0.000002682209014781556,
                22.94573974609375,
                1
            ],
            "name": "spine1"
        },
        {
            "children": [
                4,
                17
            ],
            "matrix": [
                -0.3979336023330689,
                0.8909962177276612,
                -0.21857425570487982,
                0,
                -0.08913297512378637,
                0.19957460558183437,
                0.9758204319064945,
                0,
                0.9130740430399442,
                0.4077938500459019,
                -2.9802322693006644e-7,
                0,
                41.573883056640625,
                17.259887695312496,
                16.327781677246094,
                1
            ],
            "name": "clavicle_L"
        },
        {
            "children": [
                5
            ],
            "matrix": [
                0.8057382106781001,
                -0.04994949698448167,
                -0.5901619195938109,
                0,
                -0.5386997124457247,
                -0.47592450106728146,
                -0.6951969270574176,
                0,
                -0.24614770332598054,
                0.8780665098023512,
                -0.4103782072056387,
                0,
                25.613082885742216,
                0.0000152587890625,
                -2.842170943040401e-14,
                1
            ],
            "name": "bicep_L"
        },
        {
            "children": [
                6,
                16
            ],
            "matrix": [
                0.5103225111961369,
                1.1920928952302567e-7,
                -0.8599831461906438,
                0,
                5.574031774376043e-7,
                0.9999998807906193,
                4.6938671571794544e-7,
                0,
                0.8599829974743762,
                -7.188959069981404e-7,
                0.5103224229463323,
                0,
                54.3687286376953,
                -2.842170943040401e-14,
                0.00004196166992898043,
                1
            ],
            "name": "elbow_L"
        },
        {
            "children": [
                7,
                10,
                13
            ],
            "matrix": [
                0.8668757677078249,
                0.47794204950332647,
                0.14176675677299494,
                0,
                -0.26904424131497606,
                0.20911655381240568,
                0.9401522751665592,
                0,
                0.4196923817955535,
                -0.8531364543309419,
                0.3098655200889352,
                0,
                51.809112548828125,
                -0.00006103515627842171,
                -0.00004577636719460543,
                1
            ],
            "name": "wrist_L"
        },
        {
            "children": [
                8
            ],
            "matrix": [
                0.6122984290122988,
                -0.16872915625572207,
                -0.7724123597145084,
                0,
                0.6595740077542945,
                -0.42968367474136426,
                0.6167124161986934,
                0,
                -0.43595030428955106,
                -0.887075072876129,
                -0.15180525840548748,
                0,
                9.589500427246094,
                -17.935585021972656,
                -11.409347534179702,
                1
            ],
            "name": "Thumb_0_L"
        },
        {
            "children": [
                9
            ],
            "matrix": [
                0.6428472399711609,
                -6.258487700583348e-7,
                -0.7659946084022522,
                0,
                2.9884069630004007e-7,
                1.0000002384185576,
                -5.662441980303079e-7,
                0,
                0.7659947776442013,
                1.3509815555146076e-7,
                0.6428473820043217,
                0,
                6.818679809570327,
                0.000003814697265625,
                -0.00002288818359375,
                1
            ],
            "name": "Thumb_1_L"
        },
        {
            "matrix": [
                0.9999994039535522,
                -2.980232231136748e-8,
                1.4901161249358807e-8,
                0,
                2.980232267218996e-8,
                0.999999642372138,
                4.6193599689825504e-7,
                0,
                -1.4901178471693477e-8,
                -4.6193599645416583e-7,
                0.9999996423721422,
                0,
                6.324798583984375,
                -0.0000038146972585195726,
                0.000007629394527697286,
                1
            ],
            "name": "Thumb_2_L"
        },
        {
            "children": [
                11
            ],
            "matrix": [
                0.9282965064048767,
                -0.005229145288467463,
                -0.3718039393424989,
                0,
                -0.039205847543396566,
                0.9929511535226136,
                -0.11185179270784733,
                0,
                0.36976805040587046,
                0.1184085203866271,
                0.9215481003814449,
                0,
                26.346065521240234,
                -6.45086669921875,
                2.0443649291992045,
                1
            ],
            "name": "Index_0_L"
        },
        {
            "children": [
                12
            ],
            "matrix": [
                0.24703179299831385,
                -6.705522544864229e-8,
                -0.9690073132514955,
                0,
                6.221519109894658e-7,
                1.000000119209103,
                8.940703290216678e-8,
                0,
                0.9690072073463742,
                -6.24955988626219e-7,
                0.24703176599966323,
                0,
                13.097831726074205,
                -0.000015258789076710855,
                -0.000011444091796875,
                1
            ],
            "name": "Index_1_L"
        },
        {
            "matrix": [
                1.0000002384185789,
                2.9802322384225866e-8,
                -4.4703483619706885e-8,
                0,
                -2.9802312173643486e-8,
                0.9999997615814207,
                -8.940696694104133e-8,
                0,
                4.470347026580557e-8,
                8.940698981163564e-8,
                0.9999999999999993,
                0,
                6.533206939697273,
                0.000022888183579539145,
                -0.000011444091796875,
                1
            ],
            "name": "Index_2_L"
        },
        {
            "children": [
                14
            ],
            "matrix": [
                0.746156215667725,
                -0.04583975672721863,
                -0.6641907691955569,
                0,
                -0.24359843049028362,
                0.9096524572395159,
                -0.33644058416236455,
                0,
                0.6196052414615864,
                0.41283314305518176,
                0.6675764733486267,
                0,
                21.216033935546875,
                8.227325439453118,
                1.504371643066392,
                1
            ],
            "name": "Mid_0_L"
        },
        {
            "children": [
                15
            ],
            "matrix": [
                0.26350840926170416,
                8.940696723247488e-8,
                -0.9646571874618529,
                0,
                6.971647977804807e-7,
                0.9999997615814233,
                2.831220628028014e-7,
                0,
                0.9646571874618088,
                -7.471302554407089e-7,
                0.26350840926162267,
                0,
                13.262168884277344,
                -0.000015258789048289145,
                0.00001144409179154593,
                1
            ],
            "name": "Mid_1_L"
        },
        {
            "matrix": [
                0.99999988079071,
                7.450580588597155e-8,
                -1.1920928963404798e-7,
                0,
                -7.450581306078785e-8,
                0.9999998807907187,
                -5.960464477539063e-8,
                0,
                1.1920927109332347e-7,
                5.960464655174746e-8,
                0.9999997615814165,
                0,
                9.111545562744144,
