{
    "accessors": {
        "attrbute_1": {
            "bufferView": "bufferView_7",
            "byteOffset": 0,
            "byteStride": 12,
            "count": 4395,
            "max": [
                103.09691619873047,
                55.83763885498047,
                194.92654418945312,
                0
            ],
            "min": [
                -120.34033203125,
                -65.23025512695312,
                -2.1990280151367188,
                0
            ],
            "type": 35665
        },
        "attrbute_2": {
            "bufferView": "bufferView_7",
            "byteOffset": 52740,
            "byteStride": 12,
            "count": 4395,
            "max": [
                0.9994690418243408,
                0.9997713565826416,
                0.9995133280754089,
                0
            ],
            "min": [
                -0.9996763467788696,
                -0.998845100402832,
                -0.9995760917663574,
                0
            ],
            "type": 35665
        },
        "attrbute_3": {
            "bufferView": "bufferView_7",
            "byteOffset": 105480,
            "byteStride": 8,
            "count": 4395,
            "max": [
                0.9989888072013855,
                0.9995558857917786
            ],
            "min": [
                0.0011222390457987785,
                -0.00002396106719970703
            ],
            "type": 35664
        },
        "attrbute_4": {
            "bufferView": "bufferView_7",
            "byteOffset": 140640,
            "byteStride": 16,
            "count": 4395,
            "max": [
                31,
                32,
                32,
                -1
            ],
            "min": [
                0,
                -1,
                -1,
                -1
            ],
            "type": 35666
        },
        "attrbute_5": {
            "bufferView": "bufferView_7",
            "byteOffset": 210960,
            "byteStride": 12,
            "count": 4395,
            "max": [
                1,
                0.9998869299888611,
                0.9324039220809937
            ],
            "min": [
                0.00011307320528430864,
                0,
                0
            ],
            "type": 35665
        },
        "indices_6": {
            "bufferView": "bufferView_9",
            "byteOffset": 0,
            "count": 20976,
            "type": 5123
        }
    },
    "animations": {},
    "asset": {},
    "bufferViews": {
        "bufferView_7": {
            "buffer": "tiny_03.bin",
            "byteLength": 263700,
            "byteOffset": 0,
            "target": 34962
        },
        "bufferView_8": {
            "buffer": "tiny_03.bin",
            "byteLength": 2112,
            "byteOffset": 263700
        },
        "bufferView_9": {
            "buffer": "tiny_03.bin",
            "byteLength": 41952,
            "byteOffset": 265812,
            "target": 34963
        }
    },
    "buffers": {
        "tiny_03.bin": {
            "byteLength": 307764,
            "path": "tiny_03.bin"
        }
    },
    "cameras": {},
    "images": {
        "image_0": {
            "path": "textures/tiny_03_color.png"
        }
    },
    "lights": {},
    "materials": {
        "Material #48": {
            "instanceTechnique": {
                "technique": "technique_0",
                "values": {
                    "ambient": [
                        0.5879999995231628,
                        0.5879999995231628,
                        0.5879999995231628
                    ],
                    "diffuse": "Map #8",
                    "emission": [
                        0,
                        0,
                        0
                    ],
                    "shininess": 2,
                    "specular": [
                        0.8999999761581421,
                        0.8999999761581421,
                        0.8999999761581421
                    ],
                    "transparency": 1
                }
            },
            "name": "Material #48"
        }
    },
    "meshes": {
        "tiny_03_model_LOD0-mesh": {
            "name": "tiny_03_model_LOD0-mesh",
            "primitives": [
                {
                    "attributes": {
                        "JOINT": "attrbute_4",
                        "NORMAL": "attrbute_2",
                        "POSITION": "attrbute_1",
                        "TEXCOORD_0": "attrbute_3",
                        "WEIGHT": "attrbute_5"
                    },
                    "indices": "indices_6",
                    "material": "Material #48"
                }
            ]
        }
    },
    "nodes": {
        "RootA2_0": {
            "children": [
                "RootA2_1"
            ],
            "jointId": "RootA2_0",
            "matrix": [
                -0.1498030722141266,
                -0.9855759739875792,
                0.0787337273359299,
                0,
                0.9887159380048173,
                -0.1493273206376769,
                0.011929647071731565,
                0,
                -4.769851958100843e-7,
                0.0796323951564479,
                0.9968244438443657,
                0,
                -13.562454223632812,
                0.06823921203613281,
                16.448610305786136,
                1
            ],
            "name": "RootA2_0"
        },
        "RootA2_1": {
            "children": [],
            "jointId": "RootA2_1",
            "matrix": [
                0.9157542586326599,
                -0.3265576362609862,
                0.23399671912193293,
                0,
                0.30577503339427414,
                0.9443526312698783,
                0.12124432409328051,
                0,
                -0.2605686919539553,
                -0.03947965374048361,
                0.9646481701295108,
                0,
                16.15556144714355,
                0.000003814697263848643,
                0.000003814697265625,
                1
            ],
            "name": "RootA2_1"
        },
        "RootB3_0": {
            "children": [],
            "jointId": "RootB3_0",
            "matrix": [
                6.123239612175229e-17,
                0,
                -1.000000119209367,
                0,
                1.0000000000000027,
                -3.5762781174770876e-7,
                6.12323770988007e-17,
                0,
                -3.5762779043148736e-7,
                -0.9999999403955183,
                -1.0587911840678754e-22,
                0,
                -12.821166992187498,
                3.795888900756836,
                -20.777690887451172,
                1
            ],
            "name": "RootB3_0"
        },
        "RootC4_0": {
            "children": [],
            "jointId": "RootC4_0",
            "matrix": [
                0.2074560970067978,
                -0.49001967906951927,
                0.8466656804084778,
                0,
                0.9782442436210863,
                0.10391907384904212,
                -0.17955179358509654,
                0,
                -8.010990613679322e-7,
                0.8654951248383758,
                0.5009176813424222,
                0,
                22.76580429077148,
                0.3679533004760742,
                -14.290318489074707,
                1
            ],
            "name": "RootC4_0"
        },
        "RootD5_0": {
            "children": [],
            "jointId": "RootD5_0",
            "matrix": [
                6.123239612175229e-17,
                0,
                -1.000000119209367,
                0,
                1.0000000000000027,
                -3.5762781174770876e-7,
                6.12323770988007e-17,
                0,
                -3.5762779043148736e-7,
                -0.9999999403955183,
                -1.0587911840678754e-22,
                0,
                15.08270263671875,
                -1.5102338790893555,
                17.463653564453125,
                1
            ],
            "name": "RootD5_0"
        },
        "Tree_1": {
            "children": [
                "RootA2_0",
                "RootB3_0",
                "RootC4_0",
                "RootD5_0",
                "TrunkA6_0",
                "TrunkB7_0"
            ],
            "jointId": "Tree_1",
            "matrix": [
                -0.16378486156463615,
                -0.8216261863708492,
                0.5459896922111512,
                0,
                -0.8792364694944816,
                -0.12939829991329516,
                -0.4584750567462321,
                0,
                0.447345238452495,
                -0.5551453082796234,
                -0.7012102060414985,
                0,
                57.6368751525879,
                95.62999725341797,
                -1.3239809274673318,
                1
            ],
            "name": "Tree_1"
        },
        "TrunkA6_0": {
            "children": [
                "TrunkA6_1"
            ],
            "jointId": "TrunkA6_0",
            "matrix": [
                -0.0006142228376120527,
                0.9843946695327759,
                0.17597419023513794,
                0,
                0.31587176392387084,
                -0.166773678252094,
                0.9340297876709566,
                0,
                0.9488015825754361,
                0.056158967008755355,
                -0.3108399708867262,
                0,
                -6.341841220855713,
                88.67530059814453,
                11.85984802246094,
                1
            ],
            "name": "TrunkA6_0"
        },
        "TrunkA6_1": {
            "children": [],
            "jointId": "TrunkA6_1",
            "matrix": [
                0.9857652783393861,
                4.023313522616423e-7,
                -0.16812717914581296,
                0,
                -4.837498777388038e-7,
                1.000000238418622,
                -4.4330955360598334e-7,
                0,
                0.16812722287173676,
                5.183306789821596e-7,
                0.9857655347149832,
                0,
                35.029693603515625,
                0.000025749206539416036,
                -0.000023365020752841303,
                1
            ],
            "name": "TrunkA6_1"
        },
        "TrunkB7_0": {
            "children": [
                "TrunkB7_1"
            ],
            "jointId": "TrunkB7_0",
            "matrix": [
                -0.025925662368536013,
                0.994997024536133,
                0.09648217260837556,
                0,
                0.3054025813166221,
                0.09978376130790004,
                -0.9469809698373091,
                0,
                -0.9518705042618997,
                0.0049147951708432384,
                -0.3064615885389891,
                0,
                0.47064638137817383,
                92.01398468017575,
                -3.749657154083252,
                1
            ],
            "name": "TrunkB7_0"
        },
        "TrunkB7_1": {
            "children": [
                "TrunkB7_2",
                "TrunkC8_0"
            ],
            "jointId": "TrunkB7_1",
            "matrix": [
                0.9965183734893801,
                4.395842552601392e-7,
                -0.08337577432394026,
                0,
                -4.7260495932011093e-7,
                0.9999998211861182,
                -3.763125318621092e-7,
                0,
                0.083375755291539,
                4.1440613610804755e-7,
                0.9965181460137663,
                0,
                36.032569885253906,
                0.000016212463380682607,
                2.220446049250313e-16,
                1
            ],
            "name": "TrunkB7_1"
        },
        "TrunkB7_2": {
            "children": [],
            "jointId": "TrunkB7_2",
            "matrix": [
                0.9985124468803406,
                -0.02624833583831787,
                0.047787088900804506,
                0,
                0.02621833733912117,
                0.9996554242452528,
                0.0012546302765990003,
                0,
                -0.04780355906002978,
                1.340698512703256e-7,
                0.9988566649207649,
                0,
                36.8286209106445,
                -0.0000019073486328125,
                0.00001430511474609375,
                1
            ],
            "name": "TrunkB7_2"
        },
        "TrunkC8_0": {
            "children": [
                "TrunkC8_1"
            ],
            "jointId": "TrunkC8_0",
            "matrix": [
                0.8685241937637331,
                0.15653902292251592,
                0.4702777564525605,
                0,
                0.3846826713740792,
                0.38541293758798845,
                -0.8387349098905564,
                0,
                -0.31254577971388825,
                0.9093689881375303,
                0.2745225277823644,
                0,
                0.06903076171876421,
                4.758420944213867,
                8.92023181915283,
                1
            ],
            "name": "TrunkC8_0"
        },
        "TrunkC8_1": {
            "children": [],
            "jointId": "TrunkC8_1",
            "matrix": [
                0.8950490951538091,
                0.3374772965908054,
                -0.291540563106537,
                0,
                -0.3528039835173927,
                0.9356973174614712,
                -9.778733112454838e-7,
                0,
                0.27279350926021007,
                0.10285759116965265,
                0.9565587802169777,
                0,
                48.1421813964844,
                0.00016403198242898043,
                0.000040054321285509786,
                1
            ],
            "name": "TrunkC8_1"
        },
        "ankle_R": {
            "children": [
                "toeBase_R"
            ],
            "jointId": "ankle_R",
            "matrix": [
                0.1739298403263091,
                -0.39503073692321755,
                0.9020527601242063,
                0,
                0.05737424240464712,
                0.9185236736729209,
                0.39118109989881816,
                0,
                -0.9830855193593462,
                -0.016283474943199927,
                0.1824232922696633,
                0,
                -28.646862030029304,
                0,
                -0.000011444091796875,
                1
            ],
            "name": "ankle_R"
        },
        "attach_bird": {
            "children": [],
            "jointId": "attach_bird",
            "matrix": [
                1,
                0,
                0,
                0,
                0,
                -4.371138844755023e-8,
                1,
                0,
                0,
                -1,
                -4.371138844755023e-8,
                0,
                0,
                0,
                0,
                1
            ],
            "name": "attach_bird"
        },
        "bicep_L": {
            "children": [
                "elbow_L"
            ],
            "jointId": "bicep_L",
            "matrix": [
                0.44418889284133933,
                -0.7381275296211245,
                -0.5078034400939941,
                0,
                -0.5577318099412624,
                -0.6713822164263462,
                0.4880380913454541,
                0,
                -0.7011644436390496,
                0.06643702221560958,
                -0.7098976189220154,
                0,
                40.42246627807617,
                0,
                0.000017166137702417927,
                1
            ],
            "name": "bicep_L"
        },
        "bicep_R": {
            "children": [
                "elbow_R",
                "deltoid_helper_jnt"
            ],
            "jointId": "bicep_R",
            "matrix": [
                0.6855658292770384,
                -0.6476019024848938,
                -0.33258217573165894,
                0,
                -0.7216254241141884,
                -0.5441246069623323,
                -0.428001294234833,
                0,
                0.09620831982895087,
                0.5334228882902254,
                -0.8403593490961908,
                0,
                -37.431091308593764,
                -0.0000457763671875,
                -3.552713678800501e-15,
                1
            ],
            "name": "bicep_R"
        },
        "clavicle_L": {
            "children": [
                "bicep_L"
            ],
            "jointId": "clavicle_L",
            "matrix": [
                0.4424296021461486,
                0.8152262568473817,
                -0.3737142384052277,
                0,
                0.17825845536031376,
                0.32846032516458296,
                0.9275437306597373,
                0,
                0.8789082336613694,
                -0.47699048850869014,
                -4.0233139148027064e-7,
                0,
                -7.007524490356445,
                13.752618789672852,
                5.7249298095703125,
                1
            ],
            "name": "clavicle_L"
        },
        "clavicle_R": {
            "children": [
                "bicep_R",
                "shoulder_helper_jnt"
            ],
            "jointId": "clavicle_R",
            "matrix": [
                -0.41275316476821894,
                0.8697674870491022,
                0.27044403553009033,
                0,
                -0.1159472158546739,
                0.2443280194456941,
                -0.9627357736646297,
                0,
                -0.9034330224103365,
                -0.42872932435233774,
                -4.470348635710053e-8,
                0,
                -4.594314575195309,
                -20.789396286010735,
                6.3708038330078125,
                1
            ],
            "name": "clavicle_R"
        },
        "deltoid_helper_jnt": {
            "children": [],
            "jointId": "deltoid_helper_jnt",
            "matrix": [
                0.5646300315856932,
                -0.6655558943748474,
                0.4880861937999726,
                0,
                0.8253179030291093,
                0.45060134416673914,
                -0.34030647689295707,
                0,
                0.006560686689534417,
                0.5949735393752232,
                0.803718257919574,
                0,
                0,
                0,
                -0.000015258789048289145,
                1
            ],
            "name": "deltoid_helper_jnt"
        },
        "elbow_L": {
            "children": [
                "wrist_L"
            ],
            "jointId": "elbow_L",
            "matrix": [
                0.6693862676620482,
                1.192092896062924e-7,
                -0.7429143190383908,
                0,
                8.844766407611893e-7,
                0.9999999999997221,
                9.573995125994328e-7,
                0,
                0.7429143783208259,
                -0.0000012979605512886128,
                0.6693863210769471,
                0,
                50.68634033203125,
                -0.000015258789048289145,
                0.000015258789066052714,
                1
            ],
            "name": "elbow_L"
        },
        "elbow_R": {
            "children": [
                "rt_elbow_helper_jnt",
                "wrist_R"
            ],
            "jointId": "elbow_R",
            "matrix": [
                0.8925609588623044,
                2.384185791015625e-7,
                -0.45092684030532837,
                0,
                -1.918358891184191e-7,
                0.9999999403953587,
                1.4901162195823936e-7,
                0,
                0.45092690065414226,
                -4.649801393225017e-8,
                0.8925610783162362,
                0,
                -46.83951568603517,
                -1.4210854715202004e-14,
                -0.000022888183579539145,
                1
            ],
            "name": "elbow_R"
        },
        "head": {
            "children": [
                "jaw1_0"
            ],
            "jointId": "head",
            "matrix": [
                0.9739822745323181,
                0.12202643603086473,
                -0.19096605479717257,
                0,
                -0.12431420869856334,
                0.9922431645310912,
                3.209931946330198e-7,
                0,
                0.18948475814640778,
                0.023739475892179063,
                0.9815966484939034,
                0,
                50.2349853515625,
                2.156455993652343,
                6.6038360595703125,
                1
            ],
            "name": "head"
        },
        "index_0_L": {
            "children": [
                "index_1_L"
            ],
            "jointId": "index_0_L",
            "matrix": [
                0.9421092867851261,
                0.054562009871006,
                -0.3308368027210238,
                0,
                0.33133041340052716,
                -1.9095048076067656e-7,
                0.9435148885281908,
                0,
                0.05147999025712903,
                -0.9985101378994022,
                -0.018078227834166155,
                0,
                24.167861938476562,
                -8.144943237304688,
                -11.597820281982418,
                1
            ],
            "name": "index_0_L"
        },
        "index_1_L": {
            "children": [],
            "jointId": "index_1_L",
            "matrix": [
                0.9814524054527283,
                -8.940696721859709e-8,
                -0.1917069852352143,
                0,
                9.255188909707002e-8,
                0.999999761581421,
                7.4505803471236476e-9,
                0,
                0.19170701340286544,
                -2.505524310247864e-8,
                0.9814525496582787,
                0,
                7.3961944580078125,
                -0.0000019073486363652137,
                0.00002288818359375,
                1
            ],
            "name": "index_1_L"
        },
        "jaw1_0": {
            "children": [],
            "jointId": "jaw1_0",
            "matrix": [
                0.9999998211860651,
                2.2119073239678734e-9,
                1.4901150535706607e-8,
                0,
                -2.2119084966435385e-9,
                1,
                5.215406062575313e-8,
                0,
                -1.4901151308524605e-8,
                -5.215405444146456e-8,
                0.9999998807907101,
                0,
                4.981536865234375,
                0,
                -2.5415496826171875,
                1
            ],
            "name": "jaw1_0"
        },
        "knee_L": {
            "children": [],
            "jointId": "knee_L",
            "matrix": [
                0.6328433752059932,
                8.940696721859709e-8,
                -0.7742801904678343,
                0,
                -5.059077969604697e-7,
                0.9999997019767761,
                -2.980231963711777e-7,
                0,
                0.7742801190007289,
                5.803165102208352e-7,
                0.6328433167937637,
                0,
                44.60223007202148,
                -0.000007629394524144573,
                -9.536743181826068e-7,
                1
            ],
            "name": "knee_L"
        },
        "knee_R": {
            "children": [
                "ankle_R"
            ],
            "jointId": "knee_R",
            "matrix": [
                0.7474935650825499,
                4.768371581753694e-7,
                -0.6642686724662783,
                0,
                -6.577780146677092e-7,
                1.0000002384184379,
                -2.2351741166271033e-8,
                0,
                0.6642687579586131,
                4.5364906153810836e-7,
                0.7474936612863747,
                0,
                -37.32741928100587,
                -0.0000038146972514141453,
                -0.000011444091795098643,
                1
            ],
            "name": "knee_R"
        },
        "low_rock_jnt": {
            "children": [],
            "jointId": "low_rock_jnt",
            "matrix": [
                -0.12431441992521294,
                0.992243409156799,
                -1.0578645523529453e-8,
                0,
                0.18948426159120674,
                0.023739776179162713,
                0.9815967064124893,
                0,
                0.9739822826668525,
                0.12202655049117454,
                -0.19096559249440986,
                0,
                21.752798080444332,
                -38.491035461425774,
                7.005096435546875,
                1
            ],
            "name": "low_rock_jnt"
        },
        "mid_0_L": {
            "children": [
                "mid_1_L"
            ],
            "jointId": "mid_0_L",
            "matrix": [
                0.9749725461006165,
                0.21967627108097074,
                0.03421810269355774,
                0,
                0.09993422724245243,
                -0.29553884968203065,
                -0.9500893667486774,
                0,
                -0.1985993083301763,
                0.929730598074344,
                -0.31009543963865227,
                0,
                26.268222808837898,
                -8.22884368896483,
                2.493686676025394,
                1
            ],
            "name": "mid_0_L"
        },
        "mid_1_L": {
            "children": [],
            "jointId": "mid_1_L",
            "matrix": [
                0.9996984601020817,
                -5.960464478649286e-7,
                -0.024565562605857905,
                0,
                6.103236889765107e-7,
                1.000000119209157,
                5.736947081003141e-7,
                0,
                0.024565561231652405,
                -5.885145579198614e-7,
                0.9996984041929068,
                0,
                7.494636535644531,
                -0.000009536743160509786,
                -0.00002288818359375,
                1
            ],
            "name": "mid_1_L"
        },
        "mid_rock_jnt": {
            "children": [],
            "jointId": "mid_rock_jnt",
            "matrix": [
                -0.12431441992521294,
                0.992243409156799,
                -1.0578645523529453e-8,
                0,
                0.18948426159120674,
                0.023739776179162713,
                0.9815967064124893,
                0,
                0.9739822826668525,
                0.12202655049117454,
                -0.19096559249440986,
                0,
                19.394502639770504,
                -35.51045989990234,
                14.957351684570312,
                1
            ],
            "name": "mid_rock_jnt"
        },
        "neck1": {
            "children": [],
            "jointId": "neck1",
            "matrix": [
                0.9273173809051514,
                0.11618000268936156,
                0.3557876944541931,
                0,
                -0.12431429086313307,
                0.9922431589042822,
                -2.883100942101485e-8,
                0,
                -0.3530278256952156,
                -0.04422945773716313,
                0.9345669409372719,
                0,
                33.022789001464844,
                0.000008583068848544428,
                0,
                1
            ],
            "name": "neck1"
        },
        "neck_rock_jnt": {
            "children": [],
            "jointId": "neck_rock_jnt",
            "matrix": [
                -0.12431441992521294,
                0.992243409156799,
                -1.0578645523529453e-8,
                0,
                0.18948426159120674,
                0.023739776179162713,
                0.9815967064124893,
                0,
                0.9739822826668525,
                0.12202655049117454,
                -0.19096559249440986,
                0,
                20.95433235168456,
                -13.985211372375485,
                25.6944580078125,
                1
            ],
            "name": "neck_rock_jnt"
        },
        "ring_0_L": {
            "children": [
                "ring_1_L"
            ],
            "jointId": "ring_0_L",
            "matrix": [
                0.9415537118911744,
                0.284330129623413,
                0.18064635992050182,
                0,
                -0.3193831492074488,
                0.5829819264050995,
                0.7470787842516653,
                0,
                0.1071034092269218,
                -0.7611099539085073,
                0.6397188373434413,
                0,
                21.48088455200196,
                0.8841171264648438,
                14.64325141906739,
                1
            ],
            "name": "ring_0_L"
        },
        "ring_1_L": {
            "children": [],
            "jointId": "ring_1_L",
            "matrix": [
                0.9838010072708131,
                4.991889000216521e-7,
                -0.1792636215686798,
                0,
                -4.863653600695184e-7,
                0.9999998211860681,
                1.1548399739269577e-7,
                0,
                0.17926361869556035,
                -2.6425661422968538e-8,
                0.9838009915030239,
                0,
                5.750766754150391,
                3.552713678800501e-15,
                0.000015258789076710855,
                1
            ],
            "name": "ring_1_L"
        },
        "root": {
            "children": [
                "spine1",
                "thigh_R",
                "thigh_L"
            ],
            "jointId": "root",
            "matrix": [
                -1.629206851037603e-7,
                -1.0000000000000002,
                0,
                0,
                1.0000000000000002,
                -1.629206851037603e-7,
                0,
                0,
                0,
                0,
                1,
                0,
                3.4701271057128906,
                26.569580078125,
                73.44403076171875,
                1
            ],
            "name": "root"
        },
        "rt_elbow_helper_jnt": {
            "children": [],
            "jointId": "rt_elbow_helper_jnt",
            "matrix": [
                0.2838750779628753,
                -0.6655563116073607,
                0.6902530789375306,
                0,
                0.890099794927841,
                0.45060103837953464,
                0.06841435101330945,
                0,
                -0.3565624684520039,
                0.5949731803630989,
                0.7203261660542501,
                0,
                -9.123138427734375,
                -10.843070983886719,
                9.158805847167983,
                1
            ],
            "name": "rt_elbow_helper_jnt"
        },
        "shoulder_helper_jnt": {
            "children": [],
            "jointId": "shoulder_helper_jnt",
            "matrix": [
                0.9143314361572263,
                0.2568463385105132,
                -0.3130942583084105,
                0,
                0.20790442180221932,
                -0.9611884070853941,
                -0.18136447060884936,
                0,
                -0.34752527770190994,
                0.10073352891260318,
                -0.9322440142232414,
                0,
                -22.846952438354503,
                -16.41798400878909,
                -18.178390502929695,
                1
            ],
            "name": "shoulder_helper_jnt"
        },
        "spine1": {
            "children": [
                "spine2"
            ],
            "jointId": "spine1",
            "matrix": [
                0.05579519271850544,
                0.033277884125709284,
                0.9978872537612917,
                0,
                -0.0018578602440843016,
                0.999446212861612,
                -0.03322599368430881,
                0,
                -0.9984402650375669,
                -8.433595643730497e-8,
                0.055826116229293996,
                0,
                -5.370380401611325,
                0,
                18.149581909179688,
                1
            ],
            "name": "spine1"
        },
        "spine2": {
            "children": [
                "spine3"
            ],
            "jointId": "spine2",
            "matrix": [
                0.8815945982933044,
                0.009356267750263221,
                -0.47191530466079734,
                0,
                -0.0008304887334037031,
                0.9998326897468243,
                0.018271388709511546,
                0,
                0.4720073148732562,
                -0.015716037727997283,
                0.8814548957873385,
                0,
                33.643959045410156,
                -2.384185786574733e-7,
                0,
                1
            ],
            "name": "spine2"
        },
        "spine3": {
            "children": [
                "clavicle_R",
                "top_rock_jnt",
                "mid_rock_jnt",
                "low_rock_jnt",
                "neck_rock_jnt",
                "clavicle_L",
                "head",
                "neck1"
            ],
            "jointId": "spine3",
            "matrix": [
                0.6636477112770078,
                -0.15010188519954676,
                -0.7328312397003175,
                0,
                0.12213638349242648,
                0.9882574194566752,
                -0.09181345814624581,
                0,
                0.7380073813877911,
                -0.028573569773464185,
                0.6741877658701694,
                0,
                28.93871307373047,
                -0.0000023841857919038034,
                -0.00000762939453125,
                1
            ],
            "name": "spine3"
        },
        "thigh_L": {
            "children": [
                "knee_L"
            ],
            "jointId": "thigh_L",
            "matrix": [
                0.4506688416004184,
                0.22881098091602342,
                -0.8628690242767336,
                0,
                -0.020253771532009468,
                0.96896505467417,
                0.24636659202961128,
                0,
                0.8924612394815226,
                -0.09355338686600899,
                0.4413166077815493,
                0,
                -0.7838172912597656,
                20.570283889770504,
                -0.7162322998046875,
                1
            ],
            "name": "thigh_L"
        },
        "thigh_R": {
            "children": [
                "knee_R"
            ],
            "jointId": "thigh_R",
            "matrix": [
                -0.1968455910682677,
                0.30273601412773116,
                0.9325249791145325,
                0,
                0.32131932138995567,
                0.9185238361168179,
                -0.23036375228322337,
                0,
                -0.9262858505023687,
                0.2542922114200157,
                -0.2780823056295677,
                0,
                1.3225269317626953,
                -23.182676315307614,
                -2.3956146240234375,
                1
            ],
            "name": "thigh_R"
        },
        "thumb_0_L": {
            "children": [],
            "jointId": "thumb_0_L",
            "matrix": [
                0.6523784995079043,
                -0.15576621890068057,
                -0.7417138218879704,
                0,
                0.7214345142104234,
                -0.17225453682195754,
                0.6707166417591643,
                0,
                -0.23223852247099536,
                -0.9726588844617715,
                -2.980232519100845e-8,
                0,
                2.6492271423339844,
                -1.690399169921875,
                -10.501014709472646,
                1
            ],
            "name": "thumb_0_L"
        },
        "thumb_1_L": {
            "children": [],
            "jointId": "thumb_1_L",
            "matrix": [
                0.6523783206939697,
                -0.15576694905757904,
                -0.7417142391204836,
                0,
                0.7214346031182349,
                -0.17225509293245528,
                0.6707164550978811,
                0,
                -0.2322393990547083,
                -0.9726587231745394,
                1.7881394767660375e-7,
                0,
                7.533412933349609,
                -2.8566131591796875,
                -16.054058074951175,
                1
            ],
            "name": "thumb_1_L"
        },
        "tiny_03_model_LOD0": {
            "children": [],
            "instanceSkin": {
                "skeletons": [
                    "root"
                ],
                "skin": "skin_0",
                "sources": [
                    "tiny_03_model_LOD0-mesh"
                ]
            },
            "matrix": [
                1,
                0,
                0,
                0,
                0,
                1,
                0,
                0,
                0,
                0,
                1,
                0,
                0,
                0,
                0,
                1
            ],
            "name": "tiny_03_model_LOD0"
        },
        "toeBase_R": {
            "children": [],
            "jointId": "toeBase_R",
            "matrix": [
                -0.7669916152954102,
                -0.22952561080455788,
                -0.5992015600204471,
                0,
                -0.18087285207393078,
                0.9733025162156439,
                -0.14130452790184275,
                0,
                0.6156374572942228,
                -9.297595238838442e-8,
                -0.7880299017412105,
                0,
                -14.634660720825202,
                -7.105427357601002e-15,
                0.000007629394527697286,
                1
            ],
            "name": "toeBase_R"
        },
        "top_rock_jnt": {
            "children": [],
            "jointId": "top_rock_jnt",
            "matrix": [
                -0.12431441992521294,
                0.992243409156799,
                -1.0578645523529453e-8,
                0,
                0.18948426159120674,
                0.023739776179162713,
                0.9815967064124893,
                0,
                0.9739822826668525,
                0.12202655049117454,
                -0.19096559249440986,
                0,
                6.652763366699215,
                -26.571918487548828,
                17.200836181640625,
                1
            ],
            "name": "top_rock_jnt"
        },
        "vsDmxIO Scene": {
            "children": [],
            "jointId": "vsDmxIO Scene",
            "matrix": [
                1,
                0,
                0,
                0,
                0,
                -4.371138844755023e-8,
                1,
                0,
                0,
                -1,
                -4.371138844755023e-8,
                0,
                0,
                0,
                0,
