{
    "accessors": [
        {
            "bufferView": 0,
            "byteOffset": 0,
            "componentType": 5126,
            "count": 4395,
            "max": [
                103.09691619873047,
                55.83763885498047,
                194.92654418945312
            ],
            "min": [
                -120.34033203125,
                -65.23025512695312,
                -2.1990280151367188
            ],
            "type": "VEC3"
        },
        {
            "bufferView": 0,
            "byteOffset": 52740,
            "componentType": 5126,
            "count": 4395,
            "max": [
                0.9994690418243408,
                0.9997713565826416,
                0.9995133280754089
            ],
            "min": [
                -0.9996763467788696,
                -0.998845100402832,
                -0.9995760917663574
            ],
            "type": "VEC3"
        },
        {
            "bufferView": 0,
            "byteOffset": 105480,
            "componentType": 5126,
            "count": 4395,
            "max": [
                0.9989888072013855,
                1.0000239610671997
            ],
            "min": [
                0.0011222390457987785,
                0.00044411420822143555
            ],
            "type": "VEC2"
        },
        {
            "bufferView": 0,
            "byteOffset": 140640,
            "componentType": 5123,
            "count": 4395,
            "max": [
                31,
                32,
                32,
                0
            ],
            "min": [
                0,
                0,
                0,
                0
            ],
            "type": "VEC4"
        },
        {
            "bufferView": 0,
            "byteOffset": 175800,
            "componentType": 5126,
            "count": 4395,
            "max": [
                1,
                0.9998869299888611,
                0.9324039220809937,
                0
            ],
            "min": [
                0.00011307320528430864,
                0,
                0,
                0
            ],
            "type": "VEC4"
        },
        {
            "bufferView": 2,
            "byteOffset": 0,
            "componentType": 5123,
            "count": 20976,
            "max": [
                4394
            ],
            "min": [
                0
            ],
            "type": "SCALAR"
        },
        {
            "bufferView": 1,
            "byteOffset": 0,
            "componentType": 5126,
            "count": 33,
            "max": [
                1.000000178813802,
                0.9999999999999936,
                0.9570863649965126,
                0,
                0.7880297612373274,
                0.990373650253411,
                0.9984407462143783,
                0,
                0.997887760447325,
                1.000000178813941,
                1,
                0,
                109.1388795253734,
                154.76246797975807,
                92.61166367327459,
                1
            ],
            "min": [
                -0.5264906800943657,
                -0.9087165487652027,
                -0.9082980471608179,
                0,
                -1.0000000596046401,
                -0.8749849449210909,
                -1.0000001192085564,
                0,
                -0.9474621943702582,
                -0.9611879713861279,
                -0.7880295842650719,
                0,
                -93.7971358954276,
                -178.7135061855006,
                -165.90565046620543,
                1
            ],
            "type": "MAT4"
        }
    ],
    "asset": {
        "generator": "ClayGL - fbx2gltf",
        "version": "2.0"
    },
    "bufferViews": [
        {
            "buffer": 0,
            "byteLength": 246120,
            "byteOffset": 0,
            "target": 34962
        },
        {
            "buffer": 0,
            "byteLength": 2112,
            "byteOffset": 246120,
            "target": 34962
        },
        {
            "buffer": 0,
            "byteLength": 41952,
            "byteOffset": 248232,
            "target": 34963
        }
    ],
    "buffers": [
        {
            "byteLength": 290184,
            "uri": "tiny_03.bin"
        }
    ],
    "images": [
        {
            "uri": "textures/tiny_03_color.png"
        }
    ],
    "materials": [
        {
            "emissiveFactor": [
                0,
                0,
                0
            ],
            "name": "Material #48",
            "pbrMetallicRoughness": {
                "baseColorFactor": [
                    1,
                    1,
                    1,
                    1
                ],
                "baseColorTexture": {
                    "index": 0,
                    "texCoord": 0
                },
                "metallicFactor": 0,
                "roughnessFactor": 0.9230769230769231
            }
        }
    ],
    "meshes": [
        {
            "name": "tiny_03_model_LOD0",
            "primitives": [
                {
                    "attributes": {
                        "JOINTS_0": 3,
                        "NORMAL": 1,
                        "POSITION": 0,
                        "TEXCOORD_0": 2,
                        "WEIGHTS_0": 4
                    },
                    "indices": 5,
                    "material": 0
                }
            ]
        }
    ],
    "nodes": [
        {
            "matrix": [
                1,
                0,
                0,
                0,
                0,
                1,
                4.371138850878258e-8,
                0,
                0,
                -4.371138850878258e-8,
                1,
                0,
                0,
                0,
                0,
                1
            ],
            "name": "vsDmxIO Scene"
        },
        {
            "children": [
                2,
                44,
                48
            ],
            "matrix": [
                1.6292068478213574e-7,
                1.469367938527879e-39,
                1.0000000000000002,
                0,
                1.0000000000000002,
                6.123233995736847e-17,
                -1.6292068478213574e-7,
                0,
                -6.123233995736685e-17,
                1,
                9.976014756666736e-24,
                0,
                3.4701271057128906,
                73.44403076171875,
                -26.569580078125,
                1
            ],
            "name": "root"
        },
        {
            "children": [
                3
            ],
            "matrix": [
                0.05579519271850544,
                0.033277884125709284,
                0.9978872537612917,
                0,
                -0.0018578602440843016,
                0.9994462128616118,
                -0.03322599368430881,
                0,
                -0.9984402650375668,
                -8.433595643710918e-8,
                0.055826116229293996,
                0,
                -5.370380401611325,
                0,
                18.149581909179688,
                1
            ],
            "name": "spine1"
        },
        {
            "children": [
                4
            ],
            "matrix": [
                0.8815945982933042,
                0.009356267750263237,
                -0.4719153046607971,
                0,
                -0.0008304887334036975,
                0.999832689746824,
                0.018271388709511543,
                0,
                0.472007314873256,
                -0.015716037727997272,
                0.8814548957873382,
                0,
                33.643959045410156,
                -2.3841857915707365e-7,
                0,
                1
            ],
            "name": "spine2"
        },
        {
            "children": [
                5,
                12,
                13,
                14,
                15,
                16,
                41,
                43
            ],
            "matrix": [
                0.663647711277008,
                -0.1501018851995468,
                -0.7328312397003173,
                0,
                0.12213638349242648,
                0.9882574194566753,
                -0.0918134581462458,
                0,
                0.7380073813877914,
                -0.028573569773464206,
                0.6741877658701694,
                0,
                28.93871307373047,
                -0.000002384185791459714,
                -0.00000762939453125,
                1
            ],
            "name": "spine3"
        },
        {
            "children": [
                6,
                11
            ],
            "matrix": [
                -0.412753164768219,
                0.8697674870491025,
                0.2704440355300904,
                0,
                -0.11594721585467391,
                0.24432801944569416,
                -0.9627357736646297,
                0,
                -0.9034330224103367,
                -0.42872932435233774,
                -4.470348641261168e-8,
                0,
                -4.594314575195311,
                -20.78939628601075,
                6.3708038330078125,
                1
            ],
            "name": "clavicle_R"
        },
        {
            "children": [
                7,
                10
            ],
            "matrix": [
                0.6855658292770384,
                -0.6476019024848939,
                -0.33258217573165894,
                0,
                -0.7216254241141882,
                -0.5441246069623323,
                -0.4280012942348328,
                0,
                0.09620831982895078,
                0.5334228882902254,
                -0.8403593490961906,
                0,
                -37.43109130859375,
                -0.0000457763671875,
                3.552713678800501e-15,
                1
            ],
            "name": "bicep_R"
        },
        {
            "children": [
                8,
                9
            ],
            "matrix": [
                0.8925609588623044,
                2.3841857907380692e-7,
                -0.45092684030532804,
                0,
                -1.918358889800749e-7,
                0.9999999403953583,
                1.4901162204150609e-7,
                0,
                0.45092690065414215,
                -4.6498013883677913e-8,
                0.8925610783162361,
                0,
                -46.83951568603517,
                0,
                -0.000022888183579539145,
                1
            ],
            "name": "elbow_R"
        },
        {
            "matrix": [
                0.2838750779628753,
                -0.6655563116073607,
                0.6902530789375304,
                0,
                0.8900997949278406,
                0.4506010383795346,
                0.06841435101330941,
                0,
                -0.3565624684520037,
                0.5949731803630987,
                0.7203261660542501,
                0,
                -9.12313842773439,
                -10.843070983886719,
                9.158805847167969,
                1
            ],
            "name": "rt_elbow_helper_jnt"
        },
        {
            "matrix": [
                0.2838750779628753,
                -0.6655563116073607,
                0.6902530789375304,
                0,
                0.8900997949278406,
                0.4506010383795346,
                0.06841435101330941,
                0,
                -0.3565624684520037,
                0.5949731803630987,
                0.7203261660542501,
                0,
                -99.06649780273436,
                0.000030517578110789145,
                -0.00006866455078835543,
                1
            ],
            "name": "wrist_R"
        },
        {
            "matrix": [
                0.5646300315856934,
                -0.6655558943748473,
                0.4880861937999723,
                0,
                0.8253179030291093,
                0.4506013441667392,
                -0.34030647689295684,
                0,
                0.006560686689534266,
                0.594973539375223,
                0.8037182579195737,
                0,
                0,
                0,
                -0.000015258789048289145,
                1
            ],
            "name": "deltoid_helper_jnt"
        },
        {
            "matrix": [
                0.9143314361572262,
                0.2568463385105132,
                -0.31309425830841064,
                0,
                0.2079044218022194,
                -0.9611884070853947,
                -0.18136447060884942,
                0,
                -0.3475252777019099,
                0.10073352891260312,
                -0.9322440142232415,
                0,
                -22.84695243835449,
                -16.41798400878909,
                -18.178390502929688,
                1
            ],
            "name": "shoulder_helper_jnt"
        },
        {
            "matrix": [
                -0.124314419925213,
                0.9922434091567992,
                -1.0578645513819835e-8,
                0,
                0.18948426159120682,
                0.023739776179162717,
                0.9815967064124895,
                0,
                0.973982282666853,
                0.12202655049117457,
                -0.1909655924944099,
                0,
                6.652763366699217,
                -26.57191848754883,
                17.200836181640653,
                1
            ],
            "name": "top_rock_jnt"
        },
        {
            "matrix": [
                -0.124314419925213,
                0.9922434091567992,
                -1.0578645513819835e-8,
                0,
                0.18948426159120682,
                0.023739776179162717,
                0.9815967064124895,
                0,
                0.973982282666853,
                0.12202655049117457,
                -0.1909655924944099,
                0,
                19.394502639770515,
                -35.51045989990235,
                14.957351684570312,
                1
            ],
            "name": "mid_rock_jnt"
        },
        {
            "matrix": [
                -0.124314419925213,
                0.9922434091567992,
                -1.0578645513819835e-8,
                0,
                0.18948426159120682,
                0.023739776179162717,
                0.9815967064124895,
                0,
                0.973982282666853,
                0.12202655049117457,
                -0.1909655924944099,
                0,
                21.752798080444343,
                -38.49103546142579,
                7.005096435546903,
                1
            ],
            "name": "low_rock_jnt"
        },
        {
            "matrix": [
                -0.124314419925213,
                0.9922434091567992,
                -1.0578645513819835e-8,
                0,
                0.18948426159120682,
                0.023739776179162717,
                0.9815967064124895,
                0,
                0.973982282666853,
                0.12202655049117457,
                -0.1909655924944099,
                0,
                20.954332351684585,
                -13.985211372375488,
                25.6944580078125,
                1
            ],
            "name": "neck_rock_jnt"
        },
        {
            "children": [
                17
            ],
            "matrix": [
                0.4424296021461488,
                0.8152262568473817,
                -0.37371423840522755,
                0,
                0.17825845536031373,
                0.3284603251645829,
                0.9275437306597375,
                0,
                0.8789082336613695,
                -0.4769904885086903,
                -4.0233139148027064e-7,
                0,
                -7.0075244903564435,
                13.752618789672859,
                5.7249298095703125,
                1
            ],
            "name": "clavicle_L"
        },
        {
            "children": [
                18
            ],
            "matrix": [
                0.4441888928413393,
                -0.7381275296211245,
                -0.5078034400939941,
                0,
                -0.5577318099412623,
                -0.6713822164263464,
                0.488038091345454,
                0,
                -0.7011644436390496,
                0.06643702221560967,
                -0.7098976189220154,
                0,
                40.42246627807618,
                0,
                0.000017166137699753392,
                1
            ],
            "name": "bicep_L"
        },
        {
            "children": [
                19
            ],
            "matrix": [
                0.6693862676620483,
                1.1920928956465904e-7,
                -0.7429143190383909,
                0,
                8.844766407611893e-7,
                0.9999999999997226,
                9.573995126063717e-7,
                0,
                0.742914378320826,
                -0.0000012979605512018766,
                0.6693863210769472,
                0,
                50.686340332031264,
                -0.0000152587890625,
                0.000015258789060723643,
                1
            ],
            "name": "elbow_L"
        },
        {
            "children": [
                20,
                22,
                24,
                26,
                39,
                40
            ],
            "matrix": [
                0.8411778211593628,
                0.5280016660690308,
                0.11676508188247675,
                0,
                -0.5357254595471548,
                0.7842972009689345,
                0.3128516283092815,
                0,
                0.0736076645980534,
                -0.3257179247038108,
                0.9425974804326918,
                0,
                50.88004302978515,
                0,
                0.000019073486328125,
                1
            ],
            "name": "wrist_L"
        },
        {
            "children": [
                21
            ],
            "matrix": [
                0.942109286785126,
                0.05456200987100601,
                -0.33083680272102356,
                0,
                0.33133041340052727,
                -1.9095048076067656e-7,
                0.9435148885281905,
                0,
                0.05147999025712893,
                -0.9985101378994026,
                -0.01807822783416624,
                0,
                24.16786193847657,
                -8.144943237304688,
                -11.597820281982422,
                1
            ],
            "name": "index_0_L"
        },
        {
            "matrix": [
                0.9814524054527284,
                -8.940696721859709e-8,
                -0.1917069852352144,
                0,
                9.255188909707002e-8,
                0.9999997615814211,
                7.4505804303903744e-9,
                0,
                0.19170701340286542,
                -2.5055243213500944e-8,
                0.9814525496582784,
                0,
                7.39619445800782,
                -0.0000019073486328125,
                0.000022888183579539145,
                1
            ],
            "name": "index_1_L"
        },
        {
            "children": [
                23
            ],
            "matrix": [
                0.9415537118911743,
                0.284330129623413,
                0.18064635992050151,
                0,
                -0.31938314920744876,
                0.5829819264050996,
                0.7470787842516652,
                0,
                0.10710340922692198,
                -0.7611099539085073,
                0.6397188373434411,
                0,
                21.48088455200196,
                0.8841171264648438,
                14.643251419067383,
                1
            ],
            "name": "ring_0_L"
        },
        {
            "matrix": [
                0.9838010072708128,
                4.991888999938965e-7,
                -0.17926362156867975,
                0,
                -4.863653600417628e-7,
                0.9999998211860683,
                1.15483997410043e-7,
                0,
                0.1792636186955604,
                -2.642566140909075e-8,
                0.9838009915030239,
                0,
                5.7507667541503835,
                0,
                0.000015258789076710855,
                1
            ],
            "name": "ring_1_L"
        },
        {
            "children": [
                25
            ],
            "matrix": [
                0.9749725461006162,
                0.21967627108097085,
                0.034218102693557684,
                0,
                0.09993422724245254,
                -0.2955388496820308,
                -0.950089366748677,
                0,
                -0.19859930833017628,
                0.929730598074344,
                -0.3100954396386521,
                0,
                26.2682228088379,
                -8.228843688964815,
                2.4936866760253835,
                1
            ],
            "name": "mid_0_L"
        },
        {
            "matrix": [
                0.9996984601020812,
                -5.960464477539062e-7,
                -0.024565562605857794,
                0,
                6.103236890320218e-7,
                1.0000001192091572,
                5.736947080725585e-7,
                0,
                0.02456556123165221,
                -5.885145579198614e-7,
                0.9996984041929063,
                0,
                7.494636535644531,
                -0.0000095367431640625,
                -0.000022888183579539145,
                1
            ],
            "name": "mid_1_L"
        },
        {
            "children": [
                27,
                29,
                30,
                31,
                32,
                34
            ],
            "matrix": [
                -0.1637848615646362,
                -0.8216261863708493,
                0.5459896922111511,
                0,
                -0.8792364694944815,
                -0.12939829991329513,
                -0.4584750567462318,
                0,
                0.44734523845249513,
                -0.5551453082796236,
                -0.7012102060414988,
                0,
                57.63687515258791,
                95.629997253418,
                -1.3239809274673418,
                1
            ],
            "name": "Tree_1"
        },
        {
            "children": [
                28
            ],
            "matrix": [
                -0.14980307221412653,
                -0.985575973987579,
                0.07873372733592986,
                0,
                0.9887159380048169,
                -0.14932732063767687,
                0.011929647071731558,
                0,
                -4.769851958101839e-7,
                0.0796323951564479,
                0.9968244438443653,
                0,
                -13.56245422363281,
                0.06823921203613278,
                16.44861030578613,
                1
            ],
            "name": "RootA2_0"
        },
        {
            "matrix": [
                0.9157542586326599,
                -0.32655763626098616,
                0.23399671912193298,
                0,
                0.3057750333942741,
                0.9443526312698781,
                0.12124432409328045,
                0,
                -0.26056869195395527,
                -0.03947965374048357,
                0.9646481701295104,
                0,
                16.155561447143548,
                0.000003814697265625,
                0.000003814697265625,
                1
            ],
            "name": "RootA2_1"
        },
        {
            "matrix": [
                6.123232939436859e-17,
                -1.0587911840678754e-22,
                -1.0000001192093668,
                0,
                1.0000000000000024,
                -3.576278117477086e-7,
                6.123227645480939e-17,
                0,
                -3.5762779043148725e-7,
                -0.9999999403955181,
                0,
                0,
                -12.821166992187498,
                3.7958889007568346,
                -20.777690887451165,
                1
            ],
            "name": "RootB3_0"
        },
        {
            "matrix": [
                0.2074560970067977,
                -0.4900196790695192,
                0.8466656804084776,
                0,
                0.978244243621086,
                0.1039190738490421,
                -0.17955179358509651,
                0,
                -8.010990613771017e-7,
                0.8654951248383754,
                0.5009176813424222,
                0,
                22.765804290771477,
                0.3679533004760741,
                -14.290318489074703,
                1
            ],
            "name": "RootC4_0"
        },
        {
            "matrix": [
                6.123232939436859e-17,
                -1.0587911840678754e-22,
                -1.0000001192093668,
                0,
                1.0000000000000024,
                -3.576278117477086e-7,
                6.123227645480939e-17,
                0,
                -3.5762779043148725e-7,
                -0.9999999403955181,
                0,
                0,
                15.082702636718745,
                -1.5102338790893548,
                17.46365356445312,
                1
            ],
            "name": "RootD5_0"
        },
        {
            "children": [
                33
            ],
            "matrix": [
                -0.0006142228376120407,
                0.9843946695327754,
                0.17597419023513788,
                0,
                0.31587176392387084,
                -0.16677367825209397,
                0.9340297876709562,
                0,
                0.948801582575436,
                0.056158967008755334,
                -0.31083997088672616,
                0,
                -6.34184122085571,
                88.67530059814452,
                11.859848022460932,
                1
            ],
            "name": "TrunkA6_0"
        },
        {
            "matrix": [
                0.985765278339386,
                4.0233135228939787e-7,
                -0.16812717914581293,
                0,
                -4.837498777388038e-7,
                1.0000002384186215,
                -4.433095535660847e-7,
                0,
                0.1681272228717367,
                5.183306790446096e-7,
                0.9857655347149832,
                0,
                35.02969360351561,
                0.000025749206541192393,
                -0.000023365020751953125,
                1
            ],
            "name": "TrunkA6_1"
        },
        {
            "children": [
                35
            ],
            "matrix": [
                -0.025925662368536002,
                0.9949970245361327,
                0.09648217260837552,
                0,
                0.30540258131662196,
                0.0997837613079,
                -0.9469809698373088,
                0,
                -0.9518705042618996,
                0.004914795170843234,
                -0.306461588538989,
                0,
                0.47064638137817366,
                92.01398468017574,
                -3.749657154083251,
                1
            ],
            "name": "TrunkB7_0"
        },
        {
            "children": [
                36,
                37
            ],
            "matrix": [
                0.9965183734893797,
                4.3958425524626143e-7,
                -0.08337577432394028,
                0,
                -4.726049593339887e-7,
                0.9999998211861182,
                -3.7631253185788083e-7,
                0,
                0.08337575529153896,
                4.1440613623988654e-7,
                0.9965181460137664,
                0,
                36.032569885253906,
                0.000016212463380682607,
                0,
                1
            ],
            "name": "TrunkB7_1"
        },
        {
            "matrix": [
                0.9985124468803408,
                -0.026248335838317857,
                0.04778708890080453,
                0,
                0.02621833733912117,
                0.999655424245253,
                0.0012546302765990558,
                0,
                -0.047803559060029775,
                1.3406985127639715e-7,
                0.998856664920765,
                0,
                36.828620910644545,
                -0.000001907348634588857,
                0.000014305114749646464,
                1
            ],
            "name": "TrunkB7_2"
        },
        {
            "children": [
                38
            ],
            "matrix": [
                0.8685241937637331,
                0.1565390229225158,
                0.47027775645256065,
                0,
                0.3846826713740793,
                0.3854129375879885,
                -0.8387349098905568,
                0,
                -0.31254577971388825,
                0.9093689881375303,
                0.2745225277823645,
                0,
                0.06903076171875,
                4.758420944213865,
                8.920231819152834,
                1
            ],
            "name": "TrunkC8_0"
        },
        {
            "matrix": [
                0.8950490951538087,
                0.33747729659080516,
                -0.29154056310653687,
                0,
                -0.35280398351739256,
                0.9356973174614713,
                -9.778733112369967e-7,
                0,
                0.27279350926020995,
                0.10285759116965265,
                0.9565587802169777,
                0,
                48.14218139648439,
                0.00016403198242898043,
                0.0000400543212890625,
                1
            ],
            "name": "TrunkC8_1"
        },
        {
            "matrix": [
                0.6523783206939698,
                -0.15576694905757915,
                -0.7417142391204837,
                0,
                0.7214346031182349,
                -0.17225509293245528,
                0.6707164550978811,
                0,
                -0.2322393990547083,
                -0.9726587231745396,
                1.7881394759333702e-7,
                0,
                7.533412933349624,
                -2.8566131591796875,
                -16.054058074951165,
                1
            ],
            "name": "thumb_1_L"
        },
        {
            "matrix": [
                0.6523784995079043,
                -0.15576621890068065,
                -0.74171382188797,
                0,
                0.7214345142104235,
                -0.17225453682195752,
                0.6707166417591641,
                0,
                -0.23223852247099544,
                -0.9726588844617721,
                -2.9802325274275177e-8,
                0,
                2.6492271423339915,
                -1.6903991699218608,
                -10.50101470947266,
                1
            ],
            "name": "thumb_0_L"
        },
        {
            "children": [
                42
            ],
            "matrix": [
                0.9739822745323184,
                0.12202643603086476,
                -0.19096605479717257,
                0,
                -0.1243142086985634,
                0.9922431645310916,
                3.209931946262629e-7,
                0,
                0.18948475814640786,
                0.023739475892179073,
                0.9815966484939037,
                0,
                50.23498535156251,
                2.156455993652343,
                6.6038360595703125,
                1
            ],
            "name": "head"
        },
        {
            "matrix": [
                0.9999998211860652,
                2.211907323968027e-9,
                1.490115053570658e-8,
                0,
                -2.211908496643532e-9,
                1,
                5.215406062575306e-8,
                0,
                -1.4901151308524618e-8,
                -5.2154054441464575e-8,
                0.9999998807907099,
                0,
                4.981536865234382,
                2.220446049250313e-16,
                -2.541549682617216,
                1
            ],
            "name": "jaw1_0"
        },
        {
            "matrix": [
                0.9273173809051516,
                0.1161800026893616,
                0.3557876944541933,
                0,
                -0.12431429086313313,
                0.9922431589042825,
                -2.8831009419780418e-8,
                0,
                -0.3530278256952156,
                -0.04422945773716313,
                0.9345669409372722,
                0,
                33.02278900146485,
                0.00000858306884765625,
                0,
                1
            ],
            "name": "neck1"
        },
        {
            "children": [
                45
            ],
            "matrix": [
                -0.1968455910682678,
                0.30273601412773116,
                0.9325249791145325,
                0,
                0.3213193213899556,
                0.9185238361168176,
                -0.23036375228322328,
                0,
                -0.9262858505023687,
                0.25429221142001557,
                -0.2780823056295677,
                0,
                1.3225269317626953,
                -23.182676315307614,
                -2.3956146240234375,
                1
            ],
            "name": "thigh_R"
        },
        {
            "children": [
                46
            ],
            "matrix": [
                0.7474935650825497,
                4.768371582308806e-7,
                -0.6642686724662781,
                0,
                -6.577780146260759e-7,
                1.0000002384184379,
                -2.235174112463767e-8,
                0,
                0.664268757958613,
                4.5364906142708605e-7,
                0.7474936612863743,
                0,
                -37.32741928100586,
                -0.000003814697265625,
                -0.000011444091800427714,
                1
            ],
            "name": "knee_R"
        },
        {
            "children": [
                47
            ],
            "matrix": [
                0.17392984032630898,
                -0.39503073692321755,
                0.9020527601242063,
                0,
                0.05737424240464709,
                0.9185236736729206,
                0.3911810998988181,
                0,
                -0.9830855193593462,
                -0.0162834749431999,
                0.18242329226966336,
                0,
                -28.646862030029297,
                -7.105427357601002e-15,
                -0.000011444091800427714,
                1
            ],
            "name": "ankle_R"
        },
        {
            "matrix": [
                -0.7669916152954102,
                -0.22952561080455794,
                -0.599201560020447,
                0,
                -0.18087285207393067,
                0.9733025162156439,
                -0.14130452790184267,
                0,
                0.6156374572942228,
                -9.297595238461153e-8,
                -0.7880299017412105,
                0,
                -14.634660720825195,
                0,
                0.000007629394534802714,
                1
            ],
            "name": "toeBase_R"
        },
        {
            "children": [
                49
            ],
            "matrix": [
                0.4506688416004184,
                0.22881098091602337,
                -0.8628690242767335,
                0,
                -0.020253771532009475,
                0.9689650546741699,
                0.24636659202961128,
                0,
                0.8924612394815225,
                -0.09355338686600899,
                0.4413166077815493,
                0,
                -0.7838172912597656,
                20.5702838897705,
                -0.7162322998046875,
                1
            ],
            "name": "thigh_L"
        },
        {
            "matrix": [
                0.6328433752059939,
                8.94069671162484e-8,
                -0.7742801904678344,
                0,
                -5.059077969448572e-7,
                0.9999997019767763,
                -2.980231963572999e-7,
                0,
                0.7742801190007293,
                5.803165102104269e-7,
                0.632843316793764,
                0,
                44.6022300720215,
                -0.000007629394524144573,
                -9.5367431640625e-7,
                1
            ],
            "name": "knee_L"
        },
        {
            "matrix": [
                1,
                0,
                0,
                0,
                0,
                1,
                4.371138850878258e-8,
                0,
                0,
                -4.371138850878258e-8,
                1,
                0,
                0,
                0,
                0,
                1
            ],
            "name": "attach_bird"
        },
        {
            "matrix": [
                1,
                0,
                0,
                0,
                0,
                6.123233995736766e-17,
                -1,
                0,
                0,
                1,
                6.123233995736766e-17,
                0,
                0,
                0,
                0,
                1
            ],
            "mesh": 0,
            "name": "tiny_03_model_LOD0",
            "skin": 0
        }
    ],
    "samplers": [
        {
            "magFilter": 9729,
            "minFilter": 9987,
            "wrapS": 10497,
            "wrapT": 10497
        }
    ],
    "scene": 0,
    "scenes": [
        {
            "nodes": [
                0,
                1,
                50,
                51
            ]
        }
    ],
    "skins": [
        {
            "inverseBindMatrices": 6,
            "joints": [
                4,
                41,
                15,
                5,
                3,
                42,
                2,
                1,
                44,
                48,
                16,
                13,
                14,
                6,
                46,
                47,
                45,
                7,
                8,
                12,
                10,
                49,
                18,
                17,
                19,
                39,
                20,
                24,
                22,
                21,
                25,
                23,
                11
            ]
        }
    ],
    "textures": [
        {
            "format": 6408,
            "internalFormat": 6408,
            "sampler": 0,
            "source": 0,
            "target": 3553
        }
    ]
}