{
    "animations": {},
    "asset": {},
    "attributes": {
        "attribute_1": {
            "bufferView": "bufferView_7",
            "byteOffset": 0,
            "byteStride": 12,
            "count": 3577,
            "max": [
                1,
                1,
                1
            ],
            "min": [
                0,
                0,
                0
            ],
            "type": "FLOAT_VEC3"
        },
        "attribute_2": {
            "bufferView": "bufferView_7",
            "byteOffset": 42924,
            "byteStride": 12,
            "count": 3577,
            "max": [
                1,
                1,
                1
            ],
            "min": [
                0,
                0,
                0
            ],
            "type": "FLOAT_VEC3"
        },
        "attribute_3": {
            "bufferView": "bufferView_7",
            "byteOffset": 85848,
            "byteStride": 8,
            "count": 3577,
            "max": [
                1,
                1,
                1
            ],
            "min": [
                0,
                0,
                0
            ],
            "type": "FLOAT_VEC2"
        },
        "attribute_4": {
            "bufferView": "bufferView_7",
            "byteOffset": 114464,
            "byteStride": 16,
            "count": 3577,
            "max": [
                1,
                1,
                1
            ],
            "min": [
                0,
                0,
                0
            ],
            "type": "FLOAT_VEC4"
        },
        "attribute_5": {
            "bufferView": "bufferView_7",
            "byteOffset": 171696,
            "byteStride": 12,
            "count": 3577,
            "max": [
                1,
                1,
                1
            ],
            "min": [
                0,
                0,
                0
            ],
            "type": "FLOAT_VEC3"
        }
    },
    "bufferViews": {
        "bufferView_7": {
            "buffer": "tiny_03.bin",
            "byteLength": 214620,
            "byteOffset": 0,
            "target": "ARRAY_BUFFER"
        },
        "bufferView_8": {
            "buffer": "tiny_03.bin",
            "byteLength": 41952,
            "byteOffset": 214620,
            "target": "ELEMENT_ARRAY_BUFFER"
        }
    },
    "buffers": {
        "tiny_03.bin": {
            "byteLength": 256572,
            "path": "tiny_03.bin"
        }
    },
    "cameras": {},
    "images": {
        "image_0": {
            "path": "textures/tiny_03_color.png"
        }
    },
    "indices": {
        "indices_6": {
            "bufferView": "bufferView_8",
            "byteOffset": 0,
            "count": 20976,
            "type": "UNSIGNED_SHORT"
        }
    },
    "lights": {},
    "materials": {
        "Material #48": {
            "instanceTechnique": {
                "technique": "technique_0",
                "values": [
                    {
                        "parameter": "ambient",
                        "value": [
                            0.5879999995231628,
                            0.5879999995231628,
                            0.5879999995231628
                        ]
                    },
                    {
                        "parameter": "emission",
                        "value": [
                            0,
                            0,
                            0
                        ]
                    },
                    {
                        "parameter": "diffuse",
                        "value": "Map #8"
                    },
                    {
                        "parameter": "shininess",
                        "value": 2
                    },
                    {
                        "parameter": "specular",
                        "value": [
                            0.8999999761581421,
                            0.8999999761581421,
                            0.8999999761581421
                        ]
                    }
                ]
            },
            "name": "Material #48"
        }
    },
    "meshes": {
        "tiny_03_model_LOD0-mesh": {
            "name": "tiny_03_model_LOD0-mesh",
            "primitives": [
                {
                    "indices": "indices_6",
                    "material": "Material #48",
                    "semantics": {
                        "JOINT": "attribute_4",
                        "NORMAL": "attribute_2",
                        "POSITION": "attribute_1",
                        "TEXCOORD_0": "attribute_3",
                        "WEIGHT": "attribute_5"
                    },
                    "skin": "skin_0"
                }
            ]
        }
    },
    "nodes": {
        "RootA2_0": {
            "children": [
                "RootA2_1"
            ],
            "matrix": [
                -0.1498030722141266,
                -0.9855759739875792,
                0.07873372733592991,
                0,
                0.9887159380048173,
                -0.1493273206376769,
                0.011929647071731561,
                0,
                -4.769851958143544e-7,
                0.0796323951564479,
                0.9968244438443657,
                0,
                -13.56245422363281,
                0.06823921203613281,
                16.448610305786136,
                1
            ],
            "name": "RootA2_0"
        },
        "RootA2_1": {
            "children": [],
            "matrix": [
                0.9157542586326601,
                -0.32655763626098616,
                0.23399671912193304,
                0,
                0.30577503339427414,
                0.9443526312698785,
                0.12124432409328059,
                0,
                -0.26056869195395543,
                -0.03947965374048363,
                0.964648170129511,
                0,
                16.155561447143555,
                0.000003814697265625,
                0.000003814697269177714,
                1
            ],
            "name": "RootA2_1"
        },
        "RootB3_0": {
            "children": [],
            "matrix": [
                6.123240817822274e-17,
                0,
                -1.000000119209367,
                0,
                1.0000000000000027,
                -3.5762781174770876e-7,
                6.123236440546076e-17,
                0,
                -3.5762779043148746e-7,
                -0.9999999403955183,
                -4.235164736271502e-22,
                0,
                -12.8211669921875,
                3.795888900756836,
                -20.777690887451172,
                1
            ],
            "name": "RootB3_0"
        },
        "RootC4_0": {
            "children": [],
            "matrix": [
                0.2074560970067978,
                -0.4900196790695192,
                0.8466656804084777,
                0,
                0.9782442436210864,
                0.10391907384904213,
                -0.17955179358509651,
                0,
                -8.010990613693925e-7,
                0.8654951248383757,
                0.5009176813424221,
                0,
                22.76580429077148,
                0.36795330047607416,
                -14.290318489074709,
                1
            ],
            "name": "RootC4_0"
        },
        "RootD5_0": {
            "children": [],
            "matrix": [
                6.123240817822274e-17,
                0,
                -1.000000119209367,
                0,
                1.0000000000000027,
                -3.5762781174770876e-7,
                6.123236440546076e-17,
                0,
                -3.5762779043148746e-7,
                -0.9999999403955183,
                -4.235164736271502e-22,
                0,
                15.08270263671875,
                -1.5102338790893552,
                17.463653564453125,
                1
            ],
            "name": "RootD5_0"
        },
        "Tree_1": {
            "children": [
                "RootA2_0",
                "RootB3_0",
                "RootC4_0",
                "RootD5_0",
                "TrunkA6_0",
                "TrunkB7_0"
            ],
            "matrix": [
                -0.16378486156463617,
                -0.82162618637085,
                0.5459896922111511,
                0,
                -0.8792364694944815,
                -0.12939829991329524,
                -0.4584750567462321,
                0,
                0.4473452384524952,
                -0.5551453082796237,
                -0.7012102060414989,
                0,
                57.636875152587905,
                95.629997253418,
                -1.323980927467351,
                1
            ],
            "name": "Tree_1"
        },
        "TrunkA6_0": {
            "children": [
                "TrunkA6_1"
            ],
            "matrix": [
                -0.0006142228376120494,
                0.9843946695327758,
                0.17597419023513797,
                0,
                0.31587176392387084,
                -0.166773678252094,
                0.9340297876709561,
                0,
                0.9488015825754362,
                0.056158967008755355,
                -0.3108399708867262,
                0,
                -6.341841220855712,
                88.67530059814453,
                11.85984802246094,
                1
            ],
            "name": "TrunkA6_0"
        },
        "TrunkA6_1": {
            "children": [],
            "matrix": [
                0.9857652783393858,
                4.023313522338867e-7,
                -0.16812717914581288,
                0,
                -4.837498778220706e-7,
                1.0000002384186215,
                -4.433095535973097e-7,
                0,
                0.16812722287173673,
                5.183306789752207e-7,
                0.9857655347149828,
                0,
                35.02969360351561,
                0.000025749206539416036,
                -0.000023365020751064947,
                1
            ],
            "name": "TrunkA6_1"
        },
        "TrunkB7_0": {
            "children": [
                "TrunkB7_1"
            ],
            "matrix": [
                -0.02592566236853601,
                0.9949970245361328,
                0.09648217260837555,
                0,
                0.30540258131662196,
                0.09978376130790002,
                -0.9469809698373091,
                0,
                -0.9518705042618998,
                0.004914795170843238,
                -0.3064615885389892,
                0,
                0.47064638137817383,
                92.01398468017578,
                -3.7496571540832515,
                1
            ],
            "name": "TrunkB7_0"
        },
        "TrunkB7_1": {
            "children": [
                "TrunkB7_2",
                "TrunkC8_0"
            ],
            "matrix": [
                0.9965183734893799,
                4.3958425521850586e-7,
                -0.08337577432394026,
                0,
                -4.7260495932011093e-7,
                0.9999998211861182,
                -3.7631253184844827e-7,
                0,
                0.08337575529153901,
                4.1440613612366006e-7,
                0.9965181460137664,
                0,
                36.032569885253906,
                0.000016212463377129893,
                2.220446049250313e-16,
                1
            ],
            "name": "TrunkB7_1"
        },
        "TrunkB7_2": {
            "children": [],
            "matrix": [
                0.9985124468803406,
                -0.026248335838317857,
                0.04778708890080453,
                0,
                0.02621833733912117,
                0.9996554242452528,
                0.0012546302765990489,
                0,
                -0.04780355906002979,
                1.3406985123302906e-7,
                0.9988566649207647,
                0,
                36.82862091064452,
                -0.0000019073486310361432,
                0.00001430511474609375,
                1
            ],
            "name": "TrunkB7_2"
        },
        "TrunkC8_0": {
            "children": [
                "TrunkC8_1"
            ],
            "matrix": [
                0.8685241937637332,
                0.1565390229225159,
                0.4702777564525606,
                0,
                0.3846826713740791,
                0.3854129375879882,
                -0.8387349098905564,
                0,
                -0.31254577971388814,
                0.90936898813753,
                0.27452252778236447,
                0,
                0.06903076171875,
                4.758420944213869,
                8.920231819152828,
                1
            ],
            "name": "TrunkC8_0"
        },
        "TrunkC8_1": {
            "children": [],
            "matrix": [
                0.8950490951538091,
                0.33747729659080533,
                -0.2915405631065371,
                0,
                -0.3528039835173927,
                0.9356973174614713,
                -9.778733112764244e-7,
                0,
                0.2727935092602101,
                0.1028575911696527,
                0.9565587802169779,
                0,
                48.142181396484375,
                0.000164031982421875,
                0.00004005432129616793,
                1
            ],
            "name": "TrunkC8_1"
        },
        "ankle_R": {
            "children": [
                "toeBase_R"
            ],
            "matrix": [
                0.1739298403263091,
                -0.39503073692321755,
                0.9020527601242063,
                0,
                0.05737424240464712,
                0.9185236736729209,
                0.39118109989881816,
                0,
                -0.9830855193593462,
                -0.016283474943199927,
                0.1824232922696633,
                0,
                -28.646862030029304,
                0,
                -0.000011444091796875,
                1
            ],
            "name": "ankle_R"
        },
        "attach_bird": {
            "children": [],
            "matrix": [
                1,
                0,
                0,
                0,
                0,
                -4.371138844755023e-8,
                1,
                0,
                0,
                -1,
                -4.371138844755023e-8,
                0,
                0,
                0,
                0,
                1
            ],
            "name": "attach_bird"
        },
        "bicep_L": {
            "children": [
                "elbow_L"
            ],
            "matrix": [
                0.44418889284133917,
                -0.7381275296211243,
                -0.507803440093994,
                0,
                -0.5577318099412621,
                -0.6713822164263463,
                0.48803809134545395,
                0,
                -0.7011644436390495,
                0.06643702221560968,
                -0.7098976189220152,
                0,
                40.422466278076165,
                0,
                0.000017166137698865214,
                1
            ],
            "name": "bicep_L"
        },
        "bicep_R": {
            "children": [
                "elbow_R",
                "deltoid_helper_jnt"
            ],
            "matrix": [
                0.6855658292770386,
                -0.647601902484894,
                -0.3325821757316592,
                0,
                -0.7216254241141887,
                -0.5441246069623324,
                -0.4280012942348331,
                0,
                0.09620831982895092,
                0.5334228882902257,
                -0.8403593490961909,
                0,
                -37.431091308593764,
                -0.0000457763671875,
                3.552713678800501e-15,
                1
            ],
            "name": "bicep_R"
        },
        "clavicle_L": {
            "children": [
                "bicep_L"
            ],
            "matrix": [
                0.4424296021461488,
                0.8152262568473816,
                -0.37371423840522766,
                0,
                0.17825845536031382,
                0.32846032516458296,
                0.9275437306597373,
                0,
                0.8789082336613694,
                -0.47699048850869014,
                -4.0233139145251506e-7,
                0,
                -7.007524490356445,
                13.752618789672855,
                5.7249298095703125,
                1
            ],
            "name": "clavicle_L"
        },
        "clavicle_R": {
            "children": [
                "bicep_R",
                "shoulder_helper_jnt"
            ],
            "matrix": [
                -0.41275316476821894,
                0.8697674870491022,
                0.2704440355300903,
                0,
                -0.11594721585467392,
                0.24432801944569407,
                -0.9627357736646297,
                0,
                -0.9034330224103366,
                -0.4287293243523378,
                -4.470348641261168e-8,
                0,
                -4.5943145751953125,
                -20.789396286010742,
                6.3708038330078125,
                1
            ],
            "name": "clavicle_R"
        },
        "deltoid_helper_jnt": {
            "children": [],
            "matrix": [
                0.5646300315856932,
                -0.6655558943748476,
                0.4880861937999726,
                0,
                0.8253179030291096,
                0.4506013441667392,
                -0.3403064768929572,
                0,
                0.0065606866895343615,
                0.5949735393752233,
                0.8037182579195741,
                0,
                0,
                1.4210854715202004e-14,
                -0.0000152587890625,
                1
            ],
            "name": "deltoid_helper_jnt"
        },
        "elbow_L": {
            "children": [
                "wrist_L"
            ],
            "matrix": [
                0.6693862676620481,
                1.1920928955078125e-7,
                -0.7429143190383908,
                0,
                8.844766407611893e-7,
                0.999999999999722,
                9.573995125994328e-7,
                0,
                0.7429143783208256,
                -0.0000012979605513163683,
                0.669386321076947,
                0,
                50.68634033203125,
                -0.000015258789048289145,
                0.000015258789060723643,
                1
            ],
            "name": "elbow_L"
        },
        "elbow_R": {
            "children": [
                "rt_elbow_helper_jnt",
                "wrist_R"
            ],
            "matrix": [
                0.8925609588623045,
                2.384185789905402e-7,
                -0.4509268403053284,
                0,
                -1.9183588895188564e-7,
                0.9999999403953587,
                1.4901162193048378e-7,
                0,
                0.45092690065414226,
                -4.64980138975557e-8,
                0.8925610783162363,
                0,
                -46.83951568603517,
                0,
                -0.000022888183579539145,
                1
            ],
            "name": "elbow_R"
        },
        "head": {
            "children": [
                "jaw1_0"
            ],
            "matrix": [
                0.9739822745323182,
                0.12202643603086473,
                -0.19096605479717255,
                0,
                -0.12431420869856338,
                0.9922431645310912,
                3.2099319463049846e-7,
                0,
                0.18948475814640783,
                0.02373947589217906,
                0.9815966484939034,
                0,
                50.2349853515625,
                2.1564559936523446,
                6.603836059570341,
                1
            ],
            "name": "head"
        },
        "index_0_L": {
            "children": [
                "index_1_L"
            ],
            "matrix": [
                0.9421092867851262,
                0.05456200987100614,
                -0.3308368027210239,
                0,
                0.3313304134005273,
                -1.9095048076067656e-7,
                0.9435148885281909,
                0,
                0.05147999025712903,
                -0.9985101378994028,
                -0.01807822783416608,
                0,
                24.16786193847657,
                -8.144943237304659,
                -11.597820281982433,
                1
            ],
            "name": "index_0_L"
        },
        "index_1_L": {
            "children": [],
            "matrix": [
                0.9814524054527283,
                -8.940696699655248e-8,
                -0.19170698523521415,
                0,
                9.255188920809232e-8,
                0.9999997615814211,
                7.450580402634799e-9,
                0,
                0.1917070134028655,
                -2.5055243220439838e-8,
                0.9814525496582784,
                0,
                7.396194458007816,
                -0.0000019073486292597863,
                0.00002288818362217171,
                1
            ],
            "name": "index_1_L"
        },
        "jaw1_0": {
            "children": [],
            "matrix": [
                0.9999998211860651,
                2.211907323967943e-9,
                1.4901150535706607e-8,
                0,
                -2.2119084966434963e-9,
                1,
                5.215406062575313e-8,
                0,
                -1.4901151308524592e-8,
                -5.215405444146456e-8,
                0.9999998807907101,
                0,
                4.981536865234382,
                2.220446049250313e-16,
                -2.5415496826171875,
                1
            ],
            "name": "jaw1_0"
        },
        "knee_L": {
            "children": [],
            "matrix": [
                0.6328433752059932,
                8.940696721859709e-8,
                -0.7742801904678343,
                0,
                -5.059077969604697e-7,
                0.9999997019767761,
                -2.980231963711777e-7,
                0,
                0.7742801190007289,
                5.803165102208352e-7,
                0.6328433167937637,
                0,
                44.60223007202148,
                -0.000007629394524144573,
                -9.536743181826068e-7,
                1
            ],
            "name": "knee_L"
        },
        "knee_R": {
            "children": [
                "ankle_R"
            ],
            "matrix": [
                0.7474935650825499,
                4.768371581753694e-7,
                -0.6642686724662783,
                0,
                -6.577780146677092e-7,
                1.0000002384184379,
                -2.2351741166271033e-8,
                0,
                0.6642687579586131,
                4.5364906153810836e-7,
                0.7474936612863747,
                0,
                -37.32741928100587,
                -0.0000038146972514141453,
                -0.000011444091795098643,
                1
            ],
            "name": "knee_R"
        },
        "low_rock_jnt": {
            "children": [],
            "matrix": [
                -0.12431441992521299,
                0.992243409156799,
                -1.057864552264515e-8,
                0,
                0.18948426159120677,
                0.02373977617916271,
                0.9815967064124893,
                0,
                0.9739822826668527,
                0.12202655049117456,
                -0.19096559249440984,
                0,
                21.75279808044433,
                -38.49103546142578,
                7.005096435546847,
                1
            ],
            "name": "low_rock_jnt"
        },
        "mid_0_L": {
            "children": [
                "mid_1_L"
            ],
            "matrix": [
                0.9749725461006165,
                0.21967627108097082,
                0.034218102693557684,
                0,
                0.0999342272424526,
                -0.2955388496820306,
                -0.9500893667486775,
                0,
                -0.1985993083301763,
                0.9297305980743444,
                -0.31009543963865227,
                0,
                26.268222808837898,
                -8.228843688964815,
                2.49368667602538,
                1
            ],
            "name": "mid_0_L"
        },
        "mid_1_L": {
            "children": [],
            "matrix": [
                0.9996984601020813,
                -5.960464477539062e-7,
                -0.02456556260585785,
                0,
                6.103236889765107e-7,
                1.000000119209157,
                5.736947080725585e-7,
                0,
                0.02456556123165235,
                -5.885145581002726e-7,
                0.9996984041929068,
                0,
                7.494636535644531,
                -0.0000095367431640625,
                -0.000022888183579539145,
                1
            ],
            "name": "mid_1_L"
        },
        "mid_rock_jnt": {
            "children": [],
            "matrix": [
                -0.12431441992521299,
                0.992243409156799,
                -1.057864552264515e-8,
                0,
                0.18948426159120677,
                0.02373977617916271,
                0.9815967064124893,
                0,
                0.9739822826668527,
                0.12202655049117456,
                -0.19096559249440984,
                0,
                19.394502639770508,
                -35.51045989990234,
                14.957351684570312,
                1
            ],
            "name": "mid_rock_jnt"
        },
        "neck1": {
            "children": [],
            "matrix": [
                0.9273173809051516,
                0.11618000268936159,
                0.3557876944541933,
                0,
                -0.12431429086313311,
                0.9922431589042822,
                -2.883100941850149e-8,
                0,
                -0.3530278256952156,
                -0.04422945773716311,
                0.9345669409372721,
                0,
                33.022789001464844,
                0.000008583068848544428,
                0,
                1
            ],
            "name": "neck1"
        },
        "neck_rock_jnt": {
            "children": [],
            "matrix": [
                -0.12431441992521299,
                0.992243409156799,
                -1.057864552264515e-8,
                0,
                0.18948426159120677,
                0.02373977617916271,
                0.9815967064124893,
                0,
                0.9739822826668527,
                0.12202655049117456,
                -0.19096559249440984,
                0,
                20.95433235168457,
                -13.98521137237549,
                25.6944580078125,
                1
            ],
            "name": "neck_rock_jnt"
        },
        "ring_0_L": {
            "children": [
                "ring_1_L"
            ],
            "matrix": [
                0.9415537118911748,
                0.28433012962341314,
                0.1806463599205017,
                0,
                -0.3193831492074488,
                0.5829819264050994,
                0.7470787842516653,
                0,
                0.10710340922692191,
                -0.7611099539085078,
                0.6397188373434413,
                0,
                21.48088455200196,
                0.8841171264648722,
                14.64325141906739,
                1
            ],
            "name": "ring_0_L"
        },
        "ring_1_L": {
            "children": [],
            "matrix": [
                0.9838010072708131,
                4.991889000077743e-7,
                -0.17926362156867987,
                0,
                -4.863653600695184e-7,
                0.9999998211860681,
                1.1548399739963466e-7,
                0,
                0.17926361869556046,
                -2.6425661436846326e-8,
                0.9838009915030239,
                0,
                5.7507667541503835,
                3.552713678800501e-15,
                0.000015258789048289145,
                1
            ],
            "name": "ring_1_L"
        },
        "root": {
            "children": [
                "spine1",
                "thigh_R",
                "thigh_L"
            ],
            "matrix": [
                -1.629206851037603e-7,
                -1.0000000000000002,
                0,
                0,
                1.0000000000000002,
                -1.629206851037603e-7,
                0,
                0,
                0,
                0,
                1,
                0,
                3.4701271057128906,
                26.569580078125,
                73.44403076171875,
                1
            ],
            "name": "root"
        },
        "rt_elbow_helper_jnt": {
            "children": [],
            "matrix": [
                0.2838750779628753,
                -0.6655563116073608,
                0.6902530789375307,
                0,
                0.8900997949278407,
                0.4506010383795346,
                0.06841435101330927,
                0,
                -0.3565624684520039,
                0.5949731803630989,
                0.72032616605425,
                0,
                -9.123138427734375,
                -10.843070983886733,
                9.158805847167969,
                1
            ],
            "name": "rt_elbow_helper_jnt"
        },
        "shoulder_helper_jnt": {
            "children": [],
            "matrix": [
                0.9143314361572265,
                0.25684633851051325,
                -0.31309425830841053,
                0,
                0.20790442180221935,
                -0.9611884070853944,
                -0.18136447060884936,
                0,
                -0.34752527770191005,
                0.1007335289126031,
                -0.9322440142232417,
                0,
                -22.846952438354503,
                -16.41798400878909,
                -18.178390502929688,
                1
            ],
            "name": "shoulder_helper_jnt"
        },
        "spine1": {
            "children": [
                "spine2"
            ],
            "matrix": [
                0.05579519271850544,
                0.033277884125709284,
                0.9978872537612917,
                0,
                -0.0018578602440843016,
                0.999446212861612,
                -0.03322599368430881,
                0,
                -0.9984402650375669,
                -8.433595643730497e-8,
                0.055826116229293996,
                0,
                -5.370380401611325,
                0,
                18.149581909179688,
                1
            ],
            "name": "spine1"
        },
        "spine2": {
            "children": [
                "spine3"
            ],
            "matrix": [
                0.8815945982933041,
                0.009356267750263221,
                -0.471915304660797,
                0,
                -0.0008304887334036962,
                0.999832689746824,
                0.018271388709511546,
                0,
                0.4720073148732562,
                -0.015716037727997283,
                0.8814548957873383,
                0,
                33.643959045410156,
                -2.384185786574733e-7,
                0,
                1
            ],
            "name": "spine2"
        },
        "spine3": {
            "children": [
                "clavicle_R",
                "top_rock_jnt",
                "mid_rock_jnt",
                "low_rock_jnt",
                "neck_rock_jnt",
                "clavicle_L",
                "head",
                "neck1"
            ],
            "matrix": [
                0.6636477112770078,
                -0.1501018851995468,
                -0.732831239700317,
                0,
                0.12213638349242648,
                0.9882574194566753,
                -0.09181345814624575,
                0,
                0.7380073813877912,
                -0.02857356977346421,
                0.6741877658701692,
                0,
                28.938713073730483,
                -0.0000023841857919038034,
                -0.00000762939453125,
                1
            ],
            "name": "spine3"
        },
        "thigh_L": {
            "children": [
                "knee_L"
            ],
            "matrix": [
                0.4506688416004184,
                0.22881098091602342,
                -0.8628690242767336,
                0,
                -0.020253771532009468,
                0.96896505467417,
                0.24636659202961128,
                0,
                0.8924612394815226,
                -0.09355338686600899,
                0.4413166077815493,
                0,
                -0.7838172912597656,
                20.570283889770504,
                -0.7162322998046875,
                1
            ],
            "name": "thigh_L"
        },
        "thigh_R": {
            "children": [
                "knee_R"
            ],
            "matrix": [
                -0.1968455910682677,
                0.30273601412773116,
                0.9325249791145325,
                0,
                0.32131932138995567,
                0.9185238361168179,
                -0.23036375228322337,
                0,
                -0.9262858505023687,
                0.2542922114200157,
                -0.2780823056295677,
                0,
                1.3225269317626953,
                -23.182676315307614,
                -2.3956146240234375,
                1
            ],
            "name": "thigh_R"
        },
        "thumb_0_L": {
            "children": [],
            "matrix": [
                0.6523784995079043,
                -0.1557662189006805,
                -0.7417138218879703,
                0,
                0.7214345142104237,
                -0.17225453682195757,
                0.6707166417591643,
                0,
                -0.2322385224709954,
                -0.9726588844617722,
                -2.980232510774172e-8,
                0,
                2.6492271423339915,
                -1.6903991699218608,
                -10.501014709472653,
                1
            ],
            "name": "thumb_0_L"
        },
        "thumb_1_L": {
            "children": [],
            "matrix": [
                0.6523783206939701,
                -0.15576694905757896,
                -0.7417142391204838,
                0,
                0.7214346031182352,
                -0.17225509293245542,
                0.6707164550978812,
                0,
                -0.23223939905470825,
                -0.97265872317454,
                1.7881394764884817e-7,
                0,
                7.533412933349602,
                -2.856613159179659,
                -16.054058074951172,
                1
            ],
            "name": "thumb_1_L"
        },
        "tiny_03_model_LOD0": {
            "children": [],
            "matrix": [
                1,
                0,
                0,
                0,
                0,
                1,
                0,
                0,
                0,
                0,
                1,
                0,
                0,
                0,
                0,
                1
            ],
            "meshes": [
                "tiny_03_model_LOD0-mesh"
            ],
            "name": "tiny_03_model_LOD0"
        },
        "toeBase_R": {
            "children": [],
            "matrix": [
                -0.7669916152954102,
                -0.22952561080455788,
                -0.5992015600204471,
                0,
                -0.18087285207393078,
                0.9733025162156439,
                -0.14130452790184275,
                0,
                0.6156374572942228,
                -9.297595238838442e-8,
                -0.7880299017412105,
                0,
                -14.634660720825202,
                -7.105427357601002e-15,
                0.000007629394527697286,
                1
            ],
            "name": "toeBase_R"
        },
        "top_rock_jnt": {
            "children": [],
            "matrix": [
                -0.12431441992521299,
                0.992243409156799,
                -1.057864552264515e-8,
                0,
                0.18948426159120677,
                0.02373977617916271,
                0.9815967064124893,
                0,
                0.9739822826668527,
                0.12202655049117456,
                -0.19096559249440984,
                0,
                6.652763366699219,
                -26.571918487548825,
                17.200836181640625,
                1
            ],
            "name": "top_rock_jnt"
        },
        "vsDmxIO Scene": {
            "children": [],
            "matrix": [
                1,
                0,
                0,
                0,
                0,
                -4.371138844755023e-8,
                1,
                0,
                0,
                -1,
                -4.371138844755023e-8,
                0,
                0,
                0,
                0,
                1
            ],
            "name": "vsDmxIO Scene"
        },
        "wrist_L": {
            "children": [
                "index_0_L",
                "ring_0_L",
                "mid_0_L",
                "Tree_1",
                "thumb_1_L",
                "thumb_0_L"
            ],
            "matrix": [
                0.841177821159363,
                0.5280016660690309,
                0.11676508188247692,
                0,
                -0.5357254595471551,
                0.7842972009689344,
                0.31285162830928165,
                0,
                0.0736076645980531,
                -0.3257179247038106,
                0.9425974804326918,
                0,
                50.88004302978515,
                -2.842170943040401e-14,
                0.000019073486328125,
                1
            ],
            "name": "wrist_L"
        },
        "wrist_R": {
            "children": [],
            "matrix": [
                0.2838750779628753,
                -0.6655563116073608,
                0.6902530789375307,
                0,
                0.8900997949278407,
                0.4506010383795346,
                0.06841435101330927,
                0,
                -0.3565624684520039,
                0.5949731803630989,
                0.72032616605425,
                0,
                -99.06649780273438,
                0.000030517578110789145,
                -0.00006866455078835543,
                1
            ],
            "name": "wrist_R"
        }
    },
    "samplers": {
        "sampler_0": {
            "magFilter": "LINEAR",
            "minFilter": "LINEAR_MIPMAP_LINEAR",
            "wrapS": "REPEAT",
            "wrapT": "REPEAT"
        }
    },
    "scene": "scene_0",
    "scenes": {
        "scene_0": {
            "nodes": [
