{
    "animations": {},
    "asset": {},
    "attributes": {
        "attribute_1": {
            "bufferView": "bufferView_31",
            "byteOffset": 0,
            "byteStride": 12,
            "count": 1772,
            "max": [
                1,
                1,
                1
            ],
            "min": [
                0,
                0,
                0
            ],
            "type": "FLOAT_VEC3"
        },
        "attribute_10": {
            "bufferView": "bufferView_31",
            "byteOffset": 115344,
            "byteStride": 16,
            "count": 282,
            "max": [
                1,
                1,
                1
            ],
            "min": [
                0,
                0,
                0
            ],
            "type": "FLOAT_VEC4"
        },
        "attribute_11": {
            "bufferView": "bufferView_31",
            "byteOffset": 119856,
            "byteStride": 12,
            "count": 282,
            "max": [
                1,
                1,
                1
            ],
            "min": [
                0,
                0,
                0
            ],
            "type": "FLOAT_VEC3"
        },
        "attribute_13": {
            "bufferView": "bufferView_31",
            "byteOffset": 123240,
            "byteStride": 12,
            "count": 236,
            "max": [
                1,
                1,
                1
            ],
            "min": [
                0,
                0,
                0
            ],
            "type": "FLOAT_VEC3"
        },
        "attribute_14": {
            "bufferView": "bufferView_31",
            "byteOffset": 126072,
            "byteStride": 12,
            "count": 236,
            "max": [
                1,
                1,
                1
            ],
            "min": [
                0,
                0,
                0
            ],
            "type": "FLOAT_VEC3"
        },
        "attribute_15": {
            "bufferView": "bufferView_31",
            "byteOffset": 128904,
            "byteStride": 8,
            "count": 236,
            "max": [
                1,
                1,
                1
            ],
            "min": [
                0,
                0,
                0
            ],
            "type": "FLOAT_VEC2"
        },
        "attribute_16": {
            "bufferView": "bufferView_31",
            "byteOffset": 130792,
            "byteStride": 16,
            "count": 236,
            "max": [
                1,
                1,
                1
            ],
            "min": [
                0,
                0,
                0
            ],
            "type": "FLOAT_VEC4"
        },
        "attribute_17": {
            "bufferView": "bufferView_31",
            "byteOffset": 134568,
            "byteStride": 12,
            "count": 236,
            "max": [
                1,
                1,
                1
            ],
            "min": [
                0,
                0,
                0
            ],
            "type": "FLOAT_VEC3"
        },
        "attribute_19": {
            "bufferView": "bufferView_31",
            "byteOffset": 137400,
            "byteStride": 12,
            "count": 309,
            "max": [
                1,
                1,
                1
            ],
            "min": [
                0,
                0,
                0
            ],
            "type": "FLOAT_VEC3"
        },
        "attribute_2": {
            "bufferView": "bufferView_31",
            "byteOffset": 21264,
            "byteStride": 12,
            "count": 1772,
            "max": [
                1,
                1,
                1
            ],
            "min": [
                0,
                0,
                0
            ],
            "type": "FLOAT_VEC3"
        },
        "attribute_20": {
            "bufferView": "bufferView_31",
            "byteOffset": 141108,
            "byteStride": 12,
            "count": 309,
            "max": [
                1,
                1,
                1
            ],
            "min": [
                0,
                0,
                0
            ],
            "type": "FLOAT_VEC3"
        },
        "attribute_21": {
            "bufferView": "bufferView_31",
            "byteOffset": 144816,
            "byteStride": 8,
            "count": 309,
            "max": [
                1,
                1,
                1
            ],
            "min": [
                0,
                0,
                0
            ],
            "type": "FLOAT_VEC2"
        },
        "attribute_22": {
            "bufferView": "bufferView_31",
            "byteOffset": 147288,
            "byteStride": 16,
            "count": 309,
            "max": [
                1,
                1,
                1
            ],
            "min": [
                0,
                0,
                0
            ],
            "type": "FLOAT_VEC4"
        },
        "attribute_23": {
            "bufferView": "bufferView_31",
            "byteOffset": 152232,
            "byteStride": 12,
            "count": 309,
            "max": [
                1,
                1,
                1
            ],
            "min": [
                0,
                0,
                0
            ],
            "type": "FLOAT_VEC3"
        },
        "attribute_25": {
            "bufferView": "bufferView_31",
            "byteOffset": 155940,
            "byteStride": 12,
            "count": 660,
            "max": [
                1,
                1,
                1
            ],
            "min": [
                0,
                0,
                0
            ],
            "type": "FLOAT_VEC3"
        },
        "attribute_26": {
            "bufferView": "bufferView_31",
            "byteOffset": 163860,
            "byteStride": 12,
            "count": 660,
            "max": [
                1,
                1,
                1
            ],
            "min": [
                0,
                0,
                0
            ],
            "type": "FLOAT_VEC3"
        },
        "attribute_27": {
            "bufferView": "bufferView_31",
            "byteOffset": 171780,
            "byteStride": 8,
            "count": 660,
            "max": [
                1,
                1,
                1
            ],
            "min": [
                0,
                0,
                0
            ],
            "type": "FLOAT_VEC2"
        },
        "attribute_28": {
            "bufferView": "bufferView_31",
            "byteOffset": 177060,
            "byteStride": 16,
            "count": 660,
            "max": [
                1,
                1,
                1
            ],
            "min": [
                0,
                0,
                0
            ],
            "type": "FLOAT_VEC4"
        },
        "attribute_29": {
            "bufferView": "bufferView_31",
            "byteOffset": 187620,
            "byteStride": 12,
            "count": 660,
            "max": [
                1,
                1,
                1
            ],
            "min": [
                0,
                0,
                0
            ],
            "type": "FLOAT_VEC3"
        },
        "attribute_3": {
            "bufferView": "bufferView_31",
            "byteOffset": 42528,
            "byteStride": 8,
            "count": 1772,
            "max": [
                1,
                1,
                1
            ],
            "min": [
                0,
                0,
                0
            ],
            "type": "FLOAT_VEC2"
        },
        "attribute_4": {
            "bufferView": "bufferView_31",
            "byteOffset": 56704,
            "byteStride": 16,
            "count": 1772,
            "max": [
                1,
                1,
                1
            ],
            "min": [
                0,
                0,
                0
            ],
            "type": "FLOAT_VEC4"
        },
        "attribute_5": {
            "bufferView": "bufferView_31",
            "byteOffset": 85056,
            "byteStride": 12,
            "count": 1772,
            "max": [
                1,
                1,
                1
            ],
            "min": [
                0,
                0,
                0
            ],
            "type": "FLOAT_VEC3"
        },
        "attribute_7": {
            "bufferView": "bufferView_31",
            "byteOffset": 106320,
            "byteStride": 12,
            "count": 282,
            "max": [
                1,
                1,
                1
            ],
            "min": [
                0,
                0,
                0
            ],
            "type": "FLOAT_VEC3"
        },
        "attribute_8": {
            "bufferView": "bufferView_31",
            "byteOffset": 109704,
            "byteStride": 12,
            "count": 282,
            "max": [
                1,
                1,
                1
            ],
            "min": [
                0,
                0,
                0
            ],
            "type": "FLOAT_VEC3"
        },
        "attribute_9": {
            "bufferView": "bufferView_31",
            "byteOffset": 113088,
            "byteStride": 8,
            "count": 282,
            "max": [
                1,
                1,
                1
            ],
            "min": [
                0,
                0,
                0
            ],
            "type": "FLOAT_VEC2"
        }
    },
    "bufferViews": {
        "bufferView_31": {
            "buffer": "life_stealer.bin",
            "byteLength": 195540,
            "byteOffset": 0,
            "target": "ARRAY_BUFFER"
        },
        "bufferView_32": {
            "buffer": "life_stealer.bin",
            "byteLength": 38238,
            "byteOffset": 195540,
            "target": "ELEMENT_ARRAY_BUFFER"
        }
    },
    "buffers": {
        "life_stealer.bin": {
            "byteLength": 233778,
            "path": "life_stealer.bin"
        }
    },
    "cameras": {},
    "images": {
        "image_0": {
            "path": "textures/lifestealer_torso_color.png"
        },
        "image_1": {
            "path": "textures/lifestealer_pants_color.png"
        },
        "image_2": {
            "path": "textures/lifestealer_loincloth.png"
        },
        "image_3": {
            "path": "textures/lifestealer_chains_color.png"
        },
        "image_4": {
            "path": "textures/lifestealer_head_color.png"
        }
    },
    "indices": {
        "indices_12": {
            "bufferView": "bufferView_32",
            "byteOffset": 20988,
            "count": 1596,
            "type": "UNSIGNED_SHORT"
        },
        "indices_18": {
            "bufferView": "bufferView_32",
            "byteOffset": 24180,
            "count": 1161,
            "type": "UNSIGNED_SHORT"
        },
        "indices_24": {
            "bufferView": "bufferView_32",
            "byteOffset": 26502,
            "count": 1902,
            "type": "UNSIGNED_SHORT"
        },
        "indices_30": {
            "bufferView": "bufferView_32",
            "byteOffset": 30306,
            "count": 3966,
            "type": "UNSIGNED_SHORT"
        },
        "indices_6": {
            "bufferView": "bufferView_32",
            "byteOffset": 0,
            "count": 10494,
            "type": "UNSIGNED_SHORT"
        }
    },
    "lights": {},
    "materials": {
        "Material #50": {
            "instanceTechnique": {
                "technique": "technique_0",
                "values": [
                    {
                        "parameter": "ambient",
                        "value": [
                            0.5879999995231628,
                            0.5879999995231628,
                            0.5879999995231628
                        ]
                    },
                    {
                        "parameter": "emission",
                        "value": [
                            0,
                            0,
                            0
                        ]
                    },
                    {
                        "parameter": "diffuse",
                        "value": "Map #12"
                    },
                    {
                        "parameter": "shininess",
                        "value": 2
                    },
                    {
                        "parameter": "specular",
                        "value": [
                            0.8999999761581421,
                            0.8999999761581421,
                            0.8999999761581421
                        ]
                    }
                ]
            },
            "name": "Material #50"
        },
        "Material #61": {
            "instanceTechnique": {
                "technique": "technique_0",
                "values": [
                    {
                        "parameter": "ambient",
                        "value": [
                            0.5879999995231628,
                            0.5879999995231628,
                            0.5879999995231628
                        ]
                    },
                    {
                        "parameter": "emission",
                        "value": [
                            0,
                            0,
                            0
                        ]
                    },
                    {
                        "parameter": "diffuse",
                        "value": "Map #13"
                    },
                    {
                        "parameter": "shininess",
                        "value": 2
                    },
                    {
                        "parameter": "specular",
                        "value": [
                            0.8999999761581421,
                            0.8999999761581421,
                            0.8999999761581421
                        ]
                    }
                ]
            },
            "name": "Material #61"
        },
        "Material #72": {
            "instanceTechnique": {
                "technique": "technique_0",
                "values": [
                    {
                        "parameter": "ambient",
                        "value": [
                            0.5879999995231628,
                            0.5879999995231628,
                            0.5879999995231628
                        ]
                    },
                    {
                        "parameter": "emission",
                        "value": [
                            0,
                            0,
                            0
                        ]
                    },
                    {
                        "parameter": "diffuse",
                        "value": "Map #14"
                    },
                    {
                        "parameter": "shininess",
                        "value": 2
                    },
                    {
                        "parameter": "specular",
                        "value": [
                            0.8999999761581421,
                            0.8999999761581421,
                            0.8999999761581421
                        ]
                    }
                ]
            },
            "name": "Material #72"
        },
        "Material #83": {
            "instanceTechnique": {
                "technique": "technique_0",
                "values": [
                    {
                        "parameter": "ambient",
                        "value": [
                            0.5879999995231628,
                            0.5879999995231628,
                            0.5879999995231628
                        ]
                    },
                    {
                        "parameter": "emission",
                        "value": [
                            0,
                            0,
                            0
                        ]
                    },
                    {
                        "parameter": "diffuse",
                        "value": "Map #15"
                    },
                    {
                        "parameter": "shininess",
                        "value": 2
                    },
                    {
                        "parameter": "specular",
                        "value": [
                            0.8999999761581421,
                            0.8999999761581421,
                            0.8999999761581421
                        ]
                    }
                ]
            },
            "name": "Material #83"
        },
        "Material #94": {
            "instanceTechnique": {
                "technique": "technique_0",
                "values": [
                    {
                        "parameter": "ambient",
                        "value": [
                            0.5879999995231628,
                            0.5879999995231628,
                            0.5879999995231628
                        ]
                    },
                    {
                        "parameter": "emission",
                        "value": [
                            0,
                            0,
                            0
                        ]
                    },
                    {
                        "parameter": "diffuse",
                        "value": "Map #16"
                    },
                    {
                        "parameter": "shininess",
                        "value": 2
                    },
                    {
                        "parameter": "specular",
                        "value": [
                            0.8999999761581421,
                            0.8999999761581421,
                            0.8999999761581421
                        ]
                    }
                ]
            },
            "name": "Material #94"
        }
    },
    "meshes": {
        "SMDImport-mesh": {
            "name": "SMDImport-mesh",
            "primitives": [
                {
                    "indices": "indices_6",
                    "material": "Material #50",
                    "semantics": {
                        "JOINT": "attribute_4",
                        "NORMAL": "attribute_2",
                        "POSITION": "attribute_1",
                        "TEXCOORD_0": "attribute_3",
                        "WEIGHT": "attribute_5"
                    },
                    "skin": "skin_0"
                }
            ]
        },
        "SMDImport001-mesh": {
            "name": "SMDImport001-mesh",
            "primitives": [
                {
                    "indices": "indices_12",
                    "material": "Material #61",
                    "semantics": {
                        "JOINT": "attribute_10",
                        "NORMAL": "attribute_8",
                        "POSITION": "attribute_7",
                        "TEXCOORD_0": "attribute_9",
                        "WEIGHT": "attribute_11"
                    },
                    "skin": "skin_1"
                }
            ]
        },
        "SMDImport002-mesh": {
            "name": "SMDImport002-mesh",
            "primitives": [
                {
                    "indices": "indices_18",
                    "material": "Material #72",
                    "semantics": {
                        "JOINT": "attribute_16",
                        "NORMAL": "attribute_14",
                        "POSITION": "attribute_13",
                        "TEXCOORD_0": "attribute_15",
                        "WEIGHT": "attribute_17"
                    },
                    "skin": "skin_2"
                }
            ]
        },
        "SMDImport003-mesh": {
            "name": "SMDImport003-mesh",
            "primitives": [
                {
                    "indices": "indices_24",
                    "material": "Material #83",
                    "semantics": {
                        "JOINT": "attribute_22",
                        "NORMAL": "attribute_20",
                        "POSITION": "attribute_19",
                        "TEXCOORD_0": "attribute_21",
                        "WEIGHT": "attribute_23"
                    },
                    "skin": "skin_3"
                }
            ]
        },
        "SMDImport004-mesh": {
            "name": "SMDImport004-mesh",
            "primitives": [
                {
                    "indices": "indices_30",
                    "material": "Material #94",
                    "semantics": {
                        "JOINT": "attribute_28",
                        "NORMAL": "attribute_26",
                        "POSITION": "attribute_25",
                        "TEXCOORD_0": "attribute_27",
                        "WEIGHT": "attribute_29"
                    },
                    "skin": "skin_4"
                }
            ]
        }
    },
    "nodes": {
        "B_flap_R0C0": {
            "children": [
                "B_flap_R1C0"
            ],
            "matrix": [
                -0.4405278265476228,
                0.006166504696011495,
                -0.8977177739143372,
                0,
                0.880300172862405,
                0.1991079946000743,
                -0.43061297515731783,
                0,
                0.1760874105432281,
                -0.9799581195815011,
                -0.09314098820915168,
                0,
                -10.630493164062502,
                -11.256893157958984,
                9.625991821289062,
                1
            ],
            "name": "B_flap_R0C0"
        },
        "B_flap_R0C1": {
            "children": [
                "B_flap_R1C1"
            ],
            "matrix": [
                -0.4372605085372921,
                -0.002086183056235327,
                -0.8993325233459473,
                0,
                0.8993344291294131,
                2.1060865920133138e-7,
                -0.4372614356284334,
                0,
                0.0009123968008496726,
                -0.9999978542330447,
                0.0018760841477944749,
                0,
                -10.630489349365236,
                11.256892204284666,
                9.625999450683594,
                1
            ],
            "name": "B_flap_R0C1"
        },
        "B_flap_R1C0": {
            "children": [
                "B_flap_R2C0"
            ],
            "matrix": [
                0.9606648683547976,
                0.274862587451935,
                -0.039664596319198595,
                0,
                -0.273128025193295,
                0.9609662315670454,
                0.04409893603994822,
                0,
                0.05023749360740899,
                -0.03153079092706249,
                0.9982393388194724,
                0,
                15.955486297607422,
                0.00006103515625,
                -0.0001053810119637788,
                1
            ],
            "name": "B_flap_R1C0"
        },
        "B_flap_R1C1": {
            "children": [
                "B_flap_R2C1"
            ],
            "matrix": [
                0.9669907093048097,
                0.2548107504844665,
                -0.0003149997210130091,
                0,
                -0.25481043817309057,
                0.9669905860074015,
                0.0008589997887613774,
                0,
                0.0005234842354463302,
                -0.0007503797268014552,
                0.9999995231631196,
                0,
                15.955486297607422,
                0.00006866455078125,
                -9.536743181826068e-7,
                1
            ],
            "name": "B_flap_R1C1"
        },
        "B_flap_R2C0": {
            "children": [],
            "matrix": [
                1.000000238418579,
                -1.4901161138336505e-8,
                0.000004775822162642052,
                0,
                1.4901116673904369e-8,
                1.0000002384185789,
                9.313225687174187e-9,
                0,
                -0.000004775822162753074,
                -9.31315462249227e-9,
                1.000000238418508,
                0,
                16.877948760986328,
                0.000030517578125,
                -0.00014162063598543995,
                1
            ],
            "name": "B_flap_R2C0"
        },
        "B_flap_R2C1": {
            "children": [],
            "matrix": [
                1.0000001192092898,
                1.4901161249358807e-8,
                -9.998911991715431e-7,
                0,
                -1.4901161277114383e-8,
                1.0000001192092907,
                -5.820766096767752e-11,
                0,
                9.99891199170459e-7,
                5.822256039919246e-11,
                1.0000001192092896,
                0,
                16.8779296875,
                0.00006866455077414457,
                -0.000087738037109375,
                1
            ],
            "name": "B_flap_R2C1"
        },
        "HCuff_R0C0": {
            "children": [
                "HCuff_R1C0"
            ],
            "matrix": [
                0.153130516409874,
                -0.9293341040611268,
                0.3359900116920472,
                0,
                0.4374616248257291,
                0.3686204116053326,
                0.8202112736952598,
                0,
                -0.8861028598019671,
                0.02138335508527206,
                0.46299492318335367,
                0,
                -38.448455810546875,
                9.361568450927741,
                -0.8136901855468821,
                1
            ],
            "name": "HCuff_R0C0"
        },
        "HCuff_R1C0": {
            "children": [
                "HCuff_R2C0"
            ],
            "matrix": [
                0.9999999999999999,
                8.526512839709114e-14,
                -4.263256425148513e-14,
                0,
                -8.52651287147285e-14,
                0.9999999999999998,
                0,
                0,
                4.263256433089447e-14,
                -5.551115123125783e-17,
                0.9999999999999999,
                0,
                -7.249935150146484,
                -0.000003814697265625,
                0.000003814697265625,
                1
            ],
            "name": "HCuff_R1C0"
        },
        "HCuff_R2C0": {
            "children": [
                "HCuff_R3C0"
            ],
            "matrix": [
                1.0000000000000002,
                5.684341891374757e-14,
                -5.684341867551956e-14,
                0,
                -5.684341917844537e-14,
                0.9999999999999998,
                5.551115123125783e-17,
                0,
                5.684341864904978e-14,
                0,
                1,
                0,
                -11.402797698974616,
                -0.00002288818359375,
                0.00002288818359375,
                1
            ],
            "name": "HCuff_R2C0"
        },
        "HCuff_R3C0": {
            "children": [
                "HCuff_R4C0"
            ],
            "matrix": [
                0.9999999999999998,
                8.526512850297026e-14,
                -7.105427304661443e-14,
                0,
                -8.52651281853329e-14,
                0.9999999999999997,
                0,
                0,
                7.105427336425178e-14,
                0,
                0.9999999999999998,
                0,
                -11.859954833984375,
                -0.00002288818359375,
                0.00002288818359375,
                1
            ],
            "name": "HCuff_R3C0"
        },
        "HCuff_R4C0": {
            "children": [
                "HCuff_R5C0"
            ],
            "matrix": [
                1,
                1.4210854731083871e-13,
                -8.526512842356092e-14,
                0,
                -1.4210854715202004e-13,
                0.9999999999999998,
                5.551115123125783e-17,
                0,
                8.526512784122577e-14,
                0,
                0.9999999999999998,
                0,
                -10.97890472412108,
                -0.00002288818359375,
                0.000026702880859375,
                1
            ],
            "name": "HCuff_R4C0"
        },
        "HCuff_R5C0": {
            "children": [],
            "matrix": [
                1,
                5.6843418807868456e-14,
                -9.947598358874918e-14,
                0,
                -5.684341886080802e-14,
                1,
                1.1102230246251565e-16,
                0,
                9.947598197409262e-14,
                5.551115123125783e-17,
                0.9999999999999998,
                0,
                -11.55673980712892,
                -0.00002288818359375,
                0.00003433227538351957,
                1
            ],
            "name": "HCuff_R5C0"
        },
        "Head_0": {
            "children": [
                "Head_1"
            ],
            "matrix": [
                0.8678556680679321,
                -2.7998672411316487e-14,
                0.4968169033527374,
                0,
                3.253339715033164e-14,
                1.0000000000000002,
                -4.742609493241014e-16,
                0,
                -0.4968169033527374,
                1.6574731720933114e-14,
                0.8678556680679321,
                0,
                16.94105148315431,
                -2.7284841087069165e-12,
                0.00003814697265625,
                1
            ],
            "name": "Head_0"
        },
        "Head_1": {
            "children": [
                "Jaw"
            ],
            "matrix": [
                0.8792851567268372,
                2.372679054043791e-20,
                -0.4762957394123077,
                0,
                1.2550539266560248e-15,
                1,
                2.316993205466486e-15,
                0,
                0.47629573941230774,
                -2.635074537392659e-15,
                0.8792851567268372,
                0,
                13.810623168945312,
                -9.999976100516506e-7,
                -0.000022888183607960855,
                1
            ],
            "name": "Head_1"
        },
        "Jaw": {
            "children": [],
            "matrix": [
                0.9999999999999998,
                5.684344608486957e-14,
                4.235164736271502e-22,
                0,
                -5.684344605877724e-14,
                1,
                -2.5410988717396154e-21,
                0,
                -4.235164736271502e-22,
                2.541098766032254e-21,
                0.9999999999999998,
                0,
                2.1677017211914062,
                0.000003999997716164216,
                -2.8788986206054688,
                1
            ],
            "name": "Jaw"
        },
        "Root_0": {
            "children": [
                "thigh_R",
                "thigh_L",
                "Spine_0",
                "B_flap_R0C0",
                "B_flap_R0C1"
            ],
            "matrix": [
                3.139164733214211e-7,
                -1,
                0,
                0,
                1,
                3.139164733214211e-7,
                0,
                0,
                0,
                0,
                1,
                0,
                0,
                10.929702758789062,
                80.7830810546875,
                1
            ],
            "name": "Root_0"
        },
        "SMDImport": {
            "children": [],
            "matrix": [
                1,
                0,
                0,
                0,
                0,
                1,
                0,
                0,
                0,
                0,
                1,
                0,
                0,
                0,
                0,
                1
            ],
            "meshes": [
                "SMDImport-mesh"
            ],
            "name": "SMDImport"
        },
        "SMDImport001": {
            "children": [],
            "matrix": [
                1,
                0,
                0,
                0,
                0,
                1,
                0,
                0,
                0,
                0,
                1,
                0,
                0,
                0,
                0,
                1
            ],
            "meshes": [
                "SMDImport001-mesh"
            ],
            "name": "SMDImport001"
        },
        "SMDImport002": {
            "children": [],
            "matrix": [
                1,
                0,
                0,
                0,
                0,
                1,
                0,
                0,
                0,
                0,
                1,
                0,
                0,
                0,
                0,
                1
            ],
            "meshes": [
                "SMDImport002-mesh"
            ],
            "name": "SMDImport002"
        },
        "SMDImport003": {
            "children": [],
            "matrix": [
                1,
                0,
                0,
                0,
                0,
                1,
                0,
                0,
                0,
                0,
                1,
                0,
                0,
                0,
                0,
                1
            ],
            "meshes": [
                "SMDImport003-mesh"
            ],
            "name": "SMDImport003"
        },
        "SMDImport004": {
            "children": [],
            "matrix": [
                1,
                0,
                0,
                0,
                0,
                1,
                0,
                0,
                0,
                0,
                1,
                0,
                0,
                0,
                0,
                1
            ],
            "meshes": [
                "SMDImport004-mesh"
            ],
            "name": "SMDImport004"
        },
        "Spine_0": {
            "children": [
                "Spine_1"
            ],
            "matrix": [
                0.9647491574287415,
                0,
                0.2631712257862091,
                0,
                0,
                1,
                0,
                0,
                -0.2631712257862091,
                -1.3234889800848443e-23,
                0.9647491574287415,
                0,
                8.859186172485352,
                -0.000004999999873689376,
                8.678207397460938,
                1
            ],
            "name": "Spine_0"
        },
        "Spine_1": {
            "children": [
                "Spine_2"
            ],
            "matrix": [
                0.9748447537422184,
                -5.293955920339377e-23,
                -0.22288507223129278,
                0,
                2.9361390783564596e-16,
                1,
                1.2841956654633955e-15,
                0,
                0.22288507223129275,
                -1.317333566841729e-15,
                0.9748447537422184,
                0,
                15.669233322143555,
                -0.000005000000328436727,
                0,
                1
            ],
            "name": "Spine_1"
        },
        "Spine_2": {
            "children": [
                "Spine_3"
            ],
            "matrix": [
                0.9902446269989011,
                5.671283341728845e-14,
                -0.13934013247489926,
                0,
                -5.644987363050564e-14,
                1,
                5.839303684043831e-15,
                0,
                0.13934013247489926,
                2.0833937767652303e-15,
                0.9902446269989013,
                0,
                26.603488922119126,
                -0.000004999998964194672,
                -0.0000457763671875,
                1
            ],
            "name": "Spine_2"
        },
        "Spine_3": {
            "children": [
                "clavicle_R",
                "Head_0",
                "clavicle_L"
            ],
            "matrix": [
                0.9972058534622195,
                -5.374952521180942e-17,
                0.07470223307609561,
                0,
                -1.1700398780697812e-16,
                1,
                2.281412309106147e-15,
                0,
                -0.07470223307609561,
                -2.283778162591669e-15,
                0.9972058534622197,
                0,
                12.424274444580085,
                -9.99998519546354e-7,
                0.0000152587890625,
                1
            ],
            "name": "Spine_3"
        },
        "ankle_L": {
            "children": [
                "toeBase_L"
            ],
            "matrix": [
                0.3032931387424471,
                -0.16860672831535345,
                0.937862157821655,
                0,
                0.8341207394715152,
                -0.42888187671214606,
                -0.3468478438091847,
                0,
                0.46071280537990256,
                0.887486545131123,
                0.010561434762388355,
                0,
                40.020084381103516,
                -0.000030517578125,
                0.00005340576171875,
                1
            ],
            "name": "ankle_L"
        },
        "ankle_R": {
            "children": [
                "toeBase_R"
            ],
            "matrix": [
                0.6430863142013554,
                -0.3450303077697756,
                0.683662056922913,
                0,
                0.6537639166722098,
                -0.21754482168080796,
                -0.7247530842050118,
                0,
                0.3987888753609983,
                0.9130322715233852,
                0.08566825824830984,
                0,
                -40.02006912231447,
                0.00008010864258523043,
                0.00008106231689808396,
                1
            ],
            "name": "ankle_R"
        },
        "bicep_L": {
            "children": [
                "elbow_L"
            ],
            "matrix": [
                0.915931761264801,
                -0.38358545303344727,
                0.1180313825607301,
                0,
                -0.0884934013248905,
                -0.47988837739493784,
                -0.8728550109094486,
                0,
                0.3914563527541437,
                0.7890305872481163,
                -0.47348976312149366,
                0,
                18.608657836914062,
                0.000003814697272730427,
                -0.000003814697265625,
                1
            ],
            "name": "bicep_L"
        },
        "bicep_R": {
            "children": [
                "elbow_R"
            ],
            "matrix": [
                0.908928692340851,
                -0.3953784108161929,
                0.13238030672073367,
                0,
                -0.0862516663323698,
                -0.4889231083779545,
                -0.8680522817680604,
                0,
                0.4079329053212267,
                0.7775795701406469,
                -0.478498267908594,
                0,
