{
    "accessors": {
        "attrbute_1": {
            "bufferView": "bufferView_31",
            "byteOffset": 0,
            "byteStride": 12,
            "count": 2300,
            "max": [
                76.75135803222656,
                45.3442268371582,
                122.97000122070312,
                0
            ],
            "min": [
                -78.20585632324219,
                -114.21028137207031,
                -5.9038310050964355,
                0
            ],
            "type": 35665
        },
        "attrbute_10": {
            "bufferView": "bufferView_31",
            "byteOffset": 148304,
            "byteStride": 16,
            "count": 322,
            "max": [
                9,
                9,
                7,
                -1
            ],
            "min": [
                0,
                -1,
                -1,
                -1
            ],
            "type": 35666
        },
        "attrbute_11": {
            "bufferView": "bufferView_31",
            "byteOffset": 153456,
            "byteStride": 12,
            "count": 322,
            "max": [
                1,
                0.9998250007629395,
                0.8494750261306763
            ],
            "min": [
                0.00017499999376013875,
                0,
                0
            ],
            "type": 35665
        },
        "attrbute_13": {
            "bufferView": "bufferView_31",
            "byteOffset": 157320,
            "byteStride": 12,
            "count": 270,
            "max": [
                20.536500930786133,
                30.95470428466797,
                96.77658081054688,
                0
            ],
            "min": [
                -20.27201271057129,
                -5.234335899353027,
                41.91189193725586,
                0
            ],
            "type": 35665
        },
        "attrbute_14": {
            "bufferView": "bufferView_31",
            "byteOffset": 160560,
            "byteStride": 12,
            "count": 270,
            "max": [
                0.9971920251846313,
                0.9981989860534668,
                0.9857779741287231,
                0
            ],
            "min": [
                -0.9963380098342896,
                -0.9975590109825134,
                -0.7649160027503967,
                0
            ],
            "type": 35665
        },
        "attrbute_15": {
            "bufferView": "bufferView_31",
            "byteOffset": 163800,
            "byteStride": 8,
            "count": 270,
            "max": [
                0.9932990074157715,
                -0.01659799925982952
            ],
            "min": [
                0.01246699970215559,
                -0.9943159818649292
            ],
            "type": 35664
        },
        "attrbute_16": {
            "bufferView": "bufferView_31",
            "byteOffset": 165960,
            "byteStride": 16,
            "count": 270,
            "max": [
                6,
                9,
                9,
                -1
            ],
            "min": [
                0,
                -1,
                -1,
                -1
            ],
            "type": 35666
        },
        "attrbute_17": {
            "bufferView": "bufferView_31",
            "byteOffset": 170280,
            "byteStride": 12,
            "count": 270,
            "max": [
                1,
                0.8568350076675415,
                0.8284940123558044
            ],
            "min": [
                0.03275100141763687,
                0,
                0
            ],
            "type": 35665
        },
        "attrbute_19": {
            "bufferView": "bufferView_31",
            "byteOffset": 173520,
            "byteStride": 12,
            "count": 643,
            "max": [
                143.4847412109375,
                29.465486526489258,
                35.80617141723633,
                0
            ],
            "min": [
                -119.8320083618164,
                -65.21727752685547,
                1.1366480588912964,
                0
            ],
            "type": 35665
        },
        "attrbute_2": {
            "bufferView": "bufferView_31",
            "byteOffset": 27600,
            "byteStride": 12,
            "count": 2300,
            "max": [
                0.9999690055847168,
                0.9909970164299011,
                0.9999690055847168,
                0
            ],
            "min": [
                -0.9999690055847168,
                -0.9992679953575134,
                -0.9998469948768616,
                0
            ],
            "type": 35665
        },
        "attrbute_20": {
            "bufferView": "bufferView_31",
            "byteOffset": 181236,
            "byteStride": 12,
            "count": 643,
            "max": [
                0.9960020184516907,
                0.9942629933357239,
                0.9996640086174011,
                0
            ],
            "min": [
                -0.9824820160865784,
                -0.9963679909706116,
                -0.9984130263328552,
                0
            ],
            "type": 35665
        },
        "attrbute_21": {
            "bufferView": "bufferView_31",
            "byteOffset": 188952,
            "byteStride": 8,
            "count": 643,
            "max": [
                1.0016900300979614,
                -0.0046640001237392426
            ],
            "min": [
                0.0061160000041127205,
                -1.0012259483337402
            ],
            "type": 35664
        },
        "attrbute_22": {
            "bufferView": "bufferView_31",
            "byteOffset": 194096,
            "byteStride": 16,
            "count": 643,
            "max": [
                20,
                20,
                4,
                -1
            ],
            "min": [
                0,
                -1,
                -1,
                -1
            ],
            "type": 35666
        },
        "attrbute_23": {
            "bufferView": "bufferView_31",
            "byteOffset": 204384,
            "byteStride": 12,
            "count": 643,
            "max": [
                1,
                0.9990919828414917,
                0.05181699991226196
            ],
            "min": [
                0.0009079999872483313,
                0,
                0
            ],
            "type": 35665
        },
        "attrbute_25": {
            "bufferView": "bufferView_31",
            "byteOffset": 212100,
            "byteStride": 12,
            "count": 861,
            "max": [
                12.707601547241211,
                -72.04818725585938,
                112.79000854492188,
                0
            ],
            "min": [
                -13.111898422241211,
                -102.71598815917969,
                65.32512664794922,
                0
            ],
            "type": 35665
        },
        "attrbute_26": {
            "bufferView": "bufferView_31",
            "byteOffset": 222432,
            "byteStride": 12,
            "count": 861,
            "max": [
                0.9989010095596313,
                0.9549239873886108,
                0.9972230195999146,
                0
            ],
            "min": [
                -0.9989619851112366,
                -0.9993590116500854,
                -0.9987180233001709,
                0
            ],
            "type": 35665
        },
        "attrbute_27": {
            "bufferView": "bufferView_31",
            "byteOffset": 232764,
            "byteStride": 8,
            "count": 861,
            "max": [
                1.0013799667358398,
                0.0003800000122282654
            ],
            "min": [
                -0.00046099998871795833,
                -0.993835985660553
            ],
            "type": 35664
        },
        "attrbute_28": {
            "bufferView": "bufferView_31",
            "byteOffset": 239652,
            "byteStride": 16,
            "count": 861,
            "max": [
                2,
                2,
                3,
                -1
            ],
            "min": [
                0,
                -1,
                -1,
                -1
            ],
            "type": 35666
        },
        "attrbute_29": {
            "bufferView": "bufferView_31",
            "byteOffset": 253428,
            "byteStride": 12,
            "count": 861,
            "max": [
                1,
                0.9976599812507629,
                0.13131199777126312
            ],
            "min": [
                0.0023399998899549246,
                0,
                0
            ],
            "type": 35665
        },
        "attrbute_3": {
            "bufferView": "bufferView_31",
            "byteOffset": 55200,
            "byteStride": 8,
            "count": 2300,
            "max": [
                0.9981729984283447,
                0.00419999985024333
            ],
            "min": [
                0.0009950000094249845,
                -0.9932839870452881
            ],
            "type": 35664
        },
        "attrbute_4": {
            "bufferView": "bufferView_31",
            "byteOffset": 73600,
            "byteStride": 16,
            "count": 2300,
            "max": [
                37,
                37,
                36,
                -1
            ],
            "min": [
                0,
                -1,
                -1,
                -1
            ],
            "type": 35666
        },
        "attrbute_5": {
            "bufferView": "bufferView_31",
            "byteOffset": 110400,
            "byteStride": 12,
            "count": 2300,
            "max": [
                1,
                0.9998109936714172,
                0.9875270128250122
            ],
            "min": [
                0.00018899999849963933,
                0,
                0
            ],
            "type": 35665
        },
        "attrbute_7": {
            "bufferView": "bufferView_31",
            "byteOffset": 138000,
            "byteStride": 12,
            "count": 322,
            "max": [
                44.0992431640625,
                29.88028335571289,
                97.1843032836914,
                0
            ],
            "min": [
                -42.02602005004883,
                -9.967973709106445,
                29.582286834716797,
                0
            ],
            "type": 35665
        },
        "attrbute_8": {
            "bufferView": "bufferView_31",
            "byteOffset": 141864,
            "byteStride": 12,
            "count": 322,
            "max": [
                0.9940789937973022,
                0.9928280115127563,
                0.9984740018844604,
                0
            ],
            "min": [
                -0.9903870224952698,
                -0.9985049962997437,
                -0.9976810216903687,
                0
            ],
            "type": 35665
        },
        "attrbute_9": {
            "bufferView": "bufferView_31",
            "byteOffset": 145728,
            "byteStride": 8,
            "count": 322,
            "max": [
                0.9919710159301758,
                -0.01235899981111288
            ],
            "min": [
                0.0070940000005066395,
                -0.9898930191993713
            ],
            "type": 35664
        },
        "indices_12": {
            "bufferView": "bufferView_33",
            "byteOffset": 20988,
            "count": 1596,
            "type": 5123
        },
        "indices_18": {
            "bufferView": "bufferView_33",
            "byteOffset": 24180,
            "count": 1161,
            "type": 5123
        },
        "indices_24": {
            "bufferView": "bufferView_33",
            "byteOffset": 26502,
            "count": 1902,
            "type": 5123
        },
        "indices_30": {
            "bufferView": "bufferView_33",
            "byteOffset": 30306,
            "count": 3966,
            "type": 5123
        },
        "indices_6": {
            "bufferView": "bufferView_33",
            "byteOffset": 0,
            "count": 10494,
            "type": 5123
        }
    },
    "animations": {},
    "asset": {},
    "bufferViews": {
        "bufferView_31": {
            "buffer": "life_stealer.bin",
            "byteLength": 263760,
            "byteOffset": 0,
            "target": 34962
        },
        "bufferView_32": {
            "buffer": "life_stealer.bin",
            "byteLength": 6272,
            "byteOffset": 263760
        },
        "bufferView_33": {
            "buffer": "life_stealer.bin",
            "byteLength": 38238,
            "byteOffset": 270032,
            "target": 34963
        }
    },
    "buffers": {
        "life_stealer.bin": {
            "byteLength": 308270,
            "path": "life_stealer.bin"
        }
    },
    "cameras": {},
    "images": {
        "image_0": {
            "path": "textures/lifestealer_torso_color.png"
        },
        "image_1": {
            "path": "textures/lifestealer_pants_color.png"
        },
        "image_2": {
            "path": "textures/lifestealer_loincloth.png"
        },
        "image_3": {
            "path": "textures/lifestealer_chains_color.png"
        },
        "image_4": {
            "path": "textures/lifestealer_head_color.png"
        }
    },
    "lights": {},
    "materials": {
        "Material #50": {
            "instanceTechnique": {
                "technique": "technique_0",
                "values": {
                    "ambient": [
                        0.5879999995231628,
                        0.5879999995231628,
                        0.5879999995231628
                    ],
                    "diffuse": "Map #12",
                    "emission": [
                        0,
                        0,
                        0
                    ],
                    "shininess": 2,
                    "specular": [
                        0.8999999761581421,
                        0.8999999761581421,
                        0.8999999761581421
                    ],
                    "transparency": 1
                }
            },
            "name": "Material #50"
        },
        "Material #61": {
            "instanceTechnique": {
                "technique": "technique_0",
                "values": {
                    "ambient": [
                        0.5879999995231628,
                        0.5879999995231628,
                        0.5879999995231628
                    ],
                    "diffuse": "Map #13",
                    "emission": [
                        0,
                        0,
                        0
                    ],
                    "shininess": 2,
                    "specular": [
                        0.8999999761581421,
                        0.8999999761581421,
                        0.8999999761581421
                    ],
                    "transparency": 1
                }
            },
            "name": "Material #61"
        },
        "Material #72": {
            "instanceTechnique": {
                "technique": "technique_0",
                "values": {
                    "ambient": [
                        0.5879999995231628,
                        0.5879999995231628,
                        0.5879999995231628
                    ],
                    "diffuse": "Map #14",
                    "emission": [
                        0,
                        0,
                        0
                    ],
                    "shininess": 2,
                    "specular": [
                        0.8999999761581421,
                        0.8999999761581421,
                        0.8999999761581421
                    ],
                    "transparency": 1
                }
            },
            "name": "Material #72"
        },
        "Material #83": {
            "instanceTechnique": {
                "technique": "technique_0",
                "values": {
                    "ambient": [
                        0.5879999995231628,
                        0.5879999995231628,
                        0.5879999995231628
                    ],
                    "diffuse": "Map #15",
                    "emission": [
                        0,
                        0,
                        0
                    ],
                    "shininess": 2,
                    "specular": [
                        0.8999999761581421,
                        0.8999999761581421,
                        0.8999999761581421
                    ],
                    "transparency": 1
                }
            },
            "name": "Material #83"
        },
        "Material #94": {
            "instanceTechnique": {
                "technique": "technique_0",
                "values": {
                    "ambient": [
                        0.5879999995231628,
                        0.5879999995231628,
                        0.5879999995231628
                    ],
                    "diffuse": "Map #16",
                    "emission": [
                        0,
                        0,
                        0
                    ],
                    "shininess": 2,
                    "specular": [
                        0.8999999761581421,
                        0.8999999761581421,
                        0.8999999761581421
                    ],
                    "transparency": 1
                }
            },
            "name": "Material #94"
        }
    },
    "meshes": {
        "SMDImport-mesh": {
            "name": "SMDImport-mesh",
            "primitives": [
                {
                    "attributes": {
                        "JOINT": "attrbute_4",
                        "NORMAL": "attrbute_2",
                        "POSITION": "attrbute_1",
                        "TEXCOORD_0": "attrbute_3",
                        "WEIGHT": "attrbute_5"
                    },
                    "indices": "indices_6",
                    "material": "Material #50"
                }
            ]
        },
        "SMDImport001-mesh": {
            "name": "SMDImport001-mesh",
            "primitives": [
                {
                    "attributes": {
                        "JOINT": "attrbute_10",
                        "NORMAL": "attrbute_8",
                        "POSITION": "attrbute_7",
                        "TEXCOORD_0": "attrbute_9",
                        "WEIGHT": "attrbute_11"
                    },
                    "indices": "indices_12",
                    "material": "Material #61"
                }
            ]
        },
        "SMDImport002-mesh": {
            "name": "SMDImport002-mesh",
            "primitives": [
                {
                    "attributes": {
                        "JOINT": "attrbute_16",
                        "NORMAL": "attrbute_14",
                        "POSITION": "attrbute_13",
                        "TEXCOORD_0": "attrbute_15",
                        "WEIGHT": "attrbute_17"
                    },
                    "indices": "indices_18",
                    "material": "Material #72"
                }
            ]
        },
        "SMDImport003-mesh": {
            "name": "SMDImport003-mesh",
            "primitives": [
                {
                    "attributes": {
                        "JOINT": "attrbute_22",
                        "NORMAL": "attrbute_20",
                        "POSITION": "attrbute_19",
                        "TEXCOORD_0": "attrbute_21",
                        "WEIGHT": "attrbute_23"
                    },
                    "indices": "indices_24",
                    "material": "Material #83"
                }
            ]
        },
        "SMDImport004-mesh": {
            "name": "SMDImport004-mesh",
            "primitives": [
                {
                    "attributes": {
                        "JOINT": "attrbute_28",
                        "NORMAL": "attrbute_26",
                        "POSITION": "attrbute_25",
                        "TEXCOORD_0": "attrbute_27",
                        "WEIGHT": "attrbute_29"
                    },
                    "indices": "indices_30",
                    "material": "Material #94"
                }
            ]
        }
    },
    "nodes": {
        "B_flap_R0C0": {
            "children": [
                "B_flap_R1C0"
            ],
            "jointId": "B_flap_R0C0",
            "matrix": [
                -0.4405278265476228,
                0.006166504696011495,
                -0.8977177739143372,
                0,
                0.880300172862405,
                0.1991079946000743,
                -0.43061297515731783,
                0,
                0.1760874105432281,
                -0.9799581195815011,
                -0.09314098820915168,
                0,
                -10.630493164062502,
                -11.256893157958984,
                9.625991821289062,
                1
            ],
            "name": "B_flap_R0C0"
        },
        "B_flap_R0C1": {
            "children": [
                "B_flap_R1C1"
            ],
            "jointId": "B_flap_R0C1",
            "matrix": [
                -0.4372605085372921,
                -0.002086183056235327,
                -0.8993325233459473,
                0,
                0.8993344291294131,
                2.1060865920133138e-7,
                -0.4372614356284334,
                0,
                0.0009123968008496726,
                -0.9999978542330447,
                0.0018760841477944749,
                0,
                -10.630489349365236,
                11.256892204284666,
                9.625999450683594,
                1
            ],
            "name": "B_flap_R0C1"
        },
        "B_flap_R1C0": {
            "children": [
                "B_flap_R2C0"
            ],
            "jointId": "B_flap_R1C0",
            "matrix": [
                0.9606648683547976,
                0.274862587451935,
                -0.039664596319198595,
                0,
                -0.273128025193295,
                0.9609662315670454,
                0.04409893603994822,
                0,
                0.05023749360740899,
                -0.03153079092706249,
                0.9982393388194724,
                0,
                15.955486297607422,
                0.00006103515625,
                -0.0001053810119637788,
                1
            ],
            "name": "B_flap_R1C0"
        },
        "B_flap_R1C1": {
            "children": [
                "B_flap_R2C1"
            ],
            "jointId": "B_flap_R1C1",
            "matrix": [
                0.9669907093048097,
                0.2548107504844665,
                -0.0003149997210130091,
                0,
                -0.25481043817309057,
                0.9669905860074015,
                0.0008589997887613774,
                0,
                0.0005234842354463302,
                -0.0007503797268014552,
                0.9999995231631196,
                0,
                15.955486297607422,
                0.00006866455078125,
                -9.536743181826068e-7,
                1
            ],
            "name": "B_flap_R1C1"
        },
        "B_flap_R2C0": {
            "children": [],
            "jointId": "B_flap_R2C0",
            "matrix": [
                1.000000238418579,
                -1.4901161138336505e-8,
                0.000004775822162642052,
                0,
                1.4901116673904369e-8,
                1.0000002384185789,
                9.313225687174187e-9,
                0,
                -0.000004775822162753074,
                -9.31315462249227e-9,
                1.000000238418508,
                0,
                16.877948760986328,
                0.000030517578125,
                -0.00014162063598543995,
                1
            ],
            "name": "B_flap_R2C0"
        },
        "B_flap_R2C1": {
            "children": [],
            "jointId": "B_flap_R2C1",
            "matrix": [
                1.0000001192092898,
                1.4901161249358807e-8,
                -9.9989119917176e-7,
                0,
                -1.490116130486996e-8,
                1.0000001192092904,
                -5.820766096767752e-11,
                0,
                9.998911991708926e-7,
                5.822256039919246e-11,
                1.0000001192092896,
                0,
                16.8779296875,
                0.00006866455077414457,
                -0.000087738037109375,
                1
            ],
            "name": "B_flap_R2C1"
        },
        "HCuff_R0C0": {
            "children": [
                "HCuff_R1C0"
            ],
            "jointId": "HCuff_R0C0",
            "matrix": [
                0.15313051640987393,
                -0.9293341040611267,
                0.3359900116920472,
                0,
                0.437461624825729,
                0.36862041160533254,
                0.8202112736952599,
                0,
                -0.8861028598019671,
                0.021383355085272088,
                0.462994923183354,
                0,
                -38.448455810546875,
                9.361568450927734,
                -0.813690185546875,
                1
            ],
            "name": "HCuff_R0C0"
        },
        "HCuff_R1C0": {
            "children": [
                "HCuff_R2C0"
            ],
            "jointId": "HCuff_R1C0",
            "matrix": [
                1,
                8.526512855590982e-14,
                -4.2632563854438436e-14,
                0,
                -8.526512839709114e-14,
                1.0000000000000002,
                0,
                0,
                4.2632563880908215e-14,
                0,
                1,
                0,
                -7.249935150146484,
                -0.000003814697265625,
                0.000003814697265625,
                1
            ],
            "name": "HCuff_R1C0"
        },
        "HCuff_R2C0": {
            "children": [
                "HCuff_R3C0"
            ],
            "jointId": "HCuff_R2C0",
            "matrix": [
                1,
                5.6843418754928896e-14,
                -5.684341946961295e-14,
                0,
                -5.684341896668713e-14,
                1.0000000000000002,
                0,
                0,
                5.684341870198934e-14,
                -5.551115123125783e-17,
                1,
                0,
                -11.402797698974602,
                -0.00002288818359375,
                0.00002288818359375,
                1
            ],
            "name": "HCuff_R2C0"
        },
        "HCuff_R3C0": {
            "children": [
                "HCuff_R4C0"
            ],
            "jointId": "HCuff_R3C0",
            "matrix": [
                1,
                8.526512876766806e-14,
                -7.105427344366112e-14,
                0,
                -8.526512839709114e-14,
                1,
                0,
                0,
                7.10542736024798e-14,
                -5.551115123125783e-17,
                0.9999999999999998,
                0,
                -11.85995483398439,
                -0.00002288818359375,
                0.000022888183600855427,
                1
            ],
            "name": "HCuff_R3C0"
        },
        "HCuff_R4C0": {
            "children": [
                "HCuff_R5C0"
            ],
            "jointId": "HCuff_R4C0",
            "matrix": [
                1,
                1.4210854725789916e-13,
                -8.526512850297026e-14,
                0,
                -1.421085474696574e-13,
                1.0000000000000002,
                0,
                0,
                8.526512760299775e-14,
                0,
                0.9999999999999997,
                0,
                -10.97890472412108,
                -0.00002288818359375,
                0.000026702880859375,
                1
            ],
            "name": "HCuff_R4C0"
        },
        "HCuff_R5C0": {
            "children": [],
            "jointId": "HCuff_R5C0",
            "matrix": [
                1,
                5.684341870198934e-14,
                -9.94759836946283e-14,
                0,
                -5.684341928432449e-14,
                1,
                5.551115123125783e-17,
                0,
                9.947598165645527e-14,
                0,
                0.9999999999999998,
                0,
                -11.556739807128935,
                -0.00002288818359375,
                0.00003433227538351957,
                1
            ],
            "name": "HCuff_R5C0"
        },
        "Head_0": {
            "children": [
                "Head_1"
            ],
            "jointId": "Head_0",
            "matrix": [
                0.8678556680679321,
                -2.7998672411316487e-14,
                0.4968169033527374,
                0,
                3.253339715031222e-14,
                1.0000000000000002,
                -4.742609484973759e-16,
                0,
                -0.4968169033527374,
                1.6574731720933114e-14,
                0.8678556680679321,
                0,
                16.94105148315431,
                -2.7284841087069165e-12,
                0.00003814697265625,
                1
            ],
            "name": "Head_0"
        },
        "Head_1": {
            "children": [
                "Jaw"
            ],
            "jointId": "Head_1",
            "matrix": [
                0.8792851567268372,
                2.372679054043791e-20,
                -0.4762957394123077,
                0,
                1.255053927443775e-15,
                1,
                2.3169932069207383e-15,
                0,
                0.47629573941230774,
                -2.635074537392659e-15,
                0.8792851567268372,
                0,
                13.810623168945312,
                -9.999976100516506e-7,
                -0.000022888183607960855,
                1
            ],
            "name": "Head_1"
        },
        "Jaw": {
            "children": [],
            "jointId": "Jaw",
            "matrix": [
                0.9999999999999998,
                5.684344608486957e-14,
                4.235164736271502e-22,
                0,
                -5.684344605877723e-14,
                1,
                -2.541098775498585e-21,
                0,
                -4.235164736271502e-22,
                2.541098766032254e-21,
                0.9999999999999998,
                0,
                2.1677017211914062,
                0.000003999997716164216,
                -2.8788986206054688,
                1
            ],
            "name": "Jaw"
        },
        "Root_0": {
            "children": [
                "thigh_R",
                "thigh_L",
                "Spine_0",
                "B_flap_R0C0",
                "B_flap_R0C1"
            ],
            "jointId": "Root_0",
            "matrix": [
                3.139164733214211e-7,
                -1,
                0,
                0,
                1,
                3.139164733214211e-7,
                0,
                0,
                0,
                0,
                1,
                0,
                0,
                10.929702758789062,
                80.7830810546875,
                1
            ],
            "name": "Root_0"
        },
        "SMDImport": {
            "children": [],
            "instanceSkin": {
                "skeletons": [
                    "Root_0"
                ],
                "skin": "skin_0",
                "sources": [
                    "SMDImport-mesh"
                ]
            },
            "matrix": [
                1,
                0,
                0,
                0,
                0,
                1,
                0,
                0,
                0,
                0,
                1,
                0,
                0,
                0,
                0,
                1
            ],
            "name": "SMDImport"
        },
        "SMDImport001": {
            "children": [],
            "instanceSkin": {
                "skeletons": [
                    "Root_0"
                ],
                "skin": "skin_1",
                "sources": [
                    "SMDImport001-mesh"
                ]
            },
            "matrix": [
                1,
                0,
                0,
                0,
                0,
                1,
                0,
                0,
                0,
                0,
                1,
                0,
                0,
                0,
                0,
                1
            ],
            "name": "SMDImport001"
        },
        "SMDImport002": {
            "children": [],
            "instanceSkin": {
                "skeletons": [
                    "Root_0"
                ],
                "skin": "skin_2",
                "sources": [
                    "SMDImport002-mesh"
                ]
            },
            "matrix": [
                1,
                0,
                0,
                0,
                0,
                1,
                0,
                0,
                0,
                0,
                1,
                0,
                0,
                0,
                0,
                1
            ],
            "name": "SMDImport002"
        },
        "SMDImport003": {
            "children": [],
            "instanceSkin": {
                "skeletons": [
                    "Root_0"
                ],
                "skin": "skin_3",
                "sources": [
                    "SMDImport003-mesh"
                ]
            },
            "matrix": [
                1,
                0,
                0,
                0,
                0,
                1,
                0,
                0,
                0,
                0,
                1,
                0,
                0,
                0,
                0,
                1
            ],
            "name": "SMDImport003"
        },
        "SMDImport004": {
            "children": [],
            "instanceSkin": {
                "skeletons": [
                    "Root_0"
                ],
                "skin": "skin_4",
                "sources": [
                    "SMDImport004-mesh"
                ]
            },
            "matrix": [
                1,
                0,
                0,
                0,
                0,
                1,
                0,
                0,
                0,
                0,
                1,
                0,
                0,
                0,
                0,
                1
            ],
            "name": "SMDImport004"
        },
        "Spine_0": {
            "children": [
                "Spine_1"
            ],
            "jointId": "Spine_0",
            "matrix": [
                0.9647491574287415,
                0,
                0.2631712257862091,
                0,
                0,
                1,
                0,
                0,
                -0.2631712257862091,
                -1.3234889800848443e-23,
                0.9647491574287415,
                0,
                8.859186172485352,
                -0.000004999999873689376,
                8.678207397460938,
                1
            ],
            "name": "Spine_0"
        },
        "Spine_1": {
            "children": [
                "Spine_2"
            ],
            "jointId": "Spine_1",
            "matrix": [
                0.9748447537422184,
                -5.293955920339377e-23,
                -0.22288507223129278,
                0,
                2.9361390783564596e-16,
                1,
                1.2841956654633955e-15,
                0,
                0.22288507223129275,
                -1.317333566841729e-15,
                0.9748447537422184,
                0,
                15.669233322143555,
                -0.000005000000328436727,
                0,
                1
            ],
            "name": "Spine_1"
        },
        "Spine_2": {
            "children": [
                "Spine_3"
            ],
            "jointId": "Spine_2",
            "matrix": [
                0.9902446269989011,
                5.671283341728845e-14,
                -0.13934013247489926,
                0,
                -5.644987363050564e-14,
                1,
                5.839303684043831e-15,
                0,
                0.13934013247489926,
                2.0833937767652303e-15,
                0.9902446269989013,
                0,
                26.603488922119126,
                -0.000004999998964194672,
                -0.0000457763671875,
                1
            ],
            "name": "Spine_2"
        },
        "Spine_3": {
            "children": [
                "clavicle_R",
                "Head_0",
                "clavicle_L"
            ],
            "jointId": "Spine_3",
            "matrix": [
                0.9972058534622195,
                -5.374952521180942e-17,
                0.07470223307609561,
                0,
                -1.1700398780697812e-16,
                1,
                2.281412309106147e-15,
                0,
                -0.07470223307609561,
                -2.283778162591669e-15,
                0.9972058534622197,
                0,
                12.424274444580085,
                -9.99998519546354e-7,
                0.0000152587890625,
                1
            ],
            "name": "Spine_3"
        },
        "ankle_L": {
            "children": [
                "toeBase_L"
            ],
            "jointId": "ankle_L",
            "matrix": [
                0.3032931387424471,
                -0.1686067283153534,
                0.937862157821655,
                0,
                0.834120739471515,
                -0.42888187671214595,
                -0.3468478438091845,
                0,
                0.46071280537990245,
                0.8874865451311229,
                0.010561434762388328,
                0,
                40.020084381103516,
                -0.000030517578125,
                0.00005340576171875,
                1
            ],
            "name": "ankle_L"
        },
        "ankle_R": {
            "children": [
                "toeBase_R"
            ],
            "jointId": "ankle_R",
            "matrix": [
                0.6430863142013552,
                -0.3450303077697754,
                0.6836620569229127,
                0,
                0.6537639166722098,
                -0.2175448216808079,
                -0.7247530842050117,
                0,
                0.39878887536099816,
                0.9130322715233851,
                0.08566825824830987,
                0,
                -40.020069122314446,
                0.000080108642578125,
                0.00008106231689986032,
                1
            ],
            "name": "ankle_R"
        },
        "bicep_L": {
            "children": [
                "elbow_L"
            ],
            "jointId": "bicep_L",
            "matrix": [
                0.9159317612648008,
                -0.3835854530334472,
                0.11803138256073001,
                0,
                -0.08849340132489039,
                -0.4798883773949376,
                -0.8728550109094485,
