{
    "accessors": [
        {
            "bufferView": 0,
            "byteOffset": 0,
            "componentType": 5126,
            "count": 2300,
            "max": [
                76.75135803222656,
                45.3442268371582,
                122.97000122070312
            ],
            "min": [
                -78.20585632324219,
                -114.21028137207031,
                -5.9038310050964355
            ],
            "type": "VEC3"
        },
        {
            "bufferView": 0,
            "byteOffset": 27600,
            "componentType": 5126,
            "count": 2300,
            "max": [
                0.9999690055847168,
                0.9909970164299011,
                0.9999690055847168
            ],
            "min": [
                -0.9999690055847168,
                -0.9992679953575134,
                -0.9998469948768616
            ],
            "type": "VEC3"
        },
        {
            "bufferView": 0,
            "byteOffset": 55200,
            "componentType": 5126,
            "count": 2300,
            "max": [
                0.9981729984283447,
                1.993283987045288
            ],
            "min": [
                0.0009950000094249845,
                0.9958000001497567
            ],
            "type": "VEC2"
        },
        {
            "bufferView": 0,
            "byteOffset": 73600,
            "componentType": 5123,
            "count": 2300,
            "max": [
                37,
                37,
                36,
                0
            ],
            "min": [
                0,
                0,
                0,
                0
            ],
            "type": "VEC4"
        },
        {
            "bufferView": 0,
            "byteOffset": 92000,
            "componentType": 5126,
            "count": 2300,
            "max": [
                1,
                0.9998109936714172,
                0.9875270128250122,
                0
            ],
            "min": [
                0.00018899999849963933,
                0,
                0,
                0
            ],
            "type": "VEC4"
        },
        {
            "bufferView": 2,
            "byteOffset": 0,
            "componentType": 5123,
            "count": 10494,
            "max": [
                2299
            ],
            "min": [
                0
            ],
            "type": "SCALAR"
        },
        {
            "bufferView": 1,
            "byteOffset": 0,
            "componentType": 5126,
            "count": 38,
            "max": [
                0.8190877370779392,
                0.9999999999999019,
                0.9775680334244125,
                0,
                0.978306552608603,
                0.8508705521890944,
                1.000000178793899,
                0,
                1.0000002384101627,
                0.9230081907192558,
                1,
                0,
                90.51775019113735,
                65.7251647719243,
                61.651272832459036,
                1
            ],
            "min": [
                -0.8276116049003949,
                -1.0000004172104042,
                -0.47054007837400175,
                0,
                -0.9999999999999014,
                -0.9999998807707711,
                -1.0000001787898394,
                0,
                -0.9999999999948945,
                -0.9230067855502702,
                -1.0000002384166797,
                0,
                -104.93734545682906,
                -64.85060626774455,
                -98.1203243066369,
                1
            ],
            "type": "MAT4"
        },
        {
            "bufferView": 0,
            "byteOffset": 128800,
            "componentType": 5126,
            "count": 322,
            "max": [
                44.0992431640625,
                29.88028335571289,
                97.1843032836914
            ],
            "min": [
                -42.02602005004883,
                -9.967973709106445,
                29.582286834716797
            ],
            "type": "VEC3"
        },
        {
            "bufferView": 0,
            "byteOffset": 132664,
            "componentType": 5126,
            "count": 322,
            "max": [
                0.9940789937973022,
                0.9928280115127563,
                0.9984740018844604
            ],
            "min": [
                -0.9903870224952698,
                -0.9985049962997437,
                -0.9976810216903687
            ],
            "type": "VEC3"
        },
        {
            "bufferView": 0,
            "byteOffset": 136528,
            "componentType": 5126,
            "count": 322,
            "max": [
                0.9919710159301758,
                1.9898930191993713
            ],
            "min": [
                0.0070940000005066395,
                1.0123589998111129
            ],
            "type": "VEC2"
        },
        {
            "bufferView": 0,
            "byteOffset": 139104,
            "componentType": 5123,
            "count": 322,
            "max": [
                9,
                9,
                7,
                0
            ],
            "min": [
                0,
                0,
                0,
                0
            ],
            "type": "VEC4"
        },
        {
            "bufferView": 0,
            "byteOffset": 141680,
            "componentType": 5126,
            "count": 322,
            "max": [
                1,
                0.9998250007629395,
                0.8494750261306763,
                0
            ],
            "min": [
                0.00017499999376013875,
                0,
                0,
                0
            ],
            "type": "VEC4"
        },
        {
            "bufferView": 2,
            "byteOffset": 20988,
            "componentType": 5123,
            "count": 1596,
            "max": [
                321
            ],
            "min": [
                0
            ],
            "type": "SCALAR"
        },
        {
            "bufferView": 1,
            "byteOffset": 2432,
            "componentType": 5126,
            "count": 10,
            "max": [
                0.5633376028696067,
                0.9999999999999014,
                0.27421719569732583,
                0,
                0.6093158122843365,
                0.21754571061593347,
                0.88453150970237,
                0,
                0.7790107567498357,
                0.5199986592086322,
                1,
                0,
                71.90388569568975,
                58.92223913477876,
                26.044511168429082,
                1
            ],
            "min": [
                -0.0020868419899580126,
                -0.0003271209999250016,
                -0.9999984763431218,
                0,
                -0.9999999999999014,
                -0.9810671718233495,
                -0.9848908768378389,
                0,
                -0.981065855443914,
                -0.5875544520696968,
                -0.5971993867979594,
                0,
                -59.61198738580733,
                -45.78322996342294,
                -86.85260036608257,
                1
            ],
            "type": "MAT4"
        },
        {
            "bufferView": 0,
            "byteOffset": 146832,
            "componentType": 5126,
            "count": 270,
            "max": [
                20.536500930786133,
                30.95470428466797,
                96.77658081054688
            ],
            "min": [
                -20.27201271057129,
                -5.234335899353027,
                41.91189193725586
            ],
            "type": "VEC3"
        },
        {
            "bufferView": 0,
            "byteOffset": 150072,
            "componentType": 5126,
            "count": 270,
            "max": [
                0.9971920251846313,
                0.9981989860534668,
                0.9857779741287231
            ],
            "min": [
                -0.9963380098342896,
                -0.9975590109825134,
                -0.7649160027503967
            ],
            "type": "VEC3"
        },
        {
            "bufferView": 0,
            "byteOffset": 153312,
            "componentType": 5126,
            "count": 270,
            "max": [
                0.9932990074157715,
                1.9943159818649292
            ],
            "min": [
                0.01246699970215559,
                1.0165979992598295
            ],
            "type": "VEC2"
        },
        {
            "bufferView": 0,
            "byteOffset": 155472,
            "componentType": 5123,
            "count": 270,
            "max": [
                6,
                9,
                9,
                0
            ],
            "min": [
                0,
                0,
                0,
                0
            ],
            "type": "VEC4"
        },
        {
            "bufferView": 0,
            "byteOffset": 157632,
            "componentType": 5126,
            "count": 270,
            "max": [
                1,
                0.8568350076675415,
                0.8284940123558044,
                0
            ],
            "min": [
                0.03275100141763687,
                0,
                0,
                0
            ],
            "type": "VEC4"
        },
        {
            "bufferView": 2,
            "byteOffset": 24180,
            "componentType": 5123,
            "count": 1161,
            "max": [
                269
            ],
            "min": [
                0
            ],
            "type": "SCALAR"
        },
        {
            "bufferView": 1,
            "byteOffset": 3072,
            "componentType": 5126,
            "count": 10,
            "max": [
                0.5271401190478808,
                0.9999999999999014,
                -6.123233995736464e-17,
                0,
                0.4405278302308767,
                0.21754571061593347,
                0.88453150970237,
                0,
                0.7790107567498357,
                0.5199986592086322,
                1,
                0,
                71.90387416692322,
                60.152104766594995,
                18.808772040360363,
                1
            ],
            "min": [
                -0.002086424322805932,
                -0.00032806605410264767,
                -0.9999984831729253,
                0,
                -0.9999999999999014,
                -0.9810672616716282,
                -0.9848908768378389,
                0,
                -0.9810657468203788,
                -0.5875531178834381,
                -0.2189146156066486,
                0,
                -59.61198738580733,
                -45.78310494808754,
                -86.85260036608257,
                1
            ],
            "type": "MAT4"
        },
        {
            "bufferView": 0,
            "byteOffset": 161952,
            "componentType": 5126,
            "count": 643,
            "max": [
                143.4847412109375,
                29.465486526489258,
                35.80617141723633
            ],
            "min": [
                -119.8320083618164,
                -65.21727752685547,
                1.1366480588912964
            ],
            "type": "VEC3"
        },
        {
            "bufferView": 0,
            "byteOffset": 169668,
            "componentType": 5126,
            "count": 643,
            "max": [
                0.9960020184516907,
                0.9942629933357239,
                0.9996640086174011
            ],
            "min": [
                -0.9824820160865784,
                -0.9963679909706116,
                -0.9984130263328552
            ],
            "type": "VEC3"
        },
        {
            "bufferView": 0,
            "byteOffset": 177384,
            "componentType": 5126,
            "count": 643,
            "max": [
                1.0016900300979614,
                2.0012259483337402
            ],
            "min": [
                0.0061160000041127205,
                1.0046640001237392
            ],
            "type": "VEC2"
        },
        {
            "bufferView": 0,
            "byteOffset": 182528,
            "componentType": 5123,
            "count": 643,
            "max": [
                20,
                20,
                4,
                0
            ],
            "min": [
                0,
                0,
                0,
                0
            ],
            "type": "VEC4"
        },
        {
            "bufferView": 0,
            "byteOffset": 187672,
            "componentType": 5126,
            "count": 643,
            "max": [
                1,
                0.9990919828414917,
                0.05181699991226196,
                0
            ],
            "min": [
                0.0009079999872483313,
                0,
                0,
                0
            ],
            "type": "VEC4"
        },
        {
            "bufferView": 2,
            "byteOffset": 26502,
            "componentType": 5123,
            "count": 1902,
            "max": [
                642
            ],
            "min": [
                0
            ],
            "type": "SCALAR"
        },
        {
            "bufferView": 1,
            "byteOffset": 3712,
            "componentType": 5126,
            "count": 21,
            "max": [
                1.000000357621874,
                0.7793943571062998,
                0.9597570304874026,
                0,
                0.6321277392474091,
                0.7518106006163112,
                1.000000178799647,
                0,
                1.000000059596306,
                0.9138471734682168,
                0.7513872645800644,
                0,
                103.90591096348335,
                52.228256240507356,
                56.32187213426036,
                1
            ],
            "min": [
                6.123233995699177e-17,
                -1.0000002980183456,
                -0.0000037029398810317683,
                0,
                -0.6538700614984417,
                -0.9999998807707711,
                -0.9999999999922133,
                0,
                -0.9999999999938614,
                -0.5875544520696968,
                -1.000000238414835,
                0,
                -127.0981824000398,
                -52.69428540920735,
                -54.04206483924378,
                1
            ],
            "type": "MAT4"
        },
        {
            "bufferView": 0,
            "byteOffset": 197960,
            "componentType": 5126,
            "count": 861,
            "max": [
                12.707601547241211,
                -72.04818725585938,
                112.79000854492188
            ],
            "min": [
                -13.111898422241211,
                -102.71598815917969,
                65.32512664794922
            ],
            "type": "VEC3"
        },
        {
            "bufferView": 0,
            "byteOffset": 208292,
            "componentType": 5126,
            "count": 861,
            "max": [
                0.9989010095596313,
                0.9549239873886108,
                0.9972230195999146
            ],
            "min": [
                -0.9989619851112366,
                -0.9993590116500854,
                -0.9987180233001709
            ],
            "type": "VEC3"
        },
        {
            "bufferView": 0,
            "byteOffset": 218624,
            "componentType": 5126,
            "count": 861,
            "max": [
                1.0013799667358398,
                1.993835985660553
            ],
            "min": [
                -0.00046099998871795833,
                0.9996199999877717
            ],
            "type": "VEC2"
        },
        {
            "bufferView": 0,
            "byteOffset": 225512,
            "componentType": 5123,
            "count": 861,
            "max": [
                2,
                2,
                3,
                0
            ],
            "min": [
                0,
                0,
                0,
                0
            ],
            "type": "VEC4"
        },
        {
            "bufferView": 0,
            "byteOffset": 232400,
            "componentType": 5126,
            "count": 861,
            "max": [
                1,
                0.9976599812507629,
                0.13131199777126312,
                0
            ],
            "min": [
                0.0023399998899549246,
                0,
                0,
                0
            ],
            "type": "VEC4"
        },
        {
            "bufferView": 2,
            "byteOffset": 30306,
            "componentType": 5123,
            "count": 3966,
            "max": [
                860
            ],
            "min": [
                0
            ],
            "type": "SCALAR"
        },
        {
            "bufferView": 1,
            "byteOffset": 5056,
            "componentType": 5126,
            "count": 4,
            "max": [
                0.0000016981960294757426,
                0.9999999999999019,
                7.372678655195176e-9,
                0,
                -0.8792842257911269,
                0.0000016981962319188498,
                0.47629711021255383,
                0,
                0.4762971102125645,
                2.72576749507308e-15,
                0.999999880789332,
                0,
                -49.7816473181303,
                0.0001257940749309031,
                -49.007501998137926,
                1
            ],
            "min": [
                2.7602180686928116e-7,
                0.9999999999985087,
                -1.4951751409493237e-7,
                0,
                -0.9999998807878407,
                3.139164789244391e-7,
                -0.02348612125191802,
                0,
                -0.02348612125191802,
                2.200186274836511e-15,
                0.8792842257911937,
                0,
                -104.93732840615796,
                0.00001256898498368272,
                -99.65082887983405,
                1
            ],
            "type": "MAT4"
        }
    ],
    "asset": {
        "generator": "ClayGL - fbx2gltf",
        "version": "2.0"
    },
    "bufferViews": [
        {
            "buffer": 0,
            "byteLength": 246176,
            "byteOffset": 0,
            "target": 34962
        },
        {
            "buffer": 0,
            "byteLength": 5312,
            "byteOffset": 246176,
            "target": 34962
        },
        {
            "buffer": 0,
            "byteLength": 38238,
            "byteOffset": 251488,
            "target": 34963
        }
    ],
    "buffers": [
        {
            "byteLength": 289726,
            "uri": "life_stealer.bin"
        }
    ],
    "images": [
        {
            "uri": "textures/lifestealer_torso_color.png"
        },
        {
            "uri": "textures/lifestealer_pants_color.png"
        },
        {
            "uri": "textures/lifestealer_loincloth.png"
        },
        {
            "uri": "textures/lifestealer_chains_color.png"
        },
        {
            "uri": "textures/lifestealer_head_color.png"
        }
    ],
    "materials": [
        {
            "emissiveFactor": [
                0,
                0,
                0
            ],
            "name": "Material #50",
            "pbrMetallicRoughness": {
                "baseColorFactor": [
                    1,
                    1,
                    1,
                    1
                ],
                "baseColorTexture": {
                    "index": 0,
                    "texCoord": 0
                },
                "metallicFactor": 0,
                "roughnessFactor": 0.9230769230769231
            }
        },
        {
            "emissiveFactor": [
                0,
                0,
                0
            ],
            "name": "Material #61",
            "pbrMetallicRoughness": {
                "baseColorFactor": [
                    1,
                    1,
                    1,
                    1
                ],
                "baseColorTexture": {
                    "index": 1,
                    "texCoord": 0
                },
                "metallicFactor": 0,
                "roughnessFactor": 0.9230769230769231
            }
        },
        {
            "emissiveFactor": [
                0,
                0,
                0
            ],
            "name": "Material #72",
            "pbrMetallicRoughness": {
                "baseColorFactor": [
                    1,
                    1,
                    1,
                    1
                ],
                "baseColorTexture": {
                    "index": 2,
                    "texCoord": 0
                },
                "metallicFactor": 0,
                "roughnessFactor": 0.9230769230769231
            }
        },
        {
            "emissiveFactor": [
                0,
                0,
                0
            ],
            "name": "Material #83",
            "pbrMetallicRoughness": {
                "baseColorFactor": [
                    1,
                    1,
                    1,
                    1
                ],
                "baseColorTexture": {
                    "index": 3,
                    "texCoord": 0
                },
                "metallicFactor": 0,
                "roughnessFactor": 0.9230769230769231
            }
        },
        {
            "emissiveFactor": [
                0,
                0,
                0
            ],
            "name": "Material #94",
            "pbrMetallicRoughness": {
                "baseColorFactor": [
                    1,
                    1,
                    1,
                    1
                ],
                "baseColorTexture": {
                    "index": 4,
                    "texCoord": 0
                },
                "metallicFactor": 0,
                "roughnessFactor": 0.9230769230769231
            }
        }
    ],
    "meshes": [
        {
            "name": "SMDImport",
            "primitives": [
                {
                    "attributes": {
                        "JOINTS_0": 3,
                        "NORMAL": 1,
                        "POSITION": 0,
                        "TEXCOORD_0": 2,
                        "WEIGHTS_0": 4
                    },
                    "indices": 5,
                    "material": 0
                }
            ]
        },
        {
            "name": "SMDImport001",
            "primitives": [
                {
                    "attributes": {
                        "JOINTS_0": 10,
                        "NORMAL": 8,
                        "POSITION": 7,
                        "TEXCOORD_0": 9,
                        "WEIGHTS_0": 11
                    },
                    "indices": 12,
                    "material": 1
                }
            ]
        },
        {
            "name": "SMDImport002",
            "primitives": [
                {
                    "attributes": {
                        "JOINTS_0": 17,
                        "NORMAL": 15,
                        "POSITION": 14,
                        "TEXCOORD_0": 16,
                        "WEIGHTS_0": 18
                    },
                    "indices": 19,
                    "material": 2
                }
            ]
        },
        {
            "name": "SMDImport003",
            "primitives": [
                {
                    "attributes": {
                        "JOINTS_0": 24,
                        "NORMAL": 22,
                        "POSITION": 21,
                        "TEXCOORD_0": 23,
                        "WEIGHTS_0": 25
                    },
                    "indices": 26,
                    "material": 3
                }
            ]
        },
        {
            "name": "SMDImport004",
            "primitives": [
                {
                    "attributes": {
                        "JOINTS_0": 31,
                        "NORMAL": 29,
                        "POSITION": 28,
                        "TEXCOORD_0": 30,
                        "WEIGHTS_0": 32
                    },
                    "indices": 33,
                    "material": 4
                }
            ]
        }
    ],
    "nodes": [
        {
            "children": [
                1,
                8,
                15,
                54,
                57
            ],
            "matrix": [
                3.139164733214211e-7,
                2.9387358770558636e-39,
                1,
                0,
                1,
                6.123233995737068e-17,
                -3.139164733214211e-7,
                0,
                -6.123233995736464e-17,
                1,
                1.9221840212634245e-23,
                0,
                0,
                80.7830810546875,
                -10.929702758789062,
                1
            ],
            "name": "Root_0"
        },
        {
            "children": [
                2
            ],
            "matrix": [
                -0.4126470386981966,
                0.47208547592163086,
                0.7790105938911435,
                0,
                -0.2175455285829433,
                0.7793942206897644,
                -0.5875532545333273,
                0,
                -0.8845317708743128,
                -0.4119224091508613,
                -0.21891464719004577,
                0,
                -0.0000019073486328125,
                -9.459960937499998,
                -4.317146301269531,
                1
            ],
            "name": "thigh_R"
        },
        {
            "children": [
                3
            ],
            "matrix": [
                0.3897380232810977,
                -0.0000028610229490522165,
                -0.9209256768226624,
                0,
                -0.000002834939409598891,
                1.00000000000016,
                -0.000004306435069212355,
                0,
                0.9209256369733847,
                0.0000042891498001351724,
                0.38973800640345957,
                0,
                -41.862144470214844,
                -0.00011444091797585543,
                -0.00008153915405006984,
                1
            ],
            "name": "knee_R"
        },
        {
            "children": [
                4
            ],
            "matrix": [
                0.6430863142013551,
                -0.34503030776977567,
                0.683662056922913,
                0,
                0.6537639166722098,
                -0.21754482168080802,
                -0.7247530842050118,
                0,
                0.3987888753609982,
                0.9130322715233852,
                0.08566825824831001,
                0,
                -40.02006912231445,
                0.00008010864258523043,
                0.00008106231689097854,
                1
            ],
            "name": "ankle_R"
        },
        {
            "children": [
                5,
                6,
                7
            ],
            "matrix": [
                0.23002670705318445,
                -0.5736709237098692,
                0.7861230373382568,
                0,
                0.16110455933000706,
                0.8190857795582419,
                0.5505847353721809,
                0,
                -0.9597568002060297,
                -0.0000011881220454764894,
                0.28083264863948915,
                0,
                -20.643177032470703,
                0.00000762939453125,
                -0.000015258789055394573,
                1
            ],
            "name": "toeBase_R"
        },
        {
            "matrix": [
                0.8438900709152223,
                -0.5365160703659059,
                2.117582368135751e-22,
                0,
                0.536516114509709,
                0.8438901403493346,
                0.0000010000001111620809,
                0,
                -5.365160511178493e-7,
                -8.438900406398123e-7,
                0.9999998807907107,
                0,
                -11.156032562255866,
                11.062038421630852,
                -2.7753322124481197,
                1
            ],
            "name": "toe_1__R"
        },
        {
            "matrix": [
                0.9395902752876284,
                -0.3423009812831877,
                -9.999996564147298e-7,
                0,
                0.34230096909685576,
                0.9395902418370692,
                4.547473506747059e-13,
                0,
                9.395898283569107e-7,
                -3.423013024471011e-7,
                0.9999998807907104,
                0,
                -18.451156616210945,
                7.632347106933601,
                -1.8726212978363033,
                1
            ],
            "name": "toe_2__R"
        },
        {
            "matrix": [
                0.9931713938713076,
                -0.1166638433933257,
                1.1368683750985779e-13,
                0,
                0.11666385436641402,
                0.9931714872863456,
                1.3642420524476341e-12,
                0,
                -2.720682241966237e-13,
                -1.3416629245068467e-12,
                0.9999998807907106,
                0,
                -15.50862884521485,
                -1.361145019531243,
                -0.5645868778228755,
                1
            ],
            "name": "toe_3__R"
        },
        {
            "children": [
                9
            ],
            "matrix": [
                0.005490885581821177,
                0.5271401405334472,
                -0.8497606515884402,
                0,
                0.17309033330968257,
                0.8364455620181589,
                0.5199987190514959,
                0,
                0.9848904562824354,
                -0.14994056718363966,
                -0.08665001222772052,
                0,
                0.0000019073486328125,
                9.45996379852295,
                -4.317146301269531,
                1
            ],
            "name": "thigh_L"
        },
        {
            "children": [
                10
            ],
            "matrix": [
                0.7822024822235109,
                5.9604644706001686e-8,
                -0.623024046421051,
                0,
                -4.652909652708148e-8,
                0.9999997615814199,
                3.7252905427109795e-8,
                0,
                0.6230240405099403,
                -1.5056930702250781e-10,
                0.7822024748021509,
                0,
                41.862121582031236,
                0.00012588500977273043,
                -0.00014305114746449021,
                1
            ],
            "name": "knee_L"
        },
        {
            "children": [
                11
            ],
            "matrix": [
                0.3032931387424469,
                -0.16860672831535356,
                0.9378621578216552,
                0,
                0.834120739471515,
                -0.42888187671214606,
                -0.3468478438091845,
                0,
                0.46071280537990267,
                0.887486545131123,
                0.010561434762388397,
                0,
                40.020084381103516,
                -0.000030517578125,
                0.00005340576171875,
                1
            ],
            "name": "ankle_L"
        },
        {
            "children": [
                12,
                13,
                14
            ],
            "matrix": [
                0.46588370203971874,
                -0.4964030981063845,
                0.7324864864349367,
                0,
                -0.2984729969532647,
                0.6911333635513182,
                0.6582161672328175,
                0,
                -0.8329863617795438,
                -0.5252796013976461,
                0.17382484295139525,
                0,
                20.643173217773438,
                0.000005722045901990214,
                -0.000003814697265625,
                1
            ],
            "name": "toeBase_L"
        },
        {
            "matrix": [
                0.9395903348922731,
                -0.34230095148086537,
                9.53674202719412e-7,
                0,
                0.3423009514808654,
                0.9395903348922732,
                -2.117582368135751e-22,
                0,
                -8.960631183434363e-7,
                3.2644360696945246e-7,
                0.9999999999999994,
                0,
                18.451171874999996,
                -7.63231277465821,
                1.8726119995117185,
                1
            ],
            "name": "toe_2__L"
        },
        {
            "matrix": [
                0.9931714534759524,
                -0.1166636943817137,
                -2.842170985392048e-14,
                0,
                0.11666368666425514,
                0.9931713877763386,
                2.2737367501971559e-13,
                0,
                1.7013753653269317e-15,
                -2.291368505441489e-13,
                0.9999999999999996,
                0,
                15.508632659912106,
                1.361175537109382,
                0.5645800232887268,
                1
            ],
            "name": "toe_3__L"
        },
        {
            "matrix": [
                0.8438907861709594,
                -0.5365148186683653,
                9.536742595628304e-7,
                0,
                0.5365148456549648,
                0.8438908286185147,
                2.2737367523147382e-13,
                0,
                -8.047971958480532e-7,
                5.116602779617143e-7,
                0.9999999999999996,
                0,
                11.156047821044918,
                -11.062042236328125,
                2.775324583053589,
                1
            ],
            "name": "toe_1__L"
        },
        {
            "children": [
                16
            ],
            "matrix": [
                0.9647491574287415,
                0,
                0.2631712257862091,
                0,
                0,
                1,
                5.6640153003550504e-33,
                0,
                -0.2631712257862091,
                -1.3234889800848443e-23,
                0.9647491574287415,
                0,
                8.859186172485352,
                -0.000004999999873689376,
                8.678207397460938,
                1
            ],
            "name": "Spine_0"
        },
        {
            "children": [
                17
            ],
            "matrix": [
                0.9748447537422185,
                0,
                -0.2228850722312928,
                0,
                2.9361385970989536e-16,
                1.0000000000000002,
                1.284195677527089e-15,
                0,
                0.22288507223129272,
                -1.3173335866940636e-15,
                0.9748447537422182,
                0,
                15.669233322143555,
                -0.0000050000003284367276,
                0,
                1
            ],
            "name": "Spine_1"
        },
        {
            "children": [
                18
            ],
            "matrix": [
                0.9902446269989013,
                5.6712833485395714e-14,
                -0.1393401324748993,
                0,
                -5.6449873642167833e-14,
                1,
                5.839303682214594e-15,
                0,
                0.1393401324748993,
                2.0833937758090725e-15,
                0.9902446269989011,
                0,
                26.603488922119134,
                -0.000004999998964194674,
                -0.0000457763671875,
                1
            ],
            "name": "Spine_2"
        },
        {
            "children": [
                19,
                34,
                37
            ],
            "matrix": [
                0.9972058534622193,
                -5.374942858008729e-17,
                0.07470223307609561,
                0,
                -1.1700415501514393e-16,
                1,
                2.2814122845677907e-15,
                0,
                -0.0747022330760956,
                -2.2837781559501322e-15,
                0.9972058534622193,
                0,
                12.424274444580078,
                -9.999985195463523e-7,
                0.0000152587890625,
                1
            ],
            "name": "Spine_3"
        },
        {
            "children": [
                20
            ],
            "matrix": [
                0.6615451574325566,
                0.4278222024440767,
                0.6158950328826907,
                0,
                0.5171721843438956,
                0.3344540480338849,
                -0.787828437723632,
                0,
                -0.5430389137060161,
                0.8397076035754454,
                -0.0000012870878828320775,
                0,
                2.7205276489257812,
                -10.805918693542477,
                3.4159927368164205,
                1
            ],
            "name": "clavicle_R"
        },
        {
            "children": [
                21
            ],
            "matrix": [
                0.9089286923408512,
                -0.3953784108161926,
                0.1323803067207336,
                0,
                -0.08625166633236982,
                -0.4889231083779546,
                -0.8680522817680604,
                0,
                0.4079329053212268,
                0.777579570140647,
                -0.47849826790859395,
                0,
                -18.60867309570314,
                -0.000015258789055394573,
                -0.00000762939453125,
                1
            ],
            "name": "bicep_R"
        },
        {
            "children": [
                22,
                28
            ],
            "matrix": [
                0.49388349056243896,
                -9.536743164201278e-7,
                -0.869527816772461,
                0,
                -0.000004260461936807236,
                0.9999997615818111,
                -0.000003516674041748047,
                0,
                0.8695278167751535,
                0.000005441418714613455,
                0.4938834905580004,
                0,
                -46.84714889526367,
                -0.000118255615234375,
                0.00016403198242542771,
                1
            ],
            "name": "elbow_R"
        },
        {
            "children": [
                23,
                25,
                26
            ],
            "matrix": [
                0.7595841884613035,
                0.32817757129669195,
                0.5615435242652894,
                0,
                -0.15312816376244198,
                0.9293342570614341,
                -0.3359898551942671,
                0,
                -0.6321260575196695,
                0.1692244765529577,
                0.7561609427208287,
                0,
                -44.30033111572266,
                0.000087738037109375,
                -0.000125885009765625,
                1
            ],
            "name": "wrist_R"
