{
    "animations": {},
    "asset": {},
    "attributes": {
        "attribute_1": {
            "bufferView": "bufferView_43",
            "byteOffset": 0,
            "byteStride": 12,
            "count": 6948,
            "max": [
                1,
                1,
                1
            ],
            "min": [
                0,
                0,
                0
            ],
            "type": "FLOAT_VEC3"
        },
        "attribute_10": {
            "bufferView": "bufferView_43",
            "byteOffset": 524400,
            "byteStride": 16,
            "count": 3360,
            "max": [
                1,
                1,
                1
            ],
            "min": [
                0,
                0,
                0
            ],
            "type": "FLOAT_VEC4"
        },
        "attribute_11": {
            "bufferView": "bufferView_43",
            "byteOffset": 578160,
            "byteStride": 12,
            "count": 3360,
            "max": [
                1,
                1,
                1
            ],
            "min": [
                0,
                0,
                0
            ],
            "type": "FLOAT_VEC3"
        },
        "attribute_13": {
            "bufferView": "bufferView_43",
            "byteOffset": 618480,
            "byteStride": 12,
            "count": 2220,
            "max": [
                1,
                1,
                1
            ],
            "min": [
                0,
                0,
                0
            ],
            "type": "FLOAT_VEC3"
        },
        "attribute_14": {
            "bufferView": "bufferView_43",
            "byteOffset": 645120,
            "byteStride": 12,
            "count": 2220,
            "max": [
                1,
                1,
                1
            ],
            "min": [
                0,
                0,
                0
            ],
            "type": "FLOAT_VEC3"
        },
        "attribute_15": {
            "bufferView": "bufferView_43",
            "byteOffset": 671760,
            "byteStride": 8,
            "count": 2220,
            "max": [
                1,
                1,
                1
            ],
            "min": [
                0,
                0,
                0
            ],
            "type": "FLOAT_VEC2"
        },
        "attribute_16": {
            "bufferView": "bufferView_43",
            "byteOffset": 689520,
            "byteStride": 16,
            "count": 2220,
            "max": [
                1,
                1,
                1
            ],
            "min": [
                0,
                0,
                0
            ],
            "type": "FLOAT_VEC4"
        },
        "attribute_17": {
            "bufferView": "bufferView_43",
            "byteOffset": 725040,
            "byteStride": 12,
            "count": 2220,
            "max": [
                1,
                1,
                1
            ],
            "min": [
                0,
                0,
                0
            ],
            "type": "FLOAT_VEC3"
        },
        "attribute_19": {
            "bufferView": "bufferView_43",
            "byteOffset": 751680,
            "byteStride": 12,
            "count": 10695,
            "max": [
                1,
                1,
                1
            ],
            "min": [
                0,
                0,
                0
            ],
            "type": "FLOAT_VEC3"
        },
        "attribute_2": {
            "bufferView": "bufferView_43",
            "byteOffset": 83376,
            "byteStride": 12,
            "count": 6948,
            "max": [
                1,
                1,
                1
            ],
            "min": [
                0,
                0,
                0
            ],
            "type": "FLOAT_VEC3"
        },
        "attribute_20": {
            "bufferView": "bufferView_43",
            "byteOffset": 880020,
            "byteStride": 12,
            "count": 10695,
            "max": [
                1,
                1,
                1
            ],
            "min": [
                0,
                0,
                0
            ],
            "type": "FLOAT_VEC3"
        },
        "attribute_21": {
            "bufferView": "bufferView_43",
            "byteOffset": 1008360,
            "byteStride": 8,
            "count": 10695,
            "max": [
                1,
                1,
                1
            ],
            "min": [
                0,
                0,
                0
            ],
            "type": "FLOAT_VEC2"
        },
        "attribute_22": {
            "bufferView": "bufferView_43",
            "byteOffset": 1093920,
            "byteStride": 16,
            "count": 10695,
            "max": [
                1,
                1,
                1
            ],
            "min": [
                0,
                0,
                0
            ],
            "type": "FLOAT_VEC4"
        },
        "attribute_23": {
            "bufferView": "bufferView_43",
            "byteOffset": 1265040,
            "byteStride": 12,
            "count": 10695,
            "max": [
                1,
                1,
                1
            ],
            "min": [
                0,
                0,
                0
            ],
            "type": "FLOAT_VEC3"
        },
        "attribute_25": {
            "bufferView": "bufferView_43",
            "byteOffset": 1393380,
            "byteStride": 12,
            "count": 540,
            "max": [
                1,
                1,
                1
            ],
            "min": [
                0,
                0,
                0
            ],
            "type": "FLOAT_VEC3"
        },
        "attribute_26": {
            "bufferView": "bufferView_43",
            "byteOffset": 1399860,
            "byteStride": 12,
            "count": 540,
            "max": [
                1,
                1,
                1
            ],
            "min": [
                0,
                0,
                0
            ],
            "type": "FLOAT_VEC3"
        },
        "attribute_27": {
            "bufferView": "bufferView_43",
            "byteOffset": 1406340,
            "byteStride": 8,
            "count": 540,
            "max": [
                1,
                1,
                1
            ],
            "min": [
                0,
                0,
                0
            ],
            "type": "FLOAT_VEC2"
        },
        "attribute_28": {
            "bufferView": "bufferView_43",
            "byteOffset": 1410660,
            "byteStride": 16,
            "count": 540,
            "max": [
                1,
                1,
                1
            ],
            "min": [
                0,
                0,
                0
            ],
            "type": "FLOAT_VEC4"
        },
        "attribute_29": {
            "bufferView": "bufferView_43",
            "byteOffset": 1419300,
            "byteStride": 12,
            "count": 540,
            "max": [
                1,
                1,
                1
            ],
            "min": [
                0,
                0,
                0
            ],
            "type": "FLOAT_VEC3"
        },
        "attribute_3": {
            "bufferView": "bufferView_43",
            "byteOffset": 166752,
            "byteStride": 8,
            "count": 6948,
            "max": [
                1,
                1,
                1
            ],
            "min": [
                0,
                0,
                0
            ],
            "type": "FLOAT_VEC2"
        },
        "attribute_31": {
            "bufferView": "bufferView_43",
            "byteOffset": 1425780,
            "byteStride": 12,
            "count": 1494,
            "max": [
                1,
                1,
                1
            ],
            "min": [
                0,
                0,
                0
            ],
            "type": "FLOAT_VEC3"
        },
        "attribute_32": {
            "bufferView": "bufferView_43",
            "byteOffset": 1443708,
            "byteStride": 12,
            "count": 1494,
            "max": [
                1,
                1,
                1
            ],
            "min": [
                0,
                0,
                0
            ],
            "type": "FLOAT_VEC3"
        },
        "attribute_33": {
            "bufferView": "bufferView_43",
            "byteOffset": 1461636,
            "byteStride": 8,
            "count": 1494,
            "max": [
                1,
                1,
                1
            ],
            "min": [
                0,
                0,
                0
            ],
            "type": "FLOAT_VEC2"
        },
        "attribute_34": {
            "bufferView": "bufferView_43",
            "byteOffset": 1473588,
            "byteStride": 16,
            "count": 1494,
            "max": [
                1,
                1,
                1
            ],
            "min": [
                0,
                0,
                0
            ],
            "type": "FLOAT_VEC4"
        },
        "attribute_35": {
            "bufferView": "bufferView_43",
            "byteOffset": 1497492,
            "byteStride": 12,
            "count": 1494,
            "max": [
                1,
                1,
                1
            ],
            "min": [
                0,
                0,
                0
            ],
            "type": "FLOAT_VEC3"
        },
        "attribute_37": {
            "bufferView": "bufferView_43",
            "byteOffset": 1515420,
            "byteStride": 12,
            "count": 1164,
            "max": [
                1,
                1,
                1
            ],
            "min": [
                0,
                0,
                0
            ],
            "type": "FLOAT_VEC3"
        },
        "attribute_38": {
            "bufferView": "bufferView_43",
            "byteOffset": 1529388,
            "byteStride": 12,
            "count": 1164,
            "max": [
                1,
                1,
                1
            ],
            "min": [
                0,
                0,
                0
            ],
            "type": "FLOAT_VEC3"
        },
        "attribute_39": {
            "bufferView": "bufferView_43",
            "byteOffset": 1543356,
            "byteStride": 8,
            "count": 1164,
            "max": [
                1,
                1,
                1
            ],
            "min": [
                0,
                0,
                0
            ],
            "type": "FLOAT_VEC2"
        },
        "attribute_4": {
            "bufferView": "bufferView_43",
            "byteOffset": 222336,
            "byteStride": 16,
            "count": 6948,
            "max": [
                1,
                1,
                1
            ],
            "min": [
                0,
                0,
                0
            ],
            "type": "FLOAT_VEC4"
        },
        "attribute_40": {
            "bufferView": "bufferView_43",
            "byteOffset": 1552668,
            "byteStride": 16,
            "count": 1164,
            "max": [
                1,
                1,
                1
            ],
            "min": [
                0,
                0,
                0
            ],
            "type": "FLOAT_VEC4"
        },
        "attribute_41": {
            "bufferView": "bufferView_43",
            "byteOffset": 1571292,
            "byteStride": 12,
            "count": 1164,
            "max": [
                1,
                1,
                1
            ],
            "min": [
                0,
                0,
                0
            ],
            "type": "FLOAT_VEC3"
        },
        "attribute_5": {
            "bufferView": "bufferView_43",
            "byteOffset": 333504,
            "byteStride": 12,
            "count": 6948,
            "max": [
                1,
                1,
                1
            ],
            "min": [
                0,
                0,
                0
            ],
            "type": "FLOAT_VEC3"
        },
        "attribute_7": {
            "bufferView": "bufferView_43",
            "byteOffset": 416880,
            "byteStride": 12,
            "count": 3360,
            "max": [
                1,
                1,
                1
            ],
            "min": [
                0,
                0,
                0
            ],
            "type": "FLOAT_VEC3"
        },
        "attribute_8": {
            "bufferView": "bufferView_43",
            "byteOffset": 457200,
            "byteStride": 12,
            "count": 3360,
            "max": [
                1,
                1,
                1
            ],
            "min": [
                0,
                0,
                0
            ],
            "type": "FLOAT_VEC3"
        },
        "attribute_9": {
            "bufferView": "bufferView_43",
            "byteOffset": 497520,
            "byteStride": 8,
            "count": 3360,
            "max": [
                1,
                1,
                1
            ],
            "min": [
                0,
                0,
                0
            ],
            "type": "FLOAT_VEC2"
        }
    },
    "bufferViews": {
        "bufferView_43": {
            "buffer": "luna.bin",
            "byteLength": 1585260,
            "byteOffset": 0,
            "target": "ARRAY_BUFFER"
        },
        "bufferView_44": {
            "buffer": "luna.bin",
            "byteLength": 52842,
            "byteOffset": 1585260,
            "target": "ELEMENT_ARRAY_BUFFER"
        }
    },
    "buffers": {
        "luna.bin": {
            "byteLength": 1638102,
            "path": "luna.bin"
        }
    },
    "cameras": {},
    "images": {
        "image_0": {
            "path": "textures/luna_body_color.png"
        },
        "image_1": {
            "path": "textures/luna_head_color.png"
        },
        "image_2": {
            "path": "textures/luna_helmet_color.png"
        },
        "image_3": {
            "path": "textures/luna_mount_color.png"
        },
        "image_4": {
            "path": "textures/luna_shield_color.png"
        },
        "image_5": {
            "path": "textures/luna_shoulder_color.png"
        },
        "image_6": {
            "path": "textures/luna_weapon_color.png"
        }
    },
    "indices": {
        "indices_12": {
            "bufferView": "bufferView_44",
            "byteOffset": 13896,
            "count": 3360,
            "type": "UNSIGNED_SHORT"
        },
        "indices_18": {
            "bufferView": "bufferView_44",
            "byteOffset": 20616,
            "count": 2220,
            "type": "UNSIGNED_SHORT"
        },
        "indices_24": {
            "bufferView": "bufferView_44",
            "byteOffset": 25056,
            "count": 10695,
            "type": "UNSIGNED_SHORT"
        },
        "indices_30": {
            "bufferView": "bufferView_44",
            "byteOffset": 46446,
            "count": 540,
            "type": "UNSIGNED_SHORT"
        },
        "indices_36": {
            "bufferView": "bufferView_44",
            "byteOffset": 47526,
            "count": 1494,
            "type": "UNSIGNED_SHORT"
        },
        "indices_42": {
            "bufferView": "bufferView_44",
            "byteOffset": 50514,
            "count": 1164,
            "type": "UNSIGNED_SHORT"
        },
        "indices_6": {
            "bufferView": "bufferView_44",
            "byteOffset": 0,
            "count": 6948,
            "type": "UNSIGNED_SHORT"
        }
    },
    "lights": {},
    "materials": {
        "Material #101": {
            "instanceTechnique": {
                "technique": "technique_0",
                "values": [
                    {
                        "parameter": "ambient",
                        "value": [
                            0.5879999995231628,
                            0.5879999995231628,
                            0.5879999995231628
                        ]
                    },
                    {
                        "parameter": "emission",
                        "value": [
                            0,
                            0,
                            0
                        ]
                    },
                    {
                        "parameter": "diffuse",
                        "value": "Map #14"
                    },
                    {
                        "parameter": "shininess",
                        "value": 2
                    },
                    {
                        "parameter": "specular",
                        "value": [
                            0.8999999761581421,
                            0.8999999761581421,
                            0.8999999761581421
                        ]
                    }
                ]
            },
            "name": "Material #101"
        },
        "Material #35": {
            "instanceTechnique": {
                "technique": "technique_0",
                "values": [
                    {
                        "parameter": "ambient",
                        "value": [
                            0.5879999995231628,
                            0.5879999995231628,
                            0.5879999995231628
                        ]
                    },
                    {
                        "parameter": "emission",
                        "value": [
                            0,
                            0,
                            0
                        ]
                    },
                    {
                        "parameter": "diffuse",
                        "value": "Map #8"
                    },
                    {
                        "parameter": "shininess",
                        "value": 2
                    },
                    {
                        "parameter": "specular",
                        "value": [
                            0.8999999761581421,
                            0.8999999761581421,
                            0.8999999761581421
                        ]
                    }
                ]
            },
            "name": "Material #35"
        },
        "Material #46": {
            "instanceTechnique": {
                "technique": "technique_0",
                "values": [
                    {
                        "parameter": "ambient",
                        "value": [
                            0.5879999995231628,
                            0.5879999995231628,
                            0.5879999995231628
                        ]
                    },
                    {
                        "parameter": "emission",
                        "value": [
                            0,
                            0,
                            0
                        ]
                    },
                    {
                        "parameter": "diffuse",
                        "value": "Map #9"
                    },
                    {
                        "parameter": "shininess",
                        "value": 2
                    },
                    {
                        "parameter": "specular",
                        "value": [
                            0.8999999761581421,
                            0.8999999761581421,
                            0.8999999761581421
                        ]
                    }
                ]
            },
            "name": "Material #46"
        },
        "Material #57": {
            "instanceTechnique": {
                "technique": "technique_0",
                "values": [
                    {
                        "parameter": "ambient",
                        "value": [
                            0.5879999995231628,
                            0.5879999995231628,
                            0.5879999995231628
                        ]
                    },
                    {
                        "parameter": "emission",
                        "value": [
                            0,
                            0,
                            0
                        ]
                    },
                    {
                        "parameter": "diffuse",
                        "value": "Map #10"
                    },
                    {
                        "parameter": "shininess",
                        "value": 2
                    },
                    {
                        "parameter": "specular",
                        "value": [
                            0.8999999761581421,
                            0.8999999761581421,
                            0.8999999761581421
                        ]
                    }
                ]
            },
            "name": "Material #57"
        },
        "Material #68": {
            "instanceTechnique": {
                "technique": "technique_0",
                "values": [
                    {
                        "parameter": "ambient",
                        "value": [
                            0.5879999995231628,
                            0.5879999995231628,
                            0.5879999995231628
                        ]
                    },
                    {
                        "parameter": "emission",
                        "value": [
                            0,
                            0,
                            0
                        ]
                    },
                    {
                        "parameter": "diffuse",
                        "value": "Map #11"
                    },
                    {
                        "parameter": "shininess",
                        "value": 2
                    },
                    {
                        "parameter": "specular",
                        "value": [
                            0.8999999761581421,
                            0.8999999761581421,
                            0.8999999761581421
                        ]
                    }
                ]
            },
            "name": "Material #68"
        },
        "Material #79": {
            "instanceTechnique": {
                "technique": "technique_0",
                "values": [
                    {
                        "parameter": "ambient",
                        "value": [
                            0.5879999995231628,
                            0.5879999995231628,
                            0.5879999995231628
                        ]
                    },
                    {
                        "parameter": "emission",
                        "value": [
                            0,
                            0,
                            0
                        ]
                    },
                    {
                        "parameter": "diffuse",
                        "value": "Map #12"
                    },
                    {
                        "parameter": "shininess",
                        "value": 2
                    },
                    {
                        "parameter": "specular",
                        "value": [
                            0.8999999761581421,
                            0.8999999761581421,
                            0.8999999761581421
                        ]
                    }
                ]
            },
            "name": "Material #79"
        },
        "Material #90": {
            "instanceTechnique": {
                "technique": "technique_0",
                "values": [
                    {
                        "parameter": "ambient",
                        "value": [
                            0.5879999995231628,
                            0.5879999995231628,
                            0.5879999995231628
                        ]
                    },
                    {
                        "parameter": "emission",
                        "value": [
                            0,
                            0,
                            0
                        ]
                    },
                    {
                        "parameter": "diffuse",
                        "value": "Map #13"
                    },
                    {
                        "parameter": "shininess",
                        "value": 2
                    },
                    {
                        "parameter": "specular",
                        "value": [
                            0.8999999761581421,
                            0.8999999761581421,
                            0.8999999761581421
                        ]
                    }
                ]
            },
            "name": "Material #90"
        }
    },
    "meshes": {
        "luna_head_model_LOD0-mesh": {
            "name": "luna_head_model_LOD0-mesh",
            "primitives": [
                {
                    "indices": "indices_12",
                    "material": "Material #46",
                    "semantics": {
                        "JOINT": "attribute_10",
                        "NORMAL": "attribute_8",
                        "POSITION": "attribute_7",
                        "TEXCOORD_0": "attribute_9",
                        "WEIGHT": "attribute_11"
                    },
                    "skin": "skin_1"
                }
            ]
        },
        "luna_helmet_model_LOD0-mesh": {
            "name": "luna_helmet_model_LOD0-mesh",
            "primitives": [
                {
                    "indices": "indices_18",
                    "material": "Material #57",
                    "semantics": {
                        "JOINT": "attribute_16",
                        "NORMAL": "attribute_14",
                        "POSITION": "attribute_13",
                        "TEXCOORD_0": "attribute_15",
                        "WEIGHT": "attribute_17"
                    },
                    "skin": "skin_2"
                }
            ]
        },
        "luna_model_LOD0-mesh": {
            "name": "luna_model_LOD0-mesh",
            "primitives": [
                {
                    "indices": "indices_6",
                    "material": "Material #35",
                    "semantics": {
                        "JOINT": "attribute_4",
                        "NORMAL": "attribute_2",
                        "POSITION": "attribute_1",
                        "TEXCOORD_0": "attribute_3",
                        "WEIGHT": "attribute_5"
                    },
                    "skin": "skin_0"
                }
            ]
        },
        "luna_mount_model_LOD0-mesh": {
            "name": "luna_mount_model_LOD0-mesh",
            "primitives": [
                {
                    "indices": "indices_24",
                    "material": "Material #68",
                    "semantics": {
                        "JOINT": "attribute_22",
                        "NORMAL": "attribute_20",
                        "POSITION": "attribute_19",
                        "TEXCOORD_0": "attribute_21",
                        "WEIGHT": "attribute_23"
                    },
                    "skin": "skin_3"
                }
            ]
        },
        "luna_shield_model_LOD0-mesh": {
            "name": "luna_shield_model_LOD0-mesh",
            "primitives": [
                {
                    "indices": "indices_30",
                    "material": "Material #79",
                    "semantics": {
                        "JOINT": "attribute_28",
                        "NORMAL": "attribute_26",
                        "POSITION": "attribute_25",
                        "TEXCOORD_0": "attribute_27",
                        "WEIGHT": "attribute_29"
                    },
                    "skin": "skin_4"
                }
            ]
        },
        "luna_shoulder_model_LOD0-mesh": {
            "name": "luna_shoulder_model_LOD0-mesh",
            "primitives": [
                {
                    "indices": "indices_36",
                    "material": "Material #90",
                    "semantics": {
                        "JOINT": "attribute_34",
                        "NORMAL": "attribute_32",
                        "POSITION": "attribute_31",
                        "TEXCOORD_0": "attribute_33",
                        "WEIGHT": "attribute_35"
                    },
                    "skin": "skin_5"
                }
            ]
        },
        "luna_weapon_model_LOD0-mesh": {
            "name": "luna_weapon_model_LOD0-mesh",
            "primitives": [
                {
                    "indices": "indices_42",
                    "material": "Material #101",
                    "semantics": {
                        "JOINT": "attribute_40",
                        "NORMAL": "attribute_38",
                        "POSITION": "attribute_37",
                        "TEXCOORD_0": "attribute_39",
                        "WEIGHT": "attribute_41"
                    },
                    "skin": "skin_6"
                }
            ]
        }
    },
    "nodes": {
        "Ear0_0_L": {
            "children": [
                "Ear0_1_L"
            ],
            "matrix": [
                0.6222444772720337,
                0.6593610048294068,
                -0.4219652116298678,
                0,
                -0.5457162441526583,
                0.7518263465919388,
                0.3700685553230596,
                0,
                0.5612533516615982,
                1.5569192268055643e-7,
                0.827643823361838,
                0,
                4.8940505981445455,
                18.51519775390625,
                -7.8406829833984375,
                1
            ],
            "name": "Ear0_0_L"
        },
        "Ear0_1_L": {
            "children": [],
            "matrix": [
                0.6153966784477233,
                0.7837828993797301,
                -0.08349597454071053,
                0,
                0.47252963401518755,
                -0.28206475870429687,
                0.8349580112628735,
                0,
                0.6308746383172507,
                -0.5532847961540667,
                -0.5439424478226598,
                0,
                22.009780883789062,
                -0.000015258789048289145,
                -0.00001525878903407829,
                1
            ],
            "name": "Ear0_1_L"
        },
        "Ear1_0_R": {
            "children": [
                "Ear1_1_R"
            ],
            "matrix": [
                -0.6222445368766787,
                0.6593606472015384,
                0.4219651818275455,
                0,
                -0.5457160142812597,
                -0.7518264426457055,
                0.37006835624957607,
                0,
                0.5612532396629303,
                -1.442452016997553e-7,
                0.8276437780521336,
                0,
                4.8940353393554545,
                -18.515195846557614,
                -7.8406829833984375,
                1
            ],
            "name": "Ear1_0_R"
        },
        "Ear1_1_R": {
            "children": [],
            "matrix": [
                0.6153967380523684,
                -0.7837826013565062,
                0.08349563181400302,
                0,
                -0.47252945874911134,
                -0.2820650908154734,
                0.8349583732948223,
                0,
                -0.6308746492606343,
                -0.5532848106443229,
                -0.5439423107078774,
                0,
                -22.00977325439453,
                -0.00003814697266335543,
                0,
                1
            ],
            "name": "Ear1_1_R"
        },
        "Head_0": {
            "children": [
                "Head_1"
            ],
            "matrix": [
                0.9860636591911316,
                -3.725290312339702e-9,
                0.16636803746223458,
                0,
                -6.121385336121943e-9,
                0.9999998807907107,
                5.8673322340420386e-8,
                0,
                -0.16636806803388848,
                -5.8874051632332516e-8,
                0.9860638403893789,
                0,
                7.5128326416015625,
                9.536743172944284e-7,
                0.000007629394534802714,
                1
            ],
            "name": "Head_0"
        },
        "Head_1": {
            "children": [
                "PonyTail0_R0C0"
            ],
            "matrix": [
                -0.07443359494209206,
                -1.051230356524397e-7,
                -0.9972259402275089,
                0,
                -5.070813416385711e-8,
                0.9999999403953542,
                -1.0163056991894376e-7,
                0,
                0.9972258809530938,
                4.300273809959565e-8,
                -0.07443359051781556,
                0,
                15.580276489257812,
                -0.000001907348634588857,
                0.0000019073486292597863,
                1
            ],
            "name": "Head_1"
        },
        "Jaw2_0": {
            "children": [],
            "matrix": [
                -0.389205664396286,
                -1.043081283499947e-7,
                0.921150922775269,
                0,
                5.318662420206177e-9,
                1.0000000000000004,
                1.1548398775457214e-7,
                0,
                -0.921150760363614,
                4.984630419990928e-8,
                -0.38920559577393576,
                0,
                -5.2704925537109375,
                -0.000001430511474609375,
                13.472198486328125,
                1
            ],
            "name": "Jaw2_0"
        },
        "LCatHood_R0C0": {
            "children": [
                "LCatHood_R1C0"
            ],
            "matrix": [
                -0.3892049491405487,
                -3.539025782567373e-7,
                0.9211511611938478,
                0,
                0.921151110618089,
                6.653115245890649e-7,
                0.3892049277715261,
                0,
                -7.505931864208726e-7,
                1.0000000000000435,
                6.705522166694511e-8,
                0,
                -11.499996185302749,
                20.0000057220459,
                10,
                1
            ],
            "name": "LCatHood_R0C0"
        },
        "LCatHood_R1C0": {
            "children": [
                "LCatHood_R2C0"
            ],
            "matrix": [
                0.9999999999999997,
                1.3877787807814457e-17,
                -2.607703211005008e-8,
                0,
                4.3021142204224816e-16,
                0.9999999999999999,
                1.629814505446983e-8,
                0,
                2.6077028966731142e-8,
                -1.6298143095533346e-8,
                0.9999998807907108,
                0,
                15.894668579101562,
                0.00000762939453125,
                -1.7763568394002505e-15,
                1
            ],
            "name": "LCatHood_R1C0"
        },
        "LCatHood_R2C0": {
            "children": [],
            "matrix": [
                0.9995977878570557,
                2.235174178383259e-8,
                -0.028364568948745734,
                0,
                -3.638697074898056e-8,
                1.0000001192092896,
                -4.942994564162331e-7,
                0,
                0.028364572325696266,
                4.951327438012902e-7,
                0.9995979068647994,
                0,
                15.894630432128906,
                -0.00000762939453125,
                0.0000028610229456660363,
                1
            ],
            "name": "LCatHood_R2C0"
        },
        "PonyTail0_R0C0": {
            "children": [
                "PonyTail0_R1C0"
            ],
            "matrix": [
                -0.9359635114669796,
                -0.04737976938486112,
                0.348894238471985,
                0,
                0.3458421310701896,
                0.06223081543724735,
                0.9362266872743308,
                0,
                -0.06607018365364602,
                0.9969364376074519,
                -0.04185985602539975,
                0,
                -4.80384635925293,
                0.21564960479736328,
                8.781890869140625,
                1
            ],
            "name": "PonyTail0_R0C0"
        },
        "PonyTail0_R1C0": {
            "children": [
                "PonyTail0_R2C0"
            ],
            "matrix": [
                0.19767084717750566,
                -0.9146716594696045,
                -0.35256499052047724,
                0,
                0.9802604908375101,
                0.18300322025587634,
                0.07482609796230441,
                0,
                -0.003920783962728297,
                -0.3603965959267079,
                0.9327912203944845,
                0,
                14.794273376464844,
                0,
                0.000004768371580254893,
                1
            ],
            "name": "PonyTail0_R1C0"
        },
        "PonyTail0_R2C0": {
            "children": [
                "PonyTail0_R3C0"
            ],
            "matrix": [
                0.7801346182823183,
                -0.49159234762191784,
                0.38694515824317943,
                0,
                0.46120088924479147,
                0.8698231277559418,
                0.17521763036074042,
                0,
                -0.4227095666470572,
                0.04176611906424768,
                0.905302117056561,
                0,
                16.2279052734375,
                -0.52227783203125,
                -0.604888916015625,
                1
            ],
            "name": "PonyTail0_R2C0"
        },
        "PonyTail0_R3C0": {
            "children": [],
            "matrix": [
                0.9651739001274111,
                0.15071129798889163,
                0.21383492648601532,
                0,
                -0.18261470332441015,
                0.973425513058774,
                0.13818473597938163,
                0,
                -0.1873263724303466,
                -0.172421702525395,
                0.9670469995831023,
                0,
                9.728820800781222,
                -0.0000095367431640625,
                9.5367431640625e-7,
                1
            ],
            "name": "PonyTail0_R3C0"
        },
        "RCatHood_R0C0": {
            "children": [
                "RCatHood_R1C0"
            ],
            "matrix": [
                -0.38920485973358177,
                -5.625188351093824e-7,
                0.9211510419845582,
                0,
                0.9211511139293491,
                6.996206925176211e-7,
                0.3892048901321316,
                0,
                -8.633916331497737e-7,
                0.999999999999991,
                2.4586914122021186e-7,
                0,
                -11.499988555908217,
                -20,
                10,
                1
            ],
            "name": "RCatHood_R0C0"
        },
        "RCatHood_R1C0": {
            "children": [
                "RCatHood_R2C0"
            ],
