{
    "accessors": {
        "attrbute_1": {
            "bufferView": "bufferView_43",
            "byteOffset": 0,
            "byteStride": 12,
            "count": 1596,
            "max": [
                65.60246276855469,
                6.175384998321533,
                212.32296752929688,
                0
            ],
            "min": [
                -65.60243225097656,
                -59.072120666503906,
                67.40355682373047,
                0
            ],
            "type": 35665
        },
        "attrbute_10": {
            "bufferView": "bufferView_43",
            "byteOffset": 118544,
            "byteStride": 16,
            "count": 712,
            "max": [
                1,
                2,
                2,
                -1
            ],
            "min": [
                0,
                -1,
                -1,
                -1
            ],
            "type": 35666
        },
        "attrbute_11": {
            "bufferView": "bufferView_43",
            "byteOffset": 129936,
            "byteStride": 12,
            "count": 712,
            "max": [
                1,
                0.7630000114440918,
                0.007466279435902834
            ],
            "min": [
                0.2370000034570694,
                0,
                0
            ],
            "type": 35665
        },
        "attrbute_13": {
            "bufferView": "bufferView_43",
            "byteOffset": 138480,
            "byteStride": 12,
            "count": 496,
            "max": [
                10.174845695495605,
                23.54967498779297,
                240.55519104003906,
                0
            ],
            "min": [
                -14.369544982910156,
                -29.643278121948242,
                199.30758666992188,
                0
            ],
            "type": 35665
        },
        "attrbute_14": {
            "bufferView": "bufferView_43",
            "byteOffset": 144432,
            "byteStride": 12,
            "count": 496,
            "max": [
                0.9968575835227966,
                0.9852561950683594,
                0.98951655626297,
                0
            ],
            "min": [
                -0.9968575835227966,
                -0.9941318035125732,
                -0.9980565309524536,
                0
            ],
            "type": 35665
        },
        "attrbute_15": {
            "bufferView": "bufferView_43",
            "byteOffset": 150384,
            "byteStride": 8,
            "count": 496,
            "max": [
                1.982945203781128,
                0.9901706576347351
            ],
            "min": [
                0.018350105732679367,
                0.008939921855926514
            ],
            "type": 35664
        },
        "attrbute_16": {
            "bufferView": "bufferView_43",
            "byteOffset": 154352,
            "byteStride": 16,
            "count": 496,
            "max": [
                4,
                5,
                5,
                -1
            ],
            "min": [
                0,
                -1,
                -1,
                -1
            ],
            "type": 35666
        },
        "attrbute_17": {
            "bufferView": "bufferView_43",
            "byteOffset": 162288,
            "byteStride": 12,
            "count": 496,
            "max": [
                1,
                0.8161786198616028,
                0.642216682434082
            ],
            "min": [
                0.06765091419219971,
                0,
                0
            ],
            "type": 35665
        },
        "attrbute_19": {
            "bufferView": "bufferView_43",
            "byteOffset": 168240,
            "byteStride": 12,
            "count": 2312,
            "max": [
                47.19383239746094,
                157.69100952148438,
                164.62301635742188,
                0
            ],
            "min": [
                -42.47101593017578,
                -132.20266723632812,
                -0.6106469631195068,
                0
            ],
            "type": 35665
        },
        "attrbute_2": {
            "bufferView": "bufferView_43",
            "byteOffset": 19152,
            "byteStride": 12,
            "count": 1596,
            "max": [
                0.9975857138633728,
                0.998862087726593,
                0.9991726279258728,
                0
            ],
            "min": [
                -0.9975857734680176,
                -0.9995759129524231,
                -0.9958025813102722,
                0
            ],
            "type": 35665
        },
        "attrbute_20": {
            "bufferView": "bufferView_43",
            "byteOffset": 195984,
            "byteStride": 12,
            "count": 2312,
            "max": [
                0.9984885454177856,
                0.9992583394050598,
                0.9990350008010864,
                0
            ],
            "min": [
                -0.9996033310890198,
                -0.998352587223053,
                -0.999687910079956,
                0
            ],
            "type": 35665
        },
        "attrbute_21": {
            "bufferView": "bufferView_43",
            "byteOffset": 223728,
            "byteStride": 8,
            "count": 2312,
            "max": [
                3.212857961654663,
                0.9975730180740356
            ],
            "min": [
                0.0026310000102967024,
                0.009311020374298096
            ],
            "type": 35664
        },
        "attrbute_22": {
            "bufferView": "bufferView_43",
            "byteOffset": 242224,
            "byteStride": 16,
            "count": 2312,
            "max": [
                40,
                40,
                40,
                -1
            ],
            "min": [
                0,
                -1,
                -1,
                -1
            ],
            "type": 35666
        },
        "attrbute_23": {
            "bufferView": "bufferView_43",
            "byteOffset": 279216,
            "byteStride": 12,
            "count": 2312,
            "max": [
                1,
                0.999897837638855,
                0.9943348169326782
            ],
            "min": [
                0.00010217582894256338,
                0,
                0
            ],
            "type": 35665
        },
        "attrbute_25": {
            "bufferView": "bufferView_43",
            "byteOffset": 306960,
            "byteStride": 12,
            "count": 149,
            "max": [
                12.082276344299316,
                23.407196044921875,
                45.581581115722656,
                0
            ],
            "min": [
                -8.349632263183594,
                -24.884841918945312,
                -48.388954162597656,
                0
            ],
            "type": 35665
        },
        "attrbute_26": {
            "bufferView": "bufferView_43",
            "byteOffset": 308748,
            "byteStride": 12,
            "count": 149,
            "max": [
                0.9991990923881531,
                0.7944827079772949,
                0.9421815276145935,
                0
            ],
            "min": [
                -0.749639630317688,
                -0.8991079926490784,
                -0.9444841742515564,
                0
            ],
            "type": 35665
        },
        "attrbute_27": {
            "bufferView": "bufferView_43",
            "byteOffset": 310536,
            "byteStride": 8,
            "count": 149,
            "max": [
                0.9954339861869812,
                0.9942240118980408
            ],
            "min": [
                0.009181000292301178,
                0.008800029754638672
            ],
            "type": 35664
        },
        "attrbute_28": {
            "bufferView": "bufferView_43",
            "byteOffset": 311728,
            "byteStride": 16,
            "count": 149,
            "max": [
                0,
                -1,
                -1,
                -1
            ],
            "min": [
                0,
                -1,
                -1,
                -1
            ],
            "type": 35666
        },
        "attrbute_29": {
            "bufferView": "bufferView_43",
            "byteOffset": 314112,
            "byteStride": 12,
            "count": 149,
            "max": [
                1,
                0,
                0
            ],
            "min": [
                1,
                0,
                0
            ],
            "type": 35665
        },
        "attrbute_3": {
            "bufferView": "bufferView_43",
            "byteOffset": 38304,
            "byteStride": 8,
            "count": 1596,
            "max": [
                1.993028163909912,
                0.9860426783561707
            ],
            "min": [
                0.006775796413421631,
                0.0056171417236328125
            ],
            "type": 35664
        },
        "attrbute_31": {
            "bufferView": "bufferView_43",
            "byteOffset": 315900,
            "byteStride": 12,
            "count": 356,
            "max": [
                28.462356567382812,
                -4.020286560058594,
                218.3295135498047,
                0
            ],
            "min": [
                -28.46237564086914,
                -27.100788116455078,
                186.32289123535156,
                0
            ],
            "type": 35665
        },
        "attrbute_32": {
            "bufferView": "bufferView_43",
            "byteOffset": 320172,
            "byteStride": 12,
            "count": 356,
            "max": [
                0.9976491928100586,
                0.9953503608703613,
                0.9742344617843628,
                0
            ],
            "min": [
                -0.997649073600769,
                -0.9931362271308899,
                -0.9289608001708984,
                0
            ],
            "type": 35665
        },
        "attrbute_33": {
            "bufferView": "bufferView_43",
            "byteOffset": 324444,
            "byteStride": 8,
            "count": 356,
            "max": [
                1.986968994140625,
                0.976788341999054
            ],
            "min": [
                0.029845088720321655,
                0.008181214332580566
            ],
            "type": 35664
        },
        "attrbute_34": {
            "bufferView": "bufferView_43",
            "byteOffset": 327292,
            "byteStride": 16,
            "count": 356,
            "max": [
                7,
                8,
                8,
                -1
            ],
            "min": [
                0,
                -1,
                -1,
                -1
            ],
            "type": 35666
        },
        "attrbute_35": {
            "bufferView": "bufferView_43",
            "byteOffset": 332988,
            "byteStride": 12,
            "count": 356,
            "max": [
                1,
                0.9312306046485901,
                0.5218159556388855
            ],
            "min": [
                0.020619617775082588,
                0,
                0
            ],
            "type": 35665
        },
        "attrbute_37": {
            "bufferView": "bufferView_43",
            "byteOffset": 337260,
            "byteStride": 12,
            "count": 218,
            "max": [
                5.18803071975708,
                21.102087020874023,
                54.617042541503906,
                0
            ],
            "min": [
                -5.18815279006958,
                -20.77147102355957,
                -55.498600006103516,
                0
            ],
            "type": 35665
        },
        "attrbute_38": {
            "bufferView": "bufferView_43",
            "byteOffset": 339876,
            "byteStride": 12,
            "count": 218,
            "max": [
                0.9997588992118835,
                0.9991502165794373,
                0.9987896084785461,
                0
            ],
            "min": [
                -0.9997588992118835,
                -0.9985013604164124,
                -0.9993076920509338,
                0
            ],
            "type": 35665
        },
        "attrbute_39": {
            "bufferView": "bufferView_43",
            "byteOffset": 342492,
            "byteStride": 8,
            "count": 218,
            "max": [
                0.9874259829521179,
                0.9835820198059082
            ],
            "min": [
                0.010095000267028809,
                0.01480799913406372
            ],
            "type": 35664
        },
        "attrbute_4": {
            "bufferView": "bufferView_43",
            "byteOffset": 51072,
            "byteStride": 16,
            "count": 1596,
            "max": [
                43,
                44,
                45,
                -1
            ],
            "min": [
                0,
                -1,
                -1,
                -1
            ],
            "type": 35666
        },
        "attrbute_40": {
            "bufferView": "bufferView_43",
            "byteOffset": 344236,
            "byteStride": 16,
            "count": 218,
            "max": [
                0,
                -1,
                -1,
                -1
            ],
            "min": [
                0,
                -1,
                -1,
                -1
            ],
            "type": 35666
        },
        "attrbute_41": {
            "bufferView": "bufferView_43",
            "byteOffset": 347724,
            "byteStride": 12,
            "count": 218,
            "max": [
                1,
                0,
                0
            ],
            "min": [
                1,
                0,
                0
            ],
            "type": 35665
        },
        "attrbute_5": {
            "bufferView": "bufferView_43",
            "byteOffset": 76608,
            "byteStride": 12,
            "count": 1596,
            "max": [
                1,
                0.9997677206993103,
                0.999131977558136
            ],
            "min": [
                0.00010007456876337528,
                0,
                0
            ],
            "type": 35665
        },
        "attrbute_7": {
            "bufferView": "bufferView_43",
            "byteOffset": 95760,
            "byteStride": 12,
            "count": 712,
            "max": [
                6.91904878616333,
                -10.672135353088379,
                227.6376190185547,
                0
            ],
            "min": [
                -6.919058322906494,
                -30.149429321289062,
                200.66607666015625,
                0
            ],
            "type": 35665
        },
        "attrbute_8": {
            "bufferView": "bufferView_43",
            "byteOffset": 104304,
            "byteStride": 12,
            "count": 712,
            "max": [
                0.9962320327758789,
                0.9966921210289001,
                0.9997861981391907,
                0
            ],
            "min": [
                -0.9962320327758789,
                -0.999927818775177,
                -0.9939191937446594,
                0
            ],
            "type": 35665
        },
        "attrbute_9": {
            "bufferView": "bufferView_43",
            "byteOffset": 112848,
            "byteStride": 8,
            "count": 712,
            "max": [
                1.9879419803619385,
                0.9861570000648499
            ],
            "min": [
                0.015619000419974327,
                0.01230698823928833
            ],
            "type": 35664
        },
        "indices_12": {
            "bufferView": "bufferView_45",
            "byteOffset": 13896,
            "count": 3360,
            "type": 5123
        },
        "indices_18": {
            "bufferView": "bufferView_45",
            "byteOffset": 20616,
            "count": 2220,
            "type": 5123
        },
        "indices_24": {
            "bufferView": "bufferView_45",
            "byteOffset": 25056,
            "count": 10695,
            "type": 5123
        },
        "indices_30": {
            "bufferView": "bufferView_45",
            "byteOffset": 46446,
            "count": 540,
            "type": 5123
        },
        "indices_36": {
            "bufferView": "bufferView_45",
            "byteOffset": 47526,
            "count": 1494,
            "type": 5123
        },
        "indices_42": {
            "bufferView": "bufferView_45",
            "byteOffset": 50514,
            "count": 1164,
            "type": 5123
        },
        "indices_6": {
            "bufferView": "bufferView_45",
            "byteOffset": 0,
            "count": 6948,
            "type": 5123
        }
    },
    "animations": {},
    "asset": {},
    "bufferViews": {
        "bufferView_43": {
            "buffer": "luna.bin",
            "byteLength": 350340,
            "byteOffset": 0,
            "target": 34962
        },
        "bufferView_44": {
            "buffer": "luna.bin",
            "byteLength": 9152,
            "byteOffset": 350340
        },
        "bufferView_45": {
            "buffer": "luna.bin",
            "byteLength": 52842,
            "byteOffset": 359492,
            "target": 34963
        }
    },
    "buffers": {
        "luna.bin": {
            "byteLength": 412334,
            "path": "luna.bin"
        }
    },
    "cameras": {},
    "images": {
        "image_0": {
            "path": "textures/luna_body_color.png"
        },
        "image_1": {
            "path": "textures/luna_head_color.png"
        },
        "image_2": {
            "path": "textures/luna_helmet_color.png"
        },
        "image_3": {
            "path": "textures/luna_mount_color.png"
        },
        "image_4": {
            "path": "textures/luna_shield_color.png"
        },
        "image_5": {
            "path": "textures/luna_shoulder_color.png"
        },
        "image_6": {
            "path": "textures/luna_weapon_color.png"
        }
    },
    "lights": {},
    "materials": {
        "Material #101": {
            "instanceTechnique": {
                "technique": "technique_0",
                "values": {
                    "ambient": [
                        0.5879999995231628,
                        0.5879999995231628,
                        0.5879999995231628
                    ],
                    "diffuse": "Map #14",
                    "emission": [
                        0,
                        0,
                        0
                    ],
                    "shininess": 2,
                    "specular": [
                        0.8999999761581421,
                        0.8999999761581421,
                        0.8999999761581421
                    ],
                    "transparency": 1
                }
            },
            "name": "Material #101"
        },
        "Material #35": {
            "instanceTechnique": {
                "technique": "technique_0",
                "values": {
                    "ambient": [
                        0.5879999995231628,
                        0.5879999995231628,
                        0.5879999995231628
                    ],
                    "diffuse": "Map #8",
                    "emission": [
                        0,
                        0,
                        0
                    ],
                    "shininess": 2,
                    "specular": [
                        0.8999999761581421,
                        0.8999999761581421,
                        0.8999999761581421
                    ],
                    "transparency": 1
                }
            },
            "name": "Material #35"
        },
        "Material #46": {
            "instanceTechnique": {
                "technique": "technique_0",
                "values": {
                    "ambient": [
                        0.5879999995231628,
                        0.5879999995231628,
                        0.5879999995231628
                    ],
                    "diffuse": "Map #9",
                    "emission": [
                        0,
                        0,
                        0
                    ],
                    "shininess": 2,
                    "specular": [
                        0.8999999761581421,
                        0.8999999761581421,
                        0.8999999761581421
                    ],
                    "transparency": 1
                }
            },
            "name": "Material #46"
        },
        "Material #57": {
            "instanceTechnique": {
                "technique": "technique_0",
                "values": {
                    "ambient": [
                        0.5879999995231628,
                        0.5879999995231628,
                        0.5879999995231628
                    ],
                    "diffuse": "Map #10",
                    "emission": [
                        0,
                        0,
                        0
                    ],
                    "shininess": 2,
                    "specular": [
                        0.8999999761581421,
                        0.8999999761581421,
                        0.8999999761581421
                    ],
                    "transparency": 1
                }
            },
            "name": "Material #57"
        },
        "Material #68": {
            "instanceTechnique": {
                "technique": "technique_0",
                "values": {
                    "ambient": [
                        0.5879999995231628,
                        0.5879999995231628,
                        0.5879999995231628
                    ],
                    "diffuse": "Map #11",
                    "emission": [
                        0,
                        0,
                        0
                    ],
                    "shininess": 2,
                    "specular": [
                        0.8999999761581421,
                        0.8999999761581421,
                        0.8999999761581421
                    ],
                    "transparency": 1
                }
            },
            "name": "Material #68"
        },
        "Material #79": {
            "instanceTechnique": {
                "technique": "technique_0",
                "values": {
                    "ambient": [
                        0.5879999995231628,
                        0.5879999995231628,
                        0.5879999995231628
                    ],
                    "diffuse": "Map #12",
                    "emission": [
                        0,
                        0,
                        0
                    ],
                    "shininess": 2,
                    "specular": [
                        0.8999999761581421,
                        0.8999999761581421,
                        0.8999999761581421
                    ],
                    "transparency": 1
                }
            },
            "name": "Material #79"
        },
        "Material #90": {
            "instanceTechnique": {
                "technique": "technique_0",
                "values": {
                    "ambient": [
                        0.5879999995231628,
                        0.5879999995231628,
                        0.5879999995231628
                    ],
                    "diffuse": "Map #13",
                    "emission": [
                        0,
                        0,
                        0
                    ],
                    "shininess": 2,
                    "specular": [
                        0.8999999761581421,
                        0.8999999761581421,
                        0.8999999761581421
                    ],
                    "transparency": 1
                }
            },
            "name": "Material #90"
        }
    },
    "meshes": {
        "luna_head_model_LOD0-mesh": {
            "name": "luna_head_model_LOD0-mesh",
            "primitives": [
                {
                    "attributes": {
                        "JOINT": "attrbute_10",
                        "NORMAL": "attrbute_8",
                        "POSITION": "attrbute_7",
                        "TEXCOORD_0": "attrbute_9",
                        "WEIGHT": "attrbute_11"
                    },
                    "indices": "indices_12",
                    "material": "Material #46"
                }
            ]
        },
        "luna_helmet_model_LOD0-mesh": {
            "name": "luna_helmet_model_LOD0-mesh",
            "primitives": [
                {
                    "attributes": {
                        "JOINT": "attrbute_16",
                        "NORMAL": "attrbute_14",
                        "POSITION": "attrbute_13",
                        "TEXCOORD_0": "attrbute_15",
                        "WEIGHT": "attrbute_17"
                    },
                    "indices": "indices_18",
                    "material": "Material #57"
                }
            ]
        },
        "luna_model_LOD0-mesh": {
            "name": "luna_model_LOD0-mesh",
            "primitives": [
                {
                    "attributes": {
                        "JOINT": "attrbute_4",
                        "NORMAL": "attrbute_2",
                        "POSITION": "attrbute_1",
                        "TEXCOORD_0": "attrbute_3",
                        "WEIGHT": "attrbute_5"
                    },
                    "indices": "indices_6",
                    "material": "Material #35"
                }
            ]
        },
        "luna_mount_model_LOD0-mesh": {
            "name": "luna_mount_model_LOD0-mesh",
            "primitives": [
                {
                    "attributes": {
                        "JOINT": "attrbute_22",
                        "NORMAL": "attrbute_20",
                        "POSITION": "attrbute_19",
                        "TEXCOORD_0": "attrbute_21",
                        "WEIGHT": "attrbute_23"
                    },
                    "indices": "indices_24",
                    "material": "Material #68"
                }
            ]
        },
        "luna_shield_model_LOD0-mesh": {
            "name": "luna_shield_model_LOD0-mesh",
            "primitives": [
                {
                    "attributes": {
                        "JOINT": "attrbute_28",
                        "NORMAL": "attrbute_26",
                        "POSITION": "attrbute_25",
                        "TEXCOORD_0": "attrbute_27",
                        "WEIGHT": "attrbute_29"
                    },
                    "indices": "indices_30",
                    "material": "Material #79"
                }
            ]
        },
        "luna_shoulder_model_LOD0-mesh": {
            "name": "luna_shoulder_model_LOD0-mesh",
            "primitives": [
                {
                    "attributes": {
                        "JOINT": "attrbute_34",
                        "NORMAL": "attrbute_32",
                        "POSITION": "attrbute_31",
                        "TEXCOORD_0": "attrbute_33",
                        "WEIGHT": "attrbute_35"
                    },
                    "indices": "indices_36",
                    "material": "Material #90"
                }
            ]
        },
        "luna_weapon_model_LOD0-mesh": {
            "name": "luna_weapon_model_LOD0-mesh",
            "primitives": [
                {
                    "attributes": {
                        "JOINT": "attrbute_40",
                        "NORMAL": "attrbute_38",
                        "POSITION": "attrbute_37",
                        "TEXCOORD_0": "attrbute_39",
                        "WEIGHT": "attrbute_41"
                    },
                    "indices": "indices_42",
                    "material": "Material #101"
                }
            ]
        }
    },
    "nodes": {
        "Ear0_0_L": {
            "children": [
                "Ear0_1_L"
            ],
            "jointId": "Ear0_0_L",
            "matrix": [
                0.6222444772720336,
                0.6593610048294068,
                -0.42196521162986744,
                0,
                -0.5457162441526584,
                0.751826346591939,
                0.3700685553230597,
                0,
                0.5612533516615982,
                1.5569192268402587e-7,
                0.827643823361838,
                0,
                4.894050598144531,
                18.515197753906254,
                -7.8406829833984375,
                1
            ],
            "name": "Ear0_0_L"
        },
        "Ear0_1_L": {
            "children": [],
            "jointId": "Ear0_1_L",
            "matrix": [
                0.6153966784477235,
                0.7837828993797301,
                -0.08349597454071048,
                0,
                0.47252963401518755,
                -0.2820647587042968,
                0.8349580112628733,
                0,
                0.6308746383172504,
                -0.5532847961540664,
                -0.5439424478226598,
                0,
                22.00978088378905,
                -0.000015258789055394573,
                -0.0000152587890625,
                1
            ],
            "name": "Ear0_1_L"
        },
        "Ear1_0_R": {
            "children": [
                "Ear1_1_R"
            ],
            "jointId": "Ear1_0_R",
            "matrix": [
                -0.6222445368766787,
                0.6593606472015385,
                0.4219651818275453,
                0,
                -0.5457160142812598,
                -0.7518264426457056,
                0.3700683562495761,
                0,
                0.5612532396629302,
                -1.4424520168934696e-7,
                0.8276437780521333,
                0,
                4.894035339355476,
                -18.515195846557617,
                -7.8406829833984375,
                1
            ],
            "name": "Ear1_0_R"
        },
        "Ear1_1_R": {
            "children": [],
            "jointId": "Ear1_1_R",
            "matrix": [
                0.6153967380523682,
                -0.7837826013565067,
                0.08349563181400295,
                0,
                -0.4725294587491111,
                -0.28206509081547343,
                0.8349583732948221,
                0,
                -0.6308746492606343,
                -0.5532848106443229,
                -0.5439423107078771,
                0,
                -22.009773254394545,
                -0.00003814697266335543,
                -2.842170943040401e-14,
                1
            ],
            "name": "Ear1_1_R"
        },
        "Head_0": {
            "children": [
                "Head_1"
            ],
            "jointId": "Head_0",
            "matrix": [
                0.9860636591911316,
                -3.725290305400808e-9,
                0.16636803746223455,
                0,
                -6.121385349999731e-9,
                0.9999998807907107,
                5.8673322335216216e-8,
                0,
                -0.16636806803388848,
                -5.887405163450092e-8,
                0.9860638403893789,
                0,
                7.5128326416015625,
                9.536743172944284e-7,
                0.000007629394527697286,
                1
            ],
            "name": "Head_0"
        },
        "Head_1": {
            "children": [
                "PonyTail0_R0C0"
            ],
            "jointId": "Head_1",
            "matrix": [
                -0.07443359494209204,
                -1.0512303565309022e-7,
                -0.9972259402275089,
                0,
                -5.070813414997932e-8,
                0.9999999403953541,
                -1.0163056990745122e-7,
                0,
                0.9972258809530935,
                4.300273811347344e-8,
                -0.07443359051781556,
                0,
                15.580276489257841,
                -0.0000019073486328125,
                0.0000019073486292597863,
                1
            ],
            "name": "Head_1"
        },
        "Jaw2_0": {
            "children": [],
            "jointId": "Jaw2_0",
            "matrix": [
                -0.3892056643962861,
                -1.043081283569336e-7,
                0.921150922775269,
                0,
                5.318662437553412e-9,
                1.0000000000000007,
                1.1548398776844992e-7,
                0,
                -0.921150760363614,
                4.984630419188618e-8,
                -0.38920559577393565,
                0,
                -5.270492553710945,
                -0.0000014305114737211966,
                13.472198486328125,
                1
            ],
            "name": "Jaw2_0"
        },
        "LCatHood_R0C0": {
            "children": [
                "LCatHood_R1C0"
            ],
            "jointId": "LCatHood_R0C0",
            "matrix": [
                -0.38920494914054876,
                -3.539025782567373e-7,
                0.9211511611938477,
                0,
                0.9211511106180892,
                6.653115245944859e-7,
                0.389204927771526,
                0,
                -7.505931864000559e-7,
                1.0000000000000437,
                6.70552216808229e-8,
                0,
                -11.499996185302749,
                20.0000057220459,
                10,
                1
            ],
            "name": "LCatHood_R0C0"
        },
        "LCatHood_R1C0": {
            "children": [
                "LCatHood_R2C0"
            ],
            "jointId": "LCatHood_R1C0",
            "matrix": [
                0.9999999999999998,
                0,
                -2.6077032103111186e-8,
                0,
                4.371503159461554e-16,
                1,
                1.629814507376863e-8,
                0,
                2.607702898060893e-8,
                -1.6298143096400708e-8,
                0.9999998807907107,
                0,
                15.894668579101548,
                0.00000762939453125,
                0,
                1
            ],
            "name": "LCatHood_R1C0"
        },
        "LCatHood_R2C0": {
            "children": [],
            "jointId": "LCatHood_R2C0",
            "matrix": [
                0.9995977878570559,
                2.2351741797710378e-8,
                -0.02836456894874575,
                0,
                -3.638697076285835e-8,
                1.0000001192092896,
                -4.942994563693955e-7,
                0,
                0.028364572325696287,
                4.951327437869787e-7,
                0.9995979068647993,
                0,
                15.894630432128906,
                -0.000007629394545460855,
                0.000002861022947442393,
                1
            ],
            "name": "LCatHood_R2C0"
        },
        "PonyTail0_R0C0": {
            "children": [
                "PonyTail0_R1C0"
            ],
            "jointId": "PonyTail0_R0C0",
            "matrix": [
                -0.9359635114669796,
                -0.047379769384861145,
                0.34889423847198486,
                0,
                0.3458421310701895,
                0.062230815437247344,
                0.9362266872743309,
                0,
                -0.06607018365364606,
                0.996936437607452,
                -0.041859856025399746,
                0,
                -4.80384635925293,
                0.21564960479736506,
                8.781890869140597,
                1
            ],
            "name": "PonyTail0_R0C0"
        },
        "PonyTail0_R1C0": {
            "children": [
                "PonyTail0_R2C0"
            ],
            "jointId": "PonyTail0_R1C0",
            "matrix": [
                0.19767084717750566,
                -0.9146716594696045,
                -0.35256499052047724,
                0,
                0.9802604908375103,
                0.1830032202558764,
                0.07482609796230438,
                0,
                -0.003920783962728214,
                -0.3603965959267079,
                0.9327912203944847,
                0,
                14.79427337646483,
                0,
                0.000004768371580254893,
                1
            ],
            "name": "PonyTail0_R1C0"
        },
        "PonyTail0_R2C0": {
            "children": [
                "PonyTail0_R3C0"
            ],
            "jointId": "PonyTail0_R2C0",
            "matrix": [
                0.7801346182823183,
                -0.49159234762191795,
                0.3869451582431796,
                0,
                0.4612008892447915,
                0.8698231277559421,
                0.17521763036074045,
                0,
                -0.4227095666470574,
                0.04176611906424778,
                0.9053021170565612,
                0,
                16.2279052734375,
                -0.5222778320312358,
                -0.604888916015625,
                1
            ],
            "name": "PonyTail0_R2C0"
        },
        "PonyTail0_R3C0": {
            "children": [],
            "jointId": "PonyTail0_R3C0",
            "matrix": [
                0.9651739001274111,
                0.15071129798889157,
                0.21383492648601538,
                0,
                -0.18261470332441027,
                0.9734255130587739,
                0.13818473597938163,
                0,
                -0.18732637243034658,
                -0.17242170252539493,
                0.9670469995831023,
                0,
                9.728820800781222,
                -0.0000095367431640625,
                9.5367431640625e-7,
                1
            ],
            "name": "PonyTail0_R3C0"
        },
        "RCatHood_R0C0": {
            "children": [
                "RCatHood_R1C0"
            ],
            "jointId": "RCatHood_R0C0",
            "matrix": [
                -0.3892048597335818,
                -5.625188351024435e-7,
                0.9211510419845582,
                0,
                0.9211511139293493,
                6.996206925091644e-7,
                0.38920489013213144,
                0,
                -8.633916331185487e-7,
                0.9999999999999911,
                2.4586914124102854e-7,
                0,
                -11.499988555908203,
                -20,
                10,
                1
            ],
            "name": "RCatHood_R0C0"
        },
        "RCatHood_R1C0": {
            "children": [
                "RCatHood_R2C0"
            ],
            "jointId": "RCatHood_R1C0",
            "matrix": [
                1.0000002384185793,
                1.1548399924538044e-7,
                7.450580603862722e-9,
                0,
                -1.1548398206467914e-7,
                1.0000001192092907,
                -4.5984052123113767e-7,
                0,
                -7.450631472893932e-9,
                4.5984043813983473e-7,
                0.999999940395376,
                0,
                15.894645690917969,
                -2.842170943040401e-14,
                0.000005722045894884786,
                1
            ],
            "name": "RCatHood_R1C0"
        },
