{
    "accessors": [
        {
            "bufferView": 0,
            "byteOffset": 0,
            "componentType": 5126,
            "count": 2999,
            "max": [
                51.78822708129883,
                55.8919792175293,
                201.04798889160156
            ],
            "min": [
                -51.788230895996094,
                -85.41165161132812,
                -0.02000647597014904
            ],
            "type": "VEC3"
        },
        {
            "bufferView": 0,
            "byteOffset": 35988,
            "componentType": 5126,
            "count": 2999,
            "max": [
                0.9995532631874084,
                0.9990555047988892,
                0.9997602105140686
            ],
            "min": [
                -0.9995532035827637,
                -0.9999586343765259,
                -0.9999999403953552
            ],
            "type": "VEC3"
        },
        {
            "bufferView": 0,
            "byteOffset": 71976,
            "componentType": 5126,
            "count": 2999,
            "max": [
                1.997841715812683,
                0.9921899437904358
            ],
            "min": [
                0.0036668593529611826,
                0.002430438995361328
            ],
            "type": "VEC2"
        },
        {
            "bufferView": 0,
            "byteOffset": 95968,
            "componentType": 5123,
            "count": 2999,
            "max": [
                48,
                48,
                46,
                0
            ],
            "min": [
                0,
                0,
                0,
                0
            ],
            "type": "VEC4"
        },
        {
            "bufferView": 0,
            "byteOffset": 119960,
            "componentType": 5126,
            "count": 2999,
            "max": [
                1,
                0.9998765587806702,
                0.9986905455589294,
                0
            ],
            "min": [
                0.00010269250196870416,
                0,
                0,
                0
            ],
            "type": "VEC4"
        },
        {
            "bufferView": 2,
            "byteOffset": 0,
            "componentType": 5123,
            "count": 13134,
            "max": [
                2998
            ],
            "min": [
                0
            ],
            "type": "SCALAR"
        },
        {
            "bufferView": 1,
            "byteOffset": 0,
            "componentType": 5126,
            "count": 49,
            "max": [
                0.9427095966644871,
                0.9999999999999736,
                0.9703222188911031,
                0,
                0.9999999999999806,
                0.9996586471484382,
                0.9999999999999414,
                0,
                1.0000001788138908,
                0.42537854966602023,
                1.0000001192092567,
                0,
                139.31616969102294,
                110.07000790991717,
                173.63997502150744,
                1
            ],
            "min": [
                -0.36101073356871827,
                -1.0000000596045477,
                -0.00034507702195161945,
                0,
                -1.0000001192091377,
                -0.9996588267287799,
                -1.0000002384186273,
                0,
                -0.9999998807906194,
                -0.4253782788470908,
                -1.0000001788136452,
                0,
                -168.98511118392375,
                -110.07004115725621,
                -187.97090946328686,
                1
            ],
            "type": "MAT4"
        },
        {
            "bufferView": 0,
            "byteOffset": 167944,
            "componentType": 5126,
            "count": 762,
            "max": [
                33.940773010253906,
                17.48444366455078,
                188.54100036621094
            ],
            "min": [
                -33.94078063964844,
                -63.822757720947266,
                111.984375
            ],
            "type": "VEC3"
        },
        {
            "bufferView": 0,
            "byteOffset": 177088,
            "componentType": 5126,
            "count": 762,
            "max": [
                0.989890456199646,
                0.9999989867210388,
                0.9981825947761536
            ],
            "min": [
                -0.989890456199646,
                -0.9843847751617432,
                -0.9857245087623596
            ],
            "type": "VEC3"
        },
        {
            "bufferView": 0,
            "byteOffset": 186232,
            "componentType": 5126,
            "count": 762,
            "max": [
                1.9861657619476318,
                0.991242527961731
            ],
            "min": [
                0.01733074150979519,
                0.013150990009307861
            ],
            "type": "VEC2"
        },
        {
            "bufferView": 0,
            "byteOffset": 192328,
            "componentType": 5123,
            "count": 762,
            "max": [
                10,
                12,
                7,
                0
            ],
            "min": [
                0,
                0,
                0,
                0
            ],
            "type": "VEC4"
        },
        {
            "bufferView": 0,
            "byteOffset": 198424,
            "componentType": 5126,
            "count": 762,
            "max": [
                1,
                0.9989995360374451,
                0.9634289145469666,
                0
            ],
            "min": [
                0.00012015699758194387,
                0,
                0,
                0
            ],
            "type": "VEC4"
        },
        {
            "bufferView": 2,
            "byteOffset": 26268,
            "componentType": 5123,
            "count": 2898,
            "max": [
                761
            ],
            "min": [
                0
            ],
            "type": "SCALAR"
        },
        {
            "bufferView": 1,
            "byteOffset": 3136,
            "componentType": 5126,
            "count": 13,
            "max": [
                0.9427094886842425,
                1,
                0.3707984526955462,
                0,
                0.0843856310105377,
                0.9310523663743991,
                0.9988423686118,
                0,
                0.9988423686118078,
                0.4253783927132934,
                1,
                0,
                139.31614578407607,
                110.07004322360959,
                173.64000149853146,
                1
            ],
            "min": [
                -7.333384581064259e-15,
                -0.767587532239359,
                -9.570858216093195e-8,
                0,
                -1,
                -0.9310524081438848,
                -0.8735080364268817,
                0,
                -0.8482692880851271,
                -0.4253785574313706,
                -0.8821812829918607,
                0,
                -168.985086448642,
                -110.07003403349465,
                -187.97084024803667,
                1
            ],
            "type": "MAT4"
        },
        {
            "bufferView": 0,
            "byteOffset": 210616,
            "componentType": 5126,
            "count": 500,
            "max": [
                51.78821563720703,
                -37.03954315185547,
                147.93739318847656
            ],
            "min": [
                -51.788204193115234,
                -71.10015106201172,
                62.851295471191406
            ],
            "type": "VEC3"
        },
        {
            "bufferView": 0,
            "byteOffset": 216616,
            "componentType": 5126,
            "count": 500,
            "max": [
                0.9942875504493713,
                0.9952529072761536,
                0.6621460914611816
            ],
            "min": [
                -0.9942874312400818,
                -0.9921039342880249,
                -0.9453913569450378
            ],
            "type": "VEC3"
        },
        {
            "bufferView": 0,
            "byteOffset": 222616,
            "componentType": 5126,
            "count": 500,
            "max": [
                1.9953874349594116,
                0.9726637601852417
            ],
            "min": [
                0.010204508900642395,
                0.0195237398147583
            ],
            "type": "VEC2"
        },
        {
            "bufferView": 0,
            "byteOffset": 226616,
            "componentType": 5123,
            "count": 500,
            "max": [
                21,
                21,
                21,
                0
            ],
            "min": [
                0,
                0,
                0,
                0
            ],
            "type": "VEC4"
        },
        {
            "bufferView": 0,
            "byteOffset": 230616,
            "componentType": 5126,
            "count": 500,
            "max": [
                1,
                0.9998766183853149,
                0.9986905455589294,
                0
            ],
            "min": [
                0.00010295672109350562,
                0,
                0,
                0
            ],
            "type": "VEC4"
        },
        {
            "bufferView": 2,
            "byteOffset": 32064,
            "componentType": 5123,
            "count": 2184,
            "max": [
                499
            ],
            "min": [
                0
            ],
            "type": "SCALAR"
        },
        {
            "bufferView": 1,
            "byteOffset": 3968,
            "componentType": 5126,
            "count": 22,
            "max": [
                0.5227984688054816,
                0.006956840437559729,
                0.9703224887644291,
                0,
                0.46157189781758634,
                0.9996587322902094,
                0.9999999999997998,
                0,
                0.9999999999999019,
                0.4253782573400527,
                0.38345419495535554,
                0,
                139.31617056093054,
                110.07005426188486,
                62.648578334928125,
                1
            ],
            "min": [
                -0.36101089080369914,
                -1.0000002384184699,
                -4.060567394662021e-7,
                0,
                -0.4615720259866714,
                -0.999658629666663,
                -0.9999999999998574,
                0,
                -1.0000002384184878,
                -0.4253785232813958,
                -0.383453871720103,
                0,
                -139.3162132506838,
                -110.07002842733328,
                -62.64856169081956,
                1
            ],
            "type": "MAT4"
        },
        {
            "bufferView": 0,
            "byteOffset": 238616,
            "componentType": 5126,
            "count": 748,
            "max": [
                18.671457290649414,
                -46.57602310180664,
                233.88168334960938
            ],
            "min": [
                -18.67145347595215,
                -79.78692626953125,
                184.97427368164062
            ],
            "type": "VEC3"
        },
        {
            "bufferView": 0,
            "byteOffset": 247592,
            "componentType": 5126,
            "count": 748,
            "max": [
                0.9936128854751587,
                0.9922621846199036,
                0.9999990463256836
            ],
            "min": [
                -0.9936128854751587,
                -0.9937552213668823,
                -0.9580183029174805
            ],
            "type": "VEC3"
        },
        {
            "bufferView": 0,
            "byteOffset": 256568,
            "componentType": 5126,
            "count": 748,
            "max": [
                1.9979130029678345,
                0.9902191162109375
            ],
            "min": [
                0.007833956740796566,
                0.003054678440093994
            ],
            "type": "VEC2"
        },
        {
            "bufferView": 0,
            "byteOffset": 262552,
            "componentType": 5123,
            "count": 748,
            "max": [
                0,
                3,
                3,
                0
            ],
            "min": [
                0,
                0,
                0,
                0
            ],
            "type": "VEC4"
        },
        {
            "bufferView": 0,
            "byteOffset": 268536,
            "componentType": 5126,
            "count": 748,
            "max": [
                1,
                0.7358942031860352,
                0.4706554114818573,
                0
            ],
            "min": [
                0.26410579681396484,
                0,
                0,
                0
            ],
            "type": "VEC4"
        },
        {
            "bufferView": 2,
            "byteOffset": 36432,
            "componentType": 5123,
            "count": 2922,
            "max": [
                747
            ],
            "min": [
                0
            ],
            "type": "SCALAR"
        },
        {
            "bufferView": 1,
            "byteOffset": 5376,
            "componentType": 5126,
            "count": 4,
            "max": [
                3.78745273649362e-7,
                0.9999999999999845,
                1.5573299033505476e-8,
                0,
                -0.691813252781965,
                3.7874527364938615e-7,
                0.7220762500137112,
                0,
                0.7220762500137143,
                1.589329918244904e-8,
                0.9999999999999365,
                0,
                -65.5682639844317,
                10.133018405336507,
                -80.40497020569175,
                1
            ],
            "min": [
                9.751496091522462e-8,
                0.9999999999999205,
                -7.926986533252492e-8,
                0,
                -0.9999999999998567,
                1.2470106836584034e-7,
                -5.958279608090579e-15,
                0,
                6.123233995735811e-17,
                -1.557329903350749e-8,
                0.6918132527819728,
                0,
                -168.17494031241142,
                -10.133245363695893,
                -187.9708711327149,
                1
            ],
            "type": "MAT4"
        },
        {
            "bufferView": 0,
            "byteOffset": 280504,
            "componentType": 5126,
            "count": 40,
            "max": [
                6.662299156188965,
                81.5466079711914,
                116.58573150634766
            ],
            "min": [
                -6.662299633026123,
                27.321537017822266,
                88.01170349121094
            ],
            "type": "VEC3"
        },
        {
            "bufferView": 0,
            "byteOffset": 280984,
            "componentType": 5126,
            "count": 40,
            "max": [
                0.9955703616142273,
                0.949837327003479,
                0.9995795488357544
            ],
            "min": [
                -0.9955703616142273,
                -0.694141685962677,
                -0.9999932646751404
            ],
            "type": "VEC3"
        },
        {
            "bufferView": 0,
            "byteOffset": 281464,
            "componentType": 5126,
            "count": 40,
            "max": [
                1.9896717071533203,
                0.9853532910346985
            ],
            "min": [
                0.010328255593776703,
                0.014646649360656738
            ],
            "type": "VEC2"
        },
        {
            "bufferView": 0,
            "byteOffset": 281784,
            "componentType": 5123,
            "count": 40,
            "max": [
                4,
                4,
                3,
                0
            ],
            "min": [
                0,
                0,
                0,
                0
            ],
            "type": "VEC4"
        },
        {
            "bufferView": 0,
            "byteOffset": 282104,
            "componentType": 5126,
            "count": 40,
            "max": [
                1,
                0.9003317952156067,
                0.6379926204681396,
                0
            ],
            "min": [
                0.000776447937823832,
                0,
                0,
                0
            ],
            "type": "VEC4"
        },
        {
            "bufferView": 2,
            "byteOffset": 42276,
            "componentType": 5123,
            "count": 138,
            "max": [
                39
            ],
            "min": [
                0
            ],
            "type": "SCALAR"
        },
        {
            "bufferView": 1,
            "byteOffset": 5632,
            "componentType": 5126,
            "count": 5,
            "max": [
                1.6292068478213135e-7,
                1,
                2.6886064625690403e-7,
                0,
                0.9474401962465167,
                2.0848630974931741e-7,
                0.8039246920202908,
                0,
                6.123233995736766e-17,
                1.7025065806812716e-7,
                1,
                0,
                51.368451075216896,
                0.0000018452244775175144,
                -106.93360900878906,
                1
            ],
            "min": [
                -1.2875430779388027e-8,
                -0.9999999999999276,
                -6.123233995736766e-17,
                0,
                -1,
                6.123233995736766e-17,
                6.123232998135289e-17,
                0,
                -0.8039246920203467,
                6.123232998135209e-17,
                0.5947309608784976,
                0,
                -11.325906753539735,
                -0.000028439644464463396,
                -117.69758463970034,
                1
            ],
            "type": "MAT4"
        }
    ],
    "asset": {
        "generator": "ClayGL - fbx2gltf",
        "version": "2.0"
    },
    "bufferViews": [
        {
            "buffer": 0,
            "byteLength": 282744,
            "byteOffset": 0,
            "target": 34962
        },
        {
            "buffer": 0,
            "byteLength": 5952,
            "byteOffset": 282744,
            "target": 34962
        },
        {
            "buffer": 0,
            "byteLength": 42552,
            "byteOffset": 288696,
            "target": 34963
        }
    ],
    "buffers": [
        {
            "byteLength": 331248,
            "uri": "leshrac.bin"
        }
    ],
    "images": [
        {
            "uri": "textures/leshrac_color.png"
        },
        {
            "uri": "textures/leshrac_armor_color.png"
        },
        {
            "uri": "textures/leshrac_arms_color.png"
        },
        {
            "uri": "textures/leshrac_head_color.png"
        },
        {
            "uri": "textures/leshrac_tail_color.png"
        }
    ],
    "materials": [
        {
            "emissiveFactor": [
                0,
                0,
                0
            ],
            "name": "Material #35",
            "pbrMetallicRoughness": {
                "baseColorFactor": [
                    1,
                    1,
                    1,
                    1
                ],
                "baseColorTexture": {
                    "index": 0,
                    "texCoord": 0
                },
                "metallicFactor": 0,
                "roughnessFactor": 0.9230769230769231
            }
        },
        {
            "emissiveFactor": [
                0,
                0,
                0
            ],
            "name": "Material #46",
            "pbrMetallicRoughness": {
                "baseColorFactor": [
                    1,
                    1,
                    1,
                    1
                ],
                "baseColorTexture": {
                    "index": 1,
                    "texCoord": 0
                },
                "metallicFactor": 0,
                "roughnessFactor": 0.9230769230769231
            }
        },
        {
            "emissiveFactor": [
                0,
                0,
                0
            ],
            "name": "Material #57",
            "pbrMetallicRoughness": {
                "baseColorFactor": [
                    1,
                    1,
                    1,
                    1
                ],
                "baseColorTexture": {
                    "index": 2,
                    "texCoord": 0
                },
                "metallicFactor": 0,
                "roughnessFactor": 0.9230769230769231
            }
        },
        {
            "emissiveFactor": [
                0,
                0,
                0
            ],
            "name": "Material #68",
            "pbrMetallicRoughness": {
                "baseColorFactor": [
                    1,
                    1,
                    1,
                    1
                ],
                "baseColorTexture": {
                    "index": 3,
                    "texCoord": 0
                },
                "metallicFactor": 0,
                "roughnessFactor": 0.9230769230769231
            }
        },
        {
            "emissiveFactor": [
                0,
                0,
                0
            ],
            "name": "Material #79",
            "pbrMetallicRoughness": {
                "baseColorFactor": [
                    1,
                    1,
                    1,
                    1
                ],
                "baseColorTexture": {
                    "index": 4,
                    "texCoord": 0
                },
                "metallicFactor": 0,
                "roughnessFactor": 0.9230769230769231
            }
        }
    ],
    "meshes": [
        {
            "name": "leshrac_model_LOD0",
            "primitives": [
                {
                    "attributes": {
                        "JOINTS_0": 3,
                        "NORMAL": 1,
                        "POSITION": 0,
                        "TEXCOORD_0": 2,
                        "WEIGHTS_0": 4
                    },
                    "indices": 5,
                    "material": 0
                }
            ]
        },
        {
            "name": "leshrac_armor_model_LOD0",
            "primitives": [
                {
                    "attributes": {
                        "JOINTS_0": 10,
                        "NORMAL": 8,
                        "POSITION": 7,
                        "TEXCOORD_0": 9,
                        "WEIGHTS_0": 11
                    },
                    "indices": 12,
                    "material": 1
                }
            ]
        },
        {
            "name": "leshrac_arms_model",
            "primitives": [
                {
                    "attributes": {
                        "JOINTS_0": 17,
                        "NORMAL": 15,
                        "POSITION": 14,
                        "TEXCOORD_0": 16,
                        "WEIGHTS_0": 18
                    },
                    "indices": 19,
                    "material": 2
                }
            ]
        },
        {
            "name": "leshrac_head_model_LOD0",
            "primitives": [
                {
                    "attributes": {
                        "JOINTS_0": 24,
                        "NORMAL": 22,
                        "POSITION": 21,
                        "TEXCOORD_0": 23,
                        "WEIGHTS_0": 25
                    },
                    "indices": 26,
                    "material": 3
                }
            ]
        },
        {
            "name": "leshrac_tail_model",
            "primitives": [
                {
                    "attributes": {
                        "JOINTS_0": 31,
                        "NORMAL": 29,
                        "POSITION": 28,
                        "TEXCOORD_0": 30,
                        "WEIGHTS_0": 32
                    },
                    "indices": 33,
                    "material": 4
                }
            ]
        }
    ],
    "nodes": [
        {
            "children": [
                1,
                13
            ],
            "matrix": [
                1.6292068478213574e-7,
                1.469367938527879e-39,
                1.0000000000000002,
                0,
                1.0000000000000002,
                6.123233995736847e-17,
                -1.6292068478213574e-7,
                0,
                -6.123233995736685e-17,
                1,
                9.976014756666736e-24,
                0,
                0,
                106.93360900878906,
                11.325906753540039,
                1
            ],
            "name": "Root_0"
        },
        {
            "children": [
                2,
                5,
                9
            ],
            "matrix": [
                1.0000000000000004,
                1.6292068494294664e-7,
                2.938735877055719e-39,
                0,
                -1.6292068494294664e-7,
                1.0000000000000004,
                1.5778872970828913e-32,
                0,
                0,
                -1.0599490178533205e-32,
                1,
                0,
                -33.3720474243164,
                -0.000005436996616481339,
                0,
                1
            ],
            "name": "Spine1_0"
        },
        {
            "children": [
                3
            ],
            "matrix": [
                -0.9474402070045471,
                1.4305949494080521e-7,
                -0.31993290781974787,
                0,
                -2.0848627866719928e-7,
                -1.0000000000000002,
                1.7025065801590427e-7,
                0,
                -0.319932907819717,
                2.280039400477594e-7,
                0.9474402070045576,
                0,
                -19.816644668579098,
                1.3799811426906672e-7,
                3.1570358276367188,
                1
            ],
            "name": "Tail_0"
        },
        {
            "children": [
                4
            ],
            "matrix": [
                0.820674121379852,
                -2.8421709377464448e-14,
                -0.5713965892791747,
                0,
                5.442084269237645e-14,
                0.9999999999999999,
                2.8421709390699338e-14,
                0,
                0.5713965892791746,
                -5.442084531288463e-14,
                0.8206741213798525,
                0,
                14.91340255737304,
                0.000001106820491258993,
                0.0000152587890625,
                1
            ],
            "name": "Tail_1"
        },
        {
            "matrix": [
                1.0000002384185793,
                -1.4210854688732224e-14,
                -2.980232227667301e-8,
                0,
                1.4210852160868272e-14,
                1.0000000000000002,
                2.8421709403934228e-14,
                0,
                2.980232233218416e-8,
                -2.842171665665384e-14,
                1.000000238418579,
                0,
                15.972496032714844,
                -0.000001849512045737356,
                -0.00000762939453125,
                1
            ],
            "name": "Tail_2"
        },
        {
            "children": [
                6
            ],
            "matrix": [
                0.13956044614315052,
                0.0763189494609834,
                -0.9872680902481079,
                0,
                -0.010340435048728565,
                0.9970833074774769,
                0.07561597053571129,
                0,
                0.9901595139711615,
                -0.00034421703791184046,
                0.13994256940408098,
                0,
                -2.574127197265625,
                16.933704376220707,
                -4.7055206298828125,
                1
            ],
            "name": "SatyrLeg_0_L"
        },
        {
            "children": [
                7
            ],
            "matrix": [
                0.5088646411895751,
                1.4901161188643486e-8,
                -0.8608466386795042,
                0,
                9.833391974843099e-8,
                1.0000001192092844,
                7.543715086454073e-8,
                0,
                0.8608464900687888,
                -1.2303768708987056e-7,
                0.5088645533426385,
                0,
                36.79922485351561,
                0.0000057220458984375,
                0.00001049041748046875,
                1
            ],
            "name": "SatyrLeg_1_L"
        },
        {
            "children": [
                8
            ],
            "matrix": [
                0.5600745081901551,
                0.07504640519618985,
                0.8250359296798706,
                0,
                -0.042150310749579256,
                0.9971800423406998,
                -0.06209119034100537,
                0,
                -0.827369286089106,
                1.7207764737431352e-7,
                0.5616584883327326,
                0,
                36.67813873291015,
                -0.0000057220458984375,
                -0.000019073486321019573,
                1
            ],
            "name": "SatyrLeg_2_L"
        },
        {
            "matrix": [
                0.07642533630132846,
                -0.016121583059430483,
                0.9969451427459717,
                0,
                -0.15080366165884265,
                -0.9885540368394238,
                -0.004425354281521822,
                0,
                0.9856050010301476,
                -0.15000469453000417,
                -0.0779817298593126,
                0,
                26.813070297241204,
                -0.000011444091796875,
                0.000011444091789769573,
                1
            ],
            "name": "SatyrLeg_3_L"
        },
        {
            "children": [
                10
            ],
            "matrix": [
                -0.13956168293952909,
                0.07631938904523834,
                0.9872680902481079,
                0,
                0.010339589617282003,
                0.997083485280997,
                -0.07561653479258057,
                0,
                -0.9901592760832414,
                -0.000345223804901893,
                -0.13994369821450203,
                0,
                -2.5741233825683594,
                -16.9337043762207,
                -4.7055206298828125,
                1
            ],
            "name": "SatyrLeg_0_R"
        },
        {
            "children": [
                11
            ],
            "matrix": [
                0.5088641047477728,
                -6.221234798674258e-7,
                -0.8608469367027284,
                0,
                1.2601038891675576e-7,
                0.9999998211862487,
                -6.482002561074979e-7,
                0,
                0.8608466977901406,
                2.2137016387167863e-7,
                0.5088639635215304,
                0,
                -36.79920959472658,
                0.000011444091796875,
                0.00003814697265625,
                1
            ],
            "name": "SatyrLeg_1_R"
        },
        {
            "children": [
                12
            ],
            "matrix": [
                0.5600749850273136,
                0.07504667341709143,
                0.8250357508659364,
                0,
                -0.04215046640854829,
                0.9971798596697575,
                -0.062091381337485305,
                0,
                -0.8273689409631707,
                1.8777022644383967e-7,
                0.5616588525335059,
                0,
                -36.6781463623047,
                0.000005722045894884786,
                0.000003814697265625,
                1
            ],
            "name": "SatyrLeg_2_R"
        },
        {
            "matrix": [
                0.07642572373151789,
                -0.016121767461299917,
                0.9969449639320374,
                0,
                -0.15080567880235582,
                -0.9885537065182872,
                -0.004425319344410504,
                0,
                0.9856048291490194,
                -0.15000673032552017,
                -0.07798217436025959,
                0,
                -26.813060760498043,
                -0.000005722045894884786,
                0.00000762939453125,
                1
            ],
            "name": "SatyrLeg_3_R"
        },
        {
            "children": [
                14,
                18,
                22
            ],
            "matrix": [
                0.20234455168247242,
                3.296610628922285e-8,
                0.9793143868446349,
                0,
                -2.4853501002885426e-7,
                0.9999999999999999,
                1.7689517406439158e-8,
                0,
                -0.9793143868446333,
                -2.469732884249177e-7,
                0.2023445516824804,
                0,
                34.50770568847656,
                0.000006106716682552358,
                11.088623046875,
                1
            ],
            "name": "Spine_0"
        },
        {
            "children": [
                15
            ],
            "matrix": [
                -0.9642059803009033,
                0.26079738140106223,
                0.04787139594554907,
                0,
                -0.21188700921920223,
                -0.866382181087975,
                0.45220078202190417,
                0,
                0.15940772371900291,
                0.4258714234217126,
                0.8906305661649553,
                0,
                -16.596817016601534,
                16.933700561523434,
                -3.3617172241210938,
                1
            ],
            "name": "QuadrupedFrontLeg_0_L"
        },
        {
            "children": [
                16
            ],
            "matrix": [
                0.6937557458877562,
                3.2037496572323576e-7,
                -0.7202101945877075,
                0,
                8.736489719163298e-8,
                1.0000001192092904,
                5.289912669570462e-7,
                0,
                0.7202103171205154,
                -4.299118425699078e-7,
                0.6937558639195509,
                0,
                48.046894073486335,
                -0.000015258789069605427,
                0.000005722045901990214,
                1
            ],
            "name": "QuadrupedFrontLeg_1_L"
        },
        {
            "children": [
                17
            ],
            "matrix": [
                0.9754248857498172,
                -0.03624799102544779,
                -0.2173293232917785,
                0,
                0.035380512724051766,
                0.999342502738774,
                -0.007882624687030992,
                0,
                0.2174721750890124,
                -3.146033014655991e-7,
                0.9760660905335197,
                0,
                35.21778869628906,
                -0.000011444091803980427,
                -7.105427357601002e-15,
                1
            ],
            "name": "QuadrupedFrontLeg_2_L"
        },
        {
            "matrix": [
                0.608448326587677,
                -0.46397110819816606,
                -0.6438333988189697,
                0,
                -0.19632249586830358,
                -0.8740732455094808,
                0.44435818149169715,
                0,
                -0.7689267436398068,
                -0.14396998168461086,
                -0.6229162376825379,
                0,
                9.42707443237304,
                -0.000003814697265625,
                -0.000007629394524144573,
                1
            ],
            "name": "QuadrupedFrontLeg_3_L"
        },
        {
            "children": [
                19
            ],
            "matrix": [
                0.9642058014869692,
                0.26079741120338434,
                -0.04787190258502963,
                0,
                0.2118869188133838,
                -0.8663824165209778,
                -0.45220043058221365,
                0,
                -0.15940807745616942,
                0.42587085179207185,
                -0.8906305187482415,
                0,
                -16.596817016601534,
                -16.9337158203125,
                -3.3617057800292933,
                1
            ],
            "name": "QuadrupedFrontLeg_0_R"
        },
        {
            "children": [
                20
            ],
            "matrix": [
                0.6937558650970458,
                -3.874301909845279e-7,
                -0.7202101945877074,
                0,
                5.932594307894723e-7,
                1.0000002384185351,
                3.352760957753276e-8,
                0,
                0.7202103755475893,
                -4.505314717406783e-7,
                0.6937560394102602,
                0,
                -48.046878814697266,
                0.0000152587890625,
                -0.000011444091796875,
                1
            ],
            "name": "QuadrupedFrontLeg_1_R"
        },
        {
            "children": [
                21
            ],
            "matrix": [
                0.975425243377686,
                -0.03624761104583746,
                -0.21732938289642356,
                0,
                0.035380040645853345,
                0.9993429155820864,
                -0.007883004704223873,
                0,
                0.21747233301249486,
                1.5938176151086836e-7,
                0.976066810443738,
                0,
                -35.21781158447267,
                0.000003814697265625,
                -0.00000762939453125,
                1
            ],
            "name": "QuadrupedFrontLeg_2_R"
        },
        {
            "matrix": [
                0.6084486246109007,
                -0.4639711678028105,
                -0.6438332796096801,
                0,
                -0.17927902486856834,
                -0.8706772658609954,
                0.45801775251008087,
                0,
                -0.7730777978988604,
                -0.16325441977649946,
                -0.6129424985539058,
                0,
                -9.427079200744632,
                0.000011444091803980427,
                0.000003814697265625,
                1
            ],
            "name": "QuadrupedFrontLeg_3_R"
        },
        {
            "children": [
                23
            ],
            "matrix": [
                0.9879140853881839,
                5.9544873920458485e-8,
                0.15500262379646298,
                0,
                -6.027333129213503e-8,
                0.9999999999999998,
                -6.217249043779995e-15,
                0,
                -0.15500262379646243,
                -9.342518353126585e-9,
                0.9879140853881835,
                0,
