{
    "accessors": {
        "attrbute_1": {
            "bufferView": "bufferView_31",
            "byteOffset": 0,
            "byteStride": 12,
            "count": 2999,
            "max": [
                51.78822708129883,
                55.8919792175293,
                201.04798889160156,
                0
            ],
            "min": [
                -51.788230895996094,
                -85.41165161132812,
                -0.02000647597014904,
                0
            ],
            "type": 35665
        },
        "attrbute_10": {
            "bufferView": "bufferView_31",
            "byteOffset": 204324,
            "byteStride": 16,
            "count": 762,
            "max": [
                10,
                12,
                7,
                -1
            ],
            "min": [
                0,
                -1,
                -1,
                -1
            ],
            "type": 35666
        },
        "attrbute_11": {
            "bufferView": "bufferView_31",
            "byteOffset": 216516,
            "byteStride": 12,
            "count": 762,
            "max": [
                1,
                0.9989995360374451,
                0.9634289145469666
            ],
            "min": [
                0.00012015699758194387,
                0,
                0
            ],
            "type": 35665
        },
        "attrbute_13": {
            "bufferView": "bufferView_31",
            "byteOffset": 225660,
            "byteStride": 12,
            "count": 500,
            "max": [
                51.78821563720703,
                -37.03954315185547,
                147.93739318847656,
                0
            ],
            "min": [
                -51.788204193115234,
                -71.10015106201172,
                62.851295471191406,
                0
            ],
            "type": 35665
        },
        "attrbute_14": {
            "bufferView": "bufferView_31",
            "byteOffset": 231660,
            "byteStride": 12,
            "count": 500,
            "max": [
                0.9942875504493713,
                0.9952529072761536,
                0.6621460914611816,
                0
            ],
            "min": [
                -0.9942874312400818,
                -0.9921039342880249,
                -0.9453913569450378,
                0
            ],
            "type": 35665
        },
        "attrbute_15": {
            "bufferView": "bufferView_31",
            "byteOffset": 237660,
            "byteStride": 8,
            "count": 500,
            "max": [
                1.9953874349594116,
                0.9804762601852417
            ],
            "min": [
                0.010204508900642395,
                0.0273362398147583
            ],
            "type": 35664
        },
        "attrbute_16": {
            "bufferView": "bufferView_31",
            "byteOffset": 241660,
            "byteStride": 16,
            "count": 500,
            "max": [
                21,
                21,
                21,
                -1
            ],
            "min": [
                0,
                -1,
                -1,
                -1
            ],
            "type": 35666
        },
        "attrbute_17": {
            "bufferView": "bufferView_31",
            "byteOffset": 249660,
            "byteStride": 12,
            "count": 500,
            "max": [
                1,
                0.9998766183853149,
                0.9986905455589294
            ],
            "min": [
                0.00010295672109350562,
                0,
                0
            ],
            "type": 35665
        },
        "attrbute_19": {
            "bufferView": "bufferView_31",
            "byteOffset": 255660,
            "byteStride": 12,
            "count": 748,
            "max": [
                18.671457290649414,
                -46.57602310180664,
                233.88168334960938,
                0
            ],
            "min": [
                -18.67145347595215,
                -79.78692626953125,
                184.97427368164062,
                0
            ],
            "type": 35665
        },
        "attrbute_2": {
            "bufferView": "bufferView_31",
            "byteOffset": 35988,
            "byteStride": 12,
            "count": 2999,
            "max": [
                0.9995532631874084,
                0.9990555047988892,
                0.9997602105140686,
                0
            ],
            "min": [
                -0.9995532035827637,
                -0.9999586343765259,
                -0.9999999403953552,
                0
            ],
            "type": 35665
        },
        "attrbute_20": {
            "bufferView": "bufferView_31",
            "byteOffset": 264636,
            "byteStride": 12,
            "count": 748,
            "max": [
                0.9936128854751587,
                0.9922621846199036,
                0.9999990463256836,
                0
            ],
            "min": [
                -0.9936128854751587,
                -0.9937552213668823,
                -0.9580183029174805,
                0
            ],
            "type": 35665
        },
        "attrbute_21": {
            "bufferView": "bufferView_31",
            "byteOffset": 273612,
            "byteStride": 8,
            "count": 748,
            "max": [
                1.9979130029678345,
                0.996945321559906
            ],
            "min": [
                0.007833956740796566,
                0.0097808837890625
            ],
            "type": 35664
        },
        "attrbute_22": {
            "bufferView": "bufferView_31",
            "byteOffset": 279596,
            "byteStride": 16,
            "count": 748,
            "max": [
                0,
                3,
                3,
                -1
            ],
            "min": [
                0,
                -1,
                -1,
                -1
            ],
            "type": 35666
        },
        "attrbute_23": {
            "bufferView": "bufferView_31",
            "byteOffset": 291564,
            "byteStride": 12,
            "count": 748,
            "max": [
                1,
                0.7358942031860352,
                0.4706554114818573
            ],
            "min": [
                0.26410579681396484,
                0,
                0
            ],
            "type": 35665
        },
        "attrbute_25": {
            "bufferView": "bufferView_31",
            "byteOffset": 300540,
            "byteStride": 12,
            "count": 40,
            "max": [
                6.662299156188965,
                81.5466079711914,
                116.58573150634766,
                0
            ],
            "min": [
                -6.662299633026123,
                27.321537017822266,
                88.01170349121094,
                0
            ],
            "type": 35665
        },
        "attrbute_26": {
            "bufferView": "bufferView_31",
            "byteOffset": 301020,
            "byteStride": 12,
            "count": 40,
            "max": [
                0.9955703616142273,
                0.949837327003479,
                0.9995795488357544,
                0
            ],
            "min": [
                -0.9955703616142273,
                -0.694141685962677,
                -0.9999932646751404,
                0
            ],
            "type": 35665
        },
        "attrbute_27": {
            "bufferView": "bufferView_31",
            "byteOffset": 301500,
            "byteStride": 8,
            "count": 40,
            "max": [
                1.9896717071533203,
                0.9853533506393433
            ],
            "min": [
                0.010328255593776703,
                0.014646708965301514
            ],
            "type": 35664
        },
        "attrbute_28": {
            "bufferView": "bufferView_31",
            "byteOffset": 301820,
            "byteStride": 16,
            "count": 40,
            "max": [
                4,
                4,
                3,
                -1
            ],
            "min": [
                0,
                -1,
                -1,
                -1
            ],
            "type": 35666
        },
        "attrbute_29": {
            "bufferView": "bufferView_31",
            "byteOffset": 302460,
            "byteStride": 12,
            "count": 40,
            "max": [
                1,
                0.9003317952156067,
                0.6379926204681396
            ],
            "min": [
                0.000776447937823832,
                0,
                0
            ],
            "type": 35665
        },
        "attrbute_3": {
            "bufferView": "bufferView_31",
            "byteOffset": 71976,
            "byteStride": 8,
            "count": 2999,
            "max": [
                1.997841715812683,
                0.9975695610046387
            ],
            "min": [
                0.0036668593529611826,
                0.007810056209564209
            ],
            "type": 35664
        },
        "attrbute_4": {
            "bufferView": "bufferView_31",
            "byteOffset": 95968,
            "byteStride": 16,
            "count": 2999,
            "max": [
                48,
                48,
                46,
                -1
            ],
            "min": [
                0,
                -1,
                -1,
                -1
            ],
            "type": 35666
        },
        "attrbute_5": {
            "bufferView": "bufferView_31",
            "byteOffset": 143952,
            "byteStride": 12,
            "count": 2999,
            "max": [
                1,
                0.9998765587806702,
                0.9986905455589294
            ],
            "min": [
                0.00010269250196870416,
                0,
                0
            ],
            "type": 35665
        },
        "attrbute_7": {
            "bufferView": "bufferView_31",
            "byteOffset": 179940,
            "byteStride": 12,
            "count": 762,
            "max": [
                33.940773010253906,
                17.48444366455078,
                188.54100036621094,
                0
            ],
            "min": [
                -33.94078063964844,
                -63.822757720947266,
                111.984375,
                0
            ],
            "type": 35665
        },
        "attrbute_8": {
            "bufferView": "bufferView_31",
            "byteOffset": 189084,
            "byteStride": 12,
            "count": 762,
            "max": [
                0.989890456199646,
                0.9999989867210388,
                0.9981825947761536,
                0
            ],
            "min": [
                -0.989890456199646,
                -0.9843847751617432,
                -0.9857245087623596,
                0
            ],
            "type": 35665
        },
        "attrbute_9": {
            "bufferView": "bufferView_31",
            "byteOffset": 198228,
            "byteStride": 8,
            "count": 762,
            "max": [
                1.9861657619476318,
                0.9868490099906921
            ],
            "min": [
                0.01733074150979519,
                0.008757472038269043
            ],
            "type": 35664
        },
        "indices_12": {
            "bufferView": "bufferView_33",
            "byteOffset": 26268,
            "count": 2898,
            "type": 5123
        },
        "indices_18": {
            "bufferView": "bufferView_33",
            "byteOffset": 32064,
            "count": 2184,
            "type": 5123
        },
        "indices_24": {
            "bufferView": "bufferView_33",
            "byteOffset": 36432,
            "count": 2922,
            "type": 5123
        },
        "indices_30": {
            "bufferView": "bufferView_33",
            "byteOffset": 42276,
            "count": 138,
            "type": 5123
        },
        "indices_6": {
            "bufferView": "bufferView_33",
            "byteOffset": 0,
            "count": 13134,
            "type": 5123
        }
    },
    "animations": {},
    "asset": {},
    "bufferViews": {
        "bufferView_31": {
            "buffer": "leshrac.bin",
            "byteLength": 302940,
            "byteOffset": 0,
            "target": 34962
        },
        "bufferView_32": {
            "buffer": "leshrac.bin",
            "byteLength": 6720,
            "byteOffset": 302940
        },
        "bufferView_33": {
            "buffer": "leshrac.bin",
            "byteLength": 42552,
            "byteOffset": 309660,
            "target": 34963
        }
    },
    "buffers": {
        "leshrac.bin": {
            "byteLength": 352212,
            "path": "leshrac.bin"
        }
    },
    "cameras": {},
    "images": {
        "image_0": {
            "path": "textures/leshrac_color.png"
        },
        "image_1": {
            "path": "textures/leshrac_armor_color.png"
        },
        "image_2": {
            "path": "textures/leshrac_arms_color.png"
        },
        "image_3": {
            "path": "textures/leshrac_head_color.png"
        },
        "image_4": {
            "path": "textures/leshrac_tail_color.png"
        }
    },
    "lights": {},
    "materials": {
        "Material #35": {
            "instanceTechnique": {
                "technique": "technique_0",
                "values": {
                    "ambient": [
                        0.5879999995231628,
                        0.5879999995231628,
                        0.5879999995231628
                    ],
                    "diffuse": "Map #6",
                    "emission": [
                        0,
                        0,
                        0
                    ],
                    "shininess": 2,
                    "specular": [
                        0.8999999761581421,
                        0.8999999761581421,
                        0.8999999761581421
                    ],
                    "transparency": 1
                }
            },
            "name": "Material #35"
        },
        "Material #46": {
            "instanceTechnique": {
                "technique": "technique_0",
                "values": {
                    "ambient": [
                        0.5879999995231628,
                        0.5879999995231628,
                        0.5879999995231628
                    ],
                    "diffuse": "Map #7",
                    "emission": [
                        0,
                        0,
                        0
                    ],
                    "shininess": 2,
                    "specular": [
                        0.8999999761581421,
                        0.8999999761581421,
                        0.8999999761581421
                    ],
                    "transparency": 1
                }
            },
            "name": "Material #46"
        },
        "Material #57": {
            "instanceTechnique": {
                "technique": "technique_0",
                "values": {
                    "ambient": [
                        0.5879999995231628,
                        0.5879999995231628,
                        0.5879999995231628
                    ],
                    "diffuse": "Map #8",
                    "emission": [
                        0,
                        0,
                        0
                    ],
                    "shininess": 2,
                    "specular": [
                        0.8999999761581421,
                        0.8999999761581421,
                        0.8999999761581421
                    ],
                    "transparency": 1
                }
            },
            "name": "Material #57"
        },
        "Material #68": {
            "instanceTechnique": {
                "technique": "technique_0",
                "values": {
                    "ambient": [
                        0.5879999995231628,
                        0.5879999995231628,
                        0.5879999995231628
                    ],
                    "diffuse": "Map #9",
                    "emission": [
                        0,
                        0,
                        0
                    ],
                    "shininess": 2,
                    "specular": [
                        0.8999999761581421,
                        0.8999999761581421,
                        0.8999999761581421
                    ],
                    "transparency": 1
                }
            },
            "name": "Material #68"
        },
        "Material #79": {
            "instanceTechnique": {
                "technique": "technique_0",
                "values": {
                    "ambient": [
                        0.5879999995231628,
                        0.5879999995231628,
                        0.5879999995231628
                    ],
                    "diffuse": "Map #10",
                    "emission": [
                        0,
                        0,
                        0
                    ],
                    "shininess": 2,
                    "specular": [
                        0.8999999761581421,
                        0.8999999761581421,
                        0.8999999761581421
                    ],
                    "transparency": 1
                }
            },
            "name": "Material #79"
        }
    },
    "meshes": {
        "leshrac_armor_model_LOD0-mesh": {
            "name": "leshrac_armor_model_LOD0-mesh",
            "primitives": [
                {
                    "attributes": {
                        "JOINT": "attrbute_10",
                        "NORMAL": "attrbute_8",
                        "POSITION": "attrbute_7",
                        "TEXCOORD_0": "attrbute_9",
                        "WEIGHT": "attrbute_11"
                    },
                    "indices": "indices_12",
                    "material": "Material #46"
                }
            ]
        },
        "leshrac_arms_model-mesh": {
            "name": "leshrac_arms_model-mesh",
            "primitives": [
                {
                    "attributes": {
                        "JOINT": "attrbute_16",
                        "NORMAL": "attrbute_14",
                        "POSITION": "attrbute_13",
                        "TEXCOORD_0": "attrbute_15",
                        "WEIGHT": "attrbute_17"
                    },
                    "indices": "indices_18",
                    "material": "Material #57"
                }
            ]
        },
        "leshrac_head_model_LOD0-mesh": {
            "name": "leshrac_head_model_LOD0-mesh",
            "primitives": [
                {
                    "attributes": {
                        "JOINT": "attrbute_22",
                        "NORMAL": "attrbute_20",
                        "POSITION": "attrbute_19",
                        "TEXCOORD_0": "attrbute_21",
                        "WEIGHT": "attrbute_23"
                    },
                    "indices": "indices_24",
                    "material": "Material #68"
                }
            ]
        },
        "leshrac_model_LOD0-mesh": {
            "name": "leshrac_model_LOD0-mesh",
            "primitives": [
                {
                    "attributes": {
                        "JOINT": "attrbute_4",
                        "NORMAL": "attrbute_2",
                        "POSITION": "attrbute_1",
                        "TEXCOORD_0": "attrbute_3",
                        "WEIGHT": "attrbute_5"
                    },
                    "indices": "indices_6",
                    "material": "Material #35"
                }
            ]
        },
        "leshrac_tail_model-mesh": {
            "name": "leshrac_tail_model-mesh",
            "primitives": [
                {
                    "attributes": {
                        "JOINT": "attrbute_28",
                        "NORMAL": "attrbute_26",
                        "POSITION": "attrbute_25",
                        "TEXCOORD_0": "attrbute_27",
                        "WEIGHT": "attrbute_29"
                    },
                    "indices": "indices_30",
                    "material": "Material #79"
                }
            ]
        }
    },
    "nodes": {
        "Arm_0_L": {
            "children": [
                "Arm_1_L"
            ],
            "jointId": "Arm_0_L",
            "matrix": [
                -0.29562196135520946,
                0.9427094459533695,
                -0.15461766719818118,
                0,
                -0.046264369409239836,
                0.14753384790323282,
                0.9879745206998165,
                0,
                0.954184058671211,
                0.2992201936933369,
                -3.874301896522603e-7,
                0,
                11.47442626953125,
                4.840445995330809,
                6.3521652221679545,
                1
            ],
            "name": "Arm_0_L"
        },
        "Arm_0_R": {
            "children": [
                "Arm_1_R"
            ],
            "jointId": "Arm_0_R",
            "matrix": [
                0.2956217825412752,
                0.9427094459533691,
                0.15461774170398712,
                0,
                0.04626442078837595,
                0.1475338993608184,
                -0.9879744030923034,
                0,
                -0.954184156528755,
                0.29922005316575656,
                3.278255454874923e-7,
                0,
                11.474456787109375,
                -4.8404436111450195,
                6.352161407470703,
                1
            ],
            "name": "Arm_0_R"
        },
        "Arm_1_L": {
            "children": [
                "Arm_2_L"
            ],
            "jointId": "Arm_1_L",
            "matrix": [
                0.7721170783042909,
                -0.1273939907550812,
                -0.6225801706314089,
                0,
                -0.596809139527924,
                0.19117732971599416,
                -0.7792753367007782,
                0,
                0.21829825623488586,
                0.9732535400284209,
                0.07158139854835671,
                0,
                13.434879302978523,
                -0.00000762939453125,
                0.00001525878903407829,
                1
            ],
            "name": "Arm_1_L"
        },
        "Arm_1_R": {
            "children": [
                "Arm_2_R"
            ],
            "jointId": "Arm_1_R",
            "matrix": [
                0.772116541862488,
                -0.1273944079875946,
                -0.6225807070732116,
                0,
                -0.5968096234172671,
                0.19117735957230145,
                -0.7792748853515092,
                0,
                0.21829861037936338,
                0.9732532404800637,
                0.07158099703416326,
                0,
                -13.434890747070312,
                -0.000003814697279835855,
                0.0000152587890625,
                1
            ],
            "name": "Arm_1_R"
        },
        "Arm_2_L": {
            "children": [
                "Arm_3_L"
            ],
            "jointId": "Arm_2_L",
            "matrix": [
                0.7959904670715332,
                1.4901161199398771e-7,
                -0.6053091287612917,
                0,
                -5.838072079655809e-7,
                0.9999999999998308,
                -5.215407223035928e-7,
                0,
                0.6053090862831307,
                7.685252216976801e-7,
                0.795990411212312,
                0,
                42.59593963623047,
                -0.000015258789076710855,
                -0.000005722045905542927,
                1
            ],
            "name": "Arm_2_L"
        },
        "Arm_2_R": {
            "children": [
                "Arm_3_R"
            ],
            "jointId": "Arm_2_R",
            "matrix": [
                0.7959908843040464,
                -5.551115123125783e-17,
                -0.6053087711334229,
                0,
                -2.266308224418978e-8,
                1.0000000000000016,
                -2.9802321943606103e-8,
                0,
                0.6053086700178633,
                3.744053270193781e-8,
                0.7959907513354404,
                0,
                -42.595993041992216,
                0.000015258789048289145,
                -0.000007629394524144573,
                1
            ],
            "name": "Arm_2_R"
        },
        "Arm_3_L": {
            "children": [
                "Index_0_L",
                "Ring_0_L",
                "Mid_0_L",
                "Thumb_0_L"
            ],
            "jointId": "Arm_3_L",
            "matrix": [
                0.8661428093910217,
                0.4253783524036407,
                0.262391299009323,
                0,
                -0.19169469573989945,
                0.7675874769477432,
                -0.6116060805449298,
                0,
                -0.4615725526767792,
                0.4794394905004899,
                0.7463836175450052,
                0,
                33.57981491088867,
                0,
                0.00000762939453125,
                1
            ],
            "name": "Arm_3_L"
        },
        "Arm_3_R": {
            "children": [
                "Ring_0_R",
                "Thumb_0_R",
                "Index_0_R",
                "Mid_0_R"
            ],
            "jointId": "Arm_3_R",
            "matrix": [
                0.8661431670188907,
                0.4253785908222201,
                0.2623909711837768,
                0,
                -0.19169517383761248,
                0.7675878690979631,
                -0.6116063384161818,
                0,
                -0.4615723039760009,
                0.47943950074133573,
                0.7463839059727146,
                0,
                -33.57980346679686,
                -0.00000762939453125,
                0.00000762939453125,
                1
            ],
            "name": "Arm_3_R"
        },
        "Ear1_0": {
            "children": [],
            "jointId": "Ear1_0",
            "matrix": [
                1.0000000000000002,
                5.569447455176401e-15,
                -5.293955920339377e-23,
                0,
                -5.569447464368003e-15,
                1,
                3.1466598215956765e-8,
                0,
                2.117582368135751e-22,
                -3.146659821595678e-8,
                0.9999999999999999,
                0,
                -1.0356826782226705,
                -10.133001327514648,
                2.2298583984375,
                1
            ],
            "name": "Ear1_0"
        },
        "Ear2_0": {
            "children": [],
            "jointId": "Ear2_0",
            "matrix": [
                1.0000000000000002,
                5.569447455176401e-15,
                -5.293955920339377e-23,
                0,
                -5.569447465245639e-15,
                1,
                0,
                0,
                0,
                3.308722450212111e-24,
                1,
                0,
                -1.0356826782226705,
                10.133268356323242,
                2.2298583984375,
                1
            ],
            "name": "Ear2_0"
        },
        "Head_0": {
            "children": [
                "Head_1"
            ],
            "jointId": "Head_0",
            "matrix": [
                0.9312283992767336,
                1.0658140996696833e-14,
                -0.3644366264343263,
                0,
                1.3571918013583989e-8,
                0.9999999999999998,
                3.467973641591014e-8,
                0,
                0.3644366264343262,
                -3.7240859445040845e-8,
                0.9312283992767332,
                0,
                16.92669677734375,
                -0.0000014544766600010917,
                0.000015258789048289145,
                1
            ],
            "name": "Head_0"
        },
        "Head_1": {
            "children": [
                "Jaw",
                "Ear1_0",
                "Ear2_0"
            ],
            "jointId": "Head_1",
            "matrix": [
                0.6918130517005918,
                -8.641406351683974e-15,
                -0.7220765352249146,
                0,
                1.4345019888423057e-14,
                1,
                1.7763568625613076e-15,
                0,
                0.7220765352249147,
                -1.1587109115152602e-14,
                0.6918130517005922,
                0,
                12.021728515625,
                1.5132718544919044e-7,
                -0.00000762939453125,
                1
            ],
            "name": "Head_1"
        },
        "Index_0_L": {
            "children": [
                "Index_1_L"
            ],
            "jointId": "Index_0_L",
            "matrix": [
                0.9635742902755738,
                0.26616266369819636,
                0.02612676471471786,
                0,
                -0.02518353150698265,
                -0.006956796773174922,
                0.9996585242609766,
                0,
                0.2662534770396473,
                -0.9639030103064435,
                -4.746859755630963e-7,
                0,
                18.50127410888672,
                -1.8097076416015554,
                -1.042045593261733,
                1
            ],
            "name": "Index_0_L"
        },
        "Index_0_R": {
            "children": [
                "Index_1_R"
            ],
            "jointId": "Index_0_R",
            "matrix": [
                0.9635741710662846,
                0.2661623954772948,
                0.026125999167561538,
                0,
                -0.025183002723412985,
                -0.0069558774241239765,
                0.9996587615470532,
                0,
                0.26625326347888406,
                -0.9639031618302284,
                2.645071497332731e-7,
                0,
                -18.501281738281264,
                1.8097114562988352,
                1.0420455932617188,
                1
            ],
            "name": "Index_0_R"
        },
        "Index_1_L": {
            "children": [],
            "jointId": "Index_1_L",
            "matrix": [
                0.9999998807907101,
                -3.725290298461914e-9,
                8.940696716308594e-8,
                0,
                3.72529097500407e-9,
                1.0000001192092893,
                2.328306437406058e-9,
                0,
                -8.940698847936801e-8,
                -2.328306103471789e-9,
                1.0000001192092927,
                0,
                9.390731811523438,
                0,
                0,
                1
            ],
            "name": "Index_1_L"
        },
        "Index_1_R": {
            "children": [],
            "jointId": "Index_1_R",
            "matrix": [
                0.9999998211860656,
                3.2782554626464844e-7,
                -2.980232239324643e-7,
                0,
                -3.278255423511123e-7,
                0.9999998807907139,
                7.869675755500793e-8,
                0,
                2.9802328510575293e-7,
                -7.869666454520668e-8,
                0.9999999403953453,
                0,
                -9.390739440917969,
                -7.105427357601002e-15,
                0.000009536743156957073,
                1
            ],
            "name": "Index_1_R"
        },
        "Jaw": {
            "children": [],
            "jointId": "Jaw",
            "matrix": [
                0.9999999403953556,
                6.745198617691037e-15,
                -7.549786573690664e-8,
                0,
                -6.745199049783123e-15,
                1,
                0,
                0,
                7.549786573690653e-8,
                5.062345348824529e-22,
                0.9999999403953553,
                0,
                5.98497772216794,
                0.000015258787243510596,
                -4.475311279296875,
                1
            ],
            "name": "Jaw"
        },
        "Mid_0_L": {
            "children": [
                "Mid_1_L"
            ],
            "jointId": "Mid_0_L",
            "matrix": [
                0.9673457741737368,
                0.24178728461265567,
                0.07603359967470166,
                0,
                -0.07927556560657105,
                0.003693708205394828,
                0.9968460263868574,
                0,
                0.2407438154447134,
                -0.9703222666689353,
                0.02274091369567085,
                0,
                18.9921875,
                -1.8765945434570312,
                3.625774383544922,
                1
            ],
            "name": "Mid_0_L"
        },
        "Mid_0_R": {
            "children": [
                "Mid_1_R"
            ],
            "jointId": "Mid_0_R",
            "matrix": [
                0.9673455357551577,
                0.24178747832775108,
                0.07603276520967484,
                0,
                -0.0792750939033846,
                0.00369518715541275,
                0.9968460043606214,
                0,
                0.24074395522129932,
                -0.9703221530084732,
                0.022742250572385023,
                0,
                -18.992202758789077,
                1.8765945434570384,
                -3.625782012939446,
                1
            ],
            "name": "Mid_0_R"
        },
        "Mid_1_L": {
            "children": [],
            "jointId": "Mid_1_L",
            "matrix": [
                1.0000001192092898,
                1.1175870891222406e-7,
                -4.4703483664809696e-8,
                0,
                -1.1175870712198943e-7,
                1.0000001192092922,
                4.0978193283081055e-8,
                0,
                4.470349881935398e-8,
                -4.097819805704006e-8,
                1.0000003576278782,
                0,
                11.045196533203125,
                7.105427357601002e-15,
                -0.000007629394524144573,
                1
            ],
            "name": "Mid_1_L"
        },
        "Mid_1_R": {
            "children": [],
            "jointId": "Mid_1_R",
            "matrix": [
                1.0000001192092898,
                4.768371581892472e-7,
                -2.980232247096204e-8,
                0,
                -4.7683706708157025e-7,
                0.9999999403954021,
                1.9557774067271994e-7,
                0,
                2.980241212147128e-8,
                -1.9557773812267643e-7,
                0.9999999999999963,
                0,
                -11.04519653320314,
                0.000003814697265625,
                0.000003814697265625,
                1
            ],
            "name": "Mid_1_R"
        },
        "QuadrupedFrontLeg_0_L": {
            "children": [
                "QuadrupedFrontLeg_1_L"
            ],
            "jointId": "QuadrupedFrontLeg_0_L",
            "matrix": [
                -0.9642059803009031,
                0.2607973814010623,
                0.04787139594554901,
                0,
                -0.21188700921920223,
                -0.866382181087975,
                0.45220078202190434,
                0,
                0.15940772371900275,
                0.42587142342171236,
                0.8906305661649553,
                0,
                -16.596817016601562,
                16.93370056152343,
                -3.3617172241210973,
                1
            ],
            "name": "QuadrupedFrontLeg_0_L"
        },
        "QuadrupedFrontLeg_0_R": {
            "children": [
                "QuadrupedFrontLeg_1_R"
            ],
            "jointId": "QuadrupedFrontLeg_0_R",
            "matrix": [
                0.9642058014869689,
                0.2607974112033844,
                -0.0478719025850296,
                0,
                0.21188691881338384,
                -0.8663824165209778,
                -0.4522004305822136,
                0,
                -0.1594080774561694,
                0.42587085179207157,
                -0.8906305187482415,
                0,
                -16.596817016601562,
                -16.9337158203125,
                -3.361705780029286,
                1
            ],
            "name": "QuadrupedFrontLeg_0_R"
        },
        "QuadrupedFrontLeg_1_L": {
            "children": [
                "QuadrupedFrontLeg_2_L"
            ],
            "jointId": "QuadrupedFrontLeg_1_L",
            "matrix": [
                0.6937557458877566,
                3.2037496570935797e-7,
                -0.7202101945877075,
                0,
                8.736489713612183e-8,
                1.0000001192092904,
                5.289912669223518e-7,
                0,
                0.7202103171205156,
                -4.299118425421522e-7,
                0.6937558639195509,
                0,
                48.04689407348633,
                -0.0000152587890625,
                0.000005722045905542927,
                1
            ],
            "name": "QuadrupedFrontLeg_1_L"
        },
        "QuadrupedFrontLeg_1_R": {
            "children": [
                "QuadrupedFrontLeg_2_R"
            ],
            "jointId": "QuadrupedFrontLeg_1_R",
            "matrix": [
                0.6937558650970458,
                -3.874301910816724e-7,
                -0.7202101945877073,
                0,
                5.932594306506944e-7,
                1.000000238418535,
                3.3527609522021606e-8,
                0,
                0.7202103755475895,
                -4.505314715186337e-7,
                0.69375603941026,
                0,
                -48.046878814697266,
                0.0000152587890625,
                -0.000011444091800427714,
                1
            ],
            "name": "QuadrupedFrontLeg_1_R"
        },
        "QuadrupedFrontLeg_2_L": {
            "children": [
                "QuadrupedFrontLeg_3_L"
            ],
            "jointId": "QuadrupedFrontLeg_2_L",
            "matrix": [
                0.975424885749817,
                -0.0362479910254479,
                -0.21732932329177868,
                0,
                0.035380512724051724,
                0.999342502738774,
                -0.00788262468703102,
                0,
                0.21747217508901234,
                -3.1460330153498806e-7,
                0.9760660905335197,
                0,
                35.21778869628906,
                -0.000011444091796875,
                7.105427357601002e-15,
                1
            ],
            "name": "QuadrupedFrontLeg_2_L"
        },
        "QuadrupedFrontLeg_2_R": {
            "children": [
                "QuadrupedFrontLeg_3_R"
            ],
            "jointId": "QuadrupedFrontLeg_2_R",
            "matrix": [
                0.9754252433776855,
                -0.03624761104583736,
                -0.21732938289642328,
                0,
                0.035380040645853414,
                0.9993429155820862,
                -0.00788300470422404,
                0,
                0.2174723330124948,
