{
    "animations": {},
    "asset": {},
    "attributes": {
        "attribute_1": {
            "bufferView": "bufferView_31",
            "byteOffset": 0,
            "byteStride": 12,
            "count": 1863,
            "max": [
                1,
                1,
                1
            ],
            "min": [
                0,
                0,
                0
            ],
            "type": "FLOAT_VEC3"
        },
        "attribute_10": {
            "bufferView": "bufferView_31",
            "byteOffset": 116516,
            "byteStride": 16,
            "count": 148,
            "max": [
                1,
                1,
                1
            ],
            "min": [
                0,
                0,
                0
            ],
            "type": "FLOAT_VEC4"
        },
        "attribute_11": {
            "bufferView": "bufferView_31",
            "byteOffset": 118884,
            "byteStride": 12,
            "count": 148,
            "max": [
                1,
                1,
                1
            ],
            "min": [
                0,
                0,
                0
            ],
            "type": "FLOAT_VEC3"
        },
        "attribute_13": {
            "bufferView": "bufferView_31",
            "byteOffset": 120660,
            "byteStride": 12,
            "count": 669,
            "max": [
                1,
                1,
                1
            ],
            "min": [
                0,
                0,
                0
            ],
            "type": "FLOAT_VEC3"
        },
        "attribute_14": {
            "bufferView": "bufferView_31",
            "byteOffset": 128688,
            "byteStride": 12,
            "count": 669,
            "max": [
                1,
                1,
                1
            ],
            "min": [
                0,
                0,
                0
            ],
            "type": "FLOAT_VEC3"
        },
        "attribute_15": {
            "bufferView": "bufferView_31",
            "byteOffset": 136716,
            "byteStride": 8,
            "count": 669,
            "max": [
                1,
                1,
                1
            ],
            "min": [
                0,
                0,
                0
            ],
            "type": "FLOAT_VEC2"
        },
        "attribute_16": {
            "bufferView": "bufferView_31",
            "byteOffset": 142068,
            "byteStride": 16,
            "count": 669,
            "max": [
                1,
                1,
                1
            ],
            "min": [
                0,
                0,
                0
            ],
            "type": "FLOAT_VEC4"
        },
        "attribute_17": {
            "bufferView": "bufferView_31",
            "byteOffset": 152772,
            "byteStride": 12,
            "count": 669,
            "max": [
                1,
                1,
                1
            ],
            "min": [
                0,
                0,
                0
            ],
            "type": "FLOAT_VEC3"
        },
        "attribute_19": {
            "bufferView": "bufferView_31",
            "byteOffset": 160800,
            "byteStride": 12,
            "count": 169,
            "max": [
                1,
                1,
                1
            ],
            "min": [
                0,
                0,
                0
            ],
            "type": "FLOAT_VEC3"
        },
        "attribute_2": {
            "bufferView": "bufferView_31",
            "byteOffset": 22356,
            "byteStride": 12,
            "count": 1863,
            "max": [
                1,
                1,
                1
            ],
            "min": [
                0,
                0,
                0
            ],
            "type": "FLOAT_VEC3"
        },
        "attribute_20": {
            "bufferView": "bufferView_31",
            "byteOffset": 162828,
            "byteStride": 12,
            "count": 169,
            "max": [
                1,
                1,
                1
            ],
            "min": [
                0,
                0,
                0
            ],
            "type": "FLOAT_VEC3"
        },
        "attribute_21": {
            "bufferView": "bufferView_31",
            "byteOffset": 164856,
            "byteStride": 8,
            "count": 169,
            "max": [
                1,
                1,
                1
            ],
            "min": [
                0,
                0,
                0
            ],
            "type": "FLOAT_VEC2"
        },
        "attribute_22": {
            "bufferView": "bufferView_31",
            "byteOffset": 166208,
            "byteStride": 16,
            "count": 169,
            "max": [
                1,
                1,
                1
            ],
            "min": [
                0,
                0,
                0
            ],
            "type": "FLOAT_VEC4"
        },
        "attribute_23": {
            "bufferView": "bufferView_31",
            "byteOffset": 168912,
            "byteStride": 12,
            "count": 169,
            "max": [
                1,
                1,
                1
            ],
            "min": [
                0,
                0,
                0
            ],
            "type": "FLOAT_VEC3"
        },
        "attribute_25": {
            "bufferView": "bufferView_31",
            "byteOffset": 170940,
            "byteStride": 12,
            "count": 106,
            "max": [
                1,
                1,
                1
            ],
            "min": [
                0,
                0,
                0
            ],
            "type": "FLOAT_VEC3"
        },
        "attribute_26": {
            "bufferView": "bufferView_31",
            "byteOffset": 172212,
            "byteStride": 12,
            "count": 106,
            "max": [
                1,
                1,
                1
            ],
            "min": [
                0,
                0,
                0
            ],
            "type": "FLOAT_VEC3"
        },
        "attribute_27": {
            "bufferView": "bufferView_31",
            "byteOffset": 173484,
            "byteStride": 8,
            "count": 106,
            "max": [
                1,
                1,
                1
            ],
            "min": [
                0,
                0,
                0
            ],
            "type": "FLOAT_VEC2"
        },
        "attribute_28": {
            "bufferView": "bufferView_31",
            "byteOffset": 174332,
            "byteStride": 16,
            "count": 106,
            "max": [
                1,
                1,
                1
            ],
            "min": [
                0,
                0,
                0
            ],
            "type": "FLOAT_VEC4"
        },
        "attribute_29": {
            "bufferView": "bufferView_31",
            "byteOffset": 176028,
            "byteStride": 12,
            "count": 106,
            "max": [
                1,
                1,
                1
            ],
            "min": [
                0,
                0,
                0
            ],
            "type": "FLOAT_VEC3"
        },
        "attribute_3": {
            "bufferView": "bufferView_31",
            "byteOffset": 44712,
            "byteStride": 8,
            "count": 1863,
            "max": [
                1,
                1,
                1
            ],
            "min": [
                0,
                0,
                0
            ],
            "type": "FLOAT_VEC2"
        },
        "attribute_4": {
            "bufferView": "bufferView_31",
            "byteOffset": 59616,
            "byteStride": 16,
            "count": 1863,
            "max": [
                1,
                1,
                1
            ],
            "min": [
                0,
                0,
                0
            ],
            "type": "FLOAT_VEC4"
        },
        "attribute_5": {
            "bufferView": "bufferView_31",
            "byteOffset": 89424,
            "byteStride": 12,
            "count": 1863,
            "max": [
                1,
                1,
                1
            ],
            "min": [
                0,
                0,
                0
            ],
            "type": "FLOAT_VEC3"
        },
        "attribute_7": {
            "bufferView": "bufferView_31",
            "byteOffset": 111780,
            "byteStride": 12,
            "count": 148,
            "max": [
                1,
                1,
                1
            ],
            "min": [
                0,
                0,
                0
            ],
            "type": "FLOAT_VEC3"
        },
        "attribute_8": {
            "bufferView": "bufferView_31",
            "byteOffset": 113556,
            "byteStride": 12,
            "count": 148,
            "max": [
                1,
                1,
                1
            ],
            "min": [
                0,
                0,
                0
            ],
            "type": "FLOAT_VEC3"
        },
        "attribute_9": {
            "bufferView": "bufferView_31",
            "byteOffset": 115332,
            "byteStride": 8,
            "count": 148,
            "max": [
                1,
                1,
                1
            ],
            "min": [
                0,
                0,
                0
            ],
            "type": "FLOAT_VEC2"
        }
    },
    "bufferViews": {
        "bufferView_31": {
            "buffer": "necrolyte.bin",
            "byteLength": 177300,
            "byteOffset": 0,
            "target": "ARRAY_BUFFER"
        },
        "bufferView_32": {
            "buffer": "necrolyte.bin",
            "byteLength": 32712,
            "byteOffset": 177300,
            "target": "ELEMENT_ARRAY_BUFFER"
        }
    },
    "buffers": {
        "necrolyte.bin": {
            "byteLength": 210012,
            "path": "necrolyte.bin"
        }
    },
    "cameras": {},
    "images": {
        "image_0": {
            "path": "textures/necro_color.png"
        },
        "image_1": {
            "path": "textures/necro_weapon_color.png"
        },
        "image_2": {
            "path": "textures/shoulders_color.png"
        },
        "image_3": {
            "path": "textures/beard_color.png"
        },
        "image_4": {
            "path": "textures/hat_color.png"
        }
    },
    "indices": {
        "indices_12": {
            "bufferView": "bufferView_32",
            "byteOffset": 21210,
            "count": 714,
            "type": "UNSIGNED_SHORT"
        },
        "indices_18": {
            "bufferView": "bufferView_32",
            "byteOffset": 22638,
            "count": 3645,
            "type": "UNSIGNED_SHORT"
        },
        "indices_24": {
            "bufferView": "bufferView_32",
            "byteOffset": 29928,
            "count": 870,
            "type": "UNSIGNED_SHORT"
        },
        "indices_30": {
            "bufferView": "bufferView_32",
            "byteOffset": 31668,
            "count": 522,
            "type": "UNSIGNED_SHORT"
        },
        "indices_6": {
            "bufferView": "bufferView_32",
            "byteOffset": 0,
            "count": 10605,
            "type": "UNSIGNED_SHORT"
        }
    },
    "lights": {},
    "materials": {
        "Material #35": {
            "instanceTechnique": {
                "technique": "technique_0",
                "values": [
                    {
                        "parameter": "ambient",
                        "value": [
                            0.5879999995231628,
                            0.5879999995231628,
                            0.5879999995231628
                        ]
                    },
                    {
                        "parameter": "emission",
                        "value": [
                            0,
                            0,
                            0
                        ]
                    },
                    {
                        "parameter": "diffuse",
                        "value": "Map #8"
                    },
                    {
                        "parameter": "shininess",
                        "value": 2
                    },
                    {
                        "parameter": "specular",
                        "value": [
                            0.8999999761581421,
                            0.8999999761581421,
                            0.8999999761581421
                        ]
                    }
                ]
            },
            "name": "Material #35"
        },
        "Material #46": {
            "instanceTechnique": {
                "technique": "technique_0",
                "values": [
                    {
                        "parameter": "ambient",
                        "value": [
                            0.5879999995231628,
                            0.5879999995231628,
                            0.5879999995231628
                        ]
                    },
                    {
                        "parameter": "emission",
                        "value": [
                            0,
                            0,
                            0
                        ]
                    },
                    {
                        "parameter": "diffuse",
                        "value": "Map #9"
                    },
                    {
                        "parameter": "shininess",
                        "value": 2
                    },
                    {
                        "parameter": "specular",
                        "value": [
                            0.8999999761581421,
                            0.8999999761581421,
                            0.8999999761581421
                        ]
                    }
                ]
            },
            "name": "Material #46"
        },
        "Material #57": {
            "instanceTechnique": {
                "technique": "technique_0",
                "values": [
                    {
                        "parameter": "ambient",
                        "value": [
                            0.5879999995231628,
                            0.5879999995231628,
                            0.5879999995231628
                        ]
                    },
                    {
                        "parameter": "emission",
                        "value": [
                            0,
                            0,
                            0
                        ]
                    },
                    {
                        "parameter": "diffuse",
                        "value": "Map #10"
                    },
                    {
                        "parameter": "shininess",
                        "value": 2
                    },
                    {
                        "parameter": "specular",
                        "value": [
                            0.8999999761581421,
                            0.8999999761581421,
                            0.8999999761581421
                        ]
                    }
                ]
            },
            "name": "Material #57"
        },
        "Material #68": {
            "instanceTechnique": {
                "technique": "technique_0",
                "values": [
                    {
                        "parameter": "ambient",
                        "value": [
                            0.5879999995231628,
                            0.5879999995231628,
                            0.5879999995231628
                        ]
                    },
                    {
                        "parameter": "emission",
                        "value": [
                            0,
                            0,
                            0
                        ]
                    },
                    {
                        "parameter": "diffuse",
                        "value": "Map #6"
                    },
                    {
                        "parameter": "shininess",
                        "value": 2
                    },
                    {
                        "parameter": "specular",
                        "value": [
                            0.8999999761581421,
                            0.8999999761581421,
                            0.8999999761581421
                        ]
                    }
                ]
            },
            "name": "Material #68"
        },
        "Material #79": {
            "instanceTechnique": {
                "technique": "technique_0",
                "values": [
                    {
                        "parameter": "ambient",
                        "value": [
                            0.5879999995231628,
                            0.5879999995231628,
                            0.5879999995231628
                        ]
                    },
                    {
                        "parameter": "emission",
                        "value": [
                            0,
                            0,
                            0
                        ]
                    },
                    {
                        "parameter": "diffuse",
                        "value": "Map #7"
                    },
                    {
                        "parameter": "shininess",
                        "value": 2
                    },
                    {
                        "parameter": "specular",
                        "value": [
                            0.8999999761581421,
                            0.8999999761581421,
                            0.8999999761581421
                        ]
                    }
                ]
            },
            "name": "Material #79"
        }
    },
    "meshes": {
        "beard_model_LOD0-mesh": {
            "name": "beard_model_LOD0-mesh",
            "primitives": [
                {
                    "indices": "indices_24",
                    "material": "Material #68",
                    "semantics": {
                        "JOINT": "attribute_22",
                        "NORMAL": "attribute_20",
                        "POSITION": "attribute_19",
                        "TEXCOORD_0": "attribute_21",
                        "WEIGHT": "attribute_23"
                    },
                    "skin": "skin_3"
                }
            ]
        },
        "hat_model_LOD0-mesh": {
            "name": "hat_model_LOD0-mesh",
            "primitives": [
                {
                    "indices": "indices_30",
                    "material": "Material #79",
                    "semantics": {
                        "JOINT": "attribute_28",
                        "NORMAL": "attribute_26",
                        "POSITION": "attribute_25",
                        "TEXCOORD_0": "attribute_27",
                        "WEIGHT": "attribute_29"
                    },
                    "skin": "skin_4"
                }
            ]
        },
        "necrolyte_model_LOD0-mesh": {
            "name": "necrolyte_model_LOD0-mesh",
            "primitives": [
                {
                    "indices": "indices_6",
                    "material": "Material #35",
                    "semantics": {
                        "JOINT": "attribute_4",
                        "NORMAL": "attribute_2",
                        "POSITION": "attribute_1",
                        "TEXCOORD_0": "attribute_3",
                        "WEIGHT": "attribute_5"
                    },
                    "skin": "skin_0"
                }
            ]
        },
        "necrolyte_sickle_model_LOD0-mesh": {
            "name": "necrolyte_sickle_model_LOD0-mesh",
            "primitives": [
                {
                    "indices": "indices_12",
                    "material": "Material #46",
                    "semantics": {
                        "JOINT": "attribute_10",
                        "NORMAL": "attribute_8",
                        "POSITION": "attribute_7",
                        "TEXCOORD_0": "attribute_9",
                        "WEIGHT": "attribute_11"
                    },
                    "skin": "skin_1"
                }
            ]
        },
        "shoulders_model_LOD0-mesh": {
            "name": "shoulders_model_LOD0-mesh",
            "primitives": [
                {
                    "indices": "indices_18",
                    "material": "Material #57",
                    "semantics": {
                        "JOINT": "attribute_16",
                        "NORMAL": "attribute_14",
                        "POSITION": "attribute_13",
                        "TEXCOORD_0": "attribute_15",
                        "WEIGHT": "attribute_17"
                    },
                    "skin": "skin_2"
                }
            ]
        }
    },
    "nodes": {
        "Head_0": {
            "children": [
                "Head_1"
            ],
            "matrix": [
                0.9166613817214967,
                -3.2751579435305223e-15,
                0.39966458082199086,
                0,
                -1.0924138183739387e-9,
                1,
                2.5055431063236797e-9,
                0,
                -0.39966458082199086,
                -2.7333337166100026e-9,
                0.9166613817214966,
                0,
                16.217941284179673,
                -0.0000018441028259985615,
                0.0000152587890625,
                1
            ],
            "name": "Head_0"
        },
        "Head_1": {
            "children": [],
            "matrix": [
                0.6018357872962949,
                -2.869776665193056e-7,
                -0.7986198663711548,
                0,
                9.602553063815798e-8,
                0.9999999999999997,
                -2.869776665192952e-7,
                0,
                0.7986198663711715,
                9.602553341962079e-8,
                0.6018357872962731,
                0,
                7.4378509521484375,
                -4.313328645366714e-7,
                -0.000007629394517039145,
                1
            ],
            "name": "Head_1"
        },
        "Leftsleeve1_0": {
            "children": [],
            "matrix": [
                0.9184914827346804,
                -0.0847776234149933,
                -0.3862468004226686,
                0,
                0.06078718711452527,
                -0.9348702024178911,
                0.3497468132777961,
                0,
                -0.39074126144605675,
                -0.34471826681716256,
                -0.8535167794838914,
                0,
                44.529205322265625,
                14.112945556640625,
                39.521316528320305,
                1
            ],
            "name": "Leftsleeve1_0"
        },
        "Rightsleeve2_0": {
            "children": [],
            "matrix": [
                -0.9184913039207457,
                0.08477785438299182,
                0.38624644279479986,
                0,
                0.06078696196445194,
                -0.9348697784476656,
                0.34974703954017883,
                0,
                0.3907409718002899,
                0.3447183991018082,
                0.8535164649194148,
                0,
                -44.09074783325195,
                -13.344417572021477,
                -37.4116096496582,
                1
            ],
            "name": "Rightsleeve2_0"
        },
        "Root_0": {
            "children": [
                "cloak_0",
                "thigh_R",
                "thigh_L",
                "Spine_0"
            ],
            "matrix": [
                -1.629206851037603e-7,
                -1.0000000000000002,
                0,
                0,
                1.0000000000000002,
                -1.629206851037603e-7,
                0,
                0,
                0,
                0,
                1,
                0,
                0,
                18.68037223815918,
                93.73213958740234,
                1
            ],
            "name": "Root_0"
        },
        "Spine_0": {
            "children": [
                "Spine_1"
            ],
            "matrix": [
                0.050617825239896476,
                -9.654584687268596e-8,
                0.9987180829048157,
                0,
                -2.790731756012456e-7,
                1,
                1.108139784377575e-7,
                0,
                -0.9987180829048173,
                -2.8432458952133254e-7,
                0.05061782523986907,
                0,
                -1.4542655944824219,
                3.0860405786370393e-7,
                12.480361938476562,
                1
            ],
            "name": "Spine_0"
        },
        "Spine_1": {
            "children": [
                "Spine_3"
            ],
            "matrix": [
                0.9034845232963562,
                1.252770402970782e-7,
                -0.42862042784690874,
                0,
                -1.131605476610025e-7,
                1,
                5.3749740658304323e-8,
                0,
                0.42862042784690857,
                -5.913646212142071e-11,
                0.9034845232963564,
                0,
                17.016723632812514,
                0.0000025260978873120655,
                0.000003814697269177714,
                1
            ],
            "name": "Spine_1"
        },
        "Spine_3": {
            "children": [
                "clavicle_R",
                "Head_0",
                "clavicle_L"
            ],
            "matrix": [
                0.8454742431640623,
                7.660538950615389e-15,
                -0.5340162515640259,
                0,
                3.03568298077616e-15,
                0.9999999999999999,
                1.9151347207871175e-14,
                0,
                0.534016251564026,
                -1.7813074813951066e-14,
                0.8454742431640625,
                0,
                18.16714477539061,
                -8.035481187107499e-7,
                -0.00002288818359375,
                1
            ],
            "name": "Spine_3"
        },
        "ankle_L": {
            "children": [],
            "matrix": [
                1,
                0,
                -7.450580596923828e-9,
                0,
                1.6653345369377348e-16,
                1.0000002384185793,
                1.862645147669706e-8,
                0,
                7.450579722623196e-9,
                -1.8626444827501976e-8,
                0.9999998807907104,
                0,
                45.41921615600587,
                -0.000003814697269177714,
                1.7763568394002505e-15,
                1
            ],
            "name": "ankle_L"
        },
        "ankle_R": {
            "children": [],
            "matrix": [
                1.0000001192092896,
                0,
                7.4505805691682525e-9,
                0,
                3.1086244689504383e-15,
                0.9999998807907104,
                -4.1536986827329925e-7,
                0,
                -7.450580610801616e-9,
                4.1536996727743747e-7,
                1.0000001192093269,
                0,
                -45.41920852661133,
                0.0000019073486363652137,
                0.000016212463382458964,
                1
            ],
            "name": "ankle_R"
        },
        "beard_model_LOD0": {
            "children": [],
            "matrix": [
                1,
                0,
                0,
                0,
                0,
                1,
                0,
                0,
                0,
                0,
                1,
                0,
                0,
                0,
                0,
                1
            ],
            "meshes": [
                "beard_model_LOD0-mesh"
            ],
            "name": "beard_model_LOD0"
        },
        "bicep_L": {
            "children": [
                "elbow_L"
            ],
            "matrix": [
                0.5243051052093508,
                -0.7320074439048768,
                -0.43505078554153465,
                0,
                -0.8469747211192622,
                -0.39552223364026484,
                -0.355241172175249,
                0,
                0.08796692074808636,
                0.5547317575945069,
                -0.8273660966817912,
                0,
                18.84565925598145,
                -1.4210854715202004e-14,
                -7.105427357601002e-15,
                1
            ],
            "name": "bicep_L"
        },
        "bicep_R": {
            "children": [
                "elbow_R"
            ],
            "matrix": [
                0.5243049263954165,
                -0.7320078611373901,
                -0.43505093455314636,
                0,
                -0.8469747738569935,
                -0.39552169298941786,
                -0.3552412963001287,
                0,
                0.0879673248758117,
                0.5547318375241682,
                -0.8273660289142416,
                0,
                -18.845670700073246,
                0,
                0.000003814697265625,
                1
            ],
            "name": "bicep_R"
        },
        "clavicle_L": {
            "children": [
                "bicep_L"
            ],
            "matrix": [
                -0.12021680921316141,
                0.9804105162620543,
                -0.15602324903011316,
                0,
                -0.018989111650461188,
                0.15486340456954495,
                0.9877535674622017,
                0,
                0.9925661666253808,
                0.12170731158603582,
                -5.960464488641293e-8,
                0,
                -1.9572219848632884,
                4.373613357543945,
                -1.6460952758789205,
                1
            ],
            "name": "clavicle_L"
        },
        "clavicle_R": {
            "children": [
                "bicep_R"
            ],
            "matrix": [
                0.12021672725677479,
                0.980410635471344,
                0.15602290630340573,
                0,
                0.018989262505109794,
                0.15486302391512743,
                -0.9877535698465834,
                0,
                -0.9925663460907936,
                0.12170726902009714,
                -1.490116117719431e-7,
                0,
                -1.9572296142578196,
                -4.373614311218262,
                -1.6461105346679688,
                1
            ],
            "name": "clavicle_R"
        },
        "cloak_0": {
            "children": [
                "cloak_1"
            ],
            "matrix": [
                0.10007631778717084,
                -4.772010697706739e-8,
                -0.9949797391891481,
                0,
                -4.72049464405939e-7,
                1.0000000000000002,
                -9.54402139541131e-8,
                0,
                0.9949797391891505,
                4.792309581603445e-7,
                0.1000763177871481,
                0,
                -12.057859420776367,
                -0.0000019763688214879953,
                -0.27210235595703125,
                1
            ],
            "name": "cloak_0"
        },
        "cloak_1": {
            "children": [
                "cloak_2"
            ],
            "matrix": [
                0.8586420416831971,
                1.3835378354087882e-7,
                -0.5125754475593566,
                0,
                2.295943008928598e-8,
                0.9999999999999996,
                3.0837941267235903e-7,
                0,
                0.5125754475593894,
                -2.765559686637776e-7,
                0.8586420416831773,
                0,
                33.39060211181642,
                6.855943865957661e-7,
                0.000007629394527697286,
                1
            ],
            "name": "cloak_1"
        },
        "cloak_2": {
            "children": [
                "cloak_3"
            ],
            "matrix": [
                0.9123731851577759,
                4.499225170206954e-8,
                -0.4093594253063203,
                0,
                -4.931342975311212e-8,
                0.9999999999999997,
                1.7763568327828056e-15,
                0,
                0.4093594253063196,
                2.018691564291718e-8,
                0.9123731851577762,
                0,
                25.23440742492676,
                0.00000762939453125,
                -0.000015258789069605427,
                1
            ],
            "name": "cloak_2"
        },
        "cloak_3": {
            "children": [],
            "matrix": [
                1.0000001192092896,
                -1.776356836091528e-15,
                0,
                0,
                1.7763566210245688e-15,
                0.9999999999999999,
                3.552713698652836e-15,
                0,
                -5.551115123125783e-17,
                -3.55271409569953e-15,
                1.0000001192092898,
                0,
                38.38618469238283,
                2.117582368135751e-22,
                0.00000762939453125,
                1
            ],
            "name": "cloak_3"
        },
        "elbow_L": {
            "children": [
                "Leftsleeve1_0",
                "wrist_L"
            ],
            "matrix": [
                0.36604642868041987,
                2.6822090146150224e-7,
                -0.9305965900421145,
                0,
                -1.2662147269582036e-7,
                1.0000000000000029,
                2.384186295577295e-7,
                0,
                0.9305965595864554,
                3.056122177547138e-8,
                0.3660464167008177,
                0,
                24.764389038085938,
                -0.00000762939453125,
                0.00002288818359375,
                1
            ],
            "name": "elbow_L"
        },
        "elbow_R": {
            "children": [
                "wrist_R",
                "Rightsleeve2_0"
            ],
            "matrix": [
                0.3660465776920318,
                -1.341104507446289e-7,
                -0.9305965304374695,
                0,
                3.2375690545149993e-7,
                1.000000000000125,
                -1.676381007967298e-8,
                0,
                0.9305967369104178,
                -2.9515078314723553e-7,
                0.3660466589074173,
                0,
                -24.76439666748047,
                0.0000152587890625,
                -0.00000762939453125,
                1
            ],
            "name": "elbow_R"
        },
        "hat_model_LOD0": {
            "children": [],
            "matrix": [
                1,
                0,
                0,
                0,
                0,
                1,
                0,
                0,
                0,
                0,
                1,
                0,
                0,
                0,
                0,
                1
            ],
            "meshes": [
                "hat_model_LOD0-mesh"
            ],
            "name": "hat_model_LOD0"
        },
        "index_0_L": {
            "children": [
                "index_1_L"
            ],
            "matrix": [
                0.8580771684646611,
                0.3691636323928836,
                -0.35696211457252514,
                0,
                0.4610312286174072,
                -0.24764999500127383,
                0.8521268422933949,
                0,
                0.2261725277574929,
                -0.895761085249343,
                -0.38269869044166926,
                0,
                8.85328674316407,
                -1.363037109375,
                -4.54029846191407,
                1
            ],
            "name": "index_0_L"
        },
        "index_1_L": {
            "children": [
                "index_2_L"
            ],
            "matrix": [
                0.8253468275070193,
                -2.514570952034251e-7,
                -0.5646262168884278,
                0,
                6.893213391328265e-8,
                1.0000001192093702,
                -3.4458939594458893e-7,
                0,
                0.5646261247846164,
                2.454848054382619e-7,
                0.8253466928734365,
                0,
                5.918673515319826,
                0.000022888183586644573,
                -0.000030517578125,
                1
            ],
            "name": "index_1_L"
        },
        "index_2_L": {
            "children": [],
            "matrix": [
                0.9999999403953549,
                -1.471489668777165e-7,
                -2.980232233218416e-8,
                0,
                1.4714895903156222e-7,
                1.0000000000000007,
                -5.513429642278744e-7,
                0,
                2.980239816041674e-8,
                5.513428283435151e-7,
                0.9999997615813752,
                0,
                5.1806640625,
                0.000007629394524144573,
                0.00002288818359375,
                1
            ],
            "name": "index_2_L"
        },
        "knee_L": {
            "children": [
                "ankle_L"
            ],
            "matrix": [
                0.9400612115859984,
                0,
                -0.3410058617591858,
                0,
                8.108062332645716e-9,
                1.000000119209289,
                2.2351741561787986e-8,
                0,
                0.3410059451192872,
                -2.3776905047276364e-8,
                0.9400614413873202,
                0,
                38.5159568786621,
                0.0000019073486328125,
                -0.000006675720216620107,
                1
            ],
            "name": "knee_L"
        },
        "knee_R": {
            "children": [
                "ankle_R"
            ],
            "matrix": [
                0.9400609731674194,
                -1.4901161193847656e-8,
                -0.34100583195686335,
                0,
                1.9422866842644382e-7,
                1.0000001192092816,
                4.917382999299058e-7,
                0,
                0.3410059049202688,
                -5.284971434788011e-7,
                0.9400611743078439,
                0,
                -38.515972137451165,
                0.0000057220458984375,
                0.000007152557373046875,
                1
            ],
            "name": "knee_R"
        },
        "mid_0_L": {
            "children": [
                "mid_1_L"
            ],
            "matrix": [
                0.9114326238632205,
                0.40460249781608604,
                -0.07474842667579658,
                0,
                0.09185625281653449,
                -0.023005869079032126,
                0.9955066178417091,
                0,
                0.4010648244121663,
                -0.9142033482342686,
                -0.058133570797934686,
                0,
                11.168212890625007,
                -1.3277130126952983,
