{
    "accessors": [
        {
            "bufferView": 0,
            "byteOffset": 0,
            "componentType": 5126,
            "count": 2249,
            "max": [
                59.08796310424805,
                138.697509765625,
                173.92129516601562
            ],
            "min": [
                -62.554569244384766,
                -41.56494903564453,
                -1.3758771419525146
            ],
            "type": "VEC3"
        },
        {
            "bufferView": 0,
            "byteOffset": 26988,
            "componentType": 5126,
            "count": 2249,
            "max": [
                0.9994946718215942,
                0.9999977350234985,
                0.9991790056228638
            ],
            "min": [
                -0.9995943307876587,
                -0.9999706149101257,
                -0.9992259740829468
            ],
            "type": "VEC3"
        },
        {
            "bufferView": 0,
            "byteOffset": 53976,
            "componentType": 5126,
            "count": 2249,
            "max": [
                1.9905970096588135,
                0.9939619898796082
            ],
            "min": [
                0.007751999888569117,
                0.004539012908935547
            ],
            "type": "VEC2"
        },
        {
            "bufferView": 0,
            "byteOffset": 71968,
            "componentType": 5123,
            "count": 2249,
            "max": [
                46,
                46,
                46,
                0
            ],
            "min": [
                0,
                0,
                0,
                0
            ],
            "type": "VEC4"
        },
        {
            "bufferView": 0,
            "byteOffset": 89960,
            "componentType": 5126,
            "count": 2249,
            "max": [
                1,
                0.9998961687088013,
                0.999137282371521,
                0
            ],
            "min": [
                0.00010383687185822055,
                0,
                0,
                0
            ],
            "type": "VEC4"
        },
        {
            "bufferView": 2,
            "byteOffset": 0,
            "componentType": 5123,
            "count": 10605,
            "max": [
                2248
            ],
            "min": [
                0
            ],
            "type": "SCALAR"
        },
        {
            "bufferView": 1,
            "byteOffset": 0,
            "componentType": 5126,
            "count": 47,
            "max": [
                0.9804107176007032,
                1.0000002980231346,
                0.8802980236751378,
                0,
                0.9917143497985678,
                0.8528776894174325,
                0.9987181095174893,
                0,
                0.9987181095175595,
                0.9952990317190537,
                1.0000001788138857,
                0,
                116.56340027209637,
                122.88811151628325,
                96.05834283067426,
                1
            ],
            "min": [
                -0.8904886776301253,
                -0.9929061077697123,
                -0.716798829346712,
                0,
                -1.0000001192091557,
                -0.6615084026070008,
                -0.9961290489476612,
                0,
                -0.9949797881633031,
                -0.8842951137671778,
                -0.9696631322180235,
                0,
                -119.62003431773545,
                -122.88812413005412,
                -153.11764526367054,
                1
            ],
            "type": "MAT4"
        },
        {
            "bufferView": 0,
            "byteOffset": 125944,
            "componentType": 5126,
            "count": 187,
            "max": [
                95.48776245117188,
                3.200185537338257,
                100.45484161376953
            ],
            "min": [
                -128.93466186523438,
                -79.8798828125,
                81.97147369384766
            ],
            "type": "VEC3"
        },
        {
            "bufferView": 0,
            "byteOffset": 128188,
            "componentType": 5126,
            "count": 187,
            "max": [
                0.8756051659584045,
                0.9988910555839539,
                0.999812662601471
            ],
            "min": [
                -0.8564149737358093,
                -0.9990435242652893,
                -0.9965161681175232
            ],
            "type": "VEC3"
        },
        {
            "bufferView": 0,
            "byteOffset": 130432,
            "componentType": 5126,
            "count": 187,
            "max": [
                0.9830859899520874,
                0.9850599765777588
            ],
            "min": [
                0.022345000877976418,
                0.019620001316070557
            ],
            "type": "VEC2"
        },
        {
            "bufferView": 0,
            "byteOffset": 131928,
            "componentType": 5123,
            "count": 187,
            "max": [
                0,
                0,
                0,
                0
            ],
            "min": [
                0,
                0,
                0,
                0
            ],
            "type": "VEC4"
        },
        {
            "bufferView": 0,
            "byteOffset": 133424,
            "componentType": 5126,
            "count": 187,
            "max": [
                1,
                0,
                0,
                0
            ],
            "min": [
                1,
                0,
                0,
                0
            ],
            "type": "VEC4"
        },
        {
            "bufferView": 2,
            "byteOffset": 21210,
            "componentType": 5123,
            "count": 714,
            "max": [
                186
            ],
            "min": [
                0
            ],
            "type": "SCALAR"
        },
        {
            "bufferView": 1,
            "byteOffset": 3008,
            "componentType": 5126,
            "count": 1,
            "max": [
                -0.04140058812082102,
                0.9973645455721366,
                -0.059578189683650376,
                0,
                -0.11146138788552636,
                -0.06386741789557454,
                -0.9917141717905554,
                0,
                -0.9929056843563334,
                -0.03441689201365507,
                0.11381182709096324,
                0,
                84.56255300697806,
                58.20677989881928,
                -37.261454535909,
                1
            ],
            "min": [
                -0.04140058812082102,
                0.9973645455721366,
                -0.059578189683650376,
                0,
                -0.11146138788552636,
                -0.06386741789557454,
                -0.9917141717905554,
                0,
                -0.9929056843563334,
                -0.03441689201365507,
                0.11381182709096324,
                0,
                84.56255300697806,
                58.20677989881928,
                -37.261454535909,
                1
            ],
            "type": "MAT4"
        },
        {
            "bufferView": 0,
            "byteOffset": 136416,
            "componentType": 5126,
            "count": 849,
            "max": [
                43.12154006958008,
                53.68337631225586,
                174.52220153808594
            ],
            "min": [
                -43.121559143066406,
                -9.738091468811035,
                68.33384704589844
            ],
            "type": "VEC3"
        },
        {
            "bufferView": 0,
            "byteOffset": 146604,
            "componentType": 5126,
            "count": 849,
            "max": [
                0.999534010887146,
                0.9995373487472534,
                0.9944157600402832
            ],
            "min": [
                -0.999534010887146,
                -0.9850479960441589,
                -0.9987998008728027
            ],
            "type": "VEC3"
        },
        {
            "bufferView": 0,
            "byteOffset": 156792,
            "componentType": 5126,
            "count": 849,
            "max": [
                1.9899859428405762,
                0.989346981048584
            ],
            "min": [
                0.014142000116407871,
                0.01305997371673584
            ],
            "type": "VEC2"
        },
        {
            "bufferView": 0,
            "byteOffset": 163584,
            "componentType": 5123,
            "count": 849,
            "max": [
                7,
                9,
                12,
                0
            ],
            "min": [
                0,
                0,
                0,
                0
            ],
            "type": "VEC4"
        },
        {
            "bufferView": 0,
            "byteOffset": 170376,
            "componentType": 5126,
            "count": 849,
            "max": [
                1,
                0.9861475825309753,
                0.8662173748016357,
                0
            ],
            "min": [
                0.000294630037387833,
                0,
                0,
                0
            ],
            "type": "VEC4"
        },
        {
            "bufferView": 2,
            "byteOffset": 22638,
            "componentType": 5123,
            "count": 3645,
            "max": [
                848
            ],
            "min": [
                0
            ],
            "type": "SCALAR"
        },
        {
            "bufferView": 1,
            "byteOffset": 3072,
            "componentType": 5126,
            "count": 13,
            "max": [
                0.9804105886998005,
                0.9999999999999926,
                0.1217073887285821,
                0,
                0.4240725590743264,
                0.5020487723918479,
                0.9987181095175561,
                0,
                0.9987181095175595,
                0.8508610589714234,
                1,
                0,
                116.56336178256477,
                122.88809781540235,
                57.28588306429758,
                1
            ],
            "min": [
                -1.0479253646288871e-7,
                -0.9348701796602484,
                -3.510492155493962e-7,
                0,
                -0.9999999999999732,
                -0.5020489486732349,
                -0.9961289922018196,
                0,
                -0.994979788163299,
                -0.8508609575410516,
                -0.4878776513486513,
                0,
                -119.62008742259341,
                -122.88810993834134,
                -153.11759649305029,
                1
            ],
            "type": "MAT4"
        },
        {
            "bufferView": 0,
            "byteOffset": 183960,
            "componentType": 5126,
            "count": 204,
            "max": [
                16.29123306274414,
                3.7457475662231445,
                160.36785888671875
            ],
            "min": [
                -15.688211441040039,
                -20.608348846435547,
                102.5597152709961
            ],
            "type": "VEC3"
        },
        {
            "bufferView": 0,
            "byteOffset": 186408,
            "componentType": 5126,
            "count": 204,
            "max": [
                0.9923902153968811,
                0.9955320358276367,
                0.9362597465515137
            ],
            "min": [
                -0.9900661110877991,
                -0.9972044825553894,
                -0.9978083372116089
            ],
            "type": "VEC3"
        },
        {
            "bufferView": 0,
            "byteOffset": 188856,
            "componentType": 5126,
            "count": 204,
            "max": [
                0.9779040217399597,
                0.9773210287094116
            ],
            "min": [
                0.014688000082969666,
                0.013637006282806396
            ],
            "type": "VEC2"
        },
        {
            "bufferView": 0,
            "byteOffset": 190488,
            "componentType": 5123,
            "count": 204,
            "max": [
                2,
                4,
                5,
                0
            ],
            "min": [
                0,
                0,
                0,
                0
            ],
            "type": "VEC4"
        },
        {
            "bufferView": 0,
            "byteOffset": 192120,
            "componentType": 5126,
            "count": 204,
            "max": [
                1,
                0.9445083737373352,
                0.6905840039253235,
                0
            ],
            "min": [
                0.0001565380662214011,
                0,
                0,
                0
            ],
            "type": "VEC4"
        },
        {
            "bufferView": 2,
            "byteOffset": 29928,
            "componentType": 5123,
            "count": 870,
            "max": [
                203
            ],
            "min": [
                0
            ],
            "type": "SCALAR"
        },
        {
            "bufferView": 1,
            "byteOffset": 3904,
            "componentType": 5126,
            "count": 6,
            "max": [
                0.9804104747224509,
                0.9999999999999857,
                0.12170744331929455,
                0,
                0.02800181207436933,
                0.5020488861419927,
                0.8806306996027696,
                0,
                0.8806306996027906,
                0.8508607884211675,
                0.999999880790718,
                0,
                22.06152096697381,
                122.88805814728202,
                57.28588335209805,
                1
            ],
            "min": [
                8.272434768797514e-8,
                0.15486311379867437,
                -1.8711044315754226e-7,
                0,
                -0.999999880790709,
                -0.5020489988815343,
                -0.8643857054146213,
                0,
                -0.19496465616401584,
                -0.8508607853793522,
                -0.48787765684374773,
                0,
                -119.62004311032332,
                -122.88807298253631,
                -153.11758123426569,
                1
            ],
            "type": "MAT4"
        },
        {
            "bufferView": 0,
            "byteOffset": 195384,
            "componentType": 5126,
            "count": 108,
            "max": [
                8.13304328918457,
                10.055573463439941,
                182.4839630126953
            ],
            "min": [
                -8.133039474487305,
                -20.881685256958008,
                153.55625915527344
            ],
            "type": "VEC3"
        },
        {
            "bufferView": 0,
            "byteOffset": 196680,
            "componentType": 5126,
            "count": 108,
            "max": [
                0.9983964562416077,
                0.8918883800506592,
                0.9468128085136414
            ],
            "min": [
                -0.9983964562416077,
                -0.9849491119384766,
                -0.714219331741333
            ],
            "type": "VEC3"
        },
        {
            "bufferView": 0,
            "byteOffset": 197976,
            "componentType": 5126,
            "count": 108,
            "max": [
                0.9919329881668091,
                0.9806240200996399
            ],
            "min": [
                0.010897999629378319,
                0.029507994651794434
            ],
            "type": "VEC2"
        },
        {
            "bufferView": 0,
            "byteOffset": 198840,
            "componentType": 5123,
            "count": 108,
            "max": [
                1,
                2,
                2,
                0
            ],
            "min": [
                0,
                0,
                0,
                0
            ],
            "type": "VEC4"
        },
        {
            "bufferView": 0,
            "byteOffset": 199704,
            "componentType": 5126,
            "count": 108,
            "max": [
                1,
                0.8431364297866821,
                0.14129111170768738,
                0
            ],
            "min": [
                0.015572517178952694,
                0,
                0,
                0
            ],
            "type": "VEC4"
        },
        {
            "bufferView": 2,
            "byteOffset": 31668,
            "componentType": 5123,
            "count": 522,
            "max": [
                107
            ],
            "min": [
                0
            ],
            "type": "SCALAR"
        },
        {
            "bufferView": 1,
            "byteOffset": 4288,
            "componentType": 5126,
            "count": 3,
            "max": [
                2.3548384981436106e-7,
                0.9999999999999692,
                9.38611463495077e-8,
                0,
                -0.6018356199137147,
                2.3548384981436416e-7,
                0.7986200007495329,
                0,
                0.7986200007495492,
                2.1643296617877758e-9,
                0.9999999999999692,
                0,
                -7.934294700622817,
                0.000013269698374290706,
                -85.81515241495346,
                1
            ],
            "min": [
                1.0524444088958483e-7,
                0.9999999999999571,
                -1.4325281241642437e-7,
                0,
                -0.9999999999999444,
                1.7556154224495237e-7,
                2.216401643032984e-14,
                0,
                6.123233995737368e-17,
                -9.38611463495118e-8,
                0.601835619913721,
                0,
                -119.62007500451485,
                -0.000003932489757243032,
                -153.11761474608917,
                1
            ],
            "type": "MAT4"
        }
    ],
    "asset": {
        "generator": "ClayGL - fbx2gltf",
        "version": "2.0"
    },
    "bufferViews": [
        {
            "buffer": 0,
            "byteLength": 201432,
            "byteOffset": 0,
            "target": 34962
        },
        {
            "buffer": 0,
            "byteLength": 4480,
            "byteOffset": 201432,
            "target": 34962
        },
        {
            "buffer": 0,
            "byteLength": 32712,
            "byteOffset": 205912,
            "target": 34963
        }
    ],
    "buffers": [
        {
            "byteLength": 238624,
            "uri": "necrolyte.bin"
        }
    ],
    "images": [
        {
            "uri": "textures/necro_color.png"
        },
        {
            "uri": "textures/necro_weapon_color.png"
        },
        {
            "uri": "textures/shoulders_color.png"
        },
        {
            "uri": "textures/beard_color.png"
        },
        {
            "uri": "textures/hat_color.png"
        }
    ],
    "materials": [
        {
            "emissiveFactor": [
                0,
                0,
                0
            ],
            "name": "Material #35",
            "pbrMetallicRoughness": {
                "baseColorFactor": [
                    1,
                    1,
                    1,
                    1
                ],
                "baseColorTexture": {
                    "index": 0,
                    "texCoord": 0
                },
                "metallicFactor": 0,
                "roughnessFactor": 0.9230769230769231
            }
        },
        {
            "emissiveFactor": [
                0,
                0,
                0
            ],
            "name": "Material #46",
            "pbrMetallicRoughness": {
                "baseColorFactor": [
                    1,
                    1,
                    1,
                    1
                ],
                "baseColorTexture": {
                    "index": 1,
                    "texCoord": 0
                },
                "metallicFactor": 0,
                "roughnessFactor": 0.9230769230769231
            }
        },
        {
            "emissiveFactor": [
                0,
                0,
                0
            ],
            "name": "Material #57",
            "pbrMetallicRoughness": {
                "baseColorFactor": [
                    1,
                    1,
                    1,
                    1
                ],
                "baseColorTexture": {
                    "index": 2,
                    "texCoord": 0
                },
                "metallicFactor": 0,
                "roughnessFactor": 0.9230769230769231
            }
        },
        {
            "emissiveFactor": [
                0,
                0,
                0
            ],
            "name": "Material #68",
            "pbrMetallicRoughness": {
                "baseColorFactor": [
                    1,
                    1,
                    1,
                    1
                ],
                "baseColorTexture": {
                    "index": 3,
                    "texCoord": 0
                },
                "metallicFactor": 0,
                "roughnessFactor": 0.9230769230769231
            }
        },
        {
            "emissiveFactor": [
                0,
                0,
                0
            ],
            "name": "Material #79",
            "pbrMetallicRoughness": {
                "baseColorFactor": [
                    1,
                    1,
                    1,
                    1
                ],
                "baseColorTexture": {
                    "index": 4,
                    "texCoord": 0
                },
                "metallicFactor": 0,
                "roughnessFactor": 0.9230769230769231
            }
        }
    ],
    "meshes": [
        {
            "name": "necrolyte_model_LOD0",
            "primitives": [
                {
                    "attributes": {
                        "JOINTS_0": 3,
                        "NORMAL": 1,
                        "POSITION": 0,
                        "TEXCOORD_0": 2,
                        "WEIGHTS_0": 4
                    },
                    "indices": 5,
                    "material": 0
                }
            ]
        },
        {
            "name": "necrolyte_sickle_model_LOD0",
            "primitives": [
                {
                    "attributes": {
                        "JOINTS_0": 10,
                        "NORMAL": 8,
                        "POSITION": 7,
                        "TEXCOORD_0": 9,
                        "WEIGHTS_0": 11
                    },
                    "indices": 12,
                    "material": 1
                }
            ]
        },
        {
            "name": "shoulders_model_LOD0",
            "primitives": [
                {
                    "attributes": {
                        "JOINTS_0": 17,
                        "NORMAL": 15,
                        "POSITION": 14,
                        "TEXCOORD_0": 16,
                        "WEIGHTS_0": 18
                    },
                    "indices": 19,
                    "material": 2
                }
            ]
        },
        {
            "name": "beard_model_LOD0",
            "primitives": [
                {
                    "attributes": {
                        "JOINTS_0": 24,
                        "NORMAL": 22,
                        "POSITION": 21,
                        "TEXCOORD_0": 23,
                        "WEIGHTS_0": 25
                    },
                    "indices": 26,
                    "material": 3
                }
            ]
        },
        {
            "name": "hat_model_LOD0",
            "primitives": [
                {
                    "attributes": {
                        "JOINTS_0": 31,
                        "NORMAL": 29,
                        "POSITION": 28,
                        "TEXCOORD_0": 30,
                        "WEIGHTS_0": 32
                    },
                    "indices": 33,
                    "material": 4
                }
            ]
        }
    ],
    "nodes": [
        {
            "children": [
                1,
                5,
                8,
                11
            ],
            "matrix": [
                1.6292068478213574e-7,
                1.469367938527879e-39,
                1.0000000000000002,
                0,
                1.0000000000000002,
                6.123233995736847e-17,
                -1.6292068478213574e-7,
                0,
                -6.123233995736685e-17,
                1,
                9.976014756666736e-24,
                0,
                0,
                93.73213958740234,
                -18.68037223815918,
                1
            ],
            "name": "Root_0"
        },
        {
            "children": [
                2
            ],
            "matrix": [
                0.10007631778717083,
                -4.7720106977067394e-8,
                -0.9949797391891481,
                0,
                -4.720494644059392e-7,
                1.0000000000000002,
                -9.544021395411311e-8,
                0,
                0.9949797391891505,
                4.792309581603444e-7,
                0.1000763177871481,
                0,
                -12.057859420776367,
                -0.000001976368821487996,
                -0.27210235595703125,
                1
            ],
            "name": "cloak_0"
        },
        {
            "children": [
                3
            ],
            "matrix": [
                0.858642041683197,
                1.3835378354087874e-7,
                -0.5125754475593566,
                0,
                2.2959430089286e-8,
                0.9999999999999997,
                3.0837941267235903e-7,
                0,
                0.5125754475593896,
                -2.7655596866377766e-7,
                0.8586420416831773,
                0,
                33.39060211181641,
                6.85594386595767e-7,
                0.000007629394534802714,
                1
            ],
            "name": "cloak_1"
        },
        {
            "children": [
                4
            ],
            "matrix": [
                0.9123731851577755,
                4.4992251702069605e-8,
                -0.40935942530632025,
                0,
                -4.931342975311209e-8,
                0.9999999999999993,
                1.7763568394002505e-15,
                0,
                0.40935942530631936,
                2.0186915642917148e-8,
                0.9123731851577762,
                0,
                25.23440742492675,
                0.00000762939453125,
                -0.000015258789069605427,
                1
            ],
            "name": "cloak_2"
        },
        {
            "matrix": [
                1.0000001192092898,
                -1.7763567864606913e-15,
                -1.1102230246251565e-16,
                0,
                1.7763566276420137e-15,
                0.9999999999999999,
                3.5527136258609417e-15,
                0,
                5.551115123125783e-17,
                -3.552714049377415e-15,
                1.0000001192092896,
                0,
                38.38618469238283,
                3.3881317890172014e-21,
                0.000007629394517039145,
                1
            ],
            "name": "cloak_3"
        },
        {
            "children": [
                6
            ],
            "matrix": [
                -0.22277627885341658,
                0.15535476803779605,
                0.9624112844467163,
                0,
                0.12205184985764038,
                0.9838975880183737,
                -0.1305709177062727,
                0,
                -0.9671992749225449,
                0.08837600355100476,
                -0.23815045876203092,
                0,
                1.3467350006103516,
                -11.778904914855955,
                -2.5138015747070312,
                1
            ],
            "name": "thigh_R"
        },
        {
            "children": [
                7
            ],
            "matrix": [
                0.9400609731674195,
                -1.4901161226807402e-8,
                -0.34100583195686346,
                0,
                1.9422866840562714e-7,
                1.0000001192092816,
                4.917382998986808e-7,
                0,
                0.34100590492026883,
                -5.284971434926788e-7,
                0.9400611743078441,
                0,
                -38.51597213745117,
                0.000005722045894884786,
                0.000007152557373046875,
                1
            ],
            "name": "knee_R"
        },
        {
            "matrix": [
                1.0000001192092896,
                -3.469446951953614e-18,
                7.450580596923828e-9,
                0,
                3.1433189384699745e-15,
                0.9999998807907101,
                -4.15369868306259e-7,
                0,
                -7.45058058304604e-9,
                4.1536996728264164e-7,
                1.0000001192093269,
                0,
                -45.419208526611314,
                0.0000019073486292597863,
                0.00001621246337890625,
                1
            ],
            "name": "ankle_R"
        },
        {
            "children": [
                9
            ],
            "matrix": [
                0.2227760404348374,
                0.15535466372966775,
                -0.962411403656006,
                0,
                -0.12205206599412789,
                0.9838975081375394,
                0.1305707622070298,
                0,
                0.9671990911364421,
                0.08837627485119952,
                0.23815018133207924,
                0,
                1.346731185913086,
                11.778905868530272,
                -2.5137939453125,
                1
            ],
            "name": "thigh_L"
        },
        {
            "children": [
                10
            ],
            "matrix": [
                0.9400612115859981,
                8.673617379884035e-18,
                -0.3410058617591857,
                0,
                8.108062367340185e-9,
                1.0000001192092893,
                2.235174156872688e-8,
                0,
                0.34100594511928717,
                -2.3776904986561043e-8,
                0.9400614413873201,
                0,
                38.51595687866211,
                0.0000019073486363652137,
                -0.00000667572021484375,
                1
            ],
            "name": "knee_L"
        },
        {
            "matrix": [
                1.0000000000000002,
                2.0816681711721685e-17,
                -7.450580596923828e-9,
                0,
                1.43982048506075e-16,
                1.0000002384185793,
                1.862645149230957e-8,
                0,
                7.450579680989833e-9,
                -1.8626444830971423e-8,
                0.9999998807907108,
                0,
                45.41921615600585,
                -0.0000038146972620722863,
                1.7763568394002505e-15,
                1
            ],
            "name": "ankle_L"
        },
        {
            "children": [
                12
            ],
            "matrix": [
                0.05061782523989648,
                -9.654584687268594e-8,
                0.9987180829048157,
                0,
                -2.7907317560124564e-7,
                0.9999999999999999,
                1.108139784377575e-7,
                0,
                -0.9987180829048173,
                -2.843245895213326e-7,
                0.05061782523986907,
                0,
                -1.4542655944824219,
                3.086040578637035e-7,
                12.480361938476562,
                1
            ],
            "name": "Spine_0"
        },
        {
            "children": [
                13
            ],
            "matrix": [
                0.9034845232963559,
                1.2527704029707828e-7,
                -0.42862042784690857,
                0,
                -1.1316054766100245e-7,
                1.0000000000000002,
                5.374974065830408e-8,
                0,
                0.42862042784690846,
                -5.913646212143394e-11,
                0.9034845232963563,
                0,
                17.0167236328125,
                0.000002526097887312062,
                0.000003814697269177714,
                1
            ],
            "name": "Spine_1"
        },
        {
            "children": [
                14,
                26,
                28
            ],
            "matrix": [
                0.8454742431640624,
                7.66053886991358e-15,
                -0.5340162515640259,
                0,
                3.035683047260802e-15,
                1,
                1.915134712184439e-14,
                0,
                0.5340162515640259,
                -1.7813074769852e-14,
                0.8454742431640624,
                0,
                18.16714477539064,
                -8.035481187107507e-7,
                -0.00002288818359375,
                1
            ],
            "name": "Spine_3"
        },
        {
            "children": [
                15
            ],
            "matrix": [
                0.12021672725677479,
                0.9804106354713443,
                0.1560229063034057,
                0,
                0.018989262505109794,
                0.1548630239151274,
                -0.9877535698465838,
                0,
                -0.9925663460907943,
                0.12170726902009722,
                -1.490116117719431e-7,
                0,
                -1.9572296142578054,
                -4.373614311218262,
                -1.6461105346679545,
                1
            ],
            "name": "clavicle_R"
        },
        {
            "children": [
                16
            ],
            "matrix": [
                0.5243049263954165,
                -0.7320078611373899,
                -0.43505093455314636,
                0,
                -0.8469747738569935,
                -0.3955216929894178,
                -0.35524129630012874,
                0,
                0.08796732487581173,
                0.5547318375241682,
                -0.8273660289142416,
                0,
                -18.845670700073246,
                0,
                0.0000038146972585195726,
                1
            ],
            "name": "bicep_R"
        },
        {
            "children": [
                17,
                25
            ],
            "matrix": [
                0.36604657769203214,
                -1.3411045067523997e-7,
                -0.9305965304374697,
                0,
                3.237569055564507e-7,
                1.0000000000001252,
                -1.6763810117836897e-8,
                0,
                0.9305967369104179,
                -2.9515078311254106e-7,
                0.3660466589074173,
                0,
                -24.76439666748047,
                0.0000152587890625,
                -0.00000762939453125,
                1
            ],
            "name": "elbow_R"
        },
        {
            "children": [
                18,
                21,
                24
            ],
            "matrix": [
                0.879149317741394,
                -0.0018898267298936983,
                -0.47654229402542114,
                0,
                -0.17833942067998204,
                0.9260223686804454,
                -0.3326819126647263,
                0,
                0.4419175992752059,
                0.3774634080386407,
                0.8137750212827001,
                0,
                -35.33993530273436,
                0,
                -0.0000152587890625,
                1
            ],
            "name": "wrist_R"
        },
        {
            "children": [
                19
            ],
            "matrix": [
                0.5497894883155819,
                0.8310173749923704,
                0.08450870215892789,
                0,
                0.003893890897319341,
                -0.10371998310585079,
                0.994599202965082,
                0,
                0.8352944786178934,
                -0.5464911314064735,
                -0.06026004877660472,
                0,
                -11.168222427368157,
                1.3277130126953054,
                1.3355636596679688,
                1
            ],
            "name": "mid_0_R"
        },
        {
            "children": [
                20
            ],
            "matrix": [
                0.2971437871456142,
                -1.1175870895385742e-7,
                -0.9548327326774597,
                0,
                0.000001477418490325455,
                0.9999998807907375,
                3.427270752059952e-7,
                0,
                0.9548329910837285,
                -0.0000015125273451419008,
                0.297143867561779,
                0,
                -8.063607215881337,
                0.000022888183579539145,
                -0.0000152587890625,
                1
            ],
            "name": "mid_1_R"
        },
        {
            "matrix": [
                1.000000119209289,
                7.450580631618298e-9,
                2.4156179279088974e-8,
                0,
                -7.450579223022835e-9,
                1.0000001192092896,
                -5.6810677044605296e-8,
                0,
                -2.415617683659832e-8,
                5.681067008489471e-8,
                1.0000000000000009,
                0,
                -5.386005401611328,
                0.00000762939453125,
                -0.000015735626218926768,
                1
            ],
            "name": "mid_2_R"
        },
        {
            "children": [
                22
            ],
            "matrix": [
                0.38990539312362654,
                0.6986093521118164,
                -0.5999322533607481,
                0,
                0.8028051729758088,
                -0.577020395183771,
                -0.15017325266166306,
                0,
                -0.45108564200281115,
                -0.42307540909550634,
                -0.785830665678006,
                0,
                -1.8962306976318324,
                -0.8699932098388672,
                3.435638427734375,
                1
            ],
            "name": "thumb_0_R"
        },
        {
            "children": [
                23
            ],
            "matrix": [
                0.8521126508712769,
                -1.6391277313232422e-7,
                -0.5233580470085144,
                0,
                5.507852679498271e-8,
                1.0000000000001084,
                -2.2351746453708188e-7,
                0,
                0.5233579364985831,
                1.6163623492437829e-7,
                0.8521124709429514,
                0,
                -5.072753906250007,
