{
    "accessors": {
        "attrbute_1": {
            "bufferView": "bufferView_31",
            "byteOffset": 0,
            "byteStride": 12,
            "count": 2249,
            "max": [
                59.08796310424805,
                138.697509765625,
                173.92129516601562,
                0
            ],
            "min": [
                -62.554569244384766,
                -41.56494903564453,
                -1.3758771419525146,
                0
            ],
            "type": 35665
        },
        "attrbute_10": {
            "bufferView": "bufferView_31",
            "byteOffset": 140924,
            "byteStride": 16,
            "count": 187,
            "max": [
                0,
                -1,
                -1,
                -1
            ],
            "min": [
                0,
                -1,
                -1,
                -1
            ],
            "type": 35666
        },
        "attrbute_11": {
            "bufferView": "bufferView_31",
            "byteOffset": 143916,
            "byteStride": 12,
            "count": 187,
            "max": [
                1,
                0,
                0
            ],
            "min": [
                1,
                0,
                0
            ],
            "type": 35665
        },
        "attrbute_13": {
            "bufferView": "bufferView_31",
            "byteOffset": 146160,
            "byteStride": 12,
            "count": 849,
            "max": [
                43.12154006958008,
                53.68337631225586,
                174.52220153808594,
                0
            ],
            "min": [
                -43.121559143066406,
                -9.738091468811035,
                68.33384704589844,
                0
            ],
            "type": 35665
        },
        "attrbute_14": {
            "bufferView": "bufferView_31",
            "byteOffset": 156348,
            "byteStride": 12,
            "count": 849,
            "max": [
                0.999534010887146,
                0.9995373487472534,
                0.9944157600402832,
                0
            ],
            "min": [
                -0.999534010887146,
                -0.9850479960441589,
                -0.9987998008728027,
                0
            ],
            "type": 35665
        },
        "attrbute_15": {
            "bufferView": "bufferView_31",
            "byteOffset": 166536,
            "byteStride": 8,
            "count": 849,
            "max": [
                1.9899859428405762,
                0.9869400262832642
            ],
            "min": [
                0.014142000116407871,
                0.010653018951416016
            ],
            "type": 35664
        },
        "attrbute_16": {
            "bufferView": "bufferView_31",
            "byteOffset": 173328,
            "byteStride": 16,
            "count": 849,
            "max": [
                7,
                9,
                12,
                -1
            ],
            "min": [
                0,
                -1,
                -1,
                -1
            ],
            "type": 35666
        },
        "attrbute_17": {
            "bufferView": "bufferView_31",
            "byteOffset": 186912,
            "byteStride": 12,
            "count": 849,
            "max": [
                1,
                0.9861475825309753,
                0.8662173748016357
            ],
            "min": [
                0.000294630037387833,
                0,
                0
            ],
            "type": 35665
        },
        "attrbute_19": {
            "bufferView": "bufferView_31",
            "byteOffset": 197100,
            "byteStride": 12,
            "count": 204,
            "max": [
                16.29123306274414,
                3.7457475662231445,
                160.36785888671875,
                0
            ],
            "min": [
                -15.688211441040039,
                -20.608348846435547,
                102.5597152709961,
                0
            ],
            "type": 35665
        },
        "attrbute_2": {
            "bufferView": "bufferView_31",
            "byteOffset": 26988,
            "byteStride": 12,
            "count": 2249,
            "max": [
                0.9994946718215942,
                0.9999977350234985,
                0.9991790056228638,
                0
            ],
            "min": [
                -0.9995943307876587,
                -0.9999706149101257,
                -0.9992259740829468,
                0
            ],
            "type": 35665
        },
        "attrbute_20": {
            "bufferView": "bufferView_31",
            "byteOffset": 199548,
            "byteStride": 12,
            "count": 204,
            "max": [
                0.9923902153968811,
                0.9955320358276367,
                0.9362597465515137,
                0
            ],
            "min": [
                -0.9900661110877991,
                -0.9972044825553894,
                -0.9978083372116089,
                0
            ],
            "type": 35665
        },
        "attrbute_21": {
            "bufferView": "bufferView_31",
            "byteOffset": 201996,
            "byteStride": 8,
            "count": 204,
            "max": [
                0.9779040217399597,
                0.9863629937171936
            ],
            "min": [
                0.014688000082969666,
                0.02267897129058838
            ],
            "type": 35664
        },
        "attrbute_22": {
            "bufferView": "bufferView_31",
            "byteOffset": 203628,
            "byteStride": 16,
            "count": 204,
            "max": [
                2,
                4,
                5,
                -1
            ],
            "min": [
                0,
                -1,
                -1,
                -1
            ],
            "type": 35666
        },
        "attrbute_23": {
            "bufferView": "bufferView_31",
            "byteOffset": 206892,
            "byteStride": 12,
            "count": 204,
            "max": [
                1,
                0.9445083737373352,
                0.6905840039253235
            ],
            "min": [
                0.0001565380662214011,
                0,
                0
            ],
            "type": 35665
        },
        "attrbute_25": {
            "bufferView": "bufferView_31",
            "byteOffset": 209340,
            "byteStride": 12,
            "count": 108,
            "max": [
                8.13304328918457,
                10.055573463439941,
                182.4839630126953,
                0
            ],
            "min": [
                -8.133039474487305,
                -20.881685256958008,
                153.55625915527344,
                0
            ],
            "type": 35665
        },
        "attrbute_26": {
            "bufferView": "bufferView_31",
            "byteOffset": 210636,
            "byteStride": 12,
            "count": 108,
            "max": [
                0.9983964562416077,
                0.8918883800506592,
                0.9468128085136414,
                0
            ],
            "min": [
                -0.9983964562416077,
                -0.9849491119384766,
                -0.714219331741333,
                0
            ],
            "type": 35665
        },
        "attrbute_27": {
            "bufferView": "bufferView_31",
            "byteOffset": 211932,
            "byteStride": 8,
            "count": 108,
            "max": [
                0.9919329881668091,
                0.9704920053482056
            ],
            "min": [
                0.010897999629378319,
                0.019375979900360107
            ],
            "type": 35664
        },
        "attrbute_28": {
            "bufferView": "bufferView_31",
            "byteOffset": 212796,
            "byteStride": 16,
            "count": 108,
            "max": [
                1,
                2,
                2,
                -1
            ],
            "min": [
                0,
                -1,
                -1,
                -1
            ],
            "type": 35666
        },
        "attrbute_29": {
            "bufferView": "bufferView_31",
            "byteOffset": 214524,
            "byteStride": 12,
            "count": 108,
            "max": [
                1,
                0.8431364297866821,
                0.14129111170768738
            ],
            "min": [
                0.015572517178952694,
                0,
                0
            ],
            "type": 35665
        },
        "attrbute_3": {
            "bufferView": "bufferView_31",
            "byteOffset": 53976,
            "byteStride": 8,
            "count": 2249,
            "max": [
                1.9905970096588135,
                0.9954609870910645
            ],
            "min": [
                0.007751999888569117,
                0.006038010120391846
            ],
            "type": 35664
        },
        "attrbute_4": {
            "bufferView": "bufferView_31",
            "byteOffset": 71968,
            "byteStride": 16,
            "count": 2249,
            "max": [
                46,
                46,
                46,
                -1
            ],
            "min": [
                0,
                -1,
                -1,
                -1
            ],
            "type": 35666
        },
        "attrbute_5": {
            "bufferView": "bufferView_31",
            "byteOffset": 107952,
            "byteStride": 12,
            "count": 2249,
            "max": [
                1,
                0.9998961687088013,
                0.999137282371521
            ],
            "min": [
                0.00010383687185822055,
                0,
                0
            ],
            "type": 35665
        },
        "attrbute_7": {
            "bufferView": "bufferView_31",
            "byteOffset": 134940,
            "byteStride": 12,
            "count": 187,
            "max": [
                95.48776245117188,
                3.200185537338257,
                100.45484161376953,
                0
            ],
            "min": [
                -128.93466186523438,
                -79.8798828125,
                81.97147369384766,
                0
            ],
            "type": 35665
        },
        "attrbute_8": {
            "bufferView": "bufferView_31",
            "byteOffset": 137184,
            "byteStride": 12,
            "count": 187,
            "max": [
                0.8756051659584045,
                0.9988910555839539,
                0.999812662601471,
                0
            ],
            "min": [
                -0.8564149737358093,
                -0.9990435242652893,
                -0.9965161681175232,
                0
            ],
            "type": 35665
        },
        "attrbute_9": {
            "bufferView": "bufferView_31",
            "byteOffset": 139428,
            "byteStride": 8,
            "count": 187,
            "max": [
                0.9830859899520874,
                0.9803799986839294
            ],
            "min": [
                0.022345000877976418,
                0.014940023422241211
            ],
            "type": 35664
        },
        "indices_12": {
            "bufferView": "bufferView_33",
            "byteOffset": 21210,
            "count": 714,
            "type": 5123
        },
        "indices_18": {
            "bufferView": "bufferView_33",
            "byteOffset": 22638,
            "count": 3645,
            "type": 5123
        },
        "indices_24": {
            "bufferView": "bufferView_33",
            "byteOffset": 29928,
            "count": 870,
            "type": 5123
        },
        "indices_30": {
            "bufferView": "bufferView_33",
            "byteOffset": 31668,
            "count": 522,
            "type": 5123
        },
        "indices_6": {
            "bufferView": "bufferView_33",
            "byteOffset": 0,
            "count": 10605,
            "type": 5123
        }
    },
    "animations": {},
    "asset": {},
    "bufferViews": {
        "bufferView_31": {
            "buffer": "necrolyte.bin",
            "byteLength": 215820,
            "byteOffset": 0,
            "target": 34962
        },
        "bufferView_32": {
            "buffer": "necrolyte.bin",
            "byteLength": 5312,
            "byteOffset": 215820
        },
        "bufferView_33": {
            "buffer": "necrolyte.bin",
            "byteLength": 32712,
            "byteOffset": 221132,
            "target": 34963
        }
    },
    "buffers": {
        "necrolyte.bin": {
            "byteLength": 253844,
            "path": "necrolyte.bin"
        }
    },
    "cameras": {},
    "images": {
        "image_0": {
            "path": "textures/necro_color.png"
        },
        "image_1": {
            "path": "textures/necro_weapon_color.png"
        },
        "image_2": {
            "path": "textures/shoulders_color.png"
        },
        "image_3": {
            "path": "textures/beard_color.png"
        },
        "image_4": {
            "path": "textures/hat_color.png"
        }
    },
    "lights": {},
    "materials": {
        "Material #35": {
            "instanceTechnique": {
                "technique": "technique_0",
                "values": {
                    "ambient": [
                        0.5879999995231628,
                        0.5879999995231628,
                        0.5879999995231628
                    ],
                    "diffuse": "Map #8",
                    "emission": [
                        0,
                        0,
                        0
                    ],
                    "shininess": 2,
                    "specular": [
                        0.8999999761581421,
                        0.8999999761581421,
                        0.8999999761581421
                    ],
                    "transparency": 1
                }
            },
            "name": "Material #35"
        },
        "Material #46": {
            "instanceTechnique": {
                "technique": "technique_0",
                "values": {
                    "ambient": [
                        0.5879999995231628,
                        0.5879999995231628,
                        0.5879999995231628
                    ],
                    "diffuse": "Map #9",
                    "emission": [
                        0,
                        0,
                        0
                    ],
                    "shininess": 2,
                    "specular": [
                        0.8999999761581421,
                        0.8999999761581421,
                        0.8999999761581421
                    ],
                    "transparency": 1
                }
            },
            "name": "Material #46"
        },
        "Material #57": {
            "instanceTechnique": {
                "technique": "technique_0",
                "values": {
                    "ambient": [
                        0.5879999995231628,
                        0.5879999995231628,
                        0.5879999995231628
                    ],
                    "diffuse": "Map #10",
                    "emission": [
                        0,
                        0,
                        0
                    ],
                    "shininess": 2,
                    "specular": [
                        0.8999999761581421,
                        0.8999999761581421,
                        0.8999999761581421
                    ],
                    "transparency": 1
                }
            },
            "name": "Material #57"
        },
        "Material #68": {
            "instanceTechnique": {
                "technique": "technique_0",
                "values": {
                    "ambient": [
                        0.5879999995231628,
                        0.5879999995231628,
                        0.5879999995231628
                    ],
                    "diffuse": "Map #6",
                    "emission": [
                        0,
                        0,
                        0
                    ],
                    "shininess": 2,
                    "specular": [
                        0.8999999761581421,
                        0.8999999761581421,
                        0.8999999761581421
                    ],
                    "transparency": 1
                }
            },
            "name": "Material #68"
        },
        "Material #79": {
            "instanceTechnique": {
                "technique": "technique_0",
                "values": {
                    "ambient": [
                        0.5879999995231628,
                        0.5879999995231628,
                        0.5879999995231628
                    ],
                    "diffuse": "Map #7",
                    "emission": [
                        0,
                        0,
                        0
                    ],
                    "shininess": 2,
                    "specular": [
                        0.8999999761581421,
                        0.8999999761581421,
                        0.8999999761581421
                    ],
                    "transparency": 1
                }
            },
            "name": "Material #79"
        }
    },
    "meshes": {
        "beard_model_LOD0-mesh": {
            "name": "beard_model_LOD0-mesh",
            "primitives": [
                {
                    "attributes": {
                        "JOINT": "attrbute_22",
                        "NORMAL": "attrbute_20",
                        "POSITION": "attrbute_19",
                        "TEXCOORD_0": "attrbute_21",
                        "WEIGHT": "attrbute_23"
                    },
                    "indices": "indices_24",
                    "material": "Material #68"
                }
            ]
        },
        "hat_model_LOD0-mesh": {
            "name": "hat_model_LOD0-mesh",
            "primitives": [
                {
                    "attributes": {
                        "JOINT": "attrbute_28",
                        "NORMAL": "attrbute_26",
                        "POSITION": "attrbute_25",
                        "TEXCOORD_0": "attrbute_27",
                        "WEIGHT": "attrbute_29"
                    },
                    "indices": "indices_30",
                    "material": "Material #79"
                }
            ]
        },
        "necrolyte_model_LOD0-mesh": {
            "name": "necrolyte_model_LOD0-mesh",
            "primitives": [
                {
                    "attributes": {
                        "JOINT": "attrbute_4",
                        "NORMAL": "attrbute_2",
                        "POSITION": "attrbute_1",
                        "TEXCOORD_0": "attrbute_3",
                        "WEIGHT": "attrbute_5"
                    },
                    "indices": "indices_6",
                    "material": "Material #35"
                }
            ]
        },
        "necrolyte_sickle_model_LOD0-mesh": {
            "name": "necrolyte_sickle_model_LOD0-mesh",
            "primitives": [
                {
                    "attributes": {
                        "JOINT": "attrbute_10",
                        "NORMAL": "attrbute_8",
                        "POSITION": "attrbute_7",
                        "TEXCOORD_0": "attrbute_9",
                        "WEIGHT": "attrbute_11"
                    },
                    "indices": "indices_12",
                    "material": "Material #46"
                }
            ]
        },
        "shoulders_model_LOD0-mesh": {
            "name": "shoulders_model_LOD0-mesh",
            "primitives": [
                {
                    "attributes": {
                        "JOINT": "attrbute_16",
                        "NORMAL": "attrbute_14",
                        "POSITION": "attrbute_13",
                        "TEXCOORD_0": "attrbute_15",
                        "WEIGHT": "attrbute_17"
                    },
                    "indices": "indices_18",
                    "material": "Material #57"
                }
            ]
        }
    },
    "nodes": {
        "Head_0": {
            "children": [
                "Head_1"
            ],
            "jointId": "Head_0",
            "matrix": [
                0.9166613817214966,
                -3.2751579195939833e-15,
                0.3996645808219909,
                0,
                -1.0924138183739954e-9,
                0.9999999999999999,
                2.5055431063236727e-9,
                0,
                -0.3996645808219909,
                -2.7333337166100746e-9,
                0.9166613817214965,
                0,
                16.21794128417968,
                -0.0000018441028259985615,
                0.000015258789076710855,
                1
            ],
            "name": "Head_0"
        },
        "Head_1": {
            "children": [],
            "jointId": "Head_1",
            "matrix": [
                0.601835787296295,
                -2.869776665193056e-7,
                -0.7986198663711548,
                0,
                9.602553063815794e-8,
                0.9999999999999994,
                -2.8697766651929525e-7,
                0,
                0.7986198663711714,
                9.602553341962076e-8,
                0.6018357872962731,
                0,
                7.437850952148452,
                -4.3133286453667097e-7,
                -0.000007629394517039145,
                1
            ],
            "name": "Head_1"
        },
        "Leftsleeve1_0": {
            "children": [],
            "jointId": "Leftsleeve1_0",
            "matrix": [
                0.9184914827346804,
                -0.08477762341499326,
                -0.38624680042266846,
                0,
                0.060787187114525146,
                -0.9348702024178908,
                0.34974681327779594,
                0,
                -0.3907412614460566,
                -0.34471826681716267,
                -0.8535167794838913,
                0,
                44.52920532226563,
                14.112945556640632,
                39.521316528320305,
                1
            ],
            "name": "Leftsleeve1_0"
        },
        "Rightsleeve2_0": {
            "children": [],
            "jointId": "Rightsleeve2_0",
            "matrix": [
                -0.9184913039207454,
                0.08477785438299174,
                0.3862464427947996,
                0,
                0.06078696196445198,
                -0.9348697784476655,
                0.3497470395401788,
                0,
                0.3907409718002898,
                0.34471839910180807,
                0.8535164649194142,
                0,
                -44.09074783325195,
                -13.344417572021484,
                -37.411609649658196,
                1
            ],
            "name": "Rightsleeve2_0"
        },
        "Root_0": {
            "children": [
                "cloak_0",
                "thigh_R",
                "thigh_L",
                "Spine_0"
            ],
            "jointId": "Root_0",
            "matrix": [
                -1.629206851037603e-7,
                -1.0000000000000002,
                0,
                0,
                1.0000000000000002,
                -1.629206851037603e-7,
                0,
                0,
                0,
                0,
                1,
                0,
                0,
                18.68037223815918,
                93.73213958740234,
                1
            ],
            "name": "Root_0"
        },
        "Spine_0": {
            "children": [
                "Spine_1"
            ],
            "jointId": "Spine_0",
            "matrix": [
                0.050617825239896476,
                -9.654584687268596e-8,
                0.9987180829048157,
                0,
                -2.790731756012456e-7,
                1,
                1.108139784377575e-7,
                0,
                -0.9987180829048173,
                -2.8432458952133254e-7,
                0.05061782523986907,
                0,
                -1.4542655944824219,
                3.0860405786370393e-7,
                12.480361938476562,
                1
            ],
            "name": "Spine_0"
        },
        "Spine_1": {
            "children": [
                "Spine_3"
            ],
            "jointId": "Spine_1",
            "matrix": [
                0.9034845232963561,
                1.2527704029707823e-7,
                -0.4286204278469085,
                0,
                -1.1316054766100248e-7,
                1,
                5.374974065830427e-8,
                0,
                0.4286204278469084,
                -5.91364621214538e-11,
                0.9034845232963563,
                0,
                17.016723632812514,
                0.0000025260978873120655,
                0.000003814697269177714,
                1
            ],
            "name": "Spine_1"
        },
        "Spine_3": {
            "children": [
                "clavicle_R",
                "Head_0",
                "clavicle_L"
            ],
            "jointId": "Spine_3",
            "matrix": [
                0.8454742431640624,
                7.660538878288784e-15,
                -0.5340162515640259,
                0,
                3.035682989099665e-15,
                1,
                1.9151347192930225e-14,
                0,
                0.5340162515640259,
                -1.7813074822067775e-14,
                0.8454742431640625,
                0,
                18.167144775390625,
                -8.035481187107507e-7,
                -0.00002288818359375,
                1
            ],
            "name": "Spine_3"
        },
        "ankle_L": {
            "children": [],
            "jointId": "ankle_L",
            "matrix": [
                1,
                0,
                -7.450580596923828e-9,
                0,
                1.6653345369377348e-16,
                1.0000002384185793,
                1.862645147669706e-8,
                0,
                7.450579722623196e-9,
                -1.8626444827501976e-8,
                0.9999998807907104,
                0,
                45.41921615600587,
                -0.000003814697269177714,
                1.7763568394002505e-15,
                1
            ],
            "name": "ankle_L"
        },
        "ankle_R": {
            "children": [],
            "jointId": "ankle_R",
            "matrix": [
                1.0000001192092896,
                0,
                7.4505805691682525e-9,
                0,
                3.1086244689504383e-15,
                0.9999998807907104,
                -4.1536986827329925e-7,
                0,
                -7.450580610801616e-9,
                4.1536996727743747e-7,
                1.0000001192093269,
                0,
                -45.41920852661133,
                0.0000019073486363652137,
                0.000016212463382458964,
                1
            ],
            "name": "ankle_R"
        },
        "beard_model_LOD0": {
            "children": [],
            "instanceSkin": {
                "skeletons": [
                    "Root_0"
                ],
                "skin": "skin_3",
                "sources": [
                    "beard_model_LOD0-mesh"
                ]
            },
            "matrix": [
                1,
                0,
                0,
                0,
                0,
                1,
                0,
                0,
                0,
                0,
                1,
                0,
                0,
                0,
                0,
                1
            ],
            "name": "beard_model_LOD0"
        },
        "bicep_L": {
            "children": [
                "elbow_L"
            ],
            "jointId": "bicep_L",
            "matrix": [
                0.5243051052093508,
                -0.7320074439048767,
                -0.4350507855415345,
                0,
                -0.8469747211192625,
                -0.39552223364026495,
                -0.3552411721752491,
                0,
                0.08796692074808647,
                0.554731757594507,
                -0.8273660966817915,
                0,
                18.845659255981452,
                0,
                -7.105427357601002e-15,
                1
            ],
            "name": "bicep_L"
        },
        "bicep_R": {
            "children": [
                "elbow_R"
            ],
            "jointId": "bicep_R",
            "matrix": [
                0.5243049263954165,
                -0.7320078611373902,
                -0.43505093455314653,
                0,
                -0.8469747738569933,
                -0.39552169298941786,
                -0.3552412963001287,
                0,
                0.08796732487581171,
                0.5547318375241682,
                -0.8273660289142417,
                0,
                -18.845670700073246,
                0,
                0.000003814697265625,
                1
            ],
            "name": "bicep_R"
        },
        "clavicle_L": {
            "children": [
                "bicep_L"
            ],
            "jointId": "clavicle_L",
            "matrix": [
                -0.12021680921316139,
                0.9804105162620542,
                -0.15602324903011316,
                0,
                -0.018989111650461132,
                0.15486340456954492,
                0.9877535674622018,
                0,
                0.992566166625381,
                0.12170731158603582,
                -5.960464488641293e-8,
                0,
                -1.9572219848632884,
                4.373613357543945,
                -1.646095275878892,
                1
            ],
            "name": "clavicle_L"
        },
        "clavicle_R": {
            "children": [
                "bicep_R"
            ],
            "jointId": "clavicle_R",
            "matrix": [
                0.12021672725677478,
                0.9804106354713439,
                0.15602290630340576,
                0,
                0.01898926250510985,
                0.15486302391512738,
                -0.9877535698465832,
                0,
                -0.992566346090794,
                0.12170726902009714,
                -1.4901161171643196e-7,
                0,
                -1.9572296142578125,
                -4.373614311218262,
                -1.6461105346679545,
                1
            ],
            "name": "clavicle_R"
        },
        "cloak_0": {
            "children": [
                "cloak_1"
            ],
            "jointId": "cloak_0",
            "matrix": [
                0.10007631778717084,
                -4.772010697706739e-8,
                -0.9949797391891481,
                0,
                -4.72049464405939e-7,
                1.0000000000000002,
                -9.54402139541131e-8,
                0,
                0.9949797391891505,
                4.792309581603445e-7,
                0.1000763177871481,
                0,
                -12.057859420776367,
                -0.0000019763688214879953,
                -0.27210235595703125,
                1
            ],
            "name": "cloak_0"
        },
        "cloak_1": {
            "children": [
                "cloak_2"
            ],
            "jointId": "cloak_1",
            "matrix": [
                0.8586420416831971,
                1.3835378354087882e-7,
                -0.5125754475593566,
                0,
                2.295943008928598e-8,
                0.9999999999999996,
                3.0837941267235903e-7,
                0,
                0.5125754475593894,
                -2.765559686637776e-7,
                0.8586420416831773,
                0,
                33.39060211181642,
                6.855943865957661e-7,
                0.000007629394527697286,
                1
            ],
            "name": "cloak_1"
        },
        "cloak_2": {
            "children": [
                "cloak_3"
            ],
            "jointId": "cloak_2",
            "matrix": [
                0.9123731851577759,
                4.499225170206954e-8,
                -0.4093594253063203,
                0,
                -4.931342975311212e-8,
                0.9999999999999997,
                1.7763568327828056e-15,
                0,
                0.4093594253063196,
                2.018691564291718e-8,
                0.9123731851577762,
                0,
                25.23440742492676,
                0.00000762939453125,
                -0.000015258789069605427,
                1
            ],
            "name": "cloak_2"
        },
        "cloak_3": {
            "children": [],
            "jointId": "cloak_3",
            "matrix": [
                1.0000001192092896,
                -1.776356836091528e-15,
                0,
                0,
                1.7763566210245688e-15,
                0.9999999999999999,
                3.552713698652836e-15,
                0,
                -5.551115123125783e-17,
                -3.55271409569953e-15,
                1.0000001192092898,
                0,
                38.38618469238283,
                2.117582368135751e-22,
                0.00000762939453125,
                1
            ],
            "name": "cloak_3"
        },
        "elbow_L": {
            "children": [
                "Leftsleeve1_0",
                "wrist_L"
            ],
            "jointId": "elbow_L",
            "matrix": [
                0.3660464286804198,
                2.6822090146150224e-7,
                -0.930596590042114,
                0,
                -1.2662147258479806e-7,
                1.0000000000000029,
                2.3841862952997395e-7,
                0,
                0.9305965595864552,
                3.056122183098253e-8,
                0.36604641670081756,
                0,
                24.764389038085938,
                -0.00000762939453125,
                0.00002288818359375,
                1
            ],
            "name": "elbow_L"
        },
        "elbow_R": {
            "children": [
                "wrist_R",
                "Rightsleeve2_0"
            ],
            "jointId": "elbow_R",
            "matrix": [
                0.366046577692032,
                -1.3411045071687333e-7,
                -0.9305965304374695,
                0,
                3.2375690556252223e-7,
                1.000000000000125,
                -1.676381007967298e-8,
                0,
                0.9305967369104178,
                -2.9515078303621323e-7,
                0.36604665890741717,
                0,
                -24.764396667480483,
                0.0000152587890625,
                -0.00000762939453125,
                1
            ],
            "name": "elbow_R"
        },
        "hat_model_LOD0": {
            "children": [],
            "instanceSkin": {
                "skeletons": [
                    "Root_0"
                ],
                "skin": "skin_4",
                "sources": [
                    "hat_model_LOD0-mesh"
                ]
            },
            "matrix": [
                1,
                0,
                0,
                0,
                0,
                1,
                0,
                0,
                0,
                0,
                1,
                0,
                0,
                0,
                0,
                1
            ],
            "name": "hat_model_LOD0"
        },
        "index_0_L": {
            "children": [
                "index_1_L"
            ],
            "jointId": "index_0_L",
            "matrix": [
                0.8580771684646608,
                0.3691636323928834,
                -0.35696211457252497,
                0,
                0.46103122861740686,
                -0.24764999500127377,
                0.8521268422933946,
                0,
                0.22617252775749283,
                -0.8957610852493426,
                -0.38269869044166893,
                0,
                8.853286743164077,
                -1.363037109375,
                -4.540298461914066,
                1
            ],
            "name": "index_0_L"
        },
        "index_1_L": {
            "children": [
                "index_2_L"
            ],
            "jointId": "index_1_L",
            "matrix": [
                0.8253468275070192,
                -2.514570951080153e-7,
                -0.5646262168884277,
                0,
                6.89321339693359e-8,
                1.0000001192093702,
                -3.4458939593071114e-7,
                0,
                0.5646261247846164,
                2.4548480536887296e-7,
                0.8253466928734366,
                0,
                5.918673515319825,
                0.000022888183600855427,
                -0.000030517578125,
                1
            ],
            "name": "index_1_L"
        },
        "index_2_L": {
            "children": [],
            "jointId": "index_2_L",
            "matrix": [
                0.999999940395355,
                -1.4714896670250943e-7,
                -2.980232233218416e-8,
                0,
                1.4714895908533865e-7,
                1.0000000000000007,
                -5.513429641758327e-7,
                0,
                2.9802398271439046e-8,
                5.51342828381679e-7,
                0.9999997615813752,
                0,
                5.1806640625,
                0.00000762939453125,
                0.00002288818359375,
                1
            ],
            "name": "index_2_L"
        },
        "knee_L": {
            "children": [
                "ankle_L"
            ],
            "jointId": "knee_L",
            "matrix": [
                0.9400612115859984,
                0,
                -0.3410058617591858,
                0,
                8.108062332645716e-9,
                1.000000119209289,
                2.2351741561787986e-8,
                0,
                0.3410059451192872,
                -2.3776905047276364e-8,
                0.9400614413873202,
                0,
                38.5159568786621,
                0.0000019073486328125,
                -0.000006675720216620107,
                1
            ],
            "name": "knee_L"
        },
        "knee_R": {
            "children": [
                "ankle_R"
            ],
            "jointId": "knee_R",
            "matrix": [
                0.9400609731674194,
                -1.4901161193847656e-8,
                -0.34100583195686335,
                0,
                1.9422866842644382e-7,
                1.0000001192092816,
                4.917382999299058e-7,
                0,
                0.3410059049202688,
                -5.284971434788011e-7,
                0.9400611743078439,
                0,
                -38.515972137451165,
                0.0000057220458984375,
                0.000007152557373046875,
                1
            ],
            "name": "knee_R"
        },
        "mid_0_L": {
            "children": [
                "mid_1_L"
            ],
            "jointId": "mid_0_L",
            "matrix": [
