{
    "animations": {},
    "asset": {},
    "attributes": {
        "attribute_1": {
            "bufferView": "bufferView_43",
            "byteOffset": 0,
            "byteStride": 12,
            "count": 680,
            "max": [
                1,
                1,
                1
            ],
            "min": [
                0,
                0,
                0
            ],
            "type": "FLOAT_VEC3"
        },
        "attribute_10": {
            "bufferView": "bufferView_43",
            "byteOffset": 55200,
            "byteStride": 16,
            "count": 450,
            "max": [
                1,
                1,
                1
            ],
            "min": [
                0,
                0,
                0
            ],
            "type": "FLOAT_VEC4"
        },
        "attribute_11": {
            "bufferView": "bufferView_43",
            "byteOffset": 62400,
            "byteStride": 12,
            "count": 450,
            "max": [
                1,
                1,
                1
            ],
            "min": [
                0,
                0,
                0
            ],
            "type": "FLOAT_VEC3"
        },
        "attribute_13": {
            "bufferView": "bufferView_43",
            "byteOffset": 67800,
            "byteStride": 12,
            "count": 190,
            "max": [
                1,
                1,
                1
            ],
            "min": [
                0,
                0,
                0
            ],
            "type": "FLOAT_VEC3"
        },
        "attribute_14": {
            "bufferView": "bufferView_43",
            "byteOffset": 70080,
            "byteStride": 12,
            "count": 190,
            "max": [
                1,
                1,
                1
            ],
            "min": [
                0,
                0,
                0
            ],
            "type": "FLOAT_VEC3"
        },
        "attribute_15": {
            "bufferView": "bufferView_43",
            "byteOffset": 72360,
            "byteStride": 8,
            "count": 190,
            "max": [
                1,
                1,
                1
            ],
            "min": [
                0,
                0,
                0
            ],
            "type": "FLOAT_VEC2"
        },
        "attribute_16": {
            "bufferView": "bufferView_43",
            "byteOffset": 73880,
            "byteStride": 16,
            "count": 190,
            "max": [
                1,
                1,
                1
            ],
            "min": [
                0,
                0,
                0
            ],
            "type": "FLOAT_VEC4"
        },
        "attribute_17": {
            "bufferView": "bufferView_43",
            "byteOffset": 76920,
            "byteStride": 12,
            "count": 190,
            "max": [
                1,
                1,
                1
            ],
            "min": [
                0,
                0,
                0
            ],
            "type": "FLOAT_VEC3"
        },
        "attribute_19": {
            "bufferView": "bufferView_43",
            "byteOffset": 79200,
            "byteStride": 12,
            "count": 286,
            "max": [
                1,
                1,
                1
            ],
            "min": [
                0,
                0,
                0
            ],
            "type": "FLOAT_VEC3"
        },
        "attribute_2": {
            "bufferView": "bufferView_43",
            "byteOffset": 8160,
            "byteStride": 12,
            "count": 680,
            "max": [
                1,
                1,
                1
            ],
            "min": [
                0,
                0,
                0
            ],
            "type": "FLOAT_VEC3"
        },
        "attribute_20": {
            "bufferView": "bufferView_43",
            "byteOffset": 82632,
            "byteStride": 12,
            "count": 286,
            "max": [
                1,
                1,
                1
            ],
            "min": [
                0,
                0,
                0
            ],
            "type": "FLOAT_VEC3"
        },
        "attribute_21": {
            "bufferView": "bufferView_43",
            "byteOffset": 86064,
            "byteStride": 8,
            "count": 286,
            "max": [
                1,
                1,
                1
            ],
            "min": [
                0,
                0,
                0
            ],
            "type": "FLOAT_VEC2"
        },
        "attribute_22": {
            "bufferView": "bufferView_43",
            "byteOffset": 88352,
            "byteStride": 16,
            "count": 286,
            "max": [
                1,
                1,
                1
            ],
            "min": [
                0,
                0,
                0
            ],
            "type": "FLOAT_VEC4"
        },
        "attribute_23": {
            "bufferView": "bufferView_43",
            "byteOffset": 92928,
            "byteStride": 12,
            "count": 286,
            "max": [
                1,
                1,
                1
            ],
            "min": [
                0,
                0,
                0
            ],
            "type": "FLOAT_VEC3"
        },
        "attribute_25": {
            "bufferView": "bufferView_43",
            "byteOffset": 96360,
            "byteStride": 12,
            "count": 421,
            "max": [
                1,
                1,
                1
            ],
            "min": [
                0,
                0,
                0
            ],
            "type": "FLOAT_VEC3"
        },
        "attribute_26": {
            "bufferView": "bufferView_43",
            "byteOffset": 101412,
            "byteStride": 12,
            "count": 421,
            "max": [
                1,
                1,
                1
            ],
            "min": [
                0,
                0,
                0
            ],
            "type": "FLOAT_VEC3"
        },
        "attribute_27": {
            "bufferView": "bufferView_43",
            "byteOffset": 106464,
            "byteStride": 8,
            "count": 421,
            "max": [
                1,
                1,
                1
            ],
            "min": [
                0,
                0,
                0
            ],
            "type": "FLOAT_VEC2"
        },
        "attribute_28": {
            "bufferView": "bufferView_43",
            "byteOffset": 109832,
            "byteStride": 16,
            "count": 421,
            "max": [
                1,
                1,
                1
            ],
            "min": [
                0,
                0,
                0
            ],
            "type": "FLOAT_VEC4"
        },
        "attribute_29": {
            "bufferView": "bufferView_43",
            "byteOffset": 116568,
            "byteStride": 12,
            "count": 421,
            "max": [
                1,
                1,
                1
            ],
            "min": [
                0,
                0,
                0
            ],
            "type": "FLOAT_VEC3"
        },
        "attribute_3": {
            "bufferView": "bufferView_43",
            "byteOffset": 16320,
            "byteStride": 8,
            "count": 680,
            "max": [
                1,
                1,
                1
            ],
            "min": [
                0,
                0,
                0
            ],
            "type": "FLOAT_VEC2"
        },
        "attribute_31": {
            "bufferView": "bufferView_43",
            "byteOffset": 121620,
            "byteStride": 12,
            "count": 484,
            "max": [
                1,
                1,
                1
            ],
            "min": [
                0,
                0,
                0
            ],
            "type": "FLOAT_VEC3"
        },
        "attribute_32": {
            "bufferView": "bufferView_43",
            "byteOffset": 127428,
            "byteStride": 12,
            "count": 484,
            "max": [
                1,
                1,
                1
            ],
            "min": [
                0,
                0,
                0
            ],
            "type": "FLOAT_VEC3"
        },
        "attribute_33": {
            "bufferView": "bufferView_43",
            "byteOffset": 133236,
            "byteStride": 8,
            "count": 484,
            "max": [
                1,
                1,
                1
            ],
            "min": [
                0,
                0,
                0
            ],
            "type": "FLOAT_VEC2"
        },
        "attribute_34": {
            "bufferView": "bufferView_43",
            "byteOffset": 137108,
            "byteStride": 16,
            "count": 484,
            "max": [
                1,
                1,
                1
            ],
            "min": [
                0,
                0,
                0
            ],
            "type": "FLOAT_VEC4"
        },
        "attribute_35": {
            "bufferView": "bufferView_43",
            "byteOffset": 144852,
            "byteStride": 12,
            "count": 484,
            "max": [
                1,
                1,
                1
            ],
            "min": [
                0,
                0,
                0
            ],
            "type": "FLOAT_VEC3"
        },
        "attribute_37": {
            "bufferView": "bufferView_43",
            "byteOffset": 150660,
            "byteStride": 12,
            "count": 637,
            "max": [
                1,
                1,
                1
            ],
            "min": [
                0,
                0,
                0
            ],
            "type": "FLOAT_VEC3"
        },
        "attribute_38": {
            "bufferView": "bufferView_43",
            "byteOffset": 158304,
            "byteStride": 12,
            "count": 637,
            "max": [
                1,
                1,
                1
            ],
            "min": [
                0,
                0,
                0
            ],
            "type": "FLOAT_VEC3"
        },
        "attribute_39": {
            "bufferView": "bufferView_43",
            "byteOffset": 165948,
            "byteStride": 8,
            "count": 637,
            "max": [
                1,
                1,
                1
            ],
            "min": [
                0,
                0,
                0
            ],
            "type": "FLOAT_VEC2"
        },
        "attribute_4": {
            "bufferView": "bufferView_43",
            "byteOffset": 21760,
            "byteStride": 16,
            "count": 680,
            "max": [
                1,
                1,
                1
            ],
            "min": [
                0,
                0,
                0
            ],
            "type": "FLOAT_VEC4"
        },
        "attribute_40": {
            "bufferView": "bufferView_43",
            "byteOffset": 171044,
            "byteStride": 16,
            "count": 637,
            "max": [
                1,
                1,
                1
            ],
            "min": [
                0,
                0,
                0
            ],
            "type": "FLOAT_VEC4"
        },
        "attribute_41": {
            "bufferView": "bufferView_43",
            "byteOffset": 181236,
            "byteStride": 12,
            "count": 637,
            "max": [
                1,
                1,
                1
            ],
            "min": [
                0,
                0,
                0
            ],
            "type": "FLOAT_VEC3"
        },
        "attribute_5": {
            "bufferView": "bufferView_43",
            "byteOffset": 32640,
            "byteStride": 12,
            "count": 680,
            "max": [
                1,
                1,
                1
            ],
            "min": [
                0,
                0,
                0
            ],
            "type": "FLOAT_VEC3"
        },
        "attribute_7": {
            "bufferView": "bufferView_43",
            "byteOffset": 40800,
            "byteStride": 12,
            "count": 450,
            "max": [
                1,
                1,
                1
            ],
            "min": [
                0,
                0,
                0
            ],
            "type": "FLOAT_VEC3"
        },
        "attribute_8": {
            "bufferView": "bufferView_43",
            "byteOffset": 46200,
            "byteStride": 12,
            "count": 450,
            "max": [
                1,
                1,
                1
            ],
            "min": [
                0,
                0,
                0
            ],
            "type": "FLOAT_VEC3"
        },
        "attribute_9": {
            "bufferView": "bufferView_43",
            "byteOffset": 51600,
            "byteStride": 8,
            "count": 450,
            "max": [
                1,
                1,
                1
            ],
            "min": [
                0,
                0,
                0
            ],
            "type": "FLOAT_VEC2"
        }
    },
    "bufferViews": {
        "bufferView_43": {
            "buffer": "tinker.bin",
            "byteLength": 188880,
            "byteOffset": 0,
            "target": "ARRAY_BUFFER"
        },
        "bufferView_44": {
            "buffer": "tinker.bin",
            "byteLength": 34632,
            "byteOffset": 188880,
            "target": "ELEMENT_ARRAY_BUFFER"
        }
    },
    "buffers": {
        "tinker.bin": {
            "byteLength": 223512,
            "path": "tinker.bin"
        }
    },
    "cameras": {},
    "images": {
        "image_0": {
            "path": "textures/tinker_body.png"
        },
        "image_1": {
            "path": "textures/tinker_head.png"
        },
        "image_2": {
            "path": "textures/tinker_cape.png"
        },
        "image_3": {
            "path": "textures/tinker_helmet.png"
        },
        "image_4": {
            "path": "textures/tinker_left_arm.png"
        },
        "image_5": {
            "path": "textures/tinker_right_arm.png"
        },
        "image_6": {
            "path": "textures/tinker_shoulders.png"
        }
    },
    "indices": {
        "indices_12": {
            "bufferView": "bufferView_44",
            "byteOffset": 8136,
            "count": 2502,
            "type": "UNSIGNED_SHORT"
        },
        "indices_18": {
            "bufferView": "bufferView_44",
            "byteOffset": 13140,
            "count": 846,
            "type": "UNSIGNED_SHORT"
        },
        "indices_24": {
            "bufferView": "bufferView_44",
            "byteOffset": 14832,
            "count": 1596,
            "type": "UNSIGNED_SHORT"
        },
        "indices_30": {
            "bufferView": "bufferView_44",
            "byteOffset": 18024,
            "count": 2232,
            "type": "UNSIGNED_SHORT"
        },
        "indices_36": {
            "bufferView": "bufferView_44",
            "byteOffset": 22488,
            "count": 2646,
            "type": "UNSIGNED_SHORT"
        },
        "indices_42": {
            "bufferView": "bufferView_44",
            "byteOffset": 27780,
            "count": 3426,
            "type": "UNSIGNED_SHORT"
        },
        "indices_6": {
            "bufferView": "bufferView_44",
            "byteOffset": 0,
            "count": 4068,
            "type": "UNSIGNED_SHORT"
        }
    },
    "lights": {},
    "materials": {
        "Material #101": {
            "instanceTechnique": {
                "technique": "technique_0",
                "values": [
                    {
                        "parameter": "ambient",
                        "value": [
                            0.5879999995231628,
                            0.5879999995231628,
                            0.5879999995231628
                        ]
                    },
                    {
                        "parameter": "emission",
                        "value": [
                            0,
                            0,
                            0
                        ]
                    },
                    {
                        "parameter": "diffuse",
                        "value": "Map #14"
                    },
                    {
                        "parameter": "shininess",
                        "value": 2
                    },
                    {
                        "parameter": "specular",
                        "value": [
                            0.8999999761581421,
                            0.8999999761581421,
                            0.8999999761581421
                        ]
                    }
                ]
            },
            "name": "Material #101"
        },
        "Material #35": {
            "instanceTechnique": {
                "technique": "technique_0",
                "values": [
                    {
                        "parameter": "ambient",
                        "value": [
                            0.5879999995231628,
                            0.5879999995231628,
                            0.5879999995231628
                        ]
                    },
                    {
                        "parameter": "emission",
                        "value": [
                            0,
                            0,
                            0
                        ]
                    },
                    {
                        "parameter": "diffuse",
                        "value": "Map #8"
                    },
                    {
                        "parameter": "shininess",
                        "value": 2
                    },
                    {
                        "parameter": "specular",
                        "value": [
                            0.8999999761581421,
                            0.8999999761581421,
                            0.8999999761581421
                        ]
                    }
                ]
            },
            "name": "Material #35"
        },
        "Material #46": {
            "instanceTechnique": {
                "technique": "technique_0",
                "values": [
                    {
                        "parameter": "ambient",
                        "value": [
                            0.5879999995231628,
                            0.5879999995231628,
                            0.5879999995231628
                        ]
                    },
                    {
                        "parameter": "emission",
                        "value": [
                            0,
                            0,
                            0
                        ]
                    },
                    {
                        "parameter": "diffuse",
                        "value": "Map #9"
                    },
                    {
                        "parameter": "shininess",
                        "value": 2
                    },
                    {
                        "parameter": "specular",
                        "value": [
                            0.8999999761581421,
                            0.8999999761581421,
                            0.8999999761581421
                        ]
                    }
                ]
            },
            "name": "Material #46"
        },
        "Material #57": {
            "instanceTechnique": {
                "technique": "technique_0",
                "values": [
                    {
                        "parameter": "ambient",
                        "value": [
                            0.5879999995231628,
                            0.5879999995231628,
                            0.5879999995231628
                        ]
                    },
                    {
                        "parameter": "emission",
                        "value": [
                            0,
                            0,
                            0
                        ]
                    },
                    {
                        "parameter": "diffuse",
                        "value": "Map #10"
                    },
                    {
                        "parameter": "shininess",
                        "value": 2
                    },
                    {
                        "parameter": "specular",
                        "value": [
                            0.8999999761581421,
                            0.8999999761581421,
                            0.8999999761581421
                        ]
                    }
                ]
            },
            "name": "Material #57"
        },
        "Material #68": {
            "instanceTechnique": {
                "technique": "technique_0",
                "values": [
                    {
                        "parameter": "ambient",
                        "value": [
                            0.5879999995231628,
                            0.5879999995231628,
                            0.5879999995231628
                        ]
                    },
                    {
                        "parameter": "emission",
                        "value": [
                            0,
                            0,
                            0
                        ]
                    },
                    {
                        "parameter": "diffuse",
                        "value": "Map #11"
                    },
                    {
                        "parameter": "shininess",
                        "value": 2
                    },
                    {
                        "parameter": "specular",
                        "value": [
                            0.8999999761581421,
                            0.8999999761581421,
                            0.8999999761581421
                        ]
                    }
                ]
            },
            "name": "Material #68"
        },
        "Material #79": {
            "instanceTechnique": {
                "technique": "technique_0",
                "values": [
                    {
                        "parameter": "ambient",
                        "value": [
                            0.5879999995231628,
                            0.5879999995231628,
                            0.5879999995231628
                        ]
                    },
                    {
                        "parameter": "emission",
                        "value": [
                            0,
                            0,
                            0
                        ]
                    },
                    {
                        "parameter": "diffuse",
                        "value": "Map #12"
                    },
                    {
                        "parameter": "shininess",
                        "value": 2
                    },
                    {
                        "parameter": "specular",
                        "value": [
                            0.8999999761581421,
                            0.8999999761581421,
                            0.8999999761581421
                        ]
                    }
                ]
            },
            "name": "Material #79"
        },
        "Material #90": {
            "instanceTechnique": {
                "technique": "technique_0",
                "values": [
                    {
                        "parameter": "ambient",
                        "value": [
                            0.5879999995231628,
                            0.5879999995231628,
                            0.5879999995231628
                        ]
                    },
                    {
                        "parameter": "emission",
                        "value": [
                            0,
                            0,
                            0
                        ]
                    },
                    {
                        "parameter": "diffuse",
                        "value": "Map #13"
                    },
                    {
                        "parameter": "shininess",
                        "value": 2
                    },
                    {
                        "parameter": "specular",
                        "value": [
                            0.8999999761581421,
                            0.8999999761581421,
                            0.8999999761581421
                        ]
                    }
                ]
            },
            "name": "Material #90"
        }
    },
    "meshes": {
        "tinker_body_head_LOD0-mesh": {
            "name": "tinker_body_head_LOD0-mesh",
            "primitives": [
                {
                    "indices": "indices_12",
                    "material": "Material #46",
                    "semantics": {
                        "JOINT": "attribute_10",
                        "NORMAL": "attribute_8",
                        "POSITION": "attribute_7",
                        "TEXCOORD_0": "attribute_9",
                        "WEIGHT": "attribute_11"
                    },
                    "skin": "skin_1"
                }
            ]
        },
        "tinker_cape_LOD0-mesh": {
            "name": "tinker_cape_LOD0-mesh",
            "primitives": [
                {
                    "indices": "indices_18",
                    "material": "Material #57",
                    "semantics": {
                        "JOINT": "attribute_16",
                        "NORMAL": "attribute_14",
                        "POSITION": "attribute_13",
                        "TEXCOORD_0": "attribute_15",
                        "WEIGHT": "attribute_17"
                    },
                    "skin": "skin_2"
                }
            ]
        },
        "tinker_helmet_LOD0-mesh": {
            "name": "tinker_helmet_LOD0-mesh",
            "primitives": [
                {
                    "indices": "indices_24",
                    "material": "Material #68",
                    "semantics": {
                        "JOINT": "attribute_22",
                        "NORMAL": "attribute_20",
                        "POSITION": "attribute_19",
                        "TEXCOORD_0": "attribute_21",
                        "WEIGHT": "attribute_23"
                    },
                    "skin": "skin_3"
                }
            ]
        },
        "tinker_left_arm_LOD0-mesh": {
            "name": "tinker_left_arm_LOD0-mesh",
            "primitives": [
                {
                    "indices": "indices_30",
                    "material": "Material #79",
                    "semantics": {
                        "JOINT": "attribute_28",
                        "NORMAL": "attribute_26",
                        "POSITION": "attribute_25",
                        "TEXCOORD_0": "attribute_27",
                        "WEIGHT": "attribute_29"
                    },
                    "skin": "skin_4"
                }
            ]
        },
        "tinker_model_LOD0-mesh": {
            "name": "tinker_model_LOD0-mesh",
            "primitives": [
                {
                    "indices": "indices_6",
                    "material": "Material #35",
                    "semantics": {
                        "JOINT": "attribute_4",
                        "NORMAL": "attribute_2",
                        "POSITION": "attribute_1",
                        "TEXCOORD_0": "attribute_3",
                        "WEIGHT": "attribute_5"
                    },
                    "skin": "skin_0"
                }
            ]
        },
        "tinker_right_arm_LOD0-mesh": {
            "name": "tinker_right_arm_LOD0-mesh",
            "primitives": [
                {
                    "indices": "indices_36",
                    "material": "Material #90",
                    "semantics": {
                        "JOINT": "attribute_34",
                        "NORMAL": "attribute_32",
                        "POSITION": "attribute_31",
                        "TEXCOORD_0": "attribute_33",
                        "WEIGHT": "attribute_35"
                    },
                    "skin": "skin_5"
                }
            ]
        },
        "tinker_shoulders_LOD0-mesh": {
            "name": "tinker_shoulders_LOD0-mesh",
            "primitives": [
                {
                    "indices": "indices_42",
                    "material": "Material #101",
                    "semantics": {
                        "JOINT": "attribute_40",
                        "NORMAL": "attribute_38",
                        "POSITION": "attribute_37",
                        "TEXCOORD_0": "attribute_39",
                        "WEIGHT": "attribute_41"
                    },
                    "skin": "skin_6"
                }
            ]
        }
    },
    "nodes": {
        "ankle_L": {
            "children": [
                "toeBase_L"
            ],
            "matrix": [
                0.10781261324882524,
                -0.5570151209831242,
                0.8234744071960454,
                0,
                0.016208049818743017,
                0.8291770707336087,
                0.5587504968505321,
                0,
                -0.9940388207853286,
                -0.046893448721421094,
                0.0984239002675805,
                0,
                33.469650268554695,
                -0.000007629394527697286,
                -9.5367431640625e-7,
                1
            ],
            "name": "ankle_L"
        },
        "ankle_R": {
            "children": [
                "toeBase_R"
            ],
            "matrix": [
                0.10781282186508173,
                -0.5570157766342164,
                0.8234748840332032,
                0,
                0.016207785180062016,
                0.8291772196296401,
                0.5587509647524431,
                0,
                -0.9940395281779729,
                -0.046893805283824724,
                0.09842390919299782,
                0,
                -33.46964645385741,
                -0.000005722045891332073,
                0.000009536743165838857,
                1
            ],
            "name": "ankle_R"
        },
        "bicep_A_L": {
            "children": [
                "elbow_A_L"
            ],
            "matrix": [
                0.9999994039535525,
                0.0002978144038934261,
                -0.0011181636946275837,
                0,
                -0.00029781246571521856,
                0.999999821187882,
                0.0000018444843590047048,
                0,
                0.001118164011460057,
                -0.0000015114801286495588,
                0.9999992847328434,
                0,
                21.62635231018067,
                -0.047820091247558594,
                15.621856689453125,
                1
            ],
            "name": "bicep_A_L"
        },
        "bicep_A_R": {
            "children": [
                "elbow_A_R",
                "bicep_A_R1"
            ],
            "matrix": [
                0.9999998807907108,
                -1.755294221084115e-7,
                1.729210055145814e-7,
                0,
                1.7552944327471952e-7,
                0.9999999999999999,
                -1.3969838619232178e-9,
                0,
                -1.7292100526937427e-7,
                1.3970140478464232e-9,
                0.9999998807907683,
                0,
                21.71362113952637,
                0.09168052673339844,
                15.648330688476562,
                1
            ],
            "name": "bicep_A_R"
        },
        "bicep_A_R1": {
            "children": [],
            "matrix": [
                -0.011765124276274533,
                -0.0008532139472659135,
                -0.9999303817749023,
                0,
                -0.003281899098503952,
                0.9999942261685675,
                -0.0008146537849468907,
                0,
                0.9999253211458158,
                0.003272086173498415,
                -0.011767856717131975,
                0,
                6.296195983886719,
                -9.536743155180716e-7,
                0.0000152587890625,
                1
            ],
            "name": "bicep_A_R1"
        },
        "bicep_L": {
            "children": [
                "elbow_L"
            ],
            "matrix": [
                -0.44199031591415433,
                0.7043690085411074,
                -0.5554352998733523,
                0,
                -0.20028464383190536,
                -0.6810610182061974,
                -0.7043023755225436,
                0,
                -0.8743742553516377,
                -0.20004970451581167,
                0.44209675074184274,
                0,
                -5.133304595947266,
                24.069206237792976,
                3.7826080322265767,
                1
            ],
            "name": "bicep_L"
        },
        "bicep_R": {
            "children": [
                "elbow_R"
            ],
            "matrix": [
                0.4419901072978975,
                0.7043699026107788,
                0.5554347038269045,
                0,
                0.20028549809934554,
                -0.6810603025521393,
                0.7043027154952264,
                0,
                0.8743743399998445,
                -0.2000493570714319,
                -0.44209708270916964,
                0,
                -5.133298873901367,
                -24.06919860839844,
                3.782623291015625,
                1
            ],
            "name": "bicep_R"
        },
        "clavicle_A_L": {
            "children": [
                "bicep_A_L"
            ],
            "matrix": [
                0.0011509393807501427,
                0.999999225139618,
                0.00011968929902650416,
                0,
                -0.35609394130556066,
                0.00029799910065584273,
                0.9344500423733542,
                0,
                0.9344496709210338,
                -0.001118116451934253,
                0.3560941563259119,
                0,
                -0.070709228515625,
                17.792310714721683,
                -0.01623535156251421,
                1
            ],
            "name": "clavicle_A_L"
        },
        "clavicle_A_R": {
            "children": [
                "bicep_A_R",
                "dead_r_clav"
            ],
            "matrix": [
                -1.629206851037603e-7,
                -1.0000000000000002,
                3.552713685417946e-15,
                0,
                0.35879772901534307,
                -5.8455575141010966e-8,
                -0.9334154725074797,
                0,
                0.9334154725074764,
                -1.5207268699266262e-7,
                0.3587977290153514,
                0,
                -0.07084655761715908,
                -17.686445236206055,
                -0.01630401611328125,
                1
            ],
            "name": "clavicle_A_R"
        },
        "dead_r_clav": {
            "children": [],
            "matrix": [
                0.7394828796386719,
                0.003943883348256348,
                0.6731634140014648,
                0,
                -0.004399794669610429,
                0.9999898076034642,
                -0.0010254127068906214,
                0,
                -0.6731607838367996,
                -0.0022035062711046414,
                0.7394929001029592,
                0,
                4.52362060546875,
                -0.000003814697265625,
                0.000030517578125,
                1
            ],
            "name": "dead_r_clav"
        },
        "elbow_A_L": {
            "children": [
                "wrist_A_L"
            ],
            "matrix": [
                0.7144283056259155,
                0.004065365530550481,
                -0.699696958065033,
                0,
                -0.0019272279104431184,
                0.9999908209158216,
                0.003842323469634593,
                0,
                0.6997060470991009,
                -0.0013965889224057003,
                0.7144294715860272,
                0,
                5.485694885253906,
                -0.15701007843017667,
                -47.081451416015625,
                1
            ],
            "name": "elbow_A_L"
        },
        "elbow_A_R": {
            "children": [
                "wrist_A_R"
            ],
            "matrix": [
                0.7106263041496276,
                0.0034673893824219704,
                -0.7035608291625979,
                0,
                -0.004084818392054984,
                0.999991238111973,
                0.0008024602579822151,
                0,
                0.7035575525792246,
                0.0023036691929619983,
                0.7106343479342346,
                0,
                5.740966796875,
                -0.0402674674987793,
                -47.18959045410156,
                1
            ],
            "name": "elbow_A_R"
        },
        "elbow_L": {
            "children": [
                "wrist_L"
            ],
            "matrix": [
                0.3817703127861026,
                4.4703483598196314e-7,
                -0.9242570996284485,
                0,
                6.688912267960312e-7,
                0.9999998807905086,
                7.599591018425667e-7,
                0,
                0.9242572435266581,
                -9.083575387425213e-7,
                0.3817703722237397,
                0,
                31.796833038330085,
                1.4210854715202004e-14,
                -0.0000152587890625,
                1
            ],
            "name": "elbow_L"
        },
        "elbow_R": {
            "children": [
                "wrist_R"
            ],
            "matrix": [
                0.38177049160003634,
                -1.7881393432617188e-7,
                -0.9242571592330934,
                0,
                -4.695784658892421e-7,
                1.0000000000000502,
                -3.8743020003284556e-7,
                0,
                0.9242570363666482,
                5.819205995405419e-7,
                0.3817704408491316,
                0,
                -31.796833038330085,
                0.000030517578125,
                -0.00000762939453125,
                1
            ],
            "name": "elbow_R"
        },
        "gun_connection0_0": {
            "children": [
                "gun_connection0_1"
            ],
            "matrix": [
                0.11587879061698922,
                6.637714591306587e-7,
                0.9932632446289066,
                0,
                -4.46547846573524e-8,
                1.0000000000000002,
                -6.630638154091375e-7,
                0,
                -0.993263244628909,
                3.248107673451686e-8,
                0.11587879061696783,
                0,
                -23.115137100219727,
                0.000018988808733411133,
                25.37002563476564,
                1
            ],
            "name": "gun_connection0_0"
