{
    "accessors": {
        "attrbute_1": {
            "bufferView": "bufferView_43",
            "byteOffset": 0,
            "byteStride": 12,
            "count": 827,
            "max": [
                68.25355529785156,
                22.15739631652832,
                127.7959976196289,
                0
            ],
            "min": [
                -68.25349426269531,
                -41.347164154052734,
                -0.8784998655319214,
                0
            ],
            "type": 35665
        },
        "attrbute_10": {
            "bufferView": "bufferView_43",
            "byteOffset": 67028,
            "byteStride": 16,
            "count": 544,
            "max": [
                4,
                2,
                4,
                -1
            ],
            "min": [
                0,
                -1,
                -1,
                -1
            ],
            "type": 35666
        },
        "attrbute_11": {
            "bufferView": "bufferView_43",
            "byteOffset": 75732,
            "byteStride": 12,
            "count": 544,
            "max": [
                1,
                0.9972451329231262,
                0.40303361415863037
            ],
            "min": [
                0.00275485310703516,
                0,
                0
            ],
            "type": 35665
        },
        "attrbute_13": {
            "bufferView": "bufferView_43",
            "byteOffset": 82260,
            "byteStride": 12,
            "count": 190,
            "max": [
                21.696762084960938,
                22.981525421142578,
                69.9030990600586,
                0
            ],
            "min": [
                -21.779361724853516,
                1.8456363677978516,
                27.38360595703125,
                0
            ],
            "type": 35665
        },
        "attrbute_14": {
            "bufferView": "bufferView_43",
            "byteOffset": 84540,
            "byteStride": 12,
            "count": 190,
            "max": [
                0.9956701993942261,
                0.9984147548675537,
                0.7251600623130798,
                0
            ],
            "min": [
                -0.9956701993942261,
                -0.9984147548675537,
                -0.7251600623130798,
                0
            ],
            "type": 35665
        },
        "attrbute_15": {
            "bufferView": "bufferView_43",
            "byteOffset": 86820,
            "byteStride": 8,
            "count": 190,
            "max": [
                0.9963570237159729,
                0.9494529962539673
            ],
            "min": [
                0.009571360424160957,
                0.01430600881576538
            ],
            "type": 35664
        },
        "attrbute_16": {
            "bufferView": "bufferView_43",
            "byteOffset": 88340,
            "byteStride": 16,
            "count": 190,
            "max": [
                7,
                9,
                8,
                -1
            ],
            "min": [
                0,
                -1,
                -1,
                -1
            ],
            "type": 35666
        },
        "attrbute_17": {
            "bufferView": "bufferView_43",
            "byteOffset": 91380,
            "byteStride": 12,
            "count": 190,
            "max": [
                1,
                0.9953498244285583,
                0.9938127994537354
            ],
            "min": [
                0.002100779442116618,
                0,
                0
            ],
            "type": 35665
        },
        "attrbute_19": {
            "bufferView": "bufferView_43",
            "byteOffset": 93660,
            "byteStride": 12,
            "count": 346,
            "max": [
                13.99269962310791,
                -24.638410568237305,
                130.29798889160156,
                0
            ],
            "min": [
                -13.99269962310791,
                -57.19140625,
                79.62930297851562,
                0
            ],
            "type": 35665
        },
        "attrbute_2": {
            "bufferView": "bufferView_43",
            "byteOffset": 9924,
            "byteStride": 12,
            "count": 827,
            "max": [
                0.9999566078186035,
                0.9999828934669495,
                0.997711718082428,
                0
            ],
            "min": [
                -0.9999565482139587,
                -0.9983479976654053,
                -0.9899972677230835,
                0
            ],
            "type": 35665
        },
        "attrbute_20": {
            "bufferView": "bufferView_43",
            "byteOffset": 97812,
            "byteStride": 12,
            "count": 346,
            "max": [
                0.9995640516281128,
                0.9972397685050964,
                0.9999896287918091,
                0
            ],
            "min": [
                -0.9998676180839539,
                -0.9963124394416809,
                -0.9622321128845215,
                0
            ],
            "type": 35665
        },
        "attrbute_21": {
            "bufferView": "bufferView_43",
            "byteOffset": 101964,
            "byteStride": 8,
            "count": 346,
            "max": [
                0.9960190057754517,
                0.9905250072479248
            ],
            "min": [
                0.003766440087929368,
                0.006857573986053467
            ],
            "type": 35664
        },
        "attrbute_22": {
            "bufferView": "bufferView_43",
            "byteOffset": 104732,
            "byteStride": 16,
            "count": 346,
            "max": [
                3,
                3,
                3,
                -1
            ],
            "min": [
                0,
                -1,
                -1,
                -1
            ],
            "type": 35666
        },
        "attrbute_23": {
            "bufferView": "bufferView_43",
            "byteOffset": 110268,
            "byteStride": 12,
            "count": 346,
            "max": [
                1,
                0.9921568632125854,
                0.004826147574931383
            ],
            "min": [
                0.00784313678741455,
                0,
                0
            ],
            "type": 35665
        },
        "attrbute_25": {
            "bufferView": "bufferView_43",
            "byteOffset": 114420,
            "byteStride": 12,
            "count": 690,
            "max": [
                119.94599914550781,
                20.394773483276367,
                198.28199768066406,
                0
            ],
            "min": [
                19.740100860595703,
                -31.19546127319336,
                69.38549041748047,
                0
            ],
            "type": 35665
        },
        "attrbute_26": {
            "bufferView": "bufferView_43",
            "byteOffset": 122700,
            "byteStride": 12,
            "count": 690,
            "max": [
                0.9999986886978149,
                0.9997729063034058,
                0.9996196031570435,
                0
            ],
            "min": [
                -0.9939858913421631,
                -1,
                -0.9992750287055969,
                0
            ],
            "type": 35665
        },
        "attrbute_27": {
            "bufferView": "bufferView_43",
            "byteOffset": 130980,
            "byteStride": 8,
            "count": 690,
            "max": [
                0.9938219785690308,
                0.9942569732666016
            ],
            "min": [
                0.0071081300266087055,
                0.0026491880416870117
            ],
            "type": 35664
        },
        "attrbute_28": {
            "bufferView": "bufferView_43",
            "byteOffset": 136500,
            "byteStride": 16,
            "count": 690,
            "max": [
                4,
                5,
                -1,
                -1
            ],
            "min": [
                0,
                -1,
                -1,
                -1
            ],
            "type": 35666
        },
        "attrbute_29": {
            "bufferView": "bufferView_43",
            "byteOffset": 147540,
            "byteStride": 12,
            "count": 690,
            "max": [
                1,
                0.9998997449874878,
                0
            ],
            "min": [
                0.00010025399387814105,
                0,
                0
            ],
            "type": 35665
        },
        "attrbute_3": {
            "bufferView": "bufferView_43",
            "byteOffset": 19848,
            "byteStride": 8,
            "count": 827,
            "max": [
                0.9917330145835876,
                0.993910014629364
            ],
            "min": [
                0.005586259998381138,
                0.00623929500579834
            ],
            "type": 35664
        },
        "attrbute_31": {
            "bufferView": "bufferView_43",
            "byteOffset": 155820,
            "byteStride": 12,
            "count": 729,
            "max": [
                -19.74009895324707,
                29.12453842163086,
                198.28199768066406,
                0
            ],
            "min": [
                -119.94599914550781,
                -46.577274322509766,
                69.38545227050781,
                0
            ],
            "type": 35665
        },
        "attrbute_32": {
            "bufferView": "bufferView_43",
            "byteOffset": 164568,
            "byteStride": 12,
            "count": 729,
            "max": [
                0.9939858317375183,
                0.9997729659080505,
                0.9996196031570435,
                0
            ],
            "min": [
                -0.9999986886978149,
                -0.9996928572654724,
                -0.9992750287055969,
                0
            ],
            "type": 35665
        },
        "attrbute_33": {
            "bufferView": "bufferView_43",
            "byteOffset": 173316,
            "byteStride": 8,
            "count": 729,
            "max": [
                0.9939939975738525,
                0.9942569732666016
            ],
            "min": [
                0.0075597697868943214,
                0.0026491880416870117
            ],
            "type": 35664
        },
        "attrbute_34": {
            "bufferView": "bufferView_43",
            "byteOffset": 179148,
            "byteStride": 16,
            "count": 729,
            "max": [
                6,
                6,
                -1,
                -1
            ],
            "min": [
                0,
                -1,
                -1,
                -1
            ],
            "type": 35666
        },
        "attrbute_35": {
            "bufferView": "bufferView_43",
            "byteOffset": 190812,
            "byteStride": 12,
            "count": 729,
            "max": [
                1,
                0.9998963475227356,
                0
            ],
            "min": [
                0.00010365239722887054,
                0,
                0
            ],
            "type": 35665
        },
        "attrbute_37": {
            "bufferView": "bufferView_43",
            "byteOffset": 199560,
            "byteStride": 12,
            "count": 874,
            "max": [
                40.83449935913086,
                35.467384338378906,
                217.80003356933594,
                0
            ],
            "min": [
                -40.83449935913086,
                -32.93880844116211,
                80.71258544921875,
                0
            ],
            "type": 35665
        },
        "attrbute_38": {
            "bufferView": "bufferView_43",
            "byteOffset": 210048,
            "byteStride": 12,
            "count": 874,
            "max": [
                1,
                1,
                0.9975937008857727,
                0
            ],
            "min": [
                -1,
                -1,
                -0.9954651594161987,
                0
            ],
            "type": 35665
        },
        "attrbute_39": {
            "bufferView": "bufferView_43",
            "byteOffset": 220536,
            "byteStride": 8,
            "count": 874,
            "max": [
                0.9968010187149048,
                0.9953150153160095
            ],
            "min": [
                0.005794839933514595,
                0.004208922386169434
            ],
            "type": 35664
        },
        "attrbute_4": {
            "bufferView": "bufferView_43",
            "byteOffset": 26464,
            "byteStride": 16,
            "count": 827,
            "max": [
                22,
                22,
                22,
                -1
            ],
            "min": [
                0,
                -1,
                -1,
                -1
            ],
            "type": 35666
        },
        "attrbute_40": {
            "bufferView": "bufferView_43",
            "byteOffset": 227528,
            "byteStride": 16,
            "count": 874,
            "max": [
                7,
                7,
                -1,
                -1
            ],
            "min": [
                0,
                -1,
                -1,
                -1
            ],
            "type": 35666
        },
        "attrbute_41": {
            "bufferView": "bufferView_43",
            "byteOffset": 241512,
            "byteStride": 12,
            "count": 874,
            "max": [
                1,
                0.9997539520263672,
                0
            ],
            "min": [
                0.0002460433170199394,
                0,
                0
            ],
            "type": 35665
        },
        "attrbute_5": {
            "bufferView": "bufferView_43",
            "byteOffset": 39696,
            "byteStride": 12,
            "count": 827,
            "max": [
                1,
                0.9998675584793091,
                0.9990089535713196
            ],
            "min": [
                0.00013241785927675664,
                0,
                0
            ],
            "type": 35665
        },
        "attrbute_7": {
            "bufferView": "bufferView_43",
            "byteOffset": 49620,
            "byteStride": 12,
            "count": 544,
            "max": [
                13.5035982131958,
                -16.082212448120117,
                127.36298370361328,
                0
            ],
            "min": [
                -14.279200553894043,
                -50.963802337646484,
                91.05897521972656,
                0
            ],
            "type": 35665
        },
        "attrbute_8": {
            "bufferView": "bufferView_43",
            "byteOffset": 56148,
            "byteStride": 12,
            "count": 544,
            "max": [
                0.9969123005867004,
                0.8493838906288147,
                0.9972718954086304,
                0
            ],
            "min": [
                -0.9992685317993164,
                -0.9999092221260071,
                -0.9941785335540771,
                0
            ],
            "type": 35665
        },
        "attrbute_9": {
            "bufferView": "bufferView_43",
            "byteOffset": 62676,
            "byteStride": 8,
            "count": 544,
            "max": [
                1.0026700496673584,
                0.9934980273246765
            ],
            "min": [
                0.006737870164215565,
                0.003000020980834961
            ],
            "type": 35664
        },
        "indices_12": {
            "bufferView": "bufferView_45",
            "byteOffset": 8136,
            "count": 2502,
            "type": 5123
        },
        "indices_18": {
            "bufferView": "bufferView_45",
            "byteOffset": 13140,
            "count": 846,
            "type": 5123
        },
        "indices_24": {
            "bufferView": "bufferView_45",
            "byteOffset": 14832,
            "count": 1596,
            "type": 5123
        },
        "indices_30": {
            "bufferView": "bufferView_45",
            "byteOffset": 18024,
            "count": 2232,
            "type": 5123
        },
        "indices_36": {
            "bufferView": "bufferView_45",
            "byteOffset": 22488,
            "count": 2646,
            "type": 5123
        },
        "indices_42": {
            "bufferView": "bufferView_45",
            "byteOffset": 27780,
            "count": 3426,
            "type": 5123
        },
        "indices_6": {
            "bufferView": "bufferView_45",
            "byteOffset": 0,
            "count": 4068,
            "type": 5123
        }
    },
    "animations": {},
    "asset": {},
    "bufferViews": {
        "bufferView_43": {
            "buffer": "tinker.bin",
            "byteLength": 252000,
            "byteOffset": 0,
            "target": 34962
        },
        "bufferView_44": {
            "buffer": "tinker.bin",
            "byteLength": 5696,
            "byteOffset": 252000
        },
        "bufferView_45": {
            "buffer": "tinker.bin",
            "byteLength": 34632,
            "byteOffset": 257696,
            "target": 34963
        }
    },
    "buffers": {
        "tinker.bin": {
            "byteLength": 292328,
            "path": "tinker.bin"
        }
    },
    "cameras": {},
    "images": {
        "image_0": {
            "path": "textures/tinker_body.png"
        },
        "image_1": {
            "path": "textures/tinker_head.png"
        },
        "image_2": {
            "path": "textures/tinker_cape.png"
        },
        "image_3": {
            "path": "textures/tinker_helmet.png"
        },
        "image_4": {
            "path": "textures/tinker_left_arm.png"
        },
        "image_5": {
            "path": "textures/tinker_right_arm.png"
        },
        "image_6": {
            "path": "textures/tinker_shoulders.png"
        }
    },
    "lights": {},
    "materials": {
        "Material #101": {
            "instanceTechnique": {
                "technique": "technique_0",
                "values": {
                    "ambient": [
                        0.5879999995231628,
                        0.5879999995231628,
                        0.5879999995231628
                    ],
                    "diffuse": "Map #14",
                    "emission": [
                        0,
                        0,
                        0
                    ],
                    "shininess": 2,
                    "specular": [
                        0.8999999761581421,
                        0.8999999761581421,
                        0.8999999761581421
                    ],
                    "transparency": 1
                }
            },
            "name": "Material #101"
        },
        "Material #35": {
            "instanceTechnique": {
                "technique": "technique_0",
                "values": {
                    "ambient": [
                        0.5879999995231628,
                        0.5879999995231628,
                        0.5879999995231628
                    ],
                    "diffuse": "Map #8",
                    "emission": [
                        0,
                        0,
                        0
                    ],
                    "shininess": 2,
                    "specular": [
                        0.8999999761581421,
                        0.8999999761581421,
                        0.8999999761581421
                    ],
                    "transparency": 1
                }
            },
            "name": "Material #35"
        },
        "Material #46": {
            "instanceTechnique": {
                "technique": "technique_0",
                "values": {
                    "ambient": [
                        0.5879999995231628,
                        0.5879999995231628,
                        0.5879999995231628
                    ],
                    "diffuse": "Map #9",
                    "emission": [
                        0,
                        0,
                        0
                    ],
                    "shininess": 2,
                    "specular": [
                        0.8999999761581421,
                        0.8999999761581421,
                        0.8999999761581421
                    ],
                    "transparency": 1
                }
            },
            "name": "Material #46"
        },
        "Material #57": {
            "instanceTechnique": {
                "technique": "technique_0",
                "values": {
                    "ambient": [
                        0.5879999995231628,
                        0.5879999995231628,
                        0.5879999995231628
                    ],
                    "diffuse": "Map #10",
                    "emission": [
                        0,
                        0,
                        0
                    ],
                    "shininess": 2,
                    "specular": [
                        0.8999999761581421,
                        0.8999999761581421,
                        0.8999999761581421
                    ],
                    "transparency": 1
                }
            },
            "name": "Material #57"
        },
        "Material #68": {
            "instanceTechnique": {
                "technique": "technique_0",
                "values": {
                    "ambient": [
                        0.5879999995231628,
                        0.5879999995231628,
                        0.5879999995231628
                    ],
                    "diffuse": "Map #11",
                    "emission": [
                        0,
                        0,
                        0
                    ],
                    "shininess": 2,
                    "specular": [
                        0.8999999761581421,
                        0.8999999761581421,
                        0.8999999761581421
                    ],
                    "transparency": 1
                }
            },
            "name": "Material #68"
        },
        "Material #79": {
            "instanceTechnique": {
                "technique": "technique_0",
                "values": {
                    "ambient": [
                        0.5879999995231628,
                        0.5879999995231628,
                        0.5879999995231628
                    ],
                    "diffuse": "Map #12",
                    "emission": [
                        0,
                        0,
                        0
                    ],
                    "shininess": 2,
                    "specular": [
                        0.8999999761581421,
                        0.8999999761581421,
                        0.8999999761581421
                    ],
                    "transparency": 1
                }
            },
            "name": "Material #79"
        },
        "Material #90": {
            "instanceTechnique": {
                "technique": "technique_0",
                "values": {
                    "ambient": [
                        0.5879999995231628,
                        0.5879999995231628,
                        0.5879999995231628
                    ],
                    "diffuse": "Map #13",
                    "emission": [
                        0,
                        0,
                        0
                    ],
                    "shininess": 2,
                    "specular": [
                        0.8999999761581421,
                        0.8999999761581421,
                        0.8999999761581421
                    ],
                    "transparency": 1
                }
            },
            "name": "Material #90"
        }
    },
    "meshes": {
        "tinker_body_head_LOD0-mesh": {
            "name": "tinker_body_head_LOD0-mesh",
            "primitives": [
                {
                    "attributes": {
                        "JOINT": "attrbute_10",
                        "NORMAL": "attrbute_8",
                        "POSITION": "attrbute_7",
                        "TEXCOORD_0": "attrbute_9",
                        "WEIGHT": "attrbute_11"
                    },
                    "indices": "indices_12",
                    "material": "Material #46"
                }
            ]
        },
        "tinker_cape_LOD0-mesh": {
            "name": "tinker_cape_LOD0-mesh",
            "primitives": [
                {
                    "attributes": {
                        "JOINT": "attrbute_16",
                        "NORMAL": "attrbute_14",
                        "POSITION": "attrbute_13",
                        "TEXCOORD_0": "attrbute_15",
                        "WEIGHT": "attrbute_17"
                    },
                    "indices": "indices_18",
                    "material": "Material #57"
                }
            ]
        },
        "tinker_helmet_LOD0-mesh": {
            "name": "tinker_helmet_LOD0-mesh",
            "primitives": [
                {
                    "attributes": {
                        "JOINT": "attrbute_22",
                        "NORMAL": "attrbute_20",
                        "POSITION": "attrbute_19",
                        "TEXCOORD_0": "attrbute_21",
                        "WEIGHT": "attrbute_23"
                    },
                    "indices": "indices_24",
                    "material": "Material #68"
                }
            ]
        },
        "tinker_left_arm_LOD0-mesh": {
            "name": "tinker_left_arm_LOD0-mesh",
            "primitives": [
                {
                    "attributes": {
                        "JOINT": "attrbute_28",
                        "NORMAL": "attrbute_26",
                        "POSITION": "attrbute_25",
                        "TEXCOORD_0": "attrbute_27",
                        "WEIGHT": "attrbute_29"
                    },
                    "indices": "indices_30",
                    "material": "Material #79"
                }
            ]
        },
        "tinker_model_LOD0-mesh": {
            "name": "tinker_model_LOD0-mesh",
            "primitives": [
                {
                    "attributes": {
                        "JOINT": "attrbute_4",
                        "NORMAL": "attrbute_2",
                        "POSITION": "attrbute_1",
                        "TEXCOORD_0": "attrbute_3",
                        "WEIGHT": "attrbute_5"
                    },
                    "indices": "indices_6",
                    "material": "Material #35"
                }
            ]
        },
        "tinker_right_arm_LOD0-mesh": {
            "name": "tinker_right_arm_LOD0-mesh",
            "primitives": [
                {
                    "attributes": {
                        "JOINT": "attrbute_34",
                        "NORMAL": "attrbute_32",
                        "POSITION": "attrbute_31",
                        "TEXCOORD_0": "attrbute_33",
                        "WEIGHT": "attrbute_35"
                    },
                    "indices": "indices_36",
                    "material": "Material #90"
                }
            ]
        },
        "tinker_shoulders_LOD0-mesh": {
            "name": "tinker_shoulders_LOD0-mesh",
            "primitives": [
                {
                    "attributes": {
                        "JOINT": "attrbute_40",
                        "NORMAL": "attrbute_38",
                        "POSITION": "attrbute_37",
                        "TEXCOORD_0": "attrbute_39",
                        "WEIGHT": "attrbute_41"
                    },
                    "indices": "indices_42",
                    "material": "Material #101"
                }
            ]
        }
    },
    "nodes": {
        "ankle_L": {
            "children": [
                "toeBase_L"
            ],
            "jointId": "ankle_L",
            "matrix": [
                0.1078126132488253,
                -0.5570151209831241,
                0.8234744071960453,
                0,
                0.01620804981874301,
                0.8291770707336088,
                0.558750496850532,
                0,
                -0.9940388207853288,
                -0.046893448721421066,
                0.09842390026758052,
                0,
                33.469650268554695,
                -0.000007629394527697286,
                -9.5367431640625e-7,
                1
            ],
            "name": "ankle_L"
        },
        "ankle_R": {
            "children": [
                "toeBase_R"
            ],
            "jointId": "ankle_R",
            "matrix": [
                0.10781282186508184,
                -0.5570157766342163,
                0.8234748840332032,
                0,
                0.01620778518006202,
                0.8291772196296401,
                0.5587509647524432,
                0,
                -0.9940395281779728,
                -0.04689380528382475,
                0.09842390919299784,
                0,
                -33.46964645385741,
                -0.000005722045891332073,
                0.000009536743165838857,
                1
            ],
            "name": "ankle_R"
        },
        "bicep_A_L": {
            "children": [
                "elbow_A_L"
            ],
            "jointId": "bicep_A_L",
            "matrix": [
                0.9999994039535526,
                0.000297814403893426,
                -0.0011181636946275837,
                0,
                -0.0002978124657152187,
                0.9999998211878821,
                0.0000018444843590047048,
                0,
                0.0011181640114600576,
                -0.0000015114801286499925,
                0.9999992847328435,
                0,
                21.626352310180675,
                -0.047820091247558594,
                15.621856689453153,
                1
            ],
            "name": "bicep_A_L"
        },
        "bicep_A_R": {
            "children": [
                "elbow_A_R",
                "bicep_A_R1"
            ],
            "jointId": "bicep_A_R",
            "matrix": [
                0.9999998807907108,
                -1.7552942210841157e-7,
                1.7292100551458142e-7,
                0,
                1.7552944327471955e-7,
                1.0000000000000002,
                -1.3969838619232178e-9,
                0,
                -1.7292100526937422e-7,
                1.3970140478464232e-9,
                0.9999998807907685,
                0,
                21.713621139526367,
                0.09168052673339755,
                15.648330688476562,
                1
            ],
            "name": "bicep_A_R"
        },
        "bicep_A_R1": {
            "children": [],
            "jointId": "bicep_A_R1",
            "matrix": [
                -0.011765124276274535,
                -0.0008532139472659144,
                -0.9999303817749023,
                0,
                -0.0032818990985039524,
                0.9999942261685675,
                -0.0008146537849468899,
                0,
                0.9999253211458158,
                0.003272086173498415,
                -0.011767856717131975,
                0,
                6.296195983886719,
                -9.536743155180716e-7,
                0.0000152587890625,
                1
            ],
            "name": "bicep_A_R1"
        },
        "bicep_L": {
            "children": [
                "elbow_L"
            ],
            "jointId": "bicep_L",
            "matrix": [
                -0.44199031591415433,
                0.7043690085411074,
                -0.5554352998733523,
                0,
                -0.20028464383190536,
                -0.6810610182061974,
                -0.7043023755225436,
                0,
                -0.8743742553516377,
                -0.20004970451581167,
                0.44209675074184274,
                0,
                -5.133304595947266,
                24.069206237792976,
                3.7826080322265767,
                1
            ],
            "name": "bicep_L"
        },
        "bicep_R": {
            "children": [
                "elbow_R"
            ],
            "jointId": "bicep_R",
            "matrix": [
                0.4419901072978975,
                0.7043699026107788,
                0.5554347038269045,
                0,
                0.20028549809934554,
                -0.6810603025521393,
                0.7043027154952264,
                0,
                0.8743743399998445,
                -0.2000493570714319,
                -0.44209708270916964,
                0,
                -5.133298873901367,
                -24.06919860839844,
                3.782623291015625,
                1
            ],
            "name": "bicep_R"
        },
        "clavicle_A_L": {
            "children": [
                "bicep_A_L"
            ],
            "jointId": "clavicle_A_L",
            "matrix": [
                0.0011509393807501425,
                0.9999992251396179,
                0.00011968929902650416,
                0,
                -0.3560939413055606,
                0.0002979991006558427,
                0.9344500423733545,
                0,
                0.9344496709210339,
                -0.0011181164519342526,
                0.35609415632591185,
                0,
                -0.07070922851559658,
                17.792310714721683,
                -0.0162353515625,
                1
            ],
            "name": "clavicle_A_L"
        },
        "clavicle_A_R": {
            "children": [
                "bicep_A_R",
                "dead_r_clav"
            ],
            "jointId": "clavicle_A_R",
            "matrix": [
                -1.6292068510376037e-7,
                -1,
                3.552713672183056e-15,
                0,
                0.358797729015343,
                -5.8455575141010926e-8,
                -0.9334154725074797,
                0,
                0.9334154725074761,
                -1.5207268699266251e-7,
                0.3587977290153511,
                0,
                -0.0708465576171875,
                -17.686445236206055,
                -0.01630401611328125,
                1
            ],
            "name": "clavicle_A_R"
        },
        "dead_r_clav": {
            "children": [],
            "jointId": "dead_r_clav",
            "matrix": [
                0.7394828796386719,
                0.003943883348256348,
                0.6731634140014648,
                0,
                -0.00439979466961043,
                0.9999898076034645,
                -0.0010254127068906223,
                0,
                -0.6731607838367993,
                -0.0022035062711046414,
                0.7394929001029593,
                0,
                4.52362060546875,
                -0.000003814697265625,
                0.000030517578125,
                1
            ],
            "name": "dead_r_clav"
        },
        "elbow_A_L": {
            "children": [
                "wrist_A_L"
            ],
            "jointId": "elbow_A_L",
            "matrix": [
                0.7144283056259153,
                0.00406536553055048,
                -0.6996969580650328,
                0,
                -0.0019272279104431186,
                0.9999908209158215,
                0.0038423234696345924,
                0,
                0.6997060470991007,
                -0.0013965889224057007,
                0.7144294715860271,
                0,
                5.485694885253906,
                -0.1570100784301749,
                -47.081451416015625,
                1
            ],
            "name": "elbow_A_L"
        },
        "elbow_A_R": {
            "children": [
                "wrist_A_R"
            ],
            "jointId": "elbow_A_R",
            "matrix": [
                0.7106263041496277,
                0.0034673893824219695,
                -0.7035608291625977,
                0,
                -0.0040848183920549844,
                0.999991238111973,
                0.0008024602579822142,
                0,
                0.7035575525792246,
                0.002303669192961999,
                0.7106343479342346,
                0,
                5.740966796875007,
                -0.04026746749877841,
                -47.18959045410156,
                1
            ],
            "name": "elbow_A_R"
        },
        "elbow_L": {
            "children": [
                "wrist_L"
            ],
            "jointId": "elbow_L",
            "matrix": [
                0.3817703127861026,
                4.4703483598196314e-7,
                -0.9242570996284485,
                0,
                6.688912267960312e-7,
                0.9999998807905086,
                7.599591018425667e-7,
                0,
                0.9242572435266581,
                -9.083575387425213e-7,
                0.3817703722237397,
                0,
                31.796833038330085,
                1.4210854715202004e-14,
                -0.0000152587890625,
                1
            ],
            "name": "elbow_L"
        },
        "elbow_R": {
            "children": [
                "wrist_R"
            ],
            "jointId": "elbow_R",
            "matrix": [
                0.38177049160003634,
                -1.7881393432617188e-7,
                -0.9242571592330934,
                0,
                -4.695784658892421e-7,
                1.0000000000000502,
                -3.8743020003284556e-7,
                0,
                0.9242570363666482,
                5.819205995405419e-7,
                0.3817704408491316,
                0,
                -31.796833038330085,
                0.000030517578125,
                -0.00000762939453125,
                1
            ],
            "name": "elbow_R"
        },
        "gun_connection0_0": {
            "children": [
                "gun_connection0_1"
            ],
            "jointId": "gun_connection0_0",
            "matrix": [
                0.11587879061698922,
                6.637714591306587e-7,
                0.9932632446289066,
                0,
                -4.4654784657352415e-8,
                1.0000000000000002,
                -6.630638154091376e-7,
                0,
                -0.993263244628909,
                3.2481076734516885e-8,
                0.11587879061696783,
                0,
                -23.115137100219727,
                0.000018988808733411133,
                25.37002563476564,
                1
            ],
            "name": "gun_connection0_0"
        },
        "gun_connection0_1": {
            "children": [
                "gun_connection0_2"
            ],
            "jointId": "gun_connection0_1",
            "matrix": [
                0.9998795986175537,
                5.5067062023062126e-14,
                -0.015507400967180727,
                0,
                1.90224023497808e-11,
                0.9999999999999999,
                1.2300693796874657e-9,
                0,
                0.015507400967180729,
                -1.2302162656541904e-9,
                0.9998795986175537,
                0,
                7.197097778320298,
