{
    "animations": {},
    "asset": {},
    "attributes": {
        "attribute_1": {
            "bufferView": "bufferView_37",
            "byteOffset": 0,
            "byteStride": 12,
            "count": 1818,
            "max": [
                1,
                1,
                1
            ],
            "min": [
                0,
                0,
                0
            ],
            "type": "FLOAT_VEC3"
        },
        "attribute_10": {
            "bufferView": "bufferView_37",
            "byteOffset": 114072,
            "byteStride": 16,
            "count": 156,
            "max": [
                1,
                1,
                1
            ],
            "min": [
                0,
                0,
                0
            ],
            "type": "FLOAT_VEC4"
        },
        "attribute_11": {
            "bufferView": "bufferView_37",
            "byteOffset": 116568,
            "byteStride": 12,
            "count": 156,
            "max": [
                1,
                1,
                1
            ],
            "min": [
                0,
                0,
                0
            ],
            "type": "FLOAT_VEC3"
        },
        "attribute_13": {
            "bufferView": "bufferView_37",
            "byteOffset": 118440,
            "byteStride": 12,
            "count": 693,
            "max": [
                1,
                1,
                1
            ],
            "min": [
                0,
                0,
                0
            ],
            "type": "FLOAT_VEC3"
        },
        "attribute_14": {
            "bufferView": "bufferView_37",
            "byteOffset": 126756,
            "byteStride": 12,
            "count": 693,
            "max": [
                1,
                1,
                1
            ],
            "min": [
                0,
                0,
                0
            ],
            "type": "FLOAT_VEC3"
        },
        "attribute_15": {
            "bufferView": "bufferView_37",
            "byteOffset": 135072,
            "byteStride": 8,
            "count": 693,
            "max": [
                1,
                1,
                1
            ],
            "min": [
                0,
                0,
                0
            ],
            "type": "FLOAT_VEC2"
        },
        "attribute_16": {
            "bufferView": "bufferView_37",
            "byteOffset": 140616,
            "byteStride": 16,
            "count": 693,
            "max": [
                1,
                1,
                1
            ],
            "min": [
                0,
                0,
                0
            ],
            "type": "FLOAT_VEC4"
        },
        "attribute_17": {
            "bufferView": "bufferView_37",
            "byteOffset": 151704,
            "byteStride": 12,
            "count": 693,
            "max": [
                1,
                1,
                1
            ],
            "min": [
                0,
                0,
                0
            ],
            "type": "FLOAT_VEC3"
        },
        "attribute_19": {
            "bufferView": "bufferView_37",
            "byteOffset": 160020,
            "byteStride": 12,
            "count": 468,
            "max": [
                1,
                1,
                1
            ],
            "min": [
                0,
                0,
                0
            ],
            "type": "FLOAT_VEC3"
        },
        "attribute_2": {
            "bufferView": "bufferView_37",
            "byteOffset": 21816,
            "byteStride": 12,
            "count": 1818,
            "max": [
                1,
                1,
                1
            ],
            "min": [
                0,
                0,
                0
            ],
            "type": "FLOAT_VEC3"
        },
        "attribute_20": {
            "bufferView": "bufferView_37",
            "byteOffset": 165636,
            "byteStride": 12,
            "count": 468,
            "max": [
                1,
                1,
                1
            ],
            "min": [
                0,
                0,
                0
            ],
            "type": "FLOAT_VEC3"
        },
        "attribute_21": {
            "bufferView": "bufferView_37",
            "byteOffset": 171252,
            "byteStride": 8,
            "count": 468,
            "max": [
                1,
                1,
                1
            ],
            "min": [
                0,
                0,
                0
            ],
            "type": "FLOAT_VEC2"
        },
        "attribute_22": {
            "bufferView": "bufferView_37",
            "byteOffset": 174996,
            "byteStride": 16,
            "count": 468,
            "max": [
                1,
                1,
                1
            ],
            "min": [
                0,
                0,
                0
            ],
            "type": "FLOAT_VEC4"
        },
        "attribute_23": {
            "bufferView": "bufferView_37",
            "byteOffset": 182484,
            "byteStride": 12,
            "count": 468,
            "max": [
                1,
                1,
                1
            ],
            "min": [
                0,
                0,
                0
            ],
            "type": "FLOAT_VEC3"
        },
        "attribute_25": {
            "bufferView": "bufferView_37",
            "byteOffset": 188100,
            "byteStride": 12,
            "count": 611,
            "max": [
                1,
                1,
                1
            ],
            "min": [
                0,
                0,
                0
            ],
            "type": "FLOAT_VEC3"
        },
        "attribute_26": {
            "bufferView": "bufferView_37",
            "byteOffset": 195432,
            "byteStride": 12,
            "count": 611,
            "max": [
                1,
                1,
                1
            ],
            "min": [
                0,
                0,
                0
            ],
            "type": "FLOAT_VEC3"
        },
        "attribute_27": {
            "bufferView": "bufferView_37",
            "byteOffset": 202764,
            "byteStride": 8,
            "count": 611,
            "max": [
                1,
                1,
                1
            ],
            "min": [
                0,
                0,
                0
            ],
            "type": "FLOAT_VEC2"
        },
        "attribute_28": {
            "bufferView": "bufferView_37",
            "byteOffset": 207652,
            "byteStride": 16,
            "count": 611,
            "max": [
                1,
                1,
                1
            ],
            "min": [
                0,
                0,
                0
            ],
            "type": "FLOAT_VEC4"
        },
        "attribute_29": {
            "bufferView": "bufferView_37",
            "byteOffset": 217428,
            "byteStride": 12,
            "count": 611,
            "max": [
                1,
                1,
                1
            ],
            "min": [
                0,
                0,
                0
            ],
            "type": "FLOAT_VEC3"
        },
        "attribute_3": {
            "bufferView": "bufferView_37",
            "byteOffset": 43632,
            "byteStride": 8,
            "count": 1818,
            "max": [
                1,
                1,
                1
            ],
            "min": [
                0,
                0,
                0
            ],
            "type": "FLOAT_VEC2"
        },
        "attribute_31": {
            "bufferView": "bufferView_37",
            "byteOffset": 224760,
            "byteStride": 12,
            "count": 374,
            "max": [
                1,
                1,
                1
            ],
            "min": [
                0,
                0,
                0
            ],
            "type": "FLOAT_VEC3"
        },
        "attribute_32": {
            "bufferView": "bufferView_37",
            "byteOffset": 229248,
            "byteStride": 12,
            "count": 374,
            "max": [
                1,
                1,
                1
            ],
            "min": [
                0,
                0,
                0
            ],
            "type": "FLOAT_VEC3"
        },
        "attribute_33": {
            "bufferView": "bufferView_37",
            "byteOffset": 233736,
            "byteStride": 8,
            "count": 374,
            "max": [
                1,
                1,
                1
            ],
            "min": [
                0,
                0,
                0
            ],
            "type": "FLOAT_VEC2"
        },
        "attribute_34": {
            "bufferView": "bufferView_37",
            "byteOffset": 236728,
            "byteStride": 16,
            "count": 374,
            "max": [
                1,
                1,
                1
            ],
            "min": [
                0,
                0,
                0
            ],
            "type": "FLOAT_VEC4"
        },
        "attribute_35": {
            "bufferView": "bufferView_37",
            "byteOffset": 242712,
            "byteStride": 12,
            "count": 374,
            "max": [
                1,
                1,
                1
            ],
            "min": [
                0,
                0,
                0
            ],
            "type": "FLOAT_VEC3"
        },
        "attribute_4": {
            "bufferView": "bufferView_37",
            "byteOffset": 58176,
            "byteStride": 16,
            "count": 1818,
            "max": [
                1,
                1,
                1
            ],
            "min": [
                0,
                0,
                0
            ],
            "type": "FLOAT_VEC4"
        },
        "attribute_5": {
            "bufferView": "bufferView_37",
            "byteOffset": 87264,
            "byteStride": 12,
            "count": 1818,
            "max": [
                1,
                1,
                1
            ],
            "min": [
                0,
                0,
                0
            ],
            "type": "FLOAT_VEC3"
        },
        "attribute_7": {
            "bufferView": "bufferView_37",
            "byteOffset": 109080,
            "byteStride": 12,
            "count": 156,
            "max": [
                1,
                1,
                1
            ],
            "min": [
                0,
                0,
                0
            ],
            "type": "FLOAT_VEC3"
        },
        "attribute_8": {
            "bufferView": "bufferView_37",
            "byteOffset": 110952,
            "byteStride": 12,
            "count": 156,
            "max": [
                1,
                1,
                1
            ],
            "min": [
                0,
                0,
                0
            ],
            "type": "FLOAT_VEC3"
        },
        "attribute_9": {
            "bufferView": "bufferView_37",
            "byteOffset": 112824,
            "byteStride": 8,
            "count": 156,
            "max": [
                1,
                1,
                1
            ],
            "min": [
                0,
                0,
                0
            ],
            "type": "FLOAT_VEC2"
        }
    },
    "bufferViews": {
        "bufferView_37": {
            "buffer": "sniper.bin",
            "byteLength": 247200,
            "byteOffset": 0,
            "target": "ARRAY_BUFFER"
        },
        "bufferView_38": {
            "buffer": "sniper.bin",
            "byteLength": 41574,
            "byteOffset": 247200,
            "target": "ELEMENT_ARRAY_BUFFER"
        }
    },
    "buffers": {
        "sniper.bin": {
            "byteLength": 288774,
            "path": "sniper.bin"
        }
    },
    "cameras": {},
    "images": {
        "image_0": {
            "path": "textures/sniper_color.png"
        },
        "image_1": {
            "path": "textures/sniper_cape_color.png"
        },
        "image_2": {
            "path": "textures/headitem_color.png"
        },
        "image_3": {
            "path": "textures/shoulder_color.png"
        },
        "image_4": {
            "path": "textures/sniper_gun_color.png"
        },
        "image_5": {
            "path": "textures/bracer_color.png"
        }
    },
    "indices": {
        "indices_12": {
            "bufferView": "bufferView_38",
            "byteOffset": 21252,
            "count": 738,
            "type": "UNSIGNED_SHORT"
        },
        "indices_18": {
            "bufferView": "bufferView_38",
            "byteOffset": 22728,
            "count": 2433,
            "type": "UNSIGNED_SHORT"
        },
        "indices_24": {
            "bufferView": "bufferView_38",
            "byteOffset": 27594,
            "count": 2016,
            "type": "UNSIGNED_SHORT"
        },
        "indices_30": {
            "bufferView": "bufferView_38",
            "byteOffset": 31626,
            "count": 3438,
            "type": "UNSIGNED_SHORT"
        },
        "indices_36": {
            "bufferView": "bufferView_38",
            "byteOffset": 38502,
            "count": 1536,
            "type": "UNSIGNED_SHORT"
        },
        "indices_6": {
            "bufferView": "bufferView_38",
            "byteOffset": 0,
            "count": 10626,
            "type": "UNSIGNED_SHORT"
        }
    },
    "lights": {},
    "materials": {
        "Material #35": {
            "instanceTechnique": {
                "technique": "technique_0",
                "values": [
                    {
                        "parameter": "ambient",
                        "value": [
                            0.5879999995231628,
                            0.5879999995231628,
                            0.5879999995231628
                        ]
                    },
                    {
                        "parameter": "emission",
                        "value": [
                            0,
                            0,
                            0
                        ]
                    },
                    {
                        "parameter": "diffuse",
                        "value": "Map #11"
                    },
                    {
                        "parameter": "shininess",
                        "value": 2
                    },
                    {
                        "parameter": "specular",
                        "value": [
                            0.8999999761581421,
                            0.8999999761581421,
                            0.8999999761581421
                        ]
                    }
                ]
            },
            "name": "Material #35"
        },
        "Material #46": {
            "instanceTechnique": {
                "technique": "technique_0",
                "values": [
                    {
                        "parameter": "ambient",
                        "value": [
                            0.5879999995231628,
                            0.5879999995231628,
                            0.5879999995231628
                        ]
                    },
                    {
                        "parameter": "emission",
                        "value": [
                            0,
                            0,
                            0
                        ]
                    },
                    {
                        "parameter": "diffuse",
                        "value": "Map #8"
                    },
                    {
                        "parameter": "shininess",
                        "value": 2
                    },
                    {
                        "parameter": "specular",
                        "value": [
                            0.8999999761581421,
                            0.8999999761581421,
                            0.8999999761581421
                        ]
                    }
                ]
            },
            "name": "Material #46"
        },
        "Material #57": {
            "instanceTechnique": {
                "technique": "technique_0",
                "values": [
                    {
                        "parameter": "ambient",
                        "value": [
                            0.5879999995231628,
                            0.5879999995231628,
                            0.5879999995231628
                        ]
                    },
                    {
                        "parameter": "emission",
                        "value": [
                            0,
                            0,
                            0
                        ]
                    },
                    {
                        "parameter": "diffuse",
                        "value": "Map #9"
                    },
                    {
                        "parameter": "shininess",
                        "value": 2
                    },
                    {
                        "parameter": "specular",
                        "value": [
                            0.8999999761581421,
                            0.8999999761581421,
                            0.8999999761581421
                        ]
                    }
                ]
            },
            "name": "Material #57"
        },
        "Material #68": {
            "instanceTechnique": {
                "technique": "technique_0",
                "values": [
                    {
                        "parameter": "ambient",
                        "value": [
                            0.5879999995231628,
                            0.5879999995231628,
                            0.5879999995231628
                        ]
                    },
                    {
                        "parameter": "emission",
                        "value": [
                            0,
                            0,
                            0
                        ]
                    },
                    {
                        "parameter": "diffuse",
                        "value": "Map #10"
                    },
                    {
                        "parameter": "shininess",
                        "value": 2
                    },
                    {
                        "parameter": "specular",
                        "value": [
                            0.8999999761581421,
                            0.8999999761581421,
                            0.8999999761581421
                        ]
                    }
                ]
            },
            "name": "Material #68"
        },
        "Material #79": {
            "instanceTechnique": {
                "technique": "technique_0",
                "values": [
                    {
                        "parameter": "ambient",
                        "value": [
                            0.5879999995231628,
                            0.5879999995231628,
                            0.5879999995231628
                        ]
                    },
                    {
                        "parameter": "emission",
                        "value": [
                            0,
                            0,
                            0
                        ]
                    },
                    {
                        "parameter": "diffuse",
                        "value": "Map #12"
                    },
                    {
                        "parameter": "shininess",
                        "value": 2
                    },
                    {
                        "parameter": "specular",
                        "value": [
                            0.8999999761581421,
                            0.8999999761581421,
                            0.8999999761581421
                        ]
                    }
                ]
            },
            "name": "Material #79"
        },
        "Material #90": {
            "instanceTechnique": {
                "technique": "technique_0",
                "values": [
                    {
                        "parameter": "ambient",
                        "value": [
                            0.5879999995231628,
                            0.5879999995231628,
                            0.5879999995231628
                        ]
                    },
                    {
                        "parameter": "emission",
                        "value": [
                            0,
                            0,
                            0
                        ]
                    },
                    {
                        "parameter": "diffuse",
                        "value": "Map #7"
                    },
                    {
                        "parameter": "shininess",
                        "value": 2
                    },
                    {
                        "parameter": "specular",
                        "value": [
                            0.8999999761581421,
                            0.8999999761581421,
                            0.8999999761581421
                        ]
                    }
                ]
            },
            "name": "Material #90"
        }
    },
    "meshes": {
        "bracer_model_LOD0-mesh": {
            "name": "bracer_model_LOD0-mesh",
            "primitives": [
                {
                    "indices": "indices_36",
                    "material": "Material #90",
                    "semantics": {
                        "JOINT": "attribute_34",
                        "NORMAL": "attribute_32",
                        "POSITION": "attribute_31",
                        "TEXCOORD_0": "attribute_33",
                        "WEIGHT": "attribute_35"
                    },
                    "skin": "skin_5"
                }
            ]
        },
        "cape_model_LOD0-mesh": {
            "name": "cape_model_LOD0-mesh",
            "primitives": [
                {
                    "indices": "indices_12",
                    "material": "Material #46",
                    "semantics": {
                        "JOINT": "attribute_10",
                        "NORMAL": "attribute_8",
                        "POSITION": "attribute_7",
                        "TEXCOORD_0": "attribute_9",
                        "WEIGHT": "attribute_11"
                    },
                    "skin": "skin_1"
                }
            ]
        },
        "headitem_model_LOD0-mesh": {
            "name": "headitem_model_LOD0-mesh",
            "primitives": [
                {
                    "indices": "indices_18",
                    "material": "Material #57",
                    "semantics": {
                        "JOINT": "attribute_16",
                        "NORMAL": "attribute_14",
                        "POSITION": "attribute_13",
                        "TEXCOORD_0": "attribute_15",
                        "WEIGHT": "attribute_17"
                    },
                    "skin": "skin_2"
                }
            ]
        },
        "shoulder_model_LOD0-mesh": {
            "name": "shoulder_model_LOD0-mesh",
            "primitives": [
                {
                    "indices": "indices_24",
                    "material": "Material #68",
                    "semantics": {
                        "JOINT": "attribute_22",
                        "NORMAL": "attribute_20",
                        "POSITION": "attribute_19",
                        "TEXCOORD_0": "attribute_21",
                        "WEIGHT": "attribute_23"
                    },
                    "skin": "skin_3"
                }
            ]
        },
        "sniper_model_LOD0-mesh": {
            "name": "sniper_model_LOD0-mesh",
            "primitives": [
                {
                    "indices": "indices_6",
                    "material": "Material #35",
                    "semantics": {
                        "JOINT": "attribute_4",
                        "NORMAL": "attribute_2",
                        "POSITION": "attribute_1",
                        "TEXCOORD_0": "attribute_3",
                        "WEIGHT": "attribute_5"
                    },
                    "skin": "skin_0"
                }
            ]
        },
        "weapon_model_LOD0-mesh": {
            "name": "weapon_model_LOD0-mesh",
            "primitives": [
                {
                    "indices": "indices_30",
                    "material": "Material #79",
                    "semantics": {
                        "JOINT": "attribute_28",
                        "NORMAL": "attribute_26",
                        "POSITION": "attribute_25",
                        "TEXCOORD_0": "attribute_27",
                        "WEIGHT": "attribute_29"
                    },
                    "skin": "skin_4"
                }
            ]
        }
    },
    "nodes": {
        "Cloth_test_R0C0": {
            "children": [
                "Cloth_test_R1C0"
            ],
            "matrix": [
                -0.9449008107185366,
                -0.007013012189417994,
                -0.327281266450882,
                0,
                0.3272067347395916,
                0.009991446241551774,
                -0.9448997262075145,
                0,
                0.00989660868511878,
                -0.9999253749516245,
                -0.007146222428956987,
                0,
                -0.26915740966797586,
                -3.465324640274048,
                6.4122314453125,
                1
            ],
            "name": "Cloth_test_R0C0"
        },
        "Cloth_test_R0C1": {
            "children": [
                "Cloth_test_R1C1"
            ],
            "matrix": [
                -0.9880344867706301,
                0.15238861739635468,
                -0.02377441525459284,
                0,
                0.006383634188407816,
                -0.11360915055445148,
                -0.993504649965223,
                0,
                -0.1540998592066057,
                -0.9817690579643985,
                0.111277014747932,
                0,
                3.022777557373047,
                8.614821434020996,
                5.118255615234375,
                1
            ],
            "name": "Cloth_test_R0C1"
        },
        "Cloth_test_R0C2": {
            "children": [
                "Cloth_test_R1C2"
            ],
            "matrix": [
                -0.8153495788574223,
                0.32499516010284396,
                0.4791478514671326,
                0,
                -0.5150046067061066,
                -0.028998841781053344,
                -0.8566965388723715,
                0,
                -0.2645275685073334,
                -0.945270771805584,
                0.19101825034718092,
                0,
                9.13114929199218,
                16.317993164062504,
                -4.259689331054702,
                1
            ],
            "name": "Cloth_test_R0C2"
        },
        "Cloth_test_R1C0": {
            "children": [
                "Cloth_test_R2C0"
            ],
            "matrix": [
                0.9318199157714845,
                0.3581096231937411,
                0.058897253125906,
                0,
                -0.3365792448062447,
                0.9134304960190744,
                -0.2288223385981624,
                0,
                -0.13574201342453648,
                0.19339759769305895,
                0.9716848858320496,
                0,
                15.91451263427733,
                -1.4210854715202004e-14,
                -9.5367431640625e-7,
                1
            ],
            "name": "Cloth_test_R1C0"
        },
        "Cloth_test_R1C1": {
            "children": [
                "Cloth_test_R2C1"
            ],
            "matrix": [
                0.7494063973426819,
                0.6608610153198242,
                0.040654469281434985,
                0,
                -0.6436254496944729,
                0.7415172447131408,
                -0.18947018275808275,
                0,
                -0.15535944947281413,
                0.11582391753866894,
                0.9810447482056485,
                0,
                14.977012634277344,
                0.000015258789076710855,
                4.76837158203125e-7,
                1
            ],
            "name": "Cloth_test_R1C1"
        },
        "Cloth_test_R1C2": {
            "children": [
                "Cloth_test_R2C2"
            ],
            "matrix": [
                0.3353169858455659,
                0.9420618414878847,
                -0.009085025638341885,
                0,
                -0.9414124387978546,
                0.3354245409289712,
                0.035121452074760036,
                0,
                0.036133911075755074,
                -0.003224062476092815,
                0.9993420246517807,
                0,
                18.401439666748047,
                1.4210854715202004e-14,
                -0.000007629394524144573,
                1
            ],
            "name": "Cloth_test_R1C2"
        },
        "Cloth_test_R2C0": {
            "children": [
                "Cloth_test_R3C0"
            ],
            "matrix": [
                0.9791894555091863,
                0.1918385028839112,
                0.06622947007417682,
                0,
                -0.20291145873313152,
                0.9316938735919497,
                0.3012858613413283,
                0,
                -0.003907363960685306,
                -0.30845473751431,
                0.9512312958381728,
                0,
                19.9619598388672,
                -0.0000152587890625,
                -0.0000024437904372343056,
                1
            ],
            "name": "Cloth_test_R2C0"
        },
        "Cloth_test_R2C1": {
            "children": [
                "Cloth_test_R3C1"
            ],
            "matrix": [
                0.9944008588790892,
                0.09001099318265912,
                0.0553610511124134,
                0,
                -0.09884606805908666,
                0.9775459106304139,
                0.18610081402475398,
                0,
                -0.0373668416372202,
                -0.19053098878374367,
                0.9809695057970526,
                0,
                23.529075622558594,
                -0.00000762939453125,
                -0.0000019073486328125,
                1
            ],
            "name": "Cloth_test_R2C1"
        },
        "Cloth_test_R2C2": {
            "children": [
                "Cloth_test_R3C2"
            ],
            "matrix": [
                0.9862492680549623,
                0.16522651910781858,
                0.003447534516453741,
                0,
                -0.16432637938351236,
                0.9826667043500681,
                -0.08580845598229234,
                0,
                -0.017565610102007478,
                0.08406200713465839,
                0.9963054065374897,
                0,
                27.277976989746094,
                0.000011444091796875,
                0,
                1
            ],
            "name": "Cloth_test_R2C2"
        },
        "Cloth_test_R3C0": {
            "children": [
                "Cloth_test_R4C0"
            ],
            "matrix": [
                0.9985576868057252,
                -0.019768018275499337,
                0.04991594702005385,
                0,
                0.019975078006061645,
                0.9997935896976411,
                -0.0036527351580348533,
                0,
                -0.049833446221609096,
                0.004644542609691261,
                0.9987466363759155,
                0,
                33.15665435791016,
                0.000007629394534802714,
                -0.0000057220458984375,
                1
            ],
            "name": "Cloth_test_R3C0"
        },
        "Cloth_test_R3C1": {
            "children": [
                "Cloth_test_R4C1"
            ],
            "matrix": [
                0.9894431829452512,
                0.11595024913549422,
                0.08693528920412066,
                0,
                -0.10525299669720202,
                0.987310949802252,
                -0.11890557484539956,
                0,
                -0.099619333750387,
                0.1085001540507262,
                0.9890925947638227,
                0,
                29.038925170898438,
                -0.000007629394538355427,
                -0.0000035762786869675267,
                1
            ],
            "name": "Cloth_test_R3C1"
        },
        "Cloth_test_R3C2": {
            "children": [
                "Cloth_test_R4C2"
            ],
            "matrix": [
                0.9988622069358827,
                0.0205817148089409,
                -0.04302855953574181,
                0,
                -0.02594701712508568,
                0.9914207474377732,
                -0.1281092318453307,
                0,
                0.04002269568682984,
                0.12907992219399417,
                0.9908266683204492,
                0,
                27.01897430419921,
                -0.000011444091796875,
                0.0000019073486292597863,
                1
            ],
            "name": "Cloth_test_R3C2"
        },
        "Cloth_test_R4C0": {
            "children": [],
            "matrix": [
                0.9730037450790409,
                0.19849635660648346,
                0.1177420392632485,
                0,
                -0.1813725879017163,
                0.9731454951159715,
                -0.14174740007832332,
                0,
                -0.14271643328561462,
                0.11656553659655752,
                0.9828757041670491,
                0,
                21.074445724487305,
                -0.0000247955322265625,
                -0.000019073486328125,
                1
            ],
            "name": "Cloth_test_R4C0"
        },
        "Cloth_test_R4C1": {
            "children": [],
            "matrix": [
                0.9951809048652651,
                -0.07884879410266873,
                -0.05829309672117235,
                0,
                0.08040899422863768,
                0.996450880873373,
                0.024917964185395877,
                0,
                0.05612142424608649,
                -0.029485154661974135,
                0.9979884741900384,
                0,
                19.557273864746087,
                0.0000171661376953125,
                0.000010013580322265625,
                1
            ],
            "name": "Cloth_test_R4C1"
        },
        "Cloth_test_R4C2": {
            "children": [],
            "matrix": [
                0.9935998916625978,
                0.007181670516729341,
                0.11273066699504855,
                0,
                -0.016124876971475577,
                0.9967740188953907,
                0.07862255821636617,
                0,
                -0.11180232462652687,
                -0.07993710911080408,
                0.99051005899878,
                0,
                16.490005493164062,
                -0.0000438690185546875,
                0.000011444091796875,
                1
            ],
            "name": "Cloth_test_R4C2"
        },
        "Gun_cock_0": {
            "children": [],
            "matrix": [
                -0.19611144065856959,
                0.2864228785037995,
                0.9378176927566527,
                0,
                0.2690154513655594,
                -0.9039793229902426,
                0.33234323678554356,
                0,
                0.9429586715029916,
                0.317463815409875,
                0.10022852463270544,
                0,
                -1.1078376770019602,
                4.3947639465332,
                -3.4974327087402344,
                1
            ],
            "name": "Gun_cock_0"
        },
        "Index_0_L": {
            "children": [
                "Index_1_L"
            ],
            "matrix": [
                0.6719330549240112,
                0.08522538840770719,
                -0.735691726207733,
                0,
                0.6752632467648865,
                -0.4784850775595032,
                0.5613120346248576,
                0,
                -0.30417948369611847,
                -0.8739497145076363,
                -0.37905952134374876,
                0,
                2.845478057861328,
                0.8928298950195312,
                -2.6436090469360334,
                1
            ],
            "name": "Index_0_L"
        },
        "Index_0_R": {
            "children": [
                "Index_1_R"
            ],
            "matrix": [
                0.8439049720764161,
                0.5339093804359436,
                -0.052582804113626445,
                0,
                -0.09361175628090589,
                0.243051329913075,
                0.9654859464713034,
                0,
                0.5282621594080575,
                -0.8098557697702851,
                0.2550923411153943,
                0,
                -7.6112823486328125,
                3.9541664123535227,
                -0.9815177917480487,
                1
            ],
            "name": "Index_0_R"
        },
        "Index_1_L": {
            "children": [
                "Index_2_L"
            ],
            "matrix": [
                0.7364954948425296,
                -5.960464477539063e-8,
                -0.6764427423477177,
                0,
                -1.6542040309763806e-7,
                1.0000002384186097,
                -2.6822084009392455e-7,
                0,
                0.6764428065800421,
                3.0944082721195976e-7,
                0.736495564777198,
                0,
                5.780597686767578,
                0.0000019073486292597863,
                0.000015258789048289145,
                1
            ],
            "name": "Index_1_L"
        },
        "Index_1_R": {
            "children": [
                "Index_2_R"
            ],
            "matrix": [
                0.9227550029754641,
                4.0978193338592206e-8,
                -0.38538703322410617,
                0,
                1.1895686884144663e-7,
                0.999999880790727,
                3.9115543937900954e-7,
                0,
                0.38538709145203165,
                -4.067851833711167e-7,
                0.9227551423939927,
                0,
                -8.800834655761719,
                -3.552713678800501e-15,
                0.000011444091800427714,
                1
            ],
            "name": "Index_1_R"
        },
        "Index_2_L": {
            "children": [],
            "matrix": [
                0.9999997615814208,
                1.1920928955078125e-7,
                -5.21540641784668e-8,
                0,
                -1.1920927711628337e-7,
                0.999999761581442,
                2.3841857915707365e-7,
                0,
                5.21540987757918e-8,
                -2.384186013199008e-7,
                0.9999998807908069,
                0,
                6.163448333740234,
                0,
                -0.0000038146972585195726,
                1
