{
    "accessors": [
        {
            "bufferView": 0,
            "byteOffset": 0,
            "componentType": 5126,
            "count": 2099,
            "max": [
                58.607200622558594,
                23.26169776916504,
                121.98832702636719
            ],
            "min": [
                -56.631465911865234,
                -29.866703033447266,
                -0.000015745379641884938
            ],
            "type": "VEC3"
        },
        {
            "bufferView": 0,
            "byteOffset": 25188,
            "componentType": 5126,
            "count": 2099,
            "max": [
                0.9985331892967224,
                0.9989638328552246,
                0.999792754650116
            ],
            "min": [
                -0.9985339045524597,
                -1,
                -1
            ],
            "type": "VEC3"
        },
        {
            "bufferView": 0,
            "byteOffset": 50376,
            "componentType": 5126,
            "count": 2099,
            "max": [
                1.9967700242996216,
                0.9947652816772461
            ],
            "min": [
                0.005642999894917011,
                0.013229012489318848
            ],
            "type": "VEC2"
        },
        {
            "bufferView": 0,
            "byteOffset": 67168,
            "componentType": 5123,
            "count": 2099,
            "max": [
                33,
                32,
                32,
                0
            ],
            "min": [
                0,
                0,
                0,
                0
            ],
            "type": "VEC4"
        },
        {
            "bufferView": 0,
            "byteOffset": 83960,
            "componentType": 5126,
            "count": 2099,
            "max": [
                1,
                0.9997761845588684,
                0.9375824332237244,
                0
            ],
            "min": [
                0.00022381776943802834,
                0,
                0,
                0
            ],
            "type": "VEC4"
        },
        {
            "bufferView": 2,
            "byteOffset": 0,
            "componentType": 5123,
            "count": 10626,
            "max": [
                2098
            ],
            "min": [
                0
            ],
            "type": "SCALAR"
        },
        {
            "bufferView": 1,
            "byteOffset": 0,
            "componentType": 5126,
            "count": 34,
            "max": [
                0.9991228007532265,
                0.9999999999999732,
                0.8955994249313433,
                0,
                0.8773365418552634,
                0.9654862213373645,
                1.0000001192092782,
                0,
                0.99999988079046,
                0.8582256173227815,
                1.0000000596046075,
                0,
                63.81436598479273,
                93.39250533099987,
                63.75480228449022,
                1
            ],
            "min": [
                -0.8047754187520787,
                -1.0000001192091856,
                -0.12174589144952823,
                0,
                -1.0000000596046235,
                -0.9654862600226722,
                -1.000000238418426,
                0,
                -0.9817185256855812,
                -0.9991229195976441,
                -0.9292012895270162,
                0,
                -86.3476234278458,
                -71.63016426231636,
                -111.62689111392557,
                1
            ],
            "type": "MAT4"
        },
        {
            "bufferView": 0,
            "byteOffset": 117544,
            "componentType": 5126,
            "count": 156,
            "max": [
                35.80428695678711,
                30.0095157623291,
                114.04499816894531
            ],
            "min": [
                -16.964200973510742,
                -7.284908294677734,
                19.561338424682617
            ],
            "type": "VEC3"
        },
        {
            "bufferView": 0,
            "byteOffset": 119416,
            "componentType": 5126,
            "count": 156,
            "max": [
                0.6130706667900085,
                0.9988967180252075,
                0.9809008836746216
            ],
            "min": [
                -0.6130707859992981,
                -0.9988967180252075,
                -0.9809008240699768
            ],
            "type": "VEC3"
        },
        {
            "bufferView": 0,
            "byteOffset": 121288,
            "componentType": 5126,
            "count": 156,
            "max": [
                0.9688979983329773,
                0.9803000092506409
            ],
            "min": [
                0.03728869929909706,
                0.029699981212615967
            ],
            "type": "VEC2"
        },
        {
            "bufferView": 0,
            "byteOffset": 122536,
            "componentType": 5123,
            "count": 156,
            "max": [
                11,
                13,
                14,
                0
            ],
            "min": [
                0,
                0,
                0,
                0
            ],
            "type": "VEC4"
        },
        {
            "bufferView": 0,
            "byteOffset": 123784,
            "componentType": 5126,
            "count": 156,
            "max": [
                1,
                0.5321465134620667,
                0.537720799446106,
                0
            ],
            "min": [
                0.14338959753513336,
                0,
                0,
                0
            ],
            "type": "VEC4"
        },
        {
            "bufferView": 2,
            "byteOffset": 21252,
            "componentType": 5123,
            "count": 738,
            "max": [
                155
            ],
            "min": [
                0
            ],
            "type": "SCALAR"
        },
        {
            "bufferView": 1,
            "byteOffset": 2176,
            "componentType": 5126,
            "count": 15,
            "max": [
                0.7402457070363931,
                0.9999999999999893,
                0.5528811987151273,
                0,
                0.94153050969628,
                0.7258748417676811,
                0.6755424928632549,
                0,
                0.6597641044573477,
                0.5716176841537314,
                0.8107221436228464,
                0,
                98.72163854810682,
                108.22792339840434,
                53.72031353793934,
                1
            ],
            "min": [
                -0.16171643143101344,
                -0.348880640375857,
                -0.9999927769753901,
                0,
                -0.8107221436228557,
                -0.9982753980072744,
                -0.6755426769635953,
                0,
                -0.9966827775258738,
                -0.9960428327667656,
                -0.4878164472076404,
                0,
                -58.64680460219285,
                -60.52867679740344,
                -89.29415208894946,
                1
            ],
            "type": "MAT4"
        },
        {
            "bufferView": 0,
            "byteOffset": 126280,
            "componentType": 5126,
            "count": 774,
            "max": [
                10.105896949768066,
                0.359121173620224,
                123.71731567382812
            ],
            "min": [
                -14.607502937316895,
                -34.43330383300781,
                101.3253173828125
            ],
            "type": "VEC3"
        },
        {
            "bufferView": 0,
            "byteOffset": 135568,
            "componentType": 5126,
            "count": 774,
            "max": [
                0.9991316795349121,
                0.9996649026870728,
                0.9997138381004333
            ],
            "min": [
                -0.9990770816802979,
                -0.9995351433753967,
                -0.9999382495880127
            ],
            "type": "VEC3"
        },
        {
            "bufferView": 0,
            "byteOffset": 144856,
            "componentType": 5126,
            "count": 774,
            "max": [
                0.9872369766235352,
                0.9847750067710876
            ],
            "min": [
                0.01839200034737587,
                0.01318502426147461
            ],
            "type": "VEC2"
        },
        {
            "bufferView": 0,
            "byteOffset": 151048,
            "componentType": 5123,
            "count": 774,
            "max": [
                0,
                1,
                0,
                0
            ],
            "min": [
                0,
                0,
                0,
                0
            ],
            "type": "VEC4"
        },
        {
            "bufferView": 0,
            "byteOffset": 157240,
            "componentType": 5126,
            "count": 774,
            "max": [
                1,
                0.0671224594116211,
                0,
                0
            ],
            "min": [
                0.9328775405883789,
                0,
                0,
                0
            ],
            "type": "VEC4"
        },
        {
            "bufferView": 2,
            "byteOffset": 22728,
            "componentType": 5123,
            "count": 2433,
            "max": [
                773
            ],
            "min": [
                0
            ],
            "type": "SCALAR"
        },
        {
            "bufferView": 1,
            "byteOffset": 3136,
            "componentType": 5126,
            "count": 2,
            "max": [
                2.8427684619318365e-7,
                0.9999999999999925,
                4.488340990442356e-7,
                0,
                -0.810722181119047,
                2.842768292489164e-7,
                0.5854311483761417,
                0,
                0.5854311483761464,
                2.8003068615927493e-8,
                1.0000000596044096,
                0,
                -7.708712083620993,
                0.00004854910898067668,
                -89.29416476535329,
                1
            ],
            "min": [
                5.0747325070675693e-8,
                0.9999999999997546,
                -7.11860821350632e-8,
                0,
                -1.0000000596045675,
                8.281652488634046e-8,
                1.276543668787278e-13,
                0,
                6.123234360707975e-17,
                -4.4883407229167186e-7,
                0.8107221811190468,
                0,
                -58.64681826229201,
                -0.000005786603589222995,
                -111.62689874329945,
                1
            ],
            "type": "MAT4"
        },
        {
            "bufferView": 0,
            "byteOffset": 169624,
            "componentType": 5126,
            "count": 512,
            "max": [
                38.67530059814453,
                17.367794036865234,
                105.13099670410156
            ],
            "min": [
                -38.6753044128418,
                -14.09620475769043,
                88.51380157470703
            ],
            "type": "VEC3"
        },
        {
            "bufferView": 0,
            "byteOffset": 175768,
            "componentType": 5126,
            "count": 512,
            "max": [
                0.9986655712127686,
                0.9734702706336975,
                0.9923133850097656
            ],
            "min": [
                -0.9986655712127686,
                -0.9986165761947632,
                -0.9874839186668396
            ],
            "type": "VEC3"
        },
        {
            "bufferView": 0,
            "byteOffset": 181912,
            "componentType": 5126,
            "count": 512,
            "max": [
                0.98642498254776,
                0.9622837901115417
            ],
            "min": [
                0.01487720012664795,
                0.029716014862060547
            ],
            "type": "VEC2"
        },
        {
            "bufferView": 0,
            "byteOffset": 186008,
            "componentType": 5123,
            "count": 512,
            "max": [
                1,
                1,
                2,
                0
            ],
            "min": [
                0,
                0,
                0,
                0
            ],
            "type": "VEC4"
        },
        {
            "bufferView": 0,
            "byteOffset": 190104,
            "componentType": 5126,
            "count": 512,
            "max": [
                1,
                0.001237615942955017,
                0.001237615942955017,
                0
            ],
            "min": [
                0.9975247979164124,
                0,
                0,
                0
            ],
            "type": "VEC4"
        },
        {
            "bufferView": 2,
            "byteOffset": 27594,
            "componentType": 5123,
            "count": 2016,
            "max": [
                511
            ],
            "min": [
                0
            ],
            "type": "SCALAR"
        },
        {
            "bufferView": 1,
            "byteOffset": 3264,
            "componentType": 5126,
            "count": 3,
            "max": [
                0.7402456641960512,
                0.9999999999999915,
                0.5528813915285469,
                0,
                0.12941339360602225,
                0.7258751719935771,
                0.675542337406304,
                0,
                0.6597639600262144,
                0.5716175485110895,
                0.9999999999999993,
                0,
                58.21347448582304,
                60.52865752032842,
                53.72032555035672,
                1
            ],
            "min": [
                8.903743748417711e-8,
                0.3825684648431269,
                -2.6822721882650092e-8,
                0,
                -0.9999999999999921,
                -0.7258751968091863,
                -0.6755424775271329,
                0,
                -0.6597641578297601,
                -0.5716174875527184,
                -0.4878165468994888,
                0,
                -58.21346081083398,
                -60.528661410576916,
                -111.62689208984362,
                1
            ],
            "type": "MAT4"
        },
        {
            "bufferView": 0,
            "byteOffset": 198296,
            "componentType": 5126,
            "count": 887,
            "max": [
                -39.16218948364258,
                15.06666088104248,
                68.16130828857422
            ],
            "min": [
                -64.46133422851562,
                -109.91412353515625,
                21.435794830322266
            ],
            "type": "VEC3"
        },
        {
            "bufferView": 0,
            "byteOffset": 208940,
            "componentType": 5126,
            "count": 887,
            "max": [
                0.9997256994247437,
                0.9973996877670288,
                0.999319314956665
            ],
            "min": [
                -0.9997518062591553,
                -0.9977864027023315,
                -0.9992798566818237
            ],
            "type": "VEC3"
        },
        {
            "bufferView": 0,
            "byteOffset": 219584,
            "componentType": 5126,
            "count": 887,
            "max": [
                1.5598000288009644,
                0.9868999719619751
            ],
            "min": [
                0.008799999952316284,
                -0.000599980354309082
            ],
            "type": "VEC2"
        },
        {
            "bufferView": 0,
            "byteOffset": 226680,
            "componentType": 5123,
            "count": 887,
            "max": [
                1,
                1,
                0,
                0
            ],
            "min": [
                0,
                0,
                0,
                0
            ],
            "type": "VEC4"
        },
        {
            "bufferView": 0,
            "byteOffset": 233776,
            "componentType": 5126,
            "count": 887,
            "max": [
                1,
                0.9994608163833618,
                0,
                0
            ],
            "min": [
                0.0005391737213358283,
                0,
                0,
                0
            ],
            "type": "VEC4"
        },
        {
            "bufferView": 2,
            "byteOffset": 31626,
            "componentType": 5123,
            "count": 3438,
            "max": [
                886
            ],
            "min": [
                0
            ],
            "type": "SCALAR"
        },
        {
            "bufferView": 1,
            "byteOffset": 3456,
            "componentType": 5126,
            "count": 2,
            "max": [
                -0.10668286479818874,
                0.02302873899782311,
                -0.19202533403081307,
                0,
                0.2747567321927484,
                -0.06943509447505103,
                0.10486315914868578,
                0,
                0.30988452130599276,
                0.9973206208050052,
                0.27202125046290504,
                0,
                -36.66516445235026,
                22.845899192216027,
                -45.58338945629326,
                1
            ],
            "min": [
                -0.9102089490858685,
                -0.3669413558265029,
                -0.9940262893525321,
                0,
                -0.9920598468441187,
                -0.1880905148499325,
                -0.9429372317947591,
                0,
                -0.06660545862165242,
                -0.9110302426741644,
                0.030253415709545022,
                0,
                -49.823182406019505,
                -48.03644872132746,
                -58.41601654522034,
                1
            ],
            "type": "MAT4"
        },
        {
            "bufferView": 0,
            "byteOffset": 247968,
            "componentType": 5126,
            "count": 422,
            "max": [
                57.879722595214844,
                13.622101783752441,
                78.96820068359375
            ],
            "min": [
                -57.87969970703125,
                -18.320993423461914,
                47.69850540161133
            ],
            "type": "VEC3"
        },
        {
            "bufferView": 0,
            "byteOffset": 253032,
            "componentType": 5126,
            "count": 422,
            "max": [
                0.9922076463699341,
                0.9852246046066284,
                0.9991968870162964
            ],
            "min": [
                -0.9911906719207764,
                -0.9938665628433228,
                -0.9826196432113647
            ],
            "type": "VEC3"
        },
        {
            "bufferView": 0,
            "byteOffset": 258096,
            "componentType": 5126,
            "count": 422,
            "max": [
                0.9742760062217712,
                0.9690340161323547
            ],
            "min": [
                0.030242299661040306,
                0.022112011909484863
            ],
            "type": "VEC2"
        },
        {
            "bufferView": 0,
            "byteOffset": 261472,
            "componentType": 5123,
            "count": 422,
            "max": [
                5,
                7,
                7,
                0
            ],
            "min": [
                0,
                0,
                0,
                0
            ],
            "type": "VEC4"
        },
        {
            "bufferView": 0,
            "byteOffset": 264848,
            "componentType": 5126,
            "count": 422,
            "max": [
                1,
                0.9595041871070862,
                0.428032249212265,
                0
            ],
            "min": [
                0.04049580916762352,
                0,
                0,
                0
            ],
            "type": "VEC4"
        },
        {
            "bufferView": 2,
            "byteOffset": 38502,
            "componentType": 5123,
            "count": 1536,
            "max": [
                421
            ],
            "min": [
                0
            ],
            "type": "SCALAR"
        },
        {
            "bufferView": 1,
            "byteOffset": 3584,
            "componentType": 5126,
            "count": 8,
            "max": [
                0.7783841145233671,
                0.5982659435117698,
                0.8739496761814421,
                0,
                0.7356915673449194,
                0.5613124336944101,
                0.9999998807905305,
                0,
                1.0000001788138282,
                0.6752631257272331,
                0.4649644706260081,
                0,
                43.947582507461554,
                71.63019907284935,
                63.75483277929701,
                1
            ],
            "min": [
                -0.08522559243033374,
                -0.9999999999999105,
                1.1920928971159233e-7,
                0,
                -0.7356916271590358,
                -0.5613121822306548,
                -0.9999999999999851,
                0,
                -0.9817185197145729,
                -0.6722451100925911,
                -0.4174533290601522,
                0,
                -54.40797634266633,
                -71.63017327352937,
                -68.82900181199113,
                1
            ],
            "type": "MAT4"
        }
    ],
    "asset": {
        "generator": "ClayGL - fbx2gltf",
        "version": "2.0"
    },
    "bufferViews": [
        {
            "buffer": 0,
            "byteLength": 271600,
            "byteOffset": 0,
            "target": 34962
        },
        {
            "buffer": 0,
            "byteLength": 4096,
            "byteOffset": 271600,
            "target": 34962
        },
        {
            "buffer": 0,
            "byteLength": 41574,
            "byteOffset": 275696,
            "target": 34963
        }
    ],
    "buffers": [
        {
            "byteLength": 317270,
            "uri": "sniper.bin"
        }
    ],
    "images": [
        {
            "uri": "textures/sniper_color.png"
        },
        {
            "uri": "textures/sniper_cape_color.png"
        },
        {
            "uri": "textures/headitem_color.png"
        },
        {
            "uri": "textures/shoulder_color.png"
        },
        {
            "uri": "textures/sniper_gun_color.png"
        },
        {
            "uri": "textures/bracer_color.png"
        }
    ],
    "materials": [
        {
            "emissiveFactor": [
                0,
                0,
                0
            ],
            "name": "Material #35",
            "pbrMetallicRoughness": {
                "baseColorFactor": [
                    1,
                    1,
                    1,
                    1
                ],
                "baseColorTexture": {
                    "index": 0,
                    "texCoord": 0
                },
                "metallicFactor": 0,
                "roughnessFactor": 0.9230769230769231
            }
        },
        {
            "emissiveFactor": [
                0,
                0,
                0
            ],
            "name": "Material #46",
            "pbrMetallicRoughness": {
                "baseColorFactor": [
                    1,
                    1,
                    1,
                    1
                ],
                "baseColorTexture": {
                    "index": 1,
                    "texCoord": 0
                },
                "metallicFactor": 0,
                "roughnessFactor": 0.9230769230769231
            }
        },
        {
            "emissiveFactor": [
                0,
                0,
                0
            ],
            "name": "Material #57",
            "pbrMetallicRoughness": {
                "baseColorFactor": [
                    1,
                    1,
                    1,
                    1
                ],
                "baseColorTexture": {
                    "index": 2,
                    "texCoord": 0
                },
                "metallicFactor": 0,
                "roughnessFactor": 0.9230769230769231
            }
        },
        {
            "emissiveFactor": [
                0,
                0,
                0
            ],
            "name": "Material #68",
            "pbrMetallicRoughness": {
                "baseColorFactor": [
                    1,
                    1,
                    1,
                    1
                ],
                "baseColorTexture": {
                    "index": 3,
                    "texCoord": 0
                },
                "metallicFactor": 0,
                "roughnessFactor": 0.9230769230769231
            }
        },
        {
            "emissiveFactor": [
                0,
                0,
                0
            ],
            "name": "Material #79",
            "pbrMetallicRoughness": {
                "baseColorFactor": [
                    1,
                    1,
                    1,
                    1
                ],
                "baseColorTexture": {
                    "index": 4,
                    "texCoord": 0
                },
                "metallicFactor": 0,
                "roughnessFactor": 0.9230769230769231
            }
        },
        {
            "emissiveFactor": [
                0,
                0,
                0
            ],
            "name": "Material #90",
            "pbrMetallicRoughness": {
                "baseColorFactor": [
                    1,
                    1,
                    1,
                    1
                ],
                "baseColorTexture": {
                    "index": 5,
                    "texCoord": 0
                },
                "metallicFactor": 0,
                "roughnessFactor": 0.9230769230769231
            }
        }
    ],
    "meshes": [
        {
            "name": "sniper_model_LOD0",
            "primitives": [
                {
                    "attributes": {
                        "JOINTS_0": 3,
                        "NORMAL": 1,
                        "POSITION": 0,
                        "TEXCOORD_0": 2,
                        "WEIGHTS_0": 4
                    },
                    "indices": 5,
                    "material": 0
                }
            ]
        },
        {
            "name": "cape_model_LOD0",
            "primitives": [
                {
                    "attributes": {
                        "JOINTS_0": 10,
                        "NORMAL": 8,
                        "POSITION": 7,
                        "TEXCOORD_0": 9,
                        "WEIGHTS_0": 11
                    },
                    "indices": 12,
                    "material": 1
                }
            ]
        },
        {
            "name": "headitem_model_LOD0",
            "primitives": [
                {
                    "attributes": {
                        "JOINTS_0": 17,
                        "NORMAL": 15,
                        "POSITION": 14,
                        "TEXCOORD_0": 16,
                        "WEIGHTS_0": 18
                    },
                    "indices": 19,
                    "material": 2
                }
            ]
        },
        {
            "name": "shoulder_model_LOD0",
            "primitives": [
                {
                    "attributes": {
                        "JOINTS_0": 24,
                        "NORMAL": 22,
                        "POSITION": 21,
                        "TEXCOORD_0": 23,
                        "WEIGHTS_0": 25
                    },
                    "indices": 26,
                    "material": 3
                }
            ]
        },
        {
            "name": "weapon_model_LOD0",
            "primitives": [
                {
                    "attributes": {
                        "JOINTS_0": 31,
                        "NORMAL": 29,
                        "POSITION": 28,
                        "TEXCOORD_0": 30,
                        "WEIGHTS_0": 32
                    },
                    "indices": 33,
                    "material": 4
                }
            ]
        },
        {
            "name": "bracer_model_LOD0",
            "primitives": [
                {
                    "attributes": {
                        "JOINTS_0": 38,
                        "NORMAL": 36,
                        "POSITION": 35,
                        "TEXCOORD_0": 37,
                        "WEIGHTS_0": 39
                    },
                    "indices": 40,
                    "material": 5
                }
            ]
        }
    ],
    "nodes": [
        {
            "matrix": [
                1,
                0,
                0,
                0,
                0,
                1,
                4.371138850878258e-8,
                0,
                0,
                -4.371138850878258e-8,
                1,
                0,
                0,
                0,
                0,
                1
            ],
            "name": "vsDmxIO Scene"
        },
        {
            "children": [
                2,
                6,
                10,
                53
            ],
            "matrix": [
                1.6292068478213574e-7,
                1.469367938527879e-39,
                1.0000000000000002,
                0,
                1.0000000000000002,
                6.123233995736847e-17,
                -1.6292068478213574e-7,
                0,
                -6.123233995736685e-17,
                1,
                9.976014756666736e-24,
                0,
                0,
                51.677371978759766,
                -5.107390880584717,
                1
            ],
            "name": "root"
        },
        {
            "children": [
                3
            ],
            "matrix": [
                0.08959025144577021,
                0.21364693343639377,
                -0.9727942347526549,
                0,
                -0.3167880294303074,
                0.9321117159630858,
                0.17553731757815683,
                0,
                0.9442556994632112,
                0.29244307010264053,
                0.15118887984935475,
                0,
                0.831329345703125,
                15.068958282470703,
                -6.054710388183594,
                1
            ],
            "name": "hip_L"
        },
        {
            "children": [
                4
            ],
            "matrix": [
                0.9223934412002563,
                -4.768371582170028e-7,
                -0.3862517476081848,
                0,
                -2.903082510843924e-8,
                0.9999999403953598,
                -0.0000013038516345487139,
                0,
                0.38625175650114835,
                0.0000012138775031256266,
                0.9223934624357133,
                0,
                19.71601676940918,
                0.0000057220458984375,
                -0.000002384185789239268,
                1
            ],
            "name": "knee_L"
        },
        {
            "children": [
                5
            ],
            "matrix": [
                0.07997274398803711,
                -0.628121614456177,
                0.7739944458007812,
                0,
                -0.013508710970930635,
                0.7757273753877648,
                0.6309237265717974,
                0,
                -0.9967055479848025,
                -0.06091237125989224,
                0.05355193550703574,
                0,
                22.20792579650879,
                0.000003814697269177714,
                -8.344650281877364e-7,
                1
            ],
            "name": "ankle_L"
        },
        {
            "matrix": [
                0.9288068413734433,
                -0.04568943381309515,
                0.36773720383644093,
                0,
                0.06466172800318093,
                0.9971281879890882,
                -0.03943042162939139,
                0,
                -0.3648794672145832,
                0.06040175006647375,
                0.9290935581797183,
                0,
                11.840332031249996,
                3.552713678800501e-15,
                -0.000003576278686301393,
                1
            ],
            "name": "toe_L"
        },
        {
            "children": [
                7
            ],
            "matrix": [
                -0.08959031850099552,
                0.21364690363407096,
                0.9727942943572996,
                0,
                0.31678836069704197,
                0.9321116326459246,
                -0.17553720762379876,
                0,
                -0.9442556584161957,
                0.29244341339739804,
                -0.15118899832937038,
                0,
                0.8313331604003906,
                -15.068957328796385,
                -6.054710388183594,
                1
            ],
            "name": "hip_R"
        },
        {
            "children": [
                8
            ],
            "matrix": [
                0.9223932027816772,
                4.470348363705412e-8,
                -0.38625168800354015,
                0,
                1.426308564554668e-7,
                0.9999997615814326,
                4.563480520691776e-7,
                0,
                0.38625170479301996,
                -4.7602388436596144e-7,
                0.9223932428759505,
                0,
                -19.716026306152344,
                0,
                -0.000002861022950995107,
                1
            ],
            "name": "knee_R"
        },
        {
            "children": [
                9
            ],
            "matrix": [
                0.0799728035926818,
                -0.6281213164329529,
                0.7739949226379397,
                0,
                -0.013509609765490482,
                0.7757276519047379,
                0.6309233574968411,
                0,
                -0.9967057072387729,
                -0.060913081159827076,
                0.05355144307322862,
                0,
                -22.20792388916016,
                0.0000019073486328125,
                0.000001788139343705808,
                1
            ],
            "name": "ankle_R"
        },
        {
            "matrix": [
                -0.9486831426620481,
                -5.626323512641918e-7,
                -0.3162277042865753,
                0,
                -4.721866316836909e-7,
                0.999999940395345,
                -3.6264001679331415e-7,
                0,
                0.31622779071341195,
                -1.9471204109125506e-7,
                -0.9486834019422193,
                0,
                -11.840333938598633,
                0,
                -0.000005066394805575136,
                1
            ],
            "name": "toe_R"
        },
        {
            "children": [
                11
            ],
            "matrix": [
                0.10221036523580564,
                1.665220672464331e-8,
                0.9947627782821656,
                0,
                -2.4988575499716835e-7,
                0.9999999999999997,
                8.935504780538764e-9,
                0,
                -0.9947627782821652,
                -2.4949034910130486e-7,
                0.10221036523580976,
                0,
                -5.9677882194519025,
                -9.65309254752345e-9,
                22.02225112915039,
                1
            ],
            "name": "Spine_0"
        },
        {
            "children": [
                12
            ],
            "matrix": [
                0.9750885367393491,
                8.881784223471032e-15,
                -0.22181597352027885,
                0,
                -1.6028750321650846e-14,
                0.9999999999999999,
                -3.042011082178973e-14,
                0,
                0.22181597352027888,
                3.3217734279842866e-14,
                0.9750885367393493,
                0,
                20.591781616210938,
                8.953816177381677e-7,
                -0.000005722045894884786,
                1
            ],
            "name": "Spine_1"
        },
        {
            "children": [
                13,
                16,
                21,
                31,
                36,
                48
            ],
            "matrix": [
                0.8142739534378054,
                2.1316282125742565e-14,
                -0.580480694770813,
                0,
                -4.232399644860793e-14,
                1,
                -2.2648549702353193e-14,
                0,
                0.5804806947708134,
                4.3010387003377054e-14,
                0.8142739534378055,
                0,
                13.240493774414062,
                2.915082859544782e-7,
                0.000003814697265625,
                1
            ],
            "name": "Spine_2"
        },
        {
            "children": [
                14
            ],
            "matrix": [
                0.8365767002105712,
                2.78943534407675e-14,
                -0.547849714756012,
                0,
                9.80966909378817e-9,
                0.9999999999999994,
                1.4979598006448267e-8,
                0,
                0.5478497147560121,
                -1.790580708559798e-8,
                0.8365767002105713,
                0,
                7.9002151489257955,
                -3.1350759854831437e-7,
                -0.000015258789048289145,
                1
            ],
            "name": "neck_1"
        },
        {
            "children": [
                15
            ],
            "matrix": [
                0.9989596009254453,
                2.802201999358312e-14,
                -0.045604124665260315,
                0,
                -2.797011090289962e-14,
                0.9999999999999997,
                1.7763568394002505e-15,
                0,
                0.045604124665260315,
                -4.989562885798401e-16,
                0.9989596009254454,
                0,
                6.039426803588866,
                -5.101733222545599e-7,
                0.000030517578125,
                1
            ],
            "name": "head"
        },
        {
            "matrix": [
                7.543170712362645e-8,
                0.9991228580474858,
                0.04187551140785217,
                0,
                -3.1075497246862986e-7,
                0.04187551140787559,
                -0.9991228580474845,
                0,
                -1,
                6.235251667503988e-8,
                3.136411237796666e-7,
                0,
                12.863410949707033,
                -0.39052426815032965,
                -18.168777465820327,
                1
            ],
            "name": "beard2_0"
        },
        {
