{
    "accessors": {
        "attrbute_1": {
            "bufferView": "bufferView_37",
            "byteOffset": 0,
            "byteStride": 12,
            "count": 2099,
            "max": [
                58.607200622558594,
                23.26169776916504,
                121.98832702636719,
                0
            ],
            "min": [
                -56.631465911865234,
                -29.866703033447266,
                -0.000015745379641884938,
                0
            ],
            "type": 35665
        },
        "attrbute_10": {
            "bufferView": "bufferView_37",
            "byteOffset": 130932,
            "byteStride": 16,
            "count": 156,
            "max": [
                11,
                13,
                14,
                -1
            ],
            "min": [
                0,
                -1,
                -1,
                -1
            ],
            "type": 35666
        },
        "attrbute_11": {
            "bufferView": "bufferView_37",
            "byteOffset": 133428,
            "byteStride": 12,
            "count": 156,
            "max": [
                1,
                0.5321465134620667,
                0.537720799446106
            ],
            "min": [
                0.14338959753513336,
                0,
                0
            ],
            "type": 35665
        },
        "attrbute_13": {
            "bufferView": "bufferView_37",
            "byteOffset": 135300,
            "byteStride": 12,
            "count": 774,
            "max": [
                10.105896949768066,
                0.359121173620224,
                123.71731567382812,
                0
            ],
            "min": [
                -14.607502937316895,
                -34.43330383300781,
                101.3253173828125,
                0
            ],
            "type": 35665
        },
        "attrbute_14": {
            "bufferView": "bufferView_37",
            "byteOffset": 144588,
            "byteStride": 12,
            "count": 774,
            "max": [
                0.9991316795349121,
                0.9996649026870728,
                0.9997138381004333,
                0
            ],
            "min": [
                -0.9990770816802979,
                -0.9995351433753967,
                -0.9999382495880127,
                0
            ],
            "type": 35665
        },
        "attrbute_15": {
            "bufferView": "bufferView_37",
            "byteOffset": 153876,
            "byteStride": 8,
            "count": 774,
            "max": [
                0.9872369766235352,
                0.9868149757385254
            ],
            "min": [
                0.01839200034737587,
                0.015224993228912354
            ],
            "type": 35664
        },
        "attrbute_16": {
            "bufferView": "bufferView_37",
            "byteOffset": 160068,
            "byteStride": 16,
            "count": 774,
            "max": [
                0,
                1,
                -1,
                -1
            ],
            "min": [
                0,
                -1,
                -1,
                -1
            ],
            "type": 35666
        },
        "attrbute_17": {
            "bufferView": "bufferView_37",
            "byteOffset": 172452,
            "byteStride": 12,
            "count": 774,
            "max": [
                1,
                0.0671224594116211,
                0
            ],
            "min": [
                0.9328775405883789,
                0,
                0
            ],
            "type": 35665
        },
        "attrbute_19": {
            "bufferView": "bufferView_37",
            "byteOffset": 181740,
            "byteStride": 12,
            "count": 512,
            "max": [
                38.67530059814453,
                17.367794036865234,
                105.13099670410156,
                0
            ],
            "min": [
                -38.6753044128418,
                -14.09620475769043,
                88.51380157470703,
                0
            ],
            "type": 35665
        },
        "attrbute_2": {
            "bufferView": "bufferView_37",
            "byteOffset": 25188,
            "byteStride": 12,
            "count": 2099,
            "max": [
                0.9985331892967224,
                0.9989638328552246,
                0.999792754650116,
                0
            ],
            "min": [
                -0.9985339045524597,
                -1,
                -1,
                0
            ],
            "type": 35665
        },
        "attrbute_20": {
            "bufferView": "bufferView_37",
            "byteOffset": 187884,
            "byteStride": 12,
            "count": 512,
            "max": [
                0.9986655712127686,
                0.9734702706336975,
                0.9923133850097656,
                0
            ],
            "min": [
                -0.9986655712127686,
                -0.9986165761947632,
                -0.9874839186668396,
                0
            ],
            "type": 35665
        },
        "attrbute_21": {
            "bufferView": "bufferView_37",
            "byteOffset": 194028,
            "byteStride": 8,
            "count": 512,
            "max": [
                0.98642498254776,
                0.9702839851379395
            ],
            "min": [
                0.01487720012664795,
                0.03771620988845825
            ],
            "type": 35664
        },
        "attrbute_22": {
            "bufferView": "bufferView_37",
            "byteOffset": 198124,
            "byteStride": 16,
            "count": 512,
            "max": [
                1,
                1,
                2,
                -1
            ],
            "min": [
                0,
                -1,
                -1,
                -1
            ],
            "type": 35666
        },
        "attrbute_23": {
            "bufferView": "bufferView_37",
            "byteOffset": 206316,
            "byteStride": 12,
            "count": 512,
            "max": [
                1,
                0.001237615942955017,
                0.001237615942955017
            ],
            "min": [
                0.9975247979164124,
                0,
                0
            ],
            "type": 35665
        },
        "attrbute_25": {
            "bufferView": "bufferView_37",
            "byteOffset": 212460,
            "byteStride": 12,
            "count": 887,
            "max": [
                -39.16218948364258,
                15.06666088104248,
                68.16130828857422,
                0
            ],
            "min": [
                -64.46133422851562,
                -109.91412353515625,
                21.435794830322266,
                0
            ],
            "type": 35665
        },
        "attrbute_26": {
            "bufferView": "bufferView_37",
            "byteOffset": 223104,
            "byteStride": 12,
            "count": 887,
            "max": [
                0.9997256994247437,
                0.9973996877670288,
                0.999319314956665,
                0
            ],
            "min": [
                -0.9997518062591553,
                -0.9977864027023315,
                -0.9992798566818237,
                0
            ],
            "type": 35665
        },
        "attrbute_27": {
            "bufferView": "bufferView_37",
            "byteOffset": 233748,
            "byteStride": 8,
            "count": 887,
            "max": [
                1.5598000288009644,
                1.000599980354309
            ],
            "min": [
                0.008799999952316284,
                0.013100028038024902
            ],
            "type": 35664
        },
        "attrbute_28": {
            "bufferView": "bufferView_37",
            "byteOffset": 240844,
            "byteStride": 16,
            "count": 887,
            "max": [
                1,
                1,
                -1,
                -1
            ],
            "min": [
                0,
                -1,
                -1,
                -1
            ],
            "type": 35666
        },
        "attrbute_29": {
            "bufferView": "bufferView_37",
            "byteOffset": 255036,
            "byteStride": 12,
            "count": 887,
            "max": [
                1,
                0.9994608163833618,
                0
            ],
            "min": [
                0.0005391737213358283,
                0,
                0
            ],
            "type": 35665
        },
        "attrbute_3": {
            "bufferView": "bufferView_37",
            "byteOffset": 50376,
            "byteStride": 8,
            "count": 2099,
            "max": [
                1.9967700242996216,
                0.9867709875106812
            ],
            "min": [
                0.005642999894917011,
                0.005234718322753906
            ],
            "type": 35664
        },
        "attrbute_31": {
            "bufferView": "bufferView_37",
            "byteOffset": 265680,
            "byteStride": 12,
            "count": 422,
            "max": [
                57.879722595214844,
                13.622101783752441,
                78.96820068359375,
                0
            ],
            "min": [
                -57.87969970703125,
                -18.320993423461914,
                47.69850540161133,
                0
            ],
            "type": 35665
        },
        "attrbute_32": {
            "bufferView": "bufferView_37",
            "byteOffset": 270744,
            "byteStride": 12,
            "count": 422,
            "max": [
                0.9922076463699341,
                0.9852246046066284,
                0.9991968870162964,
                0
            ],
            "min": [
                -0.9911906719207764,
                -0.9938665628433228,
                -0.9826196432113647,
                0
            ],
            "type": 35665
        },
        "attrbute_33": {
            "bufferView": "bufferView_37",
            "byteOffset": 275808,
            "byteStride": 8,
            "count": 422,
            "max": [
                0.9742760062217712,
                0.9778879880905151
            ],
            "min": [
                0.030242299661040306,
                0.030965983867645264
            ],
            "type": 35664
        },
        "attrbute_34": {
            "bufferView": "bufferView_37",
            "byteOffset": 279184,
            "byteStride": 16,
            "count": 422,
            "max": [
                5,
                7,
                7,
                -1
            ],
            "min": [
                0,
                -1,
                -1,
                -1
            ],
            "type": 35666
        },
        "attrbute_35": {
            "bufferView": "bufferView_37",
            "byteOffset": 285936,
            "byteStride": 12,
            "count": 422,
            "max": [
                1,
                0.9595041871070862,
                0.428032249212265
            ],
            "min": [
                0.04049580916762352,
                0,
                0
            ],
            "type": 35665
        },
        "attrbute_4": {
            "bufferView": "bufferView_37",
            "byteOffset": 67168,
            "byteStride": 16,
            "count": 2099,
            "max": [
                33,
                32,
                32,
                -1
            ],
            "min": [
                0,
                -1,
                -1,
                -1
            ],
            "type": 35666
        },
        "attrbute_5": {
            "bufferView": "bufferView_37",
            "byteOffset": 100752,
            "byteStride": 12,
            "count": 2099,
            "max": [
                1,
                0.9997761845588684,
                0.9375824332237244
            ],
            "min": [
                0.00022381776943802834,
                0,
                0
            ],
            "type": 35665
        },
        "attrbute_7": {
            "bufferView": "bufferView_37",
            "byteOffset": 125940,
            "byteStride": 12,
            "count": 156,
            "max": [
                35.80428695678711,
                30.0095157623291,
                114.04499816894531,
                0
            ],
            "min": [
                -16.964200973510742,
                -7.284908294677734,
                19.561338424682617,
                0
            ],
            "type": 35665
        },
        "attrbute_8": {
            "bufferView": "bufferView_37",
            "byteOffset": 127812,
            "byteStride": 12,
            "count": 156,
            "max": [
                0.6130706667900085,
                0.9988967180252075,
                0.9809008836746216,
                0
            ],
            "min": [
                -0.6130707859992981,
                -0.9988967180252075,
                -0.9809008240699768,
                0
            ],
            "type": 35665
        },
        "attrbute_9": {
            "bufferView": "bufferView_37",
            "byteOffset": 129684,
            "byteStride": 8,
            "count": 156,
            "max": [
                0.9688979983329773,
                0.970300018787384
            ],
            "min": [
                0.03728869929909706,
                0.01969999074935913
            ],
            "type": 35664
        },
        "indices_12": {
            "bufferView": "bufferView_39",
            "byteOffset": 21252,
            "count": 738,
            "type": 5123
        },
        "indices_18": {
            "bufferView": "bufferView_39",
            "byteOffset": 22728,
            "count": 2433,
            "type": 5123
        },
        "indices_24": {
            "bufferView": "bufferView_39",
            "byteOffset": 27594,
            "count": 2016,
            "type": 5123
        },
        "indices_30": {
            "bufferView": "bufferView_39",
            "byteOffset": 31626,
            "count": 3438,
            "type": 5123
        },
        "indices_36": {
            "bufferView": "bufferView_39",
            "byteOffset": 38502,
            "count": 1536,
            "type": 5123
        },
        "indices_6": {
            "bufferView": "bufferView_39",
            "byteOffset": 0,
            "count": 10626,
            "type": 5123
        }
    },
    "animations": {},
    "asset": {},
    "bufferViews": {
        "bufferView_37": {
            "buffer": "sniper.bin",
            "byteLength": 291000,
            "byteOffset": 0,
            "target": 34962
        },
        "bufferView_38": {
            "buffer": "sniper.bin",
            "byteLength": 5760,
            "byteOffset": 291000
        },
        "bufferView_39": {
            "buffer": "sniper.bin",
            "byteLength": 41574,
            "byteOffset": 296760,
            "target": 34963
        }
    },
    "buffers": {
        "sniper.bin": {
            "byteLength": 338334,
            "path": "sniper.bin"
        }
    },
    "cameras": {},
    "images": {
        "image_0": {
            "path": "textures/sniper_color.png"
        },
        "image_1": {
            "path": "textures/sniper_cape_color.png"
        },
        "image_2": {
            "path": "textures/headitem_color.png"
        },
        "image_3": {
            "path": "textures/shoulder_color.png"
        },
        "image_4": {
            "path": "textures/sniper_gun_color.png"
        },
        "image_5": {
            "path": "textures/bracer_color.png"
        }
    },
    "lights": {},
    "materials": {
        "Material #35": {
            "instanceTechnique": {
                "technique": "technique_0",
                "values": {
                    "ambient": [
                        0.5879999995231628,
                        0.5879999995231628,
                        0.5879999995231628
                    ],
                    "diffuse": "Map #11",
                    "emission": [
                        0,
                        0,
                        0
                    ],
                    "shininess": 2,
                    "specular": [
                        0.8999999761581421,
                        0.8999999761581421,
                        0.8999999761581421
                    ],
                    "transparency": 1
                }
            },
            "name": "Material #35"
        },
        "Material #46": {
            "instanceTechnique": {
                "technique": "technique_0",
                "values": {
                    "ambient": [
                        0.5879999995231628,
                        0.5879999995231628,
                        0.5879999995231628
                    ],
                    "diffuse": "Map #8",
                    "emission": [
                        0,
                        0,
                        0
                    ],
                    "shininess": 2,
                    "specular": [
                        0.8999999761581421,
                        0.8999999761581421,
                        0.8999999761581421
                    ],
                    "transparency": 1
                }
            },
            "name": "Material #46"
        },
        "Material #57": {
            "instanceTechnique": {
                "technique": "technique_0",
                "values": {
                    "ambient": [
                        0.5879999995231628,
                        0.5879999995231628,
                        0.5879999995231628
                    ],
                    "diffuse": "Map #9",
                    "emission": [
                        0,
                        0,
                        0
                    ],
                    "shininess": 2,
                    "specular": [
                        0.8999999761581421,
                        0.8999999761581421,
                        0.8999999761581421
                    ],
                    "transparency": 1
                }
            },
            "name": "Material #57"
        },
        "Material #68": {
            "instanceTechnique": {
                "technique": "technique_0",
                "values": {
                    "ambient": [
                        0.5879999995231628,
                        0.5879999995231628,
                        0.5879999995231628
                    ],
                    "diffuse": "Map #10",
                    "emission": [
                        0,
                        0,
                        0
                    ],
                    "shininess": 2,
                    "specular": [
                        0.8999999761581421,
                        0.8999999761581421,
                        0.8999999761581421
                    ],
                    "transparency": 1
                }
            },
            "name": "Material #68"
        },
        "Material #79": {
            "instanceTechnique": {
                "technique": "technique_0",
                "values": {
                    "ambient": [
                        0.5879999995231628,
                        0.5879999995231628,
                        0.5879999995231628
                    ],
                    "diffuse": "Map #12",
                    "emission": [
                        0,
                        0,
                        0
                    ],
                    "shininess": 2,
                    "specular": [
                        0.8999999761581421,
                        0.8999999761581421,
                        0.8999999761581421
                    ],
                    "transparency": 1
                }
            },
            "name": "Material #79"
        },
        "Material #90": {
            "instanceTechnique": {
                "technique": "technique_0",
                "values": {
                    "ambient": [
                        0.5879999995231628,
                        0.5879999995231628,
                        0.5879999995231628
                    ],
                    "diffuse": "Map #7",
                    "emission": [
                        0,
                        0,
                        0
                    ],
                    "shininess": 2,
                    "specular": [
                        0.8999999761581421,
                        0.8999999761581421,
                        0.8999999761581421
                    ],
                    "transparency": 1
                }
            },
            "name": "Material #90"
        }
    },
    "meshes": {
        "bracer_model_LOD0-mesh": {
            "name": "bracer_model_LOD0-mesh",
            "primitives": [
                {
                    "attributes": {
                        "JOINT": "attrbute_34",
                        "NORMAL": "attrbute_32",
                        "POSITION": "attrbute_31",
                        "TEXCOORD_0": "attrbute_33",
                        "WEIGHT": "attrbute_35"
                    },
                    "indices": "indices_36",
                    "material": "Material #90"
                }
            ]
        },
        "cape_model_LOD0-mesh": {
            "name": "cape_model_LOD0-mesh",
            "primitives": [
                {
                    "attributes": {
                        "JOINT": "attrbute_10",
                        "NORMAL": "attrbute_8",
                        "POSITION": "attrbute_7",
                        "TEXCOORD_0": "attrbute_9",
                        "WEIGHT": "attrbute_11"
                    },
                    "indices": "indices_12",
                    "material": "Material #46"
                }
            ]
        },
        "headitem_model_LOD0-mesh": {
            "name": "headitem_model_LOD0-mesh",
            "primitives": [
                {
                    "attributes": {
                        "JOINT": "attrbute_16",
                        "NORMAL": "attrbute_14",
                        "POSITION": "attrbute_13",
                        "TEXCOORD_0": "attrbute_15",
                        "WEIGHT": "attrbute_17"
                    },
                    "indices": "indices_18",
                    "material": "Material #57"
                }
            ]
        },
        "shoulder_model_LOD0-mesh": {
            "name": "shoulder_model_LOD0-mesh",
            "primitives": [
                {
                    "attributes": {
                        "JOINT": "attrbute_22",
                        "NORMAL": "attrbute_20",
                        "POSITION": "attrbute_19",
                        "TEXCOORD_0": "attrbute_21",
                        "WEIGHT": "attrbute_23"
                    },
                    "indices": "indices_24",
                    "material": "Material #68"
                }
            ]
        },
        "sniper_model_LOD0-mesh": {
            "name": "sniper_model_LOD0-mesh",
            "primitives": [
                {
                    "attributes": {
                        "JOINT": "attrbute_4",
                        "NORMAL": "attrbute_2",
                        "POSITION": "attrbute_1",
                        "TEXCOORD_0": "attrbute_3",
                        "WEIGHT": "attrbute_5"
                    },
                    "indices": "indices_6",
                    "material": "Material #35"
                }
            ]
        },
        "weapon_model_LOD0-mesh": {
            "name": "weapon_model_LOD0-mesh",
            "primitives": [
                {
                    "attributes": {
                        "JOINT": "attrbute_28",
                        "NORMAL": "attrbute_26",
                        "POSITION": "attrbute_25",
                        "TEXCOORD_0": "attrbute_27",
                        "WEIGHT": "attrbute_29"
                    },
                    "indices": "indices_30",
                    "material": "Material #79"
                }
            ]
        }
    },
    "nodes": {
        "Cloth_test_R0C0": {
            "children": [
                "Cloth_test_R1C0"
            ],
            "jointId": "Cloth_test_R0C0",
            "matrix": [
                -0.9449008107185368,
                -0.007013012189417995,
                -0.3272812664508821,
                0,
                0.32720673473959155,
                0.009991446241551776,
                -0.9448997262075147,
                0,
                0.009896608685118782,
                -0.9999253749516245,
                -0.0071462224289569895,
                0,
                -0.26915740966796875,
                -3.465324640274048,
                6.4122314453125,
                1
            ],
            "name": "Cloth_test_R0C0"
        },
        "Cloth_test_R0C1": {
            "children": [
                "Cloth_test_R1C1"
            ],
            "jointId": "Cloth_test_R0C1",
            "matrix": [
                -0.9880344867706302,
                0.15238861739635465,
                -0.023774415254592784,
                0,
                0.00638363418840765,
                -0.11360915055445145,
                -0.9935046499652234,
                0,
                -0.15409985920660565,
                -0.9817690579643985,
                0.11127701474793204,
                0,
                3.0227775573730398,
                8.614821434020996,
                5.118255615234375,
                1
            ],
            "name": "Cloth_test_R0C1"
        },
        "Cloth_test_R0C2": {
            "children": [
                "Cloth_test_R1C2"
            ],
            "jointId": "Cloth_test_R0C2",
            "matrix": [
                -0.8153495788574222,
                0.32499516010284396,
                0.4791478514671328,
                0,
                -0.5150046067061067,
                -0.028998841781053348,
                -0.8566965388723718,
                0,
                -0.2645275685073334,
                -0.945270771805584,
                0.19101825034718095,
                0,
                9.131149291992173,
                16.317993164062504,
                -4.259689331054702,
                1
            ],
            "name": "Cloth_test_R0C2"
        },
        "Cloth_test_R1C0": {
            "children": [
                "Cloth_test_R2C0"
            ],
            "jointId": "Cloth_test_R1C0",
            "matrix": [
                0.9318199157714845,
                0.35810962319374146,
                0.058897253125906004,
                0,
                -0.3365792448062448,
                0.9134304960190744,
                -0.22882233859816237,
                0,
                -0.13574201342453654,
                0.19339759769305898,
                0.9716848858320494,
                0,
                15.914512634277358,
                0,
                -9.5367431640625e-7,
                1
            ],
            "name": "Cloth_test_R1C0"
        },
        "Cloth_test_R1C1": {
            "children": [
                "Cloth_test_R2C1"
            ],
            "jointId": "Cloth_test_R1C1",
            "matrix": [
                0.7494063973426821,
                0.6608610153198246,
                0.040654469281435,
                0,
                -0.6436254496944731,
                0.741517244713141,
                -0.18947018275808272,
                0,
                -0.15535944947281413,
                0.1158239175386689,
                0.9810447482056487,
                0,
                14.977012634277344,
                0.000015258789048289145,
                4.768371573149466e-7,
                1
            ],
            "name": "Cloth_test_R1C1"
        },
        "Cloth_test_R1C2": {
            "children": [
                "Cloth_test_R2C2"
            ],
            "jointId": "Cloth_test_R1C2",
            "matrix": [
                0.3353169858455658,
                0.9420618414878846,
                -0.00908502563834192,
                0,
                -0.9414124387978545,
                0.33542454092897117,
                0.03512145207476015,
                0,
                0.03613391107575518,
                -0.003224062476092825,
                0.9993420246517805,
                0,
                18.401439666748047,
                0,
                -0.00000762939453125,
                1
            ],
            "name": "Cloth_test_R1C2"
        },
        "Cloth_test_R2C0": {
            "children": [
                "Cloth_test_R3C0"
            ],
            "jointId": "Cloth_test_R2C0",
            "matrix": [
                0.9791894555091859,
                0.1918385028839112,
                0.06622947007417679,
                0,
                -0.20291145873313152,
                0.9316938735919494,
                0.3012858613413282,
                0,
                -0.003907363960685306,
                -0.30845473751431,
                0.9512312958381729,
                0,
                19.961959838867188,
                -0.0000152587890625,
                -0.000002443790435124882,
                1
            ],
            "name": "Cloth_test_R2C0"
        },
        "Cloth_test_R2C1": {
            "children": [
                "Cloth_test_R3C1"
            ],
            "jointId": "Cloth_test_R2C1",
            "matrix": [
                0.9944008588790895,
                0.09001099318265916,
                0.0553610511124134,
                0,
                -0.09884606805908665,
                0.977545910630414,
                0.18610081402475404,
                0,
                -0.0373668416372202,
                -0.19053098878374367,
                0.9809695057970527,
                0,
                23.529075622558608,
                -0.00000762939453125,
                -0.0000019073486328125,
                1
            ],
            "name": "Cloth_test_R2C1"
        },
        "Cloth_test_R2C2": {
            "children": [
                "Cloth_test_R3C2"
            ],
            "jointId": "Cloth_test_R2C2",
            "matrix": [
                0.9862492680549624,
                0.16522651910781866,
                0.003447534516453734,
                0,
                -0.1643263793835124,
                0.982666704350068,
                -0.08580845598229246,
                0,
                -0.01756561010200747,
                0.08406200713465843,
                0.9963054065374898,
                0,
                27.277976989746094,
                0.000011444091796875,
                0,
                1
            ],
            "name": "Cloth_test_R2C2"
        },
        "Cloth_test_R3C0": {
            "children": [
                "Cloth_test_R4C0"
            ],
            "jointId": "Cloth_test_R3C0",
            "matrix": [
                0.9985576868057254,
                -0.01976801827549933,
                0.04991594702005388,
                0,
                0.01997507800606165,
                0.9997935896976413,
                -0.0036527351580348706,
                0,
                -0.04983344622160912,
                0.0046445426096912755,
                0.9987466363759158,
                0,
                33.15665435791015,
                0.00000762939453125,
                -0.0000057220458984375,
                1
            ],
            "name": "Cloth_test_R3C0"
        },
        "Cloth_test_R3C1": {
            "children": [
                "Cloth_test_R4C1"
            ],
            "jointId": "Cloth_test_R3C1",
            "matrix": [
                0.9894431829452517,
                0.11595024913549425,
                0.08693528920412066,
                0,
                -0.10525299669720202,
                0.9873109498022523,
                -0.1189055748453996,
                0,
                -0.09961933375038706,
                0.10850015405072624,
                0.9890925947638228,
                0,
                29.038925170898445,
                -0.000007629394538355427,
                -0.000003576278687855705,
                1
            ],
            "name": "Cloth_test_R3C1"
        },
        "Cloth_test_R3C2": {
            "children": [
                "Cloth_test_R4C2"
            ],
            "jointId": "Cloth_test_R3C2",
            "matrix": [
                0.9988622069358822,
                0.020581714808940874,
                -0.04302855953574179,
                0,
                -0.0259470171250857,
                0.9914207474377732,
                -0.1281092318453308,
                0,
                0.04002269568682983,
                0.12907992219399428,
                0.9908266683204489,
                0,
                27.018974304199197,
                -0.000011444091796875,
                0.0000019073486328125,
                1
            ],
            "name": "Cloth_test_R3C2"
        },
        "Cloth_test_R4C0": {
            "children": [],
            "jointId": "Cloth_test_R4C0",
            "matrix": [
                0.9730037450790407,
                0.19849635660648346,
                0.1177420392632484,
                0,
                -0.18137258790171634,
                0.9731454951159713,
                -0.14174740007832334,
                0,
                -0.1427164332856145,
                0.1165655365965575,
                0.982875704167049,
                0,
                21.0744457244873,
                -0.000024795532230115214,
                -0.000019073486326348643,
                1
            ],
            "name": "Cloth_test_R4C0"
        },
        "Cloth_test_R4C1": {
            "children": [],
            "jointId": "Cloth_test_R4C1",
            "matrix": [
                0.9951809048652654,
                -0.07884879410266876,
                -0.05829309672117233,
                0,
                0.08040899422863769,
                0.9964508808733731,
                0.024917964185395877,
                0,
                0.05612142424608653,
                -0.02948515466197415,
                0.997988474190039,
                0,
                19.557273864746094,
                0.000017166137691759786,
                0.000010013580323153803,
                1
            ],
            "name": "Cloth_test_R4C1"
        },
        "Cloth_test_R4C2": {
            "children": [],
            "jointId": "Cloth_test_R4C2",
            "matrix": [
                0.9935998916625977,
                0.007181670516729362,
                0.11273066699504856,
                0,
                -0.01612487697147559,
                0.9967740188953906,
                0.07862255821636611,
                0,
                -0.11180232462652685,
                -0.07993710911080408,
                0.9905100589987799,
                0,
                16.490005493164055,
                -0.000043869018558240214,
                0.000011444091793322286,
                1
            ],
            "name": "Cloth_test_R4C2"
        },
        "Gun_cock_0": {
            "children": [],
            "jointId": "Gun_cock_0",
            "matrix": [
                -0.1961114406585694,
                0.28642287850379944,
                0.9378176927566528,
                0,
                0.26901545136555927,
                -0.9039793229902428,
                0.3323432367855436,
                0,
                0.9429586715029917,
                0.31746381540987517,
                0.10022852463270542,
                0,
                -1.1078376770019602,
                4.394763946533196,
                -3.4974327087402344,
                1
            ],
            "name": "Gun_cock_0"
        },
        "Index_0_L": {
            "children": [
                "Index_1_L"
            ],
            "jointId": "Index_0_L",
            "matrix": [
                0.6719330549240112,
                0.08522538840770721,
                -0.7356917262077332,
                0,
                0.6752632467648866,
                -0.4784850775595032,
                0.5613120346248573,
                0,
                -0.30417948369611847,
                -0.8739497145076363,
                -0.3790595213437487,
                0,
                2.8454780578613352,
                0.8928298950195312,
                -2.6436090469360334,
                1
            ],
            "name": "Index_0_L"
        },
        "Index_0_R": {
            "children": [
                "Index_1_R"
            ],
            "jointId": "Index_0_R",
            "matrix": [
                0.8439049720764162,
                0.5339093804359439,
                -0.0525828041136265,
                0,
                -0.09361175628090596,
                0.24305132991307513,
                0.9654859464713034,
                0,
                0.528262159408058,
                -0.8098557697702853,
                0.2550923411153944,
                0,
                -7.61128234863282,
                3.95416641235353,
                -0.9815177917480469,
                1
            ],
            "name": "Index_0_R"
        },
        "Index_1_L": {
            "children": [
                "Index_2_L"
            ],
            "jointId": "Index_1_L",
            "matrix": [
                0.7364954948425295,
                -5.960464460885717e-8,
                -0.6764427423477175,
                0,
                -1.6542040343070497e-7,
                1.0000002384186102,
                -2.682208400384134e-7,
                0,
                0.6764428065800421,
                3.0944082733685985e-7,
                0.7364955647771982,
                0,
                5.780597686767582,
                0.0000019073486328125,
                0.0000152587890625,
                1
            ],
            "name": "Index_1_L"
        },
        "Index_1_R": {
            "children": [
                "Index_2_R"
            ],
            "jointId": "Index_1_R",
            "matrix": [
                0.9227550029754641,
                4.0978193283081055e-8,
                -0.3853870332241058,
                0,
                1.1895686889695778e-7,
                0.9999998807907273,
                3.9115543937900954e-7,
                0,
                0.3853870914520314,
                -4.0678518328784996e-7,
                0.9227551423939928,
                0,
                -8.800834655761719,
                0,
                0.000011444091800427714,
                1
            ],
            "name": "Index_1_R"
        },
        "Index_2_L": {
            "children": [],
            "jointId": "Index_2_L",
            "matrix": [
                0.9999997615814209,
                1.192092894952701e-7,
                -5.215406408132228e-8,
                0,
                -1.1920927694974992e-7,
                0.9999997615814422,
                2.384185789905402e-7,
                0,
                5.215409884518074e-8,
                -2.384186013199008e-7,
                0.999999880790807,
                0,
                6.163448333740227,
                -3.552713678800501e-15,
                -0.0000038146972585195726,
                1
            ],
            "name": "Index_2_L"
        },
        "Index_2_R": {
            "children": [],
            "jointId": "Index_2_R",
