{
    "animations": {},
    "asset": {},
    "attributes": {
        "attribute_1": {
            "bufferView": "bufferView_31",
            "byteOffset": 0,
            "byteStride": 12,
            "count": 1018,
            "max": [
                1,
                1,
                1
            ],
            "min": [
                0,
                0,
                0
            ],
            "type": "FLOAT_VEC3"
        },
        "attribute_10": {
            "bufferView": "bufferView_31",
            "byteOffset": 79352,
            "byteStride": 16,
            "count": 571,
            "max": [
                1,
                1,
                1
            ],
            "min": [
                0,
                0,
                0
            ],
            "type": "FLOAT_VEC4"
        },
        "attribute_11": {
            "bufferView": "bufferView_31",
            "byteOffset": 88488,
            "byteStride": 12,
            "count": 571,
            "max": [
                1,
                1,
                1
            ],
            "min": [
                0,
                0,
                0
            ],
            "type": "FLOAT_VEC3"
        },
        "attribute_13": {
            "bufferView": "bufferView_31",
            "byteOffset": 95340,
            "byteStride": 12,
            "count": 361,
            "max": [
                1,
                1,
                1
            ],
            "min": [
                0,
                0,
                0
            ],
            "type": "FLOAT_VEC3"
        },
        "attribute_14": {
            "bufferView": "bufferView_31",
            "byteOffset": 99672,
            "byteStride": 12,
            "count": 361,
            "max": [
                1,
                1,
                1
            ],
            "min": [
                0,
                0,
                0
            ],
            "type": "FLOAT_VEC3"
        },
        "attribute_15": {
            "bufferView": "bufferView_31",
            "byteOffset": 104004,
            "byteStride": 8,
            "count": 361,
            "max": [
                1,
                1,
                1
            ],
            "min": [
                0,
                0,
                0
            ],
            "type": "FLOAT_VEC2"
        },
        "attribute_16": {
            "bufferView": "bufferView_31",
            "byteOffset": 106892,
            "byteStride": 16,
            "count": 361,
            "max": [
                1,
                1,
                1
            ],
            "min": [
                0,
                0,
                0
            ],
            "type": "FLOAT_VEC4"
        },
        "attribute_17": {
            "bufferView": "bufferView_31",
            "byteOffset": 112668,
            "byteStride": 12,
            "count": 361,
            "max": [
                1,
                1,
                1
            ],
            "min": [
                0,
                0,
                0
            ],
            "type": "FLOAT_VEC3"
        },
        "attribute_19": {
            "bufferView": "bufferView_31",
            "byteOffset": 117000,
            "byteStride": 12,
            "count": 524,
            "max": [
                1,
                1,
                1
            ],
            "min": [
                0,
                0,
                0
            ],
            "type": "FLOAT_VEC3"
        },
        "attribute_2": {
            "bufferView": "bufferView_31",
            "byteOffset": 12216,
            "byteStride": 12,
            "count": 1018,
            "max": [
                1,
                1,
                1
            ],
            "min": [
                0,
                0,
                0
            ],
            "type": "FLOAT_VEC3"
        },
        "attribute_20": {
            "bufferView": "bufferView_31",
            "byteOffset": 123288,
            "byteStride": 12,
            "count": 524,
            "max": [
                1,
                1,
                1
            ],
            "min": [
                0,
                0,
                0
            ],
            "type": "FLOAT_VEC3"
        },
        "attribute_21": {
            "bufferView": "bufferView_31",
            "byteOffset": 129576,
            "byteStride": 8,
            "count": 524,
            "max": [
                1,
                1,
                1
            ],
            "min": [
                0,
                0,
                0
            ],
            "type": "FLOAT_VEC2"
        },
        "attribute_22": {
            "bufferView": "bufferView_31",
            "byteOffset": 133768,
            "byteStride": 16,
            "count": 524,
            "max": [
                1,
                1,
                1
            ],
            "min": [
                0,
                0,
                0
            ],
            "type": "FLOAT_VEC4"
        },
        "attribute_23": {
            "bufferView": "bufferView_31",
            "byteOffset": 142152,
            "byteStride": 12,
            "count": 524,
            "max": [
                1,
                1,
                1
            ],
            "min": [
                0,
                0,
                0
            ],
            "type": "FLOAT_VEC3"
        },
        "attribute_25": {
            "bufferView": "bufferView_31",
            "byteOffset": 148440,
            "byteStride": 12,
            "count": 1019,
            "max": [
                1,
                1,
                1
            ],
            "min": [
                0,
                0,
                0
            ],
            "type": "FLOAT_VEC3"
        },
        "attribute_26": {
            "bufferView": "bufferView_31",
            "byteOffset": 160668,
            "byteStride": 12,
            "count": 1019,
            "max": [
                1,
                1,
                1
            ],
            "min": [
                0,
                0,
                0
            ],
            "type": "FLOAT_VEC3"
        },
        "attribute_27": {
            "bufferView": "bufferView_31",
            "byteOffset": 172896,
            "byteStride": 8,
            "count": 1019,
            "max": [
                1,
                1,
                1
            ],
            "min": [
                0,
                0,
                0
            ],
            "type": "FLOAT_VEC2"
        },
        "attribute_28": {
            "bufferView": "bufferView_31",
            "byteOffset": 181048,
            "byteStride": 16,
            "count": 1019,
            "max": [
                1,
                1,
                1
            ],
            "min": [
                0,
                0,
                0
            ],
            "type": "FLOAT_VEC4"
        },
        "attribute_29": {
            "bufferView": "bufferView_31",
            "byteOffset": 197352,
            "byteStride": 12,
            "count": 1019,
            "max": [
                1,
                1,
                1
            ],
            "min": [
                0,
                0,
                0
            ],
            "type": "FLOAT_VEC3"
        },
        "attribute_3": {
            "bufferView": "bufferView_31",
            "byteOffset": 24432,
            "byteStride": 8,
            "count": 1018,
            "max": [
                1,
                1,
                1
            ],
            "min": [
                0,
                0,
                0
            ],
            "type": "FLOAT_VEC2"
        },
        "attribute_4": {
            "bufferView": "bufferView_31",
            "byteOffset": 32576,
            "byteStride": 16,
            "count": 1018,
            "max": [
                1,
                1,
                1
            ],
            "min": [
                0,
                0,
                0
            ],
            "type": "FLOAT_VEC4"
        },
        "attribute_5": {
            "bufferView": "bufferView_31",
            "byteOffset": 48864,
            "byteStride": 12,
            "count": 1018,
            "max": [
                1,
                1,
                1
            ],
            "min": [
                0,
                0,
                0
            ],
            "type": "FLOAT_VEC3"
        },
        "attribute_7": {
            "bufferView": "bufferView_31",
            "byteOffset": 61080,
            "byteStride": 12,
            "count": 571,
            "max": [
                1,
                1,
                1
            ],
            "min": [
                0,
                0,
                0
            ],
            "type": "FLOAT_VEC3"
        },
        "attribute_8": {
            "bufferView": "bufferView_31",
            "byteOffset": 67932,
            "byteStride": 12,
            "count": 571,
            "max": [
                1,
                1,
                1
            ],
            "min": [
                0,
                0,
                0
            ],
            "type": "FLOAT_VEC3"
        },
        "attribute_9": {
            "bufferView": "bufferView_31",
            "byteOffset": 74784,
            "byteStride": 8,
            "count": 571,
            "max": [
                1,
                1,
                1
            ],
            "min": [
                0,
                0,
                0
            ],
            "type": "FLOAT_VEC2"
        }
    },
    "bufferViews": {
        "bufferView_31": {
            "buffer": "spectre.bin",
            "byteLength": 209580,
            "byteOffset": 0,
            "target": "ARRAY_BUFFER"
        },
        "bufferView_32": {
            "buffer": "spectre.bin",
            "byteLength": 37332,
            "byteOffset": 209580,
            "target": "ELEMENT_ARRAY_BUFFER"
        }
    },
    "buffers": {
        "spectre.bin": {
            "byteLength": 246912,
            "path": "spectre.bin"
        }
    },
    "cameras": {},
    "images": {
        "image_0": {
            "path": "textures/spectre_base_color.png"
        },
        "image_1": {
            "path": "textures/spectre_dress_color.png"
        },
        "image_2": {
            "path": "textures/spectre_hat_color.png"
        },
        "image_3": {
            "path": "textures/spectre_weapon_color.png"
        },
        "image_4": {
            "path": "textures/spectre_wings_color.png"
        }
    },
    "indices": {
        "indices_12": {
            "bufferView": "bufferView_32",
            "byteOffset": 12000,
            "count": 3216,
            "type": "UNSIGNED_SHORT"
        },
        "indices_18": {
            "bufferView": "bufferView_32",
            "byteOffset": 18432,
            "count": 2082,
            "type": "UNSIGNED_SHORT"
        },
        "indices_24": {
            "bufferView": "bufferView_32",
            "byteOffset": 22596,
            "count": 1380,
            "type": "UNSIGNED_SHORT"
        },
        "indices_30": {
            "bufferView": "bufferView_32",
            "byteOffset": 25356,
            "count": 5988,
            "type": "UNSIGNED_SHORT"
        },
        "indices_6": {
            "bufferView": "bufferView_32",
            "byteOffset": 0,
            "count": 6000,
            "type": "UNSIGNED_SHORT"
        }
    },
    "lights": {},
    "materials": {
        "Material #35": {
            "instanceTechnique": {
                "technique": "technique_0",
                "values": [
                    {
                        "parameter": "ambient",
                        "value": [
                            0.5879999995231628,
                            0.5879999995231628,
                            0.5879999995231628
                        ]
                    },
                    {
                        "parameter": "emission",
                        "value": [
                            0,
                            0,
                            0
                        ]
                    },
                    {
                        "parameter": "diffuse",
                        "value": "Map #6"
                    },
                    {
                        "parameter": "shininess",
                        "value": 2
                    },
                    {
                        "parameter": "specular",
                        "value": [
                            0.8999999761581421,
                            0.8999999761581421,
                            0.8999999761581421
                        ]
                    }
                ]
            },
            "name": "Material #35"
        },
        "Material #46": {
            "instanceTechnique": {
                "technique": "technique_0",
                "values": [
                    {
                        "parameter": "ambient",
                        "value": [
                            0.5879999995231628,
                            0.5879999995231628,
                            0.5879999995231628
                        ]
                    },
                    {
                        "parameter": "emission",
                        "value": [
                            0,
                            0,
                            0
                        ]
                    },
                    {
                        "parameter": "diffuse",
                        "value": "Map #7"
                    },
                    {
                        "parameter": "shininess",
                        "value": 2
                    },
                    {
                        "parameter": "specular",
                        "value": [
                            0.8999999761581421,
                            0.8999999761581421,
                            0.8999999761581421
                        ]
                    }
                ]
            },
            "name": "Material #46"
        },
        "Material #57": {
            "instanceTechnique": {
                "technique": "technique_0",
                "values": [
                    {
                        "parameter": "ambient",
                        "value": [
                            0.5879999995231628,
                            0.5879999995231628,
                            0.5879999995231628
                        ]
                    },
                    {
                        "parameter": "emission",
                        "value": [
                            0,
                            0,
                            0
                        ]
                    },
                    {
                        "parameter": "diffuse",
                        "value": "Map #8"
                    },
                    {
                        "parameter": "shininess",
                        "value": 2
                    },
                    {
                        "parameter": "specular",
                        "value": [
                            0.8999999761581421,
                            0.8999999761581421,
                            0.8999999761581421
                        ]
                    }
                ]
            },
            "name": "Material #57"
        },
        "Material #68": {
            "instanceTechnique": {
                "technique": "technique_0",
                "values": [
                    {
                        "parameter": "ambient",
                        "value": [
                            0.5879999995231628,
                            0.5879999995231628,
                            0.5879999995231628
                        ]
                    },
                    {
                        "parameter": "emission",
                        "value": [
                            0,
                            0,
                            0
                        ]
                    },
                    {
                        "parameter": "diffuse",
                        "value": "Map #9"
                    },
                    {
                        "parameter": "shininess",
                        "value": 2
                    },
                    {
                        "parameter": "specular",
                        "value": [
                            0.8999999761581421,
                            0.8999999761581421,
                            0.8999999761581421
                        ]
                    }
                ]
            },
            "name": "Material #68"
        },
        "Material #79": {
            "instanceTechnique": {
                "technique": "technique_0",
                "values": [
                    {
                        "parameter": "ambient",
                        "value": [
                            0.5879999995231628,
                            0.5879999995231628,
                            0.5879999995231628
                        ]
                    },
                    {
                        "parameter": "emission",
                        "value": [
                            0,
                            0,
                            0
                        ]
                    },
                    {
                        "parameter": "diffuse",
                        "value": "Map #10"
                    },
                    {
                        "parameter": "shininess",
                        "value": 2
                    },
                    {
                        "parameter": "specular",
                        "value": [
                            0.8999999761581421,
                            0.8999999761581421,
                            0.8999999761581421
                        ]
                    }
                ]
            },
            "name": "Material #79"
        }
    },
    "meshes": {
        "spectre_base_model_LOD0-mesh": {
            "name": "spectre_base_model_LOD0-mesh",
            "primitives": [
                {
                    "indices": "indices_6",
                    "material": "Material #35",
                    "semantics": {
                        "JOINT": "attribute_4",
                        "NORMAL": "attribute_2",
                        "POSITION": "attribute_1",
                        "TEXCOORD_0": "attribute_3",
                        "WEIGHT": "attribute_5"
                    },
                    "skin": "skin_0"
                }
            ]
        },
        "spectre_dress_model_LOD0-mesh": {
            "name": "spectre_dress_model_LOD0-mesh",
            "primitives": [
                {
                    "indices": "indices_12",
                    "material": "Material #46",
                    "semantics": {
                        "JOINT": "attribute_10",
                        "NORMAL": "attribute_8",
                        "POSITION": "attribute_7",
                        "TEXCOORD_0": "attribute_9",
                        "WEIGHT": "attribute_11"
                    },
                    "skin": "skin_1"
                }
            ]
        },
        "spectre_hat_model_LOD0-mesh": {
            "name": "spectre_hat_model_LOD0-mesh",
            "primitives": [
                {
                    "indices": "indices_18",
                    "material": "Material #57",
                    "semantics": {
                        "JOINT": "attribute_16",
                        "NORMAL": "attribute_14",
                        "POSITION": "attribute_13",
                        "TEXCOORD_0": "attribute_15",
                        "WEIGHT": "attribute_17"
                    },
                    "skin": "skin_2"
                }
            ]
        },
        "spectre_weapon_model_LOD0-mesh": {
            "name": "spectre_weapon_model_LOD0-mesh",
            "primitives": [
                {
                    "indices": "indices_24",
                    "material": "Material #68",
                    "semantics": {
                        "JOINT": "attribute_22",
                        "NORMAL": "attribute_20",
                        "POSITION": "attribute_19",
                        "TEXCOORD_0": "attribute_21",
                        "WEIGHT": "attribute_23"
                    },
                    "skin": "skin_3"
                }
            ]
        },
        "spectre_wings_model_LOD0-mesh": {
            "name": "spectre_wings_model_LOD0-mesh",
            "primitives": [
                {
                    "indices": "indices_30",
                    "material": "Material #79",
                    "semantics": {
                        "JOINT": "attribute_28",
                        "NORMAL": "attribute_26",
                        "POSITION": "attribute_25",
                        "TEXCOORD_0": "attribute_27",
                        "WEIGHT": "attribute_29"
                    },
                    "skin": "skin_4"
                }
            ]
        }
    },
    "nodes": {
        "Index_0_R": {
            "children": [
                "Index_1_R"
            ],
            "matrix": [
                0.9688557982444763,
                0.18214546144008636,
                0.16775417327880857,
                0,
                -0.08119093741324616,
                -0.4063363176387143,
                0.9101092602933385,
                0,
                0.23393692353660167,
                -0.8953849029541153,
                -0.3788928003073182,
                0,
                -18.7320556640625,
                3.3618202209472656,
                3.8401789665222155,
                1
            ],
            "name": "Index_0_R"
        },
        "Index_1_R": {
            "children": [
                "Index_2_R"
            ],
            "matrix": [
                0.8156441450119021,
                4.358589648714717e-7,
                -0.5785541534423829,
                0,
                -1.9244511401117492e-9,
                1.0000001192092933,
                7.50645980075737e-7,
                0,
                0.5785540572861133,
                -6.111464250016518e-7,
                0.8156440094505819,
                0,
                -7.7997283935546875,
                0.0000038146972620722863,
                -0.0000133514404296875,
                1
            ],
            "name": "Index_1_R"
        },
        "Index_2_R": {
            "children": [],
            "matrix": [
                1,
                -1.1175870853752379e-8,
                -1.4901161182745426e-7,
                0,
                1.1175886556469283e-8,
                1.0000000000000002,
                1.0430812836387249e-7,
                0,
                1.4901161077274239e-7,
                -1.0430813000145145e-7,
                1.000000000000003,
                0,
                -6.118431091308594,
                -0.0000038146972620722863,
                0.000003814697265625,
                1
            ],
            "name": "Index_2_R"
        },
        "Mid_0_L": {
            "children": [],
            "matrix": [
                0.999999761581421,
                5.4016538797441224e-8,
                -1.788138490610438e-7,
                0,
                -5.401654068479968e-8,
                0.9999998211860648,
                7.450644545769726e-9,
                0,
                1.7881389209605267e-7,
                -7.450636219139571e-9,
                0.9999999999999859,
                0,
                22.73561859130858,
                -2.8923492431640696,
                -3.295501708984376,
                1
            ],
            "name": "Mid_0_L"
        },
        "Pinky_0_R": {
            "children": [
                "Pinky_1_R"
            ],
            "matrix": [
                0.7296640276908873,
                0.63399076461792,
                0.2562155127525329,
                0,
                -0.25614923245443955,
                -0.0939933732790176,
                0.9620565460253567,
                0,
                0.6340174206251479,
                -0.7676073341404235,
                0.09381264889176684,
                0,
                -22.91702270507811,
                4.052646636962898,
                -5.666297912597655,
                1
            ],
            "name": "Pinky_0_R"
        },
        "Pinky_1_R": {
            "children": [],
            "matrix": [
                0.9999998807907102,
                4.917383193414615e-7,
                -2.9802322554228766e-8,
                0,
                -4.91738349067683e-7,
                0.999999999999993,
                9.685754776556088e-7,
                0,
                2.98028020595531e-8,
                -9.685754629451537e-7,
                1.0000000000000748,
                0,
                -5.9547271728515625,
                -0.000009536743160509786,
                0.00000762939453125,
                1
            ],
            "name": "Pinky_1_R"
        },
        "Thumb1_0_L": {
            "children": [],
            "matrix": [
                0.9697105288505555,
                0.035739570856094374,
                0.24162717163562775,
                0,
                -0.0000013144931260905628,
                0.9892379046322836,
                -0.1463149333288908,
                0,
                -0.24425612864109558,
                0.14188289435254323,
                0.9592750035293992,
                0,
                22.456321716308594,
                -3.9101219177246094,
                6.350081920623779,
                1
            ],
            "name": "Thumb1_0_L"
        },
        "Thumb_0_L": {
            "children": [],
            "matrix": [
                0.999999761581421,
                5.4016538797441224e-8,
                -1.788138490610438e-7,
                0,
                -5.401654068479968e-8,
                0.9999998211860648,
                7.450644545769726e-9,
                0,
                1.7881389209605267e-7,
                -7.450636219139571e-9,
                0.9999999999999859,
                0,
                12.238609313964844,
                4.827751159667976,
                -4.215919494628906,
                1
            ],
            "name": "Thumb_0_L"
        },
        "Thumb_0_R": {
            "children": [
                "Thumb_1_R"
            ],
            "matrix": [
                0.858664631843567,
                0.3788506090641022,
                -0.3452061116695403,
                0,
                0.172690299693767,
                -0.8479909667027052,
                -0.5010885837741562,
                0,
                -0.4825693377618289,
                0.37065326536548193,
                -0.7935636078053687,
                0,
                -10.35382080078125,
                -3.715301513671868,
                2.711929321289062,
                1
            ],
            "name": "Thumb_0_R"
        },
        "Thumb_1_R": {
            "children": [
                "Thumb_2_R"
            ],
            "matrix": [
                0.6549370288848878,
                3.4272670748625167e-7,
                -0.7556836009025575,
                0,
                -4.373304092197827e-7,
                0.999999940395335,
                7.450579576906424e-8,
                0,
                0.755683498789419,
                2.8168679243323336e-7,
                0.654936940385443,
                0,
                -7.067131042480469,
                3.552713678800501e-15,
                -0.00001716613770597064,
                1
            ],
            "name": "Thumb_1_R"
        },
        "Thumb_2_R": {
            "children": [],
            "matrix": [
                0.999999940395355,
                3.427267074584961e-7,
                -4.172325133722232e-7,
                0,
                -3.4272653026690136e-7,
                0.9999999403953834,
                4.2468309405935267e-7,
                0,
                4.1723268384696865e-7,
                -4.2468297641040653e-7,
                0.999999999999994,
                0,
                -5.077659606933594,
                0.000003814697265625,
                -0.00002288818359375,
                1
            ],
            "name": "Thumb_2_R"
        },
        "backSkirt1_0": {
            "children": [
                "backSkirt1_1",
                "skirtBackL4_0",
                "skirtBackR3_0"
            ],
            "matrix": [
                1.0000000000000002,
                1.629206849429466e-7,
                0,
                0,
                -1.629206849429466e-7,
                1.0000000000000002,
                0,
                0,
                0,
                0,
                1,
                0,
                -20.719890594482422,
                -0.0000046003306124475785,
                -28.016311645507812,
                1
            ],
            "name": "backSkirt1_0"
        },
        "backSkirt1_1": {
            "children": [],
            "matrix": [
                1,
                7.450585570722978e-8,
                -3.725290866896102e-7,
                0,
                -7.450577762199799e-8,
                0.9999999999999996,
                2.0960841595751837e-7,
                0,
                3.725291023066625e-7,
                -2.0960838820194797e-7,
                0.9999999999999999,
                0,
                -13.60269546508789,
                -0.0000026720549612946343,
                -61.12948989868164,
                1
            ],
            "name": "backSkirt1_1"
        },
        "bicep_L": {
            "children": [
                "elbow_L"
            ],
            "matrix": [
                0.7161478400230409,
                -0.29739084839820856,
                -0.6314201354980468,
                0,
                -0.6762289674648261,
                -0.071714145415924,
                -0.7331929373750292,
                0,
                0.17276307066948587,
                0.95205888441351,
                -0.252462172970375,
                0,
                14.353157043457024,
                0.00000762939453125,
                0.0000152587890625,
                1
            ],
            "name": "bicep_L"
        },
        "bicep_R": {
            "children": [
                "elbow_R"
            ],
            "matrix": [
                0.7172805666923521,
                -0.29106432199478144,
                -0.6330798268318176,
                0,
                -0.6933085017657828,
                -0.20749078725935935,
                -0.6901239483681167,
                0,
                0.06951221127066468,
                0.9339319055437363,
                -0.35062639682418784,
                0,
                -14.353164672851562,
                -0.0000019073486328125,
                2.842170943040401e-14,
                1
            ],
            "name": "bicep_R"
        },
        "cape0_0_L": {
            "children": [
                "cape0_1_L"
            ],
            "matrix": [
                -0.8249990940093993,
                0.139396443963051,
                0.54767245054245,
                0,
                0.116135722976519,
                0.9902365836632416,
                -0.07709643266737332,
                0,
                -0.5530722722254929,
                -1.5110387234334304e-7,
                -0.833133202140214,
                0,
                -10.021759033203153,
                15.44327926635742,
                39.937065124511705,
                1
            ],
            "name": "cape0_0_L"
        },
        "cape0_1_L": {
            "children": [],
            "matrix": [
                0.09432595968246466,
                0.9915698170661926,
                0.08883955329656601,
                0,
                0.45766101927592123,
                0.03605932416736355,
                -0.8883954206427791,
                0,
                -0.8841092627306938,
                0.12445710662451445,
                -0.4504013616936457,
                0,
                39.71177673339841,
                -0.000007629394524144573,
                0.000022888183579539145,
                1
            ],
            "name": "cape0_1_L"
        },
        "cape5_0_B_R": {
            "children": [
                "cape5_1_B_R"
            ],
            "matrix": [
                0.8249990344047547,
                0.1393967866897583,
                -0.5476722717285156,
                0,
                0.1161363180169189,
                -0.9902366812794092,
                -0.0770962186494057,
                0,
                -0.5530721175891026,
                -3.3517648148395837e-7,
                -0.8331333047949335,
                0,
                -10.021774291992216,
                -15.443267822265623,
                39.937072753906236,
                1
            ],
            "name": "cape5_0_B_R"
        },
        "cape5_1_B_R": {
            "children": [],
            "matrix": [
                0.09432563930749892,
                -0.9915696382522583,
                -0.08883932232856753,
                0,
                -0.45766097414090173,
                0.036059279127613975,
                -0.8883954566902346,
                0,
                0.8841094391338206,
                0.12445675958930544,
                -0.45040140977141524,
                0,
                -39.71174621582033,
                -0.000007629394538355427,
                -0.00000762939453125,
                1
            ],
            "name": "cape5_1_B_R"
        },
        "clavicle_L": {
            "children": [
                "bicep_L"
            ],
            "matrix": [
                -0.33897054195404064,
                0.7606149315834047,
                0.5536820888519288,
                0,
                0.22538224239397717,
                -0.505733800558984,
                0.8327280767176728,
                0,
                0.9134009886086691,
                0.40706032353796945,
                -2.3841861010454046e-7,
                0,
                10.578857421875,
                3.544155597686767,
                7.706905364990227,
                1
            ],
            "name": "clavicle_L"
        },
        "clavicle_R": {
            "children": [
                "bicep_R"
            ],
            "matrix": [
                0.33897012472152704,
                0.7606148123741151,
                -0.5536825060844422,
                0,
                -0.2253818074906978,
                -0.5057345328592067,
                -0.8327279102196953,
                0,
                -0.9134014839958842,
                0.4070598196137321,
                -1.5646218178011484e-7,
                0,
                10.578857421874972,
                -3.5441536903381343,
                7.706905364990231,
                1
            ],
            "name": "clavicle_R"
        },
        "elbow_L": {
            "children": [
                "wrist_L"
            ],
            "matrix": [
                0.9255282282829285,
                1.1920928955078125e-7,
                -0.37867861986160295,
                0,
                -1.4099490425190098e-7,
                0.9999997615814118,
                -2.9802323456284974e-8,
                0,
                0.37867865784601007,
                8.09746748264839e-8,
                0.9255283211206257,
                0,
                37.90278625488281,
                -0.000015258789076710855,
                -0.000026702880859375,
                1
            ],
            "name": "elbow_L"
        },
        "elbow_R": {
            "children": [
                "wrist_R"
            ],
            "matrix": [
                0.9032592773437499,
                0.0016434788703918457,
                -0.4290914833545685,
                0,
                -0.0018175414745523755,
                0.9999982120463566,
                0.000004112719897253481,
                0,
                0.4290907738173157,
                0.000776176807042922,
                0.9032607565949132,
                0,
                -37.902793884277386,
                0.00002288818359375,
                -7.105427357601002e-15,
                1
            ],
            "name": "elbow_R"
        },
        "head": {
            "children": [],
            "matrix": [
                0.9963603019714361,
                2.49502548872202e-17,
                -0.08524218946695332,
                0,
                -8.129328193075217e-8,
                1.0000000000000002,
                -9.502031730335152e-7,
                0,
                0.08524218946695335,
                9.53674337758621e-7,
                0.996360301971436,
                0,
                23.56119918823243,
                0.000001353866537101594,
                0.0000457763671875,
                1
            ],
            "name": "head"
        },
        "neck1": {
            "children": [
                "head"
            ],
            "matrix": [
                -0.0334806293249143,
                -2.2350731398257263e-7,
                -0.999439299106598,
                0,
                7.111115045179022e-7,
                1,
                -2.4745452264594256e-7,
                0,
                0.9994392991066033,
                -7.189977168094564e-7,
                -0.03348062932475365,
                0,
                22.38391113281247,
                8.30076032798388e-7,
                -0.8924369812011719,
                1
            ],
            "name": "neck1"
        },
        "ring0_0": {
            "children": [
                "ring0_1"
            ],
            "matrix": [
                -0.8937393426895139,
                -0.4156039953231812,
                -0.16882885992527003,
                0,
                0.3884996874433414,
                -0.90527580758429,
                0.17188285950400697,
                0,
                -0.22427187636112167,
                0.08802851091443274,
                0.9705425873092604,
                0,
                -23.75740814208983,
                17.58900070190431,
                -5.760457515716552,
                1
            ],
            "name": "ring0_0"
        },
        "ring0_1": {
            "children": [],
            "matrix": [
                1.0000001192092896,
                4.470348358154297e-7,
                -1.1920928952302567e-7,
                0,
                -4.4703487034336575e-7,
                1.0000001192093182,
                -2.9057264332166266e-7,
                0,
                1.192091454993438e-7,
                2.905726619178983e-7,
                1.0000000000000135,
                0,
                38.03410339355469,
                -0.000015258789069605427,
                0.0000019073486328125,
                1
            ],
            "name": "ring0_1"
        },
        "root": {
            "children": [
                "spine1",
                "backSkirt1_0",
                "skirtR8_0_D_L",
                "skirtL9_0_D_R",
                "skirtF2_0"
            ],
            "matrix": [
                -1.629206851037603e-7,
                -1.0000000000000002,
                0,
                0,
