{
    "accessors": [
        {
            "bufferView": 0,
            "byteOffset": 0,
            "componentType": 5126,
            "count": 1264,
            "max": [
                59.813209533691406,
                35.36565017700195,
                209.40232849121094
            ],
            "min": [
                -59.81310272216797,
                -40.539955139160156,
                72.8092041015625
            ],
            "type": "VEC3"
        },
        {
            "bufferView": 0,
            "byteOffset": 15168,
            "componentType": 5126,
            "count": 1264,
            "max": [
                0.9951311349868774,
                0.9998635649681091,
                0.9999998807907104
            ],
            "min": [
                -0.9951311349868774,
                -0.9998911023139954,
                -0.9999998807907104
            ],
            "type": "VEC3"
        },
        {
            "bufferView": 0,
            "byteOffset": 30336,
            "componentType": 5126,
            "count": 1264,
            "max": [
                0.9859070181846619,
                0.9822760224342346
            ],
            "min": [
                0.02562600001692772,
                0.006723999977111816
            ],
            "type": "VEC2"
        },
        {
            "bufferView": 0,
            "byteOffset": 40448,
            "componentType": 5123,
            "count": 1264,
            "max": [
                34,
                34,
                34,
                0
            ],
            "min": [
                0,
                0,
                0,
                0
            ],
            "type": "VEC4"
        },
        {
            "bufferView": 0,
            "byteOffset": 50560,
            "componentType": 5126,
            "count": 1264,
            "max": [
                1,
                0.9998535513877869,
                0.9923974275588989,
                0
            ],
            "min": [
                0.00010977016063407063,
                0,
                0,
                0
            ],
            "type": "VEC4"
        },
        {
            "bufferView": 2,
            "byteOffset": 0,
            "componentType": 5123,
            "count": 6000,
            "max": [
                1263
            ],
            "min": [
                0
            ],
            "type": "SCALAR"
        },
        {
            "bufferView": 1,
            "byteOffset": 0,
            "componentType": 5126,
            "count": 35,
            "max": [
                0.9950371900250944,
                0.9999999999999937,
                0.89538500422326,
                0,
                0.5095916846897705,
                0.995037189287464,
                1.0000000596042211,
                0,
                1.0000001192092818,
                0.3730026987896404,
                1.000000178813908,
                0,
                145.64434992833532,
                83.5812522101859,
                160.69355378748844,
                1
            ],
            "min": [
                -0.6665943187559255,
                -1.0000001192091816,
                -0.5621755183997573,
                0,
                -1.0000001788139559,
                -0.9620566357179535,
                -1.0000000596046255,
                0,
                -1.000000119209097,
                -0.401952275123829,
                -0.9069597964937309,
                0,
                -190.58827820597676,
                -78.63763585029795,
                -190.18840375930148,
                1
            ],
            "type": "MAT4"
        },
        {
            "bufferView": 0,
            "byteOffset": 70784,
            "componentType": 5126,
            "count": 671,
            "max": [
                59.179100036621094,
                125.74391174316406,
                146.68089294433594
            ],
            "min": [
                -59.179100036621094,
                -40.75068664550781,
                -1.8424028158187866
            ],
            "type": "VEC3"
        },
        {
            "bufferView": 0,
            "byteOffset": 78836,
            "componentType": 5126,
            "count": 671,
            "max": [
                0.9996320009231567,
                0.992109477519989,
                0.9174745082855225
            ],
            "min": [
                -0.9996320009231567,
                -0.9957475662231445,
                -0.9898437857627869
            ],
            "type": "VEC3"
        },
        {
            "bufferView": 0,
            "byteOffset": 86888,
            "componentType": 5126,
            "count": 671,
            "max": [
                0.9935290217399597,
                0.9935449957847595
            ],
            "min": [
                0.011435000225901604,
                0.012266993522644043
            ],
            "type": "VEC2"
        },
        {
            "bufferView": 0,
            "byteOffset": 92256,
            "componentType": 5123,
            "count": 671,
            "max": [
                10,
                10,
                10,
                0
            ],
            "min": [
                0,
                0,
                0,
                0
            ],
            "type": "VEC4"
        },
        {
            "bufferView": 0,
            "byteOffset": 97624,
            "componentType": 5126,
            "count": 671,
            "max": [
                1,
                0.9980760216712952,
                0.969299852848053,
                0
            ],
            "min": [
                0.0012343553826212883,
                0,
                0,
                0
            ],
            "type": "VEC4"
        },
        {
            "bufferView": 2,
            "byteOffset": 12000,
            "componentType": 5123,
            "count": 3216,
            "max": [
                670
            ],
            "min": [
                0
            ],
            "type": "SCALAR"
        },
        {
            "bufferView": 1,
            "byteOffset": 2240,
            "componentType": 5126,
            "count": 11,
            "max": [
                0.9950372714651371,
                0.9999999999999994,
                4.245923410089777e-7,
                0,
                0.0995038791383873,
                0.9950371519607646,
                0.9999545638037727,
                0,
                0.9999545638037783,
                0.30860365806318063,
                1,
                0,
                98.81115356687195,
                29.12155569348828,
                2.070867638715838,
                1
            ],
            "min": [
                -1.0000000000000002,
                -0.9665474676862529,
                -2.0960841601871496e-7,
                0,
                -0.9999999999999732,
                -1.0000000000000002,
                -0.9996480177042973,
                0,
                -0.9934789514539685,
                -1.098960587555714e-7,
                -0.009541053001878469,
                0,
                -140.99461564502604,
                -49.219418347208354,
                -128.09432983398438,
                1
            ],
            "type": "MAT4"
        },
        {
            "bufferView": 0,
            "byteOffset": 108360,
            "componentType": 5126,
            "count": 421,
            "max": [
                14.282407760620117,
                61.654842376708984,
                231.28631591796875
            ],
            "min": [
                -14.282391548156738,
                -39.812713623046875,
                188.75279235839844
            ],
            "type": "VEC3"
        },
        {
            "bufferView": 0,
            "byteOffset": 113412,
            "componentType": 5126,
            "count": 421,
            "max": [
                0.9988341927528381,
                0.998755693435669,
                0.9992430806159973
            ],
            "min": [
                -0.9988341927528381,
                -0.9874609708786011,
                -0.9998255968093872
            ],
            "type": "VEC3"
        },
        {
            "bufferView": 0,
            "byteOffset": 118464,
            "componentType": 5126,
            "count": 421,
            "max": [
                0.9829580187797546,
                0.9869800209999084
            ],
            "min": [
                0.013017999939620495,
                0.019598007202148438
            ],
            "type": "VEC2"
        },
        {
            "bufferView": 0,
            "byteOffset": 121832,
            "componentType": 5123,
            "count": 421,
            "max": [
                1,
                3,
                4,
                0
            ],
            "min": [
                0,
                0,
                0,
                0
            ],
            "type": "VEC4"
        },
        {
            "bufferView": 0,
            "byteOffset": 125200,
            "componentType": 5126,
            "count": 421,
            "max": [
                1,
                0.9994397759437561,
                0.10794657468795776,
                0
            ],
            "min": [
                0.0005601924494840205,
                0,
                0,
                0
            ],
            "type": "VEC4"
        },
        {
            "bufferView": 2,
            "byteOffset": 18432,
            "componentType": 5123,
            "count": 2082,
            "max": [
                420
            ],
            "min": [
                0
            ],
            "type": "SCALAR"
        },
        {
            "bufferView": 1,
            "byteOffset": 2944,
            "componentType": 5126,
            "count": 5,
            "max": [
                0.7606149349194334,
                0.9999999999999667,
                0.4070604226607995,
                0,
                0.5095918164151287,
                0.8535750196353074,
                0.9929476852307375,
                0,
                0.9929476852307677,
                0.12507050680856968,
                1.0000000596043406,
                0,
                67.23381416406907,
                21.214074989219778,
                160.69355545007966,
                1
            ],
            "min": [
                3.303891449220319e-8,
                -0.5057343466976887,
                -4.394140341268745e-7,
                0,
                -1.0000000596045657,
                -0.8535751163707613,
                -0.10828722459487065,
                0,
                -0.4022207170022244,
                -0.12506925201306923,
                -0.9069598941339672,
                0,
                -163.77038718889435,
                -21.21429396126658,
                -190.18839634581755,
                1
            ],
            "type": "MAT4"
        },
        {
            "bufferView": 0,
            "byteOffset": 131936,
            "componentType": 5126,
            "count": 530,
            "max": [
                -22.668272018432617,
                133.38449096679688,
                156.85043334960938
            ],
            "min": [
                -77.9157943725586,
                -122.35277557373047,
                25.11345863342285
            ],
            "type": "VEC3"
        },
        {
            "bufferView": 0,
            "byteOffset": 138296,
            "componentType": 5126,
            "count": 530,
            "max": [
                0.9910579323768616,
                0.986616849899292,
                0.9535635113716125
            ],
            "min": [
                -0.9993190765380859,
                -0.9948748350143433,
                -0.9137303829193115
            ],
            "type": "VEC3"
        },
        {
            "bufferView": 0,
            "byteOffset": 144656,
            "componentType": 5126,
            "count": 530,
            "max": [
                1,
                0.9880667924880981
            ],
            "min": [
                7.684920255712768e-9,
                0.006693005561828613
            ],
            "type": "VEC2"
        },
        {
            "bufferView": 0,
            "byteOffset": 148896,
            "componentType": 5123,
            "count": 530,
            "max": [
                0,
                3,
                3,
                0
            ],
            "min": [
                0,
                0,
                0,
                0
            ],
            "type": "VEC4"
        },
        {
            "bufferView": 0,
            "byteOffset": 153136,
            "componentType": 5126,
            "count": 530,
            "max": [
                1,
                0.01056969165802002,
                0.0016579701332375407,
                0
            ],
            "min": [
                0.98943030834198,
                0,
                0,
                0
            ],
            "type": "VEC4"
        },
        {
            "bufferView": 2,
            "byteOffset": 22596,
            "componentType": 5123,
            "count": 1380,
            "max": [
                529
            ],
            "min": [
                0
            ],
            "type": "SCALAR"
        },
        {
            "bufferView": 1,
            "byteOffset": 3264,
            "componentType": 5126,
            "count": 4,
            "max": [
                0.41560440159997025,
                0.9999999999999732,
                -6.123233995736683e-17,
                0,
                0.16882890017826446,
                1.6292068478213135e-7,
                6.123232998135289e-17,
                0,
                1.0000001192093033,
                0.3885000899485487,
                1,
                0,
                102.57578771931446,
                32.54144539699176,
                17.10186380105699,
                1
            ],
            "min": [
                6.123234725683224e-17,
                -1.0000000596046403,
                -0.0880285491536361,
                0,
                -0.9999999999999732,
                -0.1718828828425123,
                -0.9999999999999951,
                0,
                -0.8937394787703565,
                6.123232998135209e-17,
                -0.2242719147035083,
                0,
                -106.62656147796643,
                -52.995433125019964,
                -128.09432983398438,
                1
            ],
            "type": "MAT4"
        },
        {
            "bufferView": 0,
            "byteOffset": 161616,
            "componentType": 5126,
            "count": 1318,
            "max": [
                100.25309753417969,
                84.081787109375,
                242.4738006591797
            ],
            "min": [
                -100.25309753417969,
                -31.368614196777344,
                51.91521453857422
            ],
            "type": "VEC3"
        },
        {
            "bufferView": 0,
            "byteOffset": 177432,
            "componentType": 5126,
            "count": 1318,
            "max": [
                0.9852693676948547,
                0.9946438670158386,
                0.9996944665908813
            ],
            "min": [
                -0.9852689504623413,
                -0.9984140396118164,
                -0.9999844431877136
            ],
            "type": "VEC3"
        },
        {
            "bufferView": 0,
            "byteOffset": 193248,
            "componentType": 5126,
            "count": 1318,
            "max": [
                0.9801689982414246,
                0.9836840033531189
            ],
            "min": [
                0.010785000398755074,
                0.01276397705078125
            ],
            "type": "VEC2"
        },
        {
            "bufferView": 0,
            "byteOffset": 203792,
            "componentType": 5123,
            "count": 1318,
            "max": [
                17,
                18,
                18,
                0
            ],
            "min": [
                0,
                0,
                0,
                0
            ],
            "type": "VEC4"
        },
        {
            "bufferView": 0,
            "byteOffset": 214336,
            "componentType": 5126,
            "count": 1318,
            "max": [
                1,
                0.999897837638855,
                0.9914160370826721,
                0
            ],
            "min": [
                0.00010166638094233349,
                0,
                0,
                0
            ],
            "type": "VEC4"
        },
        {
            "bufferView": 2,
            "byteOffset": 25356,
            "componentType": 5123,
            "count": 5988,
            "max": [
                1317
            ],
            "min": [
                0
            ],
            "type": "SCALAR"
        },
        {
            "bufferView": 1,
            "byteOffset": 3520,
            "componentType": 5126,
            "count": 19,
            "max": [
                0.9950371130109866,
                0.9999999999999941,
                0.407060555555618,
                0,
                0.5095913661811822,
                0.9950371100603908,
                1.0000001192091421,
                0,
                1.000000119209303,
                0.3730026420875787,
                1,
                0,
                145.64438130829694,
                83.5812587448656,
                160.69355065785984,
                1
            ],
            "min": [
                -1.4676634260691e-7,
                -0.9902365135200832,
                -0.5621754703680208,
                0,
                -0.9999999999999732,
                -0.8535748677528193,
                -0.892826337013399,
                0,
                -0.8979165971638495,
                -0.40195228353108337,
                -0.9069598654419133,
                0,
                -197.88573525973965,
                -78.63762873374337,
                -186.99275307063098,
                1
            ],
            "type": "MAT4"
        }
    ],
    "asset": {
        "generator": "ClayGL - fbx2gltf",
        "version": "2.0"
    },
    "bufferViews": [
        {
            "buffer": 0,
            "byteLength": 235424,
            "byteOffset": 0,
            "target": 34962
        },
        {
            "buffer": 0,
            "byteLength": 4736,
            "byteOffset": 235424,
            "target": 34962
        },
        {
            "buffer": 0,
            "byteLength": 37332,
            "byteOffset": 240160,
            "target": 34963
        }
    ],
    "buffers": [
        {
            "byteLength": 277492,
            "uri": "spectre.bin"
        }
    ],
    "images": [
        {
            "uri": "textures/spectre_base_color.png"
        },
        {
            "uri": "textures/spectre_dress_color.png"
        },
        {
            "uri": "textures/spectre_hat_color.png"
        },
        {
            "uri": "textures/spectre_weapon_color.png"
        },
        {
            "uri": "textures/spectre_wings_color.png"
        }
    ],
    "materials": [
        {
            "emissiveFactor": [
                0,
                0,
                0
            ],
            "name": "Material #35",
            "pbrMetallicRoughness": {
                "baseColorFactor": [
                    1,
                    1,
                    1,
                    1
                ],
                "baseColorTexture": {
                    "index": 0,
                    "texCoord": 0
                },
                "metallicFactor": 0,
                "roughnessFactor": 0.9230769230769231
            }
        },
        {
            "emissiveFactor": [
                0,
                0,
                0
            ],
            "name": "Material #46",
            "pbrMetallicRoughness": {
                "baseColorFactor": [
                    1,
                    1,
                    1,
                    1
                ],
                "baseColorTexture": {
                    "index": 1,
                    "texCoord": 0
                },
                "metallicFactor": 0,
                "roughnessFactor": 0.9230769230769231
            }
        },
        {
            "emissiveFactor": [
                0,
                0,
                0
            ],
            "name": "Material #57",
            "pbrMetallicRoughness": {
                "baseColorFactor": [
                    1,
                    1,
                    1,
                    1
                ],
                "baseColorTexture": {
                    "index": 2,
                    "texCoord": 0
                },
                "metallicFactor": 0,
                "roughnessFactor": 0.9230769230769231
            }
        },
        {
            "emissiveFactor": [
                0,
                0,
                0
            ],
            "name": "Material #68",
            "pbrMetallicRoughness": {
                "baseColorFactor": [
                    1,
                    1,
                    1,
                    1
                ],
                "baseColorTexture": {
                    "index": 3,
                    "texCoord": 0
                },
                "metallicFactor": 0,
                "roughnessFactor": 0.9230769230769231
            }
        },
        {
            "emissiveFactor": [
                0,
                0,
                0
            ],
            "name": "Material #79",
            "pbrMetallicRoughness": {
                "baseColorFactor": [
                    1,
                    1,
                    1,
                    1
                ],
                "baseColorTexture": {
                    "index": 4,
                    "texCoord": 0
                },
                "metallicFactor": 0,
                "roughnessFactor": 0.9230769230769231
            }
        }
    ],
    "meshes": [
        {
            "name": "spectre_base_model_LOD0",
            "primitives": [
                {
                    "attributes": {
                        "JOINTS_0": 3,
                        "NORMAL": 1,
                        "POSITION": 0,
                        "TEXCOORD_0": 2,
                        "WEIGHTS_0": 4
                    },
                    "indices": 5,
                    "material": 0
                }
            ]
        },
        {
            "name": "spectre_dress_model_LOD0",
            "primitives": [
                {
                    "attributes": {
                        "JOINTS_0": 10,
                        "NORMAL": 8,
                        "POSITION": 7,
                        "TEXCOORD_0": 9,
                        "WEIGHTS_0": 11
                    },
                    "indices": 12,
                    "material": 1
                }
            ]
        },
        {
            "name": "spectre_hat_model_LOD0",
            "primitives": [
                {
                    "attributes": {
                        "JOINTS_0": 17,
                        "NORMAL": 15,
                        "POSITION": 14,
                        "TEXCOORD_0": 16,
                        "WEIGHTS_0": 18
                    },
                    "indices": 19,
                    "material": 2
                }
            ]
        },
        {
            "name": "spectre_weapon_model_LOD0",
            "primitives": [
                {
                    "attributes": {
                        "JOINTS_0": 24,
                        "NORMAL": 22,
                        "POSITION": 21,
                        "TEXCOORD_0": 23,
                        "WEIGHTS_0": 25
                    },
                    "indices": 26,
                    "material": 3
                }
            ]
        },
        {
            "name": "spectre_wings_model_LOD0",
            "primitives": [
                {
                    "attributes": {
                        "JOINTS_0": 31,
                        "NORMAL": 29,
                        "POSITION": 28,
                        "TEXCOORD_0": 30,
                        "WEIGHTS_0": 32
                    },
                    "indices": 33,
                    "material": 4
                }
            ]
        }
    ],
    "nodes": [
        {
            "children": [
                1,
                37,
                41,
                43,
                45
            ],
            "matrix": [
                1.6292068478213574e-7,
                1.469367938527879e-39,
                1.0000000000000002,
                0,
                1.0000000000000002,
                6.123233995736847e-17,
                -1.6292068478213574e-7,
                0,
                -6.123233995736685e-17,
                1,
                9.976014756666736e-24,
                0,
                0,
                128.09432983398438,
                -3.9359629154205322,
                1
            ],
            "name": "root"
        },
        {
            "children": [
                2
            ],
            "matrix": [
                -0.009541051462292765,
                1.1684414188872922e-18,
                0.9999544024467468,
                0,
                -2.384077305855126e-7,
                1,
                -2.2747641513727763e-9,
                0,
                -0.9999544024467469,
                -2.3841856341815408e-7,
                -0.009541051462292761,
                0,
                -0.8312509059906006,
                4.2675276290538e-7,
                12.8612060546875,
                1
            ],
            "name": "spine1"
        },
        {
            "children": [
                3,
                10,
                11,
                12,
                13,
                14,
                16,
                30,
                31,
                32,
                34,
                35
            ],
            "matrix": [
                0.9940338134765622,
                1.7519756312367456e-8,
                0.10907413065433502,
                0,
                -1.7624908942248448e-8,
                0.9999999999999993,
                -7.924216785322496e-15,
                0,
                -0.10907413065433497,
                -1.9224137437981316e-9,
                0.9940338134765624,
                0,
                24.772842407226562,
                -9.781651897355912e-7,
                -12.663761138916016,
                1
            ],
            "name": "spine2"
        },
        {
            "children": [
                4
            ],
            "matrix": [
                -0.33897054195404064,
                0.7606149315834048,
                0.5536820888519287,
                0,
                0.2253822423939773,
                -0.5057338005589843,
                0.8327280767176728,
                0,
                0.9134009886086695,
                0.4070603235379695,
                -2.384186100629071e-7,
                0,
                10.578857421875,
                3.544155597686768,
                7.706905364990238,
                1
            ],
            "name": "clavicle_L"
        },
        {
            "children": [
                5
            ],
            "matrix": [
                0.7161478400230404,
                -0.2973908483982084,
                -0.6314201354980468,
                0,
                -0.6762289674648259,
                -0.07171414541592391,
                -0.7331929373750291,
                0,
                0.17276307066948593,
                0.9520588844135098,
                -0.252462172970375,
                0,
                14.353157043457024,
                0.000007629394534802714,
                0.0000152587890625,
                1
            ],
            "name": "bicep_L"
        },
        {
            "children": [
                6
            ],
            "matrix": [
                0.9255282282829285,
                1.1920928952302567e-7,
                -0.3786786198616028,
                0,
                -1.4099490410271476e-7,
                0.9999997615814118,
                -2.9802323442407186e-8,
                0,
                0.3786786578460101,
                8.097467468770603e-8,
                0.9255283211206256,
                0,
                37.90278625488283,
                -0.0000152587890625,
                -0.000026702880852269573,
                1
            ],
            "name": "elbow_L"
        },
        {
            "children": [
                7,
                8,
                9
            ],
            "matrix": [
                0.7631170749664304,
                0.4019516408443451,
                0.506050705909729,
                0,
                -0.5769463156766486,
                0.776535102986886,
                0.25323159224259867,
                0,
                -0.2911792236349053,
                -0.48520934333341625,
                0.8244915465280797,
                0,
                38.009407043457024,
                -0.000022888183579539145,
                0.00000762939453125,
                1
            ],
            "name": "wrist_L"
        },
        {
            "matrix": [
                0.999999761581421,
                5.401653879744129e-8,
                -1.788138490610438e-7,
                0,
                -5.4016540684799885e-8,
                0.9999998211860647,
                7.450644545769888e-9,
                0,
                1.78813892096053e-7,
                -7.450636219139502e-9,
                0.999999999999986,
                0,
                22.73561859130858,
                -2.8923492431640625,
                -3.2955017089843746,
                1
            ],
            "name": "Mid_0_L"
        },
        {
            "matrix": [
                0.999999761581421,
                5.401653879744129e-8,
                -1.788138490610438e-7,
                0,
                -5.4016540684799885e-8,
                0.9999998211860647,
                7.450644545769888e-9,
                0,
                1.78813892096053e-7,
                -7.450636219139502e-9,
                0.999999999999986,
                0,
                12.23860931396483,
                4.827751159667962,
                -4.215919494628905,
                1
            ],
            "name": "Thumb_0_L"
        },
        {
            "matrix": [
                0.9697105288505555,
                0.03573957085609435,
                0.2416271716356277,
                0,
                -0.0000013144931261132137,
                0.9892379046322832,
                -0.14631493332889076,
                0,
                -0.24425612864109555,
                0.14188289435254306,
                0.959275003529399,
                0,
                22.456321716308565,
                -3.9101219177246094,
                6.350081920623778,
                1
            ],
            "name": "Thumb1_0_L"
        },
        {
            "matrix": [
                0.9999998211860656,
                3.730349364064015e-14,
                -1.043081283569336e-7,
                0,
                -3.730350098600399e-14,
                1.0000000000000002,
                -6.6613382006904984e-15,
                0,
                1.043081283569336e-7,
                6.661340847668459e-15,
                0.9999998211860655,
                0,
                15.667236328125,
                27.277770996093754,
                3.546415328979492,
                1
            ],
            "name": "shoulderPad1_0_R"
        },
        {
            "matrix": [
                0.9999998211860656,
                3.730349364064015e-14,
                -1.043081283569336e-7,
                0,
                -3.730350098600399e-14,
                1.0000000000000002,
                -6.6613382006904984e-15,
                0,
                1.043081283569336e-7,
                6.661340847668459e-15,
                0.9999998211860655,
                0,
                15.667236328125,
                -27.27777099609376,
                3.546422958374027,
                1
            ],
            "name": "shoulderPad4_0_B_L"
        },
        {
            "matrix": [
                0.9999998211860656,
                3.730349364064015e-14,
                -1.043081283569336e-7,
                0,
                -3.730350098600399e-14,
                1.0000000000000002,
                -6.6613382006904984e-15,
                0,
                1.043081283569336e-7,
                6.661340847668459e-15,
                0.9999998211860655,
                0,
                24.7567138671875,
                27.156967163085945,
                -13.079824447631836,
                1
            ],
            "name": "shoulderPad6_0_C_L"
        },
        {
            "matrix": [
                0.9999998211860656,
                3.730349364064015e-14,
                -1.043081283569336e-7,
                0,
                -3.730350098600399e-14,
                1.0000000000000002,
                -6.6613382006904984e-15,
                0,
                1.043081283569336e-7,
                6.661340847668459e-15,
                0.9999998211860655,
                0,
                24.7567138671875,
                -27.156970977783207,
                -13.079813003540046,
                1
            ],
            "name": "shoulderPad7_0_C_R"
        },
        {
            "children": [
                15
            ],
            "matrix": [
                -0.03348062932491426,
                -2.2350731398257277e-7,
                -0.9994392991065979,
                0,
                7.111115045179023e-7,
                1,
                -2.474545226459426e-7,
                0,
                0.9994392991066037,
                -7.189977168094565e-7,
                -0.03348062932475368,
                0,
                22.3839111328125,
                8.30076032798388e-7,
                -0.8924369812011719,
                1
            ],
            "name": "neck1"
        },
        {
            "matrix": [
                0.9963603019714357,
                2.495036131300028e-17,
                -0.08524218946695329,
                0,
                -8.12932819307523e-8,
                1,
                -9.502031730335148e-7,
                0,
                0.08524218946695333,
                9.536743377586208e-7,
                0.9963603019714354,
                0,
                23.56119918823242,
                0.0000013538665371015397,
                0.0000457763671875,
                1
            ],
            "name": "head"
        },
        {
            "children": [
                17
            ],
            "matrix": [
                0.3389701247215271,
                0.7606148123741154,
                -0.5536825060844421,
                0,
                -0.2253818074906979,
                -0.5057345328592069,
                -0.8327279102196954,
                0,
                -0.9134014839958846,
                0.4070598196137323,
                -1.5646218176623705e-7,
                0,
                10.578857421874972,
                -3.544153690338136,
                7.706905364990238,
                1
            ],
            "name": "clavicle_R"
        },
        {
            "children": [
                18
            ],
            "matrix": [
                0.7172805666923522,
                -0.29106432199478166,
                -0.6330798268318177,
                0,
                -0.693308501765783,
                -0.2074907872593595,
                -0.6901239483681169,
                0,
                0.0695122112706647,
                0.9339319055437365,
                -0.35062639682418795,
                0,
                -14.353164672851548,
                -0.0000019073486328125,
                0,
                1
            ],
            "name": "bicep_R"
        },
        {
            "children": [
                19
            ],
            "matrix": [
                0.9032592773437501,
                0.001643478870391929,
                -0.42909148335456854,
                0,
                -0.0018175414745523165,
                0.9999982120463566,
                0.0000041127198971979695,
                0,
                0.4290907738173158,
                0.0007761768070428943,
                0.9032607565949134,
                0,
                -37.90279388427736,
                0.000022888183579539145,
                0,
                1
            ],
            "name": "elbow_R"
        },
        {
            "children": [
                20,
                23,
                25,
                28
            ],
            "matrix": [
                0.7143922448158267,
                0.37136891484260565,
                0.5930677056312564,
                0,
                -0.6330537032718792,
                0.7041190940484878,
                0.3216508174047009,
                0,
                -0.29813914083279075,
                -0.6052284761444063,
                0.7381135886309176,
                0,
                -38.00942230224609,
                -2.0653533935546733,
                -1.7542724609375142,
                1
            ],
            "name": "wrist_R"
        },
        {
            "children": [
                21
            ],
            "matrix": [
                0.8586646318435669,
                0.37885060906410206,
                -0.3452061116695404,
                0,
                0.17269029969376698,
                -0.8479909667027057,
                -0.5010885837741564,
                0,
                -0.48256933776182903,
                0.37065326536548204,
                -0.793563607805369,
                0,
                -10.353820800781264,
                -3.715301513671882,
                2.7119293212890625,
                1
            ],
            "name": "Thumb_0_R"
        },
        {
            "children": [
                22
            ],
            "matrix": [
                0.6549370288848878,
                3.4272670748625167e-7,
                -0.7556836009025572,
                0,
                -4.373304092752939e-7,
                0.9999999403953348,
                7.450579586620876e-8,
                0,
                0.7556834987894188,
                2.816867926136446e-7,
                0.654936940385443,
                0,
                -7.067131042480483,
                3.552713678800501e-15,
                -0.0000171661376953125,
                1
            ],
            "name": "Thumb_1_R"
        },
        {
            "matrix": [
                0.9999999403953549,
                3.427267074307405e-7,
                -4.172325134277344e-7,
                0,
                -3.427265302391458e-7,
                0.9999999403953836,
                4.2468309396914705e-7,
                0,
                4.1723268384696865e-7,
                -4.246829763410176e-7,
                0.9999999999999943,
                0,
                -5.077659606933594,
                0.000003814697269177714,
                -0.00002288818359375,
                1
