{
    "accessors": {
        "attrbute_1": {
            "bufferView": "bufferView_31",
            "byteOffset": 0,
            "byteStride": 12,
            "count": 1264,
            "max": [
                59.813209533691406,
                35.36565017700195,
                209.40232849121094,
                0
            ],
            "min": [
                -59.81310272216797,
                -40.539955139160156,
                72.8092041015625,
                0
            ],
            "type": 35665
        },
        "attrbute_10": {
            "bufferView": "bufferView_31",
            "byteOffset": 97312,
            "byteStride": 16,
            "count": 671,
            "max": [
                10,
                10,
                10,
                -1
            ],
            "min": [
                0,
                -1,
                -1,
                -1
            ],
            "type": 35666
        },
        "attrbute_11": {
            "bufferView": "bufferView_31",
            "byteOffset": 108048,
            "byteStride": 12,
            "count": 671,
            "max": [
                1,
                0.9980760216712952,
                0.969299852848053
            ],
            "min": [
                0.0012343553826212883,
                0,
                0
            ],
            "type": 35665
        },
        "attrbute_13": {
            "bufferView": "bufferView_31",
            "byteOffset": 116100,
            "byteStride": 12,
            "count": 421,
            "max": [
                14.282407760620117,
                61.654842376708984,
                231.28631591796875,
                0
            ],
            "min": [
                -14.282391548156738,
                -39.812713623046875,
                188.75279235839844,
                0
            ],
            "type": 35665
        },
        "attrbute_14": {
            "bufferView": "bufferView_31",
            "byteOffset": 121152,
            "byteStride": 12,
            "count": 421,
            "max": [
                0.9988341927528381,
                0.998755693435669,
                0.9992430806159973,
                0
            ],
            "min": [
                -0.9988341927528381,
                -0.9874609708786011,
                -0.9998255968093872,
                0
            ],
            "type": 35665
        },
        "attrbute_15": {
            "bufferView": "bufferView_31",
            "byteOffset": 126204,
            "byteStride": 8,
            "count": 421,
            "max": [
                0.9829580187797546,
                0.9804019927978516
            ],
            "min": [
                0.013017999939620495,
                0.013019979000091553
            ],
            "type": 35664
        },
        "attrbute_16": {
            "bufferView": "bufferView_31",
            "byteOffset": 129572,
            "byteStride": 16,
            "count": 421,
            "max": [
                1,
                3,
                4,
                -1
            ],
            "min": [
                0,
                -1,
                -1,
                -1
            ],
            "type": 35666
        },
        "attrbute_17": {
            "bufferView": "bufferView_31",
            "byteOffset": 136308,
            "byteStride": 12,
            "count": 421,
            "max": [
                1,
                0.9994397759437561,
                0.10794657468795776
            ],
            "min": [
                0.0005601924494840205,
                0,
                0
            ],
            "type": 35665
        },
        "attrbute_19": {
            "bufferView": "bufferView_31",
            "byteOffset": 141360,
            "byteStride": 12,
            "count": 530,
            "max": [
                -22.668272018432617,
                133.38449096679688,
                156.85043334960938,
                0
            ],
            "min": [
                -77.9157943725586,
                -122.35277557373047,
                25.11345863342285,
                0
            ],
            "type": 35665
        },
        "attrbute_2": {
            "bufferView": "bufferView_31",
            "byteOffset": 15168,
            "byteStride": 12,
            "count": 1264,
            "max": [
                0.9951311349868774,
                0.9998635649681091,
                0.9999998807907104,
                0
            ],
            "min": [
                -0.9951311349868774,
                -0.9998911023139954,
                -0.9999998807907104,
                0
            ],
            "type": 35665
        },
        "attrbute_20": {
            "bufferView": "bufferView_31",
            "byteOffset": 147720,
            "byteStride": 12,
            "count": 530,
            "max": [
                0.9910579323768616,
                0.986616849899292,
                0.9535635113716125,
                0
            ],
            "min": [
                -0.9993190765380859,
                -0.9948748350143433,
                -0.9137303829193115,
                0
            ],
            "type": 35665
        },
        "attrbute_21": {
            "bufferView": "bufferView_31",
            "byteOffset": 154080,
            "byteStride": 8,
            "count": 530,
            "max": [
                1,
                0.9933069944381714
            ],
            "min": [
                7.684920255712768e-9,
                0.011933207511901855
            ],
            "type": 35664
        },
        "attrbute_22": {
            "bufferView": "bufferView_31",
            "byteOffset": 158320,
            "byteStride": 16,
            "count": 530,
            "max": [
                0,
                3,
                3,
                -1
            ],
            "min": [
                0,
                -1,
                -1,
                -1
            ],
            "type": 35666
        },
        "attrbute_23": {
            "bufferView": "bufferView_31",
            "byteOffset": 166800,
            "byteStride": 12,
            "count": 530,
            "max": [
                1,
                0.01056969165802002,
                0.0016579701332375407
            ],
            "min": [
                0.98943030834198,
                0,
                0
            ],
            "type": 35665
        },
        "attrbute_25": {
            "bufferView": "bufferView_31",
            "byteOffset": 173160,
            "byteStride": 12,
            "count": 1318,
            "max": [
                100.25309753417969,
                84.081787109375,
                242.4738006591797,
                0
            ],
            "min": [
                -100.25309753417969,
                -31.368614196777344,
                51.91521453857422,
                0
            ],
            "type": 35665
        },
        "attrbute_26": {
            "bufferView": "bufferView_31",
            "byteOffset": 188976,
            "byteStride": 12,
            "count": 1318,
            "max": [
                0.9852693676948547,
                0.9946438670158386,
                0.9996944665908813,
                0
            ],
            "min": [
                -0.9852689504623413,
                -0.9984140396118164,
                -0.9999844431877136,
                0
            ],
            "type": 35665
        },
        "attrbute_27": {
            "bufferView": "bufferView_31",
            "byteOffset": 204792,
            "byteStride": 8,
            "count": 1318,
            "max": [
                0.9801689982414246,
                0.9872360229492188
            ],
            "min": [
                0.010785000398755074,
                0.016315996646881104
            ],
            "type": 35664
        },
        "attrbute_28": {
            "bufferView": "bufferView_31",
            "byteOffset": 215336,
            "byteStride": 16,
            "count": 1318,
            "max": [
                17,
                18,
                18,
                -1
            ],
            "min": [
                0,
                -1,
                -1,
                -1
            ],
            "type": 35666
        },
        "attrbute_29": {
            "bufferView": "bufferView_31",
            "byteOffset": 236424,
            "byteStride": 12,
            "count": 1318,
            "max": [
                1,
                0.999897837638855,
                0.9914160370826721
            ],
            "min": [
                0.00010166638094233349,
                0,
                0
            ],
            "type": 35665
        },
        "attrbute_3": {
            "bufferView": "bufferView_31",
            "byteOffset": 30336,
            "byteStride": 8,
            "count": 1264,
            "max": [
                0.9859070181846619,
                0.9932760000228882
            ],
            "min": [
                0.02562600001692772,
                0.01772397756576538
            ],
            "type": 35664
        },
        "attrbute_4": {
            "bufferView": "bufferView_31",
            "byteOffset": 40448,
            "byteStride": 16,
            "count": 1264,
            "max": [
                34,
                34,
                34,
                -1
            ],
            "min": [
                0,
                -1,
                -1,
                -1
            ],
            "type": 35666
        },
        "attrbute_5": {
            "bufferView": "bufferView_31",
            "byteOffset": 60672,
            "byteStride": 12,
            "count": 1264,
            "max": [
                1,
                0.9998535513877869,
                0.9923974275588989
            ],
            "min": [
                0.00010977016063407063,
                0,
                0
            ],
            "type": 35665
        },
        "attrbute_7": {
            "bufferView": "bufferView_31",
            "byteOffset": 75840,
            "byteStride": 12,
            "count": 671,
            "max": [
                59.179100036621094,
                125.74391174316406,
                146.68089294433594,
                0
            ],
            "min": [
                -59.179100036621094,
                -40.75068664550781,
                -1.8424028158187866,
                0
            ],
            "type": 35665
        },
        "attrbute_8": {
            "bufferView": "bufferView_31",
            "byteOffset": 83892,
            "byteStride": 12,
            "count": 671,
            "max": [
                0.9996320009231567,
                0.992109477519989,
                0.9174745082855225,
                0
            ],
            "min": [
                -0.9996320009231567,
                -0.9957475662231445,
                -0.9898437857627869,
                0
            ],
            "type": 35665
        },
        "attrbute_9": {
            "bufferView": "bufferView_31",
            "byteOffset": 91944,
            "byteStride": 8,
            "count": 671,
            "max": [
                0.9935290217399597,
                0.987733006477356
            ],
            "min": [
                0.011435000225901604,
                0.0064550042152404785
            ],
            "type": 35664
        },
        "indices_12": {
            "bufferView": "bufferView_33",
            "byteOffset": 12000,
            "count": 3216,
            "type": 5123
        },
        "indices_18": {
            "bufferView": "bufferView_33",
            "byteOffset": 18432,
            "count": 2082,
            "type": 5123
        },
        "indices_24": {
            "bufferView": "bufferView_33",
            "byteOffset": 22596,
            "count": 1380,
            "type": 5123
        },
        "indices_30": {
            "bufferView": "bufferView_33",
            "byteOffset": 25356,
            "count": 5988,
            "type": 5123
        },
        "indices_6": {
            "bufferView": "bufferView_33",
            "byteOffset": 0,
            "count": 6000,
            "type": 5123
        }
    },
    "animations": {},
    "asset": {},
    "bufferViews": {
        "bufferView_31": {
            "buffer": "spectre.bin",
            "byteLength": 252240,
            "byteOffset": 0,
            "target": 34962
        },
        "bufferView_32": {
            "buffer": "spectre.bin",
            "byteLength": 5248,
            "byteOffset": 252240
        },
        "bufferView_33": {
            "buffer": "spectre.bin",
            "byteLength": 37332,
            "byteOffset": 257488,
            "target": 34963
        }
    },
    "buffers": {
        "spectre.bin": {
            "byteLength": 294820,
            "path": "spectre.bin"
        }
    },
    "cameras": {},
    "images": {
        "image_0": {
            "path": "textures/spectre_base_color.png"
        },
        "image_1": {
            "path": "textures/spectre_dress_color.png"
        },
        "image_2": {
            "path": "textures/spectre_hat_color.png"
        },
        "image_3": {
            "path": "textures/spectre_weapon_color.png"
        },
        "image_4": {
            "path": "textures/spectre_wings_color.png"
        }
    },
    "lights": {},
    "materials": {
        "Material #35": {
            "instanceTechnique": {
                "technique": "technique_0",
                "values": {
                    "ambient": [
                        0.5879999995231628,
                        0.5879999995231628,
                        0.5879999995231628
                    ],
                    "diffuse": "Map #6",
                    "emission": [
                        0,
                        0,
                        0
                    ],
                    "shininess": 2,
                    "specular": [
                        0.8999999761581421,
                        0.8999999761581421,
                        0.8999999761581421
                    ],
                    "transparency": 1
                }
            },
            "name": "Material #35"
        },
        "Material #46": {
            "instanceTechnique": {
                "technique": "technique_0",
                "values": {
                    "ambient": [
                        0.5879999995231628,
                        0.5879999995231628,
                        0.5879999995231628
                    ],
                    "diffuse": "Map #7",
                    "emission": [
                        0,
                        0,
                        0
                    ],
                    "shininess": 2,
                    "specular": [
                        0.8999999761581421,
                        0.8999999761581421,
                        0.8999999761581421
                    ],
                    "transparency": 1
                }
            },
            "name": "Material #46"
        },
        "Material #57": {
            "instanceTechnique": {
                "technique": "technique_0",
                "values": {
                    "ambient": [
                        0.5879999995231628,
                        0.5879999995231628,
                        0.5879999995231628
                    ],
                    "diffuse": "Map #8",
                    "emission": [
                        0,
                        0,
                        0
                    ],
                    "shininess": 2,
                    "specular": [
                        0.8999999761581421,
                        0.8999999761581421,
                        0.8999999761581421
                    ],
                    "transparency": 1
                }
            },
            "name": "Material #57"
        },
        "Material #68": {
            "instanceTechnique": {
                "technique": "technique_0",
                "values": {
                    "ambient": [
                        0.5879999995231628,
                        0.5879999995231628,
                        0.5879999995231628
                    ],
                    "diffuse": "Map #9",
                    "emission": [
                        0,
                        0,
                        0
                    ],
                    "shininess": 2,
                    "specular": [
                        0.8999999761581421,
                        0.8999999761581421,
                        0.8999999761581421
                    ],
                    "transparency": 1
                }
            },
            "name": "Material #68"
        },
        "Material #79": {
            "instanceTechnique": {
                "technique": "technique_0",
                "values": {
                    "ambient": [
                        0.5879999995231628,
                        0.5879999995231628,
                        0.5879999995231628
                    ],
                    "diffuse": "Map #10",
                    "emission": [
                        0,
                        0,
                        0
                    ],
                    "shininess": 2,
                    "specular": [
                        0.8999999761581421,
                        0.8999999761581421,
                        0.8999999761581421
                    ],
                    "transparency": 1
                }
            },
            "name": "Material #79"
        }
    },
    "meshes": {
        "spectre_base_model_LOD0-mesh": {
            "name": "spectre_base_model_LOD0-mesh",
            "primitives": [
                {
                    "attributes": {
                        "JOINT": "attrbute_4",
                        "NORMAL": "attrbute_2",
                        "POSITION": "attrbute_1",
                        "TEXCOORD_0": "attrbute_3",
                        "WEIGHT": "attrbute_5"
                    },
                    "indices": "indices_6",
                    "material": "Material #35"
                }
            ]
        },
        "spectre_dress_model_LOD0-mesh": {
            "name": "spectre_dress_model_LOD0-mesh",
            "primitives": [
                {
                    "attributes": {
                        "JOINT": "attrbute_10",
                        "NORMAL": "attrbute_8",
                        "POSITION": "attrbute_7",
                        "TEXCOORD_0": "attrbute_9",
                        "WEIGHT": "attrbute_11"
                    },
                    "indices": "indices_12",
                    "material": "Material #46"
                }
            ]
        },
        "spectre_hat_model_LOD0-mesh": {
            "name": "spectre_hat_model_LOD0-mesh",
            "primitives": [
                {
                    "attributes": {
                        "JOINT": "attrbute_16",
                        "NORMAL": "attrbute_14",
                        "POSITION": "attrbute_13",
                        "TEXCOORD_0": "attrbute_15",
                        "WEIGHT": "attrbute_17"
                    },
                    "indices": "indices_18",
                    "material": "Material #57"
                }
            ]
        },
        "spectre_weapon_model_LOD0-mesh": {
            "name": "spectre_weapon_model_LOD0-mesh",
            "primitives": [
                {
                    "attributes": {
                        "JOINT": "attrbute_22",
                        "NORMAL": "attrbute_20",
                        "POSITION": "attrbute_19",
                        "TEXCOORD_0": "attrbute_21",
                        "WEIGHT": "attrbute_23"
                    },
                    "indices": "indices_24",
                    "material": "Material #68"
                }
            ]
        },
        "spectre_wings_model_LOD0-mesh": {
            "name": "spectre_wings_model_LOD0-mesh",
            "primitives": [
                {
                    "attributes": {
                        "JOINT": "attrbute_28",
                        "NORMAL": "attrbute_26",
                        "POSITION": "attrbute_25",
                        "TEXCOORD_0": "attrbute_27",
                        "WEIGHT": "attrbute_29"
                    },
                    "indices": "indices_30",
                    "material": "Material #79"
                }
            ]
        }
    },
    "nodes": {
        "Index_0_R": {
            "children": [
                "Index_1_R"
            ],
            "jointId": "Index_0_R",
            "matrix": [
                0.9688557982444767,
                0.18214546144008648,
                0.16775417327880868,
                0,
                -0.08119093741324616,
                -0.4063363176387142,
                0.9101092602933388,
                0,
                0.23393692353660173,
                -0.8953849029541153,
                -0.37889280030731826,
                0,
                -18.7320556640625,
                3.3618202209472727,
                3.840178966522218,
                1
            ],
            "name": "Index_0_R"
        },
        "Index_1_R": {
            "children": [
                "Index_2_R"
            ],
            "jointId": "Index_1_R",
            "matrix": [
                0.8156441450119016,
                4.3585896490616616e-7,
                -0.5785541534423828,
                0,
                -1.9244511262339614e-9,
                1.000000119209293,
                7.50645980044512e-7,
                0,
                0.5785540572861131,
                -6.111464249669574e-7,
                0.8156440094505818,
                0,
                -7.799728393554673,
                0.000003814697265625,
                -0.000013351440426134786,
                1
            ],
            "name": "Index_1_R"
        },
        "Index_2_R": {
            "children": [],
            "jointId": "Index_2_R",
            "matrix": [
                0.9999999999999998,
                -1.1175870978652469e-8,
                -1.490116118829654e-7,
                0,
                1.1175886494019238e-8,
                1.0000000000000002,
                1.0430812826672797e-7,
                0,
                1.4901161071723124e-7,
                -1.0430813002226813e-7,
                1.0000000000000027,
                0,
                -6.118431091308594,
                -0.000003814697265625,
                0.0000038146972514141453,
                1
            ],
            "name": "Index_2_R"
        },
        "Mid_0_L": {
            "children": [],
            "jointId": "Mid_0_L",
            "matrix": [
                0.9999997615814209,
                5.4016538797441224e-8,
                -1.788138490610438e-7,
                0,
                -5.4016540684800104e-8,
                0.9999998211860646,
                7.45064454576988e-9,
                0,
                1.7881389209605262e-7,
                -7.450636219139702e-9,
                0.9999999999999859,
                0,
                22.73561859130858,
                -2.8923492431640625,
                -3.295501708984375,
                1
            ],
            "name": "Mid_0_L"
        },
        "Pinky_0_R": {
            "children": [
                "Pinky_1_R"
            ],
            "jointId": "Pinky_0_R",
            "matrix": [
                0.7296640276908876,
                0.6339907646179201,
                0.256215512752533,
                0,
                -0.2561492324544395,
                -0.09399337327901758,
                0.962056546025357,
                0,
                0.6340174206251478,
                -0.7676073341404234,
                0.09381264889176685,
                0,
                -22.91702270507814,
                4.052646636962898,
                -5.666297912597657,
                1
            ],
            "name": "Pinky_0_R"
        },
        "Pinky_1_R": {
            "children": [],
            "jointId": "Pinky_1_R",
            "matrix": [
                0.9999998807907102,
                4.917383194247282e-7,
                -2.980232233218416e-8,
                0,
                -4.917383491787053e-7,
                0.9999999999999931,
                9.685754776000977e-7,
                0,
                2.9802802170575404e-8,
                -9.685754629451537e-7,
                1.0000000000000748,
                0,
                -5.954727172851577,
                -0.0000095367431640625,
                0.00000762939453125,
                1
            ],
            "name": "Pinky_1_R"
        },
        "Thumb1_0_L": {
            "children": [],
            "jointId": "Thumb1_0_L",
            "matrix": [
                0.9697105288505555,
                0.03573957085609436,
                0.24162717163562775,
                0,
                -0.000001314493126100168,
                0.9892379046322831,
                -0.14631493332889076,
                0,
                -0.2442561286410955,
                0.14188289435254312,
                0.9592750035293991,
                0,
                22.456321716308608,
                -3.9101219177246094,
                6.350081920623779,
                1
            ],
            "name": "Thumb1_0_L"
        },
        "Thumb_0_L": {
            "children": [],
            "jointId": "Thumb_0_L",
            "matrix": [
                0.9999997615814209,
                5.4016538797441224e-8,
                -1.788138490610438e-7,
                0,
                -5.4016540684800104e-8,
                0.9999998211860646,
                7.45064454576988e-9,
                0,
                1.7881389209605262e-7,
                -7.450636219139702e-9,
                0.9999999999999859,
                0,
                12.238609313964858,
                4.827751159667976,
                -4.215919494628905,
                1
            ],
            "name": "Thumb_0_L"
        },
        "Thumb_0_R": {
            "children": [
                "Thumb_1_R"
            ],
            "jointId": "Thumb_0_R",
            "matrix": [
                0.8586646318435668,
                0.37885060906410206,
                -0.3452061116695404,
                0,
                0.172690299693767,
                -0.8479909667027056,
                -0.5010885837741564,
                0,
                -0.4825693377618289,
                0.3706532653654819,
                -0.7935636078053689,
                0,
                -10.35382080078125,
                -3.715301513671868,
                2.7119293212890625,
                1
            ],
            "name": "Thumb_0_R"
        },
        "Thumb_1_R": {
            "children": [
                "Thumb_2_R"
            ],
            "jointId": "Thumb_1_R",
            "matrix": [
                0.6549370288848879,
                3.4272670748625167e-7,
                -0.7556836009025578,
                0,
                -4.373304092752939e-7,
                0.999999940395335,
                7.450579589396433e-8,
                0,
                0.755683498789419,
                2.816867925997668e-7,
                0.6549369403854434,
                0,
                -7.067131042480469,
                -3.552713678800501e-15,
                -0.000017166137698865214,
                1
            ],
            "name": "Thumb_1_R"
        },
        "Thumb_2_R": {
            "children": [],
            "jointId": "Thumb_2_R",
            "matrix": [
                0.9999999403953553,
                3.427267074584961e-7,
                -4.172325134277344e-7,
                0,
                -3.4272653029465694e-7,
                0.9999999403953836,
                4.246830941287416e-7,
                0,
                4.1723268384696865e-7,
                -4.246829763271398e-7,
                0.9999999999999942,
                0,
                -5.077659606933594,
                0.000003814697265625,
                -0.00002288818359375,
                1
            ],
            "name": "Thumb_2_R"
        },
        "backSkirt1_0": {
            "children": [
                "backSkirt1_1",
                "skirtBackL4_0",
                "skirtBackR3_0"
            ],
            "jointId": "backSkirt1_0",
            "matrix": [
                1.0000000000000002,
                1.629206849429466e-7,
                0,
                0,
                -1.629206849429466e-7,
                1.0000000000000002,
                0,
                0,
                0,
                0,
                1,
                0,
                -20.719890594482422,
                -0.0000046003306124475785,
                -28.016311645507812,
                1
            ],
            "name": "backSkirt1_0"
        },
        "backSkirt1_1": {
            "children": [],
            "jointId": "backSkirt1_1",
            "matrix": [
                1,
                7.450585570722978e-8,
                -3.725290866896102e-7,
                0,
                -7.450577762199799e-8,
                0.9999999999999996,
                2.0960841595751837e-7,
                0,
                3.725291023066625e-7,
                -2.0960838820194797e-7,
                0.9999999999999999,
                0,
                -13.60269546508789,
                -0.0000026720549612946343,
                -61.12948989868164,
                1
            ],
            "name": "backSkirt1_1"
        },
        "bicep_L": {
            "children": [
                "elbow_L"
            ],
            "jointId": "bicep_L",
            "matrix": [
                0.7161478400230408,
                -0.2973908483982087,
                -0.6314201354980469,
                0,
                -0.6762289674648261,
                -0.07171414541592391,
                -0.7331929373750292,
                0,
                0.17276307066948593,
                0.95205888441351,
                -0.25246217297037504,
                0,
                14.353157043457017,
                0.000007629394527697286,
                0.00001525878909092171,
                1
            ],
            "name": "bicep_L"
        },
        "bicep_R": {
            "children": [
                "elbow_R"
            ],
            "jointId": "bicep_R",
            "matrix": [
                0.7172805666923521,
                -0.29106432199478144,
                -0.6330798268318176,
                0,
                -0.693308501765783,
                -0.20749078725935932,
                -0.6901239483681167,
                0,
                0.0695122112706646,
                0.9339319055437365,
                -0.3506263968241878,
                0,
                -14.35316467285157,
                -0.0000019073486292597863,
                2.842170943040401e-14,
                1
            ],
            "name": "bicep_R"
        },
        "cape0_0_L": {
            "children": [
                "cape0_1_L"
            ],
            "jointId": "cape0_0_L",
            "matrix": [
                -0.8249990940093994,
                0.13939644396305098,
                0.5476724505424498,
                0,
                0.11613572297651899,
                0.9902365836632414,
                -0.07709643266737326,
                0,
                -0.5530722722254929,
                -1.5110387233480217e-7,
                -0.8331332021402139,
                0,
                -10.021759033203153,
                15.44327926635742,
                39.937065124511705,
                1
            ],
            "name": "cape0_0_L"
        },
        "cape0_1_L": {
            "children": [],
            "jointId": "cape0_1_L",
            "matrix": [
                0.09432595968246466,
                0.9915698170661928,
                0.08883955329656605,
                0,
                0.45766101927592134,
                0.03605932416736357,
                -0.8883954206427794,
                0,
                -0.8841092627306938,
                0.12445710662451447,
                -0.4504013616936457,
                0,
                39.71177673339842,
                -0.00000762939453125,
                0.000022888183579539145,
                1
            ],
            "name": "cape0_1_L"
        },
        "cape5_0_B_R": {
            "children": [
                "cape5_1_B_R"
            ],
            "jointId": "cape5_0_B_R",
            "matrix": [
                0.8249990344047547,
                0.13939678668975827,
                -0.5476722717285155,
                0,
                0.11613631801691891,
                -0.990236681279409,
                -0.07709621864940566,
                0,
                -0.5530721175891026,
                -3.3517648149423283e-7,
                -0.8331333047949332,
                0,
                -10.021774291992216,
                -15.443267822265623,
                39.93707275390624,
                1
            ],
            "name": "cape5_0_B_R"
        },
        "cape5_1_B_R": {
            "children": [],
            "jointId": "cape5_1_B_R",
            "matrix": [
                0.09432563930749892,
                -0.9915696382522583,
                -0.0888393223285675,
                0,
                -0.4576609741409016,
                0.03605927912761398,
                -0.888395456690234,
                0,
                0.8841094391338202,
                0.12445675958930537,
                -0.450401409771415,
                0,
                -39.71174621582033,
                -0.00000762939453125,
                -0.00000762939453125,
                1
            ],
            "name": "cape5_1_B_R"
        },
        "clavicle_L": {
            "children": [
                "bicep_L"
            ],
            "jointId": "clavicle_L",
            "matrix": [
                -0.3389705419540406,
                0.7606149315834044,
                0.5536820888519286,
                0,
                0.22538224239397725,
                -0.5057338005589841,
                0.8327280767176728,
                0,
                0.9134009886086691,
                0.40706032353796945,
                -2.384186100629071e-7,
                0,
                10.578857421875,
                3.544155597686767,
                7.706905364990231,
                1
            ],
            "name": "clavicle_L"
        },
        "clavicle_R": {
            "children": [
                "bicep_R"
            ],
            "jointId": "clavicle_R",
            "matrix": [
                0.3389701247215271,
                0.7606148123741151,
                -0.5536825060844421,
                0,
                -0.22538180749069775,
                -0.5057345328592066,
                -0.8327279102196952,
                0,
                -0.9134014839958842,
                0.4070598196137321,
                -1.564621818217482e-7,
                0,
                10.578857421874972,
                -3.5441536903381343,
                7.706905364990231,
                1
            ],
            "name": "clavicle_R"
        },
        "elbow_L": {
            "children": [
                "wrist_L"
            ],
            "jointId": "elbow_L",
            "matrix": [
                0.9255282282829282,
                1.1920928943975895e-7,
                -0.3786786198616026,
                0,
                -1.4099490419638983e-7,
                0.9999997615814115,
                -2.98023234285294e-8,
                0,
                0.37867865784600985,
                8.097467479872833e-8,
                0.925528321120625,
                0,
                37.9027862548828,
                -0.000015258789076710855,
                -0.000026702880862927714,
                1
            ],
            "name": "elbow_L"
        },
        "elbow_R": {
            "children": [
                "wrist_R"
            ],
            "jointId": "elbow_R",
            "matrix": [
                0.90325927734375,
                0.0016434788703919012,
                -0.42909148335456865,
                0,
                -0.0018175414745523755,
                0.9999982120463569,
                0.00000411271989744777,
                0,
                0.4290907738173157,
                0.0007761768070427277,
                0.9032607565949136,
                0,
                -37.902793884277386,
                0.00002288818359375,
                -7.105427357601002e-15,
                1
            ],
            "name": "elbow_R"
        },
        "head": {
            "children": [],
            "jointId": "head",
            "matrix": [
                0.9963603019714361,
                2.4950241652317777e-17,
                -0.08524218946695332,
                0,
                -8.129328193075219e-8,
                1.0000000000000002,
                -9.502031730335152e-7,
                0,
                0.08524218946695333,
                9.53674337758621e-7,
                0.996360301971436,
                0,
                23.561199188232422,
                0.000001353866537101594,
                0.0000457763671875,
                1
            ],
            "name": "head"
        },
        "neck1": {
            "children": [
                "head"
            ],
            "jointId": "neck1",
            "matrix": [
                -0.03348062932491429,
                -2.235073139825726e-7,
                -0.9994392991065978,
                0,
                7.111115045179021e-7,
                0.9999999999999998,
                -2.474545226459425e-7,
                0,
                0.9994392991066033,
                -7.189977168094562e-7,
                -0.033480629324753666,
                0,
                22.38391113281247,
                8.30076032798388e-7,
                -0.8924369812011754,
                1
            ],
            "name": "neck1"
        },
        "ring0_0": {
            "children": [
                "ring0_1"
            ],
            "jointId": "ring0_0",
            "matrix": [
                -0.8937393426895143,
                -0.41560399532318115,
                -0.16882885992527008,
                0,
                0.3884996874433414,
                -0.90527580758429,
                0.17188285950400697,
                0,
                -0.22427187636112167,
                0.08802851091443269,
                0.9705425873092606,
                0,
                -23.757408142089844,
                17.589000701904297,
                -5.760457515716553,
                1
            ],
            "name": "ring0_0"
        },
        "ring0_1": {
            "children": [],
            "jointId": "ring0_1",
            "matrix": [
                1.0000001192092896,
                4.4703483587094084e-7,
                -1.1920928955078125e-7,
                0,
                -4.4703487034336575e-7,
                1.0000001192093178,
                -2.9057264330778487e-7,
                0,
                1.192091454993438e-7,
                2.905726619178983e-7,
                1.0000000000000133,
                0,
                38.03410339355467,
                -0.000015258789069605427,
                0.0000019073486328125,
                1
            ],
            "name": "ring0_1"
        },
        "root": {
            "children": [
                "spine1",
