{
    "animations": {},
    "asset": {},
    "attributes": {
        "attribute_1": {
            "bufferView": "bufferView_37",
            "byteOffset": 0,
            "byteStride": 12,
            "count": 96,
            "max": [
                1,
                1,
                1
            ],
            "min": [
                0,
                0,
                0
            ],
            "type": "FLOAT_VEC3"
        },
        "attribute_10": {
            "bufferView": "bufferView_37",
            "byteOffset": 28960,
            "byteStride": 16,
            "count": 725,
            "max": [
                1,
                1,
                1
            ],
            "min": [
                0,
                0,
                0
            ],
            "type": "FLOAT_VEC4"
        },
        "attribute_11": {
            "bufferView": "bufferView_37",
            "byteOffset": 40560,
            "byteStride": 12,
            "count": 725,
            "max": [
                1,
                1,
                1
            ],
            "min": [
                0,
                0,
                0
            ],
            "type": "FLOAT_VEC3"
        },
        "attribute_13": {
            "bufferView": "bufferView_37",
            "byteOffset": 49260,
            "byteStride": 12,
            "count": 299,
            "max": [
                1,
                1,
                1
            ],
            "min": [
                0,
                0,
                0
            ],
            "type": "FLOAT_VEC3"
        },
        "attribute_14": {
            "bufferView": "bufferView_37",
            "byteOffset": 52848,
            "byteStride": 12,
            "count": 299,
            "max": [
                1,
                1,
                1
            ],
            "min": [
                0,
                0,
                0
            ],
            "type": "FLOAT_VEC3"
        },
        "attribute_15": {
            "bufferView": "bufferView_37",
            "byteOffset": 56436,
            "byteStride": 8,
            "count": 299,
            "max": [
                1,
                1,
                1
            ],
            "min": [
                0,
                0,
                0
            ],
            "type": "FLOAT_VEC2"
        },
        "attribute_16": {
            "bufferView": "bufferView_37",
            "byteOffset": 58828,
            "byteStride": 16,
            "count": 299,
            "max": [
                1,
                1,
                1
            ],
            "min": [
                0,
                0,
                0
            ],
            "type": "FLOAT_VEC4"
        },
        "attribute_17": {
            "bufferView": "bufferView_37",
            "byteOffset": 63612,
            "byteStride": 12,
            "count": 299,
            "max": [
                1,
                1,
                1
            ],
            "min": [
                0,
                0,
                0
            ],
            "type": "FLOAT_VEC3"
        },
        "attribute_19": {
            "bufferView": "bufferView_37",
            "byteOffset": 67200,
            "byteStride": 12,
            "count": 184,
            "max": [
                1,
                1,
                1
            ],
            "min": [
                0,
                0,
                0
            ],
            "type": "FLOAT_VEC3"
        },
        "attribute_2": {
            "bufferView": "bufferView_37",
            "byteOffset": 1152,
            "byteStride": 12,
            "count": 96,
            "max": [
                1,
                1,
                1
            ],
            "min": [
                0,
                0,
                0
            ],
            "type": "FLOAT_VEC3"
        },
        "attribute_20": {
            "bufferView": "bufferView_37",
            "byteOffset": 69408,
            "byteStride": 12,
            "count": 184,
            "max": [
                1,
                1,
                1
            ],
            "min": [
                0,
                0,
                0
            ],
            "type": "FLOAT_VEC3"
        },
        "attribute_21": {
            "bufferView": "bufferView_37",
            "byteOffset": 71616,
            "byteStride": 8,
            "count": 184,
            "max": [
                1,
                1,
                1
            ],
            "min": [
                0,
                0,
                0
            ],
            "type": "FLOAT_VEC2"
        },
        "attribute_22": {
            "bufferView": "bufferView_37",
            "byteOffset": 73088,
            "byteStride": 16,
            "count": 184,
            "max": [
                1,
                1,
                1
            ],
            "min": [
                0,
                0,
                0
            ],
            "type": "FLOAT_VEC4"
        },
        "attribute_23": {
            "bufferView": "bufferView_37",
            "byteOffset": 76032,
            "byteStride": 12,
            "count": 184,
            "max": [
                1,
                1,
                1
            ],
            "min": [
                0,
                0,
                0
            ],
            "type": "FLOAT_VEC3"
        },
        "attribute_25": {
            "bufferView": "bufferView_37",
            "byteOffset": 78240,
            "byteStride": 12,
            "count": 550,
            "max": [
                1,
                1,
                1
            ],
            "min": [
                0,
                0,
                0
            ],
            "type": "FLOAT_VEC3"
        },
        "attribute_26": {
            "bufferView": "bufferView_37",
            "byteOffset": 84840,
            "byteStride": 12,
            "count": 550,
            "max": [
                1,
                1,
                1
            ],
            "min": [
                0,
                0,
                0
            ],
            "type": "FLOAT_VEC3"
        },
        "attribute_27": {
            "bufferView": "bufferView_37",
            "byteOffset": 91440,
            "byteStride": 8,
            "count": 550,
            "max": [
                1,
                1,
                1
            ],
            "min": [
                0,
                0,
                0
            ],
            "type": "FLOAT_VEC2"
        },
        "attribute_28": {
            "bufferView": "bufferView_37",
            "byteOffset": 95840,
            "byteStride": 16,
            "count": 550,
            "max": [
                1,
                1,
                1
            ],
            "min": [
                0,
                0,
                0
            ],
            "type": "FLOAT_VEC4"
        },
        "attribute_29": {
            "bufferView": "bufferView_37",
            "byteOffset": 104640,
            "byteStride": 12,
            "count": 550,
            "max": [
                1,
                1,
                1
            ],
            "min": [
                0,
                0,
                0
            ],
            "type": "FLOAT_VEC3"
        },
        "attribute_3": {
            "bufferView": "bufferView_37",
            "byteOffset": 2304,
            "byteStride": 8,
            "count": 96,
            "max": [
                1,
                1,
                1
            ],
            "min": [
                0,
                0,
                0
            ],
            "type": "FLOAT_VEC2"
        },
        "attribute_31": {
            "bufferView": "bufferView_37",
            "byteOffset": 111240,
            "byteStride": 12,
            "count": 772,
            "max": [
                1,
                1,
                1
            ],
            "min": [
                0,
                0,
                0
            ],
            "type": "FLOAT_VEC3"
        },
        "attribute_32": {
            "bufferView": "bufferView_37",
            "byteOffset": 120504,
            "byteStride": 12,
            "count": 772,
            "max": [
                1,
                1,
                1
            ],
            "min": [
                0,
                0,
                0
            ],
            "type": "FLOAT_VEC3"
        },
        "attribute_33": {
            "bufferView": "bufferView_37",
            "byteOffset": 129768,
            "byteStride": 8,
            "count": 772,
            "max": [
                1,
                1,
                1
            ],
            "min": [
                0,
                0,
                0
            ],
            "type": "FLOAT_VEC2"
        },
        "attribute_34": {
            "bufferView": "bufferView_37",
            "byteOffset": 135944,
            "byteStride": 16,
            "count": 772,
            "max": [
                1,
                1,
                1
            ],
            "min": [
                0,
                0,
                0
            ],
            "type": "FLOAT_VEC4"
        },
        "attribute_35": {
            "bufferView": "bufferView_37",
            "byteOffset": 148296,
            "byteStride": 12,
            "count": 772,
            "max": [
                1,
                1,
                1
            ],
            "min": [
                0,
                0,
                0
            ],
            "type": "FLOAT_VEC3"
        },
        "attribute_4": {
            "bufferView": "bufferView_37",
            "byteOffset": 3072,
            "byteStride": 16,
            "count": 96,
            "max": [
                1,
                1,
                1
            ],
            "min": [
                0,
                0,
                0
            ],
            "type": "FLOAT_VEC4"
        },
        "attribute_5": {
            "bufferView": "bufferView_37",
            "byteOffset": 4608,
            "byteStride": 12,
            "count": 96,
            "max": [
                1,
                1,
                1
            ],
            "min": [
                0,
                0,
                0
            ],
            "type": "FLOAT_VEC3"
        },
        "attribute_7": {
            "bufferView": "bufferView_37",
            "byteOffset": 5760,
            "byteStride": 12,
            "count": 725,
            "max": [
                1,
                1,
                1
            ],
            "min": [
                0,
                0,
                0
            ],
            "type": "FLOAT_VEC3"
        },
        "attribute_8": {
            "bufferView": "bufferView_37",
            "byteOffset": 14460,
            "byteStride": 12,
            "count": 725,
            "max": [
                1,
                1,
                1
            ],
            "min": [
                0,
                0,
                0
            ],
            "type": "FLOAT_VEC3"
        },
        "attribute_9": {
            "bufferView": "bufferView_37",
            "byteOffset": 23160,
            "byteStride": 8,
            "count": 725,
            "max": [
                1,
                1,
                1
            ],
            "min": [
                0,
                0,
                0
            ],
            "type": "FLOAT_VEC2"
        }
    },
    "bufferViews": {
        "bufferView_37": {
            "buffer": "juggernaut.bin",
            "byteLength": 157560,
            "byteOffset": 0,
            "target": "ARRAY_BUFFER"
        },
        "bufferView_38": {
            "buffer": "juggernaut.bin",
            "byteLength": 29604,
            "byteOffset": 157560,
            "target": "ELEMENT_ARRAY_BUFFER"
        }
    },
    "buffers": {
        "juggernaut.bin": {
            "byteLength": 187164,
            "path": "juggernaut.bin"
        }
    },
    "cameras": {},
    "images": {
        "image_0": {
            "path": "textures/juggernaut_bracers.png"
        },
        "image_1": {
            "path": "textures/juggernaut_fur.png"
        },
        "image_2": {
            "path": "textures/juggernaut_mask.png"
        },
        "image_3": {
            "path": "textures/juggernaut_sword.png"
        },
        "image_4": {
            "path": "textures/juggernaut_torso.png"
        },
        "image_5": {
            "path": "textures/juggernaut_pants.png"
        }
    },
    "indices": {
        "indices_12": {
            "bufferView": "bufferView_38",
            "byteOffset": 1056,
            "count": 3894,
            "type": "UNSIGNED_SHORT"
        },
        "indices_18": {
            "bufferView": "bufferView_38",
            "byteOffset": 8844,
            "count": 1740,
            "type": "UNSIGNED_SHORT"
        },
        "indices_24": {
            "bufferView": "bufferView_38",
            "byteOffset": 12324,
            "count": 990,
            "type": "UNSIGNED_SHORT"
        },
        "indices_30": {
            "bufferView": "bufferView_38",
            "byteOffset": 14304,
            "count": 3192,
            "type": "UNSIGNED_SHORT"
        },
        "indices_36": {
            "bufferView": "bufferView_38",
            "byteOffset": 20688,
            "count": 4458,
            "type": "UNSIGNED_SHORT"
        },
        "indices_6": {
            "bufferView": "bufferView_38",
            "byteOffset": 0,
            "count": 528,
            "type": "UNSIGNED_SHORT"
        }
    },
    "lights": {},
    "materials": {
        "Material #35": {
            "instanceTechnique": {
                "technique": "technique_0",
                "values": [
                    {
                        "parameter": "ambient",
                        "value": [
                            0.5879999995231628,
                            0.5879999995231628,
                            0.5879999995231628
                        ]
                    },
                    {
                        "parameter": "emission",
                        "value": [
                            0,
                            0,
                            0
                        ]
                    },
                    {
                        "parameter": "diffuse",
                        "value": "Map #7"
                    },
                    {
                        "parameter": "shininess",
                        "value": 2
                    },
                    {
                        "parameter": "specular",
                        "value": [
                            0.8999999761581421,
                            0.8999999761581421,
                            0.8999999761581421
                        ]
                    }
                ]
            },
            "name": "Material #35"
        },
        "Material #46": {
            "instanceTechnique": {
                "technique": "technique_0",
                "values": [
                    {
                        "parameter": "ambient",
                        "value": [
                            0.5879999995231628,
                            0.5879999995231628,
                            0.5879999995231628
                        ]
                    },
                    {
                        "parameter": "emission",
                        "value": [
                            0,
                            0,
                            0
                        ]
                    },
                    {
                        "parameter": "diffuse",
                        "value": "Map #8"
                    },
                    {
                        "parameter": "shininess",
                        "value": 2
                    },
                    {
                        "parameter": "specular",
                        "value": [
                            0.8999999761581421,
                            0.8999999761581421,
                            0.8999999761581421
                        ]
                    }
                ]
            },
            "name": "Material #46"
        },
        "Material #57": {
            "instanceTechnique": {
                "technique": "technique_0",
                "values": [
                    {
                        "parameter": "ambient",
                        "value": [
                            0.5879999995231628,
                            0.5879999995231628,
                            0.5879999995231628
                        ]
                    },
                    {
                        "parameter": "emission",
                        "value": [
                            0,
                            0,
                            0
                        ]
                    },
                    {
                        "parameter": "diffuse",
                        "value": "Map #9"
                    },
                    {
                        "parameter": "shininess",
                        "value": 2
                    },
                    {
                        "parameter": "specular",
                        "value": [
                            0.8999999761581421,
                            0.8999999761581421,
                            0.8999999761581421
                        ]
                    }
                ]
            },
            "name": "Material #57"
        },
        "Material #68": {
            "instanceTechnique": {
                "technique": "technique_0",
                "values": [
                    {
                        "parameter": "ambient",
                        "value": [
                            0.5879999995231628,
                            0.5879999995231628,
                            0.5879999995231628
                        ]
                    },
                    {
                        "parameter": "emission",
                        "value": [
                            0,
                            0,
                            0
                        ]
                    },
                    {
                        "parameter": "diffuse",
                        "value": "Map #10"
                    },
                    {
                        "parameter": "shininess",
                        "value": 2
                    },
                    {
                        "parameter": "specular",
                        "value": [
                            0.8999999761581421,
                            0.8999999761581421,
                            0.8999999761581421
                        ]
                    }
                ]
            },
            "name": "Material #68"
        },
        "Material #79": {
            "instanceTechnique": {
                "technique": "technique_0",
                "values": [
                    {
                        "parameter": "ambient",
                        "value": [
                            0.5879999995231628,
                            0.5879999995231628,
                            0.5879999995231628
                        ]
                    },
                    {
                        "parameter": "emission",
                        "value": [
                            0,
                            0,
                            0
                        ]
                    },
                    {
                        "parameter": "diffuse",
                        "value": "Map #11"
                    },
                    {
                        "parameter": "shininess",
                        "value": 2
                    },
                    {
                        "parameter": "specular",
                        "value": [
                            0.8999999761581421,
                            0.8999999761581421,
                            0.8999999761581421
                        ]
                    }
                ]
            },
            "name": "Material #79"
        },
        "Material #90": {
            "instanceTechnique": {
                "technique": "technique_0",
                "values": [
                    {
                        "parameter": "ambient",
                        "value": [
                            0.5879999995231628,
                            0.5879999995231628,
                            0.5879999995231628
                        ]
                    },
                    {
                        "parameter": "emission",
                        "value": [
                            0,
                            0,
                            0
                        ]
                    },
                    {
                        "parameter": "diffuse",
                        "value": "Map #12"
                    },
                    {
                        "parameter": "shininess",
                        "value": 2
                    },
                    {
                        "parameter": "specular",
                        "value": [
                            0.8999999761581421,
                            0.8999999761581421,
                            0.8999999761581421
                        ]
                    }
                ]
            },
            "name": "Material #90"
        }
    },
    "meshes": {
        "jugg_bracers_model-mesh": {
            "name": "jugg_bracers_model-mesh",
            "primitives": [
                {
                    "indices": "indices_6",
                    "material": "Material #35",
                    "semantics": {
                        "JOINT": "attribute_4",
                        "NORMAL": "attribute_2",
                        "POSITION": "attribute_1",
                        "TEXCOORD_0": "attribute_3",
                        "WEIGHT": "attribute_5"
                    },
                    "skin": "skin_0"
                }
            ]
        },
        "jugg_cape_model_LOD0-mesh": {
            "name": "jugg_cape_model_LOD0-mesh",
            "primitives": [
                {
                    "indices": "indices_12",
                    "material": "Material #46",
                    "semantics": {
                        "JOINT": "attribute_10",
                        "NORMAL": "attribute_8",
                        "POSITION": "attribute_7",
                        "TEXCOORD_0": "attribute_9",
                        "WEIGHT": "attribute_11"
                    },
                    "skin": "skin_1"
                }
            ]
        },
        "jugg_mask_model_LOD0-mesh": {
            "name": "jugg_mask_model_LOD0-mesh",
            "primitives": [
                {
                    "indices": "indices_18",
                    "material": "Material #57",
                    "semantics": {
                        "JOINT": "attribute_16",
                        "NORMAL": "attribute_14",
                        "POSITION": "attribute_13",
                        "TEXCOORD_0": "attribute_15",
                        "WEIGHT": "attribute_17"
                    },
                    "skin": "skin_2"
                }
            ]
        },
        "jugg_sword_model_LOD0-mesh": {
            "name": "jugg_sword_model_LOD0-mesh",
            "primitives": [
                {
                    "indices": "indices_24",
                    "material": "Material #68",
                    "semantics": {
                        "JOINT": "attribute_22",
                        "NORMAL": "attribute_20",
                        "POSITION": "attribute_19",
                        "TEXCOORD_0": "attribute_21",
                        "WEIGHT": "attribute_23"
                    },
                    "skin": "skin_3"
                }
            ]
        },
        "juggernaut_model_LOD0-mesh": {
            "name": "juggernaut_model_LOD0-mesh",
            "primitives": [
                {
                    "indices": "indices_30",
                    "material": "Material #79",
                    "semantics": {
                        "JOINT": "attribute_28",
                        "NORMAL": "attribute_26",
                        "POSITION": "attribute_25",
                        "TEXCOORD_0": "attribute_27",
                        "WEIGHT": "attribute_29"
                    },
                    "skin": "skin_4"
                }
            ]
        },
        "juggernaut_pants_model_LOD0-mesh": {
            "name": "juggernaut_pants_model_LOD0-mesh",
            "primitives": [
                {
                    "indices": "indices_36",
                    "material": "Material #90",
                    "semantics": {
                        "JOINT": "attribute_34",
                        "NORMAL": "attribute_32",
                        "POSITION": "attribute_31",
                        "TEXCOORD_0": "attribute_33",
                        "WEIGHT": "attribute_35"
                    },
                    "skin": "skin_5"
                }
            ]
        }
    },
    "nodes": {
        "L_panel2_0": {
            "children": [],
            "matrix": [
                -1,
                -3.2584136956428006e-7,
                -4.0900281818583365e-15,
                0,
                -3.2584136956428133e-7,
                1,
                3.258413695642973e-7,
                0,
                -1.0208256993766223e-13,
                3.2584136956426413e-7,
                -1,
                0,
                1.8601555824279785,
                17.102184295654297,
                1.1576766967773438,
                1
            ],
            "name": "L_panel2_0"
        },
        "R_panel3_0": {
            "children": [],
            "matrix": [
                1.1368342669326675e-8,
                -0.9533298015594485,
                0.3019308745861053,
                0,
                -2.8573044760299014e-7,
                0.30193087458610235,
                0.9533298015594494,
                0,
                -1,
                -9.710862733935484e-8,
                -2.689629070665041e-7,
                0,
                1.802901268005371,
                -17.40122413635254,
                1.4289703369140625,
                1
            ],
            "name": "R_panel3_0"
        },
        "ankle_L": {
            "children": [
                "toeBase_L"
            ],
            "matrix": [
                0.5077471733093264,
                -0.17815048992633825,
                0.8428850769996643,
                0,
                0.12578771371210715,
                0.9832307056696783,
                0.13204015456943657,
                0,
                -0.8522734491923202,
                0.03898156885489766,
                0.5216417187841174,
                0,
                42.86824035644531,
                -0.0000019073486328125,
                -0.0000014305114759416426,
                1
            ],
            "name": "ankle_L"
        },
        "ankle_R": {
            "children": [
                "toeBase_R"
            ],
            "matrix": [
                0.4951018095016481,
                -0.09563573449850087,
                0.8635554313659667,
                0,
                0.13061718892000423,
                0.9908204781351729,
                0.03484320346257988,
                0,
                -0.8589604751885036,
                0.0955442291971636,
                0.5030485737382717,
                0,
                -42.86824798583985,
                3.552713678800501e-15,
                -0.0000014305114737211966,
                1
            ],
            "name": "ankle_R"
        },
        "back_flap0_0": {
            "children": [],
            "matrix": [
                1.0000000000000002,
                1.629206849429466e-7,
                0,
                0,
                -1.629206849429466e-7,
                1.0000000000000002,
                0,
                0,
                0,
                0,
                1,
                0,
                -12.073410034179686,
                -0.000002108946318912785,
                -3.247161865234375,
                1
            ],
            "name": "back_flap0_0"
        },
        "back_fur1_0": {
            "children": [
                "back_fur1_1"
            ],
            "matrix": [
                -0.9908390045166017,
                0.13398981094360385,
                0.016887184232473366,
                0,
                -0.13311487783121298,
                -0.9900683059757994,
                0.04522080719974945,
                0,
                0.022778590119891987,
                0.04255859819441642,
                0.9988341928641541,
                0,
                8.270477294921875,
                0.1989173889160156,
                19.242679595947266,
                1
            ],
            "name": "back_fur1_0"
        },
        "back_fur1_1": {
            "children": [
                "back_fur1_2"
            ],
            "matrix": [
                0.9511885046958921,
                -0.13159143924713135,
                -0.2791476845741271,
                0,
                0.12979121454293893,
                0.9912260253730992,
                -0.025008081385121055,
                0,
                0.27998931723634646,
                -0.01244351827707212,
                0.9599222751248929,
                0,
                18.480987548828097,
                0.000007629394527697286,
                -0.000011444091796875,
                1
            ],
            "name": "back_fur1_1"
        },
        "back_fur1_2": {
            "children": [],
            "matrix": [
                0.9858630895614628,
                -0.12949839234352112,
                -0.10632343590259563,
                0,
                0.1315700885408097,
                0.9912260230550695,
                0.012677520591595423,
                0,
                0.10374881236735772,
                -0.026487276952114613,
                0.9942510189241509,
                0,
                15.798072814941406,
                -0.000011444091796875,
                -0.000015258789066052714,
                1
            ],
            "name": "back_fur1_2"
        },
        "back_fur_R0C0": {
            "children": [
                "back_fur_R1C0"
            ],
            "matrix": [
                -0.8784430027008059,
                0.016330990940332357,
                0.47756767272949224,
                0,
                0.47763139895186607,
                7.183691763829872e-7,
                0.8785601968193533,
                0,
                0.014347418871082217,
                0.9998666047680105,
                -0.0078008269039554,
                0,
                14.806411743164062,
                0.19892166554927826,
                12.163864135742193,
                1
            ],
            "name": "back_fur_R0C0"
        },
        "back_fur_R1C0": {
            "children": [
                "back_fur_R2C0"
            ],
            "matrix": [
                0.9766297340393071,
                -0.21429622173309343,
                -0.016460172832012183,
                0,
                0.21426767694876103,
                0.9767684792960457,
                -0.0034999796187504774,
                0,
                0.01682781555691654,
                -0.00010869886403348935,
                0.9998582004968579,
                0,
                10.243789672851548,
                0,
                -0.0000016689300537109375,
                1
            ],
            "name": "back_fur_R1C0"
        },
        "back_fur_R2C0": {
            "children": [
                "back_fur_R3C0"
            ],
            "matrix": [
                0.9729840755462645,
                -0.23087264597415919,
                0.0004948069108650089,
                0,
                0.23087256097727538,
                0.9729839694337078,
                0.000117625939310524,
                0,
                -0.0005085957396611705,
                -2.108270929486451e-7,
                0.9999999403953187,
                0,
                15.566886901855469,
                -0.000003814697272730427,
                0.0000010728836060125424,
                1
            ],
            "name": "back_fur_R2C0"
        },
        "back_fur_R3C0": {
            "children": [],
            "matrix": [
                0.9954760074615475,
                -0.09340918809175487,
                -0.01737654767930507,
                0,
                0.09438246854270034,
                0.9932177666420889,
                0.06789713357814968,
                0,
                0.01091648113608053,
                -0.06923001766494312,
                0.9975407726805805,
                0,
                15.377563476562514,
                0.000003814697265625,
                0.0000055730342864990234,
                1
            ],
            "name": "back_fur_R3C0"
        },
        "belt4_0": {
            "children": [],
            "matrix": [
                0.9984349608421326,
                1.626657137876464e-7,
                0.05592383071780205,
                0,
                -1.6780970828841556e-7,
                0.9999999999999999,
                8.728596867513269e-8,
                0,
                -0.05592383071778637,
                -9.653392443534627e-8,
                0.9984349608421335,
                0,
                18.923301696777337,
                0.0000034263748602825213,
                7.855560302734375,
                1
            ],
            "name": "belt4_0"
        },
        "bicep_L": {
            "children": [
                "elbow_L"
            ],
            "matrix": [
                0.5908172726631165,
                -0.19314318895339966,
                -0.7833461761474613,
                0,
                -0.8063829808950345,
                -0.17279309133728032,
                -0.5655879843357502,
                0,
                -0.026117327211810214,
                0.9658356859329396,
                -0.2578363928601005,
                0,
                16.283935546874996,
                0.000003814697265625,
                0,
                1
            ],
            "name": "bicep_L"
        },
        "bicep_R": {
            "children": [
                "elbow_R"
            ],
            "matrix": [
                0.5908172726631166,
                -0.19314283132553112,
                -0.7833459377288822,
                0,
                -0.8063828067228784,
                -0.17279249662138116,
                -0.5655882506338091,
                0,
                -0.02611697708638572,
                0.9658357402797314,
                -0.2578357797207407,
                0,
                -16.283939361572262,
                9.536743146298932e-7,
                -0.000030517578125,
                1
            ],
            "name": "bicep_R"
        },
        "clavicle_L": {
            "children": [
                "bicep_L"
            ],
            "matrix": [
                -0.1333909630775454,
                0.9520464539527896,
                0.27534377574920654,
                0,
                0.038205467946000875,
                -0.2726802582218198,
                0.9613456354584855,
                0,
                0.9903267675807295,
                0.13875449333321957,
                -2.9802323078115256e-7,
                0,
                8.712371826171875,
                3.5684332847595224,
                -4.21321487426758,
                1
            ],
            "name": "clavicle_L"
        },
        "clavicle_R": {
            "children": [
                "bicep_R"
            ],
            "matrix": [
                0.13339133560657493,
                0.9520462751388554,
                -0.2753443121910097,
                0,
                -0.03820471578375663,
                -0.27268091935785677,
                -0.9613455587102331,
                0,
                -0.9903265880326922,
                0.13875461778202822,
                -6.146729026670905e-7,
                0,
                8.712371826171875,
                -3.568434238433839,
                -4.21321487426758,
                1
            ],
            "name": "clavicle_R"
        },
        "elbow_L": {
            "children": [
                "wrist_L",
                "pad0_0_L"
            ],
            "matrix": [
                0.9561333656311038,
                -5.960464477539063e-8,
                -0.29293036460876465,
                0,
                2.0842773101881207e-7,
                0.9999997615814065,
                4.7683714041180103e-7,
                0,
                0.2929304814675088,
                -5.169750406097684e-7,
                0.9561337470616023,
                0,
                32.319023132324205,
                0,
                -0.0000019073486328125,
                1
            ],
            "name": "elbow_L"
        },
        "elbow_R": {
            "children": [
                "wrist_R",
                "pad1_0_R"
            ],
            "matrix": [
                0.9561336040496824,
                2.3841857904605135e-7,
                -0.2929305136203766,
                0,
                -2.5392216290720526e-7,
                0.9999997019767508,
                -1.490116129099217e-8,
                0,
                0.2929305161776422,
                8.862907793782959e-8,
                0.956133612396743,
                0,
                -32.31900787353514,
                -0.000015258789048289145,
                3.552713678800501e-15,
                1
            ],
            "name": "elbow_R"
        },
        "head": {
            "children": [],
            "matrix": [
                0.7652008533477784,
                -1.2989609509296291e-14,
                -0.6437917947769165,
                0,
                3.808413029839327e-7,
                0.9999999999999999,
                4.526619932221368e-7,
                0,
                0.6437917947769166,
                -5.915598494648905e-7,
                0.7652008533477784,
                0,
                14.7625732421875,
                -7.513665423175561e-7,
                1.4210854715202004e-14,
                1
            ],
            "name": "head"
        },
        "index_0_L": {
            "children": [
                "index_1_L"
            ],
            "matrix": [
                0.9247233867645261,
                0.2561165988445281,
                -0.28158724308013905,
                0,
                0.29130335984069117,
                2.131442833341879e-8,
                0.956630818925575,
                0,
                0.24500900224604405,
                -0.966646060899411,
                -0.07460759524990024,
                0,
                14.22833633422853,
                0.16884613037109375,
                -6.148262023925781,
                1
            ],
            "name": "index_0_L"
        },
        "index_0_R": {
            "children": [
                "index_1_R"
            ],
            "matrix": [
                0.3683974444866181,
                0.9228754043579099,
                -0.1121810227632523,
                0,
                0.12190550436576973,
