{
    "accessors": {
        "attrbute_1": {
            "bufferView": "bufferView_37",
            "byteOffset": 0,
            "byteStride": 12,
            "count": 136,
            "max": [
                67.31184387207031,
                12.964884757995605,
                121.41816711425781,
                0
            ],
            "min": [
                -64.394775390625,
                -14.149393081665039,
                80.9649887084961,
                0
            ],
            "type": 35665
        },
        "attrbute_10": {
            "bufferView": "bufferView_37",
            "byteOffset": 35872,
            "byteStride": 16,
            "count": 866,
            "max": [
                15,
                15,
                15,
                -1
            ],
            "min": [
                0,
                -1,
                -1,
                -1
            ],
            "type": 35666
        },
        "attrbute_11": {
            "bufferView": "bufferView_37",
            "byteOffset": 49728,
            "byteStride": 12,
            "count": 866,
            "max": [
                1,
                0.9998100996017456,
                0.9795486330986023
            ],
            "min": [
                0.0001899238704936579,
                0,
                0
            ],
            "type": 35665
        },
        "attrbute_13": {
            "bufferView": "bufferView_37",
            "byteOffset": 60120,
            "byteStride": 12,
            "count": 388,
            "max": [
                21.8759822845459,
                -0.566365122795105,
                177.48526000976562,
                0
            ],
            "min": [
                -21.87599754333496,
                -20.829614639282227,
                140.4598388671875,
                0
            ],
            "type": 35665
        },
        "attrbute_14": {
            "bufferView": "bufferView_37",
            "byteOffset": 64776,
            "byteStride": 12,
            "count": 388,
            "max": [
                0.9879142642021179,
                0.9911920428276062,
                0.998530387878418,
                0
            ],
            "min": [
                -0.9879142642021179,
                -0.9973769187927246,
                -0.9870939254760742,
                0
            ],
            "type": 35665
        },
        "attrbute_15": {
            "bufferView": "bufferView_37",
            "byteOffset": 69432,
            "byteStride": 8,
            "count": 388,
            "max": [
                0.9949309825897217,
                0.9962445497512817
            ],
            "min": [
                0.013426754623651505,
                0.0022008419036865234
            ],
            "type": 35664
        },
        "attrbute_16": {
            "bufferView": "bufferView_37",
            "byteOffset": 72536,
            "byteStride": 16,
            "count": 388,
            "max": [
                0,
                2,
                4,
                -1
            ],
            "min": [
                0,
                -1,
                -1,
                -1
            ],
            "type": 35666
        },
        "attrbute_17": {
            "bufferView": "bufferView_37",
            "byteOffset": 78744,
            "byteStride": 12,
            "count": 388,
            "max": [
                1,
                0.8739734888076782,
                0.08419723808765411
            ],
            "min": [
                0.12191314250230789,
                0,
                0
            ],
            "type": 35665
        },
        "attrbute_19": {
            "bufferView": "bufferView_37",
            "byteOffset": 83400,
            "byteStride": 12,
            "count": 228,
            "max": [
                -35.91840744018555,
                23.405946731567383,
                120.75585174560547,
                0
            ],
            "min": [
                -56.442169189453125,
                -112.51762390136719,
                78.4488525390625,
                0
            ],
            "type": 35665
        },
        "attrbute_2": {
            "bufferView": "bufferView_37",
            "byteOffset": 1632,
            "byteStride": 12,
            "count": 136,
            "max": [
                0.9809117317199707,
                0.7758376598358154,
                0.9950481653213501,
                0
            ],
            "min": [
                -0.993517279624939,
                -0.891919732093811,
                -0.9864909648895264,
                0
            ],
            "type": 35665
        },
        "attrbute_20": {
            "bufferView": "bufferView_37",
            "byteOffset": 86136,
            "byteStride": 12,
            "count": 228,
            "max": [
                0.9767100214958191,
                0.9978188872337341,
                0.9747163653373718,
                0
            ],
            "min": [
                -0.9836732745170593,
                -0.9954111576080322,
                -0.9746872186660767,
                0
            ],
            "type": 35665
        },
        "attrbute_21": {
            "bufferView": "bufferView_37",
            "byteOffset": 88872,
            "byteStride": 8,
            "count": 228,
            "max": [
                0.993862509727478,
                0.9836016297340393
            ],
            "min": [
                0.01019086129963398,
                0.011308431625366211
            ],
            "type": 35664
        },
        "attrbute_22": {
            "bufferView": "bufferView_37",
            "byteOffset": 90696,
            "byteStride": 16,
            "count": 228,
            "max": [
                0,
                -1,
                -1,
                -1
            ],
            "min": [
                0,
                -1,
                -1,
                -1
            ],
            "type": 35666
        },
        "attrbute_23": {
            "bufferView": "bufferView_37",
            "byteOffset": 94344,
            "byteStride": 12,
            "count": 228,
            "max": [
                1,
                0,
                0
            ],
            "min": [
                1,
                0,
                0
            ],
            "type": 35665
        },
        "attrbute_25": {
            "bufferView": "bufferView_37",
            "byteOffset": 97080,
            "byteStride": 12,
            "count": 672,
            "max": [
                62.88970947265625,
                19.571393966674805,
                164.65040588378906,
                0
            ],
            "min": [
                -59.512725830078125,
                -23.593461990356445,
                76.162841796875,
                0
            ],
            "type": 35665
        },
        "attrbute_26": {
            "bufferView": "bufferView_37",
            "byteOffset": 105144,
            "byteStride": 12,
            "count": 672,
            "max": [
                0.9975861310958862,
                0.9982017278671265,
                0.9876059293746948,
                0
            ],
            "min": [
                -0.9975860714912415,
                -0.999735951423645,
                -0.9951064586639404,
                0
            ],
            "type": 35665
        },
        "attrbute_27": {
            "bufferView": "bufferView_37",
            "byteOffset": 113208,
            "byteStride": 8,
            "count": 672,
            "max": [
                0.9971700310707092,
                0.9990371465682983
            ],
            "min": [
                0.004522277042269707,
                0.0004947185516357422
            ],
            "type": 35664
        },
        "attrbute_28": {
            "bufferView": "bufferView_37",
            "byteOffset": 118584,
            "byteStride": 16,
            "count": 672,
            "max": [
                30,
                31,
                31,
                -1
            ],
            "min": [
                0,
                -1,
                -1,
                -1
            ],
            "type": 35666
        },
        "attrbute_29": {
            "bufferView": "bufferView_37",
            "byteOffset": 129336,
            "byteStride": 12,
            "count": 672,
            "max": [
                1,
                0.9997720718383789,
                0.9991366863250732
            ],
            "min": [
                0.00011071105836890638,
                0,
                0
            ],
            "type": 35665
        },
        "attrbute_3": {
            "bufferView": "bufferView_37",
            "byteOffset": 3264,
            "byteStride": 8,
            "count": 136,
            "max": [
                0.9914054870605469,
                0.9960881471633911
            ],
            "min": [
                0.006154119968414307,
                0.011166214942932129
            ],
            "type": 35664
        },
        "attrbute_31": {
            "bufferView": "bufferView_37",
            "byteOffset": 137400,
            "byteStride": 12,
            "count": 991,
            "max": [
                36.89519500732422,
                31.65696907043457,
                114.5457534790039,
                0
            ],
            "min": [
                -37.6973876953125,
                -29.463680267333984,
                -0.000019518454791978,
                0
            ],
            "type": 35665
        },
        "attrbute_32": {
            "bufferView": "bufferView_37",
            "byteOffset": 149292,
            "byteStride": 12,
            "count": 991,
            "max": [
                0.9992356300354004,
                0.9911161661148071,
                0.9890173673629761,
                0
            ],
            "min": [
                -0.9995931386947632,
                -0.9950295686721802,
                -0.9933553338050842,
                0
            ],
            "type": 35665
        },
        "attrbute_33": {
            "bufferView": "bufferView_37",
            "byteOffset": 161184,
            "byteStride": 8,
            "count": 991,
            "max": [
                0.9948931336402893,
                0.9966716170310974
            ],
            "min": [
                0.005555843003094196,
                0.000760197639465332
            ],
            "type": 35664
        },
        "attrbute_34": {
            "bufferView": "bufferView_37",
            "byteOffset": 169112,
            "byteStride": 16,
            "count": 991,
            "max": [
                11,
                11,
                11,
                -1
            ],
            "min": [
                0,
                -1,
                -1,
                -1
            ],
            "type": 35666
        },
        "attrbute_35": {
            "bufferView": "bufferView_37",
            "byteOffset": 184968,
            "byteStride": 12,
            "count": 991,
            "max": [
                1,
                0.9998722076416016,
                0.9936023354530334
            ],
            "min": [
                0.00010740348807303235,
                0,
                0
            ],
            "type": 35665
        },
        "attrbute_4": {
            "bufferView": "bufferView_37",
            "byteOffset": 4352,
            "byteStride": 16,
            "count": 136,
            "max": [
                4,
                5,
                -1,
                -1
            ],
            "min": [
                0,
                -1,
                -1,
                -1
            ],
            "type": 35666
        },
        "attrbute_5": {
            "bufferView": "bufferView_37",
            "byteOffset": 6528,
            "byteStride": 12,
            "count": 136,
            "max": [
                1,
                0.1366967111825943,
                0
            ],
            "min": [
                0.8633033037185669,
                0,
                0
            ],
            "type": 35665
        },
        "attrbute_7": {
            "bufferView": "bufferView_37",
            "byteOffset": 8160,
            "byteStride": 12,
            "count": 866,
            "max": [
                31.74700927734375,
                32.52317810058594,
                158.89694213867188,
                0
            ],
            "min": [
                -37.77619934082031,
                -23.73358917236328,
                93.23403930664062,
                0
            ],
            "type": 35665
        },
        "attrbute_8": {
            "bufferView": "bufferView_37",
            "byteOffset": 18552,
            "byteStride": 12,
            "count": 866,
            "max": [
                0.9964507818222046,
                0.998289942741394,
                0.9994657039642334,
                0
            ],
            "min": [
                -0.9970237016677856,
                -0.9973958730697632,
                -0.9985055923461914,
                0
            ],
            "type": 35665
        },
        "attrbute_9": {
            "bufferView": "bufferView_37",
            "byteOffset": 28944,
            "byteStride": 8,
            "count": 866,
            "max": [
                0.9952467679977417,
                0.9946858286857605
            ],
            "min": [
                0.0027532095555216074,
                0.003652036190032959
            ],
            "type": 35664
        },
        "indices_12": {
            "bufferView": "bufferView_39",
            "byteOffset": 1056,
            "count": 3894,
            "type": 5123
        },
        "indices_18": {
            "bufferView": "bufferView_39",
            "byteOffset": 8844,
            "count": 1740,
            "type": 5123
        },
        "indices_24": {
            "bufferView": "bufferView_39",
            "byteOffset": 12324,
            "count": 990,
            "type": 5123
        },
        "indices_30": {
            "bufferView": "bufferView_39",
            "byteOffset": 14304,
            "count": 3192,
            "type": 5123
        },
        "indices_36": {
            "bufferView": "bufferView_39",
            "byteOffset": 20688,
            "count": 4458,
            "type": 5123
        },
        "indices_6": {
            "bufferView": "bufferView_39",
            "byteOffset": 0,
            "count": 528,
            "type": 5123
        }
    },
    "animations": {},
    "asset": {},
    "bufferViews": {
        "bufferView_37": {
            "buffer": "juggernaut.bin",
            "byteLength": 196860,
            "byteOffset": 0,
            "target": 34962
        },
        "bufferView_38": {
            "buffer": "juggernaut.bin",
            "byteLength": 5888,
            "byteOffset": 196860
        },
        "bufferView_39": {
            "buffer": "juggernaut.bin",
            "byteLength": 29604,
            "byteOffset": 202748,
            "target": 34963
        }
    },
    "buffers": {
        "juggernaut.bin": {
            "byteLength": 232352,
            "path": "juggernaut.bin"
        }
    },
    "cameras": {},
    "images": {
        "image_0": {
            "path": "textures/juggernaut_bracers.png"
        },
        "image_1": {
            "path": "textures/juggernaut_fur.png"
        },
        "image_2": {
            "path": "textures/juggernaut_mask.png"
        },
        "image_3": {
            "path": "textures/juggernaut_sword.png"
        },
        "image_4": {
            "path": "textures/juggernaut_torso.png"
        },
        "image_5": {
            "path": "textures/juggernaut_pants.png"
        }
    },
    "lights": {},
    "materials": {
        "Material #35": {
            "instanceTechnique": {
                "technique": "technique_0",
                "values": {
                    "ambient": [
                        0.5879999995231628,
                        0.5879999995231628,
                        0.5879999995231628
                    ],
                    "diffuse": "Map #7",
                    "emission": [
                        0,
                        0,
                        0
                    ],
                    "shininess": 2,
                    "specular": [
                        0.8999999761581421,
                        0.8999999761581421,
                        0.8999999761581421
                    ],
                    "transparency": 1
                }
            },
            "name": "Material #35"
        },
        "Material #46": {
            "instanceTechnique": {
                "technique": "technique_0",
                "values": {
                    "ambient": [
                        0.5879999995231628,
                        0.5879999995231628,
                        0.5879999995231628
                    ],
                    "diffuse": "Map #8",
                    "emission": [
                        0,
                        0,
                        0
                    ],
                    "shininess": 2,
                    "specular": [
                        0.8999999761581421,
                        0.8999999761581421,
                        0.8999999761581421
                    ],
                    "transparency": 1
                }
            },
            "name": "Material #46"
        },
        "Material #57": {
            "instanceTechnique": {
                "technique": "technique_0",
                "values": {
                    "ambient": [
                        0.5879999995231628,
                        0.5879999995231628,
                        0.5879999995231628
                    ],
                    "diffuse": "Map #9",
                    "emission": [
                        0,
                        0,
                        0
                    ],
                    "shininess": 2,
                    "specular": [
                        0.8999999761581421,
                        0.8999999761581421,
                        0.8999999761581421
                    ],
                    "transparency": 1
                }
            },
            "name": "Material #57"
        },
        "Material #68": {
            "instanceTechnique": {
                "technique": "technique_0",
                "values": {
                    "ambient": [
                        0.5879999995231628,
                        0.5879999995231628,
                        0.5879999995231628
                    ],
                    "diffuse": "Map #10",
                    "emission": [
                        0,
                        0,
                        0
                    ],
                    "shininess": 2,
                    "specular": [
                        0.8999999761581421,
                        0.8999999761581421,
                        0.8999999761581421
                    ],
                    "transparency": 1
                }
            },
            "name": "Material #68"
        },
        "Material #79": {
            "instanceTechnique": {
                "technique": "technique_0",
                "values": {
                    "ambient": [
                        0.5879999995231628,
                        0.5879999995231628,
                        0.5879999995231628
                    ],
                    "diffuse": "Map #11",
                    "emission": [
                        0,
                        0,
                        0
                    ],
                    "shininess": 2,
                    "specular": [
                        0.8999999761581421,
                        0.8999999761581421,
                        0.8999999761581421
                    ],
                    "transparency": 1
                }
            },
            "name": "Material #79"
        },
        "Material #90": {
            "instanceTechnique": {
                "technique": "technique_0",
                "values": {
                    "ambient": [
                        0.5879999995231628,
                        0.5879999995231628,
                        0.5879999995231628
                    ],
                    "diffuse": "Map #12",
                    "emission": [
                        0,
                        0,
                        0
                    ],
                    "shininess": 2,
                    "specular": [
                        0.8999999761581421,
                        0.8999999761581421,
                        0.8999999761581421
                    ],
                    "transparency": 1
                }
            },
            "name": "Material #90"
        }
    },
    "meshes": {
        "jugg_bracers_model-mesh": {
            "name": "jugg_bracers_model-mesh",
            "primitives": [
                {
                    "attributes": {
                        "JOINT": "attrbute_4",
                        "NORMAL": "attrbute_2",
                        "POSITION": "attrbute_1",
                        "TEXCOORD_0": "attrbute_3",
                        "WEIGHT": "attrbute_5"
                    },
                    "indices": "indices_6",
                    "material": "Material #35"
                }
            ]
        },
        "jugg_cape_model_LOD0-mesh": {
            "name": "jugg_cape_model_LOD0-mesh",
            "primitives": [
                {
                    "attributes": {
                        "JOINT": "attrbute_10",
                        "NORMAL": "attrbute_8",
                        "POSITION": "attrbute_7",
                        "TEXCOORD_0": "attrbute_9",
                        "WEIGHT": "attrbute_11"
                    },
                    "indices": "indices_12",
                    "material": "Material #46"
                }
            ]
        },
        "jugg_mask_model_LOD0-mesh": {
            "name": "jugg_mask_model_LOD0-mesh",
            "primitives": [
                {
                    "attributes": {
                        "JOINT": "attrbute_16",
                        "NORMAL": "attrbute_14",
                        "POSITION": "attrbute_13",
                        "TEXCOORD_0": "attrbute_15",
                        "WEIGHT": "attrbute_17"
                    },
                    "indices": "indices_18",
                    "material": "Material #57"
                }
            ]
        },
        "jugg_sword_model_LOD0-mesh": {
            "name": "jugg_sword_model_LOD0-mesh",
            "primitives": [
                {
                    "attributes": {
                        "JOINT": "attrbute_22",
                        "NORMAL": "attrbute_20",
                        "POSITION": "attrbute_19",
                        "TEXCOORD_0": "attrbute_21",
                        "WEIGHT": "attrbute_23"
                    },
                    "indices": "indices_24",
                    "material": "Material #68"
                }
            ]
        },
        "juggernaut_model_LOD0-mesh": {
            "name": "juggernaut_model_LOD0-mesh",
            "primitives": [
                {
                    "attributes": {
                        "JOINT": "attrbute_28",
                        "NORMAL": "attrbute_26",
                        "POSITION": "attrbute_25",
                        "TEXCOORD_0": "attrbute_27",
                        "WEIGHT": "attrbute_29"
                    },
                    "indices": "indices_30",
                    "material": "Material #79"
                }
            ]
        },
        "juggernaut_pants_model_LOD0-mesh": {
            "name": "juggernaut_pants_model_LOD0-mesh",
            "primitives": [
                {
                    "attributes": {
                        "JOINT": "attrbute_34",
                        "NORMAL": "attrbute_32",
                        "POSITION": "attrbute_31",
                        "TEXCOORD_0": "attrbute_33",
                        "WEIGHT": "attrbute_35"
                    },
                    "indices": "indices_36",
                    "material": "Material #90"
                }
            ]
        }
    },
    "nodes": {
        "L_panel2_0": {
            "children": [],
            "jointId": "L_panel2_0",
            "matrix": [
                -1,
                -3.2584136956428006e-7,
                -4.0900281818583365e-15,
                0,
                -3.2584136956428133e-7,
                1,
                3.258413695642973e-7,
                0,
                -1.0208256993766223e-13,
                3.2584136956426413e-7,
                -1,
                0,
                1.8601555824279785,
                17.102184295654297,
                1.1576766967773438,
                1
            ],
            "name": "L_panel2_0"
        },
        "R_panel3_0": {
            "children": [],
            "jointId": "R_panel3_0",
            "matrix": [
                1.1368342669326675e-8,
                -0.9533298015594485,
                0.3019308745861053,
                0,
                -2.8573044760299014e-7,
                0.30193087458610235,
                0.9533298015594494,
                0,
                -1,
                -9.710862733935484e-8,
                -2.689629070665041e-7,
                0,
                1.802901268005371,
                -17.40122413635254,
                1.4289703369140625,
                1
            ],
            "name": "R_panel3_0"
        },
        "ankle_L": {
            "children": [
                "toeBase_L"
            ],
            "jointId": "ankle_L",
            "matrix": [
                0.5077471733093265,
                -0.1781504899263382,
                0.8428850769996643,
                0,
                0.12578771371210717,
                0.9832307056696782,
                0.13204015456943669,
                0,
                -0.8522734491923206,
                0.0389815688548977,
                0.5216417187841174,
                0,
                42.86824035644531,
                -0.0000019073486328125,
                -0.0000014305114772739103,
                1
            ],
            "name": "ankle_L"
        },
        "ankle_R": {
            "children": [
                "toeBase_R"
            ],
            "jointId": "ankle_R",
            "matrix": [
                0.4951018095016481,
                -0.09563573449850082,
                0.8635554313659668,
                0,
                0.1306171889200042,
                0.9908204781351732,
                0.0348432034625799,
                0,
                -0.8589604751885037,
                0.09554422919716359,
                0.5030485737382717,
                0,
                -42.86824798583986,
                0,
                -0.0000014305114737211966,
                1
            ],
            "name": "ankle_R"
        },
        "back_flap0_0": {
            "children": [],
            "jointId": "back_flap0_0",
            "matrix": [
                1.0000000000000002,
                1.629206849429466e-7,
                0,
                0,
                -1.629206849429466e-7,
                1.0000000000000002,
                0,
                0,
                0,
                0,
                1,
                0,
                -12.073410034179686,
                -0.000002108946318912785,
                -3.247161865234375,
                1
            ],
            "name": "back_flap0_0"
        },
        "back_fur1_0": {
            "children": [
                "back_fur1_1"
            ],
            "jointId": "back_fur1_0",
            "matrix": [
                -0.9908390045166016,
                0.1339898109436038,
                0.016887184232473366,
                0,
                -0.13311487783121298,
                -0.9900683059757993,
                0.045220807199749434,
                0,
                0.022778590119891994,
                0.04255859819441642,
                0.9988341928641539,
                0,
                8.270477294921875,
                0.19891738891601557,
                19.242679595947266,
                1
            ],
            "name": "back_fur1_0"
        },
        "back_fur1_1": {
            "children": [
                "back_fur1_2"
            ],
            "jointId": "back_fur1_1",
            "matrix": [
                0.9511885046958923,
                -0.1315914392471313,
                -0.2791476845741272,
                0,
                0.12979121454293888,
                0.9912260253730995,
                -0.025008081385121034,
                0,
                0.2799893172363465,
                -0.012443518277072137,
                0.9599222751248929,
                0,
                18.48098754882811,
                0.00000762939453125,
                -0.000011444091796875,
                1
            ],
            "name": "back_fur1_1"
        },
        "back_fur1_2": {
            "children": [],
            "jointId": "back_fur1_2",
            "matrix": [
                0.9858630895614626,
                -0.12949839234352103,
                -0.10632343590259552,
                0,
                0.13157008854080962,
                0.9912260230550693,
                0.012677520591595395,
                0,
                0.10374881236735767,
                -0.026487276952114572,
                0.9942510189241506,
                0,
                15.79807281494142,
                -0.000011444091796875,
                -0.0000152587890625,
                1
            ],
            "name": "back_fur1_2"
        },
        "back_fur_R0C0": {
            "children": [
                "back_fur_R1C0"
            ],
            "jointId": "back_fur_R0C0",
            "matrix": [
                -0.8784430027008056,
                0.016330990940332354,
                0.4775676727294922,
                0,
                0.4776313989518661,
                7.183691763838141e-7,
                0.8785601968193532,
                0,
                0.014347418871082214,
                0.9998666047680104,
                -0.007800826903955399,
                0,
                14.806411743164062,
                0.19892166554927823,
                12.16386413574219,
                1
            ],
            "name": "back_fur_R0C0"
        },
        "back_fur_R1C0": {
            "children": [
                "back_fur_R2C0"
            ],
            "jointId": "back_fur_R1C0",
            "matrix": [
                0.9766297340393066,
                -0.21429622173309326,
                -0.01646017283201218,
                0,
                0.21426767694876092,
                0.9767684792960454,
                -0.0034999796187504774,
                0,
                0.016827815556916537,
                -0.00010869886403348797,
                0.9998582004968577,
                0,
                10.243789672851562,
                1.4210854715202004e-14,
                -0.0000016689300537109375,
                1
            ],
            "name": "back_fur_R1C0"
        },
        "back_fur_R2C0": {
            "children": [
                "back_fur_R3C0"
            ],
            "jointId": "back_fur_R2C0",
            "matrix": [
                0.9729840755462648,
                -0.23087264597415924,
                0.0004948069108650089,
                0,
                0.23087256097727543,
                0.9729839694337081,
                0.00011762593931052403,
                0,
                -0.0005085957396611706,
                -2.1082709294860906e-7,
                0.9999999403953187,
                0,
                15.566886901855469,
                -0.0000038146972585195726,
                0.0000010728836059570312,
                1
            ],
            "name": "back_fur_R2C0"
        },
        "back_fur_R3C0": {
            "children": [],
            "jointId": "back_fur_R3C0",
            "matrix": [
                0.9954760074615477,
                -0.09340918809175491,
                -0.017376547679305077,
                0,
                0.09438246854270037,
                0.9932177666420892,
                0.06789713357814972,
                0,
                0.010916481136080533,
                -0.06923001766494315,
                0.9975407726805808,
                0,
                15.3775634765625,
                0.000003814697265625,
                0.000005573034286443512,
                1
            ],
            "name": "back_fur_R3C0"
        },
        "belt4_0": {
            "children": [],
            "jointId": "belt4_0",
            "matrix": [
                0.9984349608421326,
                1.626657137876464e-7,
                0.05592383071780205,
                0,
                -1.6780970828841556e-7,
                0.9999999999999999,
                8.728596867513269e-8,
                0,
                -0.05592383071778637,
                -9.653392443534627e-8,
                0.9984349608421335,
                0,
                18.923301696777337,
                0.0000034263748602825213,
                7.855560302734375,
                1
            ],
            "name": "belt4_0"
        },
        "bicep_L": {
            "children": [
                "elbow_L"
            ],
            "jointId": "bicep_L",
            "matrix": [
                0.5908172726631167,
                -0.19314318895339982,
                -0.7833461761474613,
                0,
                -0.8063829808950346,
                -0.17279309133728038,
                -0.5655879843357503,
                0,
                -0.026117327211810346,
                0.96583568593294,
                -0.2578363928601004,
                0,
                16.283935546874996,
                0.000003814697265625,
                0,
                1
            ],
            "name": "bicep_L"
        },
        "bicep_R": {
            "children": [
                "elbow_R"
            ],
            "jointId": "bicep_R",
            "matrix": [
                0.5908172726631163,
                -0.19314283132553106,
                -0.7833459377288818,
                0,
                -0.8063828067228782,
                -0.1727924966213811,
                -0.565588250633809,
                0,
                -0.026116977086385627,
                0.9658357402797312,
                -0.2578357797207406,
                0,
                -16.283939361572266,
                9.5367431640625e-7,
                -0.000030517578125,
                1
            ],
            "name": "bicep_R"
        },
        "clavicle_L": {
            "children": [
                "bicep_L"
            ],
            "jointId": "clavicle_L",
            "matrix": [
                -0.1333909630775454,
                0.9520464539527895,
                0.2753437757492065,
                0,
                0.038205467946000875,
                -0.27268025822181974,
                0.9613456354584853,
                0,
                0.9903267675807294,
                0.13875449333321951,
                -2.9802323078809145e-7,
                0,
                8.712371826171875,
                3.568433284759522,
                -4.213214874267579,
                1
            ],
            "name": "clavicle_L"
        },
        "clavicle_R": {
            "children": [
                "bicep_R"
            ],
            "jointId": "clavicle_R",
            "matrix": [
                0.13339133560657487,
                0.9520462751388553,
                -0.2753443121910096,
                0,
                -0.038204715783756636,
                -0.27268091935785677,
                -0.9613455587102329,
                0,
                -0.990326588032692,
                0.13875461778202816,
                -6.146729026740294e-7,
                0,
                8.712371826171875,
                -3.5684342384338383,
                -4.213214874267578,
                1
            ],
            "name": "clavicle_R"
        },
        "elbow_L": {
            "children": [
                "wrist_L",
                "pad0_0_L"
            ],
            "jointId": "elbow_L",
            "matrix": [
                0.9561333656311035,
                -5.960464477539063e-8,
                -0.29293036460876465,
                0,
                2.0842773101881207e-7,
                0.9999997615814062,
                4.768371403285343e-7,
                0,
                0.2929304814675086,
                -5.169750406652796e-7,
                0.9561337470616024,
                0,
                32.319023132324205,
                0,
                -0.0000019073486292597863,
                1
            ],
            "name": "elbow_L"
        },
        "elbow_R": {
            "children": [
                "wrist_R",
                "pad1_0_R"
            ],
            "jointId": "elbow_R",
            "matrix": [
                0.9561336040496824,
                2.384185789905402e-7,
                -0.2929305136203766,
                0,
                -2.5392216301822756e-7,
                0.999999701976751,
                -1.4901161221603232e-8,
                0,
                0.29293051617764226,
                8.862907788231844e-8,
                0.9561336123967431,
                0,
                -32.31900787353517,
                -0.0000152587890625,
                -3.552713678800501e-15,
                1
            ],
            "name": "elbow_R"
        },
        "head": {
            "children": [],
            "jointId": "head",
            "matrix": [
                0.7652008533477784,
                -1.2989609400935631e-14,
                -0.6437917947769165,
                0,
                3.80841302983933e-7,
                0.9999999999999997,
                4.5266199322213683e-7,
                0,
                0.6437917947769166,
                -5.915598494648902e-7,
                0.7652008533477783,
                0,
                14.7625732421875,
                -7.513665423175536e-7,
                0,
                1
            ],
            "name": "head"
        },
        "index_0_L": {
            "children": [
                "index_1_L"
            ],
            "jointId": "index_0_L",
            "matrix": [
                0.9247233867645264,
                0.2561165988445281,
                -0.28158724308013905,
                0,
                0.2913033598406913,
                2.1314428305663213e-8,
                0.9566308189255749,
                0,
                0.24500900224604433,
                -0.9666460608994112,
                -0.07460759524990024,
                0,
                14.228336334228509,
                0.16884613037109375,
                -6.148262023925782,
                1
            ],
            "name": "index_0_L"
        },
        "index_0_R": {
            "children": [
                "index_1_R"
            ],
            "jointId": "index_0_R",
            "matrix": [
                0.36839744448661826,
                0.9228754043579102,
                -0.11218102276325234,
                0,
                0.12190550436576979,
                0.07167164972456025,
                0.9899506731376705,
                0,
                0.9216411665530417,
                -0.3783707165505967,
