{
    "accessors": [
        {
            "bufferView": 0,
            "byteOffset": 0,
            "componentType": 5126,
            "count": 136,
            "max": [
                67.31184387207031,
                12.964884757995605,
                121.41816711425781
            ],
            "min": [
                -64.394775390625,
                -14.149393081665039,
                80.9649887084961
            ],
            "type": "VEC3"
        },
        {
            "bufferView": 0,
            "byteOffset": 1632,
            "componentType": 5126,
            "count": 136,
            "max": [
                0.9809117317199707,
                0.7758376598358154,
                0.9950481653213501
            ],
            "min": [
                -0.993517279624939,
                -0.891919732093811,
                -0.9864909648895264
            ],
            "type": "VEC3"
        },
        {
            "bufferView": 0,
            "byteOffset": 3264,
            "componentType": 5126,
            "count": 136,
            "max": [
                0.9914054870605469,
                0.9888337850570679
            ],
            "min": [
                0.006154119968414307,
                0.003911852836608887
            ],
            "type": "VEC2"
        },
        {
            "bufferView": 0,
            "byteOffset": 4352,
            "componentType": 5123,
            "count": 136,
            "max": [
                4,
                5,
                0,
                0
            ],
            "min": [
                0,
                0,
                0,
                0
            ],
            "type": "VEC4"
        },
        {
            "bufferView": 0,
            "byteOffset": 5440,
            "componentType": 5126,
            "count": 136,
            "max": [
                1,
                0.1366967111825943,
                0,
                0
            ],
            "min": [
                0.8633033037185669,
                0,
                0,
                0
            ],
            "type": "VEC4"
        },
        {
            "bufferView": 2,
            "byteOffset": 0,
            "componentType": 5123,
            "count": 528,
            "max": [
                135
            ],
            "min": [
                0
            ],
            "type": "SCALAR"
        },
        {
            "bufferView": 1,
            "byteOffset": 0,
            "componentType": 5126,
            "count": 6,
            "max": [
                0.8286802442976033,
                0.559722473071054,
                0.9037167650108071,
                0,
                0.13778586410670163,
                0.9999999999999813,
                0.9999999999999061,
                0,
                0.9037165702934488,
                0.8031793505075248,
                0.4659370410841621,
                0,
                94.03532223690624,
                102.69292311134303,
                27.751725202134633,
                1
            ],
            "min": [
                -0.4281307879767034,
                -0.8553828640055,
                -1.9852198567773198e-7,
                0,
                -0.13778608502862666,
                -0.9999999999999926,
                -0.9999999999999949,
                0,
                -0.8848178084366289,
                -0.8031792620047987,
                -0.2461682104628962,
                0,
                -100.67026916716772,
                -91.17237857674745,
                -92.24425115499204,
                1
            ],
            "type": "MAT4"
        },
        {
            "bufferView": 0,
            "byteOffset": 7616,
            "componentType": 5126,
            "count": 866,
            "max": [
                31.74700927734375,
                32.52317810058594,
                158.89694213867188
            ],
            "min": [
                -37.77619934082031,
                -23.73358917236328,
                93.23403930664062
            ],
            "type": "VEC3"
        },
        {
            "bufferView": 0,
            "byteOffset": 18008,
            "componentType": 5126,
            "count": 866,
            "max": [
                0.9964507818222046,
                0.998289942741394,
                0.9994657039642334
            ],
            "min": [
                -0.9970237016677856,
                -0.9973958730697632,
                -0.9985055923461914
            ],
            "type": "VEC3"
        },
        {
            "bufferView": 0,
            "byteOffset": 28400,
            "componentType": 5126,
            "count": 866,
            "max": [
                0.9952467679977417,
                0.996347963809967
            ],
            "min": [
                0.0027532095555216074,
                0.005314171314239502
            ],
            "type": "VEC2"
        },
        {
            "bufferView": 0,
            "byteOffset": 35328,
            "componentType": 5123,
            "count": 866,
            "max": [
                15,
                15,
                15,
                0
            ],
            "min": [
                0,
                0,
                0,
                0
            ],
            "type": "VEC4"
        },
        {
            "bufferView": 0,
            "byteOffset": 42256,
            "componentType": 5126,
            "count": 866,
            "max": [
                1,
                0.9998100996017456,
                0.9795486330986023,
                0
            ],
            "min": [
                0.0001899238704936579,
                0,
                0,
                0
            ],
            "type": "VEC4"
        },
        {
            "bufferView": 2,
            "byteOffset": 1056,
            "componentType": 5123,
            "count": 3894,
            "max": [
                865
            ],
            "min": [
                0
            ],
            "type": "SCALAR"
        },
        {
            "bufferView": 1,
            "byteOffset": 384,
            "componentType": 5126,
            "count": 16,
            "max": [
                0.9520465632357317,
                0.9999999999999942,
                1.0000000596043985,
                0,
                0.5166436739542561,
                0.9976921177234152,
                0.9999588794927522,
                0,
                0.9999588794933723,
                0.5167125242074034,
                1,
                0,
                128.05886004404525,
                83.35778568347891,
                142.60727755591384,
                1
            ],
            "min": [
                -0.017376930748482962,
                -0.7990746978116382,
                -0.32400607849743274,
                0,
                -0.9999999999999732,
                -0.9586497520749796,
                -0.9300569158827303,
                0,
                -0.9998488656463046,
                -0.47616816104875725,
                -0.9893219516425859,
                0,
                -134.78789532729007,
                -89.20395405951288,
                -142.60727780963526,
                1
            ],
            "type": "MAT4"
        },
        {
            "bufferView": 0,
            "byteOffset": 56112,
            "componentType": 5126,
            "count": 388,
            "max": [
                21.8759822845459,
                -0.566365122795105,
                177.48526000976562
            ],
            "min": [
                -21.87599754333496,
                -20.829614639282227,
                140.4598388671875
            ],
            "type": "VEC3"
        },
        {
            "bufferView": 0,
            "byteOffset": 60768,
            "componentType": 5126,
            "count": 388,
            "max": [
                0.9879142642021179,
                0.9911920428276062,
                0.998530387878418
            ],
            "min": [
                -0.9879142642021179,
                -0.9973769187927246,
                -0.9870939254760742
            ],
            "type": "VEC3"
        },
        {
            "bufferView": 0,
            "byteOffset": 65424,
            "componentType": 5126,
            "count": 388,
            "max": [
                0.9949309825897217,
                0.9977991580963135
            ],
            "min": [
                0.013426754623651505,
                0.0037554502487182617
            ],
            "type": "VEC2"
        },
        {
            "bufferView": 0,
            "byteOffset": 68528,
            "componentType": 5123,
            "count": 388,
            "max": [
                0,
                2,
                4,
                0
            ],
            "min": [
                0,
                0,
                0,
                0
            ],
            "type": "VEC4"
        },
        {
            "bufferView": 0,
            "byteOffset": 71632,
            "componentType": 5126,
            "count": 388,
            "max": [
                1,
                0.8739734888076782,
                0.08419723808765411,
                0
            ],
            "min": [
                0.12191314250230789,
                0,
                0,
                0
            ],
            "type": "VEC4"
        },
        {
            "bufferView": 2,
            "byteOffset": 8844,
            "componentType": 5123,
            "count": 1740,
            "max": [
                387
            ],
            "min": [
                0
            ],
            "type": "SCALAR"
        },
        {
            "bufferView": 1,
            "byteOffset": 1408,
            "componentType": 5126,
            "count": 5,
            "max": [
                0.9520464292207638,
                0.9999999999999563,
                0.13875488034953126,
                0,
                0.009064867745165071,
                2.0729725040042952e-7,
                0.9999588940817005,
                0,
                0.999958894081742,
                8.892102411758172e-7,
                0.9990250347663104,
                0,
                -14.689844619422304,
                8.19130265387671,
                142.60728011810858,
                1
            ],
            "min": [
                -1.7832358299532665e-7,
                -0.2726806145980181,
                -8.821978033067666e-7,
                0,
                -0.9990250347670627,
                -0.9586498312295296,
                0.04414779157953865,
                0,
                0.044147791579414446,
                -0.08146077993045311,
                -0.9893219537271495,
                0,
                -134.78789694339002,
                -0.00013786558719260122,
                -154.1648386577745,
                1
            ],
            "type": "MAT4"
        },
        {
            "bufferView": 0,
            "byteOffset": 77840,
            "componentType": 5126,
            "count": 228,
            "max": [
                -35.91840744018555,
                23.405946731567383,
                120.75585174560547
            ],
            "min": [
                -56.442169189453125,
                -112.51762390136719,
                78.4488525390625
            ],
            "type": "VEC3"
        },
        {
            "bufferView": 0,
            "byteOffset": 80576,
            "componentType": 5126,
            "count": 228,
            "max": [
                0.9767100214958191,
                0.9978188872337341,
                0.9747163653373718
            ],
            "min": [
                -0.9836732745170593,
                -0.9954111576080322,
                -0.9746872186660767
            ],
            "type": "VEC3"
        },
        {
            "bufferView": 0,
            "byteOffset": 83312,
            "componentType": 5126,
            "count": 228,
            "max": [
                0.993862509727478,
                0.9886915683746338
            ],
            "min": [
                0.01019086129963398,
                0.016398370265960693
            ],
            "type": "VEC2"
        },
        {
            "bufferView": 0,
            "byteOffset": 85136,
            "componentType": 5123,
            "count": 228,
            "max": [
                0,
                0,
                0,
                0
            ],
            "min": [
                0,
                0,
                0,
                0
            ],
            "type": "VEC4"
        },
        {
            "bufferView": 0,
            "byteOffset": 86960,
            "componentType": 5126,
            "count": 228,
            "max": [
                1,
                0,
                0,
                0
            ],
            "min": [
                1,
                0,
                0,
                0
            ],
            "type": "VEC4"
        },
        {
            "bufferView": 2,
            "byteOffset": 12324,
            "componentType": 5123,
            "count": 990,
            "max": [
                227
            ],
            "min": [
                0
            ],
            "type": "SCALAR"
        },
        {
            "bufferView": 1,
            "byteOffset": 1728,
            "componentType": 5126,
            "count": 1,
            "max": [
                0.09242181688230136,
                -0.2268902539740617,
                0.9695253175782746,
                0,
                -0.9829908634544448,
                -0.1759841389038175,
                0.05252130535477759,
                0,
                0.1587044802524377,
                -0.9578884660872448,
                -0.23929587874973454,
                0,
                -26.400009522472534,
                68.8223353021614,
                70.48470969833467,
                1
            ],
            "min": [
                0.09242181688230136,
                -0.2268902539740617,
                0.9695253175782746,
                0,
                -0.9829908634544448,
                -0.1759841389038175,
                0.05252130535477759,
                0,
                0.1587044802524377,
                -0.9578884660872448,
                -0.23929587874973454,
                0,
                -26.400009522472534,
                68.8223353021614,
                70.48470969833467,
                1
            ],
            "type": "MAT4"
        },
        {
            "bufferView": 0,
            "byteOffset": 90608,
            "componentType": 5126,
            "count": 672,
            "max": [
                62.88970947265625,
                19.571393966674805,
                164.65040588378906
            ],
            "min": [
                -59.512725830078125,
                -23.593461990356445,
                76.162841796875
            ],
            "type": "VEC3"
        },
        {
            "bufferView": 0,
            "byteOffset": 98672,
            "componentType": 5126,
            "count": 672,
            "max": [
                0.9975861310958862,
                0.9982017278671265,
                0.9876059293746948
            ],
            "min": [
                -0.9975860714912415,
                -0.999735951423645,
                -0.9951064586639404
            ],
            "type": "VEC3"
        },
        {
            "bufferView": 0,
            "byteOffset": 106736,
            "componentType": 5126,
            "count": 672,
            "max": [
                0.9971700310707092,
                0.9995052814483643
            ],
            "min": [
                0.004522277042269707,
                0.0009628534317016602
            ],
            "type": "VEC2"
        },
        {
            "bufferView": 0,
            "byteOffset": 112112,
            "componentType": 5123,
            "count": 672,
            "max": [
                30,
                31,
                31,
                0
            ],
            "min": [
                0,
                0,
                0,
                0
            ],
            "type": "VEC4"
        },
        {
            "bufferView": 0,
            "byteOffset": 117488,
            "componentType": 5126,
            "count": 672,
            "max": [
                1,
                0.9997720718383789,
                0.9991366863250732,
                0
            ],
            "min": [
                0.00011071105836890638,
                0,
                0,
                0
            ],
            "type": "VEC4"
        },
        {
            "bufferView": 2,
            "byteOffset": 14304,
            "componentType": 5123,
            "count": 3192,
            "max": [
                671
            ],
            "min": [
                0
            ],
            "type": "SCALAR"
        },
        {
            "bufferView": 1,
            "byteOffset": 1792,
            "componentType": 5126,
            "count": 32,
            "max": [
                0.9520465340886546,
                0.9999999999999732,
                0.9916465492047288,
                0,
                0.6538062154879826,
                1.0000004172324033,
                1.0000002384186244,
                0,
                0.9999589469228773,
                0.5179964722438515,
                1,
                0,
                112.35107751457751,
                102.69296827675664,
                142.6073142111005,
                1
            ],
            "min": [
                -0.9819357712079837,
                -0.8553827915603126,
                -0.8079650912481556,
                0,
                -0.9999999999999732,
                -1.0000001192091925,
                -1.000000119209125,
                0,
                -0.9916465020283087,
                -0.7088625788264113,
                -0.9893222175478141,
                0,
                -134.78789488145554,
                -91.65604342229726,
                -154.16480990099043,
                1
            ],
            "type": "MAT4"
        },
        {
            "bufferView": 0,
            "byteOffset": 128240,
            "componentType": 5126,
            "count": 991,
            "max": [
                36.89519500732422,
                31.65696907043457,
                114.5457534790039
            ],
            "min": [
                -37.6973876953125,
                -29.463680267333984,
                -0.000019518454791978
            ],
            "type": "VEC3"
        },
        {
            "bufferView": 0,
            "byteOffset": 140132,
            "componentType": 5126,
            "count": 991,
            "max": [
                0.9992356300354004,
                0.9911161661148071,
                0.9890173673629761
            ],
            "min": [
                -0.9995931386947632,
                -0.9950295686721802,
                -0.9933553338050842
            ],
            "type": "VEC3"
        },
        {
            "bufferView": 0,
            "byteOffset": 152024,
            "componentType": 5126,
            "count": 991,
            "max": [
                0.9948931336402893,
                0.9992398023605347
            ],
            "min": [
                0.005555843003094196,
                0.003328382968902588
            ],
            "type": "VEC2"
        },
        {
            "bufferView": 0,
            "byteOffset": 159952,
            "componentType": 5123,
            "count": 991,
            "max": [
                11,
                11,
                11,
                0
            ],
            "min": [
                0,
                0,
                0,
                0
            ],
            "type": "VEC4"
        },
        {
            "bufferView": 0,
            "byteOffset": 167880,
            "componentType": 5126,
            "count": 991,
            "max": [
                1,
                0.9998722076416016,
                0.9936023354530334,
                0
            ],
            "min": [
                0.00010740348807303235,
                0,
                0,
                0
            ],
            "type": "VEC4"
        },
        {
            "bufferView": 2,
            "byteOffset": 20688,
            "componentType": 5123,
            "count": 4458,
            "max": [
                990
            ],
            "min": [
                0
            ],
            "type": "SCALAR"
        },
        {
            "bufferView": 1,
            "byteOffset": 3840,
            "componentType": 5126,
            "count": 12,
            "max": [
                0.30244872246363935,
                1,
                0.4221116931496618,
                0,
                0.7431098500009329,
                0.40223538785556534,
                0.9999589469227815,
                0,
                0.9999589469228773,
                0.14542983478385266,
                1,
                0,
                89.6225397236832,
                22.857364566805373,
                16.220025084761087,
                1
            ],
            "min": [
                -0.20749670088441655,
                0.9039118518639425,
                -0.00008488848777848632,
                0,
                -1,
                -0.2158764996713584,
                -0.9153998513041992,
                0,
                -0.9860540154602215,
                -0.1347749019411114,
                -0.7596431224015451,
                0,
                -126.20116052829297,
                -22.442608839714346,
                -97.60176849365234,
                1
            ],
            "type": "MAT4"
        }
    ],
    "asset": {
        "generator": "ClayGL - fbx2gltf",
        "version": "2.0"
    },
    "bufferViews": [
        {
            "buffer": 0,
            "byteLength": 183736,
            "byteOffset": 0,
            "target": 34962
        },
        {
            "buffer": 0,
            "byteLength": 4608,
            "byteOffset": 183736,
            "target": 34962
        },
        {
            "buffer": 0,
            "byteLength": 29604,
            "byteOffset": 188344,
            "target": 34963
        }
    ],
    "buffers": [
        {
            "byteLength": 217948,
            "uri": "juggernaut.bin"
        }
    ],
    "images": [
        {
            "uri": "textures/juggernaut_bracers.png"
        },
        {
            "uri": "textures/juggernaut_fur.png"
        },
        {
            "uri": "textures/juggernaut_mask.png"
        },
        {
            "uri": "textures/juggernaut_sword.png"
        },
        {
            "uri": "textures/juggernaut_torso.png"
        },
        {
            "uri": "textures/juggernaut_pants.png"
        }
    ],
    "materials": [
        {
            "emissiveFactor": [
                0,
                0,
                0
            ],
            "name": "Material #35",
            "pbrMetallicRoughness": {
                "baseColorFactor": [
                    1,
                    1,
                    1,
                    1
                ],
                "baseColorTexture": {
                    "index": 0,
                    "texCoord": 0
                },
                "metallicFactor": 0,
                "roughnessFactor": 0.9230769230769231
            }
        },
        {
            "emissiveFactor": [
                0,
                0,
                0
            ],
            "name": "Material #46",
            "pbrMetallicRoughness": {
                "baseColorFactor": [
                    1,
                    1,
                    1,
                    1
                ],
                "baseColorTexture": {
                    "index": 1,
                    "texCoord": 0
                },
                "metallicFactor": 0,
                "roughnessFactor": 0.9230769230769231
            }
        },
        {
            "emissiveFactor": [
                0,
                0,
                0
            ],
            "name": "Material #57",
            "pbrMetallicRoughness": {
                "baseColorFactor": [
                    1,
                    1,
                    1,
                    1
                ],
                "baseColorTexture": {
                    "index": 2,
                    "texCoord": 0
                },
                "metallicFactor": 0,
                "roughnessFactor": 0.9230769230769231
            }
        },
        {
            "emissiveFactor": [
                0,
                0,
                0
            ],
            "name": "Material #68",
            "pbrMetallicRoughness": {
                "baseColorFactor": [
                    1,
                    1,
                    1,
                    1
                ],
                "baseColorTexture": {
                    "index": 3,
                    "texCoord": 0
                },
                "metallicFactor": 0,
                "roughnessFactor": 0.9230769230769231
            }
        },
        {
            "emissiveFactor": [
                0,
                0,
                0
            ],
            "name": "Material #79",
            "pbrMetallicRoughness": {
                "baseColorFactor": [
                    1,
                    1,
                    1,
                    1
                ],
                "baseColorTexture": {
                    "index": 4,
                    "texCoord": 0
                },
                "metallicFactor": 0,
                "roughnessFactor": 0.9230769230769231
            }
        },
        {
            "emissiveFactor": [
                0,
                0,
                0
            ],
            "name": "Material #90",
            "pbrMetallicRoughness": {
                "baseColorFactor": [
                    1,
                    1,
                    1,
                    1
                ],
                "baseColorTexture": {
                    "index": 5,
                    "texCoord": 0
                },
                "metallicFactor": 0,
                "roughnessFactor": 0.9230769230769231
            }
        }
    ],
    "meshes": [
        {
            "name": "jugg_bracers_model",
            "primitives": [
                {
                    "attributes": {
                        "JOINTS_0": 3,
                        "NORMAL": 1,
                        "POSITION": 0,
                        "TEXCOORD_0": 2,
                        "WEIGHTS_0": 4
                    },
                    "indices": 5,
                    "material": 0
                }
            ]
        },
        {
            "name": "jugg_cape_model_LOD0",
            "primitives": [
                {
                    "attributes": {
                        "JOINTS_0": 10,
                        "NORMAL": 8,
                        "POSITION": 7,
                        "TEXCOORD_0": 9,
                        "WEIGHTS_0": 11
                    },
                    "indices": 12,
                    "material": 1
                }
            ]
        },
        {
            "name": "jugg_mask_model_LOD0",
            "primitives": [
                {
                    "attributes": {
                        "JOINTS_0": 17,
                        "NORMAL": 15,
                        "POSITION": 14,
                        "TEXCOORD_0": 16,
                        "WEIGHTS_0": 18
                    },
                    "indices": 19,
                    "material": 2
                }
            ]
        },
        {
            "name": "jugg_sword_model_LOD0",
            "primitives": [
                {
                    "attributes": {
                        "JOINTS_0": 24,
                        "NORMAL": 22,
                        "POSITION": 21,
                        "TEXCOORD_0": 23,
                        "WEIGHTS_0": 25
                    },
                    "indices": 26,
                    "material": 3
                }
            ]
        },
        {
            "name": "juggernaut_model_LOD0",
            "primitives": [
                {
                    "attributes": {
                        "JOINTS_0": 31,
                        "NORMAL": 29,
                        "POSITION": 28,
                        "TEXCOORD_0": 30,
                        "WEIGHTS_0": 32
                    },
                    "indices": 33,
                    "material": 4
                }
            ]
        },
        {
            "name": "juggernaut_pants_model_LOD0",
            "primitives": [
                {
                    "attributes": {
                        "JOINTS_0": 38,
                        "NORMAL": 36,
                        "POSITION": 35,
                        "TEXCOORD_0": 37,
                        "WEIGHTS_0": 39
                    },
                    "indices": 40,
                    "material": 5
                }
            ]
        }
    ],
    "nodes": [
        {
            "children": [
                1,
                2,
                3,
                4,
                45,
                46,
                47,
                51
            ],
            "matrix": [
                1.6292068478213574e-7,
                1.469367938527879e-39,
                1.0000000000000002,
                0,
                1.0000000000000002,
                6.123233995736847e-17,
                -1.6292068478213574e-7,
                0,
                -6.123233995736685e-17,
                1,
                9.976014756666736e-24,
                0,
                0,
                97.60176849365234,
                3.637176990509033,
                1
            ],
            "name": "root"
        },
        {
            "matrix": [
                1.1368342669326675e-8,
                -0.9533298015594485,
                0.3019308745861053,
                0,
                -2.857304476029901e-7,
                0.3019308745861023,
                0.9533298015594494,
                0,
                -1,
                -9.71086273393549e-8,
                -2.689629070665041e-7,
                0,
                1.8029012680053702,
                -17.401224136352536,
                1.4289703369140625,
                1
            ],
            "name": "R_panel3_0"
        },
        {
            "matrix": [
                0.9984349608421325,
                1.6266571378764654e-7,
                0.05592383071780205,
                0,
                -1.678097082884156e-7,
                1,
                8.728596867513269e-8,
                0,
                -0.055923830717786366,
                -9.653392443534628e-8,
                0.9984349608421335,
                0,
                18.923301696777344,
                0.0000034263748602825217,
                7.855560302734375,
                1
            ],
            "name": "belt4_0"
        },
        {
            "matrix": [
                -1.0000000000000002,
                -3.2584136956428017e-7,
                -4.0900281818583365e-15,
                0,
                -3.2584136956428144e-7,
                1.0000000000000002,
                3.258413695642973e-7,
                0,
                -1.0208256993766225e-13,
                3.258413695642642e-7,
                -1,
                0,
                1.8601555824279785,
                17.102184295654297,
                1.1576766967773438,
                1
            ],
            "name": "L_panel2_0"
        },
        {
            "children": [
                5
            ],
            "matrix": [
                -0.14331948757171553,
                -3.417002853831804e-8,
                0.9896764755249025,
                0,
                -4.7437583820202994e-7,
                1,
                -3.41700286361399e-8,
                0,
                -0.9896764755249005,
                -4.7437583862039836e-7,
                -0.14331948757173157,
                0,
                -3.1956114768981934,
                2.676381427590968e-8,
                12.52294921875,
                1
            ],
            "name": "spine1"
        },
        {
            "children": [
                6
            ],
            "matrix": [
                0.9909349679946899,
                3.5527136581209856e-15,
                -0.13434192538261422,
                0,
                -3.5852137241817176e-15,
                1.0000000000000004,
                -2.117582368135751e-22,
                0,
                0.13434192538261425,
                4.816445331489502e-16,
                0.9909349679946902,
                0,
                16.232109069824247,
                6.741188371961462e-7,
                -0.000003814697265625,
                1
            ],
            "name": "spine2"
        },
        {
            "children": [
                7,
                9,
                13,
                28,
                42
            ],
            "matrix": [
                0.9985360503196713,
                3.552713682109223e-15,
                -0.05408894270658493,
                0,
                -4.028508636330118e-15,
                1.0000000000000002,
                -8.687495273570968e-15,
                0,
                0.054088942706584923,
                8.892674817241456e-15,
                0.9985360503196717,
                0,
                8.82444763183598,
                2.56392695519025e-7,
                -0.0000010728836061790759,
                1
            ],
            "name": "spine3"
        },
        {
            "children": [
                8
            ],
            "matrix": [
                0.7094064354896545,
                -1.0658140824643266e-14,
                -0.7047993540763854,
                0,
                1.292830186469356e-14,
                1.0000000000000002,
                -2.1094240644251526e-15,
                0,
                0.7047993540763855,
                -7.615420177670422e-15,
                0.7094064354896543,
                0,
                9.731033325195312,
                2.3241136659635316e-7,
                -9.5367431640625e-7,
                1
            ],
            "name": "neck1"
        },
        {
            "matrix": [
                0.7652008533477783,
                -1.2989609388114332e-14,
                -0.6437917947769163,
                0,
                3.8084130298393256e-7,
                1.0000000000000002,
                4.5266199322213636e-7,
                0,
                0.6437917947769164,
                -5.915598494648907e-7,
                0.7652008533477782,
                0,
                14.762573242187486,
                -7.513665423175549e-7,
                0,
                1
            ],
            "name": "head"
        },
        {
            "children": [
                10
            ],
            "matrix": [
                -0.8784430027008054,
                0.01633099094033235,
                0.47756767272949213,
                0,
                0.47763139895186596,
                7.183691763836773e-7,
                0.8785601968193529,
                0,
                0.014347418871082209,
                0.9998666047680103,
                -0.007800826903955397,
                0,
                14.806411743164062,
                0.19892166554927823,
                12.163864135742188,
                1
            ],
            "name": "back_fur_R0C0"
        },
        {
            "children": [
                11
            ],
            "matrix": [
                0.9766297340393068,
                -0.21429622173309332,
                -0.016460172832012177,
                0,
                0.21426767694876098,
                0.9767684792960458,
                -0.0034999796187504774,
                0,
                0.01682781555691654,
                -0.00010869886403348821,
                0.9998582004968578,
                0,
                10.243789672851562,
                0,
                -0.0000016689300532668483,
                1
            ],
            "name": "back_fur_R1C0"
        },
        {
            "children": [
                12
            ],
            "matrix": [
                0.9729840755462645,
                -0.23087264597415927,
                0.000494806910865009,
                0,
                0.2308725609772755,
                0.9729839694337084,
                0.00011762593931052406,
                0,
                -0.0005085957396611705,
                -2.1082709294855197e-7,
                0.9999999403953189,
                0,
                15.56688690185544,
                -0.000003814697265625,
                0.00000107288360590152,
                1
            ],
            "name": "back_fur_R2C0"
        },
        {
            "matrix": [
                0.9954760074615479,
                -0.09340918809175487,
                -0.017376547679305077,
                0,
                0.09438246854270038,
                0.9932177666420893,
                0.06789713357814971,
                0,
                0.010916481136080538,
                -0.06923001766494312,
                0.9975407726805807,
                0,
                15.3775634765625,
                0.000003814697265625,
                0.0000055730342864990234,
                1
            ],
            "name": "back_fur_R3C0"
        },
        {
            "children": [
                14
            ],
            "matrix": [
                0.1333913356065749,
                0.9520462751388553,
                -0.2753443121910096,
                0,
                -0.03820471578375663,
                -0.2726809193578567,
                -0.9613455587102328,
                0,
                -0.990326588032692,
                0.13875461778202816,
                -6.146729026740294e-7,
                0,
                8.712371826171875,
                -3.568434238433837,
                -4.213214874267578,
                1
            ],
            "name": "clavicle_R"
        },
        {
            "children": [
                15
            ],
            "matrix": [
                0.5908172726631165,
                -0.1931428313255311,
                -0.7833459377288818,
                0,
                -0.806382806722878,
                -0.17279249662138108,
                -0.565588250633809,
                0,
                -0.026116977086385718,
                0.9658357402797311,
                -0.25783577972074073,
                0,
                -16.283939361572262,
                9.536743146298932e-7,
                -0.00003051757818184342,
                1
            ],
            "name": "bicep_R"
        },
        {
            "children": [
                16,
                27
            ],
            "matrix": [
                0.9561336040496828,
                2.384185791015625e-7,
                -0.2929305136203767,
                0,
                -2.539221630737387e-7,
                0.9999997019767507,
                -1.490116136038111e-8,
                0,
                0.2929305161776423,
                8.862907802109632e-8,
                0.9561336123967431,
                0,
                -32.319007873535185,
                -0.0000152587890625,
                0,
