{
    "accessors": [
        {
            "bufferView": 0,
            "byteOffset": 0,
            "componentType": 5126,
            "count": 1943,
            "max": [
                45.723758697509766,
                21.452177047729492,
                166.6847686767578
            ],
            "min": [
                -52.12723159790039,
                -30.08367347717285,
                -0.22796490788459778
            ],
            "type": "VEC3"
        },
        {
            "bufferView": 0,
            "byteOffset": 23316,
            "componentType": 5126,
            "count": 1943,
            "max": [
                0.9993021488189697,
                0.9999962449073792,
                0.9999275803565979
            ],
            "min": [
                -0.9992610216140747,
                -0.9989059567451477,
                -0.999930739402771
            ],
            "type": "VEC3"
        },
        {
            "bufferView": 0,
            "byteOffset": 46632,
            "componentType": 5126,
            "count": 1943,
            "max": [
                1.9957280158996582,
                0.994268536567688
            ],
            "min": [
                0.006108522415161133,
                0.011364221572875977
            ],
            "type": "VEC2"
        },
        {
            "bufferView": 0,
            "byteOffset": 62176,
            "componentType": 5123,
            "count": 1943,
            "max": [
                29,
                29,
                29,
                0
            ],
            "min": [
                0,
                0,
                0,
                0
            ],
            "type": "VEC4"
        },
        {
            "bufferView": 0,
            "byteOffset": 77720,
            "componentType": 5126,
            "count": 1943,
            "max": [
                1,
                0.9998899102210999,
                0.9963040947914124,
                0
            ],
            "min": [
                0.00010004548676079139,
                0,
                0,
                0
            ],
            "type": "VEC4"
        },
        {
            "bufferView": 2,
            "byteOffset": 0,
            "componentType": 5123,
            "count": 8709,
            "max": [
                1942
            ],
            "min": [
                0
            ],
            "type": "SCALAR"
        },
        {
            "bufferView": 1,
            "byteOffset": 0,
            "componentType": 5126,
            "count": 30,
            "max": [
                0.9294277323962015,
                0.9999999999999862,
                0.8976129466461727,
                0,
                0.8287628650424389,
                0.5275242036295025,
                0.9996507954882468,
                0,
                0.9988157295098419,
                0.8411843435438751,
                1.0000001192092691,
                0,
                125.71010887566192,
                122.3996646133684,
                93.99281074408948,
                1
            ],
            "min": [
                -0.9381459615818616,
                -0.9988212300860975,
                -0.1964894601195601,
                0,
                -0.9999999999999735,
                -0.8984658920313551,
                -0.9996510001441427,
                0,
                -0.9976472449757374,
                -0.8411843547065885,
                -0.8134388470992139,
                0,
                -144.60628180740417,
                -122.39965291903742,
                -155.31249999998693,
                1
            ],
            "type": "MAT4"
        },
        {
            "bufferView": 0,
            "byteOffset": 108808,
            "componentType": 5126,
            "count": 300,
            "max": [
                28.10872459411621,
                16.84212303161621,
                110.34465026855469
            ],
            "min": [
                -28.996273040771484,
                -31.578908920288086,
                56.70244598388672
            ],
            "type": "VEC3"
        },
        {
            "bufferView": 0,
            "byteOffset": 112408,
            "componentType": 5126,
            "count": 300,
            "max": [
                0.9977653622627258,
                0.9990110397338867,
                0.9977864623069763
            ],
            "min": [
                -0.9913959503173828,
                -0.9840408563613892,
                -0.996006429195404
            ],
            "type": "VEC3"
        },
        {
            "bufferView": 0,
            "byteOffset": 116008,
            "componentType": 5126,
            "count": 300,
            "max": [
                1.9833362102508545,
                0.9899224042892456
            ],
            "min": [
                0.012346578761935234,
                0.011395871639251709
            ],
            "type": "VEC2"
        },
        {
            "bufferView": 0,
            "byteOffset": 118408,
            "componentType": 5123,
            "count": 300,
            "max": [
                3,
                7,
                7,
                0
            ],
            "min": [
                0,
                1,
                0,
                0
            ],
            "type": "VEC4"
        },
        {
            "bufferView": 0,
            "byteOffset": 120808,
            "componentType": 5126,
            "count": 300,
            "max": [
                0.9978545904159546,
                0.9992828369140625,
                0.9596473574638367,
                0
            ],
            "min": [
                0.00017684762133285403,
                0.00017269076488446444,
                0,
                0
            ],
            "type": "VEC4"
        },
        {
            "bufferView": 2,
            "byteOffset": 17418,
            "componentType": 5123,
            "count": 1266,
            "max": [
                299
            ],
            "min": [
                0
            ],
            "type": "SCALAR"
        },
        {
            "bufferView": 1,
            "byteOffset": 1920,
            "componentType": 5126,
            "count": 8,
            "max": [
                0.09344779360346243,
                0.9999999999999732,
                0.19141617135993882,
                0,
                0.25690350869796635,
                4.046086101223066e-7,
                0.9839593677395423,
                0,
                0.9950521874813846,
                0.044890286713612775,
                1,
                0,
                97.50963015992403,
                27.657836535282907,
                30.429342024689085,
                1
            ],
            "min": [
                -1.93956750093837e-8,
                0.9790031381960554,
                -0.19649081401113636,
                0,
                -1.0000000000000002,
                -0.19883992839948242,
                -0.9791355540442749,
                0,
                -0.9976471254185523,
                -0.09616912104752721,
                -0.25690350869794737,
                0,
                -109.57964319076378,
                -23.814494557919378,
                -101.26622009277344,
                1
            ],
            "type": "MAT4"
        },
        {
            "bufferView": 0,
            "byteOffset": 125608,
            "componentType": 5126,
            "count": 417,
            "max": [
                52.945709228515625,
                11.546748161315918,
                120.07424926757812
            ],
            "min": [
                27.330419540405273,
                -24.29924774169922,
                61.75881576538086
            ],
            "type": "VEC3"
        },
        {
            "bufferView": 0,
            "byteOffset": 130612,
            "componentType": 5126,
            "count": 417,
            "max": [
                0.9957186579704285,
                0.9971951842308044,
                0.980580747127533
            ],
            "min": [
                -0.9967531561851501,
                -0.9846663475036621,
                -0.9909297823905945
            ],
            "type": "VEC3"
        },
        {
            "bufferView": 0,
            "byteOffset": 135616,
            "componentType": 5126,
            "count": 417,
            "max": [
                0.9897788763046265,
                0.992462694644928
            ],
            "min": [
                0.007667474448680878,
                0.008840382099151611
            ],
            "type": "VEC2"
        },
        {
            "bufferView": 0,
            "byteOffset": 138952,
            "componentType": 5123,
            "count": 417,
            "max": [
                8,
                8,
                8,
                0
            ],
            "min": [
                0,
                0,
                0,
                0
            ],
            "type": "VEC4"
        },
        {
            "bufferView": 0,
            "byteOffset": 142288,
            "componentType": 5126,
            "count": 417,
            "max": [
                1,
                0.9998670816421509,
                0.9995602369308472,
                0
            ],
            "min": [
                0.00010296572872903198,
                0,
                0,
                0
            ],
            "type": "VEC4"
        },
        {
            "bufferView": 2,
            "byteOffset": 19950,
            "componentType": 5123,
            "count": 1734,
            "max": [
                416
            ],
            "min": [
                0
            ],
            "type": "SCALAR"
        },
        {
            "bufferView": 1,
            "byteOffset": 2432,
            "componentType": 5126,
            "count": 9,
            "max": [
                0.33701381624962107,
                0.9999999999999827,
                0.6941304024494164,
                0,
                0.5452003348482684,
                0.7945900242269646,
                0.9996509385100408,
                0,
                -0.41810621969880823,
                0.201553970972083,
                0.8226347609709812,
                0,
                125.71013371621868,
                69.64848457959987,
                50.702217960897485,
                1
            ],
            "min": [
                -0.7658145919809614,
                -0.9761382736916066,
                3.267145028948892e-8,
                0,
                -0.822634760970966,
                1.2395401419761996e-7,
                -0.9283304044456271,
                0,
                -0.9695823713581784,
                -0.33666681838431634,
                -0.8960350712552322,
                0,
                56.392076198120414,
                -30.40923558614715,
                -111.46919812115725,
                1
            ],
            "type": "MAT4"
        },
        {
            "bufferView": 0,
            "byteOffset": 148960,
            "componentType": 5126,
            "count": 597,
            "max": [
                39.30787658691406,
                3.106910467147827,
                178.04112243652344
            ],
            "min": [
                -39.307891845703125,
                -21.56417465209961,
                152.74705505371094
            ],
            "type": "VEC3"
        },
        {
            "bufferView": 0,
            "byteOffset": 156124,
            "componentType": 5126,
            "count": 597,
            "max": [
                0.9886738657951355,
                0.9973133206367493,
                0.9993841648101807
            ],
            "min": [
                -0.9886740446090698,
                -0.9986481666564941,
                -0.9989951848983765
            ],
            "type": "VEC3"
        },
        {
            "bufferView": 0,
            "byteOffset": 163288,
            "componentType": 5126,
            "count": 597,
            "max": [
                1.9789496660232544,
                0.9869668483734131
            ],
            "min": [
                0.011266607791185379,
                0.013923883438110352
            ],
            "type": "VEC2"
        },
        {
            "bufferView": 0,
            "byteOffset": 168064,
            "componentType": 5123,
            "count": 597,
            "max": [
                0,
                1,
                2,
                0
            ],
            "min": [
                0,
                0,
                0,
                0
            ],
            "type": "VEC4"
        },
        {
            "bufferView": 0,
            "byteOffset": 172840,
            "componentType": 5126,
            "count": 597,
            "max": [
                1,
                0.3737523853778839,
                0.03754322975873947,
                0
            ],
            "min": [
                0.6196197271347046,
                0,
                0,
                0
            ],
            "type": "VEC4"
        },
        {
            "bufferView": 2,
            "byteOffset": 23418,
            "componentType": 5123,
            "count": 3006,
            "max": [
                596
            ],
            "min": [
                0
            ],
            "type": "SCALAR"
        },
        {
            "bufferView": 1,
            "byteOffset": 3008,
            "componentType": 5126,
            "count": 3,
            "max": [
                1.2809814698235095e-7,
                0.9999999999999827,
                3.267145028948892e-8,
                0,
                -0.2515030633210609,
                1.2395401419761996e-7,
                0.967856406607345,
                0,
                0.9678564066073205,
                1.9714543959009438e-7,
                0.9999998807906805,
                0,
                80.144823447271,
                -0.000008198162011601436,
                -32.49822341565217,
                1
            ],
            "min": [
                -1.7704942485311577e-7,
                0.9999999999999531,
                -1.971454160885273e-7,
                0,
                -0.9999998807907109,
                5.470729278324432e-8,
                -0.5685700576767058,
                0,
                -0.5685700576767005,
                4.5956106532003526e-8,
                0.25150306332104855,
                0,
                -144.60628133512824,
                -0.00003048652925651437,
                -155.3124204501536,
                1
            ],
            "type": "MAT4"
        },
        {
            "bufferView": 0,
            "byteOffset": 182392,
            "componentType": 5126,
            "count": 296,
            "max": [
                53.96287155151367,
                23.625417709350586,
                161.37367248535156
            ],
            "min": [
                4.615842342376709,
                -29.561201095581055,
                118.88261413574219
            ],
            "type": "VEC3"
        },
        {
            "bufferView": 0,
            "byteOffset": 185944,
            "componentType": 5126,
            "count": 296,
            "max": [
                0.9870654344558716,
                0.950735330581665,
                0.9786956906318665
            ],
            "min": [
                -0.9868485927581787,
                -0.9994901418685913,
                -0.9999536871910095
            ],
            "type": "VEC3"
        },
        {
            "bufferView": 0,
            "byteOffset": 189496,
            "componentType": 5126,
            "count": 296,
            "max": [
                1.0022146701812744,
                0.9776719808578491
            ],
            "min": [
                0.018858443945646286,
                0.01611858606338501
            ],
            "type": "VEC2"
        },
        {
            "bufferView": 0,
            "byteOffset": 191864,
            "componentType": 5123,
            "count": 296,
            "max": [
                2,
                3,
                6,
                0
            ],
            "min": [
                0,
                1,
                0,
                0
            ],
            "type": "VEC4"
        },
        {
            "bufferView": 0,
            "byteOffset": 194232,
            "componentType": 5126,
            "count": 296,
            "max": [
                0.9954881072044373,
                0.9950674176216125,
                0.988227367401123,
                0
            ],
            "min": [
                0.00011268180242041126,
                0.0001864844816736877,
                0,
                0
            ],
            "type": "VEC4"
        },
        {
            "bufferView": 2,
            "byteOffset": 29430,
            "componentType": 5123,
            "count": 1377,
            "max": [
                295
            ],
            "min": [
                0
            ],
            "type": "SCALAR"
        },
        {
            "bufferView": 1,
            "byteOffset": 3200,
            "componentType": 5126,
            "count": 7,
            "max": [
                0.9294277284941553,
                0.9999999999999827,
                0.34933843240912765,
                0,
                0.357178473874587,
                0.02079606347578878,
                0.9996510197708327,
                0,
                0.9988158883395399,
                0.8411848233482065,
                0.8226348439720771,
                0,
                125.71014478976242,
                69.64848402758821,
                66.99318900404474,
                1
            ],
            "min": [
                -1.7704939401727536e-7,
                -0.9413942534569891,
                -3.113825474591221e-7,
                0,
                -0.822634843972062,
                -0.5275237771720727,
                -0.7708061938297504,
                0,
                -0.9413585535768061,
                -0.33666671413777766,
                -0.5327480253118486,
                0,
                -144.6063092757304,
                -122.39973534349782,
                -111.46922198391123,
                1
            ],
            "type": "MAT4"
        },
        {
            "bufferView": 0,
            "byteOffset": 198968,
            "componentType": 5126,
            "count": 466,
            "max": [
                44.470115661621094,
                11.502906799316406,
                96.69491577148438
            ],
            "min": [
                -8.91109848022461,
                -144.47442626953125,
                -19.18935203552246
            ],
            "type": "VEC3"
        },
        {
            "bufferView": 0,
            "byteOffset": 204560,
            "componentType": 5126,
            "count": 466,
            "max": [
                0.9982356429100037,
                0.9649081230163574,
                0.9814957976341248
            ],
            "min": [
                -0.9999347925186157,
                -0.9963653087615967,
                -0.9858121871948242
            ],
            "type": "VEC3"
        },
        {
            "bufferView": 0,
            "byteOffset": 210152,
            "componentType": 5126,
            "count": 466,
            "max": [
                1.9829742908477783,
                0.973574697971344
            ],
            "min": [
                0.015421450138092041,
                0.016049563884735107
            ],
            "type": "VEC2"
        },
        {
            "bufferView": 0,
            "byteOffset": 213880,
            "componentType": 5123,
            "count": 466,
            "max": [
                0,
                0,
                0,
                0
            ],
            "min": [
                0,
                0,
                0,
                0
            ],
            "type": "VEC4"
        },
        {
            "bufferView": 0,
            "byteOffset": 217608,
            "componentType": 5126,
            "count": 466,
            "max": [
                1,
                0,
                0,
                0
            ],
            "min": [
                1,
                0,
                0,
                0
            ],
            "type": "VEC4"
        },
        {
            "bufferView": 2,
            "byteOffset": 32184,
            "componentType": 5123,
            "count": 2154,
            "max": [
                465
            ],
            "min": [
                0
            ],
            "type": "SCALAR"
        },
        {
            "bufferView": 1,
            "byteOffset": 3648,
            "componentType": 5126,
            "count": 1,
            "max": [
                0.22118636259114044,
                0.5716547995203005,
                -0.7901184320146853,
                0,
                0.683376826865405,
                0.4871529194280923,
                0.5437627945211955,
                0,
                0.6957533137251021,
                -0.6602214505903805,
                -0.28290410869905835,
                0,
                -59.69673671327023,
                35.97914797489309,
                57.328360876051875,
                1
            ],
            "min": [
                0.22118636259114044,
                0.5716547995203005,
                -0.7901184320146853,
                0,
                0.683376826865405,
                0.4871529194280923,
                0.5437627945211955,
                0,
                0.6957533137251021,
                -0.6602214505903805,
                -0.28290410869905835,
                0,
                -59.69673671327023,
                35.97914797489309,
                57.328360876051875,
                1
            ],
            "type": "MAT4"
        }
    ],
    "asset": {
        "generator": "ClayGL - fbx2gltf",
        "version": "2.0"
    },
    "bufferViews": [
        {
            "buffer": 0,
            "byteLength": 225064,
            "byteOffset": 0,
            "target": 34962
        },
        {
            "buffer": 0,
            "byteLength": 3712,
            "byteOffset": 225064,
            "target": 34962
        },
        {
            "buffer": 0,
            "byteLength": 36492,
            "byteOffset": 228776,
            "target": 34963
        }
    ],
    "buffers": [
        {
            "byteLength": 265268,
            "uri": "sven.bin"
        }
    ],
    "images": [
        {
            "uri": "textures/sven_color.png"
        },
        {
            "uri": "textures/belt_color.png"
        },
        {
            "uri": "textures/gauntlet_color.png"
        },
        {
            "uri": "textures/helmet_color.png"
        },
        {
            "uri": "textures/shoulder_color.png"
        },
        {
            "uri": "textures/blade_color.png"
        }
    ],
    "materials": [
        {
            "emissiveFactor": [
                0,
                0,
                0
            ],
            "name": "Material #35",
            "pbrMetallicRoughness": {
                "baseColorFactor": [
                    1,
                    1,
                    1,
                    1
                ],
                "baseColorTexture": {
                    "index": 0,
                    "texCoord": 0
                },
                "metallicFactor": 0,
                "roughnessFactor": 0.9230769230769231
            }
        },
        {
            "emissiveFactor": [
                0,
                0,
                0
            ],
            "name": "Material #47",
            "pbrMetallicRoughness": {
                "baseColorFactor": [
                    1,
                    1,
                    1,
                    1
                ],
                "baseColorTexture": {
                    "index": 1,
                    "texCoord": 0
                },
                "metallicFactor": 0,
                "roughnessFactor": 0.9230769230769231
            }
        },
        {
            "emissiveFactor": [
                0,
                0,
                0
            ],
            "name": "Material #58",
            "pbrMetallicRoughness": {
                "baseColorFactor": [
                    1,
                    1,
                    1,
                    1
                ],
                "baseColorTexture": {
                    "index": 2,
                    "texCoord": 0
                },
                "metallicFactor": 0,
                "roughnessFactor": 0.9230769230769231
            }
        },
        {
            "emissiveFactor": [
                0,
                0,
                0
            ],
            "name": "Material #69",
            "pbrMetallicRoughness": {
                "baseColorFactor": [
                    1,
                    1,
                    1,
                    1
                ],
                "baseColorTexture": {
                    "index": 3,
                    "texCoord": 0
                },
                "metallicFactor": 0,
                "roughnessFactor": 0.9230769230769231
            }
        },
        {
            "emissiveFactor": [
                0,
                0,
                0
            ],
            "name": "Material #80",
            "pbrMetallicRoughness": {
                "baseColorFactor": [
                    1,
                    1,
                    1,
                    1
                ],
                "baseColorTexture": {
                    "index": 4,
                    "texCoord": 0
                },
                "metallicFactor": 0,
                "roughnessFactor": 0.9230769230769231
            }
        },
        {
            "emissiveFactor": [
                0,
                0,
                0
            ],
            "name": "Material #91",
            "pbrMetallicRoughness": {
                "baseColorFactor": [
                    1,
                    1,
                    1,
                    1
                ],
                "baseColorTexture": {
                    "index": 5,
                    "texCoord": 0
                },
                "metallicFactor": 0,
                "roughnessFactor": 0.9230769230769231
            }
        }
    ],
    "meshes": [
        {
            "name": "sven_model_LOD0",
            "primitives": [
                {
                    "attributes": {
                        "JOINTS_0": 3,
                        "NORMAL": 1,
                        "POSITION": 0,
                        "TEXCOORD_0": 2,
                        "WEIGHTS_0": 4
                    },
                    "indices": 5,
                    "material": 0
                }
            ]
        },
        {
            "name": "sven_belt_model_LOD0",
            "primitives": [
                {
                    "attributes": {
                        "JOINTS_0": 10,
                        "NORMAL": 8,
                        "POSITION": 7,
                        "TEXCOORD_0": 9,
                        "WEIGHTS_0": 11
                    },
                    "indices": 12,
                    "material": 1
                }
            ]
        },
        {
            "name": "sven_gauntlet_model_LOD0",
            "primitives": [
                {
                    "attributes": {
                        "JOINTS_0": 17,
                        "NORMAL": 15,
                        "POSITION": 14,
                        "TEXCOORD_0": 16,
                        "WEIGHTS_0": 18
                    },
                    "indices": 19,
                    "material": 2
                }
            ]
        },
        {
            "name": "sven_mask_model_LOD0",
            "primitives": [
                {
                    "attributes": {
                        "JOINTS_0": 24,
                        "NORMAL": 22,
                        "POSITION": 21,
                        "TEXCOORD_0": 23,
                        "WEIGHTS_0": 25
                    },
                    "indices": 26,
                    "material": 3
                }
            ]
        },
        {
            "name": "sven_shoulder_model_LOD0",
            "primitives": [
                {
                    "attributes": {
                        "JOINTS_0": 31,
                        "NORMAL": 29,
                        "POSITION": 28,
                        "TEXCOORD_0": 30,
                        "WEIGHTS_0": 32
                    },
                    "indices": 33,
                    "material": 4
                }
            ]
        },
        {
            "name": "sven_sword_model_LOD0",
            "primitives": [
                {
                    "attributes": {
                        "JOINTS_0": 38,
                        "NORMAL": 36,
                        "POSITION": 35,
                        "TEXCOORD_0": 37,
                        "WEIGHTS_0": 39
                    },
                    "indices": 40,
                    "material": 5
                }
            ]
        }
    ],
    "nodes": [
        {
            "children": [
                1,
                27,
                28,
                29,
                33
            ],
            "matrix": [
                1.6292068478213574e-7,
                1.469367938527879e-39,
                1.0000000000000002,
                0,
                1.0000000000000002,
                6.123233995736847e-17,
                -1.6292068478213574e-7,
                0,
                -6.123233995736685e-17,
                1,
                9.976014756666736e-24,
                0,
                -1.51458096823813e-14,
                101.26622009277344,
                0.000004426487066666596,
                1
            ],
            "name": "root"
        },
        {
            "children": [
                2
            ],
            "matrix": [
                -0.2569034993648534,
                -6.125056720216224e-8,
                0.9664370417594909,
                0,
                -4.6883512465014586e-7,
                0.9999999999999998,
                -6.1250567173882e-8,
                0,
                -0.9664370417594838,
                -4.6883511598487985e-7,
                -0.2569034993648811,
                0,
                1.256645083427429,
                7.490718871849822e-7,
                12.453010559082031,
                1
            ],
            "name": "spine1"
        },
        {
            "children": [
                3
            ],
            "matrix": [
                0.9777906537055967,
                1.4210854688732224e-14,
                -0.20958463847637168,
                0,
                -9.99377518556855e-8,
                0.9999999999999997,
                -4.662468882088432e-7,
                0,
                0.2095846384763718,
                4.768372672027405e-7,
                0.9777906537055968,
                0,
                12.684646606445312,
                0.0000010328462849429343,
                -0.0000057220458984375,
                1
            ],
            "name": "spine2"
        },
        {
            "children": [
                4,
                6,
                16
            ],
            "matrix": [
                -0.6079159975051878,
                2.8987693675106195e-7,
                -0.7940014004707336,
                0,
                9.822778684758995e-8,
                0.9999999999999998,
                2.8987693672886164e-7,
                0,
                0.7940014004707512,
                9.82278268231388e-8,
                -0.6079159975051655,
                0,
                11.30164337158206,
                -2.80762151305681e-7,
                -0.0000023841857901274466,
                1
            ],
            "name": "spine3"
        },
        {
            "children": [
                5
            ],
            "matrix": [
                -0.3433990478515623,
                -1.6374541181428236e-7,
                0.9391895532608032,
                0,
                -2.899663873821345e-8,
                1,
                1.6374542619936784e-7,
                0,
                -0.939189553260805,
                2.899668326430286e-8,
                -0.34339904785155806,
                0,
                -0.03485107421875,
                -0.0000019448889361228794,
                13.183670043945298,
                1
            ],
            "name": "neck1"
        },
        {
            "matrix": [
                0.2515030205249787,
                -7.583047213701073e-15,
                -0.967856585979461,
                0,
                5.749466480098569e-14,
                0.9999999999999996,
                7.105427410540561e-15,
                0,
                0.9678565859794609,
                -5.743362649080641e-14,
                0.25150302052497875,
                0,
                7.419387817382841,
                7.93341314420104e-7,
                0.000003814697265625,
                1
            ],
            "name": "head"
        },
        {
            "children": [
                7
            ],
            "matrix": [
                0.346516489982605,
                0.9294276833534242,
                0.1268479973077774,
                0,
                0.044312659664316134,
                0.11885625135968461,
                -0.9919223031695581,
                0,
                -0.9369965730901013,
                0.34933835004624886,
                2.3841857538231537e-7,
                0,
                6.470840454101577,
                -5.836903095245361,
                7.936576843261719,
                1
            ],
            "name": "clavicle_R"
        },
        {
            "children": [
                8
            ],
            "matrix": [
                0.2318151593208314,
                -0.7603951692581179,
                0.606680393218994,
                0,
                -0.8987288326546018,
                -0.40605993013718367,
                -0.1655353344199812,
                0,
                0.37222070866382306,
                -0.5068673464383365,
                -0.7775195800625402,
                0,
                -18.72612762451172,
                -0.00002288818356532829,
                0,
                1
            ],
            "name": "bicep_R"
        },
        {
            "children": [
                9,
                15
            ],
            "matrix": [
                0.9304661750793455,
                5.960464475630867e-8,
                -0.3663778007030487,
                0,
                -2.4173229557774645e-7,
                0.9999998211860583,
                -4.512257293261268e-7,
                0,
                0.3663777770174724,
                5.084156833312647e-7,
                0.9304661149266918,
                0,
                -31.653610229492188,
                0.00000762939453125,
                0.0000152587890625,
                1
            ],
            "name": "elbow_R"
        },
        {
            "children": [
                10,
                12
            ],
            "matrix": [
                0.8309355974197387,
                0.3142862021923066,
                0.4590977430343629,
                0,
                -0.30931403311540256,
                0.9468475028095416,
                -0.08834951909835073,
                0,
                -0.4624623530011156,
                -0.06859257944645356,
                0.8839819821060285,
                0,
                -28.096866607666,
                -0.000022888183607960855,
                -0.000020980834957384786,
                1
            ],
            "name": "wrist_R"
        },
        {
            "children": [
                11
            ],
            "matrix": [
                0.4228002429008484,
                -0.15283063054084778,
                -0.8932427763938906,
                0,
                0.26067272450256107,
                -0.9235081368757705,
                0.2813936241615888,
                0,
                -0.8679225925796448,
                -0.3518173432530433,
                -0.3506207101070732,
                0,
                2.397270202636733,
                0.3603019714355469,
                7.184470176696776,
                1
            ],
            "name": "thumb_0_R"
        },
        {
            "matrix": [
                0.6160840988159175,
                -5.811452866225086e-7,
                -0.7876804471015927,
                0,
                2.1933021021602883e-7,
                0.9999999999999931,
                -5.66244132749194e-7,
                0,
                0.7876803811957411,
                1.760918734716732e-7,
                0.6160840472675395,
                0,
                -7.512323379516598,
                -0.13832855224609375,
                1.090789794921875,
                1
            ],
            "name": "thumb_1_R"
        },
        {
            "children": [
                13
            ],
            "matrix": [
                0.8713141083717342,
                -0.23834329843521102,
                -0.4289570450782776,
                0,
                0.49070072856682617,
                0.4143307648023433,
                0.7665138279810508,
                0,
                -0.004963331589825322,
                -0.878363508626655,
                0.4779672868994283,
                0,
                -8.95050048828125,
                3.3428573608398438,
                3.7688980102539062,
                1
            ],
            "name": "index_0_R"
        },
        {
            "children": [
                14
            ],
            "matrix": [
                -0.0545960068702698,
                0.08704014122486115,
                -0.9947074651718141,
                0,
                -0.054492658017193246,
                0.9944486518940543,
                0.09000840525284731,
                0,
                0.9970208348540717,
                0.05911841210529717,
                -0.049549926120587576,
                0,
                -6.809928894042969,
                -0.00000762939453125,
                3.5267105102539062,
                1
            ],
            "name": "index_1_R"
        },
        {
            "matrix": [
                0.9322011470794682,
                3.725290297629247e-7,
                -0.36194029450416576,
                0,
                -3.0705360015703675e-7,
                0.9999999403953306,
                2.3841857538231537e-7,
                0,
                0.3619402425704683,
                -1.1111898956528421e-7,
                0.932201013320684,
                0,
                -4.163215637207024,
                0.000003814697272730427,
                -0.000007629394538355427,
                1
            ],
            "name": "index_2_R"
        },
        {
            "matrix": [
                0.9937930703163146,
                -0.1084645092487336,
                0.024710536003112793,
                0,
                0.09732619691012923,
                0.9553214592547271,
                0.27908634610159144,
                0,
                -0.05387747550428834,
