{
    "accessors": {
        "attrbute_1": {
            "bufferView": "bufferView_37",
            "byteOffset": 0,
            "byteStride": 12,
            "count": 1943,
            "max": [
                45.723758697509766,
                21.452177047729492,
                166.6847686767578,
                0
            ],
            "min": [
                -52.12723159790039,
                -30.08367347717285,
                -0.22796490788459778,
                0
            ],
            "type": 35665
        },
        "attrbute_10": {
            "bufferView": "bufferView_37",
            "byteOffset": 126180,
            "byteStride": 16,
            "count": 300,
            "max": [
                3,
                7,
                7,
                -1
            ],
            "min": [
                0,
                1,
                -1,
                -1
            ],
            "type": 35666
        },
        "attrbute_11": {
            "bufferView": "bufferView_37",
            "byteOffset": 130980,
            "byteStride": 12,
            "count": 300,
            "max": [
                0.9978545904159546,
                0.9992828369140625,
                0.9596473574638367
            ],
            "min": [
                0.00017684762133285403,
                0.00017269076488446444,
                0
            ],
            "type": 35665
        },
        "attrbute_13": {
            "bufferView": "bufferView_37",
            "byteOffset": 134580,
            "byteStride": 12,
            "count": 417,
            "max": [
                52.945709228515625,
                11.546748161315918,
                120.07424926757812,
                0
            ],
            "min": [
                27.330419540405273,
                -24.29924774169922,
                61.75881576538086,
                0
            ],
            "type": 35665
        },
        "attrbute_14": {
            "bufferView": "bufferView_37",
            "byteOffset": 139584,
            "byteStride": 12,
            "count": 417,
            "max": [
                0.9957186579704285,
                0.9971951842308044,
                0.980580747127533,
                0
            ],
            "min": [
                -0.9967531561851501,
                -0.9846663475036621,
                -0.9909297823905945,
                0
            ],
            "type": 35665
        },
        "attrbute_15": {
            "bufferView": "bufferView_37",
            "byteOffset": 144588,
            "byteStride": 8,
            "count": 417,
            "max": [
                0.9897788763046265,
                0.9911596179008484
            ],
            "min": [
                0.007667474448680878,
                0.0075373053550720215
            ],
            "type": 35664
        },
        "attrbute_16": {
            "bufferView": "bufferView_37",
            "byteOffset": 147924,
            "byteStride": 16,
            "count": 417,
            "max": [
                8,
                8,
                8,
                -1
            ],
            "min": [
                0,
                -1,
                -1,
                -1
            ],
            "type": 35666
        },
        "attrbute_17": {
            "bufferView": "bufferView_37",
            "byteOffset": 154596,
            "byteStride": 12,
            "count": 417,
            "max": [
                1,
                0.9998670816421509,
                0.9995602369308472
            ],
            "min": [
                0.00010296572872903198,
                0,
                0
            ],
            "type": 35665
        },
        "attrbute_19": {
            "bufferView": "bufferView_37",
            "byteOffset": 159600,
            "byteStride": 12,
            "count": 597,
            "max": [
                39.30787658691406,
                3.106910467147827,
                178.04112243652344,
                0
            ],
            "min": [
                -39.307891845703125,
                -21.56417465209961,
                152.74705505371094,
                0
            ],
            "type": 35665
        },
        "attrbute_2": {
            "bufferView": "bufferView_37",
            "byteOffset": 23316,
            "byteStride": 12,
            "count": 1943,
            "max": [
                0.9993021488189697,
                0.9999962449073792,
                0.9999275803565979,
                0
            ],
            "min": [
                -0.9992610216140747,
                -0.9989059567451477,
                -0.999930739402771,
                0
            ],
            "type": 35665
        },
        "attrbute_20": {
            "bufferView": "bufferView_37",
            "byteOffset": 166764,
            "byteStride": 12,
            "count": 597,
            "max": [
                0.9886738657951355,
                0.9973133206367493,
                0.9993841648101807,
                0
            ],
            "min": [
                -0.9886740446090698,
                -0.9986481666564941,
                -0.9989951848983765,
                0
            ],
            "type": 35665
        },
        "attrbute_21": {
            "bufferView": "bufferView_37",
            "byteOffset": 173928,
            "byteStride": 8,
            "count": 597,
            "max": [
                1.9789496660232544,
                0.9860761165618896
            ],
            "min": [
                0.011266607791185379,
                0.013033151626586914
            ],
            "type": 35664
        },
        "attrbute_22": {
            "bufferView": "bufferView_37",
            "byteOffset": 178704,
            "byteStride": 16,
            "count": 597,
            "max": [
                0,
                1,
                2,
                -1
            ],
            "min": [
                0,
                -1,
                -1,
                -1
            ],
            "type": 35666
        },
        "attrbute_23": {
            "bufferView": "bufferView_37",
            "byteOffset": 188256,
            "byteStride": 12,
            "count": 597,
            "max": [
                1,
                0.3737523853778839,
                0.03754322975873947
            ],
            "min": [
                0.6196197271347046,
                0,
                0
            ],
            "type": 35665
        },
        "attrbute_25": {
            "bufferView": "bufferView_37",
            "byteOffset": 195420,
            "byteStride": 12,
            "count": 296,
            "max": [
                53.96287155151367,
                23.625417709350586,
                161.37367248535156,
                0
            ],
            "min": [
                4.615842342376709,
                -29.561201095581055,
                118.88261413574219,
                0
            ],
            "type": 35665
        },
        "attrbute_26": {
            "bufferView": "bufferView_37",
            "byteOffset": 198972,
            "byteStride": 12,
            "count": 296,
            "max": [
                0.9870654344558716,
                0.950735330581665,
                0.9786956906318665,
                0
            ],
            "min": [
                -0.9868485927581787,
                -0.9994901418685913,
                -0.9999536871910095,
                0
            ],
            "type": 35665
        },
        "attrbute_27": {
            "bufferView": "bufferView_37",
            "byteOffset": 202524,
            "byteStride": 8,
            "count": 296,
            "max": [
                1.0022146701812744,
                0.983881413936615
            ],
            "min": [
                0.018858443945646286,
                0.02232801914215088
            ],
            "type": 35664
        },
        "attrbute_28": {
            "bufferView": "bufferView_37",
            "byteOffset": 204892,
            "byteStride": 16,
            "count": 296,
            "max": [
                2,
                3,
                6,
                -1
            ],
            "min": [
                0,
                1,
                -1,
                -1
            ],
            "type": 35666
        },
        "attrbute_29": {
            "bufferView": "bufferView_37",
            "byteOffset": 209628,
            "byteStride": 12,
            "count": 296,
            "max": [
                0.9954881072044373,
                0.9950674176216125,
                0.988227367401123
            ],
            "min": [
                0.00011268180242041126,
                0.0001864844816736877,
                0
            ],
            "type": 35665
        },
        "attrbute_3": {
            "bufferView": "bufferView_37",
            "byteOffset": 46632,
            "byteStride": 8,
            "count": 1943,
            "max": [
                1.9957280158996582,
                0.988635778427124
            ],
            "min": [
                0.006108522415161133,
                0.005731463432312012
            ],
            "type": 35664
        },
        "attrbute_31": {
            "bufferView": "bufferView_37",
            "byteOffset": 213180,
            "byteStride": 12,
            "count": 466,
            "max": [
                44.470115661621094,
                11.502906799316406,
                96.69491577148438,
                0
            ],
            "min": [
                -8.91109848022461,
                -144.47442626953125,
                -19.18935203552246,
                0
            ],
            "type": 35665
        },
        "attrbute_32": {
            "bufferView": "bufferView_37",
            "byteOffset": 218772,
            "byteStride": 12,
            "count": 466,
            "max": [
                0.9982356429100037,
                0.9649081230163574,
                0.9814957976341248,
                0
            ],
            "min": [
                -0.9999347925186157,
                -0.9963653087615967,
                -0.9858121871948242,
                0
            ],
            "type": 35665
        },
        "attrbute_33": {
            "bufferView": "bufferView_37",
            "byteOffset": 224364,
            "byteStride": 8,
            "count": 466,
            "max": [
                1.9829742908477783,
                0.9839504361152649
            ],
            "min": [
                0.015421450138092041,
                0.026425302028656006
            ],
            "type": 35664
        },
        "attrbute_34": {
            "bufferView": "bufferView_37",
            "byteOffset": 228092,
            "byteStride": 16,
            "count": 466,
            "max": [
                0,
                -1,
                -1,
                -1
            ],
            "min": [
                0,
                -1,
                -1,
                -1
            ],
            "type": 35666
        },
        "attrbute_35": {
            "bufferView": "bufferView_37",
            "byteOffset": 235548,
            "byteStride": 12,
            "count": 466,
            "max": [
                1,
                0,
                0
            ],
            "min": [
                1,
                0,
                0
            ],
            "type": 35665
        },
        "attrbute_4": {
            "bufferView": "bufferView_37",
            "byteOffset": 62176,
            "byteStride": 16,
            "count": 1943,
            "max": [
                29,
                29,
                29,
                -1
            ],
            "min": [
                0,
                -1,
                -1,
                -1
            ],
            "type": 35666
        },
        "attrbute_5": {
            "bufferView": "bufferView_37",
            "byteOffset": 93264,
            "byteStride": 12,
            "count": 1943,
            "max": [
                1,
                0.9998899102210999,
                0.9963040947914124
            ],
            "min": [
                0.00010004548676079139,
                0,
                0
            ],
            "type": 35665
        },
        "attrbute_7": {
            "bufferView": "bufferView_37",
            "byteOffset": 116580,
            "byteStride": 12,
            "count": 300,
            "max": [
                28.10872459411621,
                16.84212303161621,
                110.34465026855469,
                0
            ],
            "min": [
                -28.996273040771484,
                -31.578908920288086,
                56.70244598388672,
                0
            ],
            "type": 35665
        },
        "attrbute_8": {
            "bufferView": "bufferView_37",
            "byteOffset": 120180,
            "byteStride": 12,
            "count": 300,
            "max": [
                0.9977653622627258,
                0.9990110397338867,
                0.9977864623069763,
                0
            ],
            "min": [
                -0.9913959503173828,
                -0.9840408563613892,
                -0.996006429195404,
                0
            ],
            "type": 35665
        },
        "attrbute_9": {
            "bufferView": "bufferView_37",
            "byteOffset": 123780,
            "byteStride": 8,
            "count": 300,
            "max": [
                1.9833362102508545,
                0.9886041283607483
            ],
            "min": [
                0.012346578761935234,
                0.010077595710754395
            ],
            "type": 35664
        },
        "indices_12": {
            "bufferView": "bufferView_39",
            "byteOffset": 17418,
            "count": 1266,
            "type": 5123
        },
        "indices_18": {
            "bufferView": "bufferView_39",
            "byteOffset": 19950,
            "count": 1734,
            "type": 5123
        },
        "indices_24": {
            "bufferView": "bufferView_39",
            "byteOffset": 23418,
            "count": 3006,
            "type": 5123
        },
        "indices_30": {
            "bufferView": "bufferView_39",
            "byteOffset": 29430,
            "count": 1377,
            "type": 5123
        },
        "indices_36": {
            "bufferView": "bufferView_39",
            "byteOffset": 32184,
            "count": 2154,
            "type": 5123
        },
        "indices_6": {
            "bufferView": "bufferView_39",
            "byteOffset": 0,
            "count": 8709,
            "type": 5123
        }
    },
    "animations": {},
    "asset": {},
    "bufferViews": {
        "bufferView_37": {
            "buffer": "sven.bin",
            "byteLength": 241140,
            "byteOffset": 0,
            "target": 34962
        },
        "bufferView_38": {
            "buffer": "sven.bin",
            "byteLength": 4736,
            "byteOffset": 241140
        },
        "bufferView_39": {
            "buffer": "sven.bin",
            "byteLength": 36492,
            "byteOffset": 245876,
            "target": 34963
        }
    },
    "buffers": {
        "sven.bin": {
            "byteLength": 282368,
            "path": "sven.bin"
        }
    },
    "cameras": {},
    "images": {
        "image_0": {
            "path": "textures/sven_color.png"
        },
        "image_1": {
            "path": "textures/belt_color.png"
        },
        "image_2": {
            "path": "textures/gauntlet_color.png"
        },
        "image_3": {
            "path": "textures/helmet_color.png"
        },
        "image_4": {
            "path": "textures/shoulder_color.png"
        },
        "image_5": {
            "path": "textures/blade_color.png"
        }
    },
    "lights": {},
    "materials": {
        "Material #35": {
            "instanceTechnique": {
                "technique": "technique_0",
                "values": {
                    "ambient": [
                        0.5879999995231628,
                        0.5879999995231628,
                        0.5879999995231628
                    ],
                    "diffuse": "Map #8",
                    "emission": [
                        0,
                        0,
                        0
                    ],
                    "shininess": 2,
                    "specular": [
                        0.8999999761581421,
                        0.8999999761581421,
                        0.8999999761581421
                    ],
                    "transparency": 1
                }
            },
            "name": "Material #35"
        },
        "Material #47": {
            "instanceTechnique": {
                "technique": "technique_0",
                "values": {
                    "ambient": [
                        0.5879999995231628,
                        0.5879999995231628,
                        0.5879999995231628
                    ],
                    "diffuse": "Map #10",
                    "emission": [
                        0,
                        0,
                        0
                    ],
                    "shininess": 2,
                    "specular": [
                        0.8999999761581421,
                        0.8999999761581421,
                        0.8999999761581421
                    ],
                    "transparency": 1
                }
            },
            "name": "Material #47"
        },
        "Material #58": {
            "instanceTechnique": {
                "technique": "technique_0",
                "values": {
                    "ambient": [
                        0.5879999995231628,
                        0.5879999995231628,
                        0.5879999995231628
                    ],
                    "diffuse": "Map #11",
                    "emission": [
                        0,
                        0,
                        0
                    ],
                    "shininess": 2,
                    "specular": [
                        0.8999999761581421,
                        0.8999999761581421,
                        0.8999999761581421
                    ],
                    "transparency": 1
                }
            },
            "name": "Material #58"
        },
        "Material #69": {
            "instanceTechnique": {
                "technique": "technique_0",
                "values": {
                    "ambient": [
                        0.5879999995231628,
                        0.5879999995231628,
                        0.5879999995231628
                    ],
                    "diffuse": "Map #12",
                    "emission": [
                        0,
                        0,
                        0
                    ],
                    "shininess": 2,
                    "specular": [
                        0.8999999761581421,
                        0.8999999761581421,
                        0.8999999761581421
                    ],
                    "transparency": 1
                }
            },
            "name": "Material #69"
        },
        "Material #80": {
            "instanceTechnique": {
                "technique": "technique_0",
                "values": {
                    "ambient": [
                        0.5879999995231628,
                        0.5879999995231628,
                        0.5879999995231628
                    ],
                    "diffuse": "Map #13",
                    "emission": [
                        0,
                        0,
                        0
                    ],
                    "shininess": 2,
                    "specular": [
                        0.8999999761581421,
                        0.8999999761581421,
                        0.8999999761581421
                    ],
                    "transparency": 1
                }
            },
            "name": "Material #80"
        },
        "Material #91": {
            "instanceTechnique": {
                "technique": "technique_0",
                "values": {
                    "ambient": [
                        0.5879999995231628,
                        0.5879999995231628,
                        0.5879999995231628
                    ],
                    "diffuse": "Map #14",
                    "emission": [
                        0,
                        0,
                        0
                    ],
                    "shininess": 2,
                    "specular": [
                        0.8999999761581421,
                        0.8999999761581421,
                        0.8999999761581421
                    ],
                    "transparency": 1
                }
            },
            "name": "Material #91"
        }
    },
    "meshes": {
        "sven_belt_model_LOD0-mesh": {
            "name": "sven_belt_model_LOD0-mesh",
            "primitives": [
                {
                    "attributes": {
                        "JOINT": "attrbute_10",
                        "NORMAL": "attrbute_8",
                        "POSITION": "attrbute_7",
                        "TEXCOORD_0": "attrbute_9",
                        "WEIGHT": "attrbute_11"
                    },
                    "indices": "indices_12",
                    "material": "Material #47"
                }
            ]
        },
        "sven_gauntlet_model_LOD0-mesh": {
            "name": "sven_gauntlet_model_LOD0-mesh",
            "primitives": [
                {
                    "attributes": {
                        "JOINT": "attrbute_16",
                        "NORMAL": "attrbute_14",
                        "POSITION": "attrbute_13",
                        "TEXCOORD_0": "attrbute_15",
                        "WEIGHT": "attrbute_17"
                    },
                    "indices": "indices_18",
                    "material": "Material #58"
                }
            ]
        },
        "sven_mask_model_LOD0-mesh": {
            "name": "sven_mask_model_LOD0-mesh",
            "primitives": [
                {
                    "attributes": {
                        "JOINT": "attrbute_22",
                        "NORMAL": "attrbute_20",
                        "POSITION": "attrbute_19",
                        "TEXCOORD_0": "attrbute_21",
                        "WEIGHT": "attrbute_23"
                    },
                    "indices": "indices_24",
                    "material": "Material #69"
                }
            ]
        },
        "sven_model_LOD0-mesh": {
            "name": "sven_model_LOD0-mesh",
            "primitives": [
                {
                    "attributes": {
                        "JOINT": "attrbute_4",
                        "NORMAL": "attrbute_2",
                        "POSITION": "attrbute_1",
                        "TEXCOORD_0": "attrbute_3",
                        "WEIGHT": "attrbute_5"
                    },
                    "indices": "indices_6",
                    "material": "Material #35"
                }
            ]
        },
        "sven_shoulder_model_LOD0-mesh": {
            "name": "sven_shoulder_model_LOD0-mesh",
            "primitives": [
                {
                    "attributes": {
                        "JOINT": "attrbute_28",
                        "NORMAL": "attrbute_26",
                        "POSITION": "attrbute_25",
                        "TEXCOORD_0": "attrbute_27",
                        "WEIGHT": "attrbute_29"
                    },
                    "indices": "indices_30",
                    "material": "Material #80"
                }
            ]
        },
        "sven_sword_model_LOD0-mesh": {
            "name": "sven_sword_model_LOD0-mesh",
            "primitives": [
                {
                    "attributes": {
                        "JOINT": "attrbute_34",
                        "NORMAL": "attrbute_32",
                        "POSITION": "attrbute_31",
                        "TEXCOORD_0": "attrbute_33",
                        "WEIGHT": "attrbute_35"
                    },
                    "indices": "indices_36",
                    "material": "Material #91"
                }
            ]
        }
    },
    "nodes": {
        "ankle_L": {
            "children": [
                "toeBase_L"
            ],
            "jointId": "ankle_L",
            "matrix": [
                0.45458853244781533,
                0.11992989480495453,
                0.8825904726982121,
                0,
                0.09344843329669,
                0.9790032346765479,
                -0.18116255052192387,
                0,
                -0.8857856937495383,
                0.16483110753407715,
                0.4338363635709142,
                0,
                40.56496429443361,
                0.00000762939453125,
                0.000007629394533026357,
                1
            ],
            "name": "ankle_L"
        },
        "ankle_R": {
            "children": [
                "toeBase_R"
            ],
            "jointId": "ankle_R",
            "matrix": [
                0.45614972710609436,
                -0.19386920332908636,
                0.868528962135315,
                0,
                0.05210089076095139,
                0.9801250316096503,
                0.19141589882015314,
                0,
                -0.8883766255422699,
                -0.042063177491622986,
                0.4571845245350433,
                0,
                -40.56495666503906,
                -0.000009536743167615214,
                0.000011920928953301768,
                1
            ],
            "name": "ankle_R"
        },
        "bicep_L": {
            "children": [
                "elbow_L"
            ],
            "jointId": "bicep_L",
            "matrix": [
                0.23181480169296262,
                -0.7603958845138552,
                0.6066795587539673,
                0,
                -0.8987287516458677,
                -0.40605971359940274,
                -0.16553633017663127,
                0,
                0.3722211951566413,
                -0.5068664861885497,
                -0.7775201353507636,
                0,
                18.72612571716308,
                0.00000762939453125,
                0.00002288818359375,
                1
            ],
            "name": "bicep_L"
        },
        "bicep_R": {
            "children": [
                "elbow_R"
            ],
            "jointId": "bicep_R",
            "matrix": [
                0.23181515932083135,
                -0.7603951692581178,
                0.6066803932189941,
                0,
                -0.8987288326546016,
                -0.40605993013718344,
                -0.16553533441998117,
                0,
                0.372220708663823,
                -0.5068673464383363,
                -0.7775195800625399,
                0,
                -18.72612762451172,
                -0.00002288818359375,
                -1.4210854715202004e-14,
                1
            ],
            "name": "bicep_R"
        },
        "clavicle_L": {
            "children": [
                "bicep_L"
            ],
            "jointId": "clavicle_L",
            "matrix": [
                -0.34651643037796004,
                0.929427802562714,
                -0.12684783339500422,
                0,
                -0.04431283252586876,
                0.1188559766490808,
                0.9919221351884453,
                0,
                0.9369966442191162,
                0.3493383082753086,
                2.9802322554228766e-8,
                0,
                6.470855712890625,
                5.83690071105957,
                7.936592102050781,
                1
            ],
            "name": "clavicle_L"
        },
        "clavicle_R": {
            "children": [
                "bicep_R"
            ],
            "jointId": "clavicle_R",
            "matrix": [
                0.3465164899826049,
                0.9294276833534242,
                0.12684799730777746,
                0,
                0.0443126596643163,
                0.1188562513596846,
                -0.9919223031695579,
                0,
                -0.9369965730901011,
                0.3493383500462489,
                2.3841857504924846e-7,
                0,
                6.470840454101577,
                -5.836903095245361,
                7.936576843261719,
                1
            ],
            "name": "clavicle_R"
        },
        "elbow_L": {
            "children": [
                "wrist_L"
            ],
            "jointId": "elbow_L",
            "matrix": [
                0.9304660558700564,
                -8.940696705206364e-8,
                -0.3663778007030488,
                0,
                -6.875005092998876e-8,
                0.99999988079073,
                -4.186294720971359e-7,
                0,
                0.3663779429385756,
                4.1470921671726835e-7,
                0.9304664170963434,
                0,
                31.65357208251956,
                -0.00000762939453125,
                -0.000010013580321821536,
                1
            ],
            "name": "elbow_L"
        },
        "elbow_R": {
            "children": [
                "wrist_R",
                "forearm_helper"
            ],
            "jointId": "elbow_R",
            "matrix": [
                0.9304661750793455,
                5.960464483090178e-8,
                -0.3663778007030487,
                0,
                -2.4173229551394115e-7,
                0.9999998211860581,
                -4.5122572932179e-7,
                0,
                0.36637777701747243,
                5.084156833312647e-7,
                0.9304661149266914,
                0,
                -31.6536102294922,
                0.00000762939453125,
                0.0000152587890625,
                1
            ],
            "name": "elbow_R"
        },
        "forearm_helper": {
            "children": [],
            "jointId": "forearm_helper",
            "matrix": [
                0.9937930703163145,
                -0.10846450924873352,
                0.024710536003113015,
                0,
                0.09732619691012895,
                0.9553214592547269,
                0.2790863461015912,
                0,
                -0.053877475504288425,
                -0.2749491280810316,
                0.9599484023185239,
                0,
                -16.195465087890625,
                2.068450927734375,
                -0.2516613006591797,
                1
            ],
            "name": "forearm_helper"
        },
        "head": {
            "children": [],
            "jointId": "head",
            "matrix": [
                0.25150302052497897,
                -7.58304722135621e-15,
                -0.9678565859794619,
                0,
                5.749466490686481e-14,
                1.0000000000000002,
                7.105427370835892e-15,
                0,
                0.9678565859794619,
                -5.74336264950758e-14,
                0.25150302052497897,
                0,
                7.419387817382841,
                7.93341314420104e-7,
                0.000003814697265625,
                1
            ],
            "name": "head"
        },
        "index_0_L": {
            "children": [
                "index_1_L"
            ],
            "jointId": "index_0_L",
            "matrix": [
                0.9376553893089294,
                -0.17885851860046378,
                -0.298013687133789,
                0,
                0.31233336611362794,
                0.8097689355019375,
                0.49671205778691757,
                0,
                0.15248095341490026,
                -0.558824026299839,
                0.8151472087579755,
                0,
                11.94546508789064,
                -7.632123947143555,
                -3.690948486328125,
                1
            ],
            "name": "index_0_L"
        },
        "index_0_R": {
            "children": [
                "index_1_R"
            ],
            "jointId": "index_0_R",
            "matrix": [
                0.8713141083717343,
                -0.23834329843521104,
                -0.4289570450782775,
                0,
                0.49070072856682645,
                0.41433076480234343,
                0.7665138279810508,
                0,
                -0.004963331589825273,
                -0.8783635086266552,
                0.47796728689942847,
                0,
                -8.950500488281236,
                3.342857360839851,
                3.7688980102539062,
                1
            ],
            "name": "index_0_R"
        },
        "index_1_L": {
            "children": [
                "index_2_L"
            ],
            "jointId": "index_1_L",
            "matrix": [
                0.3572395443916322,
                0.13831600546836853,
                -0.9237146377563477,
                0,
                -0.03189522505080408,
                0.9902037738198425,
                0.13593678155197542,
                0,
                0.9334681335188847,
                -0.0190999113502468,
                0.3581516344519506,
                0,
                5.7357940673828125,
                -0.0000057220458984375,
                -2.2189178466796804,
                1
            ],
            "name": "index_1_L"
        },
        "index_1_R": {
            "children": [
                "index_2_R"
            ],
            "jointId": "index_1_R",
            "matrix": [
                -0.05459600687026975,
                0.08704014122486117,
                -0.994707465171814,
                0,
                -0.054492658017193385,
                0.9944486518940551,
                0.09000840525284735,
                0,
                0.9970208348540719,
                0.05911841210529739,
                -0.049549926120587645,
                0,
                -6.809928894042976,
                -0.00000762939453125,
                3.5267105102539062,
                1
            ],
            "name": "index_1_R"
        },
        "index_2_L": {
            "children": [],
            "jointId": "index_2_L",
            "matrix": [
                0.9948111772537233,
                0.018585458397865157,
                -0.10002863407135004,
                0,
                -0.011712993063145494,
                0.9975577602053944,
                0.0688588012562436,
                0,
                0.10106408745932965,
                -0.06732985373156869,
                0.9925990547587049,
                0,
                4.297321319580071,
                -0.22697448730469105,
                0.30088424682616477,
                1
            ],
            "name": "index_2_L"
        },
        "index_2_R": {
            "children": [],
            "jointId": "index_2_R",
            "matrix": [
                0.9322011470794678,
                3.725290298600692e-7,
                -0.36194029450416565,
                0,
                -3.070536002472424e-7,
                0.9999999403953304,
                2.3841857543782652e-7,
                0,
                0.3619402425704682,
                -1.1111898967630651e-7,
                0.9322010133206833,
                0,
                -4.163215637207031,
                0.000003814697272730427,
                -0.00000762939453125,
                1
            ],
            "name": "index_2_R"
        },
        "knee_L": {
            "children": [
                "ankle_L"
            ],
            "jointId": "knee_L",
            "matrix": [
                0.9786902666091917,
                -9.275972843100777e-7,
                -0.20534174144268022,
                0,
                8.527795196042187e-7,
                0.9999998807907138,
                -4.52855603949847e-7,
                0,
                0.20534177989168892,
                2.6809422226832524e-7,
                0.9786904498618589,
                0,
                46.5390167236328,
                -0.000007629394527697286,
                0.0000035762786869675267,
                1
            ],
            "name": "knee_L"
        },
        "knee_R": {
            "children": [
                "ankle_R"
            ],
            "jointId": "knee_R",
            "matrix": [
                0.9786903858184814,
                -4.6193599700927734e-7,
                -0.20534197986125952,
                0,
                4.856235764766348e-7,
                1.0000003576278866,
                6.495974790889092e-8,
                0,
                0.20534202463369908,
                -1.632943646238949e-7,
                0.9786905992109483,
                0,
                -46.5390396118164,
                0.0000057220458984375,
                0.0000019073486328125,
                1
            ],
            "name": "knee_R"
        },
        "neck1": {
            "children": [
                "head"
            ],
            "jointId": "neck1",
            "matrix": [
                -0.3433990478515624,
                -1.637454118142823e-7,
                0.9391895532608031,
                0,
                -2.8996638738213488e-8,
                0.9999999999999999,
                1.6374542619936776e-7,
                0,
                -0.9391895532608048,
                2.899668326430285e-8,
                -0.3433990478515581,
                0,
                -0.03485107421875,
                -0.0000019448889361228777,
                13.183670043945312,
                1
            ],
            "name": "neck1"
        },
        "root": {
            "children": [
                "spine1",
                "side_flap0_0_L",
                "side_flap1_0_R",
                "thigh_R",
                "thigh_L"
            ],
            "jointId": "root",
            "matrix": [
                -1.629206851037603e-7,
                -1.0000000000000002,
                0,
                0,
                1.0000000000000002,
                -1.629206851037603e-7,
                0,
                0,
                0,
                0,
                1,
                0,
                -1.51458096823813e-14,
                -0.000004426487066666596,
                101.26622009277344,
                1
            ],
            "name": "root"
        },
        "side_flap0_0_L": {
            "children": [],
            "jointId": "side_flap0_0_L",
            "matrix": [
                0.9999999999999999,
                1.2549695327379593e-7,
                -4.031402909276949e-7,
                0,
                -1.1083079514258115e-7,
                0.9993453621864322,
                0.03617599979043014,
                0,
                4.0741635780440824e-7,
                -0.03617599979038502,
                0.9993453621864337,
                0,
                6.096688747406006,
                20.13753890991211,
                0.7389602661132812,
                1
            ],
            "name": "side_flap0_0_L"
        },
        "side_flap1_0_R": {
            "children": [],
            "jointId": "side_flap1_0_R",
            "matrix": [
                1,
                1.623233600867024e-7,
                -1.4901161193847656e-8,
                0,
                -1.6299526589666658e-7,
