{
    "animations": {},
    "asset": {},
    "attributes": {
        "attribute_1": {
            "bufferView": "bufferView_37",
            "byteOffset": 0,
            "byteStride": 12,
            "count": 1458,
            "max": [
                1,
                1,
                1
            ],
            "min": [
                0,
                0,
                0
            ],
            "type": "FLOAT_VEC3"
        },
        "attribute_10": {
            "bufferView": "bufferView_37",
            "byteOffset": 96184,
            "byteStride": 16,
            "count": 272,
            "max": [
                1,
                1,
                1
            ],
            "min": [
                0,
                0,
                0
            ],
            "type": "FLOAT_VEC4"
        },
        "attribute_11": {
            "bufferView": "bufferView_37",
            "byteOffset": 100536,
            "byteStride": 12,
            "count": 272,
            "max": [
                1,
                1,
                1
            ],
            "min": [
                0,
                0,
                0
            ],
            "type": "FLOAT_VEC3"
        },
        "attribute_13": {
            "bufferView": "bufferView_37",
            "byteOffset": 103800,
            "byteStride": 12,
            "count": 294,
            "max": [
                1,
                1,
                1
            ],
            "min": [
                0,
                0,
                0
            ],
            "type": "FLOAT_VEC3"
        },
        "attribute_14": {
            "bufferView": "bufferView_37",
            "byteOffset": 107328,
            "byteStride": 12,
            "count": 294,
            "max": [
                1,
                1,
                1
            ],
            "min": [
                0,
                0,
                0
            ],
            "type": "FLOAT_VEC3"
        },
        "attribute_15": {
            "bufferView": "bufferView_37",
            "byteOffset": 110856,
            "byteStride": 8,
            "count": 294,
            "max": [
                1,
                1,
                1
            ],
            "min": [
                0,
                0,
                0
            ],
            "type": "FLOAT_VEC2"
        },
        "attribute_16": {
            "bufferView": "bufferView_37",
            "byteOffset": 113208,
            "byteStride": 16,
            "count": 294,
            "max": [
                1,
                1,
                1
            ],
            "min": [
                0,
                0,
                0
            ],
            "type": "FLOAT_VEC4"
        },
        "attribute_17": {
            "bufferView": "bufferView_37",
            "byteOffset": 117912,
            "byteStride": 12,
            "count": 294,
            "max": [
                1,
                1,
                1
            ],
            "min": [
                0,
                0,
                0
            ],
            "type": "FLOAT_VEC3"
        },
        "attribute_19": {
            "bufferView": "bufferView_37",
            "byteOffset": 121440,
            "byteStride": 12,
            "count": 509,
            "max": [
                1,
                1,
                1
            ],
            "min": [
                0,
                0,
                0
            ],
            "type": "FLOAT_VEC3"
        },
        "attribute_2": {
            "bufferView": "bufferView_37",
            "byteOffset": 17496,
            "byteStride": 12,
            "count": 1458,
            "max": [
                1,
                1,
                1
            ],
            "min": [
                0,
                0,
                0
            ],
            "type": "FLOAT_VEC3"
        },
        "attribute_20": {
            "bufferView": "bufferView_37",
            "byteOffset": 127548,
            "byteStride": 12,
            "count": 509,
            "max": [
                1,
                1,
                1
            ],
            "min": [
                0,
                0,
                0
            ],
            "type": "FLOAT_VEC3"
        },
        "attribute_21": {
            "bufferView": "bufferView_37",
            "byteOffset": 133656,
            "byteStride": 8,
            "count": 509,
            "max": [
                1,
                1,
                1
            ],
            "min": [
                0,
                0,
                0
            ],
            "type": "FLOAT_VEC2"
        },
        "attribute_22": {
            "bufferView": "bufferView_37",
            "byteOffset": 137728,
            "byteStride": 16,
            "count": 509,
            "max": [
                1,
                1,
                1
            ],
            "min": [
                0,
                0,
                0
            ],
            "type": "FLOAT_VEC4"
        },
        "attribute_23": {
            "bufferView": "bufferView_37",
            "byteOffset": 145872,
            "byteStride": 12,
            "count": 509,
            "max": [
                1,
                1,
                1
            ],
            "min": [
                0,
                0,
                0
            ],
            "type": "FLOAT_VEC3"
        },
        "attribute_25": {
            "bufferView": "bufferView_37",
            "byteOffset": 151980,
            "byteStride": 12,
            "count": 268,
            "max": [
                1,
                1,
                1
            ],
            "min": [
                0,
                0,
                0
            ],
            "type": "FLOAT_VEC3"
        },
        "attribute_26": {
            "bufferView": "bufferView_37",
            "byteOffset": 155196,
            "byteStride": 12,
            "count": 268,
            "max": [
                1,
                1,
                1
            ],
            "min": [
                0,
                0,
                0
            ],
            "type": "FLOAT_VEC3"
        },
        "attribute_27": {
            "bufferView": "bufferView_37",
            "byteOffset": 158412,
            "byteStride": 8,
            "count": 268,
            "max": [
                1,
                1,
                1
            ],
            "min": [
                0,
                0,
                0
            ],
            "type": "FLOAT_VEC2"
        },
        "attribute_28": {
            "bufferView": "bufferView_37",
            "byteOffset": 160556,
            "byteStride": 16,
            "count": 268,
            "max": [
                1,
                1,
                1
            ],
            "min": [
                0,
                0,
                0
            ],
            "type": "FLOAT_VEC4"
        },
        "attribute_29": {
            "bufferView": "bufferView_37",
            "byteOffset": 164844,
            "byteStride": 12,
            "count": 268,
            "max": [
                1,
                1,
                1
            ],
            "min": [
                0,
                0,
                0
            ],
            "type": "FLOAT_VEC3"
        },
        "attribute_3": {
            "bufferView": "bufferView_37",
            "byteOffset": 34992,
            "byteStride": 8,
            "count": 1458,
            "max": [
                1,
                1,
                1
            ],
            "min": [
                0,
                0,
                0
            ],
            "type": "FLOAT_VEC2"
        },
        "attribute_31": {
            "bufferView": "bufferView_37",
            "byteOffset": 168060,
            "byteStride": 12,
            "count": 359,
            "max": [
                1,
                1,
                1
            ],
            "min": [
                0,
                0,
                0
            ],
            "type": "FLOAT_VEC3"
        },
        "attribute_32": {
            "bufferView": "bufferView_37",
            "byteOffset": 172368,
            "byteStride": 12,
            "count": 359,
            "max": [
                1,
                1,
                1
            ],
            "min": [
                0,
                0,
                0
            ],
            "type": "FLOAT_VEC3"
        },
        "attribute_33": {
            "bufferView": "bufferView_37",
            "byteOffset": 176676,
            "byteStride": 8,
            "count": 359,
            "max": [
                1,
                1,
                1
            ],
            "min": [
                0,
                0,
                0
            ],
            "type": "FLOAT_VEC2"
        },
        "attribute_34": {
            "bufferView": "bufferView_37",
            "byteOffset": 179548,
            "byteStride": 16,
            "count": 359,
            "max": [
                1,
                1,
                1
            ],
            "min": [
                0,
                0,
                0
            ],
            "type": "FLOAT_VEC4"
        },
        "attribute_35": {
            "bufferView": "bufferView_37",
            "byteOffset": 185292,
            "byteStride": 12,
            "count": 359,
            "max": [
                1,
                1,
                1
            ],
            "min": [
                0,
                0,
                0
            ],
            "type": "FLOAT_VEC3"
        },
        "attribute_4": {
            "bufferView": "bufferView_37",
            "byteOffset": 46656,
            "byteStride": 16,
            "count": 1458,
            "max": [
                1,
                1,
                1
            ],
            "min": [
                0,
                0,
                0
            ],
            "type": "FLOAT_VEC4"
        },
        "attribute_5": {
            "bufferView": "bufferView_37",
            "byteOffset": 69984,
            "byteStride": 12,
            "count": 1458,
            "max": [
                1,
                1,
                1
            ],
            "min": [
                0,
                0,
                0
            ],
            "type": "FLOAT_VEC3"
        },
        "attribute_7": {
            "bufferView": "bufferView_37",
            "byteOffset": 87480,
            "byteStride": 12,
            "count": 272,
            "max": [
                1,
                1,
                1
            ],
            "min": [
                0,
                0,
                0
            ],
            "type": "FLOAT_VEC3"
        },
        "attribute_8": {
            "bufferView": "bufferView_37",
            "byteOffset": 90744,
            "byteStride": 12,
            "count": 272,
            "max": [
                1,
                1,
                1
            ],
            "min": [
                0,
                0,
                0
            ],
            "type": "FLOAT_VEC3"
        },
        "attribute_9": {
            "bufferView": "bufferView_37",
            "byteOffset": 94008,
            "byteStride": 8,
            "count": 272,
            "max": [
                1,
                1,
                1
            ],
            "min": [
                0,
                0,
                0
            ],
            "type": "FLOAT_VEC2"
        }
    },
    "bufferViews": {
        "bufferView_37": {
            "buffer": "sven.bin",
            "byteLength": 189600,
            "byteOffset": 0,
            "target": "ARRAY_BUFFER"
        },
        "bufferView_38": {
            "buffer": "sven.bin",
            "byteLength": 36492,
            "byteOffset": 189600,
            "target": "ELEMENT_ARRAY_BUFFER"
        }
    },
    "buffers": {
        "sven.bin": {
            "byteLength": 226092,
            "path": "sven.bin"
        }
    },
    "cameras": {},
    "images": {
        "image_0": {
            "path": "textures/sven_color.png"
        },
        "image_1": {
            "path": "textures/belt_color.png"
        },
        "image_2": {
            "path": "textures/gauntlet_color.png"
        },
        "image_3": {
            "path": "textures/helmet_color.png"
        },
        "image_4": {
            "path": "textures/shoulder_color.png"
        },
        "image_5": {
            "path": "textures/blade_color.png"
        }
    },
    "indices": {
        "indices_12": {
            "bufferView": "bufferView_38",
            "byteOffset": 17418,
            "count": 1266,
            "type": "UNSIGNED_SHORT"
        },
        "indices_18": {
            "bufferView": "bufferView_38",
            "byteOffset": 19950,
            "count": 1734,
            "type": "UNSIGNED_SHORT"
        },
        "indices_24": {
            "bufferView": "bufferView_38",
            "byteOffset": 23418,
            "count": 3006,
            "type": "UNSIGNED_SHORT"
        },
        "indices_30": {
            "bufferView": "bufferView_38",
            "byteOffset": 29430,
            "count": 1377,
            "type": "UNSIGNED_SHORT"
        },
        "indices_36": {
            "bufferView": "bufferView_38",
            "byteOffset": 32184,
            "count": 2154,
            "type": "UNSIGNED_SHORT"
        },
        "indices_6": {
            "bufferView": "bufferView_38",
            "byteOffset": 0,
            "count": 8709,
            "type": "UNSIGNED_SHORT"
        }
    },
    "lights": {},
    "materials": {
        "Material #35": {
            "instanceTechnique": {
                "technique": "technique_0",
                "values": [
                    {
                        "parameter": "ambient",
                        "value": [
                            0.5879999995231628,
                            0.5879999995231628,
                            0.5879999995231628
                        ]
                    },
                    {
                        "parameter": "emission",
                        "value": [
                            0,
                            0,
                            0
                        ]
                    },
                    {
                        "parameter": "diffuse",
                        "value": "Map #8"
                    },
                    {
                        "parameter": "shininess",
                        "value": 2
                    },
                    {
                        "parameter": "specular",
                        "value": [
                            0.8999999761581421,
                            0.8999999761581421,
                            0.8999999761581421
                        ]
                    }
                ]
            },
            "name": "Material #35"
        },
        "Material #47": {
            "instanceTechnique": {
                "technique": "technique_0",
                "values": [
                    {
                        "parameter": "ambient",
                        "value": [
                            0.5879999995231628,
                            0.5879999995231628,
                            0.5879999995231628
                        ]
                    },
                    {
                        "parameter": "emission",
                        "value": [
                            0,
                            0,
                            0
                        ]
                    },
                    {
                        "parameter": "diffuse",
                        "value": "Map #10"
                    },
                    {
                        "parameter": "shininess",
                        "value": 2
                    },
                    {
                        "parameter": "specular",
                        "value": [
                            0.8999999761581421,
                            0.8999999761581421,
                            0.8999999761581421
                        ]
                    }
                ]
            },
            "name": "Material #47"
        },
        "Material #58": {
            "instanceTechnique": {
                "technique": "technique_0",
                "values": [
                    {
                        "parameter": "ambient",
                        "value": [
                            0.5879999995231628,
                            0.5879999995231628,
                            0.5879999995231628
                        ]
                    },
                    {
                        "parameter": "emission",
                        "value": [
                            0,
                            0,
                            0
                        ]
                    },
                    {
                        "parameter": "diffuse",
                        "value": "Map #11"
                    },
                    {
                        "parameter": "shininess",
                        "value": 2
                    },
                    {
                        "parameter": "specular",
                        "value": [
                            0.8999999761581421,
                            0.8999999761581421,
                            0.8999999761581421
                        ]
                    }
                ]
            },
            "name": "Material #58"
        },
        "Material #69": {
            "instanceTechnique": {
                "technique": "technique_0",
                "values": [
                    {
                        "parameter": "ambient",
                        "value": [
                            0.5879999995231628,
                            0.5879999995231628,
                            0.5879999995231628
                        ]
                    },
                    {
                        "parameter": "emission",
                        "value": [
                            0,
                            0,
                            0
                        ]
                    },
                    {
                        "parameter": "diffuse",
                        "value": "Map #12"
                    },
                    {
                        "parameter": "shininess",
                        "value": 2
                    },
                    {
                        "parameter": "specular",
                        "value": [
                            0.8999999761581421,
                            0.8999999761581421,
                            0.8999999761581421
                        ]
                    }
                ]
            },
            "name": "Material #69"
        },
        "Material #80": {
            "instanceTechnique": {
                "technique": "technique_0",
                "values": [
                    {
                        "parameter": "ambient",
                        "value": [
                            0.5879999995231628,
                            0.5879999995231628,
                            0.5879999995231628
                        ]
                    },
                    {
                        "parameter": "emission",
                        "value": [
                            0,
                            0,
                            0
                        ]
                    },
                    {
                        "parameter": "diffuse",
                        "value": "Map #13"
                    },
                    {
                        "parameter": "shininess",
                        "value": 2
                    },
                    {
                        "parameter": "specular",
                        "value": [
                            0.8999999761581421,
                            0.8999999761581421,
                            0.8999999761581421
                        ]
                    }
                ]
            },
            "name": "Material #80"
        },
        "Material #91": {
            "instanceTechnique": {
                "technique": "technique_0",
                "values": [
                    {
                        "parameter": "ambient",
                        "value": [
                            0.5879999995231628,
                            0.5879999995231628,
                            0.5879999995231628
                        ]
                    },
                    {
                        "parameter": "emission",
                        "value": [
                            0,
                            0,
                            0
                        ]
                    },
                    {
                        "parameter": "diffuse",
                        "value": "Map #14"
                    },
                    {
                        "parameter": "shininess",
                        "value": 2
                    },
                    {
                        "parameter": "specular",
                        "value": [
                            0.8999999761581421,
                            0.8999999761581421,
                            0.8999999761581421
                        ]
                    }
                ]
            },
            "name": "Material #91"
        }
    },
    "meshes": {
        "sven_belt_model_LOD0-mesh": {
            "name": "sven_belt_model_LOD0-mesh",
            "primitives": [
                {
                    "indices": "indices_12",
                    "material": "Material #47",
                    "semantics": {
                        "JOINT": "attribute_10",
                        "NORMAL": "attribute_8",
                        "POSITION": "attribute_7",
                        "TEXCOORD_0": "attribute_9",
                        "WEIGHT": "attribute_11"
                    },
                    "skin": "skin_1"
                }
            ]
        },
        "sven_gauntlet_model_LOD0-mesh": {
            "name": "sven_gauntlet_model_LOD0-mesh",
            "primitives": [
                {
                    "indices": "indices_18",
                    "material": "Material #58",
                    "semantics": {
                        "JOINT": "attribute_16",
                        "NORMAL": "attribute_14",
                        "POSITION": "attribute_13",
                        "TEXCOORD_0": "attribute_15",
                        "WEIGHT": "attribute_17"
                    },
                    "skin": "skin_2"
                }
            ]
        },
        "sven_mask_model_LOD0-mesh": {
            "name": "sven_mask_model_LOD0-mesh",
            "primitives": [
                {
                    "indices": "indices_24",
                    "material": "Material #69",
                    "semantics": {
                        "JOINT": "attribute_22",
                        "NORMAL": "attribute_20",
                        "POSITION": "attribute_19",
                        "TEXCOORD_0": "attribute_21",
                        "WEIGHT": "attribute_23"
                    },
                    "skin": "skin_3"
                }
            ]
        },
        "sven_model_LOD0-mesh": {
            "name": "sven_model_LOD0-mesh",
            "primitives": [
                {
                    "indices": "indices_6",
                    "material": "Material #35",
                    "semantics": {
                        "JOINT": "attribute_4",
                        "NORMAL": "attribute_2",
                        "POSITION": "attribute_1",
                        "TEXCOORD_0": "attribute_3",
                        "WEIGHT": "attribute_5"
                    },
                    "skin": "skin_0"
                }
            ]
        },
        "sven_shoulder_model_LOD0-mesh": {
            "name": "sven_shoulder_model_LOD0-mesh",
            "primitives": [
                {
                    "indices": "indices_30",
                    "material": "Material #80",
                    "semantics": {
                        "JOINT": "attribute_28",
                        "NORMAL": "attribute_26",
                        "POSITION": "attribute_25",
                        "TEXCOORD_0": "attribute_27",
                        "WEIGHT": "attribute_29"
                    },
                    "skin": "skin_4"
                }
            ]
        },
        "sven_sword_model_LOD0-mesh": {
            "name": "sven_sword_model_LOD0-mesh",
            "primitives": [
                {
                    "indices": "indices_36",
                    "material": "Material #91",
                    "semantics": {
                        "JOINT": "attribute_34",
                        "NORMAL": "attribute_32",
                        "POSITION": "attribute_31",
                        "TEXCOORD_0": "attribute_33",
                        "WEIGHT": "attribute_35"
                    },
                    "skin": "skin_5"
                }
            ]
        }
    },
    "nodes": {
        "ankle_L": {
            "children": [
                "toeBase_L"
            ],
            "matrix": [
                0.45458853244781494,
                0.11992989480495453,
                0.8825904726982118,
                0,
                0.09344843329669003,
                0.9790032346765477,
                -0.18116255052192382,
                0,
                -0.8857856937495382,
                0.16483110753407712,
                0.433836363570914,
                0,
                40.56496429443361,
                0.00000762939453125,
                0.000007629394533026357,
                1
            ],
            "name": "ankle_L"
        },
        "ankle_R": {
            "children": [
                "toeBase_R"
            ],
            "matrix": [
                0.45614972710609425,
                -0.19386920332908647,
                0.8685289621353154,
                0,
                0.052100890760951424,
                0.9801250316096505,
                0.1914158988201532,
                0,
                -0.88837662554227,
                -0.04206317749162304,
                0.45718452453504344,
                0,
                -40.56495666503906,
                -0.000009536743167615214,
                0.000011920928953301768,
                1
            ],
            "name": "ankle_R"
        },
        "bicep_L": {
            "children": [
                "elbow_L"
            ],
            "matrix": [
                0.23181480169296262,
                -0.7603958845138548,
                0.6066795587539672,
                0,
                -0.8987287516458675,
                -0.40605971359940257,
                -0.1655363301766311,
                0,
                0.37222119515664126,
                -0.5068664861885497,
                -0.7775201353507635,
                0,
                18.726125717163086,
                0.00000762939453125,
                0.00002288818359375,
                1
            ],
            "name": "bicep_L"
        },
        "bicep_R": {
            "children": [
                "elbow_R"
            ],
            "matrix": [
                0.2318151593208314,
                -0.760395169258118,
                0.6066803932189943,
                0,
                -0.8987288326546016,
                -0.4060599301371834,
                -0.1655353344199811,
                0,
                0.37222070866382306,
                -0.5068673464383362,
                -0.77751958006254,
                0,
                -18.726127624511726,
                -0.000022888183579539145,
                -1.4210854715202004e-14,
                1
            ],
            "name": "bicep_R"
        },
        "clavicle_L": {
            "children": [
                "bicep_L"
            ],
            "matrix": [
                -0.3465164303779602,
                0.9294278025627138,
                -0.12684783339500424,
                0,
                -0.04431283252586876,
                0.1188559766490808,
                0.9919221351884454,
                0,
                0.9369966442191164,
                0.3493383082753086,
                2.9802322498717615e-8,
                0,
                6.470855712890625,
                5.83690071105957,
                7.936592102050781,
                1
            ],
            "name": "clavicle_L"
        },
        "clavicle_R": {
            "children": [
                "bicep_R"
            ],
            "matrix": [
                0.346516489982605,
                0.9294276833534241,
                0.12684799730777743,
                0,
                0.0443126596643163,
                0.1188562513596846,
                -0.991922303169558,
                0,
                -0.9369965730901011,
                0.3493383500462488,
                2.384185751047596e-7,
                0,
                6.470840454101577,
                -5.836903095245361,
                7.936576843261719,
                1
            ],
            "name": "clavicle_R"
        },
        "elbow_L": {
            "children": [
                "wrist_L"
            ],
            "matrix": [
                0.9304660558700562,
                -8.940696705206364e-8,
                -0.3663778007030489,
                0,
                -6.875005104101106e-8,
                0.9999998807907297,
                -4.186294720954012e-7,
                0,
                0.3663779429385755,
                4.1470921671726835e-7,
                0.9304664170963429,
                0,
                31.653572082519545,
                -0.00000762939453125,
                -0.000010013580322265625,
                1
            ],
            "name": "elbow_L"
        },
        "elbow_R": {
            "children": [
                "wrist_R",
                "forearm_helper"
            ],
            "matrix": [
                0.9304661750793456,
                5.960464466436832e-8,
                -0.36637780070304876,
                0,
                -2.4173229545843e-7,
                0.9999998211860583,
                -4.512257293191879e-7,
                0,
                0.36637777701747254,
                5.08415683317387e-7,
                0.9304661149266917,
                0,
                -31.6536102294922,
                0.00000762939453125,
                0.0000152587890625,
                1
            ],
            "name": "elbow_R"
        },
        "forearm_helper": {
            "children": [],
            "matrix": [
                0.9937930703163147,
                -0.10846450924873346,
                0.02471053600311285,
                0,
                0.09732619691012911,
                0.955321459254727,
                0.2790863461015912,
                0,
                -0.053877475504288314,
                -0.27494912808103183,
                0.959948402318524,
                0,
                -16.19546508789064,
                2.068450927734375,
                -0.25166130065917613,
                1
            ],
            "name": "forearm_helper"
        },
        "head": {
            "children": [],
            "matrix": [
                0.2515030205249789,
                -7.583047210156507e-15,
                -0.9678565859794617,
                0,
                5.749466493333459e-14,
                1.0000000000000002,
                7.105427357601002e-15,
                0,
                0.9678565859794617,
                -5.74336264950758e-14,
                0.2515030205249789,
                0,
                7.419387817382841,
                7.93341314420104e-7,
                0.000003814697265625,
                1
            ],
            "name": "head"
        },
        "index_0_L": {
            "children": [
                "index_1_L"
            ],
            "matrix": [
                0.9376553893089292,
                -0.17885851860046387,
                -0.29801368713378906,
                0,
                0.31233336611362805,
                0.8097689355019377,
                0.49671205778691785,
                0,
                0.1524809534149001,
                -0.5588240262998392,
                0.8151472087579755,
                0,
                11.945465087890625,
                -7.632123947143551,
                -3.690948486328132,
                1
            ],
            "name": "index_0_L"
        },
        "index_0_R": {
            "children": [
                "index_1_R"
            ],
            "matrix": [
                0.8713141083717345,
                -0.23834329843521102,
                -0.4289570450782776,
                0,
                0.49070072856682645,
                0.4143307648023434,
                0.7665138279810507,
                0,
                -0.004963331589825343,
                -0.8783635086266554,
                0.47796728689942836,
                0,
                -8.950500488281236,
                3.342857360839851,
                3.7688980102539062,
                1
            ],
            "name": "index_0_R"
        },
        "index_1_L": {
            "children": [
                "index_2_L"
            ],
            "matrix": [
                0.35723954439163236,
                0.13831600546836853,
                -0.9237146377563475,
                0,
                -0.031895225050804166,
                0.9902037738198426,
                0.13593678155197528,
                0,
                0.9334681335188846,
                -0.01909991135024683,
                0.35815163445195075,
                0,
                5.735794067382798,
                -0.0000057220458984375,
                -2.2189178466796804,
                1
            ],
            "name": "index_1_L"
        },
        "index_1_R": {
            "children": [
                "index_2_R"
            ],
            "matrix": [
                -0.05459600687026976,
                0.087040141224861,
                -0.9947074651718141,
                0,
                -0.05449265801719333,
                0.9944486518940548,
                0.0900084052528474,
                0,
                0.9970208348540719,
                0.059118412105297335,
                -0.04954992612058766,
                0,
                -6.809928894042976,
                -0.00000762939453125,
                3.526710510253899,
                1
            ],
            "name": "index_1_R"
        },
        "index_2_L": {
            "children": [],
            "matrix": [
                0.9948111772537233,
                0.01858545839786513,
                -0.10002863407134988,
                0,
                -0.011712993063145466,
                0.9975577602053949,
                0.0688588012562436,
                0,
                0.1010640874593296,
                -0.06732985373156875,
                0.9925990547587044,
                0,
                4.297321319580078,
                -0.2269744873046946,
                0.3008842468261719,
                1
            ],
            "name": "index_2_L"
        },
        "index_2_R": {
            "children": [],
            "matrix": [
                0.9322011470794678,
                3.7252902990170256e-7,
                -0.3619402945041657,
                0,
                -3.070536001154034e-7,
                0.9999999403953304,
                2.3841857549333767e-7,
                0,
                0.36194024257046814,
                -1.1111898962079536e-7,
                0.9322010133206837,
                0,
                -4.163215637207031,
                0.000003814697265625,
                -0.000007629394538355427,
                1
            ],
            "name": "index_2_R"
        },
        "knee_L": {
            "children": [
                "ankle_L"
            ],
            "matrix": [
                0.978690266609192,
                -9.275972843170166e-7,
                -0.2053417414426803,
                0,
                8.527795196042187e-7,
                0.9999998807907138,
                -4.5285560400535815e-7,
                0,
                0.205341779891689,
                2.680942223463878e-7,
                0.9786904498618594,
                0,
                46.5390167236328,
                -0.000007629394527697286,
                0.0000035762786869675267,
                1
            ],
            "name": "knee_L"
        },
        "knee_R": {
            "children": [
                "ankle_R"
            ],
            "matrix": [
                0.9786903858184814,
                -4.6193599700927734e-7,
                -0.20534197986125952,
                0,
                4.856235764766348e-7,
                1.0000003576278866,
                6.495974790889092e-8,
                0,
                0.20534202463369908,
                -1.632943646238949e-7,
                0.9786905992109483,
                0,
                -46.5390396118164,
                0.0000057220458984375,
                0.0000019073486328125,
                1
            ],
            "name": "knee_R"
        },
        "neck1": {
            "children": [
                "head"
            ],
            "matrix": [
                -0.3433990478515625,
                -1.637454118142823e-7,
                0.9391895532608032,
                0,
                -2.8996638738213462e-8,
                0.9999999999999999,
                1.6374542619936778e-7,
                0,
                -0.939189553260805,
                2.8996683264302847e-8,
                -0.3433990478515582,
                0,
                -0.03485107421875,
                -0.0000019448889361228802,
                13.183670043945312,
                1
            ],
            "name": "neck1"
        },
        "root": {
            "children": [
                "spine1",
                "side_flap0_0_L",
                "side_flap1_0_R",
                "thigh_R",
                "thigh_L"
            ],
            "matrix": [
                -1.629206851037603e-7,
                -1.0000000000000002,
                0,
                0,
                1.0000000000000002,
                -1.629206851037603e-7,
                0,
                0,
                0,
                0,
                1,
                0,
                -1.51458096823813e-14,
                -0.000004426487066666596,
                101.26622009277344,
                1
            ],
            "name": "root"
        },
        "side_flap0_0_L": {
            "children": [],
            "matrix": [
                0.9999999999999999,
                1.2549695327379593e-7,
                -4.031402909276949e-7,
                0,
                -1.1083079514258115e-7,
                0.9993453621864322,
                0.03617599979043014,
                0,
                4.0741635780440824e-7,
                -0.03617599979038502,
                0.9993453621864337,
                0,
                6.096688747406006,
                20.13753890991211,
                0.7389602661132812,
                1
            ],
            "name": "side_flap0_0_L"
        },
        "side_flap1_0_R": {
            "children": [],
            "matrix": [
                1,
                1.623233600867024e-7,
