{
    "accessors": [
        {
            "bufferView": 0,
            "byteOffset": 0,
            "componentType": 5126,
            "count": 3294,
            "max": [
                141.02601623535156,
                153.44020080566406,
                242.83486938476562
            ],
            "min": [
                -141.02601623535156,
                -128.40452575683594,
                180.80715942382812
            ],
            "type": "VEC3"
        },
        {
            "bufferView": 0,
            "byteOffset": 39528,
            "componentType": 5126,
            "count": 3294,
            "max": [
                0.9999769926071167,
                0.9986426830291748,
                0.9999985694885254
            ],
            "min": [
                -0.9999769926071167,
                -0.9995196461677551,
                -0.9999852180480957
            ],
            "type": "VEC3"
        },
        {
            "bufferView": 0,
            "byteOffset": 79056,
            "componentType": 5126,
            "count": 3294,
            "max": [
                0.9996435642242432,
                0.9968934059143066
            ],
            "min": [
                0.002508273348212242,
                0.004792690277099609
            ],
            "type": "VEC2"
        },
        {
            "bufferView": 0,
            "byteOffset": 105408,
            "componentType": 5123,
            "count": 3294,
            "max": [
                35,
                35,
                35,
                0
            ],
            "min": [
                0,
                0,
                0,
                0
            ],
            "type": "VEC4"
        },
        {
            "bufferView": 0,
            "byteOffset": 131760,
            "componentType": 5126,
            "count": 3294,
            "max": [
                1,
                0.9998727440834045,
                0.9997161030769348,
                0
            ],
            "min": [
                0.00010785418271552771,
                0,
                0,
                0
            ],
            "type": "VEC4"
        },
        {
            "bufferView": 2,
            "byteOffset": 0,
            "componentType": 5123,
            "count": 15960,
            "max": [
                3293
            ],
            "min": [
                0
            ],
            "type": "SCALAR"
        },
        {
            "bufferView": 1,
            "byteOffset": 0,
            "componentType": 5126,
            "count": 36,
            "max": [
                0.7973751628310918,
                0.9999999999999732,
                0.9873507861531362,
                0,
                0.9996296857210717,
                0.40815246109941855,
                0.9963071273702816,
                0,
                0.5937541012563915,
                0.9996995489266024,
                1,
                0,
                105.17703377445686,
                209.68276007806392,
                200.30939139749148,
                1
            ],
            "min": [
                -0.9966074140015417,
                -0.9505798357957356,
                -0.8173384371610796,
                0,
                -0.9999999999999768,
                -0.4150952798228821,
                -0.9963552892297789,
                0,
                -0.6074450132450734,
                -0.9997476292585723,
                -0.9996296857210774,
                0,
                -146.72350337280002,
                -210.7827080373082,
                -212.75290745868213,
                1
            ],
            "type": "MAT4"
        }
    ],
    "asset": {
        "generator": "ClayGL - fbx2gltf",
        "version": "2.0"
    },
    "bufferViews": [
        {
            "buffer": 0,
            "byteLength": 184464,
            "byteOffset": 0,
            "target": 34962
        },
        {
            "buffer": 0,
            "byteLength": 2304,
            "byteOffset": 184464,
            "target": 34962
        },
        {
            "buffer": 0,
            "byteLength": 31920,
            "byteOffset": 186768,
            "target": 34963
        }
    ],
    "buffers": [
        {
            "byteLength": 218688,
            "uri": "viper.bin"
        }
    ],
    "images": [
        {
            "uri": "textures/viper_color.png"
        }
    ],
    "materials": [
        {
            "emissiveFactor": [
                0,
                0,
                0
            ],
            "name": "Material #35",
            "pbrMetallicRoughness": {
                "baseColorFactor": [
                    1,
                    1,
                    1,
                    1
                ],
                "baseColorTexture": {
                    "index": 0,
                    "texCoord": 0
                },
                "metallicFactor": 0,
                "roughnessFactor": 0.9230769230769231
            }
        }
    ],
    "meshes": [
        {
            "name": "viper_model_LOD0",
            "primitives": [
                {
                    "attributes": {
                        "JOINTS_0": 3,
                        "NORMAL": 1,
                        "POSITION": 0,
                        "TEXCOORD_0": 2,
                        "WEIGHTS_0": 4
                    },
                    "indices": 5,
                    "material": 0
                }
            ]
        }
    ],
    "nodes": [
        {
            "children": [
                1,
                30
            ],
            "matrix": [
                1.6292068478213574e-7,
                1.469367938527879e-39,
                1.0000000000000002,
                0,
                1.0000000000000002,
                6.123233995736847e-17,
                -1.6292068478213574e-7,
                0,
                -6.123233995736685e-17,
                1,
                9.976014756666736e-24,
                0,
                -2.4868995751603507e-14,
                202.0482940673828,
                25.083019256591797,
                1
            ],
            "name": "root"
        },
        {
            "children": [
                2,
                11,
                21
            ],
            "matrix": [
                0.995491921901703,
                2.6469779601696886e-23,
                0.09484651684761047,
                0,
                -6.566221004622713e-8,
                1.0000000000000002,
                6.891787052154543e-7,
                0,
                -0.09484651684761049,
                -6.922996657000605e-7,
                0.9954919219017029,
                0,
                6.516963958740234,
                0.0000019073486328125004,
                0.111572265625,
                1
            ],
            "name": "spine1"
        },
        {
            "children": [
                3,
                10
            ],
            "matrix": [
                0.4639632701873778,
                0.7973751425743103,
                -0.38591605424880976,
                0,
                0.49869573057757816,
                0.12495122430404601,
                0.8577241051187778,
                0,
                0.7321481064077768,
                -0.5904068002878976,
                -0.33967458830163555,
                0,
                6.33812332153321,
                -10.634310722351074,
                4.736175537109403,
                1
            ],
            "name": "Arm1_0_R"
        },
        {
            "children": [
                4,
                5
            ],
            "matrix": [
                0.9927525520324709,
                0.05733141303062447,
                0.1056179702281953,
                0,
                -0.05719104492071228,
                0.9983532394120529,
                -0.004359543359512219,
                0,
                -0.1056940391416567,
                -0.0017124552178392483,
                0.9943971119968817,
                0,
                -54.949813842773416,
                0,
                3.552713678800501e-15,
                1
            ],
            "name": "Arm1_1_R"
        },
        {
            "matrix": [
                1.0000002384185793,
                -2.980232247096204e-8,
                4.395842551629947e-7,
                0,
                2.9802203926898585e-8,
                0.9999999999999998,
                2.5331974040643246e-7,
                0,
                -4.395842103099845e-7,
                -2.5331975739284474e-7,
                1.0000001192093153,
                0,
                9.902664184570327,
                3.2373962402344034,
                39.21518325805664,
                1
            ],
            "name": "inner_arm3_0_A_R"
        },
        {
            "children": [
                6
            ],
            "matrix": [
                0.05769679695367763,
                -0.00392764806747431,
                -0.9983266592025759,
                0,
                0.04133035471576729,
                0.9991444309526973,
                -0.0015422393012420876,
                0,
                0.9974783639910161,
                -0.04117220379673711,
                0.05780975197602278,
                0,
                -21.587532043457017,
                -0.0000152587890625,
                -0.000030517578125,
                1
            ],
            "name": "Arm1_2_R"
        },
        {
            "children": [
                7,
                8
            ],
            "matrix": [
                0.7732765078544617,
                0.0042716264724732556,
                -0.6340545415878298,
                0,
                -0.003924456205054383,
                0.9999902244993452,
                0.001950770548249714,
                0,
                0.6340567798416509,
                0.0009798344028306288,
                0.7732858387168469,
                0,
                -52.90621566772461,
                0.00003051757815342171,
                0,
                1
            ],
            "name": "Arm1_3_R"
        },
        {
            "matrix": [
                1.0000001192092898,
                0,
                4.5821070666918207e-7,
                0,
                1.3655743202889425e-14,
                1.0000002384185795,
                -2.980232242585923e-8,
                0,
                -4.582106520809037e-7,
                2.980231532043187e-8,
                1.000000000000027,
                0,
                -26.56220245361328,
                2.842170943040401e-14,
                0,
                1
            ],
            "name": "Arm1_4_R"
        },
        {
            "children": [
                9
            ],
            "matrix": [
                0.9471662044525145,
                0.26802948117256176,
                0.17617067694664,
                0,
                0.190959871633054,
                -0.029930829978932816,
                -0.9811416688797503,
                0,
                -0.25770198284009116,
                0.9629458536371523,
                -0.07953235364670155,
                0,
                -9.243007659912102,
                -14.008453369140597,
                -19.090240478515625,
                1
            ],
            "name": "outer_arm5_0_B_R"
        },
        {
            "matrix": [
                1.00000011920929,
                6.70552254278256e-8,
                5.662441254217221e-7,
                0,
                -6.705525237848953e-8,
                0.99999964237213,
                1.0430812841244474e-7,
                0,
                -5.662440508147348e-7,
                -1.0430820360229909e-7,
                0.9999999999999285,
                0,
                -22.733360290527308,
                0.00003051757809657829,
                -0.000030517578125,
                1
            ],
            "name": "outer_arm5_1_B_R"
        },
        {
            "matrix": [
                1,
                8.940696716308594e-8,
                5.140900612987664e-7,
                0,
                -8.940690920944405e-8,
                0.9999995231628396,
                -2.9802322443206464e-8,
                0,
                -5.140900637967682e-7,
                2.980229074633911e-8,
                0.9999999999999594,
                0,
                -41.670120239257805,
                -19.50213623046872,
                -22.382656097412113,
                1
            ],
            "name": "arm_flap7_0_C_R"
        },
        {
            "children": [
                12
            ],
            "matrix": [
                0.9715730547904969,
                -7.105427410540561e-15,
                -0.2367396354675294,
                0,
                -1.1288624077164423e-7,
                1.0000000000000002,
                -4.632821060113201e-7,
                0,
                0.23673963546752932,
                4.768370584567719e-7,
                0.971573054790497,
                0,
                20.58478164672851,
                0.000003814711817540228,
                -0.00001525878909092171,
                1
            ],
            "name": "spine2"
        },
        {
            "children": [
                13
            ],
            "matrix": [
                0.9938657879829407,
                -3.552713678800501e-15,
                -0.11059507727622994,
                0,
                3.574641297162106e-15,
                0.9999999999999999,
                -1.3234889800848443e-23,
                0,
                0.1105950772762298,
                -3.9533775211480853e-16,
                0.9938657879829407,
                0,
                18.996150970458977,
                0.000007629394531250007,
                -0.000030517578125,
                1
            ],
            "name": "neck1"
        },
        {
            "children": [
                14
            ],
            "matrix": [
                0.9677032232284548,
                -3.150169688007808e-15,
                0.25209185481071467,
                0,
                3.2553054820638207e-15,
                1,
                2.6469779601696886e-23,
                0,
                -0.25209185481071467,
                8.20636049535677e-16,
                0.9677032232284545,
                0,
                20.677787780761726,
                -6.776263578034403e-21,
                0.0000152587890625,
                1
            ],
            "name": "head"
        },
        {
            "children": [
                15,
                18
            ],
            "matrix": [
                1.0000001192092893,
                6.299807545203859e-21,
                -1.4901159772762187e-7,
                0,
                -6.3527471044072525e-21,
                0.9999999999999998,
                -1.1910310299448221e-23,
                0,
                1.4901159772762185e-7,
                -2.057862769544175e-23,
                1.0000001192092893,
                0,
                14.725692749023438,
                1.3552527156068805e-20,
                -2.398086547851534,
                1
            ],
            "name": "jaw1_0"
        },
        {
            "children": [
                16
            ],
            "matrix": [
                0.08228395879268638,
                -0.9966070055961612,
                0.0018496499396860606,
                0,
                -0.024513589870484173,
                -0.00016855315823558666,
                0.9996994138061793,
                0,
                -0.9963075545002417,
                -0.08230460220297146,
                -0.024444295094145602,
                0,
                -0.4920806884765625,
                14.50787353515625,
                -4.980133056640625,
                1
            ],
            "name": "Wiskers4_0_R"
        },
        {
            "children": [
                17
            ],
            "matrix": [
                0.7671662569046015,
                3.725290301931361e-9,
                -0.6414483189582822,
                0,
                1.3832988453917755e-8,
                0.9999999403953546,
                2.2351749357635287e-8,
                0,
                0.6414481872133138,
                -2.6020651282959717e-8,
                0.7671660993388377,
                0,
                -14.05911254882812,
                -0.00003051757809657829,
                -0.00002288818359375,
                1
            ],
            "name": "Wiskers4_1_R"
        },
        {
            "matrix": [
                1.0000001192092896,
                6.938893903907228e-18,
                -1.9447179527842806e-7,
                0,
                6.890321646579878e-15,
                1.0000000000000002,
                3.539025783885763e-8,
                0,
                1.9447181842657812e-7,
                -3.539026627655262e-8,
                1.0000002384185738,
                0,
                -7.579425811767585,
                0.000030517578125,
                0,
                1
            ],
            "name": "Wiskers4_2_R"
        },
        {
            "children": [
                19
            ],
            "matrix": [
                -0.08228415250778205,
                -0.996607303619385,
                -0.001849323743954301,
                0,
                0.022470243794418462,
                -8.82291495314597e-8,
                -0.9997476339642153,
                0,
                0.9963557128074401,
                -0.08230493486204053,
                0.02239401452310968,
                0,
                -0.4920806884765625,
                -14.507888793945312,
                -4.98016357421875,
                1
            ],
            "name": "Wiskers4_0_L"
        },
        {
            "children": [
                20
            ],
            "matrix": [
                0.6414741873741148,
                -1.86264514576151e-9,
                -0.7671443819999693,
                0,
                2.9036939317838434e-9,
                0.999999761581421,
                -3.469446951953614e-18,
                0,
                0.7671442882586896,
                -2.2275527429560515e-9,
                0.6414741089891165,
                0,
                14.059106826782227,
                -0.00006103515627842171,
                0.00005340576171875,
                1
            ],
            "name": "Wiskers4_1_L"
        },
        {
            "matrix": [
                0.9999998211860657,
                -1.30385160446167e-8,
                -1.5602563513406054e-7,
                0,
                1.3038516280539092e-8,
                0.9999997615814208,
                6.51925802230835e-9,
                0,
                1.5602566266759155e-7,
                -6.519261614920668e-9,
                1.0000000000000144,
                0,
                7.686653137207017,
                0.00004577636721592171,
                1.4210854715202004e-14,
                1
            ],
            "name": "Wiskers4_2_L"
        },
        {
            "children": [
                22,
                23
            ],
            "matrix": [
                -0.4639638960361481,
                0.7973751425743105,
                0.38591480255126964,
                0,
                -0.49201250852769973,
                0.1303169632541947,
                -0.8607794915188901,
                0,
                -0.7366554161375383,
                -0.5892455175696485,
                0.3318561786938847,
                0,
                6.3381385803222585,
                10.634320259094238,
                4.7361297607421875,
                1
            ],
            "name": "Arm0_0_L"
        },
        {
            "matrix": [
                0.9999999403953554,
                2.9802322387695312e-8,
                1.4901161193847656e-8,
                0,
                -2.9802322165650708e-8,
                0.9999999403953549,
                -1.490116130486996e-8,
                0,
                -1.4901160860780749e-8,
                1.4901159806068875e-8,
                0.9999998807907104,
                0,
                41.93000030517579,
                18.607513427734375,
                22.7581901550293,
                1
            ],
            "name": "arm_flap6_0_C_L"
        },
        {
            "children": [
                24,
                29
            ],
            "matrix": [
                0.9927526712417603,
                0.05636742711067197,
                0.10613527148962015,
                0,
                -0.05622808574842042,
                0.9984085535009813,
                -0.004307135923495742,
                0,
                -0.10620916556195148,
                -0.001691862779487019,
                0.9943423830051713,
                0,
                54.949836730957024,
                -0.00006103515625,
                0.000034332275387072286,
                1
            ],
            "name": "Arm0_1_L"
        },
        {
            "children": [
                25
            ],
            "matrix": [
                0.05769637972116404,
                0.005140796303749029,
                -0.9983208179473878,
                0,
                0.04011951486525442,
                0.9991674949484732,
                0.007463800408441967,
                0,
                0.9975282975255595,
                -0.0404827899578763,
                0.057442113425588526,
                0,
                21.58749389648436,
                0.00001525878909092171,
                -0.000022888183589309108,
                1
            ],
            "name": "Arm0_2_L"
        },
        {
            "children": [
                26,
                27
            ],
            "matrix": [
                0.8105844855308533,
                -0.023058056831359863,
                -0.5851681232452395,
                0,
                0.02125672128781647,
                0.9997243898544514,
                -0.009948138110324578,
                0,
                0.585236014597055,
                -0.004374947682127102,
                0.8108509208723882,
                0,
                52.90622329711914,
                -0.00001525878903407829,
                -2.842170943040401e-14,
                1
            ],
            "name": "Arm0_3_L"
        },
        {
            "matrix": [
                1.0000001192092893,
                1.1920928955078125e-7,
                3.725290298461914e-7,
                0,
                -1.192095376301161e-7,
                1.0000004768371549,
                5.513429641723633e-7,
                0,
                -3.7252905289719696e-7,
                -5.513429428283256e-7,
                1.000000357627809,
                0,
                23.26959228515623,
                0.0000152587890625,
                0.00003051757815342171,
                1
            ],
            "name": "Arm0_4_L"
        },
        {
            "children": [
                28
            ],
            "matrix": [
                0.9223852753639222,
                0.3350549936294553,
                0.1922073513269425,
                0,
                -0.20078250206992884,
                -0.009210752889823343,
                0.979592772654051,
                0,
                0.32998781700578556,
                -0.9421538005316414,
                0.05877731575551809,
                0,
                6.480674743652337,
                11.943222045898466,
                16.429824829101562,
                1
            ],
            "name": "outer_arm4_0_B_L"
        },
        {
            "matrix": [
                0.9999997019767758,
                1.0430812838468917e-7,
                1.4901161193847656e-7,
                0,
                -1.0430812705242154e-7,
                0.9999998807907078,
                -1.341104507446289e-7,
                0,
                -1.4901162598279782e-7,
                1.341104112484448e-7,
                0.9999997019767592,
                0,
                28.272529602050767,
                0.0000152587890625,
                0,
                1
            ],
            "name": "outer_arm4_1_B_L"
        },
        {
            "matrix": [
                1.0000001192092898,
                2.9802322387695312e-8,
                2.2351741790771484e-8,
                0,
                -2.9802327744521406e-8,
                1.0000002384185804,
                7.450580591372713e-8,
                0,
                -2.2351736905790176e-8,
                -7.45057888718037e-8,
                0.9999999999999976,
                0,
                -10.0501708984375,
                -2.064285278320284,
                -38.71413421630858,
                1
            ],
            "name": "inner_arm2_0_A_L"
        },
        {
            "children": [
                31
            ],
            "matrix": [
                -0.9963531494140627,
                -5.622021601276299e-7,
                -0.08532539010047911,
                0,
                -5.513761557792214e-7,
                1.0000000000000002,
                -1.5044514639859575e-7,
                0,
                0.08532539010053673,
                -1.0285010984430345e-7,
                -0.9963531494140577,
                0,
                -19.34366416931152,
                -0.0000033378598800481996,
                -0.51422119140625,
                1
            ],
            "name": "Tail0_0"
        },
        {
            "children": [
                32
            ],
            "matrix": [
                0.9986033439636233,
                2.4412011612184875e-7,
                0.05283327400684357,
                0,
                -2.444615455659314e-7,
                1,
                1.4210854728436894e-14,
                0,
                -0.0528332740068404,
                -1.291571801202762e-8,
                0.9986033439636233,
                0,
                20.601970672607422,
                0.0000057220440794480965,
                2.842170943040401e-14,
                1
            ],
            "name": "Tail0_1"
        },
        {
            "children": [
                33
            ],
            "matrix": [
                0.9938379526138308,
                -1.5543121285961007e-15,
                -0.1108423173427582,
                0,
                1.563949351832605e-15,
                1,
                0,
                0,
                0.11084231734275825,
                -1.7335174962745415e-16,
                0.9938379526138307,
                0,
                26.602046966552738,
                0.0000038146972656250136,
                -0.0000152587890625,
                1
            ],
            "name": "Tail0_2"
        },
        {
            "children": [
                34
            ],
            "matrix": [
                0.9807201027870182,
                -8.881784249940812e-15,
                -0.19541728496551522,
                0,
                -5.901436669533872e-8,
                0.9999999999999999,
                -2.9616921892738896e-7,
                0,
                0.19541728496551522,
                3.0199153414238224e-7,
                0.9807201027870179,
                0,
                33.01897811889649,
                -0.00000762939453125,
                -2.842170943040401e-14,
                1
            ],
            "name": "Tail0_3"
        },
        {
            "children": [
                35
            ],
            "matrix": [
                0.9991449713706971,
                -1.0658140983461944e-14,
                0.041339531540870555,
                0,
                -1.0938033833731965e-9,
                0.9999999999999996,
                2.643665197865626e-8,
                0,
                -0.04133953154087061,
                -2.6459265203818104e-8,
                0.999144971370697,
                0,
                25.369720458984375,
                0.00000762939453125,
                0.00001525878903407829,
                1
            ],
            "name": "Tail0_4"
        },
        {
            "matrix": [
                1.0000001192092893,
                -1.2434497928741312e-14,
                -2.7755575615628914e-17,
                0,
                1.2434496499373214e-14,
                0.9999999999999997,
                -1.4210854735054338e-14,
                0,
                -2.7755575615628914e-17,
                1.4210856429120233e-14,
                1.0000001192092893,
                0,
                22.89971923828125,
                0,
                -0.00006103515627842171,
                1
            ],
            "name": "Tail0_5"
        },
        {
            "matrix": [
                1,
                0,
                0,
                0,
                0,
                6.123233995736766e-17,
                -1,
                0,
                0,
                1,
                6.123233995736766e-17,
                0,
                0,
                0,
                0,
                1
            ],
            "mesh": 0,
            "name": "viper_model_LOD0",
            "skin": 0
        }
    ],
    "samplers": [
        {
            "magFilter": 9729,
            "minFilter": 9987,
            "wrapS": 10497,
            "wrapT": 10497
        }
    ],
    "scene": 0,
    "scenes": [
        {
            "nodes": [
                0,
                36
            ]
        }
    ],
    "skins": [
        {
            "inverseBindMatrices": 6,
            "joints": [
                13,
                14,
                15,
                12,
                11,
                17,
                21,
                18,
                19,
                20,
                1,
                16,
                4,
                2,
                9,
                8,
                7,
                6,
                5,
                3,
                10,
                0,
                30,
                31,
                32,
                33,
                35,
                34,
                22,
                23,
                24,
                29,
                28,
                27,
                25,
                26
            ]
        }
    ],
    "textures": [
        {
            "format": 6408,
            "internalFormat": 6408,
            "sampler": 0,
            "source": 0,
            "target": 3553
        }
    ]
}