{
    "animations": {},
    "asset": {},
    "attributes": {
        "attribute_1": {
            "bufferView": "bufferView_7",
            "byteOffset": 0,
            "byteStride": 12,
            "count": 2762,
            "max": [
                1,
                1,
                1
            ],
            "min": [
                0,
                0,
                0
            ],
            "type": "FLOAT_VEC3"
        },
        "attribute_2": {
            "bufferView": "bufferView_7",
            "byteOffset": 33144,
            "byteStride": 12,
            "count": 2762,
            "max": [
                1,
                1,
                1
            ],
            "min": [
                0,
                0,
                0
            ],
            "type": "FLOAT_VEC3"
        },
        "attribute_3": {
            "bufferView": "bufferView_7",
            "byteOffset": 66288,
            "byteStride": 8,
            "count": 2762,
            "max": [
                1,
                1,
                1
            ],
            "min": [
                0,
                0,
                0
            ],
            "type": "FLOAT_VEC2"
        },
        "attribute_4": {
            "bufferView": "bufferView_7",
            "byteOffset": 88384,
            "byteStride": 16,
            "count": 2762,
            "max": [
                1,
                1,
                1
            ],
            "min": [
                0,
                0,
                0
            ],
            "type": "FLOAT_VEC4"
        },
        "attribute_5": {
            "bufferView": "bufferView_7",
            "byteOffset": 132576,
            "byteStride": 12,
            "count": 2762,
            "max": [
                1,
                1,
                1
            ],
            "min": [
                0,
                0,
                0
            ],
            "type": "FLOAT_VEC3"
        }
    },
    "bufferViews": {
        "bufferView_7": {
            "buffer": "viper.bin",
            "byteLength": 165720,
            "byteOffset": 0,
            "target": "ARRAY_BUFFER"
        },
        "bufferView_8": {
            "buffer": "viper.bin",
            "byteLength": 31920,
            "byteOffset": 165720,
            "target": "ELEMENT_ARRAY_BUFFER"
        }
    },
    "buffers": {
        "viper.bin": {
            "byteLength": 197640,
            "path": "viper.bin"
        }
    },
    "cameras": {},
    "images": {
        "image_0": {
            "path": "textures/viper_color.png"
        }
    },
    "indices": {
        "indices_6": {
            "bufferView": "bufferView_8",
            "byteOffset": 0,
            "count": 15960,
            "type": "UNSIGNED_SHORT"
        }
    },
    "lights": {},
    "materials": {
        "Material #35": {
            "instanceTechnique": {
                "technique": "technique_0",
                "values": [
                    {
                        "parameter": "ambient",
                        "value": [
                            0.5879999995231628,
                            0.5879999995231628,
                            0.5879999995231628
                        ]
                    },
                    {
                        "parameter": "emission",
                        "value": [
                            0,
                            0,
                            0
                        ]
                    },
                    {
                        "parameter": "diffuse",
                        "value": "Map #2"
                    },
                    {
                        "parameter": "shininess",
                        "value": 2
                    },
                    {
                        "parameter": "specular",
                        "value": [
                            0.8999999761581421,
                            0.8999999761581421,
                            0.8999999761581421
                        ]
                    }
                ]
            },
            "name": "Material #35"
        }
    },
    "meshes": {
        "viper_model_LOD0-mesh": {
            "name": "viper_model_LOD0-mesh",
            "primitives": [
                {
                    "indices": "indices_6",
                    "material": "Material #35",
                    "semantics": {
                        "JOINT": "attribute_4",
                        "NORMAL": "attribute_2",
                        "POSITION": "attribute_1",
                        "TEXCOORD_0": "attribute_3",
                        "WEIGHT": "attribute_5"
                    },
                    "skin": "skin_0"
                }
            ]
        }
    },
    "nodes": {
        "Arm0_0_L": {
            "children": [
                "arm_flap6_0_C_L",
                "Arm0_1_L"
            ],
            "matrix": [
                -0.4639638960361482,
                0.7973751425743106,
                0.38591480255126964,
                0,
                -0.4920125085276998,
                0.13031696325419467,
                -0.8607794915188902,
                0,
                -0.7366554161375386,
                -0.5892455175696486,
                0.3318561786938848,
                0,
                6.338138580322266,
                10.634320259094238,
                4.736129760742216,
                1
            ],
            "name": "Arm0_0_L"
        },
        "Arm0_1_L": {
            "children": [
                "Arm0_2_L",
                "inner_arm2_0_A_L"
            ],
            "matrix": [
                0.9927526712417599,
                0.056367427110671886,
                0.10613527148962022,
                0,
                -0.05622808574842042,
                0.9984085535009813,
                -0.004307135923495714,
                0,
                -0.1062091655619515,
                -0.0016918627794869356,
                0.9943423830051712,
                0,
                54.94983673095702,
                -0.00006103515625,
                0.00003433227539773043,
                1
            ],
            "name": "Arm0_1_L"
        },
        "Arm0_2_L": {
            "children": [
                "Arm0_3_L"
            ],
            "matrix": [
                0.05769637972116405,
                0.0051407963037490845,
                -0.9983208179473881,
                0,
                0.04011951486525461,
                0.9991674949484732,
                0.007463800408442106,
                0,
                0.9975282975255594,
                -0.040482789957876186,
                0.05744211342558875,
                0,
                21.587493896484375,
                0.00001525878903407829,
                -0.000022888183586644573,
                1
            ],
            "name": "Arm0_2_L"
        },
        "Arm0_3_L": {
            "children": [
                "Arm0_4_L",
                "outer_arm4_0_B_L"
            ],
            "matrix": [
                0.8105844855308532,
                -0.023058056831359808,
                -0.5851681232452393,
                0,
                0.021256721287816444,
                0.9997243898544514,
                -0.009948138110324578,
                0,
                0.585236014597055,
                -0.004374947682127178,
                0.8108509208723876,
                0,
                52.90622329711914,
                -0.0000152587890625,
                0,
                1
            ],
            "name": "Arm0_3_L"
        },
        "Arm0_4_L": {
            "children": [],
            "matrix": [
                1.000000119209289,
                1.192092894952701e-7,
                3.725290298600692e-7,
                0,
                -1.192095375190938e-7,
                1.000000476837155,
                5.513429641723633e-7,
                0,
                -3.725290529388303e-7,
                -5.513429428560812e-7,
                1.0000003576278091,
                0,
                23.269592285156236,
                0.0000152587890625,
                0.000030517578125,
                1
            ],
            "name": "Arm0_4_L"
        },
        "Arm1_0_R": {
            "children": [
                "Arm1_1_R",
                "arm_flap7_0_C_R"
            ],
            "matrix": [
                0.4639632701873781,
                0.7973751425743105,
                -0.3859160542488099,
                0,
                0.49869573057757843,
                0.12495122430404605,
                0.8577241051187782,
                0,
                0.732148106407777,
                -0.5904068002878976,
                -0.3396745883016356,
                0,
                6.33812332153321,
                -10.634310722351074,
                4.736175537109403,
                1
            ],
            "name": "Arm1_0_R"
        },
        "Arm1_1_R": {
            "children": [
                "inner_arm3_0_A_R",
                "Arm1_2_R"
            ],
            "matrix": [
                0.9927525520324707,
                0.05733141303062439,
                0.10561797022819525,
                0,
                -0.05719104492071231,
                0.9983532394120527,
                -0.004359543359512191,
                0,
                -0.10569403914165683,
                -0.0017124552178391927,
                0.9943971119968817,
                0,
                -54.94981384277344,
                0,
                0,
                1
            ],
            "name": "Arm1_1_R"
        },
        "Arm1_2_R": {
            "children": [
                "Arm1_3_R"
            ],
            "matrix": [
                0.057696796953677854,
                -0.00392764806747431,
                -0.9983266592025756,
                0,
                0.04133035471576724,
                0.9991444309526969,
                -0.0015422393012420876,
                0,
                0.9974783639910156,
                -0.041172203796737084,
                0.057809751976022616,
                0,
                -21.58753204345703,
                -0.00001525878909092171,
                -0.000030517578117894573,
                1
            ],
            "name": "Arm1_2_R"
        },
        "Arm1_3_R": {
            "children": [
                "Arm1_4_R",
                "outer_arm5_0_B_R"
            ],
            "matrix": [
                0.7732765078544617,
                0.004271626472473311,
                -0.6340545415878296,
                0,
                -0.003924456205054494,
                0.999990224499345,
                0.0019507705482497695,
                0,
                0.6340567798416507,
                0.0009798344028307815,
                0.7732858387168466,
                0,
                -52.906215667724595,
                0.000030517578125,
                2.842170943040401e-14,
                1
            ],
            "name": "Arm1_3_R"
        },
        "Arm1_4_R": {
            "children": [],
            "matrix": [
                1.0000001192092898,
                -5.551115123125783e-17,
                4.5821070669693764e-7,
                0,
                1.3655743202889425e-14,
                1.0000002384185798,
                -2.9802322387695312e-8,
                0,
                -4.5821065207396483e-7,
                2.9802315282267955e-8,
                1.000000000000027,
                0,
                -26.56220245361328,
                0,
                0,
                1
            ],
            "name": "Arm1_4_R"
        },
        "Tail0_0": {
            "children": [
                "Tail0_1"
            ],
            "matrix": [
                -0.9963531494140627,
                -5.622021601276299e-7,
                -0.08532539010047911,
                0,
                -5.513761557792213e-7,
                1,
                -1.5044514639859573e-7,
                0,
                0.08532539010053675,
                -1.0285010984430345e-7,
                -0.9963531494140577,
                0,
                -19.34366416931152,
                -0.000003337859880048199,
                -0.51422119140625,
                1
            ],
            "name": "Tail0_0"
        },
        "Tail0_1": {
            "children": [
                "Tail0_2"
            ],
            "matrix": [
                0.998603343963623,
                2.4412011612184885e-7,
                0.05283327400684357,
                0,
                -2.444615455659314e-7,
                1,
                1.4210854715202004e-14,
                0,
                -0.05283327400684046,
                -1.2915718012027594e-8,
                0.9986033439636234,
                0,
                20.601970672607422,
                0.0000057220440794481,
                -2.842170943040401e-14,
                1
            ],
            "name": "Tail0_1"
        },
        "Tail0_2": {
            "children": [
                "Tail0_3"
            ],
            "matrix": [
                0.9938379526138308,
                -1.5543122361295804e-15,
                -0.11084231734275819,
                0,
                1.5639493650674948e-15,
                1,
                5.293955920339377e-23,
                0,
                0.11084231734275818,
                -1.7335183069115418e-16,
                0.9938379526138307,
                0,
                26.60204696655273,
                0.000003814697265625003,
                -0.00001525878903407829,
                1
            ],
            "name": "Tail0_2"
        },
        "Tail0_3": {
            "children": [
                "Tail0_4"
            ],
            "matrix": [
                0.980720102787018,
                -8.881784216853587e-15,
                -0.1954172849655152,
                0,
                -5.901436669533876e-8,
                1,
                -2.9616921892738896e-7,
                0,
                0.19541728496551516,
                3.0199153414238224e-7,
                0.9807201027870182,
                0,
                33.018978118896484,
                -0.00000762939453125,
                0,
                1
            ],
            "name": "Tail0_3"
        },
        "Tail0_4": {
            "children": [
                "Tail0_5"
            ],
            "matrix": [
                0.9991449713706968,
                -1.065814103309278e-14,
                0.04133953154087064,
                0,
                -1.0938033833732362e-9,
                0.9999999999999994,
                2.64366519786563e-8,
                0,
                -0.04133953154087072,
                -2.6459265203818118e-8,
                0.9991449713706967,
                0,
                25.36972045898436,
                0.00000762939453125,
                0.0000152587890625,
                1
            ],
            "name": "Tail0_4"
        },
        "Tail0_5": {
            "children": [],
            "matrix": [
                1.0000001192092898,
                -1.2434497869184308e-14,
                -2.7755575615628914e-17,
                0,
                1.2434496396802818e-14,
                1,
                -1.4210854741671783e-14,
                0,
                -2.7755575615628914e-17,
                1.421085638279812e-14,
                1.0000001192092898,
                0,
                22.899719238281264,
                0,
                -0.00006103515625,
                1
            ],
            "name": "Tail0_5"
        },
        "Wiskers4_0_L": {
            "children": [
                "Wiskers4_1_L"
            ],
            "matrix": [
                -0.08228415250778205,
                -0.996607303619385,
                -0.001849323743954301,
                0,
                0.022470243794418466,
                -8.822914953226251e-8,
                -0.9997476339642151,
                0,
                0.9963557128074402,
                -0.08230493486204055,
                0.022394014523109688,
                0,
                -0.4920806884765341,
                -14.50788879394531,
                -4.98016357421875,
                1
            ],
            "name": "Wiskers4_0_L"
        },
        "Wiskers4_0_R": {
            "children": [
                "Wiskers4_1_R"
            ],
            "matrix": [
                0.08228395879268632,
                -0.9966070055961609,
                0.0018496499396860595,
                0,
                -0.02451358987048418,
                -0.00016855315823558726,
                0.9996994138061793,
                0,
                -0.9963075545002417,
                -0.08230460220297145,
                -0.024444295094145595,
                0,
                -0.4920806884765483,
                14.507873535156248,
                -4.980133056640625,
                1
            ],
            "name": "Wiskers4_0_R"
        },
        "Wiskers4_1_L": {
            "children": [
                "Wiskers4_2_L"
            ],
            "matrix": [
                0.6414741873741151,
                -1.862645152700404e-9,
                -0.7671443819999697,
                0,
                2.903693931133322e-9,
                0.9999997615814212,
                6.938893903907228e-18,
                0,
                0.7671442882586901,
                -2.227552744690775e-9,
                0.6414741089891169,
                0,
                14.059106826782227,
                -0.00006103515625,
                0.00005340576171875,
                1
            ],
            "name": "Wiskers4_1_L"
        },
        "Wiskers4_1_R": {
            "children": [
                "Wiskers4_2_R"
            ],
            "matrix": [
                0.7671662569046017,
                3.72529029152302e-9,
                -0.6414483189582827,
                0,
                1.3832988453700915e-8,
                0.9999999403953549,
                2.235174935416584e-8,
                0,
                0.6414481872133139,
                -2.602065127949027e-8,
                0.767166099338838,
                0,
                -14.059112548828125,
                -0.00003051757809657829,
                -0.00002288818359375,
                1
            ],
            "name": "Wiskers4_1_R"
        },
        "Wiskers4_2_L": {
            "children": [],
            "matrix": [
                0.9999998211860657,
                -1.3038516041147252e-8,
                -1.5602563512766374e-7,
                0,
                1.3038516284008539e-8,
                0.9999997615814209,
                6.5192580257777966e-9,
                0,
                1.5602566284331361e-7,
                -6.519261611451221e-9,
                1.0000000000000149,
                0,
                7.686653137207031,
                0.0000457763671875,
                0,
                1
            ],
            "name": "Wiskers4_2_L"
        },
        "Wiskers4_2_R": {
            "children": [],
            "matrix": [
                1.0000001192092898,
                3.469446951953614e-18,
                -1.9447179508441008e-7,
                0,
                6.87297441182011e-15,
                0.9999999999999999,
                3.5390257835388184e-8,
                0,
                1.9447181809042124e-7,
                -3.539026627308317e-8,
                1.0000002384185736,
                0,
                -7.579425811767585,
                0.000030517578125,
                -1.4210854715202004e-14,
                1
            ],
            "name": "Wiskers4_2_R"
        },
        "arm_flap6_0_C_L": {
            "children": [],
            "matrix": [
                0.999999940395355,
                2.9802322387695312e-8,
                1.4901161221603232e-8,
                0,
                -2.9802322110139556e-8,
                0.9999999403953548,
                -1.4901161249358807e-8,
                0,
                -1.4901160694247295e-8,
                1.4901159889335602e-8,
                0.9999998807907102,
                0,
                41.93000030517578,
                18.607513427734375,
                22.758190155029297,
                1
            ],
            "name": "arm_flap6_0_C_L"
        },
        "arm_flap7_0_C_R": {
            "children": [],
            "matrix": [
                1,
                8.940696721859709e-8,
                5.140900611183552e-7,
                0,
                -8.94069091539329e-8,
                0.9999995231628394,
                -2.980232233218416e-8,
                0,
                -5.140900640188129e-7,
                2.9802290635316808e-8,
                0.9999999999999594,
                0,
                -41.67012023925781,
                -19.50213623046875,
                -22.38265609741211,
                1
            ],
            "name": "arm_flap7_0_C_R"
        },
        "head": {
            "children": [
                "jaw1_0"
            ],
            "matrix": [
                0.9677032232284547,
                -3.1501697583770407e-15,
                0.2520918548107147,
                0,
                3.2553056210301636e-15,
                1,
                -5.293955920339377e-23,
                0,
                -0.2520918548107148,
                8.206360389558469e-16,
                0.9677032232284547,
                0,
                20.677787780761733,
                0,
                0.0000152587890625,
                1
            ],
            "name": "head"
        },
        "inner_arm2_0_A_L": {
            "children": [],
            "matrix": [
                1.0000001192092896,
                2.9802322387695312e-8,
                2.2351741679749182e-8,
                0,
                -2.980232760574353e-8,
                1.0000002384185804,
                7.450580588597155e-8,
                0,
                -2.235173682252345e-8,
                -7.450578889955928e-8,
                0.9999999999999976,
                0,
                -10.0501708984375,
                -2.0642852783203125,
                -38.714134216308594,
                1
            ],
            "name": "inner_arm2_0_A_L"
        },
        "inner_arm3_0_A_R": {
            "children": [],
            "matrix": [
                1.0000002384185789,
                -2.980232227667301e-8,
                4.395842553989171e-7,
                0,
                2.9802203926898585e-8,
                0.9999999999999996,
                2.5331974040643246e-7,
                0,
                -4.3958421025447336e-7,
                -2.533197573373336e-7,
                1.0000001192093149,
                0,
                9.902664184570312,
                3.237396240234375,
                39.21518325805665,
                1
            ],
            "name": "inner_arm3_0_A_R"
        },
        "jaw1_0": {
            "children": [
                "Wiskers4_0_R",
                "Wiskers4_0_L"
            ],
            "matrix": [
                1.0000001192092896,
                6.169717644469138e-21,
                -1.4901159772762182e-7,
                0,
                -6.1679082474242524e-21,
                1,
                2.6469779601696886e-23,
                0,
                1.4901159772762193e-7,
                2.6469779601696886e-23,
                1.0000001192092893,
                0,
                14.725692749023423,
                6.776263578034403e-21,
                -2.3980865478515625,
                1
            ],
            "name": "jaw1_0"
        },
        "neck1": {
            "children": [
                "head"
            ],
            "matrix": [
                0.9938657879829407,
                -3.552713685417946e-15,
                -0.11059507727622983,
                0,
                3.574641277309771e-15,
                1,
                -2.6469779601696886e-23,
                0,
                0.11059507727622978,
                -3.9533775211480853e-16,
                0.9938657879829406,
                0,
                18.996150970458995,
                0.00000762939453125,
                -0.000030517578125,
                1
            ],
            "name": "neck1"
        },
        "outer_arm4_0_B_L": {
            "children": [
                "outer_arm4_1_B_L"
            ],
            "matrix": [
                0.9223852753639223,
                0.33505499362945557,
                0.19220735132694255,
                0,
                -0.20078250206992893,
                -0.009210752889823343,
                0.9795927726540511,
                0,
                0.32998781700578533,
                -0.9421538005316415,
                0.05877731575551806,
                0,
                6.480674743652358,
                11.943222045898466,
                16.429824829101562,
                1
            ],
            "name": "outer_arm4_0_B_L"
        },
        "outer_arm4_1_B_L": {
            "children": [],
            "matrix": [
                0.9999997019767755,
                1.0430812838468917e-7,
                1.4901161199398771e-7,
                0,
                -1.0430812699691039e-7,
                0.9999998807907079,
                -1.3411045080014006e-7,
                0,
                -1.4901162603830898e-7,
                1.3411041122068923e-7,
                0.9999997019767592,
                0,
                28.27252960205078,
                0.0000152587890625,
                2.842170943040401e-14,
                1
            ],
            "name": "outer_arm4_1_B_L"
        },
        "outer_arm5_0_B_R": {
            "children": [
                "outer_arm5_1_B_R"
            ],
            "matrix": [
                0.9471662044525145,
                0.2680294811725615,
                0.17617067694664007,
                0,
                0.190959871633054,
                -0.029930829978932788,
                -0.9811416688797505,
                0,
                -0.2577019828400911,
                0.9629458536371525,
                -0.07953235364670155,
                0,
                -9.243007659912095,
                -14.008453369140625,
                -19.090240478515625,
                1
            ],
            "name": "outer_arm5_0_B_R"
        },
        "outer_arm5_1_B_R": {
            "children": [],
            "matrix": [
                1.0000001192092898,
                6.705522549721454e-8,
                5.662441254217221e-7,
                0,
                -6.705525243400068e-8,
                0.9999996423721301,
                1.0430812838468917e-7,
                0,
                -5.662440508147348e-7,
                -1.0430820360229909e-7,
                0.9999999999999281,
                0,
                -22.733360290527358,
                0.000030517578125,
                -0.00003051757809657829,
                1
            ],
            "name": "outer_arm5_1_B_R"
        },
        "root": {
            "children": [
                "spine1",
                "Tail0_0"
            ],
            "matrix": [
                -1.629206851037603e-7,
                -1.0000000000000002,
                0,
                0,
                1.0000000000000002,
                -1.629206851037603e-7,
                0,
                0,
                0,
                0,
                1,
                0,
                -2.4868995751603507e-14,
                -25.083019256591797,
                202.0482940673828,
                1
            ],
            "name": "root"
        },
        "spine1": {
            "children": [
                "Arm1_0_R",
                "spine2",
                "Arm0_0_L"
            ],
            "matrix": [
                0.995491921901703,
                0,
                0.09484651684761047,
                0,
                -6.566221004622709e-8,
                1,
                6.891787052154542e-7,
                0,
                -0.09484651684761047,
                -6.922996657000605e-7,
                0.9954919219017029,
                0,
                6.516963958740234,
                0.0000019073486328125,
                0.111572265625,
                1
            ],
            "name": "spine1"
        },
        "spine2": {
            "children": [
                "neck1"
            ],
            "matrix": [
                0.9715730547904973,
                -7.105427344366112e-15,
                -0.23673963546752944,
                0,
                -1.1288624077164416e-7,
                1.0000000000000002,
                -4.6328210601132024e-7,
                0,
                0.23673963546752944,
                4.7683705845677204e-7,
                0.9715730547904972,
                0,
                20.584781646728523,
                0.000003814711817540201,
                -0.0000152587890625,
                1
            ],
            "name": "spine2"
        },
        "viper_model_LOD0": {
            "children": [],
            "matrix": [
                1,
                0,
                0,
                0,
                0,
                1,
                0,
                0,
                0,
                0,
                1,
                0,
                0,
                0,
                0,
                1
            ],
            "meshes": [
                "viper_model_LOD0-mesh"
            ],
            "name": "viper_model_LOD0"
        }
    },
    "samplers": {
        "sampler_0": {
            "magFilter": "LINEAR",
            "minFilter": "LINEAR_MIPMAP_LINEAR",
            "wrapS": "REPEAT",
            "wrapT": "REPEAT"
        }
    },
    "scene": "scene_0",
    "scenes": {
        "scene_0": {
            "nodes": [
                "viper_model_LOD0"
            ]
        }
    },
    "shaders": {},
    "skins": {
        "skin_0": {
            "bindShapeMatrix": [],
            "inverseBindMatrices": {},
            "joints": [
                "head",
                "jaw1_0",
                "Wiskers4_0_R",
                "neck1",
                "spine2",
                "Wiskers4_2_R",
                "Arm0_0_L",
                "Wiskers4_0_L",
                "Wiskers4_1_L",
                "Wiskers4_2_L",
                "spine1",
                "Wiskers4_1_R",
                "inner_arm3_0_A_R",
                "Arm1_0_R",
                "outer_arm5_1_B_R",
                "outer_arm5_0_B_R",
                "Arm1_4_R",
                "Arm1_3_R",
                "Arm1_2_R",
                "Arm1_1_R",
                "arm_flap7_0_C_R",
                "root",
                "Tail0_0",
                "Tail0_1",
                "Tail0_2",
                "Tail0_3",
                "Tail0_5",
                "Tail0_4",
                "arm_flap6_0_C_L",
                "Arm0_1_L",
                "Arm0_2_L",
                "inner_arm2_0_A_L",
                "outer_arm4_1_B_L",
                "outer_arm4_0_B_L",
                "Arm0_3_L",
                "Arm0_4_L"
            ],
            "roots": [
                "root"
            ]
        }
    },
    "techniques": {
        "technique_0": {
            "parameters": {},
            "pass": "defaultPass",
            "passes": {
                "defaultPass": {
                    "instanceProgram": {
                        "attributes": {},
                        "program": "",
                        "uniforms": {}
                    },
                    "states": {
                        "blendEnable": false,
                        "cullFaceEnable": false,
                        "depthMask": true,
                        "depthTestEnable": true
                    }
                }
            }
        }
    },
    "textures": {
        "Map #2": {
            "format": "RGBA",
            "internalFormat": "RGBA",
            "sampler": "sampler_0",
            "source": "image_0",
            "target": "TEXTURE_2D"
        }
    }
}