{
    "accessors": {
        "attrbute_1": {
            "bufferView": "bufferView_7",
            "byteOffset": 0,
            "byteStride": 12,
            "count": 3294,
            "max": [
                141.02601623535156,
                153.44020080566406,
                242.83486938476562,
                0
            ],
            "min": [
                -141.02601623535156,
                -128.40452575683594,
                180.80715942382812,
                0
            ],
            "type": 35665
        },
        "attrbute_2": {
            "bufferView": "bufferView_7",
            "byteOffset": 39528,
            "byteStride": 12,
            "count": 3294,
            "max": [
                0.9999769926071167,
                0.9986426830291748,
                0.9999985694885254,
                0
            ],
            "min": [
                -0.9999769926071167,
                -0.9995196461677551,
                -0.9999852180480957,
                0
            ],
            "type": 35665
        },
        "attrbute_3": {
            "bufferView": "bufferView_7",
            "byteOffset": 79056,
            "byteStride": 8,
            "count": 3294,
            "max": [
                0.9996435642242432,
                0.9952073097229004
            ],
            "min": [
                0.002508273348212242,
                0.0031065940856933594
            ],
            "type": 35664
        },
        "attrbute_4": {
            "bufferView": "bufferView_7",
            "byteOffset": 105408,
            "byteStride": 16,
            "count": 3294,
            "max": [
                35,
                35,
                35,
                -1
            ],
            "min": [
                0,
                -1,
                -1,
                -1
            ],
            "type": 35666
        },
        "attrbute_5": {
            "bufferView": "bufferView_7",
            "byteOffset": 158112,
            "byteStride": 12,
            "count": 3294,
            "max": [
                1,
                0.9998727440834045,
                0.9997161030769348
            ],
            "min": [
                0.00010785418271552771,
                0,
                0
            ],
            "type": 35665
        },
        "indices_6": {
            "bufferView": "bufferView_9",
            "byteOffset": 0,
            "count": 15960,
            "type": 5123
        }
    },
    "animations": {},
    "asset": {},
    "bufferViews": {
        "bufferView_7": {
            "buffer": "viper.bin",
            "byteLength": 197640,
            "byteOffset": 0,
            "target": 34962
        },
        "bufferView_8": {
            "buffer": "viper.bin",
            "byteLength": 2304,
            "byteOffset": 197640
        },
        "bufferView_9": {
            "buffer": "viper.bin",
            "byteLength": 31920,
            "byteOffset": 199944,
            "target": 34963
        }
    },
    "buffers": {
        "viper.bin": {
            "byteLength": 231864,
            "path": "viper.bin"
        }
    },
    "cameras": {},
    "images": {
        "image_0": {
            "path": "textures/viper_color.png"
        }
    },
    "lights": {},
    "materials": {
        "Material #35": {
            "instanceTechnique": {
                "technique": "technique_0",
                "values": {
                    "ambient": [
                        0.5879999995231628,
                        0.5879999995231628,
                        0.5879999995231628
                    ],
                    "diffuse": "Map #2",
                    "emission": [
                        0,
                        0,
                        0
                    ],
                    "shininess": 2,
                    "specular": [
                        0.8999999761581421,
                        0.8999999761581421,
                        0.8999999761581421
                    ],
                    "transparency": 1
                }
            },
            "name": "Material #35"
        }
    },
    "meshes": {
        "viper_model_LOD0-mesh": {
            "name": "viper_model_LOD0-mesh",
            "primitives": [
                {
                    "attributes": {
                        "JOINT": "attrbute_4",
                        "NORMAL": "attrbute_2",
                        "POSITION": "attrbute_1",
                        "TEXCOORD_0": "attrbute_3",
                        "WEIGHT": "attrbute_5"
                    },
                    "indices": "indices_6",
                    "material": "Material #35"
                }
            ]
        }
    },
    "nodes": {
        "Arm0_0_L": {
            "children": [
                "arm_flap6_0_C_L",
                "Arm0_1_L"
            ],
            "jointId": "Arm0_0_L",
            "matrix": [
                -0.4639638960361482,
                0.7973751425743106,
                0.38591480255126964,
                0,
                -0.4920125085276998,
                0.13031696325419467,
                -0.8607794915188902,
                0,
                -0.7366554161375386,
                -0.5892455175696486,
                0.3318561786938848,
                0,
                6.338138580322266,
                10.634320259094238,
                4.736129760742216,
                1
            ],
            "name": "Arm0_0_L"
        },
        "Arm0_1_L": {
            "children": [
                "Arm0_2_L",
                "inner_arm2_0_A_L"
            ],
            "jointId": "Arm0_1_L",
            "matrix": [
                0.99275267124176,
                0.056367427110671886,
                0.10613527148962029,
                0,
                -0.05622808574842042,
                0.9984085535009817,
                -0.004307135923495714,
                0,
                -0.10620916556195154,
                -0.0016918627794869079,
                0.9943423830051713,
                0,
                54.94983673095702,
                -0.00006103515625,
                0.00003433227539773043,
                1
            ],
            "name": "Arm0_1_L"
        },
        "Arm0_2_L": {
            "children": [
                "Arm0_3_L"
            ],
            "jointId": "Arm0_2_L",
            "matrix": [
                0.05769637972116397,
                0.0051407963037490845,
                -0.9983208179473883,
                0,
                0.04011951486525456,
                0.9991674949484733,
                0.007463800408442051,
                0,
                0.9975282975255597,
                -0.04048278995787624,
                0.057442113425588706,
                0,
                21.58749389648436,
                0.00001525878903407829,
                -0.000022888183586644573,
                1
            ],
            "name": "Arm0_2_L"
        },
        "Arm0_3_L": {
            "children": [
                "Arm0_4_L",
                "outer_arm4_0_B_L"
            ],
            "jointId": "Arm0_3_L",
            "matrix": [
                0.8105844855308535,
                -0.023058056831359752,
                -0.5851681232452395,
                0,
                0.021256721287816333,
                0.9997243898544512,
                -0.009948138110324578,
                0,
                0.5852360145970548,
                -0.004374947682127067,
                0.8108509208723877,
                0,
                52.90622329711915,
                -0.0000152587890625,
                0,
                1
            ],
            "name": "Arm0_3_L"
        },
        "Arm0_4_L": {
            "children": [],
            "jointId": "Arm0_4_L",
            "matrix": [
                1.0000001192092896,
                1.1920928943975895e-7,
                3.7252902980455804e-7,
                0,
                -1.192095376301161e-7,
                1.0000004768371553,
                5.513429641446077e-7,
                0,
                -3.725290529665859e-7,
                -5.513429428283256e-7,
                1.0000003576278091,
                0,
                23.269592285156257,
                0.00001525878909092171,
                0.000030517578125,
                1
            ],
            "name": "Arm0_4_L"
        },
        "Arm1_0_R": {
            "children": [
                "Arm1_1_R",
                "arm_flap7_0_C_R"
            ],
            "jointId": "Arm1_0_R",
            "matrix": [
                0.4639632701873781,
                0.7973751425743105,
                -0.3859160542488099,
                0,
                0.49869573057757843,
                0.12495122430404605,
                0.8577241051187782,
                0,
                0.732148106407777,
                -0.5904068002878976,
                -0.3396745883016356,
                0,
                6.33812332153321,
                -10.634310722351074,
                4.736175537109403,
                1
            ],
            "name": "Arm1_0_R"
        },
        "Arm1_1_R": {
            "children": [
                "inner_arm3_0_A_R",
                "Arm1_2_R"
            ],
            "jointId": "Arm1_1_R",
            "matrix": [
                0.9927525520324707,
                0.05733141303062439,
                0.10561797022819525,
                0,
                -0.05719104492071231,
                0.9983532394120527,
                -0.004359543359512191,
                0,
                -0.10569403914165683,
                -0.0017124552178391927,
                0.9943971119968817,
                0,
                -54.94981384277344,
                0,
                0,
                1
            ],
            "name": "Arm1_1_R"
        },
        "Arm1_2_R": {
            "children": [
                "Arm1_3_R"
            ],
            "jointId": "Arm1_2_R",
            "matrix": [
                0.05769679695367773,
                -0.00392764806747431,
                -0.9983266592025755,
                0,
                0.04133035471576729,
                0.9991444309526967,
                -0.0015422393012420876,
                0,
                0.9974783639910156,
                -0.041172203796737084,
                0.057809751976022616,
                0,
                -21.58753204345703,
                -0.00001525878909092171,
                -0.000030517578117894573,
                1
            ],
            "name": "Arm1_2_R"
        },
        "Arm1_3_R": {
            "children": [
                "Arm1_4_R",
                "outer_arm5_0_B_R"
            ],
            "jointId": "Arm1_3_R",
            "matrix": [
                0.773276507854462,
                0.004271626472473089,
                -0.6340545415878296,
                0,
                -0.003924456205054466,
                0.9999902244993452,
                0.0019507705482497695,
                0,
                0.6340567798416508,
                0.000979834402830837,
                0.773285838716847,
                0,
                -52.9062156677246,
                0.000030517578125,
                2.842170943040401e-14,
                1
            ],
            "name": "Arm1_3_R"
        },
        "Arm1_4_R": {
            "children": [],
            "jointId": "Arm1_4_R",
            "matrix": [
                1.0000001192092896,
                0,
                4.582107067455099e-7,
                0,
                1.3600232051658168e-14,
                1.0000002384185795,
                -2.9802322359939737e-8,
                0,
                -4.5821065207396483e-7,
                2.980231531002353e-8,
                1.000000000000027,
                0,
                -26.56220245361328,
                0,
                0,
                1
            ],
            "name": "Arm1_4_R"
        },
        "Tail0_0": {
            "children": [
                "Tail0_1"
            ],
            "jointId": "Tail0_0",
            "matrix": [
                -0.9963531494140627,
                -5.622021601276299e-7,
                -0.08532539010047911,
                0,
                -5.513761557792213e-7,
                1,
                -1.5044514639859573e-7,
                0,
                0.08532539010053675,
                -1.0285010984430345e-7,
                -0.9963531494140577,
                0,
                -19.34366416931152,
                -0.000003337859880048199,
                -0.51422119140625,
                1
            ],
            "name": "Tail0_0"
        },
        "Tail0_1": {
            "children": [
                "Tail0_2"
            ],
            "jointId": "Tail0_1",
            "matrix": [
                0.998603343963623,
                2.4412011612184885e-7,
                0.052833274006843595,
                0,
                -2.444615455659314e-7,
                1,
                1.4210854715202004e-14,
                0,
                -0.05283327400684043,
                -1.291571801202762e-8,
                0.9986033439636234,
                0,
                20.601970672607422,
                0.0000057220440794481,
                -2.842170943040401e-14,
                1
            ],
            "name": "Tail0_1"
        },
        "Tail0_2": {
            "children": [
                "Tail0_3"
            ],
            "jointId": "Tail0_2",
            "matrix": [
                0.9938379526138308,
                -1.5543122845196462e-15,
                -0.11084231734275819,
                0,
                1.563949388228552e-15,
                1,
                5.293955920339377e-23,
                0,
                0.11084231734275818,
                -1.7335180422137458e-16,
                0.9938379526138307,
                0,
                26.60204696655273,
                0.000003814697265625,
                -0.00001525878903407829,
                1
            ],
            "name": "Tail0_2"
        },
        "Tail0_3": {
            "children": [
                "Tail0_4"
            ],
            "jointId": "Tail0_3",
            "matrix": [
                0.980720102787018,
                -8.88178422016231e-15,
                -0.1954172849655152,
                0,
                -5.9014366695338756e-8,
                1,
                -2.96169218927389e-7,
                0,
                0.19541728496551516,
                3.019915341423823e-7,
                0.9807201027870182,
                0,
                33.01897811889649,
                -0.000007629394531250003,
                0,
                1
            ],
            "name": "Tail0_3"
        },
        "Tail0_4": {
            "children": [
                "Tail0_5"
            ],
            "jointId": "Tail0_4",
            "matrix": [
                0.9991449713706968,
                -1.0658141026475335e-14,
                0.04133953154087064,
                0,
                -1.0938033833732329e-9,
                0.9999999999999994,
                2.64366519786563e-8,
                0,
                -0.04133953154087072,
                -2.6459265203818118e-8,
                0.9991449713706967,
                0,
                25.369720458984375,
                0.00000762939453125,
                0.00001525878903407829,
                1
            ],
            "name": "Tail0_4"
        },
        "Tail0_5": {
            "children": [],
            "jointId": "Tail0_5",
            "matrix": [
                1.0000001192092898,
                -1.2434497846023251e-14,
                -2.7755575615628914e-17,
                0,
                1.243449640011154e-14,
                1,
                -1.4210854741671783e-14,
                0,
                -2.7755575615628914e-17,
                1.421085638279812e-14,
                1.0000001192092898,
                0,
                22.89971923828125,
                0,
                -0.00006103515625,
                1
            ],
            "name": "Tail0_5"
        },
        "Wiskers4_0_L": {
            "children": [
                "Wiskers4_1_L"
            ],
            "jointId": "Wiskers4_0_L",
            "matrix": [
                -0.08228415250778205,
                -0.996607303619385,
                -0.001849323743954301,
                0,
                0.022470243794418466,
                -8.822914953226251e-8,
                -0.9997476339642151,
                0,
                0.9963557128074402,
                -0.08230493486204055,
                0.022394014523109688,
                0,
                -0.4920806884765341,
                -14.50788879394531,
                -4.98016357421875,
                1
            ],
            "name": "Wiskers4_0_L"
        },
        "Wiskers4_0_R": {
            "children": [
                "Wiskers4_1_R"
            ],
            "jointId": "Wiskers4_0_R",
            "matrix": [
                0.08228395879268632,
                -0.9966070055961609,
                0.0018496499396860595,
                0,
                -0.02451358987048418,
                -0.00016855315823558726,
                0.9996994138061793,
                0,
                -0.9963075545002417,
                -0.08230460220297145,
                -0.024444295094145595,
                0,
                -0.4920806884765483,
                14.507873535156248,
                -4.980133056640625,
                1
            ],
            "name": "Wiskers4_0_R"
        },
        "Wiskers4_1_L": {
            "children": [
                "Wiskers4_2_L"
            ],
            "jointId": "Wiskers4_1_L",
            "matrix": [
                0.6414741873741151,
                -1.862645152700404e-9,
                -0.7671443819999697,
                0,
                2.903693931133322e-9,
                0.9999997615814212,
                6.938893903907228e-18,
                0,
                0.7671442882586901,
                -2.227552744690775e-9,
                0.6414741089891169,
                0,
                14.059106826782227,
                -0.00006103515625,
                0.00005340576171875,
                1
            ],
            "name": "Wiskers4_1_L"
        },
        "Wiskers4_1_R": {
            "children": [
                "Wiskers4_2_R"
            ],
            "jointId": "Wiskers4_1_R",
            "matrix": [
                0.7671662569046017,
                3.72529029152302e-9,
                -0.6414483189582827,
                0,
                1.3832988453700915e-8,
                0.9999999403953549,
                2.235174935416584e-8,
                0,
                0.6414481872133139,
                -2.602065127949027e-8,
                0.767166099338838,
                0,
                -14.059112548828125,
                -0.00003051757809657829,
                -0.00002288818359375,
                1
            ],
            "name": "Wiskers4_1_R"
        },
        "Wiskers4_2_L": {
            "children": [],
            "jointId": "Wiskers4_2_L",
            "matrix": [
                0.9999998211860657,
                -1.3038516041147252e-8,
                -1.5602563512766374e-7,
                0,
                1.3038516284008539e-8,
                0.9999997615814209,
                6.5192580257777966e-9,
                0,
                1.5602566284331361e-7,
                -6.519261611451221e-9,
                1.0000000000000149,
                0,
                7.686653137207031,
                0.0000457763671875,
                0,
                1
            ],
            "name": "Wiskers4_2_L"
        },
        "Wiskers4_2_R": {
            "children": [],
            "jointId": "Wiskers4_2_R",
            "matrix": [
                1.0000001192092898,
                3.469446951953614e-18,
                -1.9447179508441008e-7,
                0,
                6.87297441182011e-15,
                0.9999999999999999,
                3.5390257835388184e-8,
                0,
                1.9447181809042124e-7,
                -3.539026627308317e-8,
                1.0000002384185736,
                0,
                -7.579425811767585,
                0.000030517578125,
                -1.4210854715202004e-14,
                1
            ],
            "name": "Wiskers4_2_R"
        },
        "arm_flap6_0_C_L": {
            "children": [],
            "jointId": "arm_flap6_0_C_L",
            "matrix": [
                0.9999999403953552,
                2.980232227667301e-8,
                1.4901161193847656e-8,
                0,
                -2.9802322165650708e-8,
                0.9999999403953548,
                -1.4901161277114383e-8,
                0,
                -1.490116079139181e-8,
                1.4901159861580027e-8,
                0.9999998807907102,
                0,
                41.93000030517578,
                18.607513427734375,
                22.758190155029297,
                1
            ],
            "name": "arm_flap6_0_C_L"
        },
        "arm_flap7_0_C_R": {
            "children": [],
            "jointId": "arm_flap7_0_C_R",
            "matrix": [
                1,
                8.940696721859709e-8,
                5.140900611183552e-7,
                0,
                -8.94069091539329e-8,
                0.9999995231628394,
                -2.980232233218416e-8,
                0,
                -5.140900640188129e-7,
                2.9802290635316808e-8,
                0.9999999999999594,
                0,
                -41.67012023925781,
                -19.50213623046875,
                -22.38265609741211,
                1
            ],
            "name": "arm_flap7_0_C_R"
        },
        "head": {
            "children": [
                "jaw1_0"
            ],
            "jointId": "head",
            "matrix": [
                0.9677032232284547,
                -3.1501697583770407e-15,
                0.2520918548107147,
                0,
                3.2553056210301636e-15,
                1,
                -5.293955920339377e-23,
                0,
                -0.2520918548107148,
                8.206360389558469e-16,
                0.9677032232284547,
                0,
                20.677787780761733,
                0,
                0.0000152587890625,
                1
            ],
            "name": "head"
        },
        "inner_arm2_0_A_L": {
            "children": [],
            "jointId": "inner_arm2_0_A_L",
            "matrix": [
                1.00000011920929,
                2.9802322443206464e-8,
                2.2351741790771484e-8,
                0,
                -2.980232755023238e-8,
                1.0000002384185807,
                7.450580591372713e-8,
                0,
                -2.2351736780890086e-8,
                -7.45057888718037e-8,
                0.9999999999999979,
                0,
                -10.0501708984375,
                -2.064285278320341,
                -38.714134216308594,
                1
            ],
            "name": "inner_arm2_0_A_L"
        },
        "inner_arm3_0_A_R": {
            "children": [],
            "jointId": "inner_arm3_0_A_R",
            "matrix": [
                1.0000002384185789,
                -2.980232233218416e-8,
                4.395842553989171e-7,
                0,
                2.9802203926898585e-8,
                0.9999999999999996,
                2.533197403509213e-7,
                0,
                -4.3958421025447336e-7,
                -2.5331975736508916e-7,
                1.0000001192093149,
                0,
                9.902664184570312,
                3.237396240234375,
                39.21518325805665,
                1
            ],
            "name": "inner_arm3_0_A_R"
        },
        "jaw1_0": {
            "children": [
                "Wiskers4_0_R",
                "Wiskers4_0_L"
            ],
            "jointId": "jaw1_0",
            "matrix": [
                1.0000001192092896,
                6.169717644469138e-21,
                -1.4901159772762182e-7,
                0,
                -6.1679082474242524e-21,
                1,
                2.6469779601696886e-23,
                0,
                1.4901159772762193e-7,
                2.6469779601696886e-23,
                1.0000001192092893,
                0,
                14.725692749023423,
                6.776263578034403e-21,
                -2.3980865478515625,
                1
            ],
            "name": "jaw1_0"
        },
        "neck1": {
            "children": [
                "head"
            ],
            "jointId": "neck1",
            "matrix": [
                0.9938657879829407,
                -3.552713685417946e-15,
                -0.11059507727622983,
                0,
                3.574641277309771e-15,
                1,
                -2.6469779601696886e-23,
                0,
                0.11059507727622978,
                -3.9533775211480853e-16,
                0.9938657879829406,
                0,
                18.996150970458995,
                0.00000762939453125,
                -0.000030517578125,
                1
            ],
            "name": "neck1"
        },
        "outer_arm4_0_B_L": {
            "children": [
                "outer_arm4_1_B_L"
            ],
            "jointId": "outer_arm4_0_B_L",
            "matrix": [
                0.9223852753639226,
                0.33505499362945573,
                0.1922073513269425,
                0,
                -0.20078250206992893,
                -0.00921075288982326,
                0.9795927726540514,
                0,
                0.32998781700578556,
                -0.9421538005316419,
                0.05877731575551809,
                0,
                6.480674743652337,
                11.943222045898466,
                16.429824829101562,
                1
            ],
            "name": "outer_arm4_0_B_L"
        },
        "outer_arm4_1_B_L": {
            "children": [],
            "jointId": "outer_arm4_1_B_L",
            "matrix": [
                0.9999997019767755,
                1.0430812830142244e-7,
                1.490116118829654e-7,
                0,
                -1.0430812702466596e-7,
                0.9999998807907077,
                -1.3411045080014006e-7,
                0,
                -1.4901162581626437e-7,
                1.3411041119293365e-7,
                0.9999997019767592,
                0,
                28.272529602050795,
                0.0000152587890625,
                -2.842170943040401e-14,
                1
            ],
            "name": "outer_arm4_1_B_L"
        },
        "outer_arm5_0_B_R": {
            "children": [
                "outer_arm5_1_B_R"
            ],
            "jointId": "outer_arm5_0_B_R",
            "matrix": [
                0.9471662044525143,
                0.26802948117256153,
                0.17617067694664004,
                0,
                0.190959871633054,
                -0.029930829978932788,
                -0.9811416688797501,
                0,
                -0.2577019828400913,
                0.962945853637152,
                -0.07953235364670147,
                0,
                -9.243007659912102,
                -14.008453369140625,
                -19.090240478515597,
                1
            ],
            "name": "outer_arm5_0_B_R"
        },
        "outer_arm5_1_B_R": {
            "children": [],
            "jointId": "outer_arm5_1_B_R",
            "matrix": [
                1.0000001192092896,
                6.70552254278256e-8,
                5.662441255327444e-7,
                0,
                -6.705525250338962e-8,
                0.9999996423721299,
                1.0430812838468917e-7,
                0,
                -5.66244050870246e-7,
                -1.0430820365781024e-7,
                0.9999999999999281,
                0,
                -22.733360290527358,
                0.000030517578125,
                -0.00003051757815342171,
                1
            ],
            "name": "outer_arm5_1_B_R"
        },
        "root": {
            "children": [
                "spine1",
                "Tail0_0"
            ],
            "jointId": "root",
            "matrix": [
                -1.629206851037603e-7,
                -1.0000000000000002,
                0,
                0,
                1.0000000000000002,
                -1.629206851037603e-7,
                0,
                0,
                0,
                0,
                1,
                0,
                -2.4868995751603507e-14,
                -25.083019256591797,
                202.0482940673828,
                1
            ],
            "name": "root"
        },
        "spine1": {
            "children": [
                "Arm1_0_R",
                "spine2",
                "Arm0_0_L"
            ],
            "jointId": "spine1",
            "matrix": [
                0.995491921901703,
                0,
                0.09484651684761047,
                0,
                -6.566221004622709e-8,
                1,
                6.891787052154542e-7,
                0,
                -0.09484651684761047,
                -6.922996657000605e-7,
                0.9954919219017029,
                0,
                6.516963958740234,
                0.0000019073486328125,
                0.111572265625,
                1
            ],
            "name": "spine1"
        },
        "spine2": {
            "children": [
                "neck1"
            ],
            "jointId": "spine2",
            "matrix": [
                0.9715730547904973,
                -7.105427344366112e-15,
                -0.23673963546752944,
                0,
                -1.1288624077164416e-7,
                1.0000000000000002,
                -4.6328210601132024e-7,
                0,
                0.23673963546752944,
                4.7683705845677204e-7,
                0.9715730547904972,
                0,
                20.584781646728523,
                0.000003814711817540201,
                -0.0000152587890625,
                1
            ],
            "name": "spine2"
        },
        "viper_model_LOD0": {
            "children": [],
            "instanceSkin": {
                "skeletons": [
                    "root"
                ],
                "skin": "skin_0",
                "sources": [
                    "viper_model_LOD0-mesh"
                ]
            },
            "matrix": [
                1,
                0,
                0,
                0,
                0,
                1,
                0,
                0,
                0,
                0,
                1,
                0,
                0,
                0,
                0,
                1
            ],
            "name": "viper_model_LOD0"
        }
    },
    "samplers": {
        "sampler_0": {
            "magFilter": 9729,
            "minFilter": 9987,
            "wrapS": 10497,
            "wrapT": 10497
        }
    },
    "scene": "scene_0",
    "scenes": {
        "scene_0": {
            "nodes": [
                "root",
                "viper_model_LOD0"
            ]
        }
    },
    "shaders": {},
    "skins": {
        "skin_0": {
            "bindShapeMatrix": [
                1,
                0,
                0,
                0,
                0,
                1,
                0,
                0,
                0,
                0,
                1,
                0,
                0,
                0,
                0,
                1
            ],
            "inverseBindMatrices": {
                "bufferView": "bufferView_8",
                "byteOffset": 0,
                "count": 36,
                "type": 5126
            },
            "joints": [
                "head",
                "jaw1_0",
                "Wiskers4_0_R",
                "neck1",
                "spine2",
                "Wiskers4_2_R",
                "Arm0_0_L",
                "Wiskers4_0_L",
                "Wiskers4_1_L",
                "Wiskers4_2_L",
                "spine1",
                "Wiskers4_1_R",
                "inner_arm3_0_A_R",
                "Arm1_0_R",
                "outer_arm5_1_B_R",
                "outer_arm5_0_B_R",
                "Arm1_4_R",
                "Arm1_3_R",
                "Arm1_2_R",
                "Arm1_1_R",
                "arm_flap7_0_C_R",
                "root",
                "Tail0_0",
                "Tail0_1",
                "Tail0_2",
                "Tail0_3",
                "Tail0_5",
                "Tail0_4",
                "arm_flap6_0_C_L",
                "Arm0_1_L",
                "Arm0_2_L",
                "inner_arm2_0_A_L",
                "outer_arm4_1_B_L",
                "outer_arm4_0_B_L",
                "Arm0_3_L",
                "Arm0_4_L"
            ]
        }
    },
    "techniques": {
        "technique_0": {
            "parameters": {},
            "pass": "defaultPass",
            "passes": {
                "defaultPass": {
                    "instanceProgram": {
                        "attributes": {},
                        "program": "",
                        "uniforms": {}
                    },
                    "states": {
                        "blendEnable": false,
                        "cullFaceEnable": false,
                        "depthMask": true,
                        "depthTestEnable": true
                    }
                }
            }
        }
    },
    "textures": {
        "Map #2": {
            "format": 6408,
            "internalFormat": 6408,
            "sampler": "sampler_0",
            "source": "image_0",
            "target": 3553
        }
    }
}