{
    "animations": {},
    "asset": {},
    "attributes": {
        "attribute_1": {
            "bufferView": "bufferView_37",
            "byteOffset": 0,
            "byteStride": 12,
            "count": 1574,
            "max": [
                1,
                1,
                1
            ],
            "min": [
                0,
                0,
                0
            ],
            "type": "FLOAT_VEC3"
        },
        "attribute_10": {
            "bufferView": "bufferView_37",
            "byteOffset": 97608,
            "byteStride": 16,
            "count": 99,
            "max": [
                1,
                1,
                1
            ],
            "min": [
                0,
                0,
                0
            ],
            "type": "FLOAT_VEC4"
        },
        "attribute_11": {
            "bufferView": "bufferView_37",
            "byteOffset": 99192,
            "byteStride": 12,
            "count": 99,
            "max": [
                1,
                1,
                1
            ],
            "min": [
                0,
                0,
                0
            ],
            "type": "FLOAT_VEC3"
        },
        "attribute_13": {
            "bufferView": "bufferView_37",
            "byteOffset": 100380,
            "byteStride": 12,
            "count": 208,
            "max": [
                1,
                1,
                1
            ],
            "min": [
                0,
                0,
                0
            ],
            "type": "FLOAT_VEC3"
        },
        "attribute_14": {
            "bufferView": "bufferView_37",
            "byteOffset": 102876,
            "byteStride": 12,
            "count": 208,
            "max": [
                1,
                1,
                1
            ],
            "min": [
                0,
                0,
                0
            ],
            "type": "FLOAT_VEC3"
        },
        "attribute_15": {
            "bufferView": "bufferView_37",
            "byteOffset": 105372,
            "byteStride": 8,
            "count": 208,
            "max": [
                1,
                1,
                1
            ],
            "min": [
                0,
                0,
                0
            ],
            "type": "FLOAT_VEC2"
        },
        "attribute_16": {
            "bufferView": "bufferView_37",
            "byteOffset": 107036,
            "byteStride": 16,
            "count": 208,
            "max": [
                1,
                1,
                1
            ],
            "min": [
                0,
                0,
                0
            ],
            "type": "FLOAT_VEC4"
        },
        "attribute_17": {
            "bufferView": "bufferView_37",
            "byteOffset": 110364,
            "byteStride": 12,
            "count": 208,
            "max": [
                1,
                1,
                1
            ],
            "min": [
                0,
                0,
                0
            ],
            "type": "FLOAT_VEC3"
        },
        "attribute_19": {
            "bufferView": "bufferView_37",
            "byteOffset": 112860,
            "byteStride": 12,
            "count": 514,
            "max": [
                1,
                1,
                1
            ],
            "min": [
                0,
                0,
                0
            ],
            "type": "FLOAT_VEC3"
        },
        "attribute_2": {
            "bufferView": "bufferView_37",
            "byteOffset": 18888,
            "byteStride": 12,
            "count": 1574,
            "max": [
                1,
                1,
                1
            ],
            "min": [
                0,
                0,
                0
            ],
            "type": "FLOAT_VEC3"
        },
        "attribute_20": {
            "bufferView": "bufferView_37",
            "byteOffset": 119028,
            "byteStride": 12,
            "count": 514,
            "max": [
                1,
                1,
                1
            ],
            "min": [
                0,
                0,
                0
            ],
            "type": "FLOAT_VEC3"
        },
        "attribute_21": {
            "bufferView": "bufferView_37",
            "byteOffset": 125196,
            "byteStride": 8,
            "count": 514,
            "max": [
                1,
                1,
                1
            ],
            "min": [
                0,
                0,
                0
            ],
            "type": "FLOAT_VEC2"
        },
        "attribute_22": {
            "bufferView": "bufferView_37",
            "byteOffset": 129308,
            "byteStride": 16,
            "count": 514,
            "max": [
                1,
                1,
                1
            ],
            "min": [
                0,
                0,
                0
            ],
            "type": "FLOAT_VEC4"
        },
        "attribute_23": {
            "bufferView": "bufferView_37",
            "byteOffset": 137532,
            "byteStride": 12,
            "count": 514,
            "max": [
                1,
                1,
                1
            ],
            "min": [
                0,
                0,
                0
            ],
            "type": "FLOAT_VEC3"
        },
        "attribute_25": {
            "bufferView": "bufferView_37",
            "byteOffset": 143700,
            "byteStride": 12,
            "count": 1461,
            "max": [
                1,
                1,
                1
            ],
            "min": [
                0,
                0,
                0
            ],
            "type": "FLOAT_VEC3"
        },
        "attribute_26": {
            "bufferView": "bufferView_37",
            "byteOffset": 161232,
            "byteStride": 12,
            "count": 1461,
            "max": [
                1,
                1,
                1
            ],
            "min": [
                0,
                0,
                0
            ],
            "type": "FLOAT_VEC3"
        },
        "attribute_27": {
            "bufferView": "bufferView_37",
            "byteOffset": 178764,
            "byteStride": 8,
            "count": 1461,
            "max": [
                1,
                1,
                1
            ],
            "min": [
                0,
                0,
                0
            ],
            "type": "FLOAT_VEC2"
        },
        "attribute_28": {
            "bufferView": "bufferView_37",
            "byteOffset": 190452,
            "byteStride": 16,
            "count": 1461,
            "max": [
                1,
                1,
                1
            ],
            "min": [
                0,
                0,
                0
            ],
            "type": "FLOAT_VEC4"
        },
        "attribute_29": {
            "bufferView": "bufferView_37",
            "byteOffset": 213828,
            "byteStride": 12,
            "count": 1461,
            "max": [
                1,
                1,
                1
            ],
            "min": [
                0,
                0,
                0
            ],
            "type": "FLOAT_VEC3"
        },
        "attribute_3": {
            "bufferView": "bufferView_37",
            "byteOffset": 37776,
            "byteStride": 8,
            "count": 1574,
            "max": [
                1,
                1,
                1
            ],
            "min": [
                0,
                0,
                0
            ],
            "type": "FLOAT_VEC2"
        },
        "attribute_31": {
            "bufferView": "bufferView_37",
            "byteOffset": 231360,
            "byteStride": 12,
            "count": 375,
            "max": [
                1,
                1,
                1
            ],
            "min": [
                0,
                0,
                0
            ],
            "type": "FLOAT_VEC3"
        },
        "attribute_32": {
            "bufferView": "bufferView_37",
            "byteOffset": 235860,
            "byteStride": 12,
            "count": 375,
            "max": [
                1,
                1,
                1
            ],
            "min": [
                0,
                0,
                0
            ],
            "type": "FLOAT_VEC3"
        },
        "attribute_33": {
            "bufferView": "bufferView_37",
            "byteOffset": 240360,
            "byteStride": 8,
            "count": 375,
            "max": [
                1,
                1,
                1
            ],
            "min": [
                0,
                0,
                0
            ],
            "type": "FLOAT_VEC2"
        },
        "attribute_34": {
            "bufferView": "bufferView_37",
            "byteOffset": 243360,
            "byteStride": 16,
            "count": 375,
            "max": [
                1,
                1,
                1
            ],
            "min": [
                0,
                0,
                0
            ],
            "type": "FLOAT_VEC4"
        },
        "attribute_35": {
            "bufferView": "bufferView_37",
            "byteOffset": 249360,
            "byteStride": 12,
            "count": 375,
            "max": [
                1,
                1,
                1
            ],
            "min": [
                0,
                0,
                0
            ],
            "type": "FLOAT_VEC3"
        },
        "attribute_4": {
            "bufferView": "bufferView_37",
            "byteOffset": 50368,
            "byteStride": 16,
            "count": 1574,
            "max": [
                1,
                1,
                1
            ],
            "min": [
                0,
                0,
                0
            ],
            "type": "FLOAT_VEC4"
        },
        "attribute_5": {
            "bufferView": "bufferView_37",
            "byteOffset": 75552,
            "byteStride": 12,
            "count": 1574,
            "max": [
                1,
                1,
                1
            ],
            "min": [
                0,
                0,
                0
            ],
            "type": "FLOAT_VEC3"
        },
        "attribute_7": {
            "bufferView": "bufferView_37",
            "byteOffset": 94440,
            "byteStride": 12,
            "count": 99,
            "max": [
                1,
                1,
                1
            ],
            "min": [
                0,
                0,
                0
            ],
            "type": "FLOAT_VEC3"
        },
        "attribute_8": {
            "bufferView": "bufferView_37",
            "byteOffset": 95628,
            "byteStride": 12,
            "count": 99,
            "max": [
                1,
                1,
                1
            ],
            "min": [
                0,
                0,
                0
            ],
            "type": "FLOAT_VEC3"
        },
        "attribute_9": {
            "bufferView": "bufferView_37",
            "byteOffset": 96816,
            "byteStride": 8,
            "count": 99,
            "max": [
                1,
                1,
                1
            ],
            "min": [
                0,
                0,
                0
            ],
            "type": "FLOAT_VEC2"
        }
    },
    "bufferViews": {
        "bufferView_37": {
            "buffer": "crystal_maiden.bin",
            "byteLength": 253860,
            "byteOffset": 0,
            "target": "ARRAY_BUFFER"
        },
        "bufferView_38": {
            "buffer": "crystal_maiden.bin",
            "byteLength": 38652,
            "byteOffset": 253860,
            "target": "ELEMENT_ARRAY_BUFFER"
        }
    },
    "buffers": {
        "crystal_maiden.bin": {
            "byteLength": 292512,
            "path": "crystal_maiden.bin"
        }
    },
    "cameras": {},
    "images": {
        "image_0": {
            "path": "textures/crystal_maiden_color.png"
        },
        "image_1": {
            "path": "textures/crystal_maiden_cape_color.png"
        },
        "image_2": {
            "path": "textures/crystal_maiden_cuffs_color.png"
        },
        "image_3": {
            "path": "textures/crystal_maiden_shoulder_color.png"
        },
        "image_4": {
            "path": "textures/crystal_maiden_staff_color.png"
        },
        "image_5": {
            "path": "textures/head_item_color.png"
        }
    },
    "indices": {
        "indices_12": {
            "bufferView": "bufferView_38",
            "byteOffset": 18444,
            "count": 552,
            "type": "UNSIGNED_SHORT"
        },
        "indices_18": {
            "bufferView": "bufferView_38",
            "byteOffset": 19548,
            "count": 1182,
            "type": "UNSIGNED_SHORT"
        },
        "indices_24": {
            "bufferView": "bufferView_38",
            "byteOffset": 21912,
            "count": 3012,
            "type": "UNSIGNED_SHORT"
        },
        "indices_30": {
            "bufferView": "bufferView_38",
            "byteOffset": 27936,
            "count": 3279,
            "type": "UNSIGNED_SHORT"
        },
        "indices_36": {
            "bufferView": "bufferView_38",
            "byteOffset": 34494,
            "count": 2079,
            "type": "UNSIGNED_SHORT"
        },
        "indices_6": {
            "bufferView": "bufferView_38",
            "byteOffset": 0,
            "count": 9222,
            "type": "UNSIGNED_SHORT"
        }
    },
    "lights": {},
    "materials": {
        "Material #35": {
            "instanceTechnique": {
                "technique": "technique_0",
                "values": [
                    {
                        "parameter": "ambient",
                        "value": [
                            0.5879999995231628,
                            0.5879999995231628,
                            0.5879999995231628
                        ]
                    },
                    {
                        "parameter": "emission",
                        "value": [
                            0,
                            0,
                            0
                        ]
                    },
                    {
                        "parameter": "diffuse",
                        "value": "Map #7"
                    },
                    {
                        "parameter": "shininess",
                        "value": 2
                    },
                    {
                        "parameter": "specular",
                        "value": [
                            0.8999999761581421,
                            0.8999999761581421,
                            0.8999999761581421
                        ]
                    }
                ]
            },
            "name": "Material #35"
        },
        "Material #46": {
            "instanceTechnique": {
                "technique": "technique_0",
                "values": [
                    {
                        "parameter": "ambient",
                        "value": [
                            0.5879999995231628,
                            0.5879999995231628,
                            0.5879999995231628
                        ]
                    },
                    {
                        "parameter": "emission",
                        "value": [
                            0,
                            0,
                            0
                        ]
                    },
                    {
                        "parameter": "diffuse",
                        "value": "Map #8"
                    },
                    {
                        "parameter": "shininess",
                        "value": 2
                    },
                    {
                        "parameter": "specular",
                        "value": [
                            0.8999999761581421,
                            0.8999999761581421,
                            0.8999999761581421
                        ]
                    }
                ]
            },
            "name": "Material #46"
        },
        "Material #57": {
            "instanceTechnique": {
                "technique": "technique_0",
                "values": [
                    {
                        "parameter": "ambient",
                        "value": [
                            0.5879999995231628,
                            0.5879999995231628,
                            0.5879999995231628
                        ]
                    },
                    {
                        "parameter": "emission",
                        "value": [
                            0,
                            0,
                            0
                        ]
                    },
                    {
                        "parameter": "diffuse",
                        "value": "Map #9"
                    },
                    {
                        "parameter": "shininess",
                        "value": 2
                    },
                    {
                        "parameter": "specular",
                        "value": [
                            0.8999999761581421,
                            0.8999999761581421,
                            0.8999999761581421
                        ]
                    }
                ]
            },
            "name": "Material #57"
        },
        "Material #68": {
            "instanceTechnique": {
                "technique": "technique_0",
                "values": [
                    {
                        "parameter": "ambient",
                        "value": [
                            0.5879999995231628,
                            0.5879999995231628,
                            0.5879999995231628
                        ]
                    },
                    {
                        "parameter": "emission",
                        "value": [
                            0,
                            0,
                            0
                        ]
                    },
                    {
                        "parameter": "diffuse",
                        "value": "Map #10"
                    },
                    {
                        "parameter": "shininess",
                        "value": 2
                    },
                    {
                        "parameter": "specular",
                        "value": [
                            0.8999999761581421,
                            0.8999999761581421,
                            0.8999999761581421
                        ]
                    }
                ]
            },
            "name": "Material #68"
        },
        "Material #79": {
            "instanceTechnique": {
                "technique": "technique_0",
                "values": [
                    {
                        "parameter": "ambient",
                        "value": [
                            0.5879999995231628,
                            0.5879999995231628,
                            0.5879999995231628
                        ]
                    },
                    {
                        "parameter": "emission",
                        "value": [
                            0,
                            0,
                            0
                        ]
                    },
                    {
                        "parameter": "diffuse",
                        "value": "Map #12"
                    },
                    {
                        "parameter": "shininess",
                        "value": 2
                    },
                    {
                        "parameter": "specular",
                        "value": [
                            0.8999999761581421,
                            0.8999999761581421,
                            0.8999999761581421
                        ]
                    }
                ]
            },
            "name": "Material #79"
        },
        "Material #90": {
            "instanceTechnique": {
                "technique": "technique_0",
                "values": [
                    {
                        "parameter": "ambient",
                        "value": [
                            0.5879999995231628,
                            0.5879999995231628,
                            0.5879999995231628
                        ]
                    },
                    {
                        "parameter": "emission",
                        "value": [
                            0,
                            0,
                            0
                        ]
                    },
                    {
                        "parameter": "diffuse",
                        "value": "Map #13"
                    },
                    {
                        "parameter": "shininess",
                        "value": 2
                    },
                    {
                        "parameter": "specular",
                        "value": [
                            0.8999999761581421,
                            0.8999999761581421,
                            0.8999999761581421
                        ]
                    }
                ]
            },
            "name": "Material #90"
        }
    },
    "meshes": {
        "crystal_maiden_cape_model_LOD0-mesh": {
            "name": "crystal_maiden_cape_model_LOD0-mesh",
            "primitives": [
                {
                    "indices": "indices_12",
                    "material": "Material #46",
                    "semantics": {
                        "JOINT": "attribute_10",
                        "NORMAL": "attribute_8",
                        "POSITION": "attribute_7",
                        "TEXCOORD_0": "attribute_9",
                        "WEIGHT": "attribute_11"
                    },
                    "skin": "skin_1"
                }
            ]
        },
        "crystal_maiden_cuffs_model_LOD0-mesh": {
            "name": "crystal_maiden_cuffs_model_LOD0-mesh",
            "primitives": [
                {
                    "indices": "indices_18",
                    "material": "Material #57",
                    "semantics": {
                        "JOINT": "attribute_16",
                        "NORMAL": "attribute_14",
                        "POSITION": "attribute_13",
                        "TEXCOORD_0": "attribute_15",
                        "WEIGHT": "attribute_17"
                    },
                    "skin": "skin_2"
                }
            ]
        },
        "crystal_maiden_model_LOD0-mesh": {
            "name": "crystal_maiden_model_LOD0-mesh",
            "primitives": [
                {
                    "indices": "indices_6",
                    "material": "Material #35",
                    "semantics": {
                        "JOINT": "attribute_4",
                        "NORMAL": "attribute_2",
                        "POSITION": "attribute_1",
                        "TEXCOORD_0": "attribute_3",
                        "WEIGHT": "attribute_5"
                    },
                    "skin": "skin_0"
                }
            ]
        },
        "crystal_maiden_shoulders_model_LOD0-mesh": {
            "name": "crystal_maiden_shoulders_model_LOD0-mesh",
            "primitives": [
                {
                    "indices": "indices_24",
                    "material": "Material #68",
                    "semantics": {
                        "JOINT": "attribute_22",
                        "NORMAL": "attribute_20",
                        "POSITION": "attribute_19",
                        "TEXCOORD_0": "attribute_21",
                        "WEIGHT": "attribute_23"
                    },
                    "skin": "skin_3"
                }
            ]
        },
        "crystal_maiden_staff_model_LOD0-mesh": {
            "name": "crystal_maiden_staff_model_LOD0-mesh",
            "primitives": [
                {
                    "indices": "indices_30",
                    "material": "Material #79",
                    "semantics": {
                        "JOINT": "attribute_28",
                        "NORMAL": "attribute_26",
                        "POSITION": "attribute_25",
                        "TEXCOORD_0": "attribute_27",
                        "WEIGHT": "attribute_29"
                    },
                    "skin": "skin_4"
                }
            ]
        },
        "head_item_model_LOD0-mesh": {
            "name": "head_item_model_LOD0-mesh",
            "primitives": [
                {
                    "indices": "indices_36",
                    "material": "Material #90",
                    "semantics": {
                        "JOINT": "attribute_34",
                        "NORMAL": "attribute_32",
                        "POSITION": "attribute_31",
                        "TEXCOORD_0": "attribute_33",
                        "WEIGHT": "attribute_35"
                    },
                    "skin": "skin_5"
                }
            ]
        }
    },
    "nodes": {
        "Cape_R0C0": {
            "children": [
                "Cape_R1C0"
            ],
            "matrix": [
                -0.9798443913459776,
                0.07948766648769391,
                0.1832661926746368,
                0,
                0.18384782534298888,
                -7.281084076971703e-7,
                0.9829544433158929,
                0,
                0.07813291010126232,
                0.9968357660760138,
                -0.014612925251020857,
                0,
                1.9157867431640767,
                5.5249996185302725,
                12.695793151855467,
                1
            ],
            "name": "Cape_R0C0"
        },
        "Cape_R0C1": {
            "children": [
                "Cape_R1C1"
            ],
            "matrix": [
                -0.9802844524383543,
                -0.07365556806325875,
                0.18334820866584772,
                0,
                0.18384756353015494,
                7.977167905235026e-7,
                0.9829546097830895,
                0,
                -0.07240026357715337,
                0.9972837546343082,
                0.013540621688057175,
                0,
                1.9157867431640625,
                -5.52500057220459,
                12.695791244506834,
                1
            ],
            "name": "Cape_R0C1"
        },
        "Cape_R1C0": {
            "children": [
                "Cape_R2C0"
            ],
            "matrix": [
                0.9978775382041933,
                0.06511829793453218,
                0,
                0,
                -0.0651183018076473,
                0.9978775975560911,
                1.2293457985011053e-7,
                0,
                8.005291263213365e-9,
                -1.2267366641949273e-7,
                1.0000001192092893,
                0,
                26.202476501464844,
                0.000009536743160509786,
                0.000009536743167615214,
                1
            ],
            "name": "Cape_R1C0"
        },
        "Cape_R1C1": {
            "children": [
                "Cape_R2C1"
            ],
            "matrix": [
                0.9978775978088378,
                0.0651182532310486,
                -4.470348356766518e-8,
                0,
                -0.0651182534206016,
                0.9978776007136735,
                1.5972182154655457e-7,
                0,
                5.500941256675329e-8,
                -1.564718193966118e-7,
                1.0000001192092898,
                0,
                26.202484130859375,
                0.000007629394527697286,
                1.7763568394002505e-15,
                1
            ],
            "name": "Cape_R1C1"
        },
        "Cape_R2C0": {
            "children": [
                "Cape_R3C0"
            ],
            "matrix": [
                0.9967252612113952,
                0.08086086064577103,
                -1.4901161207725444e-8,
                0,
                -0.08086084642892999,
                0.996725085968584,
                2.7939677273158825e-9,
                0,
                1.507828879809825e-8,
                -1.5798982270012751e-9,
                0.9999998807907106,
                0,
                31.10144424438476,
                0.3416252136230469,
                0.000003814697265625,
                1
            ],
            "name": "Cape_R2C0"
        },
        "Cape_R2C1": {
            "children": [
                "Cape_R3C1"
            ],
            "matrix": [
                0.9967253804206845,
                0.08086097240447995,
                7.45058058304604e-9,
                0,
                -0.08086096789286665,
                0.9967253248086958,
                4.6566128765468395e-9,
                0,
                -7.049644673573496e-9,
                -5.243825788522893e-9,
                1,
                0,
                31.101428985595696,
                0.3416290283203125,
                -0.0000019073486310361432,
                1
            ],
            "name": "Cape_R2C1"
        },
        "Cape_R3C0": {
            "children": [],
            "matrix": [
                1.0000001192092893,
                0,
                1.3877787807814457e-17,
                0,
                0,
                1.0000002384185789,
                -9.31322572880755e-10,
                0,
                0,
                9.31322689107228e-10,
                1.0000003576278684,
                0,
                24.725437164306634,
                -0.338525772094723,
                0.00000762939453125,
                1
            ],
            "name": "Cape_R3C0"
        },
        "Cape_R3C1": {
            "children": [],
            "matrix": [
                1.0000000000000002,
                1.4901161193847656e-8,
                7.45058058304604e-9,
                0,
                -1.4901163025715647e-8,
                1.0000001192092896,
                9.313225746154785e-10,
                0,
                -7.450580541412677e-9,
                -9.313225746154785e-10,
                1.0000000000000004,
                0,
                24.72542953491211,
                -0.33852195739746094,
                0.000003814697265625,
                1
            ],
            "name": "Cape_R3C1"
        },
        "Head_0": {
            "children": [
                "Head_1"
            ],
            "matrix": [
                0.9802088737487792,
                1.6620562348634838e-7,
                -0.19796548783779144,
                0,
                -1.6956143310634996e-7,
                0.9999999999999992,
                1.0658141038055864e-14,
                0,
                0.197965487837786,
                3.356730137616827e-8,
                0.9802088737487804,
                0,
                13.785690307617188,
                0.0000016819740267237648,
                -0.00001430511474609375,
                1
            ],
            "name": "Head_0"
        },
        "Head_1": {
            "children": [],
            "matrix": [
                0.02091633155942235,
                0.0044039916247135165,
                -0.9997715950012209,
                0,
                -0.00009165447337095706,
                0.9999904036588354,
                0.004403037963034039,
                0,
                0.9997813105570332,
                -4.6186283488804617e-7,
                0.020916532785129904,
                0,
                11.010444641113281,
                4.811749931832306e-7,
                0.00000286102294921875,
                1
            ],
            "name": "Head_1"
        },
        "Root_0": {
            "children": [
                "thigh_R",
                "skirt_front",
                "thigh_L",
                "Spine_0"
            ],
            "matrix": [
                -1.629206851037603e-7,
                -1.0000000000000002,
                0,
                0,
                1.0000000000000002,
                -1.629206851037603e-7,
                0,
                0,
                0,
                0,
                1,
                0,
                -1.1324274851176597e-14,
                3.623298168182373,
                84.71015167236328,
                1
            ],
            "name": "Root_0"
        },
        "Spine_0": {
            "children": [
                "Spine_1"
            ],
            "matrix": [
                -0.04881698265671659,
                5.9783701222494275e-18,
                0.9988077282905579,
                0,
                -0.000001905074554901571,
                0.9999999999999999,
                -9.31110051296142e-8,
                0,
                -0.9988077282905578,
                -0.0000019073485867279458,
                -0.04881698265671658,
                0,
                1.9229251146316528,
                7.152557373046875e-7,
                7.760711669921875,
                1
            ],
            "name": "Spine_0"
        },
        "Spine_1": {
            "children": [
                "Spine_3"
            ],
            "matrix": [
                0.9955207705497743,
                4.7470132358284895e-7,
                0.09454318881034851,
                0,
                -2.5142865665462864e-7,
                1,
                -0.0000023735065042271574,
                0,
                -0.09454318881145396,
                0.0000023391041570341616,
                0.9955207705496693,
                0,
                7.118644714355469,
                4.768380676978268e-7,
                2.384185786574733e-7,
                1
            ],
            "name": "Spine_1"
        },
        "Spine_3": {
            "children": [
                "Cape_R0C0",
                "Cape_R0C1",
                "tie_back0",
                "clavicle_L",
                "breasts",
                "Head_0",
                "clavicle_R"
            ],
            "matrix": [
                0.9993932843208315,
                -4.765477683577045e-7,
                0.034835919737815885,
                0,
                4.53184006567906e-7,
                0.9999999999999999,
                6.785730306546537e-7,
                0,
                -0.03483591973813138,
                -6.623742480780825e-7,
                0.9993932843208203,
                0,
                8.880447387695312,
                -0.0000019073468138230965,
                -0.00000762939453125,
                1
            ],
            "name": "Spine_3"
        },
        "ankle_L": {
            "children": [
                "toeBase_L"
            ],
            "matrix": [
                0.3478723168373107,
                -0.649472177028656,
                0.6761442422866821,
                0,
                0.09328773049305113,
                0.7415878589851863,
                0.6643382198669416,
                0,
                -0.9328891703354721,
                -0.16802884530610165,
                0.3185655420861295,
                0,
                34.40829086303711,
                0,
                0.000006198883057972893,
                1
            ],
            "name": "ankle_L"
        },
        "ankle_R": {
            "children": [
                "toeBase_R"
            ],
            "matrix": [
                0.34787267446517933,
                -0.6494712829589843,
                0.6761444211006163,
                0,
                0.09328787689203763,
                0.7415882105480366,
                0.664337276600018,
                0,
                -0.9328890231502686,
                -0.16802876320384658,
                0.3185661765867409,
                0,
                -34.408321380615234,
                -0.000009536743160509786,
                0.000009536743162730232,
                1
            ],
            "name": "ankle_R"
        },
        "bicep_L": {
            "children": [
                "elbow_L"
            ],
            "matrix": [
                0.2423349320888522,
                0.1009912937879563,
                -0.9649222493171696,
                0,
                -0.9528053754643191,
                0.2122228124614921,
                -0.21708004940653317,
                0,
                0.18285528552832167,
                0.971989009758551,
                0.1476540218080854,
                0,
                13.309422492980959,
                0.000003814697265625,
                0.0000152587890625,
                1
            ],
            "name": "bicep_L"
        },
        "bicep_R": {
            "children": [
                "elbow_R"
            ],
            "matrix": [
                0.2423349469900133,
                0.10099124908447266,
                -0.9649219512939455,
                0,
                -0.9528055626151235,
                0.2122205857345586,
                -0.21708042105629788,
                0,
                0.1828531608127813,
                0.9719896108726885,
                0.14765355450835113,
                0,
                -13.309428215026852,
                -0.000003814697269177714,
                -0.0000152587890625,
                1
            ],
            "name": "bicep_R"
        },
        "breasts": {
            "children": [],
            "matrix": [
                -2.8212997443250276e-7,
                0.9999999999999997,
                8.88178419369253e-15,
                0,
                0.984135329723358,
                2.776540769887771e-7,
                -0.17741967737674766,
                0,
                -0.17741967737673406,
                -5.005540030124328e-8,
                -0.9841353297233606,
                0,
                -0.23937225341795454,
                1.8189894035458565e-12,
                -6.926058769226074,
                1
            ],
            "name": "breasts"
        },
        "clavicle_L": {
            "children": [
                "bicep_L",
                "shoulder_L"
            ],
            "matrix": [
                0.20440083742141707,
                0.8597455620765685,
                0.46803611516952515,
                0,
                -0.10825517080561778,
                -0.4553444252706811,
                0.8837091476601753,
                0,
                0.9728827138741033,
                -0.23129823370734479,
                -8.791685845999098e-7,
                0,
                5.6352005004882955,
                1.1900002956390379,
                -2.2782888412475586,
                1
            ],
            "name": "clavicle_L"
        },
        "clavicle_R": {
            "children": [
                "shoulder_R",
                "bicep_R"
            ],
            "matrix": [
                -0.20440146327018738,
                0.8597451448440552,
                -0.46803662180900574,
                0,
                0.10825474318476927,
                -0.45534502103351837,
                -0.8837088375194925,
                0,
                -0.9728825341703269,
                -0.23129856527589937,
                0.0000016987326108552914,
