{
    "accessors": {
        "attrbute_1": {
            "bufferView": "bufferView_37",
            "byteOffset": 0,
            "byteStride": 12,
            "count": 1922,
            "max": [
                33.52653503417969,
                22.534109115600586,
                147.7833709716797,
                0
            ],
            "min": [
                -33.484134674072266,
                -9.115416526794434,
                -0.3576158285140991,
                0
            ],
            "type": 35665
        },
        "attrbute_10": {
            "bufferView": "bufferView_37",
            "byteOffset": 120312,
            "byteStride": 16,
            "count": 156,
            "max": [
                10,
                10,
                5,
                -1
            ],
            "min": [
                0,
                -1,
                -1,
                -1
            ],
            "type": 35666
        },
        "attrbute_11": {
            "bufferView": "bufferView_37",
            "byteOffset": 122808,
            "byteStride": 12,
            "count": 156,
            "max": [
                1,
                0.9652619361877441,
                0.9883531332015991
            ],
            "min": [
                0.003773920703679323,
                0,
                0
            ],
            "type": 35665
        },
        "attrbute_13": {
            "bufferView": "bufferView_37",
            "byteOffset": 124680,
            "byteStride": 12,
            "count": 234,
            "max": [
                35.03160858154297,
                14.057059288024902,
                95.35980224609375,
                0
            ],
            "min": [
                -35.02313232421875,
                -1.5493582487106323,
                68.44500732421875,
                0
            ],
            "type": 35665
        },
        "attrbute_14": {
            "bufferView": "bufferView_37",
            "byteOffset": 127488,
            "byteStride": 12,
            "count": 234,
            "max": [
                0.9935820698738098,
                0.9897022843360901,
                0.9608281850814819,
                0
            ],
            "min": [
                -0.9935820698738098,
                -0.977488100528717,
                -0.983531653881073,
                0
            ],
            "type": 35665
        },
        "attrbute_15": {
            "bufferView": "bufferView_37",
            "byteOffset": 130296,
            "byteStride": 8,
            "count": 234,
            "max": [
                0.969980001449585,
                0.9356840252876282
            ],
            "min": [
                0.034387700259685516,
                0.04363119602203369
            ],
            "type": 35664
        },
        "attrbute_16": {
            "bufferView": "bufferView_37",
            "byteOffset": 132168,
            "byteStride": 16,
            "count": 234,
            "max": [
                9,
                9,
                11,
                -1
            ],
            "min": [
                0,
                -1,
                -1,
                -1
            ],
            "type": 35666
        },
        "attrbute_17": {
            "bufferView": "bufferView_37",
            "byteOffset": 135912,
            "byteStride": 12,
            "count": 234,
            "max": [
                1,
                0.6287276744842529,
                0.6073649525642395
            ],
            "min": [
                0.18026894330978394,
                0,
                0
            ],
            "type": 35665
        },
        "attrbute_19": {
            "bufferView": "bufferView_37",
            "byteOffset": 138720,
            "byteStride": 12,
            "count": 666,
            "max": [
                25.242183685302734,
                25.842716217041016,
                132.00408935546875,
                0
            ],
            "min": [
                -25.242177963256836,
                -5.619663715362549,
                68.725341796875,
                0
            ],
            "type": 35665
        },
        "attrbute_2": {
            "bufferView": "bufferView_37",
            "byteOffset": 23064,
            "byteStride": 12,
            "count": 1922,
            "max": [
                0.9995220303535461,
                0.9999639987945557,
                0.9999001622200012,
                0
            ],
            "min": [
                -0.9995220899581909,
                -0.99996417760849,
                -0.9999998807907104,
                0
            ],
            "type": 35665
        },
        "attrbute_20": {
            "bufferView": "bufferView_37",
            "byteOffset": 146712,
            "byteStride": 12,
            "count": 666,
            "max": [
                0.9993194341659546,
                0.9858783483505249,
                0.9991389513015747,
                0
            ],
            "min": [
                -0.9993194341659546,
                -0.987369179725647,
                -0.9959596395492554,
                0
            ],
            "type": 35665
        },
        "attrbute_21": {
            "bufferView": "bufferView_37",
            "byteOffset": 154704,
            "byteStride": 8,
            "count": 666,
            "max": [
                0.95578533411026,
                0.9797693490982056
            ],
            "min": [
                0.02915346622467041,
                0.02410709857940674
            ],
            "type": 35664
        },
        "attrbute_22": {
            "bufferView": "bufferView_37",
            "byteOffset": 160032,
            "byteStride": 16,
            "count": 666,
            "max": [
                3,
                4,
                5,
                -1
            ],
            "min": [
                0,
                -1,
                -1,
                -1
            ],
            "type": 35666
        },
        "attrbute_23": {
            "bufferView": "bufferView_37",
            "byteOffset": 170688,
            "byteStride": 12,
            "count": 666,
            "max": [
                1,
                0.9306707978248596,
                0.025757141411304474
            ],
            "min": [
                0.048194482922554016,
                0,
                0
            ],
            "type": 35665
        },
        "attrbute_25": {
            "bufferView": "bufferView_37",
            "byteOffset": 178680,
            "byteStride": 12,
            "count": 1499,
            "max": [
                90.22161865234375,
                22.333688735961914,
                123.348388671875,
                0
            ],
            "min": [
                6.096736907958984,
                -26.924848556518555,
                2.6655397415161133,
                0
            ],
            "type": 35665
        },
        "attrbute_26": {
            "bufferView": "bufferView_37",
            "byteOffset": 196668,
            "byteStride": 12,
            "count": 1499,
            "max": [
                0.9879518747329712,
                0.9986546039581299,
                0.9782053828239441,
                0
            ],
            "min": [
                -0.9905148148536682,
                -0.997357964515686,
                -0.9995827674865723,
                0
            ],
            "type": 35665
        },
        "attrbute_27": {
            "bufferView": "bufferView_37",
            "byteOffset": 214656,
            "byteStride": 8,
            "count": 1499,
            "max": [
                0.9971092939376831,
                0.9901467561721802
            ],
            "min": [
                0.0012024762108922005,
                0.006931185722351074
            ],
            "type": 35664
        },
        "attrbute_28": {
            "bufferView": "bufferView_37",
            "byteOffset": 226648,
            "byteStride": 16,
            "count": 1499,
            "max": [
                2,
                2,
                -1,
                -1
            ],
            "min": [
                0,
                -1,
                -1,
                -1
            ],
            "type": 35666
        },
        "attrbute_29": {
            "bufferView": "bufferView_37",
            "byteOffset": 250632,
            "byteStride": 12,
            "count": 1499,
            "max": [
                1,
                0.9983770251274109,
                0
            ],
            "min": [
                0.0016229667235165834,
                0,
                0
            ],
            "type": 35665
        },
        "attrbute_3": {
            "bufferView": "bufferView_37",
            "byteOffset": 46128,
            "byteStride": 8,
            "count": 1922,
            "max": [
                1.9959310293197632,
                0.9935910105705261
            ],
            "min": [
                0.005962000228464603,
                0.0058280229568481445
            ],
            "type": 35664
        },
        "attrbute_31": {
            "bufferView": "bufferView_37",
            "byteOffset": 268620,
            "byteStride": 12,
            "count": 442,
            "max": [
                17.284496307373047,
                20.99793815612793,
                148.4799041748047,
                0
            ],
            "min": [
                -17.28449249267578,
                -4.611243724822998,
                116.54869842529297,
                0
            ],
            "type": 35665
        },
        "attrbute_32": {
            "bufferView": "bufferView_37",
            "byteOffset": 273924,
            "byteStride": 12,
            "count": 442,
            "max": [
                0.9894330501556396,
                0.9999682903289795,
                0.9968283772468567,
                0
            ],
            "min": [
                -0.9951566457748413,
                -0.9961987137794495,
                -0.9945195913314819,
                0
            ],
            "type": 35665
        },
        "attrbute_33": {
            "bufferView": "bufferView_37",
            "byteOffset": 279228,
            "byteStride": 8,
            "count": 442,
            "max": [
                0.9858049750328064,
                0.986972987651825
            ],
            "min": [
                0.013535999692976475,
                0.013760983943939209
            ],
            "type": 35664
        },
        "attrbute_34": {
            "bufferView": "bufferView_37",
            "byteOffset": 282764,
            "byteStride": 16,
            "count": 442,
            "max": [
                2,
                3,
                4,
                -1
            ],
            "min": [
                0,
                -1,
                -1,
                -1
            ],
            "type": 35666
        },
        "attrbute_35": {
            "bufferView": "bufferView_37",
            "byteOffset": 289836,
            "byteStride": 12,
            "count": 442,
            "max": [
                1,
                0.9952222108840942,
                0.8404992818832397
            ],
            "min": [
                0.0047778477892279625,
                0,
                0
            ],
            "type": 35665
        },
        "attrbute_4": {
            "bufferView": "bufferView_37",
            "byteOffset": 61504,
            "byteStride": 16,
            "count": 1922,
            "max": [
                41,
                39,
                41,
                -1
            ],
            "min": [
                0,
                -1,
                -1,
                -1
            ],
            "type": 35666
        },
        "attrbute_5": {
            "bufferView": "bufferView_37",
            "byteOffset": 92256,
            "byteStride": 12,
            "count": 1922,
            "max": [
                1,
                0.9998962879180908,
                0.9977317452430725
            ],
            "min": [
                0.00010374656994827092,
                0,
                0
            ],
            "type": 35665
        },
        "attrbute_7": {
            "bufferView": "bufferView_37",
            "byteOffset": 115320,
            "byteStride": 12,
            "count": 156,
            "max": [
                22.873815536499023,
                30.892269134521484,
                120.56421661376953,
                0
            ],
            "min": [
                -22.873716354370117,
                10.735738754272461,
                3.2933285236358643,
                0
            ],
            "type": 35665
        },
        "attrbute_8": {
            "bufferView": "bufferView_37",
            "byteOffset": 117192,
            "byteStride": 12,
            "count": 156,
            "max": [
                0.9945824146270752,
                0.9996907711029053,
                0.8330711722373962,
                0
            ],
            "min": [
                -0.9945823550224304,
                -0.9999977350234985,
                -0.8245724439620972,
                0
            ],
            "type": 35665
        },
        "attrbute_9": {
            "bufferView": "bufferView_37",
            "byteOffset": 119064,
            "byteStride": 8,
            "count": 156,
            "max": [
                1.973270058631897,
                0.9860990047454834
            ],
            "min": [
                0.01921599917113781,
                0.023841023445129395
            ],
            "type": 35664
        },
        "indices_12": {
            "bufferView": "bufferView_39",
            "byteOffset": 18444,
            "count": 552,
            "type": 5123
        },
        "indices_18": {
            "bufferView": "bufferView_39",
            "byteOffset": 19548,
            "count": 1182,
            "type": 5123
        },
        "indices_24": {
            "bufferView": "bufferView_39",
            "byteOffset": 21912,
            "count": 3012,
            "type": 5123
        },
        "indices_30": {
            "bufferView": "bufferView_39",
            "byteOffset": 27936,
            "count": 3279,
            "type": 5123
        },
        "indices_36": {
            "bufferView": "bufferView_39",
            "byteOffset": 34494,
            "count": 2079,
            "type": 5123
        },
        "indices_6": {
            "bufferView": "bufferView_39",
            "byteOffset": 0,
            "count": 9222,
            "type": 5123
        }
    },
    "animations": {},
    "asset": {},
    "bufferViews": {
        "bufferView_37": {
            "buffer": "crystal_maiden.bin",
            "byteLength": 295140,
            "byteOffset": 0,
            "target": 34962
        },
        "bufferView_38": {
            "buffer": "crystal_maiden.bin",
            "byteLength": 7040,
            "byteOffset": 295140
        },
        "bufferView_39": {
            "buffer": "crystal_maiden.bin",
            "byteLength": 38652,
            "byteOffset": 302180,
            "target": 34963
        }
    },
    "buffers": {
        "crystal_maiden.bin": {
            "byteLength": 340832,
            "path": "crystal_maiden.bin"
        }
    },
    "cameras": {},
    "images": {
        "image_0": {
            "path": "textures/crystal_maiden_color.png"
        },
        "image_1": {
            "path": "textures/crystal_maiden_cape_color.png"
        },
        "image_2": {
            "path": "textures/crystal_maiden_cuffs_color.png"
        },
        "image_3": {
            "path": "textures/crystal_maiden_shoulder_color.png"
        },
        "image_4": {
            "path": "textures/crystal_maiden_staff_color.png"
        },
        "image_5": {
            "path": "textures/head_item_color.png"
        }
    },
    "lights": {},
    "materials": {
        "Material #35": {
            "instanceTechnique": {
                "technique": "technique_0",
                "values": {
                    "ambient": [
                        0.5879999995231628,
                        0.5879999995231628,
                        0.5879999995231628
                    ],
                    "diffuse": "Map #7",
                    "emission": [
                        0,
                        0,
                        0
                    ],
                    "shininess": 2,
                    "specular": [
                        0.8999999761581421,
                        0.8999999761581421,
                        0.8999999761581421
                    ],
                    "transparency": 1
                }
            },
            "name": "Material #35"
        },
        "Material #46": {
            "instanceTechnique": {
                "technique": "technique_0",
                "values": {
                    "ambient": [
                        0.5879999995231628,
                        0.5879999995231628,
                        0.5879999995231628
                    ],
                    "diffuse": "Map #8",
                    "emission": [
                        0,
                        0,
                        0
                    ],
                    "shininess": 2,
                    "specular": [
                        0.8999999761581421,
                        0.8999999761581421,
                        0.8999999761581421
                    ],
                    "transparency": 1
                }
            },
            "name": "Material #46"
        },
        "Material #57": {
            "instanceTechnique": {
                "technique": "technique_0",
                "values": {
                    "ambient": [
                        0.5879999995231628,
                        0.5879999995231628,
                        0.5879999995231628
                    ],
                    "diffuse": "Map #9",
                    "emission": [
                        0,
                        0,
                        0
                    ],
                    "shininess": 2,
                    "specular": [
                        0.8999999761581421,
                        0.8999999761581421,
                        0.8999999761581421
                    ],
                    "transparency": 1
                }
            },
            "name": "Material #57"
        },
        "Material #68": {
            "instanceTechnique": {
                "technique": "technique_0",
                "values": {
                    "ambient": [
                        0.5879999995231628,
                        0.5879999995231628,
                        0.5879999995231628
                    ],
                    "diffuse": "Map #10",
                    "emission": [
                        0,
                        0,
                        0
                    ],
                    "shininess": 2,
                    "specular": [
                        0.8999999761581421,
                        0.8999999761581421,
                        0.8999999761581421
                    ],
                    "transparency": 1
                }
            },
            "name": "Material #68"
        },
        "Material #79": {
            "instanceTechnique": {
                "technique": "technique_0",
                "values": {
                    "ambient": [
                        0.5879999995231628,
                        0.5879999995231628,
                        0.5879999995231628
                    ],
                    "diffuse": "Map #12",
                    "emission": [
                        0,
                        0,
                        0
                    ],
                    "shininess": 2,
                    "specular": [
                        0.8999999761581421,
                        0.8999999761581421,
                        0.8999999761581421
                    ],
                    "transparency": 1
                }
            },
            "name": "Material #79"
        },
        "Material #90": {
            "instanceTechnique": {
                "technique": "technique_0",
                "values": {
                    "ambient": [
                        0.5879999995231628,
                        0.5879999995231628,
                        0.5879999995231628
                    ],
                    "diffuse": "Map #13",
                    "emission": [
                        0,
                        0,
                        0
                    ],
                    "shininess": 2,
                    "specular": [
                        0.8999999761581421,
                        0.8999999761581421,
                        0.8999999761581421
                    ],
                    "transparency": 1
                }
            },
            "name": "Material #90"
        }
    },
    "meshes": {
        "crystal_maiden_cape_model_LOD0-mesh": {
            "name": "crystal_maiden_cape_model_LOD0-mesh",
            "primitives": [
                {
                    "attributes": {
                        "JOINT": "attrbute_10",
                        "NORMAL": "attrbute_8",
                        "POSITION": "attrbute_7",
                        "TEXCOORD_0": "attrbute_9",
                        "WEIGHT": "attrbute_11"
                    },
                    "indices": "indices_12",
                    "material": "Material #46"
                }
            ]
        },
        "crystal_maiden_cuffs_model_LOD0-mesh": {
            "name": "crystal_maiden_cuffs_model_LOD0-mesh",
            "primitives": [
                {
                    "attributes": {
                        "JOINT": "attrbute_16",
                        "NORMAL": "attrbute_14",
                        "POSITION": "attrbute_13",
                        "TEXCOORD_0": "attrbute_15",
                        "WEIGHT": "attrbute_17"
                    },
                    "indices": "indices_18",
                    "material": "Material #57"
                }
            ]
        },
        "crystal_maiden_model_LOD0-mesh": {
            "name": "crystal_maiden_model_LOD0-mesh",
            "primitives": [
                {
                    "attributes": {
                        "JOINT": "attrbute_4",
                        "NORMAL": "attrbute_2",
                        "POSITION": "attrbute_1",
                        "TEXCOORD_0": "attrbute_3",
                        "WEIGHT": "attrbute_5"
                    },
                    "indices": "indices_6",
                    "material": "Material #35"
                }
            ]
        },
        "crystal_maiden_shoulders_model_LOD0-mesh": {
            "name": "crystal_maiden_shoulders_model_LOD0-mesh",
            "primitives": [
                {
                    "attributes": {
                        "JOINT": "attrbute_22",
                        "NORMAL": "attrbute_20",
                        "POSITION": "attrbute_19",
                        "TEXCOORD_0": "attrbute_21",
                        "WEIGHT": "attrbute_23"
                    },
                    "indices": "indices_24",
                    "material": "Material #68"
                }
            ]
        },
        "crystal_maiden_staff_model_LOD0-mesh": {
            "name": "crystal_maiden_staff_model_LOD0-mesh",
            "primitives": [
                {
                    "attributes": {
                        "JOINT": "attrbute_28",
                        "NORMAL": "attrbute_26",
                        "POSITION": "attrbute_25",
                        "TEXCOORD_0": "attrbute_27",
                        "WEIGHT": "attrbute_29"
                    },
                    "indices": "indices_30",
                    "material": "Material #79"
                }
            ]
        },
        "head_item_model_LOD0-mesh": {
            "name": "head_item_model_LOD0-mesh",
            "primitives": [
                {
                    "attributes": {
                        "JOINT": "attrbute_34",
                        "NORMAL": "attrbute_32",
                        "POSITION": "attrbute_31",
                        "TEXCOORD_0": "attrbute_33",
                        "WEIGHT": "attrbute_35"
                    },
                    "indices": "indices_36",
                    "material": "Material #90"
                }
            ]
        }
    },
    "nodes": {
        "Cape_R0C0": {
            "children": [
                "Cape_R1C0"
            ],
            "jointId": "Cape_R0C0",
            "matrix": [
                -0.9798443913459779,
                0.07948766648769391,
                0.18326619267463687,
                0,
                0.1838478253429889,
                -7.281084076937116e-7,
                0.9829544433158931,
                0,
                0.07813291010126233,
                0.9968357660760138,
                -0.014612925251020857,
                0,
                1.9157867431640767,
                5.5249996185302725,
                12.695793151855463,
                1
            ],
            "name": "Cape_R0C0"
        },
        "Cape_R0C1": {
            "children": [
                "Cape_R1C1"
            ],
            "jointId": "Cape_R0C1",
            "matrix": [
                -0.9802844524383547,
                -0.07365556806325876,
                0.18334820866584778,
                0,
                0.18384756353015494,
                7.977167905200429e-7,
                0.9829546097830896,
                0,
                -0.07240026357715337,
                0.9972837546343082,
                0.013540621688057175,
                0,
                1.9157867431640625,
                -5.52500057220459,
                12.695791244506838,
                1
            ],
            "name": "Cape_R0C1"
        },
        "Cape_R1C0": {
            "children": [
                "Cape_R2C0"
            ],
            "jointId": "Cape_R1C0",
            "matrix": [
                0.9978775382041933,
                0.06511829793453217,
                1.3877787807814457e-17,
                0,
                -0.0651183018076473,
                0.9978775975560913,
                1.2293457984924316e-7,
                0,
                8.005291249335578e-9,
                -1.226736664192759e-7,
                1.0000001192092893,
                0,
                26.20247650146483,
                0.0000095367431640625,
                0.000009536743165838857,
                1
            ],
            "name": "Cape_R1C0"
        },
        "Cape_R1C1": {
            "children": [
                "Cape_R2C1"
            ],
            "jointId": "Cape_R1C1",
            "matrix": [
                0.9978775978088378,
                0.0651182532310486,
                -4.4703483595420757e-8,
                0,
                -0.06511825342060161,
                0.9978776007136735,
                1.597218215456872e-7,
                0,
                5.50094125528755e-8,
                -1.56471819396666e-7,
                1.0000001192092898,
                0,
                26.202484130859375,
                0.00000762939453125,
                0,
                1
            ],
            "name": "Cape_R1C1"
        },
        "Cape_R2C0": {
            "children": [
                "Cape_R3C0"
            ],
            "jointId": "Cape_R2C0",
            "matrix": [
                0.9967252612113952,
                0.080860860645771,
                -1.4901161179969868e-8,
                0,
                -0.08086084642892999,
                0.9967250859685838,
                2.7939677203769886e-9,
                0,
                1.5078288811976037e-8,
                -1.5798982278686369e-9,
                0.9999998807907104,
                0,
                31.101444244384766,
                0.3416252136230433,
                0.000003814697265625,
                1
            ],
            "name": "Cape_R2C0"
        },
        "Cape_R2C1": {
            "children": [
                "Cape_R3C1"
            ],
            "jointId": "Cape_R2C1",
            "matrix": [
                0.9967253804206846,
                0.08086097240447994,
                7.45058058304604e-9,
                0,
                -0.08086096789286669,
                0.9967253248086958,
                4.656612871342669e-9,
                0,
                -7.049644645817921e-9,
                -5.243825791124979e-9,
                0.9999999999999999,
                0,
                31.101428985595696,
                0.3416290283203125,
                -0.000001907348634588857,
                1
            ],
            "name": "Cape_R2C1"
        },
        "Cape_R3C0": {
            "children": [],
            "jointId": "Cape_R3C0",
            "matrix": [
                1.0000001192092893,
                2.7755575615628914e-17,
                1.3877787807814457e-17,
                0,
                0,
                1.000000238418579,
                -9.313225711460316e-10,
                0,
                0,
                9.31322685637781e-10,
                1.0000003576278684,
                0,
                24.725437164306637,
                -0.338525772094723,
                0.000007629394533026357,
                1
            ],
            "name": "Cape_R3C0"
        },
        "Cape_R3C1": {
            "children": [],
            "jointId": "Cape_R3C1",
            "matrix": [
                1,
                1.4901161221603232e-8,
                7.45058058304604e-9,
                0,
                -1.4901163025715647e-8,
                1.0000001192092893,
                9.31322576350202e-10,
                0,
                -7.4505805691682525e-9,
                -9.313225746154785e-10,
                1.0000000000000002,
                0,
                24.725429534912106,
                -0.33852195739746094,
                0.000003814697265625,
                1
            ],
            "name": "Cape_R3C1"
        },
        "Head_0": {
            "children": [
                "Head_1"
            ],
            "jointId": "Head_0",
            "matrix": [
                0.9802088737487794,
                1.662056234863484e-7,
                -0.19796548783779147,
                0,
                -1.6956143310635e-7,
                0.9999999999999992,
                1.0658141034747142e-14,
                0,
                0.19796548783778609,
                3.3567301376168303e-8,
                0.9802088737487805,
                0,
                13.785690307617202,
                0.0000016819740267237648,
                -0.000014305114747870107,
                1
            ],
            "name": "Head_0"
        },
        "Head_1": {
            "children": [],
            "jointId": "Head_1",
            "matrix": [
                0.02091633155942236,
                0.0044039916247135165,
                -0.999771595001221,
                0,
                -0.00009165447337095707,
                0.9999904036588354,
                0.004403037963034038,
                0,
                0.9997813105570332,
                -4.618628348880577e-7,
                0.020916532785129904,
                0,
                11.010444641113281,
                4.811749931832314e-7,
                0.00000286102294921875,
                1
            ],
            "name": "Head_1"
        },
        "Root_0": {
            "children": [
                "thigh_R",
                "skirt_front",
                "thigh_L",
                "Spine_0"
            ],
            "jointId": "Root_0",
            "matrix": [
                -1.629206851037603e-7,
                -1.0000000000000002,
                0,
                0,
                1.0000000000000002,
                -1.629206851037603e-7,
                0,
                0,
                0,
                0,
                1,
                0,
                -1.1324274851176597e-14,
                3.623298168182373,
                84.71015167236328,
                1
            ],
            "name": "Root_0"
        },
        "Spine_0": {
            "children": [
                "Spine_1"
            ],
            "jointId": "Spine_0",
            "matrix": [
                -0.04881698265671659,
                5.9783701222494275e-18,
                0.9988077282905579,
                0,
                -0.000001905074554901571,
                0.9999999999999999,
                -9.31110051296142e-8,
                0,
                -0.9988077282905578,
                -0.0000019073485867279458,
                -0.04881698265671658,
                0,
                1.9229251146316528,
                7.152557373046875e-7,
                7.760711669921875,
                1
            ],
            "name": "Spine_0"
        },
        "Spine_1": {
            "children": [
                "Spine_3"
            ],
            "jointId": "Spine_1",
            "matrix": [
                0.995520770549774,
                4.747013235828488e-7,
                0.0945431888103485,
                0,
                -2.5142865665462864e-7,
                0.9999999999999999,
                -0.0000023735065042271566,
                0,
                -0.09454318881145388,
                0.000002339104157034161,
                0.995520770549669,
                0,
                7.118644714355469,
                4.768380676978268e-7,
                2.384185786574733e-7,
                1
            ],
            "name": "Spine_1"
        },
        "Spine_3": {
            "children": [
                "Cape_R0C0",
                "Cape_R0C1",
                "tie_back0",
                "clavicle_L",
                "breasts",
                "Head_0",
                "clavicle_R"
            ],
            "jointId": "Spine_3",
            "matrix": [
                0.9993932843208312,
                -4.7654776835770436e-7,
                0.034835919737815885,
                0,
                4.531840065679059e-7,
                0.9999999999999999,
                6.785730306546537e-7,
                0,
                -0.034835919738131355,
                -6.623742480780824e-7,
                0.9993932843208202,
                0,
                8.880447387695327,
                -0.0000019073468138230965,
                -0.000007629394533026357,
                1
            ],
            "name": "Spine_3"
        },
        "ankle_L": {
            "children": [
                "toeBase_L"
            ],
            "jointId": "ankle_L",
            "matrix": [
                0.34787231683731074,
                -0.6494721770286559,
                0.6761442422866821,
                0,
                0.09328773049305117,
                0.7415878589851862,
                0.6643382198669414,
                0,
                -0.9328891703354723,
                -0.16802884530610165,
                0.3185655420861295,
                0,
                34.40829086303711,
                0,
                0.000006198883057972893,
                1
            ],
            "name": "ankle_L"
        },
        "ankle_R": {
            "children": [
                "toeBase_R"
            ],
            "jointId": "ankle_R",
            "matrix": [
                0.34787267446517933,
                -0.6494712829589843,
                0.6761444211006163,
                0,
                0.09328787689203763,
                0.7415882105480366,
                0.664337276600018,
                0,
                -0.9328890231502686,
                -0.16802876320384658,
                0.3185661765867409,
                0,
                -34.408321380615234,
                -0.000009536743160509786,
                0.000009536743162730232,
                1
            ],
            "name": "ankle_R"
        },
        "bicep_L": {
            "children": [
                "elbow_L"
            ],
            "jointId": "bicep_L",
            "matrix": [
                0.24233493208885226,
                0.10099129378795632,
                -0.9649222493171699,
                0,
                -0.9528053754643193,
                0.21222281246149222,
                -0.21708004940653317,
                0,
                0.18285528552832178,
                0.9719890097585508,
                0.14765402180808546,
                0,
                13.309422492980953,
                0.000003814697269177714,
                0.000015258789048289145,
                1
            ],
            "name": "bicep_L"
        },
        "bicep_R": {
            "children": [
                "elbow_R"
            ],
            "jointId": "bicep_R",
            "matrix": [
                0.2423349469900133,
                0.10099124908447271,
                -0.9649219512939456,
                0,
                -0.9528055626151235,
                0.21222058573455854,
                -0.21708042105629788,
                0,
                0.18285316081278144,
                0.9719896108726884,
                0.1476535545083512,
                0,
                -13.309428215026854,
                -0.000003814697265625,
                -0.0000152587890625,
                1
            ],
            "name": "bicep_R"
        },
        "breasts": {
            "children": [],
            "jointId": "breasts",
            "matrix": [
                -2.8212997443250287e-7,
                0.9999999999999997,
                8.88178418045764e-15,
                0,
                0.9841353297233583,
                2.776540769887771e-7,
                -0.1774196773767477,
                0,
                -0.1774196773767341,
                -5.005540030124327e-8,
                -0.9841353297233607,
                0,
                -0.23937225341795454,
                1.8189894035458565e-12,
                -6.926058769226076,
                1
            ],
            "name": "breasts"
        },
        "clavicle_L": {
            "children": [
                "bicep_L",
                "shoulder_L"
            ],
            "jointId": "clavicle_L",
            "matrix": [
                0.20440083742141713,
                0.8597455620765685,
                0.4680361151695252,
                0,
                -0.10825517080561778,
                -0.4553444252706811,
                0.8837091476601755,
                0,
                0.9728827138741035,
                -0.23129823370734479,
                -8.791685846276653e-7,
                0,
                5.6352005004882955,
                1.190000295639038,
                -2.2782888412475604,
                1
            ],
            "name": "clavicle_L"
        },
        "clavicle_R": {
            "children": [
                "shoulder_R",
                "bicep_R"
            ],
            "jointId": "clavicle_R",
            "matrix": [
                -0.2044014632701874,
                0.8597451448440552,
                -0.4680366218090058,
                0,
                0.10825474318476924,
                -0.45534502103351837,
                -0.8837088375194926,
                0,
                -0.9728825341703269,
                -0.2312985652758994,
                0.0000016987326108275358,
                0,
                5.6352005004882955,
                -1.1899998188018797,
