{
    "accessors": [
        {
            "bufferView": 0,
            "byteOffset": 0,
            "componentType": 5126,
            "count": 1922,
            "max": [
                33.52653503417969,
                22.534109115600586,
                147.7833709716797
            ],
            "min": [
                -33.484134674072266,
                -9.115416526794434,
                -0.3576158285140991
            ],
            "type": "VEC3"
        },
        {
            "bufferView": 0,
            "byteOffset": 23064,
            "componentType": 5126,
            "count": 1922,
            "max": [
                0.9995220303535461,
                0.9999639987945557,
                0.9999001622200012
            ],
            "min": [
                -0.9995220899581909,
                -0.99996417760849,
                -0.9999998807907104
            ],
            "type": "VEC3"
        },
        {
            "bufferView": 0,
            "byteOffset": 46128,
            "componentType": 5126,
            "count": 1922,
            "max": [
                1.9959310293197632,
                0.9941719770431519
            ],
            "min": [
                0.005962000228464603,
                0.006408989429473877
            ],
            "type": "VEC2"
        },
        {
            "bufferView": 0,
            "byteOffset": 61504,
            "componentType": 5123,
            "count": 1922,
            "max": [
                41,
                39,
                41,
                0
            ],
            "min": [
                0,
                0,
                0,
                0
            ],
            "type": "VEC4"
        },
        {
            "bufferView": 0,
            "byteOffset": 76880,
            "componentType": 5126,
            "count": 1922,
            "max": [
                1,
                0.9998962879180908,
                0.9977317452430725,
                0
            ],
            "min": [
                0.00010374656994827092,
                0,
                0,
                0
            ],
            "type": "VEC4"
        },
        {
            "bufferView": 2,
            "byteOffset": 0,
            "componentType": 5123,
            "count": 9222,
            "max": [
                1921
            ],
            "min": [
                0
            ],
            "type": "SCALAR"
        },
        {
            "bufferView": 1,
            "byteOffset": 0,
            "componentType": 5126,
            "count": 42,
            "max": [
                0.9999999999999742,
                1.0000001788139123,
                0.9601610101693393,
                0,
                0.9919172003215794,
                0.9910937595908503,
                0.9999997615782741,
                0,
                0.9999998807907138,
                0.9999999999996292,
                1,
                0,
                101.61745106975975,
                57.41249065679068,
                109.53874373432745,
                1
            ],
            "min": [
                -0.9932392141813613,
                -1.0000000596016259,
                -0.9999999999992883,
                0,
                -0.9999999999999732,
                -0.9979150224840565,
                -0.9999998807905055,
                0,
                -0.9999998807893364,
                -0.40166239043981433,
                -0.9943259853947912,
                0,
                -121.78990558072832,
                -118.42596686179313,
                -132.94516203923442,
                1
            ],
            "type": "MAT4"
        },
        {
            "bufferView": 0,
            "byteOffset": 107632,
            "componentType": 5126,
            "count": 156,
            "max": [
                22.873815536499023,
                30.892269134521484,
                120.56421661376953
            ],
            "min": [
                -22.873716354370117,
                10.735738754272461,
                3.2933285236358643
            ],
            "type": "VEC3"
        },
        {
            "bufferView": 0,
            "byteOffset": 109504,
            "componentType": 5126,
            "count": 156,
            "max": [
                0.9945824146270752,
                0.9996907711029053,
                0.8330711722373962
            ],
            "min": [
                -0.9945823550224304,
                -0.9999977350234985,
                -0.8245724439620972
            ],
            "type": "VEC3"
        },
        {
            "bufferView": 0,
            "byteOffset": 111376,
            "componentType": 5126,
            "count": 156,
            "max": [
                1.973270058631897,
                0.9761589765548706
            ],
            "min": [
                0.01921599917113781,
                0.013900995254516602
            ],
            "type": "VEC2"
        },
        {
            "bufferView": 0,
            "byteOffset": 112624,
            "componentType": 5123,
            "count": 156,
            "max": [
                10,
                10,
                5,
                0
            ],
            "min": [
                0,
                0,
                0,
                0
            ],
            "type": "VEC4"
        },
        {
            "bufferView": 0,
            "byteOffset": 113872,
            "componentType": 5126,
            "count": 156,
            "max": [
                1,
                0.9652619361877441,
                0.9883531332015991,
                0
            ],
            "min": [
                0.003773920703679323,
                0,
                0,
                0
            ],
            "type": "VEC4"
        },
        {
            "bufferView": 2,
            "byteOffset": 18444,
            "componentType": 5123,
            "count": 552,
            "max": [
                155
            ],
            "min": [
                0
            ],
            "type": "SCALAR"
        },
        {
            "bufferView": 1,
            "byteOffset": 2688,
            "componentType": 5126,
            "count": 11,
            "max": [
                0.8597453899151491,
                0.9999903794933602,
                0.9972837384944842,
                0,
                0.49687623239995693,
                0.99997862823404,
                0.1726076059849097,
                0,
                0.11811925857595451,
                0.2633252371174923,
                0.999999999982631,
                0,
                107.1952210076093,
                28.879915127160945,
                109.53872493833562,
                1
            ],
            "min": [
                -0.07365547111489006,
                -0.4553451951059841,
                -0.23129878237121937,
                0,
                -0.9999902603074405,
                -0.8504827374390247,
                -0.17260733123746677,
                0,
                -0.9972626004638758,
                -0.26332523508119976,
                -0.9574484676035505,
                0,
                -15.557874758358253,
                -28.879914288781492,
                -132.9451928310258,
                1
            ],
            "type": "MAT4"
        },
        {
            "bufferView": 0,
            "byteOffset": 116368,
            "componentType": 5126,
            "count": 234,
            "max": [
                35.03160858154297,
                14.057059288024902,
                95.35980224609375
            ],
            "min": [
                -35.02313232421875,
                -1.5493582487106323,
                68.44500732421875
            ],
            "type": "VEC3"
        },
        {
            "bufferView": 0,
            "byteOffset": 119176,
            "componentType": 5126,
            "count": 234,
            "max": [
                0.9935820698738098,
                0.9897022843360901,
                0.9608281850814819
            ],
            "min": [
                -0.9935820698738098,
                -0.977488100528717,
                -0.983531653881073
            ],
            "type": "VEC3"
        },
        {
            "bufferView": 0,
            "byteOffset": 121984,
            "componentType": 5126,
            "count": 234,
            "max": [
                0.969980001449585,
                0.9563688039779663
            ],
            "min": [
                0.034387700259685516,
                0.06431597471237183
            ],
            "type": "VEC2"
        },
        {
            "bufferView": 0,
            "byteOffset": 123856,
            "componentType": 5123,
            "count": 234,
            "max": [
                9,
                9,
                11,
                0
            ],
            "min": [
                0,
                0,
                0,
                0
            ],
            "type": "VEC4"
        },
        {
            "bufferView": 0,
            "byteOffset": 125728,
            "componentType": 5126,
            "count": 234,
            "max": [
                1,
                0.6287276744842529,
                0.6073649525642395,
                0
            ],
            "min": [
                0.18026894330978394,
                0,
                0,
                0
            ],
            "type": "VEC4"
        },
        {
            "bufferView": 2,
            "byteOffset": 19548,
            "componentType": 5123,
            "count": 1182,
            "max": [
                233
            ],
            "min": [
                0
            ],
            "type": "SCALAR"
        },
        {
            "bufferView": 1,
            "byteOffset": 3392,
            "componentType": 5126,
            "count": 12,
            "max": [
                0.4752563168500368,
                0.9999999999999732,
                0.9601611793154669,
                0,
                0.30537613144796133,
                0.9910939251873772,
                1.0000001192092856,
                0,
                0.9999998807906025,
                0.40165987361972494,
                1,
                0,
                101.61740111186643,
                57.41254947328151,
                59.54321773153219,
                1
            ],
            "min": [
                -0.9932391390021363,
                -1.0000001192092869,
                -0.3195334742692293,
                0,
                -0.9999999999999732,
                -0.9910940785607852,
                -1.0000001788139017,
                0,
                -1.0000001192092038,
                -0.40166027082578293,
                -0.983961328017936,
                0,
                -76.62129060967338,
                -57.41254527452656,
                -84.71015167236328,
                1
            ],
            "type": "MAT4"
        },
        {
            "bufferView": 0,
            "byteOffset": 129472,
            "componentType": 5126,
            "count": 666,
            "max": [
                25.242183685302734,
                25.842716217041016,
                132.00408935546875
            ],
            "min": [
                -25.242177963256836,
                -5.619663715362549,
                68.725341796875
            ],
            "type": "VEC3"
        },
        {
            "bufferView": 0,
            "byteOffset": 137464,
            "componentType": 5126,
            "count": 666,
            "max": [
                0.9993194341659546,
                0.9858783483505249,
                0.9991389513015747
            ],
            "min": [
                -0.9993194341659546,
                -0.987369179725647,
                -0.9959596395492554
            ],
            "type": "VEC3"
        },
        {
            "bufferView": 0,
            "byteOffset": 145456,
            "componentType": 5126,
            "count": 666,
            "max": [
                0.95578533411026,
                0.9758929014205933
            ],
            "min": [
                0.02915346622467041,
                0.020230650901794434
            ],
            "type": "VEC2"
        },
        {
            "bufferView": 0,
            "byteOffset": 150784,
            "componentType": 5123,
            "count": 666,
            "max": [
                3,
                4,
                5,
                0
            ],
            "min": [
                0,
                0,
                0,
                0
            ],
            "type": "VEC4"
        },
        {
            "bufferView": 0,
            "byteOffset": 156112,
            "componentType": 5126,
            "count": 666,
            "max": [
                1,
                0.9306707978248596,
                0.025757141411304474,
                0
            ],
            "min": [
                0.048194482922554016,
                0,
                0,
                0
            ],
            "type": "VEC4"
        },
        {
            "bufferView": 2,
            "byteOffset": 21912,
            "componentType": 5123,
            "count": 3012,
            "max": [
                665
            ],
            "min": [
                0
            ],
            "type": "SCALAR"
        },
        {
            "bufferView": 1,
            "byteOffset": 4160,
            "componentType": 5126,
            "count": 6,
            "max": [
                1.0000000596045457,
                0.9999999999999732,
                0.9999999999999362,
                0,
                0.16788831081797953,
                0.9889751393925597,
                6.123232998135289e-17,
                0,
                0.05844603999671026,
                0.999999999999926,
                1,
                0,
                108.89653941060172,
                -5.903102125928403e-7,
                109.53872493833562,
                1
            ],
            "min": [
                -2.009954344054674e-7,
                -0.4553451951059841,
                -0.23129878237121937,
                0,
                -0.9999999999999732,
                -0.8504827374390247,
                -1.000000238418525,
                0,
                -0.9889751393925386,
                6.123232998135209e-17,
                -0.9574484676035505,
                0,
                -13.488236458902337,
                -118.42594998512793,
                -84.71015167236328,
                1
            ],
            "type": "MAT4"
        },
        {
            "bufferView": 0,
            "byteOffset": 166768,
            "componentType": 5126,
            "count": 1499,
            "max": [
                90.22161865234375,
                22.333688735961914,
                123.348388671875
            ],
            "min": [
                6.096736907958984,
                -26.924848556518555,
                2.6655397415161133
            ],
            "type": "VEC3"
        },
        {
            "bufferView": 0,
            "byteOffset": 184756,
            "componentType": 5126,
            "count": 1499,
            "max": [
                0.9879518747329712,
                0.9986546039581299,
                0.9782053828239441
            ],
            "min": [
                -0.9905148148536682,
                -0.997357964515686,
                -0.9995827674865723
            ],
            "type": "VEC3"
        },
        {
            "bufferView": 0,
            "byteOffset": 202744,
            "componentType": 5126,
            "count": 1499,
            "max": [
                0.9971092939376831,
                0.9930688142776489
            ],
            "min": [
                0.0012024762108922005,
                0.009853243827819824
            ],
            "type": "VEC2"
        },
        {
            "bufferView": 0,
            "byteOffset": 214736,
            "componentType": 5123,
            "count": 1499,
            "max": [
                2,
                2,
                0,
                0
            ],
            "min": [
                0,
                0,
                0,
                0
            ],
            "type": "VEC4"
        },
        {
            "bufferView": 0,
            "byteOffset": 226728,
            "componentType": 5126,
            "count": 1499,
            "max": [
                1,
                0.9983770251274109,
                0,
                0
            ],
            "min": [
                0.0016229667235165834,
                0,
                0,
                0
            ],
            "type": "VEC4"
        },
        {
            "bufferView": 2,
            "byteOffset": 27936,
            "componentType": 5123,
            "count": 3279,
            "max": [
                1498
            ],
            "min": [
                0
            ],
            "type": "SCALAR"
        },
        {
            "bufferView": 1,
            "byteOffset": 4544,
            "componentType": 5126,
            "count": 3,
            "max": [
                0.8189927649956866,
                0.8274431600607569,
                -0.19694588274665312,
                0,
                0.2822185436009734,
                -0.04473076262949926,
                -0.9583066127834974,
                0,
                -0.5720577456803453,
                0.7936558101995733,
                -0.2070274125631226,
                0,
                122.70368148410208,
                4.238973877336301,
                21.967129731265647,
                1
            ],
            "min": [
                -0.5389465054000138,
                0.5389463269017557,
                -0.19694620329745344,
                0,
                -0.04473057558790831,
                -0.28221884045574985,
                -0.9583068330948178,
                0,
                -0.802634983331954,
                -0.5720578315466621,
                -0.20702781967150846,
                0,
                -3.7518339439069255,
                -76.02877510938205,
                21.96710005292398,
                1
            ],
            "type": "MAT4"
        },
        {
            "bufferView": 0,
            "byteOffset": 250712,
            "componentType": 5126,
            "count": 442,
            "max": [
                17.284496307373047,
                20.99793815612793,
                148.4799041748047
            ],
            "min": [
                -17.28449249267578,
                -4.611243724822998,
                116.54869842529297
            ],
            "type": "VEC3"
        },
        {
            "bufferView": 0,
            "byteOffset": 256016,
            "componentType": 5126,
            "count": 442,
            "max": [
                0.9894330501556396,
                0.9999682903289795,
                0.9968283772468567
            ],
            "min": [
                -0.9951566457748413,
                -0.9961987137794495,
                -0.9945195913314819
            ],
            "type": "VEC3"
        },
        {
            "bufferView": 0,
            "byteOffset": 261320,
            "componentType": 5126,
            "count": 442,
            "max": [
                0.9858049750328064,
                0.9862390160560608
            ],
            "min": [
                0.013535999692976475,
                0.013027012348175049
            ],
            "type": "VEC2"
        },
        {
            "bufferView": 0,
            "byteOffset": 264856,
            "componentType": 5123,
            "count": 442,
            "max": [
                2,
                3,
                4,
                0
            ],
            "min": [
                0,
                0,
                0,
                0
            ],
            "type": "VEC4"
        },
        {
            "bufferView": 0,
            "byteOffset": 268392,
            "componentType": 5126,
            "count": 442,
            "max": [
                1,
                0.9952222108840942,
                0.8404992818832397,
                0
            ],
            "min": [
                0.0047778477892279625,
                0,
                0,
                0
            ],
            "type": "VEC4"
        },
        {
            "bufferView": 2,
            "byteOffset": 34494,
            "componentType": 5123,
            "count": 2079,
            "max": [
                441
            ],
            "min": [
                0
            ],
            "type": "SCALAR"
        },
        {
            "bufferView": 1,
            "byteOffset": 4736,
            "componentType": 5126,
            "count": 5,
            "max": [
                0.8597454686735709,
                0.9999999999999938,
                0.9968359122206546,
                0,
                0.49687574340625135,
                0.9999787429098564,
                0.9997811445972924,
                0,
                0.9997811445972946,
                0.26332479489596405,
                0.9999998807905939,
                0,
                107.11464239759823,
                28.879926095213577,
                109.5387523516092,
                1
            ],
            "min": [
                4.513571341195702e-8,
                -0.4553451900021419,
                -0.23129857578855942,
                0,
                -0.9999902005371468,
                -0.8504828232407848,
                -0.172607003397157,
                0,
                -0.9968144914600154,
                -0.2633253393178611,
                -0.9574487111994954,
                0,
                -121.78991798982182,
                -28.87986354976089,
                -132.94517515012316,
                1
            ],
            "type": "MAT4"
        }
    ],
    "asset": {
        "generator": "ClayGL - fbx2gltf",
        "version": "2.0"
    },
    "bufferViews": [
        {
            "buffer": 0,
            "byteLength": 275464,
            "byteOffset": 0,
            "target": 34962
        },
        {
            "buffer": 0,
            "byteLength": 5056,
            "byteOffset": 275464,
            "target": 34962
        },
        {
            "buffer": 0,
            "byteLength": 38652,
            "byteOffset": 280520,
            "target": 34963
        }
    ],
    "buffers": [
        {
            "byteLength": 319172,
            "uri": "crystal_maiden.bin"
        }
    ],
    "images": [
        {
            "uri": "textures/crystal_maiden_color.png"
        },
        {
            "uri": "textures/crystal_maiden_cape_color.png"
        },
        {
            "uri": "textures/crystal_maiden_cuffs_color.png"
        },
        {
            "uri": "textures/crystal_maiden_shoulder_color.png"
        },
        {
            "uri": "textures/crystal_maiden_staff_color.png"
        },
        {
            "uri": "textures/head_item_color.png"
        }
    ],
    "materials": [
        {
            "emissiveFactor": [
                0,
                0,
                0
            ],
            "name": "Material #35",
            "pbrMetallicRoughness": {
                "baseColorFactor": [
                    1,
                    1,
                    1,
                    1
                ],
                "baseColorTexture": {
                    "index": 0,
                    "texCoord": 0
                },
                "metallicFactor": 0,
                "roughnessFactor": 0.9230769230769231
            }
        },
        {
            "emissiveFactor": [
                0,
                0,
                0
            ],
            "name": "Material #46",
            "pbrMetallicRoughness": {
                "baseColorFactor": [
                    1,
                    1,
                    1,
                    1
                ],
                "baseColorTexture": {
                    "index": 1,
                    "texCoord": 0
                },
                "metallicFactor": 0,
                "roughnessFactor": 0.9230769230769231
            }
        },
        {
            "emissiveFactor": [
                0,
                0,
                0
            ],
            "name": "Material #57",
            "pbrMetallicRoughness": {
                "baseColorFactor": [
                    1,
                    1,
                    1,
                    1
                ],
                "baseColorTexture": {
                    "index": 2,
                    "texCoord": 0
                },
                "metallicFactor": 0,
                "roughnessFactor": 0.9230769230769231
            }
        },
        {
            "emissiveFactor": [
                0,
                0,
                0
            ],
            "name": "Material #68",
            "pbrMetallicRoughness": {
                "baseColorFactor": [
                    1,
                    1,
                    1,
                    1
                ],
                "baseColorTexture": {
                    "index": 3,
                    "texCoord": 0
                },
                "metallicFactor": 0,
                "roughnessFactor": 0.9230769230769231
            }
        },
        {
            "emissiveFactor": [
                0,
                0,
                0
            ],
            "name": "Material #79",
            "pbrMetallicRoughness": {
                "baseColorFactor": [
                    1,
                    1,
                    1,
                    1
                ],
                "baseColorTexture": {
                    "index": 4,
                    "texCoord": 0
                },
                "metallicFactor": 0,
                "roughnessFactor": 0.9230769230769231
            }
        },
        {
            "emissiveFactor": [
                0,
                0,
                0
            ],
            "name": "Material #90",
            "pbrMetallicRoughness": {
                "baseColorFactor": [
                    1,
                    1,
                    1,
                    1
                ],
                "baseColorTexture": {
                    "index": 5,
                    "texCoord": 0
                },
                "metallicFactor": 0,
                "roughnessFactor": 0.9230769230769231
            }
        }
    ],
    "meshes": [
        {
            "name": "crystal_maiden_model_LOD0",
            "primitives": [
                {
                    "attributes": {
                        "JOINTS_0": 3,
                        "NORMAL": 1,
                        "POSITION": 0,
                        "TEXCOORD_0": 2,
                        "WEIGHTS_0": 4
                    },
                    "indices": 5,
                    "material": 0
                }
            ]
        },
        {
            "name": "crystal_maiden_cape_model_LOD0",
            "primitives": [
                {
                    "attributes": {
                        "JOINTS_0": 10,
                        "NORMAL": 8,
                        "POSITION": 7,
                        "TEXCOORD_0": 9,
                        "WEIGHTS_0": 11
                    },
                    "indices": 12,
                    "material": 1
                }
            ]
        },
        {
            "name": "crystal_maiden_cuffs_model_LOD0",
            "primitives": [
                {
                    "attributes": {
                        "JOINTS_0": 17,
                        "NORMAL": 15,
                        "POSITION": 14,
                        "TEXCOORD_0": 16,
                        "WEIGHTS_0": 18
                    },
                    "indices": 19,
                    "material": 2
                }
            ]
        },
        {
            "name": "crystal_maiden_shoulders_model_LOD0",
            "primitives": [
                {
                    "attributes": {
                        "JOINTS_0": 24,
                        "NORMAL": 22,
                        "POSITION": 21,
                        "TEXCOORD_0": 23,
                        "WEIGHTS_0": 25
                    },
                    "indices": 26,
                    "material": 3
                }
            ]
        },
        {
            "name": "crystal_maiden_staff_model_LOD0",
            "primitives": [
                {
                    "attributes": {
                        "JOINTS_0": 31,
                        "NORMAL": 29,
                        "POSITION": 28,
                        "TEXCOORD_0": 30,
                        "WEIGHTS_0": 32
                    },
                    "indices": 33,
                    "material": 4
                }
            ]
        },
        {
            "name": "head_item_model_LOD0",
            "primitives": [
                {
                    "attributes": {
                        "JOINTS_0": 38,
                        "NORMAL": 36,
                        "POSITION": 35,
                        "TEXCOORD_0": 37,
                        "WEIGHTS_0": 39
                    },
                    "indices": 40,
                    "material": 5
                }
            ]
        }
    ],
    "nodes": [
        {
            "children": [
                1,
                5,
                6,
                10
            ],
            "matrix": [
                1.6292068478213574e-7,
                1.469367938527879e-39,
                1.0000000000000002,
                0,
                1.0000000000000002,
                6.123233995736847e-17,
                -1.6292068478213574e-7,
                0,
                -6.123233995736685e-17,
                1,
                9.976014756666736e-24,
                0,
                -1.1324274851176597e-14,
                84.71015167236328,
                -3.623298168182373,
                1
            ],
            "name": "Root_0"
        },
        {
            "children": [
                2
            ],
            "matrix": [
                0.06193691492080681,
                0.20050758123397788,
                0.9777323007583618,
                0,
                0.6425582931168138,
                0.7415879850118582,
                -0.1927849691916092,
                0,
                -0.7637293749882161,
                0.6401905048009704,
                -0.08290613725511872,
                0,
                -0.27076911926269487,
                -9.813396453857422,
                -6.16326904296875,
                1
            ],
            "name": "thigh_R"
        },
        {
            "children": [
                3
            ],
            "matrix": [
                0.9865804314613341,
                -4.6193599699539956e-7,
                -0.16327768564224238,
                0,
                5.480600892004972e-7,
                1.0000002384185807,
                4.824250899315707e-7,
                0,
                0.1632776744514494,
                -5.654369624186195e-7,
                0.9865803638442796,
                0,
                -36.800674438476555,
                0,
                -0.00000667572021484375,
                1
            ],
            "name": "knee_R"
        },
        {
            "children": [
                4
            ],
            "matrix": [
                0.34787267446517944,
                -0.6494712829589847,
                0.6761444211006165,
                0,
                0.09328787689203753,
                0.7415882105480367,
                0.6643372766000176,
                0,
                -0.9328890231502684,
                -0.16802876320384694,
                0.31856617658674113,
                0,
                -34.408321380615234,
                -0.000009536743160509786,
                0.000009536743165838857,
                1
            ],
            "name": "ankle_R"
        },
        {
            "matrix": [
                0.8832208514213559,
                -0.10762335360050197,
                0.45644065737724293,
                0,
                0.05394880530916719,
                0.9901663527283023,
                0.12907770767663285,
                0,
                -0.4658439273842733,
                -0.08937968908369415,
                0.880341665003664,
                0,
                -12.771830558776855,
                0.0000095367431640625,
                0.000006198883055752447,
                1
            ],
            "name": "toeBase_R"
        },
        {
            "matrix": [
                0.06454146653413745,
                -2.769819218428881e-7,
                -0.9979150295257567,
                0,
                0.9979150295257457,
                -6.308099976148878e-7,
                0.0645414665343118,
                0,
                -6.473715922665305e-7,
                -0.9999999999999999,
                2.3569101870050125e-7,
                0,
                7.197256088256836,
                0.0000011920928955078127,
                0.451324462890625,
                1
            ],
            "name": "skirt_front"
        },
        {
            "children": [
                7
            ],
            "matrix": [
                -0.06193696334958085,
                0.20050685107708005,
                -0.9777323603630068,
                0,
                -0.6425587390686124,
                0.7415878370941716,
                0.19278443337446502,
                0,
                0.7637290384782486,
                0.6401909654226307,
                0.08290573206511673,
                0,
                -0.2707738876342769,
                9.813395500183105,
                -6.16326904296875,
                1
            ],
            "name": "thigh_L"
        },
        {
            "children": [
                8
            ],
            "matrix": [
                0.986580312252045,
                -7.450580596923828e-8,
                -0.16327805817127233,
                0,
                -7.404298549285038e-9,
                0.9999997615814263,
                -5.010515454761943e-7,
                0,
                0.1632780089719007,
                4.955365187075955e-7,
                0.9865800149728583,
                0,
                36.80068588256837,
                3.552713678800501e-15,
                -9.536743146298932e-7,
                1
            ],
            "name": "knee_L"
        },
        {
            "children": [
                9
            ],
            "matrix": [
                0.3478723168373108,
                -0.649472177028656,
                0.6761442422866824,
                0,
                0.09328773049305115,
                0.7415878589851862,
                0.6643382198669416,
                0,
                -0.9328891703354726,
                -0.1680288453061017,
                0.31856554208612975,
                0,
                34.40829086303711,
                0,
                0.000006198883055752447,
                1
            ],
            "name": "ankle_L"
        },
        {
            "matrix": [
                0.8832208514213562,
                -0.10762325674295424,
                0.4564408659934999,
                0,
                0.05394897075396445,
                0.9901658353949121,
                0.12907699644716994,
                0,
                -0.4658438877902842,
                -0.08937898930188527,
                0.8803413699951864,
                0,
                12.771821975708008,
                -0.0000019073486292597863,
                0.0000011920928950637233,
                1
            ],
            "name": "toeBase_L"
        },
        {
            "children": [
                11
            ],
            "matrix": [
                -0.04881698265671659,
                5.9783684678882024e-18,
                0.9988077282905579,
                0,
                -0.0000019050745549015715,
                0.9999999999999999,
                -9.311100512961421e-8,
                0,
                -0.9988077282905578,
                -0.0000019073485867279454,
                -0.04881698265671658,
                0,
                1.9229251146316528,
                7.152557373046877e-7,
                7.760711669921875,
                1
            ],
            "name": "Spine_0"
        },
        {
            "children": [
                12
            ],
            "matrix": [
                0.9955207705497741,
                4.747013235828488e-7,
                0.09454318881034848,
                0,
                -2.5142865665462864e-7,
                0.9999999999999997,
                -0.0000023735065042271566,
                0,
                -0.0945431888114539,
                0.0000023391041570341608,
                0.9955207705496688,
                0,
                7.118644714355469,
                4.768380676978268e-7,
                2.384185786574733e-7,
                1
            ],
            "name": "Spine_1"
        },
        {
            "children": [
                13,
                17,
                21,
                23,
                42,
                43,
                45
            ],
            "matrix": [
                0.9993932843208314,
                -4.765477683577046e-7,
                0.034835919737815885,
                0,
                4.53184006567906e-7,
                1,
                6.785730306546535e-7,
                0,
                -0.03483591973813141,
                -6.623742480780829e-7,
                0.9993932843208205,
                0,
                8.880447387695298,
                -0.0000019073468138230965,
                -0.000007629394533026357,
                1
            ],
            "name": "Spine_3"
        },
        {
            "children": [
                14
            ],
            "matrix": [
                -0.979844391345978,
                0.07948766648769391,
                0.18326619267463684,
                0,
                0.18384782534298885,
                -7.281084076936718e-7,
                0.982954443315893,
                0,
                0.07813291010126235,
                0.9968357660760138,
                -0.014612925251020856,
                0,
                1.9157867431640767,
                5.524999618530274,
                12.695793151855472,
                1
            ],
            "name": "Cape_R0C0"
        },
        {
            "children": [
                15
            ],
            "matrix": [
                0.9978775382041933,
                0.06511829793453217,
                1.808584748977382e-17,
                0,
                -0.06511830180764729,
                0.997877597556091,
                1.2293457984805054e-7,
                0,
                8.005291258031641e-9,
                -1.2267366641960115e-7,
                1.0000001192092893,
                0,
                26.20247650146483,
                0.0000095367431640625,
                0.000009536743162286143,
                1
            ],
            "name": "Cape_R1C0"
        },
        {
            "children": [
                16
            ],
            "matrix": [
                0.9967252612113953,
                0.08086086064577104,
                -1.49011612139325e-8,
                0,
                -0.08086084642893002,
