{
    "animations": {},
    "asset": {},
    "attributes": {
        "attribute_1": {
            "bufferView": "bufferView_37",
            "byteOffset": 0,
            "byteStride": 12,
            "count": 2087,
            "max": [
                1,
                1,
                1
            ],
            "min": [
                0,
                0,
                0
            ],
            "type": "FLOAT_VEC3"
        },
        "attribute_10": {
            "bufferView": "bufferView_37",
            "byteOffset": 128452,
            "byteStride": 16,
            "count": 101,
            "max": [
                1,
                1,
                1
            ],
            "min": [
                0,
                0,
                0
            ],
            "type": "FLOAT_VEC4"
        },
        "attribute_11": {
            "bufferView": "bufferView_37",
            "byteOffset": 130068,
            "byteStride": 12,
            "count": 101,
            "max": [
                1,
                1,
                1
            ],
            "min": [
                0,
                0,
                0
            ],
            "type": "FLOAT_VEC3"
        },
        "attribute_13": {
            "bufferView": "bufferView_37",
            "byteOffset": 131280,
            "byteStride": 12,
            "count": 455,
            "max": [
                1,
                1,
                1
            ],
            "min": [
                0,
                0,
                0
            ],
            "type": "FLOAT_VEC3"
        },
        "attribute_14": {
            "bufferView": "bufferView_37",
            "byteOffset": 136740,
            "byteStride": 12,
            "count": 455,
            "max": [
                1,
                1,
                1
            ],
            "min": [
                0,
                0,
                0
            ],
            "type": "FLOAT_VEC3"
        },
        "attribute_15": {
            "bufferView": "bufferView_37",
            "byteOffset": 142200,
            "byteStride": 8,
            "count": 455,
            "max": [
                1,
                1,
                1
            ],
            "min": [
                0,
                0,
                0
            ],
            "type": "FLOAT_VEC2"
        },
        "attribute_16": {
            "bufferView": "bufferView_37",
            "byteOffset": 145840,
            "byteStride": 16,
            "count": 455,
            "max": [
                1,
                1,
                1
            ],
            "min": [
                0,
                0,
                0
            ],
            "type": "FLOAT_VEC4"
        },
        "attribute_17": {
            "bufferView": "bufferView_37",
            "byteOffset": 153120,
            "byteStride": 12,
            "count": 455,
            "max": [
                1,
                1,
                1
            ],
            "min": [
                0,
                0,
                0
            ],
            "type": "FLOAT_VEC3"
        },
        "attribute_19": {
            "bufferView": "bufferView_37",
            "byteOffset": 158580,
            "byteStride": 12,
            "count": 581,
            "max": [
                1,
                1,
                1
            ],
            "min": [
                0,
                0,
                0
            ],
            "type": "FLOAT_VEC3"
        },
        "attribute_2": {
            "bufferView": "bufferView_37",
            "byteOffset": 25044,
            "byteStride": 12,
            "count": 2087,
            "max": [
                1,
                1,
                1
            ],
            "min": [
                0,
                0,
                0
            ],
            "type": "FLOAT_VEC3"
        },
        "attribute_20": {
            "bufferView": "bufferView_37",
            "byteOffset": 165552,
            "byteStride": 12,
            "count": 581,
            "max": [
                1,
                1,
                1
            ],
            "min": [
                0,
                0,
                0
            ],
            "type": "FLOAT_VEC3"
        },
        "attribute_21": {
            "bufferView": "bufferView_37",
            "byteOffset": 172524,
            "byteStride": 8,
            "count": 581,
            "max": [
                1,
                1,
                1
            ],
            "min": [
                0,
                0,
                0
            ],
            "type": "FLOAT_VEC2"
        },
        "attribute_22": {
            "bufferView": "bufferView_37",
            "byteOffset": 177172,
            "byteStride": 16,
            "count": 581,
            "max": [
                1,
                1,
                1
            ],
            "min": [
                0,
                0,
                0
            ],
            "type": "FLOAT_VEC4"
        },
        "attribute_23": {
            "bufferView": "bufferView_37",
            "byteOffset": 186468,
            "byteStride": 12,
            "count": 581,
            "max": [
                1,
                1,
                1
            ],
            "min": [
                0,
                0,
                0
            ],
            "type": "FLOAT_VEC3"
        },
        "attribute_25": {
            "bufferView": "bufferView_37",
            "byteOffset": 193440,
            "byteStride": 12,
            "count": 220,
            "max": [
                1,
                1,
                1
            ],
            "min": [
                0,
                0,
                0
            ],
            "type": "FLOAT_VEC3"
        },
        "attribute_26": {
            "bufferView": "bufferView_37",
            "byteOffset": 196080,
            "byteStride": 12,
            "count": 220,
            "max": [
                1,
                1,
                1
            ],
            "min": [
                0,
                0,
                0
            ],
            "type": "FLOAT_VEC3"
        },
        "attribute_27": {
            "bufferView": "bufferView_37",
            "byteOffset": 198720,
            "byteStride": 8,
            "count": 220,
            "max": [
                1,
                1,
                1
            ],
            "min": [
                0,
                0,
                0
            ],
            "type": "FLOAT_VEC2"
        },
        "attribute_28": {
            "bufferView": "bufferView_37",
            "byteOffset": 200480,
            "byteStride": 16,
            "count": 220,
            "max": [
                1,
                1,
                1
            ],
            "min": [
                0,
                0,
                0
            ],
            "type": "FLOAT_VEC4"
        },
        "attribute_29": {
            "bufferView": "bufferView_37",
            "byteOffset": 204000,
            "byteStride": 12,
            "count": 220,
            "max": [
                1,
                1,
                1
            ],
            "min": [
                0,
                0,
                0
            ],
            "type": "FLOAT_VEC3"
        },
        "attribute_3": {
            "bufferView": "bufferView_37",
            "byteOffset": 50088,
            "byteStride": 8,
            "count": 2087,
            "max": [
                1,
                1,
                1
            ],
            "min": [
                0,
                0,
                0
            ],
            "type": "FLOAT_VEC2"
        },
        "attribute_31": {
            "bufferView": "bufferView_37",
            "byteOffset": 206640,
            "byteStride": 12,
            "count": 220,
            "max": [
                1,
                1,
                1
            ],
            "min": [
                0,
                0,
                0
            ],
            "type": "FLOAT_VEC3"
        },
        "attribute_32": {
            "bufferView": "bufferView_37",
            "byteOffset": 209280,
            "byteStride": 12,
            "count": 220,
            "max": [
                1,
                1,
                1
            ],
            "min": [
                0,
                0,
                0
            ],
            "type": "FLOAT_VEC3"
        },
        "attribute_33": {
            "bufferView": "bufferView_37",
            "byteOffset": 211920,
            "byteStride": 8,
            "count": 220,
            "max": [
                1,
                1,
                1
            ],
            "min": [
                0,
                0,
                0
            ],
            "type": "FLOAT_VEC2"
        },
        "attribute_34": {
            "bufferView": "bufferView_37",
            "byteOffset": 213680,
            "byteStride": 16,
            "count": 220,
            "max": [
                1,
                1,
                1
            ],
            "min": [
                0,
                0,
                0
            ],
            "type": "FLOAT_VEC4"
        },
        "attribute_35": {
            "bufferView": "bufferView_37",
            "byteOffset": 217200,
            "byteStride": 12,
            "count": 220,
            "max": [
                1,
                1,
                1
            ],
            "min": [
                0,
                0,
                0
            ],
            "type": "FLOAT_VEC3"
        },
        "attribute_4": {
            "bufferView": "bufferView_37",
            "byteOffset": 66784,
            "byteStride": 16,
            "count": 2087,
            "max": [
                1,
                1,
                1
            ],
            "min": [
                0,
                0,
                0
            ],
            "type": "FLOAT_VEC4"
        },
        "attribute_5": {
            "bufferView": "bufferView_37",
            "byteOffset": 100176,
            "byteStride": 12,
            "count": 2087,
            "max": [
                1,
                1,
                1
            ],
            "min": [
                0,
                0,
                0
            ],
            "type": "FLOAT_VEC3"
        },
        "attribute_7": {
            "bufferView": "bufferView_37",
            "byteOffset": 125220,
            "byteStride": 12,
            "count": 101,
            "max": [
                1,
                1,
                1
            ],
            "min": [
                0,
                0,
                0
            ],
            "type": "FLOAT_VEC3"
        },
        "attribute_8": {
            "bufferView": "bufferView_37",
            "byteOffset": 126432,
            "byteStride": 12,
            "count": 101,
            "max": [
                1,
                1,
                1
            ],
            "min": [
                0,
                0,
                0
            ],
            "type": "FLOAT_VEC3"
        },
        "attribute_9": {
            "bufferView": "bufferView_37",
            "byteOffset": 127644,
            "byteStride": 8,
            "count": 101,
            "max": [
                1,
                1,
                1
            ],
            "min": [
                0,
                0,
                0
            ],
            "type": "FLOAT_VEC2"
        }
    },
    "bufferViews": {
        "bufferView_37": {
            "buffer": "troll_warlord.bin",
            "byteLength": 219840,
            "byteOffset": 0,
            "target": "ARRAY_BUFFER"
        },
        "bufferView_38": {
            "buffer": "troll_warlord.bin",
            "byteLength": 43086,
            "byteOffset": 219840,
            "target": "ELEMENT_ARRAY_BUFFER"
        }
    },
    "buffers": {
        "troll_warlord.bin": {
            "byteLength": 262926,
            "path": "troll_warlord.bin"
        }
    },
    "cameras": {},
    "images": {
        "image_0": {
            "path": "textures/troll_warlord.png"
        },
        "image_1": {
            "path": "textures/troll_warlord_bracer.png"
        },
        "image_2": {
            "path": "textures/troll_warlord_head.png"
        },
        "image_3": {
            "path": "textures/troll_warlord_shoulder.png"
        },
        "image_4": {
            "path": "textures/troll_warlord_axe_large.png"
        }
    },
    "indices": {
        "indices_12": {
            "bufferView": "bufferView_38",
            "byteOffset": 24570,
            "count": 516,
            "type": "UNSIGNED_SHORT"
        },
        "indices_18": {
            "bufferView": "bufferView_38",
            "byteOffset": 25602,
            "count": 2652,
            "type": "UNSIGNED_SHORT"
        },
        "indices_24": {
            "bufferView": "bufferView_38",
            "byteOffset": 30906,
            "count": 3474,
            "type": "UNSIGNED_SHORT"
        },
        "indices_30": {
            "bufferView": "bufferView_38",
            "byteOffset": 37854,
            "count": 1308,
            "type": "UNSIGNED_SHORT"
        },
        "indices_36": {
            "bufferView": "bufferView_38",
            "byteOffset": 40470,
            "count": 1308,
            "type": "UNSIGNED_SHORT"
        },
        "indices_6": {
            "bufferView": "bufferView_38",
            "byteOffset": 0,
            "count": 12285,
            "type": "UNSIGNED_SHORT"
        }
    },
    "lights": {},
    "materials": {
        "Material #35": {
            "instanceTechnique": {
                "technique": "technique_0",
                "values": [
                    {
                        "parameter": "ambient",
                        "value": [
                            0.5879999995231628,
                            0.5879999995231628,
                            0.5879999995231628
                        ]
                    },
                    {
                        "parameter": "emission",
                        "value": [
                            0,
                            0,
                            0
                        ]
                    },
                    {
                        "parameter": "diffuse",
                        "value": "Map #5"
                    },
                    {
                        "parameter": "shininess",
                        "value": 2
                    },
                    {
                        "parameter": "specular",
                        "value": [
                            0.8999999761581421,
                            0.8999999761581421,
                            0.8999999761581421
                        ]
                    }
                ]
            },
            "name": "Material #35"
        },
        "Material #46": {
            "instanceTechnique": {
                "technique": "technique_0",
                "values": [
                    {
                        "parameter": "ambient",
                        "value": [
                            0.5879999995231628,
                            0.5879999995231628,
                            0.5879999995231628
                        ]
                    },
                    {
                        "parameter": "emission",
                        "value": [
                            0,
                            0,
                            0
                        ]
                    },
                    {
                        "parameter": "diffuse",
                        "value": "Map #6"
                    },
                    {
                        "parameter": "shininess",
                        "value": 2
                    },
                    {
                        "parameter": "specular",
                        "value": [
                            0.8999999761581421,
                            0.8999999761581421,
                            0.8999999761581421
                        ]
                    }
                ]
            },
            "name": "Material #46"
        },
        "Material #57": {
            "instanceTechnique": {
                "technique": "technique_0",
                "values": [
                    {
                        "parameter": "ambient",
                        "value": [
                            0.5879999995231628,
                            0.5879999995231628,
                            0.5879999995231628
                        ]
                    },
                    {
                        "parameter": "emission",
                        "value": [
                            0,
                            0,
                            0
                        ]
                    },
                    {
                        "parameter": "diffuse",
                        "value": "Map #7"
                    },
                    {
                        "parameter": "shininess",
                        "value": 2
                    },
                    {
                        "parameter": "specular",
                        "value": [
                            0.8999999761581421,
                            0.8999999761581421,
                            0.8999999761581421
                        ]
                    }
                ]
            },
            "name": "Material #57"
        },
        "Material #68": {
            "instanceTechnique": {
                "technique": "technique_0",
                "values": [
                    {
                        "parameter": "ambient",
                        "value": [
                            0.5879999995231628,
                            0.5879999995231628,
                            0.5879999995231628
                        ]
                    },
                    {
                        "parameter": "emission",
                        "value": [
                            0,
                            0,
                            0
                        ]
                    },
                    {
                        "parameter": "diffuse",
                        "value": "Map #8"
                    },
                    {
                        "parameter": "shininess",
                        "value": 2
                    },
                    {
                        "parameter": "specular",
                        "value": [
                            0.8999999761581421,
                            0.8999999761581421,
                            0.8999999761581421
                        ]
                    }
                ]
            },
            "name": "Material #68"
        },
        "Material #79": {
            "instanceTechnique": {
                "technique": "technique_0",
                "values": [
                    {
                        "parameter": "ambient",
                        "value": [
                            0.5879999995231628,
                            0.5879999995231628,
                            0.5879999995231628
                        ]
                    },
                    {
                        "parameter": "emission",
                        "value": [
                            0,
                            0,
                            0
                        ]
                    },
                    {
                        "parameter": "diffuse",
                        "value": "Map #11"
                    },
                    {
                        "parameter": "shininess",
                        "value": 2
                    },
                    {
                        "parameter": "specular",
                        "value": [
                            0.8999999761581421,
                            0.8999999761581421,
                            0.8999999761581421
                        ]
                    }
                ]
            },
            "name": "Material #79"
        },
        "Material #90": {
            "instanceTechnique": {
                "technique": "technique_0",
                "values": [
                    {
                        "parameter": "ambient",
                        "value": [
                            0.5879999995231628,
                            0.5879999995231628,
                            0.5879999995231628
                        ]
                    },
                    {
                        "parameter": "emission",
                        "value": [
                            0,
                            0,
                            0
                        ]
                    },
                    {
                        "parameter": "diffuse",
                        "value": "Map #12"
                    },
                    {
                        "parameter": "shininess",
                        "value": 2
                    },
                    {
                        "parameter": "specular",
                        "value": [
                            0.8999999761581421,
                            0.8999999761581421,
                            0.8999999761581421
                        ]
                    }
                ]
            },
            "name": "Material #90"
        }
    },
    "meshes": {
        "troll_warlord_axe_melee_L_model_LOD0-mesh": {
            "name": "troll_warlord_axe_melee_L_model_LOD0-mesh",
            "primitives": [
                {
                    "indices": "indices_30",
                    "material": "Material #79",
                    "semantics": {
                        "JOINT": "attribute_28",
                        "NORMAL": "attribute_26",
                        "POSITION": "attribute_25",
                        "TEXCOORD_0": "attribute_27",
                        "WEIGHT": "attribute_29"
                    },
                    "skin": "skin_4"
                }
            ]
        },
        "troll_warlord_axe_melee_R_model_LOD0-mesh": {
            "name": "troll_warlord_axe_melee_R_model_LOD0-mesh",
            "primitives": [
                {
                    "indices": "indices_36",
                    "material": "Material #90",
                    "semantics": {
                        "JOINT": "attribute_34",
                        "NORMAL": "attribute_32",
                        "POSITION": "attribute_31",
                        "TEXCOORD_0": "attribute_33",
                        "WEIGHT": "attribute_35"
                    },
                    "skin": "skin_5"
                }
            ]
        },
        "troll_warlord_bracer_model-mesh": {
            "name": "troll_warlord_bracer_model-mesh",
            "primitives": [
                {
                    "indices": "indices_12",
                    "material": "Material #46",
                    "semantics": {
                        "JOINT": "attribute_10",
                        "NORMAL": "attribute_8",
                        "POSITION": "attribute_7",
                        "TEXCOORD_0": "attribute_9",
                        "WEIGHT": "attribute_11"
                    },
                    "skin": "skin_1"
                }
            ]
        },
        "troll_warlord_head_model_LOD0-mesh": {
            "name": "troll_warlord_head_model_LOD0-mesh",
            "primitives": [
                {
                    "indices": "indices_18",
                    "material": "Material #57",
                    "semantics": {
                        "JOINT": "attribute_16",
                        "NORMAL": "attribute_14",
                        "POSITION": "attribute_13",
                        "TEXCOORD_0": "attribute_15",
                        "WEIGHT": "attribute_17"
                    },
                    "skin": "skin_2"
                }
            ]
        },
        "troll_warlord_model_LOD0-mesh": {
            "name": "troll_warlord_model_LOD0-mesh",
            "primitives": [
                {
                    "indices": "indices_6",
                    "material": "Material #35",
                    "semantics": {
                        "JOINT": "attribute_4",
                        "NORMAL": "attribute_2",
                        "POSITION": "attribute_1",
                        "TEXCOORD_0": "attribute_3",
                        "WEIGHT": "attribute_5"
                    },
                    "skin": "skin_0"
                }
            ]
        },
        "troll_warlord_shoulders_model_LOD0-mesh": {
            "name": "troll_warlord_shoulders_model_LOD0-mesh",
            "primitives": [
                {
                    "indices": "indices_24",
                    "material": "Material #68",
                    "semantics": {
                        "JOINT": "attribute_22",
                        "NORMAL": "attribute_20",
                        "POSITION": "attribute_19",
                        "TEXCOORD_0": "attribute_21",
                        "WEIGHT": "attribute_23"
                    },
                    "skin": "skin_3"
                }
            ]
        }
    },
    "nodes": {
        "Index_0_L": {
            "children": [
                "Index_1_L"
            ],
            "matrix": [
                -0.7054352760314941,
                -0.27660715579986583,
                -0.6525717377662661,
                0,
                -0.31917422817028673,
                -0.6980928879756148,
                0.6409322129244618,
                0,
                -0.6328419679908845,
                0.6604201088897173,
                0.40417337306662604,
                0,
                -13.06291580200196,
                1.2779998779296875,
                -11.62851524353027,
                1
            ],
            "name": "Index_0_L"
        },
        "Index_0_R": {
            "children": [
                "Index_1_R"
            ],
            "matrix": [
                -0.7054346799850465,
                0.2766072154045101,
                0.6525713205337524,
                0,
                -0.31917364582426255,
                0.6980931887130561,
                -0.6409318929038652,
                0,
                -0.6328422812474312,
                -0.660419466490996,
                -0.4041736040622396,
                0,
                13.062873840332038,
                1.277961730957017,
                -11.628509521484382,
                1
            ],
            "name": "Index_0_R"
        },
        "Index_1_L": {
            "children": [],
            "matrix": [
                0.7858752608299255,
                -1.7881393449270533e-7,
                -0.6183851361274717,
                0,
                3.68238855796843e-7,
                0.999999940395288,
                1.7881394093199887e-7,
                0,
                0.6183851589202046,
                -3.682389231041139e-7,
                0.7858752897961953,
                0,
                8.480918884277337,
                0.000019073486342335855,
                -1.4210854715202004e-14,
                1
            ],
            "name": "Index_1_L"
        },
        "Index_1_R": {
            "children": [],
            "matrix": [
                0.7858755588531492,
                1.490116118829654e-7,
                -0.6183850765228271,
                0,
                -6.820764568704618e-7,
                0.9999999999998115,
                -6.258488756683001e-7,
                0,
                0.6183850869683835,
                9.136252523168908e-7,
                0.7858755721281199,
                0,
                -8.480926513671868,
                -0.000007629394538355427,
                -0.000007629394545460855,
                1
            ],
            "name": "Index_1_R"
        },
        "Mid_0_L": {
            "children": [
                "Mid_1_L"
            ],
            "matrix": [
                -0.7968770861625676,
                -0.4078537225723267,
                -0.44569310545921353,
                0,
                0.003349194906168418,
                -0.740700678710667,
                0.6718269337769196,
                0,
                -0.6041322579993045,
                0.5338707378068845,
                0.5916133375064193,
                0,
                -14.152027130126953,
                -3.87567138671875,
                -5.638507843017578,
                1
            ],
            "name": "Mid_0_L"
        },
        "Mid_0_R": {
            "children": [
                "Mid_1_R"
            ],
            "matrix": [
                -0.7968767285346986,
                0.40785419940948475,
                0.4456926882267,
                0,
                0.0033496604956417264,
                0.7407003445902932,
                -0.6718272196456396,
                0,
                -0.6041322540366637,
                -0.5338705343013568,
                -0.5916130145467353,
                0,
                14.151973724365234,
                -3.8757476806640625,
                -5.6385040283203125,
                1
            ],
            "name": "Mid_0_R"
        },
        "Mid_1_L": {
            "children": [],
            "matrix": [
                0.6123515367507935,
                -2.086162567138672e-7,
                -0.7905855178833006,
                0,
                7.134345147985499e-8,
                1.000000000000125,
                -2.0861624810963875e-7,
                0,
                0.790585716213419,
                7.134339857772787e-8,
                0.6123516903682515,
                0,
                8.359577178955064,
                0.000011444091796875,
                1.4210854715202004e-14,
                1
            ],
            "name": "Mid_1_L"
        },
        "Mid_1_R": {
            "children": [],
            "matrix": [
                0.6123515963554386,
                -2.3841857904605135e-7,
                -0.7905857563018802,
                0,
                -7.264758954406147e-7,
                0.9999999999999707,
                -8.642670928926677e-7,
                0,
                0.7905855988855384,
                0.0000011035766095679467,
                0.6123514744276014,
                0,
                -8.359611511230483,
                7.105427357601002e-15,
                -0.00002288818359375,
                1
            ],
            "name": "Mid_1_R"
        },
        "Thumb_0_L": {
            "children": [
                "Thumb_1_L"
            ],
            "matrix": [
                -0.5190666317939756,
                -0.2775848209857943,
                -0.8084038496017458,
                0,
                -0.7791854926563292,
                0.5424442831476897,
                0.3140446326530996,
                0,
                0.35134001619087046,
                0.7929066249031577,
                -0.49785478204872724,
                0,
                -4.177066802978523,
                0.74053955078125,
                -11.718181610107422,
                1
            ],
            "name": "Thumb_0_L"
        },
        "Thumb_0_R": {
            "children": [
                "Thumb_1_R"
            ],
            "matrix": [
                -0.5190657377243046,
                0.2775856256484984,
                0.8084036111831668,
                0,
                -0.7791862310168548,
                -0.5424436485702256,
                -0.3140440155733561,
                0,
                0.35133937913186297,
                -0.7929066305438338,
                0.49785492243408835,
                0,
                4.177021026611328,
                0.7404937744140625,
                -11.718196868896491,
                1
            ],
            "name": "Thumb_0_R"
        },
        "Thumb_1_L": {
            "children": [],
            "matrix": [
                0.7859964966773989,
                2.6822090146150224e-7,
                -0.6182306408882143,
                0,
                -2.9436706962260306e-7,
                1.0000000000000318,
                5.960464175003288e-8,
                0,
                0.6182307505602028,
                1.3513772656459366e-7,
                0.7859966361105317,
                0,
                9.507766723632812,
                -0.00000762939453125,
                0.00002288818359375,
                1
            ],
            "name": "Thumb_1_L"
        },
        "Thumb_1_R": {
            "children": [],
            "matrix": [
                0.7859967947006228,
                2.980232237936864e-7,
                -0.6182303428649905,
                0,
                -1.7991574136067e-7,
                0.9999998807907583,
                2.533198089904598e-7,
                0,
                0.6182303698816083,
                -8.787920161013041e-8,
                0.7859968290485788,
                0,
                -9.507781982421882,
                -0.00000762939453125,
                0,
                1
            ],
            "name": "Thumb_1_R"
        },
        "ankle_L": {
            "children": [
                "toeBase_L"
            ],
            "matrix": [
                0.24208593368530257,
                -0.4301757812499999,
                0.8696799874305727,
                0,
                0.05704979281751532,
                0.9011019143925468,
                0.42983772542971804,
                0,
                -0.9685760711045839,
                -0.054442603441089116,
                0.24268553502490464,
                0,
                51.45751953124999,
                0,
                0.000012397766116833964,
                1
            ],
            "name": "ankle_L"
        },
        "ankle_R": {
            "children": [
                "toeBase_R"
            ],
            "matrix": [
                0.2420859634876255,
                -0.43017601966857916,
                0.8696798086166384,
                0,
                0.05704948927487757,
                0.9011020137322542,
                0.429838192517909,
                0,
                -0.9685763554098328,
                -0.0544430066398478,
                0.2426854828920589,
                0,
                -51.457515716552734,
                0,
                0.000017166137698865214,
                1
            ],
            "name": "ankle_R"
        },
        "arm_cloth_R0C0": {
            "children": [
                "arm_cloth_R1C0"
            ],
            "matrix": [
                0.8048426508903501,
                0.5691362619400022,
                0.16826258599758145,
                0,
                -0.060974597259849904,
                -0.20271829992633444,
                0.9773372432589327,
                0,
                0.5903478973601964,
                -0.7968623421550846,
                -0.12845346359014975,
                0,
                27.08367156982422,
                2.180511474609375,
                -1.800889015197754,
                1
            ],
            "name": "arm_cloth_R0C0"
        },
        "arm_cloth_R1C0": {
            "children": [
                "arm_cloth_R2C0"
            ],
            "matrix": [
                0.9999999999999999,
                9.499498787590717e-8,
                1.490114982516389e-7,
                0,
                -9.499499037391092e-8,
                0.9999999999999966,
                1.676383476478802e-8,
                0,
                -1.490115144227114e-7,
                -1.6763850918540344e-8,
                1.000000119209287,
                0,
                4.1373291015625,
                -0.1190176010131836,
                -7.105427357601002e-15,
                1
            ],
            "name": "arm_cloth_R1C0"
        },
        "arm_cloth_R2C0": {
            "children": [
                "arm_cloth_R3C0"
            ],
            "matrix": [
                1.0000001192092896,
                -2.048871294846327e-8,
                5.662438979925356e-7,
                0,
                2.0488715113430646e-8,
                0.999999761581421,
                -1.676362870739338e-8,
                0,
                -5.662436951444476e-7,
                1.6763640309000555e-8,
                0.9999997615813354,
                0,
                29.4388885498047,
                -0.44395351409912287,
                -0.000030517578125,
                1
            ],
            "name": "arm_cloth_R2C0"
        },
        "arm_cloth_R3C0": {
            "children": [],
            "matrix": [
                1.0000000000000002,
                -6.0828426740045755e-9,
                -2.0116564769523382e-7,
                0,
                6.082843305454985e-9,
                1.0000001192092898,
                -4.656905416843712e-10,
                0,
                2.0116567167887972e-7,
                4.656893180252785e-10,
                1.0000001192092853,
                0,
                32.862976074218764,
                -0.2663812637329084,
                -0.00006103515625,
                1
            ],
            "name": "arm_cloth_R3C0"
        },
        "axe_L2_0": {
            "children": [],
            "matrix": [
                0.17172959446907055,
                0.3771440982818603,
                0.9100942611694339,
                0,
                0.37714506655793834,
                0.8282711103888727,
                -0.41440161364375244,
                0,
                -0.9100938965084443,
                0.4144025769103152,
                6.258490743752946e-7,
                0,
                -7.390383720397956,
                -119.9659881591797,
                -41.025779724121094,
                1
            ],
            "name": "axe_L2_0"
        },
        "axe_R3_0": {
            "children": [],
            "matrix": [
                0.19072736799716966,
                -0.3197279274463654,
                -0.928114950656891,
                0,
                -0.3155975930572791,
                0.8753033846835553,
                -0.3663899984598247,
                0,
                0.9295271602095063,
                0.3627914007361899,
                0.06603893844454971,
                0,
                2.9072201251983607,
                -116.93778991699219,
                -49.46385574340821,
                1
            ],
            "name": "axe_R3_0"
        },
        "back_cloth_R0C0": {
            "children": [
                "back_cloth_R1C0"
            ],
            "matrix": [
                0.023130573332310136,
                -1.544132288700011e-7,
                -0.9997323751449585,
                0,
                -0.999732375144971,
                -0.000003502566566585188,
                -0.023130573331769436,
                0,
                -0.0000034980580672266004,
                1.0000000000000004,
                -2.3538831327788455e-7,
                0,
                -12.94658851623535,
                8.278004646301268,
                -2.481536865234375,
                1
            ],
            "name": "back_cloth_R0C0"
        },
        "back_cloth_R0C1": {
            "children": [
                "back_cloth_R1C1"
            ],
            "matrix": [
                0.023130573332310136,
                -1.544132288700011e-7,
