{
    "accessors": [
        {
            "bufferView": 0,
            "byteOffset": 0,
            "componentType": 5126,
            "count": 2609,
            "max": [
                63.956024169921875,
                34.0772705078125,
                189.6907196044922
            ],
            "min": [
                -63.72980880737305,
                -39.6207275390625,
                -1.9848383665084839
            ],
            "type": "VEC3"
        },
        {
            "bufferView": 0,
            "byteOffset": 31308,
            "componentType": 5126,
            "count": 2609,
            "max": [
                0.9985535144805908,
                0.9999979734420776,
                0.9997621774673462
            ],
            "min": [
                -0.99861741065979,
                -0.999924898147583,
                -0.998514711856842
            ],
            "type": "VEC3"
        },
        {
            "bufferView": 0,
            "byteOffset": 62616,
            "componentType": 5126,
            "count": 2609,
            "max": [
                0.9991239905357361,
                0.9930245280265808
            ],
            "min": [
                0.003134059952571988,
                0.0006979703903198242
            ],
            "type": "VEC2"
        },
        {
            "bufferView": 0,
            "byteOffset": 83488,
            "componentType": 5123,
            "count": 2609,
            "max": [
                51,
                51,
                51,
                0
            ],
            "min": [
                0,
                0,
                0,
                0
            ],
            "type": "VEC4"
        },
        {
            "bufferView": 0,
            "byteOffset": 104360,
            "componentType": 5126,
            "count": 2609,
            "max": [
                1,
                0.9998904466629028,
                0.9996546506881714,
                0
            ],
            "min": [
                0.00010955333709716797,
                0,
                0,
                0
            ],
            "type": "VEC4"
        },
        {
            "bufferView": 2,
            "byteOffset": 0,
            "componentType": 5123,
            "count": 12285,
            "max": [
                2608
            ],
            "min": [
                0
            ],
            "type": "SCALAR"
        },
        {
            "bufferView": 1,
            "byteOffset": 0,
            "componentType": 5126,
            "count": 52,
            "max": [
                0.8227395023734105,
                0.9999999999999929,
                1.000000238418159,
                0,
                0.828713597384978,
                0.999999999999956,
                0.9773370134997084,
                0,
                0.9962771049619304,
                0.9448731932945107,
                1,
                0,
                167.99887687358694,
                121.89355298145266,
                132.28312603106716,
                1
            ],
            "min": [
                -0.7339219056929032,
                -0.7968626493831439,
                -0.87471456243991,
                0,
                -0.9999999999999732,
                -0.9765895007772887,
                -0.9773366770500298,
                0,
                -0.9999999999999885,
                -0.9081423403178479,
                -0.8399036014672847,
                0,
                -139.9701224294659,
                -124.57251932718371,
                -173.93325798986126,
                1
            ],
            "type": "MAT4"
        },
        {
            "bufferView": 0,
            "byteOffset": 146104,
            "componentType": 5126,
            "count": 111,
            "max": [
                69.10769653320312,
                -0.4431593120098114,
                130.78469848632812
            ],
            "min": [
                43.62609100341797,
                -34.23830032348633,
                98.09748840332031
            ],
            "type": "VEC3"
        },
        {
            "bufferView": 0,
            "byteOffset": 147436,
            "componentType": 5126,
            "count": 111,
            "max": [
                0.9921140670776367,
                0.9944449663162231,
                0.9523126482963562
            ],
            "min": [
                -0.9943661093711853,
                -0.9741080403327942,
                -0.9519714117050171
            ],
            "type": "VEC3"
        },
        {
            "bufferView": 0,
            "byteOffset": 148768,
            "componentType": 5126,
            "count": 111,
            "max": [
                0.9922040104866028,
                0.9947797656059265
            ],
            "min": [
                0.007795909885317087,
                0.005043983459472656
            ],
            "type": "VEC2"
        },
        {
            "bufferView": 0,
            "byteOffset": 149656,
            "componentType": 5123,
            "count": 111,
            "max": [
                5,
                6,
                9,
                0
            ],
            "min": [
                0,
                1,
                0,
                0
            ],
            "type": "VEC4"
        },
        {
            "bufferView": 0,
            "byteOffset": 150544,
            "componentType": 5126,
            "count": 111,
            "max": [
                0.9471069574356079,
                0.7542082667350769,
                0.6685619950294495,
                0
            ],
            "min": [
                0.010752799920737743,
                0.0356314592063427,
                0,
                0
            ],
            "type": "VEC4"
        },
        {
            "bufferView": 2,
            "byteOffset": 24570,
            "componentType": 5123,
            "count": 516,
            "max": [
                110
            ],
            "min": [
                0
            ],
            "type": "SCALAR"
        },
        {
            "bufferView": 1,
            "byteOffset": 3328,
            "componentType": 5126,
            "count": 10,
            "max": [
                0.5903474261302959,
                0.7682159754229174,
                0.9140833643329417,
                0,
                0.7663306884708402,
                0.623426825098419,
                0.9773369761331858,
                0,
                0.4144021429920019,
                0.9100939699512477,
                0.8672155082956279,
                0,
                113.78397947963086,
                123.65878757175017,
                66.98266334004327,
                1
            ],
            "min": [
                -0.7687421037192549,
                -0.7968624398916491,
                -0.627409083462389,
                0,
                -0.7960892180563259,
                -0.6169920235490111,
                -0.8831789957383714,
                0,
                -0.9037739891238326,
                -0.9031608340226386,
                -0.7101799793645392,
                0,
                -8.616507859098867,
                -119.40766439651527,
                -94.74753115372084,
                1
            ],
            "type": "MAT4"
        },
        {
            "bufferView": 0,
            "byteOffset": 152320,
            "componentType": 5126,
            "count": 574,
            "max": [
                12.710000991821289,
                35.21766662597656,
                209.4216766357422
            ],
            "min": [
                -12.709999084472656,
                -24.025325775146484,
                161.04367065429688
            ],
            "type": "VEC3"
        },
        {
            "bufferView": 0,
            "byteOffset": 159208,
            "componentType": 5126,
            "count": 574,
            "max": [
                0.9958980083465576,
                0.9983720779418945,
                0.9997420310974121
            ],
            "min": [
                -0.9958980083465576,
                -0.9994505643844604,
                -0.9981693029403687
            ],
            "type": "VEC3"
        },
        {
            "bufferView": 0,
            "byteOffset": 166096,
            "componentType": 5126,
            "count": 574,
            "max": [
                0.9900410175323486,
                0.9946292638778687
            ],
            "min": [
                0.0048616002313792706,
                0.0013710260391235352
            ],
            "type": "VEC2"
        },
        {
            "bufferView": 0,
            "byteOffset": 170688,
            "componentType": 5123,
            "count": 574,
            "max": [
                5,
                6,
                5,
                0
            ],
            "min": [
                0,
                0,
                0,
                0
            ],
            "type": "VEC4"
        },
        {
            "bufferView": 0,
            "byteOffset": 175280,
            "componentType": 5126,
            "count": 574,
            "max": [
                1,
                0.8612160682678223,
                0.543168842792511,
                0
            ],
            "min": [
                0.10760954767465591,
                0,
                0,
                0
            ],
            "type": "VEC4"
        },
        {
            "bufferView": 2,
            "byteOffset": 25602,
            "componentType": 5123,
            "count": 2652,
            "max": [
                573
            ],
            "min": [
                0
            ],
            "type": "SCALAR"
        },
        {
            "bufferView": 1,
            "byteOffset": 3968,
            "componentType": 5126,
            "count": 7,
            "max": [
                6.335822469842611e-7,
                0.9999999999999888,
                0.9999999999999751,
                0,
                0.9978205114988941,
                0.9922591736873497,
                0.8615890940098081,
                0,
                0.9885425627856822,
                0.9978205114989327,
                1.000000119208914,
                0,
                181.5306812603399,
                0.5549890972152112,
                0.1678819896862102,
                1
            ],
            "min": [
                -3.549620852981588e-7,
                -1.3281034393125273e-7,
                -4.398729017539991e-7,
                0,
                -1.0000001192089023,
                -0.9885425627847568,
                -9.17472541098458e-8,
                0,
                -0.9922591736873454,
                -3.696427344534869e-8,
                -2.0004361539016817e-7,
                0,
                -191.62348872103078,
                -187.20341689619298,
                -173.9332179999934,
                1
            ],
            "type": "MAT4"
        },
        {
            "bufferView": 0,
            "byteOffset": 184464,
            "componentType": 5126,
            "count": 661,
            "max": [
                43.40220642089844,
                38.146728515625,
                176.84588623046875
            ],
            "min": [
                -40.527313232421875,
                -6.997138023376465,
                112.37486267089844
            ],
            "type": "VEC3"
        },
        {
            "bufferView": 0,
            "byteOffset": 192396,
            "componentType": 5126,
            "count": 661,
            "max": [
                0.9942878484725952,
                0.9925728440284729,
                0.9980428218841553
            ],
            "min": [
                -0.9993939399719238,
                -0.9949805736541748,
                -0.9742913842201233
            ],
            "type": "VEC3"
        },
        {
            "bufferView": 0,
            "byteOffset": 200328,
            "componentType": 5126,
            "count": 661,
            "max": [
                0.9959049820899963,
                0.9953272938728333
            ],
            "min": [
                0.00521569000557065,
                0.0022590160369873047
            ],
            "type": "VEC2"
        },
        {
            "bufferView": 0,
            "byteOffset": 205616,
            "componentType": 5123,
            "count": 661,
            "max": [
                7,
                11,
                11,
                0
            ],
            "min": [
                0,
                1,
                0,
                0
            ],
            "type": "VEC4"
        },
        {
            "bufferView": 0,
            "byteOffset": 210904,
            "componentType": 5126,
            "count": 661,
            "max": [
                0.9880824685096741,
                0.9837495684623718,
                0.9670302271842957,
                0
            ],
            "min": [
                0.00010641989501891658,
                0.000125776874483563,
                0,
                0
            ],
            "type": "VEC4"
        },
        {
            "bufferView": 2,
            "byteOffset": 30906,
            "componentType": 5123,
            "count": 3474,
            "max": [
                660
            ],
            "min": [
                0
            ],
            "type": "SCALAR"
        },
        {
            "bufferView": 1,
            "byteOffset": 4416,
            "componentType": 5126,
            "count": 12,
            "max": [
                0.8710929216311316,
                0.9999999999999923,
                0.9999999999998641,
                0,
                0.10236951707899433,
                1.0000001192090402,
                0.9773371273042677,
                0,
                0.9661108845443706,
                0.8519594194389203,
                0.8012825878884816,
                0,
                146.48777118249254,
                107.36011711287208,
                132.28312534958735,
                1
            ],
            "min": [
                6.123233265790381e-17,
                -0.7968623854538196,
                -0.1284537389204917,
                0,
                -0.5076063699590629,
                -0.9765898134491738,
                -0.9780348648545842,
                0,
                -1.000000119209174,
                -0.569136102830279,
                -0.8012828405456053,
                0,
                -139.97007307376595,
                -143.32112773998892,
                -132.28307285068678,
                1
            ],
            "type": "MAT4"
        },
        {
            "bufferView": 0,
            "byteOffset": 221480,
            "componentType": 5126,
            "count": 236,
            "max": [
                6.7435832023620605,
                6.6696085929870605,
                69.62886047363281
            ],
            "min": [
                -5.583841800689697,
                -41.95397186279297,
                -34.948570251464844
            ],
            "type": "VEC3"
        },
        {
            "bufferView": 0,
            "byteOffset": 224312,
            "componentType": 5126,
            "count": 236,
            "max": [
                0.9996458888053894,
                0.9992889165878296,
                0.9869430065155029
            ],
            "min": [
                -0.9997875690460205,
                -0.9997274279594421,
                -0.9985982179641724
            ],
            "type": "VEC3"
        },
        {
            "bufferView": 0,
            "byteOffset": 227144,
            "componentType": 5126,
            "count": 236,
            "max": [
                0.999701976776123,
                0.9944124817848206
            ],
            "min": [
                0.004298060201108456,
                0.006618022918701172
            ],
            "type": "VEC2"
        },
        {
            "bufferView": 0,
            "byteOffset": 229032,
            "componentType": 5123,
            "count": 236,
            "max": [
                0,
                0,
                0,
                0
            ],
            "min": [
                0,
                0,
                0,
                0
            ],
            "type": "VEC4"
        },
        {
            "bufferView": 0,
            "byteOffset": 230920,
            "componentType": 5126,
            "count": 236,
            "max": [
                1,
                0,
                0,
                0
            ],
            "min": [
                1,
                0,
                0,
                0
            ],
            "type": "VEC4"
        },
        {
            "bufferView": 2,
            "byteOffset": 37854,
            "componentType": 5123,
            "count": 1308,
            "max": [
                235
            ],
            "min": [
                0
            ],
            "type": "SCALAR"
        },
        {
            "bufferView": 1,
            "byteOffset": 5184,
            "componentType": 5126,
            "count": 1,
            "max": [
                0.7663308618150589,
                -0.3489404772298063,
                0.5394234551789957,
                0,
                0.4909261187917691,
                -0.22353802008836632,
                -0.8420346533151515,
                0,
                0.4144016680560772,
                0.9100940906227678,
                -8.940696775761054e-8,
                0,
                -0.7854810409730214,
                0.35766049104943654,
                1.3472541604613266,
                1
            ],
            "min": [
                0.7663308618150589,
                -0.3489404772298063,
                0.5394234551789957,
                0,
                0.4909261187917691,
                -0.22353802008836632,
                -0.8420346533151515,
                0,
                0.4144016680560772,
                0.9100940906227678,
                -8.940696775761054e-8,
                0,
                -0.7854810409730214,
                0.35766049104943654,
                1.3472541604613266,
                1
            ],
            "type": "MAT4"
        },
        {
            "bufferView": 0,
            "byteOffset": 234696,
            "componentType": 5126,
            "count": 236,
            "max": [
                6.743585109710693,
                6.669608116149902,
                69.62886047363281
            ],
            "min": [
                -5.583837985992432,
                -41.95397186279297,
                -34.948570251464844
            ],
            "type": "VEC3"
        },
        {
            "bufferView": 0,
            "byteOffset": 237528,
            "componentType": 5126,
            "count": 236,
            "max": [
                0.9996459484100342,
                0.9992889761924744,
                0.9869429469108582
            ],
            "min": [
                -0.9997875690460205,
                -0.9997273683547974,
                -0.9985982775688171
            ],
            "type": "VEC3"
        },
        {
            "bufferView": 0,
            "byteOffset": 240360,
            "componentType": 5126,
            "count": 236,
            "max": [
                0.999701976776123,
                0.9944124817848206
            ],
            "min": [
                0.004298060201108456,
                0.006618022918701172
            ],
            "type": "VEC2"
        },
        {
            "bufferView": 0,
            "byteOffset": 242248,
            "componentType": 5123,
            "count": 236,
            "max": [
                0,
                0,
                0,
                0
            ],
            "min": [
                0,
                0,
                0,
                0
            ],
            "type": "VEC4"
        },
        {
            "bufferView": 0,
            "byteOffset": 244136,
            "componentType": 5126,
            "count": 236,
            "max": [
                1,
                0,
                0,
                0
            ],
            "min": [
                1,
                0,
                0,
                0
            ],
            "type": "VEC4"
        },
        {
            "bufferView": 2,
            "byteOffset": 40470,
            "componentType": 5123,
            "count": 1308,
            "max": [
                235
            ],
            "min": [
                0
            ],
            "type": "SCALAR"
        },
        {
            "bufferView": 1,
            "byteOffset": 5248,
            "componentType": 5126,
            "count": 1,
            "max": [
                0.7663308616409795,
                0.3489405122957984,
                -0.5394232330167816,
                0,
                -0.49092580855168083,
                -0.22353782355932905,
                -0.8420348887672399,
                0,
                -0.41440156640733866,
                0.9100939783878956,
                -2.9802327630084595e-8,
                0,
                0.7854839360929308,
                0.357661720887976,
                1.3472532824750236,
                1
            ],
            "min": [
                0.7663308616409795,
                0.3489405122957984,
                -0.5394232330167816,
                0,
                -0.49092580855168083,
                -0.22353782355932905,
                -0.8420348887672399,
                0,
                -0.41440156640733866,
                0.9100939783878956,
                -2.9802327630084595e-8,
                0,
                0.7854839360929308,
                0.357661720887976,
                1.3472532824750236,
                1
            ],
            "type": "MAT4"
        }
    ],
    "asset": {
        "generator": "ClayGL - fbx2gltf",
        "version": "2.0"
    },
    "bufferViews": [
        {
            "buffer": 0,
            "byteLength": 247912,
            "byteOffset": 0,
            "target": 34962
        },
        {
            "buffer": 0,
            "byteLength": 5312,
            "byteOffset": 247912,
            "target": 34962
        },
        {
            "buffer": 0,
            "byteLength": 43086,
            "byteOffset": 253224,
            "target": 34963
        }
    ],
    "buffers": [
        {
            "byteLength": 296310,
            "uri": "troll_warlord.bin"
        }
    ],
    "images": [
        {
            "uri": "textures/troll_warlord.png"
        },
        {
            "uri": "textures/troll_warlord_bracer.png"
        },
        {
            "uri": "textures/troll_warlord_head.png"
        },
        {
            "uri": "textures/troll_warlord_shoulder.png"
        },
        {
            "uri": "textures/troll_warlord_axe_large.png"
        }
    ],
    "materials": [
        {
            "emissiveFactor": [
                0,
                0,
                0
            ],
            "name": "Material #35",
            "pbrMetallicRoughness": {
                "baseColorFactor": [
                    1,
                    1,
                    1,
                    1
                ],
                "baseColorTexture": {
                    "index": 0,
                    "texCoord": 0
                },
                "metallicFactor": 0,
                "roughnessFactor": 0.9230769230769231
            }
        },
        {
            "emissiveFactor": [
                0,
                0,
                0
            ],
            "name": "Material #46",
            "pbrMetallicRoughness": {
                "baseColorFactor": [
                    1,
                    1,
                    1,
                    1
                ],
                "baseColorTexture": {
                    "index": 1,
                    "texCoord": 0
                },
                "metallicFactor": 0,
                "roughnessFactor": 0.9230769230769231
            }
        },
        {
            "emissiveFactor": [
                0,
                0,
                0
            ],
            "name": "Material #57",
            "pbrMetallicRoughness": {
                "baseColorFactor": [
                    1,
                    1,
                    1,
                    1
                ],
                "baseColorTexture": {
                    "index": 2,
                    "texCoord": 0
                },
                "metallicFactor": 0,
                "roughnessFactor": 0.9230769230769231
            }
        },
        {
            "emissiveFactor": [
                0,
                0,
                0
            ],
            "name": "Material #68",
            "pbrMetallicRoughness": {
                "baseColorFactor": [
                    1,
                    1,
                    1,
                    1
                ],
                "baseColorTexture": {
                    "index": 3,
                    "texCoord": 0
                },
                "metallicFactor": 0,
                "roughnessFactor": 0.9230769230769231
            }
        },
        {
            "emissiveFactor": [
                0,
                0,
                0
            ],
            "name": "Material #79",
            "pbrMetallicRoughness": {
                "baseColorFactor": [
                    1,
                    1,
                    1,
                    1
                ],
                "baseColorTexture": {
                    "index": 4,
                    "texCoord": 0
                },
                "metallicFactor": 0,
                "roughnessFactor": 0.9230769230769231
            }
        },
        {
            "emissiveFactor": [
                0,
                0,
                0
            ],
            "name": "Material #90",
            "pbrMetallicRoughness": {
                "baseColorFactor": [
                    1,
                    1,
                    1,
                    1
                ],
                "baseColorTexture": {
                    "index": 4,
                    "texCoord": 0
                },
                "metallicFactor": 0,
                "roughnessFactor": 0.9230769230769231
            }
        }
    ],
    "meshes": [
        {
            "name": "troll_warlord_model_LOD0",
            "primitives": [
                {
                    "attributes": {
                        "JOINTS_0": 3,
                        "NORMAL": 1,
                        "POSITION": 0,
                        "TEXCOORD_0": 2,
                        "WEIGHTS_0": 4
                    },
                    "indices": 5,
                    "material": 0
                }
            ]
        },
        {
            "name": "troll_warlord_bracer_model",
            "primitives": [
                {
                    "attributes": {
                        "JOINTS_0": 10,
                        "NORMAL": 8,
                        "POSITION": 7,
                        "TEXCOORD_0": 9,
                        "WEIGHTS_0": 11
                    },
                    "indices": 12,
                    "material": 1
                }
            ]
        },
        {
            "name": "troll_warlord_head_model_LOD0",
            "primitives": [
                {
                    "attributes": {
                        "JOINTS_0": 17,
                        "NORMAL": 15,
                        "POSITION": 14,
                        "TEXCOORD_0": 16,
                        "WEIGHTS_0": 18
                    },
                    "indices": 19,
                    "material": 2
                }
            ]
        },
        {
            "name": "troll_warlord_shoulders_model_LOD0",
            "primitives": [
                {
                    "attributes": {
                        "JOINTS_0": 24,
                        "NORMAL": 22,
                        "POSITION": 21,
                        "TEXCOORD_0": 23,
                        "WEIGHTS_0": 25
                    },
                    "indices": 26,
                    "material": 3
                }
            ]
        },
        {
            "name": "troll_warlord_axe_melee_L_model_LOD0",
            "primitives": [
                {
                    "attributes": {
                        "JOINTS_0": 31,
                        "NORMAL": 29,
                        "POSITION": 28,
                        "TEXCOORD_0": 30,
                        "WEIGHTS_0": 32
                    },
                    "indices": 33,
                    "material": 4
                }
            ]
        },
        {
            "name": "troll_warlord_axe_melee_R_model_LOD0",
            "primitives": [
                {
                    "attributes": {
                        "JOINTS_0": 38,
                        "NORMAL": 36,
                        "POSITION": 35,
                        "TEXCOORD_0": 37,
                        "WEIGHTS_0": 39
                    },
                    "indices": 40,
                    "material": 5
                }
            ]
        }
    ],
    "nodes": [
        {
            "children": [
                1,
                45
            ],
            "matrix": [
                1.6292068478213574e-7,
                1.469367938527879e-39,
                1.0000000000000002,
                0,
                1.0000000000000002,
                6.123233995736847e-17,
                -1.6292068478213574e-7,
                0,
                -6.123233995736685e-17,
                1,
                9.976014756666736e-24,
                0,
                -0.5549860000610352,
                110.39167022705078,
                -7.500266075134277,
                1
            ],
            "name": "root"
        },
        {
            "children": [
                2
            ],
            "matrix": [
                -0.22784444689750655,
                2.790289979144706e-17,
                0.9736975431442263,
                0,
                -2.3214758456486004e-7,
                1,
                -5.432234927991477e-8,
                0,
                -0.9736975431442263,
                -2.3841857836352602e-7,
                -0.2278444468975065,
                0,
                -2.258337974548338,
                0,
                12.513641357421875,
                1
            ],
            "name": "spine1"
        },
        {
            "children": [
                3,
                16,
                25,
                27
            ],
            "matrix": [
                0.8818868398666387,
                -1.3234889800848443e-23,
                -0.47146111726760886,
                0,
                1.4244738759479475e-15,
                1.0000000000000002,
                2.6645352061608165e-15,
                0,
                0.47146111726760875,
                -3.0214025217563476e-15,
                0.8818868398666385,
                0,
                15.968841552734347,
                4.172325134277344e-7,
                -0.0000171661376953125,
                1
            ],
            "name": "spine2"
        },
        {
            "children": [
                4,
                15
            ],
            "matrix": [
                0.5541900396347047,
                0.8227395415306091,
                0.12638342380523676,
                0,
                0.07060672200268425,
                0.1048210702527438,
                -0.9919812074472348,
                0,
                -0.8293901680158133,
                0.5586698653899754,
                -1.490116117719431e-7,
                0,
                21.077072143554716,
                -11.490106582641602,
                7.101005554199219,
                1
            ],
            "name": "clavicle_R"
        },
        {
            "children": [
                5
            ],
            "matrix": [
                0.9416016936302188,
                -0.14885120093822485,
                -0.3020430803298952,
                0,
                -0.33656964658713173,
                -0.3884098109766462,
                -0.8578222753784444,
                0,
                0.010371380082567362,
                0.9093854347526933,
                -0.4158261294728586,
                0,
                -9.883766174316406,
                0.000003814697265625,
                0.0000152587890625,
                1
            ],
            "name": "bicep_R"
        },
        {
            "children": [
                6,
                14
            ],
            "matrix": [
                0.670071542263031,
                3.427267075417628e-7,
                -0.7422962188720703,
                0,
                -3.5465840167274443e-7,
                1.00000011920928,
                1.4156106897811327e-7,
                0,
                0.7422964159264493,
                1.6840557126585054e-7,
                0.6700717201442944,
                0,
                -36.18032836914061,
                -0.000007629394517039145,
                0.00000667572021484375,
                1
            ],
            "name": "elbow_R"
        },
        {
            "children": [
                7,
                8,
                10,
                12
            ],
            "matrix": [
                -0.9977369904518127,
                -0.0009610205888750945,
                0.06723436713218672,
                0,
                0.054847028346141746,
                0.5668192305150541,
                0.8220146378315784,
                0,
                -0.0388996920763679,
                0.8238417374507369,
                -0.5654836127982467,
                0,
                -32.99508285522461,
                0.000015258789076710855,
                0.00003814697265625,
                1
            ],
            "name": "wrist_R"
        },
        {
            "matrix": [
                0.1907273679971694,
                -0.31972792744636536,
                -0.928114950656891,
                0,
                -0.3155975930572791,
                0.8753033846835553,
                -0.3663899984598245,
                0,
                0.9295271602095065,
                0.36279140073619,
                0.06603893844454967,
                0,
                2.90722012519836,
                -116.93778991699217,
                -49.463855743408196,
                1
            ],
            "name": "axe_R3_0"
        },
        {
            "children": [
                9
            ],
            "matrix": [
                -0.5190657377243044,
                0.2775856256484984,
                0.8084036111831667,
                0,
                -0.7791862310168548,
                -0.5424436485702255,
                -0.3140440155733563,
                0,
                0.35133937913186286,
                -0.7929066305438339,
                0.4978549224340885,
                0,
                4.17702102661133,
                0.7404937744140767,
                -11.718196868896484,
                1
            ],
            "name": "Thumb_0_R"
        },
        {
            "matrix": [
                0.7859967947006224,
                2.98023223821442e-7,
                -0.6182303428649902,
                0,
                -1.7991574147169231e-7,
                0.999999880790758,
                2.533198090182154e-7,
                0,
                0.6182303698816081,
                -8.787920169339714e-8,
                0.7859968290485788,
                0,
                -9.507781982421875,
                -0.00000762939453125,
                0,
                1
            ],
            "name": "Thumb_1_R"
        },
        {
            "children": [
                11
            ],
            "matrix": [
                -0.7968767285346985,
                0.40785419940948475,
                0.44569268822670005,
                0,
                0.0033496604956415044,
                0.7407003445902933,
                -0.6718272196456396,
                0,
                -0.6041322540366636,
                -0.5338705343013567,
                -0.591613014546735,
                0,
                14.151973724365236,
                -3.8757476806640625,
                -5.6385040283203125,
                1
            ],
            "name": "Mid_0_R"
        },
        {
            "matrix": [
                0.6123515963554385,
                -2.3841857903217356e-7,
                -0.7905857563018795,
                0,
                -7.264758954961259e-7,
                0.9999999999999707,
                -8.6426709300369e-7,
                0,
                0.7905855988855378,
                0.00000110357660948468,
                0.6123514744276012,
                0,
                -8.359611511230476,
                0,
                -0.00002288818359375,
                1
            ],
            "name": "Mid_1_R"
        },
        {
            "children": [
                13
            ],
            "matrix": [
                -0.7054346799850463,
                0.2766072154045102,
                0.6525713205337527,
                0,
                -0.31917364582426244,
                0.6980931887130561,
                -0.6409318929038653,
                0,
                -0.6328422812474312,
                -0.6604194664909961,
                -0.40417360406223946,
                0,
                13.062873840332037,
                1.2779617309570312,
                -11.628509521484368,
                1
            ],
            "name": "Index_0_R"
        },
        {
            "matrix": [
                0.7858755588531496,
                1.4901161198010993e-7,
                -0.6183850765228273,
                0,
                -6.820764569814841e-7,
                0.9999999999998118,
                -6.258488755295222e-7,
                0,
                0.6183850869683833,
                9.136252524521993e-7,
                0.7858755721281199,
                0,
                -8.480926513671868,
                -0.000007629394538355427,
                -0.00000762939453125,
                1
            ],
            "name": "Index_1_R"
        },
        {
            "matrix": [
                0.9999999999999999,
                1.3411045088340678e-7,
                2.9802322443206464e-8,
                0,
                -1.1950804662541614e-7,
                0.7421841501148171,
                0.670195950473406,
                0,
                6.77614666044768e-8,
                -0.6701959208255373,
                0.7421841172823742,
                0,
                -17.975616455078132,
                0.000022888183607960855,
                0.00003814697265625,
                1
            ],
            "name": "elbow_R_helper"
        },
        {
            "matrix": [
                0.9916710257530212,
                0.10105473548173902,
                0.07985663414001454,
                0,
                0.0836820843291942,
                -0.03419361906554266,
                -0.995905626758693,
                0,
                -0.09791040394763764,
                0.9942934418166998,
                -0.042365297207947406,
                0,
                -0.7753067016601562,
                -0.6441917419433523,
