{
    "accessors": {
        "attrbute_1": {
            "bufferView": "bufferView_37",
            "byteOffset": 0,
            "byteStride": 12,
            "count": 2609,
            "max": [
                63.956024169921875,
                34.0772705078125,
                189.6907196044922,
                0
            ],
            "min": [
                -63.72980880737305,
                -39.6207275390625,
                -1.9848383665084839,
                0
            ],
            "type": 35665
        },
        "attrbute_10": {
            "bufferView": "bufferView_37",
            "byteOffset": 160092,
            "byteStride": 16,
            "count": 111,
            "max": [
                5,
                6,
                9,
                -1
            ],
            "min": [
                0,
                1,
                -1,
                -1
            ],
            "type": 35666
        },
        "attrbute_11": {
            "bufferView": "bufferView_37",
            "byteOffset": 161868,
            "byteStride": 12,
            "count": 111,
            "max": [
                0.9471069574356079,
                0.7542082667350769,
                0.6685619950294495
            ],
            "min": [
                0.010752799920737743,
                0.0356314592063427,
                0
            ],
            "type": 35665
        },
        "attrbute_13": {
            "bufferView": "bufferView_37",
            "byteOffset": 163200,
            "byteStride": 12,
            "count": 574,
            "max": [
                12.710000991821289,
                35.21766662597656,
                209.4216766357422,
                0
            ],
            "min": [
                -12.709999084472656,
                -24.025325775146484,
                161.04367065429688,
                0
            ],
            "type": 35665
        },
        "attrbute_14": {
            "bufferView": "bufferView_37",
            "byteOffset": 170088,
            "byteStride": 12,
            "count": 574,
            "max": [
                0.9958980083465576,
                0.9983720779418945,
                0.9997420310974121,
                0
            ],
            "min": [
                -0.9958980083465576,
                -0.9994505643844604,
                -0.9981693029403687,
                0
            ],
            "type": 35665
        },
        "attrbute_15": {
            "bufferView": "bufferView_37",
            "byteOffset": 176976,
            "byteStride": 8,
            "count": 574,
            "max": [
                0.9900410175323486,
                0.9986289739608765
            ],
            "min": [
                0.0048616002313792706,
                0.005370736122131348
            ],
            "type": 35664
        },
        "attrbute_16": {
            "bufferView": "bufferView_37",
            "byteOffset": 181568,
            "byteStride": 16,
            "count": 574,
            "max": [
                5,
                6,
                5,
                -1
            ],
            "min": [
                0,
                -1,
                -1,
                -1
            ],
            "type": 35666
        },
        "attrbute_17": {
            "bufferView": "bufferView_37",
            "byteOffset": 190752,
            "byteStride": 12,
            "count": 574,
            "max": [
                1,
                0.8612160682678223,
                0.543168842792511
            ],
            "min": [
                0.10760954767465591,
                0,
                0
            ],
            "type": 35665
        },
        "attrbute_19": {
            "bufferView": "bufferView_37",
            "byteOffset": 197640,
            "byteStride": 12,
            "count": 661,
            "max": [
                43.40220642089844,
                38.146728515625,
                176.84588623046875,
                0
            ],
            "min": [
                -40.527313232421875,
                -6.997138023376465,
                112.37486267089844,
                0
            ],
            "type": 35665
        },
        "attrbute_2": {
            "bufferView": "bufferView_37",
            "byteOffset": 31308,
            "byteStride": 12,
            "count": 2609,
            "max": [
                0.9985535144805908,
                0.9999979734420776,
                0.9997621774673462,
                0
            ],
            "min": [
                -0.99861741065979,
                -0.999924898147583,
                -0.998514711856842,
                0
            ],
            "type": 35665
        },
        "attrbute_20": {
            "bufferView": "bufferView_37",
            "byteOffset": 205572,
            "byteStride": 12,
            "count": 661,
            "max": [
                0.9942878484725952,
                0.9925728440284729,
                0.9980428218841553,
                0
            ],
            "min": [
                -0.9993939399719238,
                -0.9949805736541748,
                -0.9742913842201233,
                0
            ],
            "type": 35665
        },
        "attrbute_21": {
            "bufferView": "bufferView_37",
            "byteOffset": 213504,
            "byteStride": 8,
            "count": 661,
            "max": [
                0.9959049820899963,
                0.9977409839630127
            ],
            "min": [
                0.00521569000557065,
                0.004672706127166748
            ],
            "type": 35664
        },
        "attrbute_22": {
            "bufferView": "bufferView_37",
            "byteOffset": 218792,
            "byteStride": 16,
            "count": 661,
            "max": [
                7,
                11,
                11,
                -1
            ],
            "min": [
                0,
                1,
                -1,
                -1
            ],
            "type": 35666
        },
        "attrbute_23": {
            "bufferView": "bufferView_37",
            "byteOffset": 229368,
            "byteStride": 12,
            "count": 661,
            "max": [
                0.9880824685096741,
                0.9837495684623718,
                0.9670302271842957
            ],
            "min": [
                0.00010641989501891658,
                0.000125776874483563,
                0
            ],
            "type": 35665
        },
        "attrbute_25": {
            "bufferView": "bufferView_37",
            "byteOffset": 237300,
            "byteStride": 12,
            "count": 236,
            "max": [
                6.7435832023620605,
                6.6696085929870605,
                69.62886047363281,
                0
            ],
            "min": [
                -5.583841800689697,
                -41.95397186279297,
                -34.948570251464844,
                0
            ],
            "type": 35665
        },
        "attrbute_26": {
            "bufferView": "bufferView_37",
            "byteOffset": 240132,
            "byteStride": 12,
            "count": 236,
            "max": [
                0.9996458888053894,
                0.9992889165878296,
                0.9869430065155029,
                0
            ],
            "min": [
                -0.9997875690460205,
                -0.9997274279594421,
                -0.9985982179641724,
                0
            ],
            "type": 35665
        },
        "attrbute_27": {
            "bufferView": "bufferView_37",
            "byteOffset": 242964,
            "byteStride": 8,
            "count": 236,
            "max": [
                0.999701976776123,
                0.9933819770812988
            ],
            "min": [
                0.004298060201108456,
                0.005587518215179443
            ],
            "type": 35664
        },
        "attrbute_28": {
            "bufferView": "bufferView_37",
            "byteOffset": 244852,
            "byteStride": 16,
            "count": 236,
            "max": [
                0,
                -1,
                -1,
                -1
            ],
            "min": [
                0,
                -1,
                -1,
                -1
            ],
            "type": 35666
        },
        "attrbute_29": {
            "bufferView": "bufferView_37",
            "byteOffset": 248628,
            "byteStride": 12,
            "count": 236,
            "max": [
                1,
                0,
                0
            ],
            "min": [
                1,
                0,
                0
            ],
            "type": 35665
        },
        "attrbute_3": {
            "bufferView": "bufferView_37",
            "byteOffset": 62616,
            "byteStride": 8,
            "count": 2609,
            "max": [
                0.9991239905357361,
                0.9993020296096802
            ],
            "min": [
                0.003134059952571988,
                0.0069754719734191895
            ],
            "type": 35664
        },
        "attrbute_31": {
            "bufferView": "bufferView_37",
            "byteOffset": 251460,
            "byteStride": 12,
            "count": 236,
            "max": [
                6.743585109710693,
                6.669608116149902,
                69.62886047363281,
                0
            ],
            "min": [
                -5.583837985992432,
                -41.95397186279297,
                -34.948570251464844,
                0
            ],
            "type": 35665
        },
        "attrbute_32": {
            "bufferView": "bufferView_37",
            "byteOffset": 254292,
            "byteStride": 12,
            "count": 236,
            "max": [
                0.9996459484100342,
                0.9992889761924744,
                0.9869429469108582,
                0
            ],
            "min": [
                -0.9997875690460205,
                -0.9997273683547974,
                -0.9985982775688171,
                0
            ],
            "type": 35665
        },
        "attrbute_33": {
            "bufferView": "bufferView_37",
            "byteOffset": 257124,
            "byteStride": 8,
            "count": 236,
            "max": [
                0.999701976776123,
                0.9933819770812988
            ],
            "min": [
                0.004298060201108456,
                0.005587518215179443
            ],
            "type": 35664
        },
        "attrbute_34": {
            "bufferView": "bufferView_37",
            "byteOffset": 259012,
            "byteStride": 16,
            "count": 236,
            "max": [
                0,
                -1,
                -1,
                -1
            ],
            "min": [
                0,
                -1,
                -1,
                -1
            ],
            "type": 35666
        },
        "attrbute_35": {
            "bufferView": "bufferView_37",
            "byteOffset": 262788,
            "byteStride": 12,
            "count": 236,
            "max": [
                1,
                0,
                0
            ],
            "min": [
                1,
                0,
                0
            ],
            "type": 35665
        },
        "attrbute_4": {
            "bufferView": "bufferView_37",
            "byteOffset": 83488,
            "byteStride": 16,
            "count": 2609,
            "max": [
                51,
                51,
                51,
                -1
            ],
            "min": [
                0,
                -1,
                -1,
                -1
            ],
            "type": 35666
        },
        "attrbute_5": {
            "bufferView": "bufferView_37",
            "byteOffset": 125232,
            "byteStride": 12,
            "count": 2609,
            "max": [
                1,
                0.9998904466629028,
                0.9996546506881714
            ],
            "min": [
                0.00010955333709716797,
                0,
                0
            ],
            "type": 35665
        },
        "attrbute_7": {
            "bufferView": "bufferView_37",
            "byteOffset": 156540,
            "byteStride": 12,
            "count": 111,
            "max": [
                69.10769653320312,
                -0.4431593120098114,
                130.78469848632812,
                0
            ],
            "min": [
                43.62609100341797,
                -34.23830032348633,
                98.09748840332031,
                0
            ],
            "type": 35665
        },
        "attrbute_8": {
            "bufferView": "bufferView_37",
            "byteOffset": 157872,
            "byteStride": 12,
            "count": 111,
            "max": [
                0.9921140670776367,
                0.9944449663162231,
                0.9523126482963562,
                0
            ],
            "min": [
                -0.9943661093711853,
                -0.9741080403327942,
                -0.9519714117050171,
                0
            ],
            "type": 35665
        },
        "attrbute_9": {
            "bufferView": "bufferView_37",
            "byteOffset": 159204,
            "byteStride": 8,
            "count": 111,
            "max": [
                0.9922040104866028,
                0.9949560165405273
            ],
            "min": [
                0.007795909885317087,
                0.005220234394073486
            ],
            "type": 35664
        },
        "indices_12": {
            "bufferView": "bufferView_39",
            "byteOffset": 24570,
            "count": 516,
            "type": 5123
        },
        "indices_18": {
            "bufferView": "bufferView_39",
            "byteOffset": 25602,
            "count": 2652,
            "type": 5123
        },
        "indices_24": {
            "bufferView": "bufferView_39",
            "byteOffset": 30906,
            "count": 3474,
            "type": 5123
        },
        "indices_30": {
            "bufferView": "bufferView_39",
            "byteOffset": 37854,
            "count": 1308,
            "type": 5123
        },
        "indices_36": {
            "bufferView": "bufferView_39",
            "byteOffset": 40470,
            "count": 1308,
            "type": 5123
        },
        "indices_6": {
            "bufferView": "bufferView_39",
            "byteOffset": 0,
            "count": 12285,
            "type": 5123
        }
    },
    "animations": {},
    "asset": {},
    "bufferViews": {
        "bufferView_37": {
            "buffer": "troll_warlord.bin",
            "byteLength": 265620,
            "byteOffset": 0,
            "target": 34962
        },
        "bufferView_38": {
            "buffer": "troll_warlord.bin",
            "byteLength": 6976,
            "byteOffset": 265620
        },
        "bufferView_39": {
            "buffer": "troll_warlord.bin",
            "byteLength": 43086,
            "byteOffset": 272596,
            "target": 34963
        }
    },
    "buffers": {
        "troll_warlord.bin": {
            "byteLength": 315682,
            "path": "troll_warlord.bin"
        }
    },
    "cameras": {},
    "images": {
        "image_0": {
            "path": "textures/troll_warlord.png"
        },
        "image_1": {
            "path": "textures/troll_warlord_bracer.png"
        },
        "image_2": {
            "path": "textures/troll_warlord_head.png"
        },
        "image_3": {
            "path": "textures/troll_warlord_shoulder.png"
        },
        "image_4": {
            "path": "textures/troll_warlord_axe_large.png"
        }
    },
    "lights": {},
    "materials": {
        "Material #35": {
            "instanceTechnique": {
                "technique": "technique_0",
                "values": {
                    "ambient": [
                        0.5879999995231628,
                        0.5879999995231628,
                        0.5879999995231628
                    ],
                    "diffuse": "Map #5",
                    "emission": [
                        0,
                        0,
                        0
                    ],
                    "shininess": 2,
                    "specular": [
                        0.8999999761581421,
                        0.8999999761581421,
                        0.8999999761581421
                    ],
                    "transparency": 1
                }
            },
            "name": "Material #35"
        },
        "Material #46": {
            "instanceTechnique": {
                "technique": "technique_0",
                "values": {
                    "ambient": [
                        0.5879999995231628,
                        0.5879999995231628,
                        0.5879999995231628
                    ],
                    "diffuse": "Map #6",
                    "emission": [
                        0,
                        0,
                        0
                    ],
                    "shininess": 2,
                    "specular": [
                        0.8999999761581421,
                        0.8999999761581421,
                        0.8999999761581421
                    ],
                    "transparency": 1
                }
            },
            "name": "Material #46"
        },
        "Material #57": {
            "instanceTechnique": {
                "technique": "technique_0",
                "values": {
                    "ambient": [
                        0.5879999995231628,
                        0.5879999995231628,
                        0.5879999995231628
                    ],
                    "diffuse": "Map #7",
                    "emission": [
                        0,
                        0,
                        0
                    ],
                    "shininess": 2,
                    "specular": [
                        0.8999999761581421,
                        0.8999999761581421,
                        0.8999999761581421
                    ],
                    "transparency": 1
                }
            },
            "name": "Material #57"
        },
        "Material #68": {
            "instanceTechnique": {
                "technique": "technique_0",
                "values": {
                    "ambient": [
                        0.5879999995231628,
                        0.5879999995231628,
                        0.5879999995231628
                    ],
                    "diffuse": "Map #8",
                    "emission": [
                        0,
                        0,
                        0
                    ],
                    "shininess": 2,
                    "specular": [
                        0.8999999761581421,
                        0.8999999761581421,
                        0.8999999761581421
                    ],
                    "transparency": 1
                }
            },
            "name": "Material #68"
        },
        "Material #79": {
            "instanceTechnique": {
                "technique": "technique_0",
                "values": {
                    "ambient": [
                        0.5879999995231628,
                        0.5879999995231628,
                        0.5879999995231628
                    ],
                    "diffuse": "Map #11",
                    "emission": [
                        0,
                        0,
                        0
                    ],
                    "shininess": 2,
                    "specular": [
                        0.8999999761581421,
                        0.8999999761581421,
                        0.8999999761581421
                    ],
                    "transparency": 1
                }
            },
            "name": "Material #79"
        },
        "Material #90": {
            "instanceTechnique": {
                "technique": "technique_0",
                "values": {
                    "ambient": [
                        0.5879999995231628,
                        0.5879999995231628,
                        0.5879999995231628
                    ],
                    "diffuse": "Map #11",
                    "emission": [
                        0,
                        0,
                        0
                    ],
                    "shininess": 2,
                    "specular": [
                        0.8999999761581421,
                        0.8999999761581421,
                        0.8999999761581421
                    ],
                    "transparency": 1
                }
            },
            "name": "Material #90"
        }
    },
    "meshes": {
        "troll_warlord_axe_melee_L_model_LOD0-mesh": {
            "name": "troll_warlord_axe_melee_L_model_LOD0-mesh",
            "primitives": [
                {
                    "attributes": {
                        "JOINT": "attrbute_28",
                        "NORMAL": "attrbute_26",
                        "POSITION": "attrbute_25",
                        "TEXCOORD_0": "attrbute_27",
                        "WEIGHT": "attrbute_29"
                    },
                    "indices": "indices_30",
                    "material": "Material #79"
                }
            ]
        },
        "troll_warlord_axe_melee_R_model_LOD0-mesh": {
            "name": "troll_warlord_axe_melee_R_model_LOD0-mesh",
            "primitives": [
                {
                    "attributes": {
                        "JOINT": "attrbute_34",
                        "NORMAL": "attrbute_32",
                        "POSITION": "attrbute_31",
                        "TEXCOORD_0": "attrbute_33",
                        "WEIGHT": "attrbute_35"
                    },
                    "indices": "indices_36",
                    "material": "Material #90"
                }
            ]
        },
        "troll_warlord_bracer_model-mesh": {
            "name": "troll_warlord_bracer_model-mesh",
            "primitives": [
                {
                    "attributes": {
                        "JOINT": "attrbute_10",
                        "NORMAL": "attrbute_8",
                        "POSITION": "attrbute_7",
                        "TEXCOORD_0": "attrbute_9",
                        "WEIGHT": "attrbute_11"
                    },
                    "indices": "indices_12",
                    "material": "Material #46"
                }
            ]
        },
        "troll_warlord_head_model_LOD0-mesh": {
            "name": "troll_warlord_head_model_LOD0-mesh",
            "primitives": [
                {
                    "attributes": {
                        "JOINT": "attrbute_16",
                        "NORMAL": "attrbute_14",
                        "POSITION": "attrbute_13",
                        "TEXCOORD_0": "attrbute_15",
                        "WEIGHT": "attrbute_17"
                    },
                    "indices": "indices_18",
                    "material": "Material #57"
                }
            ]
        },
        "troll_warlord_model_LOD0-mesh": {
            "name": "troll_warlord_model_LOD0-mesh",
            "primitives": [
                {
                    "attributes": {
                        "JOINT": "attrbute_4",
                        "NORMAL": "attrbute_2",
                        "POSITION": "attrbute_1",
                        "TEXCOORD_0": "attrbute_3",
                        "WEIGHT": "attrbute_5"
                    },
                    "indices": "indices_6",
                    "material": "Material #35"
                }
            ]
        },
        "troll_warlord_shoulders_model_LOD0-mesh": {
            "name": "troll_warlord_shoulders_model_LOD0-mesh",
            "primitives": [
                {
                    "attributes": {
                        "JOINT": "attrbute_22",
                        "NORMAL": "attrbute_20",
                        "POSITION": "attrbute_19",
                        "TEXCOORD_0": "attrbute_21",
                        "WEIGHT": "attrbute_23"
                    },
                    "indices": "indices_24",
                    "material": "Material #68"
                }
            ]
        }
    },
    "nodes": {
        "Index_0_L": {
            "children": [
                "Index_1_L"
            ],
            "jointId": "Index_0_L",
            "matrix": [
                -0.7054352760314947,
                -0.2766071557998658,
                -0.6525717377662659,
                0,
                -0.3191742281702868,
                -0.6980928879756146,
                0.6409322129244617,
                0,
                -0.6328419679908848,
                0.6604201088897174,
                0.4041733730666262,
                0,
                -13.062915802001953,
                1.2779998779296875,
                -11.628515243530263,
                1
            ],
            "name": "Index_0_L"
        },
        "Index_0_R": {
            "children": [
                "Index_1_R"
            ],
            "jointId": "Index_0_R",
            "matrix": [
                -0.7054346799850465,
                0.2766072154045104,
                0.6525713205337524,
                0,
                -0.3191736458242625,
                0.6980931887130561,
                -0.6409318929038651,
                0,
                -0.632842281247431,
                -0.660419466490996,
                -0.40417360406223957,
                0,
                13.062873840332031,
                1.2779617309570312,
                -11.628509521484382,
                1
            ],
            "name": "Index_0_R"
        },
        "Index_1_L": {
            "children": [],
            "jointId": "Index_1_L",
            "matrix": [
                0.7858752608299255,
                -1.7881393421514957e-7,
                -0.6183851361274719,
                0,
                3.682388556858207e-7,
                0.999999940395288,
                1.7881394093199887e-7,
                0,
                0.6183851589202047,
                -3.682389229930916e-7,
                0.7858752897961951,
                0,
                8.480918884277337,
                0.000019073486313914145,
                1.4210854715202004e-14,
                1
            ],
            "name": "Index_1_L"
        },
        "Index_1_R": {
            "children": [],
            "jointId": "Index_1_R",
            "matrix": [
                0.7858755588531494,
                1.4901161193847656e-7,
                -0.6183850765228271,
                0,
                -6.820764569814841e-7,
                0.9999999999998117,
                -6.258488755572778e-7,
                0,
                0.6183850869683837,
                9.136252523377075e-7,
                0.7858755721281199,
                0,
                -8.480926513671875,
                -0.000007629394517039145,
                -0.00000762939453125,
                1
            ],
            "name": "Index_1_R"
        },
        "Mid_0_L": {
            "children": [
                "Mid_1_L"
            ],
            "jointId": "Mid_0_L",
            "matrix": [
                -0.7968770861625676,
                -0.4078537225723266,
                -0.4456931054592133,
                0,
                0.003349194906168529,
                -0.7407006787106669,
                0.6718269337769194,
                0,
                -0.6041322579993046,
                0.5338707378068845,
                0.5916133375064193,
                0,
                -14.152027130126946,
                -3.875671386718736,
                -5.638507843017564,
                1
            ],
            "name": "Mid_0_L"
        },
        "Mid_0_R": {
            "children": [
                "Mid_1_R"
            ],
            "jointId": "Mid_0_R",
            "matrix": [
                -0.7968767285346985,
                0.40785419940948486,
                0.4456926882266998,
                0,
                0.00334966049564156,
                0.7407003445902935,
                -0.6718272196456395,
                0,
                -0.6041322540366635,
                -0.5338705343013566,
                -0.591613014546735,
                0,
                14.151973724365234,
                -3.8757476806640625,
                -5.63850402832032,
                1
            ],
            "name": "Mid_0_R"
        },
        "Mid_1_L": {
            "children": [],
            "jointId": "Mid_1_L",
            "matrix": [
                0.6123515367507932,
                -2.086162568248895e-7,
                -0.7905855178833006,
                0,
                7.134345147985499e-8,
                1.0000000000001252,
                -2.086162481651499e-7,
                0,
                0.7905857162134187,
                7.134339857772787e-8,
                0.6123516903682517,
                0,
                8.359577178955078,
                0.000011444091789769573,
                -1.4210854715202004e-14,
                1
            ],
            "name": "Mid_1_L"
        },
        "Mid_1_R": {
            "children": [],
            "jointId": "Mid_1_R",
            "matrix": [
                0.6123515963554386,
                -2.384185792125848e-7,
                -0.7905857563018798,
                0,
                -7.264758954961259e-7,
                0.9999999999999708,
                -8.642670930314456e-7,
                0,
                0.7905855988855385,
                0.0000011035766095679467,
                0.6123514744276013,
                0,
                -8.359611511230476,
                0,
                -0.000022888183579539145,
                1
            ],
            "name": "Mid_1_R"
        },
        "Thumb_0_L": {
            "children": [
                "Thumb_1_L"
            ],
            "jointId": "Thumb_0_L",
            "matrix": [
                -0.5190666317939758,
                -0.2775848209857942,
                -0.8084038496017456,
                0,
                -0.7791854926563291,
                0.5424442831476897,
                0.3140446326530995,
                0,
                0.3513400161908706,
                0.7929066249031578,
                -0.49785478204872735,
                0,
                -4.177066802978523,
                0.74053955078125,
                -11.718181610107418,
                1
            ],
            "name": "Thumb_0_L"
        },
        "Thumb_0_R": {
            "children": [
                "Thumb_1_R"
            ],
            "jointId": "Thumb_0_R",
            "matrix": [
                -0.5190657377243046,
                0.2775856256484985,
                0.8084036111831667,
                0,
                -0.7791862310168548,
                -0.5424436485702254,
                -0.3140440155733562,
                0,
                0.3513393791318628,
                -0.7929066305438337,
                0.49785492243408824,
                0,
                4.177021026611328,
                0.7404937744140625,
                -11.718196868896499,
                1
            ],
            "name": "Thumb_0_R"
        },
        "Thumb_1_L": {
            "children": [],
            "jointId": "Thumb_1_L",
            "matrix": [
                0.785996496677399,
                2.682209015170134e-7,
                -0.6182306408882143,
                0,
                -2.943670698030143e-7,
                1.0000000000000318,
                5.960464177778846e-8,
                0,
                0.6182307505602029,
                1.35137726411938e-7,
                0.7859966361105317,
                0,
                9.50776672363282,
                -0.000007629394545460855,
                0.000022888183607960855,
                1
            ],
            "name": "Thumb_1_L"
        },
        "Thumb_1_R": {
            "children": [],
            "jointId": "Thumb_1_R",
            "matrix": [
                0.7859967947006226,
                2.980232237936864e-7,
                -0.6182303428649902,
                0,
                -1.7991574116638098e-7,
                0.9999998807907581,
                2.533198090182154e-7,
                0,
                0.6182303698816082,
                -8.787920172115271e-8,
                0.7859968290485786,
                0,
                -9.507781982421868,
                -0.00000762939453125,
                0,
                1
            ],
            "name": "Thumb_1_R"
        },
        "ankle_L": {
            "children": [
                "toeBase_L"
            ],
            "jointId": "ankle_L",
            "matrix": [
                0.24208593368530257,
                -0.4301757812499999,
                0.8696799874305727,
                0,
                0.05704979281751532,
                0.9011019143925468,
                0.42983772542971804,
                0,
                -0.9685760711045839,
                -0.054442603441089116,
                0.24268553502490464,
                0,
                51.45751953124999,
                0,
                0.000012397766116833964,
                1
            ],
            "name": "ankle_L"
        },
        "ankle_R": {
            "children": [
                "toeBase_R"
            ],
            "jointId": "ankle_R",
            "matrix": [
                0.24208596348762534,
                -0.43017601966857927,
                0.8696798086166382,
                0,
                0.05704948927487758,
                0.9011020137322538,
                0.4298381925179089,
                0,
                -0.9685763554098328,
                -0.05444300663984772,
                0.24268548289205882,
                0,
                -51.457515716552734,
                0,
                0.000017166137698865214,
                1
            ],
            "name": "ankle_R"
        },
        "arm_cloth_R0C0": {
            "children": [
                "arm_cloth_R1C0"
            ],
            "jointId": "arm_cloth_R0C0",
            "matrix": [
                0.8048426508903505,
                0.5691362619400026,
                0.16826258599758154,
                0,
                -0.06097459725984992,
                -0.2027182999263345,
                0.9773372432589329,
                0,
                0.5903478973601967,
                -0.7968623421550849,
                -0.12845346359014975,
                0,
                27.08367156982422,
                2.180511474609361,
                -1.800889015197761,
                1
            ],
            "name": "arm_cloth_R0C0"
        },
        "arm_cloth_R1C0": {
            "children": [
                "arm_cloth_R2C0"
            ],
            "jointId": "arm_cloth_R1C0",
            "matrix": [
                0.9999999999999997,
                9.499498787590714e-8,
                1.490114982516388e-7,
                0,
                -9.499499037391097e-8,
                0.9999999999999966,
                1.6763834764787928e-8,
                0,
                -1.490115144227115e-7,
                -1.676385091854013e-8,
                1.000000119209287,
                0,
                4.1373291015625,
                -0.1190176010131836,
                0,
                1
            ],
            "name": "arm_cloth_R1C0"
        },
        "arm_cloth_R2C0": {
            "children": [
                "arm_cloth_R3C0"
            ],
            "jointId": "arm_cloth_R2C0",
            "matrix": [
                1.0000001192092896,
                -2.0488712948463164e-8,
                5.662438979925355e-7,
                0,
                2.0488715113430593e-8,
                0.9999997615814209,
                -1.676362870739337e-8,
                0,
                -5.662436951444476e-7,
                1.6763640309000367e-8,
                0.9999997615813354,
                0,
                29.438888549804673,
                -0.4439535140991211,
                -0.000030517578125,
                1
            ],
            "name": "arm_cloth_R2C0"
        },
        "arm_cloth_R3C0": {
            "children": [],
            "jointId": "arm_cloth_R3C0",
            "matrix": [
                1.0000000000000007,
                -6.0828426740045225e-9,
                -2.0116564769523393e-7,
                0,
                6.082843305454879e-9,
                1.00000011920929,
                -4.656905416844653e-10,
                0,
                2.011656716788797e-7,
                4.656893180251893e-10,
                1.000000119209285,
                0,
                32.86297607421878,
                -0.2663812637329084,
                -0.00006103515625710543,
                1
            ],
            "name": "arm_cloth_R3C0"
        },
        "axe_L2_0": {
            "children": [],
            "jointId": "axe_L2_0",
            "matrix": [
                0.17172959446907068,
                0.37714409828186035,
                0.9100942611694337,
                0,
                0.3771450665579382,
                0.8282711103888724,
                -0.4144016136437523,
                0,
                -0.9100938965084445,
                0.41440257691031535,
                6.258490745418281e-7,
                0,
                -7.3903837203979466,
                -119.96598815917969,
                -41.0257797241211,
                1
            ],
            "name": "axe_L2_0"
        },
        "axe_R3_0": {
            "children": [],
            "jointId": "axe_R3_0",
            "matrix": [
                0.19072736799716963,
                -0.31972792744636547,
                -0.9281149506568909,
                0,
                -0.31559759305727925,
                0.8753033846835554,
                -0.3663899984598246,
                0,
                0.9295271602095064,
                0.3627914007361899,
                0.06603893844454967,
                0,
                2.9072201251983616,
                -116.9377899169922,
                -49.46385574340821,
                1
            ],
            "name": "axe_R3_0"
        },
        "back_cloth_R0C0": {
            "children": [
                "back_cloth_R1C0"
            ],
            "jointId": "back_cloth_R0C0",
            "matrix": [
                0.023130573332310136,
                -1.544132288700011e-7,
                -0.9997323751449585,
                0,
                -0.999732375144971,
                -0.000003502566566585188,
                -0.023130573331769436,
                0,
                -0.0000034980580672266004,
                1.0000000000000004,
                -2.3538831327788455e-7,
                0,
                -12.94658851623535,
                8.278004646301268,
                -2.481536865234375,
                1
            ],
            "name": "back_cloth_R0C0"
        },
        "back_cloth_R0C1": {
            "children": [
                "back_cloth_R1C1"
            ],
            "jointId": "back_cloth_R0C1",
            "matrix": [
                0.023130573332310136,
                -1.544132288700011e-7,
                -0.9997323751449585,
                0,
                -0.999732375144971,
                -0.000003502566566585188,
