{
    "accessors": [
        {
            "bufferView": 0,
            "byteOffset": 0,
            "componentType": 5126,
            "count": 722,
            "max": [
                40.00768280029297,
                44.01417541503906,
                265.4104309082031
            ],
            "min": [
                -39.250450134277344,
                17.58148765563965,
                192.49969482421875
            ],
            "type": "VEC3"
        },
        {
            "bufferView": 0,
            "byteOffset": 8664,
            "componentType": 5126,
            "count": 722,
            "max": [
                0.9897670149803162,
                0.9997304677963257,
                0.9949970841407776
            ],
            "min": [
                -0.9849816560745239,
                -0.996536135673523,
                -0.9956592917442322
            ],
            "type": "VEC3"
        },
        {
            "bufferView": 0,
            "byteOffset": 17328,
            "componentType": 5126,
            "count": 722,
            "max": [
                0.9890239834785461,
                0.988349974155426
            ],
            "min": [
                0.015003999695181847,
                0.012226998805999756
            ],
            "type": "VEC2"
        },
        {
            "bufferView": 0,
            "byteOffset": 23104,
            "componentType": 5123,
            "count": 722,
            "max": [
                0,
                0,
                0,
                0
            ],
            "min": [
                0,
                0,
                0,
                0
            ],
            "type": "VEC4"
        },
        {
            "bufferView": 0,
            "byteOffset": 28880,
            "componentType": 5126,
            "count": 722,
            "max": [
                1,
                0,
                0,
                0
            ],
            "min": [
                1,
                0,
                0,
                0
            ],
            "type": "VEC4"
        },
        {
            "bufferView": 2,
            "byteOffset": 0,
            "componentType": 5123,
            "count": 3132,
            "max": [
                721
            ],
            "min": [
                0
            ],
            "type": "SCALAR"
        },
        {
            "bufferView": 1,
            "byteOffset": 0,
            "componentType": 5126,
            "count": 1,
            "max": [
                0.008835676816003104,
                0.9999613279709425,
                4.3627792980459807e-7,
                0,
                -0.4631106130858822,
                0.0040916703562559765,
                0.8862908813449156,
                0,
                0.8862564321514931,
                -0.007831186215904526,
                0.463128610057974,
                0,
                -181.55066334390034,
                1.717539097151503,
                -129.54011639549822,
                1
            ],
            "min": [
                0.008835676816003104,
                0.9999613279709425,
                4.3627792980459807e-7,
                0,
                -0.4631106130858822,
                0.0040916703562559765,
                0.8862908813449156,
                0,
                0.8862564321514931,
                -0.007831186215904526,
                0.463128610057974,
                0,
                -181.55066334390034,
                1.717539097151503,
                -129.54011639549822,
                1
            ],
            "type": "MAT4"
        },
        {
            "bufferView": 0,
            "byteOffset": 40432,
            "componentType": 5126,
            "count": 290,
            "max": [
                59.181983947753906,
                36.123355865478516,
                199.41937255859375
            ],
            "min": [
                -59.18196487426758,
                -16.393749237060547,
                158.02566528320312
            ],
            "type": "VEC3"
        },
        {
            "bufferView": 0,
            "byteOffset": 43912,
            "componentType": 5126,
            "count": 290,
            "max": [
                0.9720329642295837,
                0.9946472644805908,
                0.9479831457138062
            ],
            "min": [
                -0.9720330834388733,
                -0.9612476825714111,
                -0.9902966022491455
            ],
            "type": "VEC3"
        },
        {
            "bufferView": 0,
            "byteOffset": 47392,
            "componentType": 5126,
            "count": 290,
            "max": [
                0.9911810159683228,
                0.9750940203666687
            ],
            "min": [
                0.010719000361859798,
                0.025470972061157227
            ],
            "type": "VEC2"
        },
        {
            "bufferView": 0,
            "byteOffset": 49712,
            "componentType": 5123,
            "count": 290,
            "max": [
                9,
                9,
                9,
                0
            ],
            "min": [
                0,
                0,
                0,
                0
            ],
            "type": "VEC4"
        },
        {
            "bufferView": 0,
            "byteOffset": 52032,
            "componentType": 5126,
            "count": 290,
            "max": [
                1,
                0.9972201585769653,
                0.9370183348655701,
                0
            ],
            "min": [
                0.0012455052928999066,
                0,
                0,
                0
            ],
            "type": "VEC4"
        },
        {
            "bufferView": 2,
            "byteOffset": 6264,
            "componentType": 5123,
            "count": 1008,
            "max": [
                289
            ],
            "min": [
                0
            ],
            "type": "SCALAR"
        },
        {
            "bufferView": 1,
            "byteOffset": 64,
            "componentType": 5126,
            "count": 10,
            "max": [
                0.5926297349750486,
                0.8764284424088317,
                0.992456854114508,
                0,
                0.7314185832067417,
                0.8374989328838037,
                0.7681005673690283,
                0,
                0.6525214299797648,
                0.941372820198829,
                0.6979140497575196,
                0,
                144.03320378287896,
                143.06996391962366,
                98.95186584751555,
                1
            ],
            "min": [
                -0.16249877327719037,
                -0.8164591570725411,
                -0.4686719992175517,
                0,
                -0.8198000756847049,
                -0.1987632879399025,
                -0.768100337383609,
                0,
                -0.9155788972542627,
                -0.5752298247580832,
                -0.594287030788735,
                0,
                -100.22446919526452,
                -188.0354000154704,
                -108.25272810200804,
                1
            ],
            "type": "MAT4"
        },
        {
            "bufferView": 0,
            "byteOffset": 56672,
            "componentType": 5126,
            "count": 1725,
            "max": [
                59.63865280151367,
                28.535037994384766,
                249.96278381347656
            ],
            "min": [
                -60.518245697021484,
                -24.85212516784668,
                92.98455810546875
            ],
            "type": "VEC3"
        },
        {
            "bufferView": 0,
            "byteOffset": 77372,
            "componentType": 5126,
            "count": 1725,
            "max": [
                0.9989508986473083,
                0.9994226098060608,
                0.9999969005584717
            ],
            "min": [
                -0.9997171759605408,
                -0.9990396499633789,
                -0.9976812601089478
            ],
            "type": "VEC3"
        },
        {
            "bufferView": 0,
            "byteOffset": 98072,
            "componentType": 5126,
            "count": 1725,
            "max": [
                0.9959179759025574,
                0.9867740273475647
            ],
            "min": [
                0.006618000101298094,
                0.01014697551727295
            ],
            "type": "VEC2"
        },
        {
            "bufferView": 0,
            "byteOffset": 111872,
            "componentType": 5123,
            "count": 1725,
            "max": [
                36,
                36,
                36,
                0
            ],
            "min": [
                0,
                0,
                0,
                0
            ],
            "type": "VEC4"
        },
        {
            "bufferView": 0,
            "byteOffset": 125672,
            "componentType": 5126,
            "count": 1725,
            "max": [
                1,
                0.9998775124549866,
                0.998466968536377,
                0
            ],
            "min": [
                0.00010442731581861153,
                0,
                0,
                0
            ],
            "type": "VEC4"
        },
        {
            "bufferView": 2,
            "byteOffset": 8280,
            "componentType": 5123,
            "count": 8946,
            "max": [
                1724
            ],
            "min": [
                0
            ],
            "type": "SCALAR"
        },
        {
            "bufferView": 1,
            "byteOffset": 704,
            "componentType": 5126,
            "count": 37,
            "max": [
                0.8773417004408425,
                1.0000000596042549,
                0.9999999999998362,
                0,
                0.9937414909813678,
                0.920261430939925,
                0.9981688280025142,
                0,
                0.9966928922433589,
                0.9937416268984282,
                1,
                0,
                162.63503561977697,
                143.0700001341139,
                181.72014159401982,
                1
            ],
            "min": [
                -0.19681630785168544,
                -0.9924566680701261,
                -0.46867267773669674,
                0,
                -1.0000001192089816,
                -0.9202614292893306,
                -0.9799622747909883,
                0,
                -0.9155786845997732,
                -0.5752301427689782,
                -0.9999999999983172,
                0,
                -207.2022897235909,
                -246.62495330807934,
                -234.80728149407753,
                1
            ],
            "type": "MAT4"
        },
        {
            "bufferView": 0,
            "byteOffset": 153272,
            "componentType": 5126,
            "count": 585,
            "max": [
                12.004754066467285,
                42.4643440246582,
                260.35223388671875
            ],
            "min": [
                -12.004743576049805,
                -15.707808494567871,
                203.0862579345703
            ],
            "type": "VEC3"
        },
        {
            "bufferView": 0,
            "byteOffset": 160292,
            "componentType": 5126,
            "count": 585,
            "max": [
                0.997279703617096,
                0.9992970824241638,
                0.9999708533287048
            ],
            "min": [
                -0.9985573291778564,
                -0.9870151877403259,
                -0.992790699005127
            ],
            "type": "VEC3"
        },
        {
            "bufferView": 0,
            "byteOffset": 167312,
            "componentType": 5126,
            "count": 585,
            "max": [
                1.985564947128296,
                0.9957000017166138
            ],
            "min": [
                0.013407999649643898,
                0.012677013874053955
            ],
            "type": "VEC2"
        },
        {
            "bufferView": 0,
            "byteOffset": 171992,
            "componentType": 5123,
            "count": 585,
            "max": [
                8,
                9,
                9,
                0
            ],
            "min": [
                0,
                0,
                0,
                0
            ],
            "type": "VEC4"
        },
        {
            "bufferView": 0,
            "byteOffset": 176672,
            "componentType": 5126,
            "count": 585,
            "max": [
                1,
                0.9995712041854858,
                0.7576274275779724,
                0
            ],
            "min": [
                0.00026954038185067475,
                0,
                0,
                0
            ],
            "type": "VEC4"
        },
        {
            "bufferView": 2,
            "byteOffset": 26172,
            "componentType": 5123,
            "count": 2616,
            "max": [
                584
            ],
            "min": [
                0
            ],
            "type": "SCALAR"
        },
        {
            "bufferView": 1,
            "byteOffset": 3072,
            "componentType": 5126,
            "count": 10,
            "max": [
                0.87734143001631,
                1.000000059604385,
                0.9999998807901455,
                0,
                0.9937415288023325,
                0.893308697262352,
                0.9999998807906921,
                0,
                0.9966929822322927,
                0.993741537899507,
                0.9999998807904661,
                0,
                234.1893489492452,
                1.7565563088465859,
                12.219694008005535,
                1
            ],
            "min": [
                -0.14916609823280716,
                -0.9888121938774692,
                -1.4384682090036933e-7,
                0,
                -1.0000001192092949,
                -0.11170403202038233,
                -0.4365602362861251,
                0,
                -0.9888119717532629,
                -0.007831168342005328,
                -0.06049234406016815,
                0,
                -207.20234001883225,
                -246.6249064441417,
                -234.80720772651787,
                1
            ],
            "type": "MAT4"
        },
        {
            "bufferView": 0,
            "byteOffset": 186032,
            "componentType": 5126,
            "count": 1268,
            "max": [
                44.32453155517578,
                204.87112426757812,
                200.76773071289062
            ],
            "min": [
                -44.32460403442383,
                -128.95245361328125,
                -2.3784525394439697
            ],
            "type": "VEC3"
        },
        {
            "bufferView": 0,
            "byteOffset": 201248,
            "componentType": 5126,
            "count": 1268,
            "max": [
                0.9998583197593689,
                0.9973208904266357,
                0.9999739527702332
            ],
            "min": [
                -0.9998583197593689,
                -0.9998274445533752,
                -0.9979065656661987
            ],
            "type": "VEC3"
        },
        {
            "bufferView": 0,
            "byteOffset": 216464,
            "componentType": 5126,
            "count": 1268,
            "max": [
                0.9949160218238831,
                0.9841780066490173
            ],
            "min": [
                0.008372999727725983,
                0.008987009525299072
            ],
            "type": "VEC2"
        },
        {
            "bufferView": 0,
            "byteOffset": 226608,
            "componentType": 5123,
            "count": 1268,
            "max": [
                22,
                22,
                21,
                0
            ],
            "min": [
                0,
                0,
                0,
                0
            ],
            "type": "VEC4"
        },
        {
            "bufferView": 0,
            "byteOffset": 236752,
            "componentType": 5126,
            "count": 1268,
            "max": [
                1,
                0.9998916983604431,
                0.9994893670082092,
                0
            ],
            "min": [
                0.00010828186350408942,
                0,
                0,
                0
            ],
            "type": "VEC4"
        },
        {
            "bufferView": 2,
            "byteOffset": 31404,
            "componentType": 5123,
            "count": 6354,
            "max": [
                1267
            ],
            "min": [
                0
            ],
            "type": "SCALAR"
        },
        {
            "bufferView": 1,
            "byteOffset": 3712,
            "componentType": 5126,
            "count": 23,
            "max": [
                0.2625088339199389,
                1.000000119208841,
                0.9999999999999677,
                0,
                0.9999999999999813,
                0.5135878600217614,
                0.8922322139899863,
                0,
                0.9490003572264797,
                0.9992809256126786,
                1,
                0,
                60.047661297327416,
                25.45016138103765,
                129.15527150438527,
                1
            ],
            "min": [
                -0.26250885203704355,
                -0.002480867027351782,
                -0.32370534601025813,
                0,
                -0.9999999999999732,
                -0.4205638497107614,
                -0.756955865860733,
                0,
                -0.7569453473616767,
                -0.023195928298939694,
                -0.9999997615809009,
                0,
                -192.21312762286985,
                -124.98931482043707,
                -141.24053364719586,
                1
            ],
            "type": "MAT4"
        },
        {
            "bufferView": 0,
            "byteOffset": 257040,
            "componentType": 5126,
            "count": 160,
            "max": [
                35.766902923583984,
                27.42037010192871,
                239.44921875
            ],
            "min": [
                10.717819213867188,
                -4.973943710327148,
                211.71241760253906
            ],
            "type": "VEC3"
        },
        {
            "bufferView": 0,
            "byteOffset": 258960,
            "componentType": 5126,
            "count": 160,
            "max": [
                0.9860503673553467,
                0.993327796459198,
                0.9916598796844482
            ],
            "min": [
                -0.9964677095413208,
                -0.9784423112869263,
                -0.9277681708335876
            ],
            "type": "VEC3"
        },
        {
            "bufferView": 0,
            "byteOffset": 260880,
            "componentType": 5126,
            "count": 160,
            "max": [
                0.9615280032157898,
                0.9854729771614075
            ],
            "min": [
                0.0122079998254776,
                0.019936978816986084
            ],
            "type": "VEC2"
        },
        {
            "bufferView": 0,
            "byteOffset": 262160,
            "componentType": 5123,
            "count": 160,
            "max": [
                0,
                0,
                0,
                0
            ],
            "min": [
                0,
                0,
                0,
                0
            ],
            "type": "VEC4"
        },
        {
            "bufferView": 0,
            "byteOffset": 263440,
            "componentType": 5126,
            "count": 160,
            "max": [
                1,
                0,
                0,
                0
            ],
            "min": [
                1,
                0,
                0,
                0
            ],
            "type": "VEC4"
        },
        {
            "bufferView": 2,
            "byteOffset": 44112,
            "componentType": 5123,
            "count": 726,
            "max": [
                159
            ],
            "min": [
                0
            ],
            "type": "SCALAR"
        },
        {
            "bufferView": 1,
            "byteOffset": 5184,
            "componentType": 5126,
            "count": 1,
            "max": [
                0.8773416675242915,
                0.3447147606199966,
                0.33383173437559976,
                0,
                -0.1802127634037205,
                0.881441413556537,
                -0.4365601166808689,
                0,
                -0.4447418071738733,
                0.3228516583576869,
                0.8354469706583335,
                0,
                92.0597415837366,
                -87.80047571995972,
                -181.7201184916264,
                1
            ],
            "min": [
                0.8773416675242915,
                0.3447147606199966,
                0.33383173437559976,
                0,
                -0.1802127634037205,
                0.881441413556537,
                -0.4365601166808689,
                0,
                -0.4447418071738733,
                0.3228516583576869,
                0.8354469706583335,
                0,
                92.0597415837366,
                -87.80047571995972,
                -181.7201184916264,
                1
            ],
            "type": "MAT4"
        },
        {
            "bufferView": 0,
            "byteOffset": 266000,
            "componentType": 5126,
            "count": 261,
            "max": [
                19.919857025146484,
                15.032444953918457,
                9.933868408203125
            ],
            "min": [
                -19.919527053833008,
                -58.615116119384766,
                -9.933856964111328
            ],
            "type": "VEC3"
        },
        {
            "bufferView": 0,
            "byteOffset": 269132,
            "componentType": 5126,
            "count": 261,
            "max": [
                0.9998382329940796,
                0.9999999403953552,
                0.99983811378479
            ],
            "min": [
                -0.9998381733894348,
                -0.9999999403953552,
                -0.9998381733894348
            ],
            "type": "VEC3"
        },
        {
            "bufferView": 0,
            "byteOffset": 272264,
            "componentType": 5126,
            "count": 261,
            "max": [
                1.6093209981918335,
                0.9882569909095764
            ],
            "min": [
                0.013856000266969204,
                0.013337016105651855
            ],
            "type": "VEC2"
        },
        {
            "bufferView": 0,
            "byteOffset": 274352,
            "componentType": 5123,
            "count": 261,
            "max": [
                0,
                0,
                0,
                0
            ],
            "min": [
                0,
                0,
                0,
                0
            ],
            "type": "VEC4"
        },
        {
            "bufferView": 0,
            "byteOffset": 276440,
            "componentType": 5126,
            "count": 261,
            "max": [
                1,
                0,
                0,
                0
            ],
            "min": [
                1,
                0,
                0,
                0
            ],
            "type": "VEC4"
        },
        {
            "bufferView": 2,
            "byteOffset": 45564,
            "componentType": 5123,
            "count": 1260,
            "max": [
                260
            ],
            "min": [
                0
            ],
            "type": "SCALAR"
        },
        {
            "bufferView": 1,
            "byteOffset": 5248,
            "componentType": 5126,
            "count": 1,
            "max": [
                0.28266067449576016,
                -0.816459103620876,
                0.5034850500907093,
                0,
                0.7030778519531978,
                -0.18071655007095627,
                -0.6877666520861303,
                0,
                0.6525214989055093,
                0.5483937086581406,
                0.5229530017155827,
                0,
                4.376064562480256,
                -1.1264131885436386,
                -4.285179801878858,
                1
            ],
            "min": [
                0.28266067449576016,
                -0.816459103620876,
                0.5034850500907093,
                0,
                0.7030778519531978,
                -0.18071655007095627,
                -0.6877666520861303,
                0,
                0.6525214989055093,
                0.5483937086581406,
                0.5229530017155827,
                0,
                4.376064562480256,
                -1.1264131885436386,
                -4.285179801878858,
                1
            ],
            "type": "MAT4"
        }
    ],
    "asset": {
        "generator": "ClayGL - fbx2gltf",
        "version": "2.0"
    },
    "bufferViews": [
        {
            "buffer": 0,
            "byteLength": 280616,
            "byteOffset": 0,
            "target": 34962
        },
        {
            "buffer": 0,
            "byteLength": 5312,
            "byteOffset": 280616,
            "target": 34962
        },
        {
            "buffer": 0,
            "byteLength": 48084,
            "byteOffset": 285928,
            "target": 34963
        }
    ],
    "buffers": [
        {
            "byteLength": 334012,
            "uri": "disruptor.bin"
        }
    ],
    "images": [
        {
            "uri": "textures/back_color.png"
        },
        {
            "uri": "textures/bracers_color.png"
        },
        {
            "uri": "textures/disruptor_color.png"
        },
        {
            "uri": "textures/hair_color.png"
        },
        {
            "uri": "textures/mount_color.png"
        },
        {
            "uri": "textures/shoulder_color.png"
        },
        {
            "uri": "textures/weapon_color.png"
        }
    ],
    "materials": [
        {
            "emissiveFactor": [
                0,
                0,
                0
            ],
            "name": "Material #35",
            "pbrMetallicRoughness": {
                "baseColorFactor": [
                    1,
                    1,
                    1,
                    1
                ],
                "baseColorTexture": {
                    "index": 0,
                    "texCoord": 0
                },
                "metallicFactor": 0,
                "roughnessFactor": 0.9230769230769231
            }
        },
        {
            "emissiveFactor": [
                0,
                0,
                0
            ],
            "name": "Material #46",
            "pbrMetallicRoughness": {
                "baseColorFactor": [
                    1,
                    1,
                    1,
                    1
                ],
                "baseColorTexture": {
                    "index": 1,
                    "texCoord": 0
                },
                "metallicFactor": 0,
                "roughnessFactor": 0.9230769230769231
            }
        },
        {
            "emissiveFactor": [
                0,
                0,
                0
            ],
            "name": "Material #57",
            "pbrMetallicRoughness": {
                "baseColorFactor": [
                    1,
                    1,
                    1,
                    1
                ],
                "baseColorTexture": {
                    "index": 2,
                    "texCoord": 0
                },
                "metallicFactor": 0,
                "roughnessFactor": 0.9230769230769231
            }
        },
        {
            "emissiveFactor": [
                0,
                0,
                0
            ],
            "name": "Material #68",
            "pbrMetallicRoughness": {
                "baseColorFactor": [
                    1,
                    1,
                    1,
                    1
                ],
                "baseColorTexture": {
                    "index": 3,
                    "texCoord": 0
                },
                "metallicFactor": 0,
                "roughnessFactor": 0.9230769230769231
            }
        },
        {
            "emissiveFactor": [
                0,
                0,
                0
            ],
            "name": "Material #79",
            "pbrMetallicRoughness": {
                "baseColorFactor": [
                    1,
                    1,
                    1,
                    1
                ],
                "baseColorTexture": {
                    "index": 4,
                    "texCoord": 0
                },
                "metallicFactor": 0,
                "roughnessFactor": 0.9230769230769231
            }
        },
        {
            "emissiveFactor": [
                0,
                0,
                0
            ],
            "name": "Material #90",
            "pbrMetallicRoughness": {
                "baseColorFactor": [
                    1,
                    1,
                    1,
                    1
                ],
                "baseColorTexture": {
                    "index": 5,
                    "texCoord": 0
                },
                "metallicFactor": 0,
                "roughnessFactor": 0.9230769230769231
            }
        },
        {
            "emissiveFactor": [
                0,
                0,
                0
            ],
            "name": "Material #101",
            "pbrMetallicRoughness": {
                "baseColorFactor": [
                    1,
                    1,
                    1,
                    1
                ],
                "baseColorTexture": {
                    "index": 6,
                    "texCoord": 0
                },
                "metallicFactor": 0,
                "roughnessFactor": 0.9230769230769231
            }
        }
    ],
    "meshes": [
        {
            "name": "back_model_LOD0",
            "primitives": [
                {
                    "attributes": {
                        "JOINTS_0": 3,
                        "NORMAL": 1,
                        "POSITION": 0,
                        "TEXCOORD_0": 2,
                        "WEIGHTS_0": 4
                    },
                    "indices": 5,
                    "material": 0
                }
            ]
        },
        {
            "name": "bracers_model_LOD0",
            "primitives": [
                {
                    "attributes": {
                        "JOINTS_0": 10,
                        "NORMAL": 8,
                        "POSITION": 7,
                        "TEXCOORD_0": 9,
                        "WEIGHTS_0": 11
                    },
                    "indices": 12,
                    "material": 1
                }
            ]
        },
        {
            "name": "disruptor_model_LOD0",
            "primitives": [
                {
                    "attributes": {
                        "JOINTS_0": 17,
                        "NORMAL": 15,
                        "POSITION": 14,
                        "TEXCOORD_0": 16,
                        "WEIGHTS_0": 18
                    },
                    "indices": 19,
                    "material": 2
                }
            ]
        },
        {
            "name": "hair_model_LOD0",
            "primitives": [
                {
                    "attributes": {
                        "JOINTS_0": 24,
                        "NORMAL": 22,
                        "POSITION": 21,
                        "TEXCOORD_0": 23,
                        "WEIGHTS_0": 25
                    },
                    "indices": 26,
                    "material": 3
                }
            ]
        },
        {
            "name": "mount_model_LOD0",
            "primitives": [
                {
                    "attributes": {
                        "JOINTS_0": 31,
                        "NORMAL": 29,
                        "POSITION": 28,
                        "TEXCOORD_0": 30,
                        "WEIGHTS_0": 32
                    },
                    "indices": 33,
                    "material": 4
                }
            ]
        },
        {
            "name": "shoulder_model_LOD0",
            "primitives": [
                {
                    "attributes": {
                        "JOINTS_0": 38,
                        "NORMAL": 36,
                        "POSITION": 35,
                        "TEXCOORD_0": 37,
                        "WEIGHTS_0": 39
                    },
                    "indices": 40,
                    "material": 5
                }
            ]
        },
        {
            "name": "weapon_model_LOD0",
            "primitives": [
                {
                    "attributes": {
                        "JOINTS_0": 45,
                        "NORMAL": 43,
                        "POSITION": 42,
                        "TEXCOORD_0": 44,
                        "WEIGHTS_0": 46
                    },
                    "indices": 47,
                    "material": 6
                }
            ]
        }
    ],
    "nodes": [
        {
            "children": [
                1,
                6,
                12,
                51,
                56
            ],
            "matrix": [
                1.6292068478213574e-7,
                1.469367938527879e-39,
                1.0000000000000002,
                0,
                1.0000000000000002,
                6.123233995736847e-17,
                -1.6292068478213574e-7,
                0,
                -6.123233995736685e-17,
                1,
                9.976014756666736e-24,
                0,
                0,
                124.54727172851562,
                -14.04677963256836,
                1
            ],
            "name": "Root_0"
        },
        {
            "children": [
                2
            ],
            "matrix": [
                -0.8580369949340823,
                -2.7958395794912993e-7,
                -0.5135878324508667,
                0,
                -0.5135878324508943,
                1.1478179623806625e-7,
                0.8580369949340659,
                0,
                -1.809428548892572e-7,
                1.0000000000000002,
                -2.420779594638315e-7,
                0,
                -30.134590148925774,
                -0.0000051422512115095725,
                -5.323631286621094,
                1
            ],
            "name": "tail_R0C0"
        },
        {
            "children": [
                3
            ],
            "matrix": [
                0.9753055572509766,
                0.2208588421344757,
                4.7683710135970614e-7,
                0,
                -0.2208588421344823,
                0.9753055572509749,
                1.3798882037008258e-8,
                0,
                -4.6201447388954703e-7,
                -1.1877186890653267e-7,
                0.9999999999999996,
                0,
                27.505855560302727,
                -1.4210854715202004e-14,
                0.000006974902134970762,
                1
            ],
            "name": "tail_R1C0"
        },
        {
            "children": [
                4
            ],
            "matrix": [
                0.9377878308296201,
                0.3472092151641845,
                -3.4831910511456964e-7,
                0,
                -0.34720921516480774,
                0.9377878308293893,
                -0.000001907348860186176,
                0,
                -3.355995972747094e-7,
                0.0000019096276668710583,
                1,
                0,
                34.00311279296874,
                0.000015258789076710855,
                -0.000015201367205008864,
                1
            ],
            "name": "tail_R2C0"
        },
        {
            "children": [
                5
            ],
            "matrix": [
                0.9681911468505864,
                0.25021272897720326,
                -1.8096972098646794e-7,
                0,
                -0.25021272897728697,
                0.968191146850565,
                -4.7683715820312474e-7,
                0,
                5.590252675615901e-8,
                5.069501860000636e-7,
                0.9999999999999998,
                0,
                37.42095184326172,
                1.4210854715202004e-14,
                -0.0000015491823432967338,
                1
            ],
            "name": "tail_R3C0"
        },
        {
            "matrix": [
                0.9897422194480894,
                0.1427625715732575,
                0.005352470558136706,
                0,
                -0.14275107177551893,
                0.9897554382218855,
                -0.002479038666911305,
                0,
                -0.005651552706280284,
                0.0016895388999404735,
                0.9999825954346617,
                0,
                27.414047241210938,
                -0.000011444091782664145,
                0.00001558091025799513,
                1
            ],
            "name": "tail_R4C0"
        },
        {
            "children": [
                7
            ],
            "matrix": [
                -0.4456081092357638,
                -0.18722921609878532,
                0.8754305839538575,
                0,
                -0.3481839253506874,
                0.9371392855510119,
                0.023195754797111116,
                0,
                -0.8247431917358775,
                -0.2944745966500899,
                -0.48278699638002676,
                0,
                -0.00000286102294921875,
                18.924068450927734,
                -2.7667999267578125,
                1
            ],
            "name": "thigh_L1"
        },
        {
            "children": [
                8
            ],
            "matrix": [
                0.15236538648605308,
                -5.699694156091617e-7,
                -0.9883241653442382,
                0,
                0.0000013908314191735105,
                0.9999997615804537,
                -3.6228468913712675e-7,
                0,
                0.9883241518797954,
                -0.0000013193929514487834,
                0.15236538441106273,
                0,
                -62.86970901489257,
                -0.0000057220458984375,
                0.000015258789048289145,
                1
            ],
            "name": "knee_L1"
        },
        {
            "children": [
                9
            ],
            "matrix": [
                0.33021944761276234,
                0.007400697097182218,
                0.9438751339912417,
                0,
                -0.002443693164581817,
                0.9999729995597008,
                -0.006985608615704908,
                0,
