{
    "accessors": {
        "attrbute_1": {
            "bufferView": "bufferView_7",
            "byteOffset": 0,
            "byteStride": 12,
            "count": 991,
            "max": [
                65.3641128540039,
                20.82392120361328,
                249.5360870361328,
                0
            ],
            "min": [
                -65.36406707763672,
                -43.85992431640625,
                -2.1684486865997314,
                0
            ],
            "type": 35665
        },
        "attrbute_2": {
            "bufferView": "bufferView_7",
            "byteOffset": 11892,
            "byteStride": 12,
            "count": 991,
            "max": [
                0.997545599937439,
                0.9979044198989868,
                0.9775509238243103,
                0
            ],
            "min": [
                -0.9975457787513733,
                -0.9979332685470581,
                -0.9749123454093933,
                0
            ],
            "type": 35665
        },
        "attrbute_3": {
            "bufferView": "bufferView_7",
            "byteOffset": 23784,
            "byteStride": 8,
            "count": 991,
            "max": [
                0.9607509970664978,
                0.9876689910888672
            ],
            "min": [
                0.011668999679386616,
                0.011668980121612549
            ],
            "type": 35664
        },
        "attrbute_4": {
            "bufferView": "bufferView_7",
            "byteOffset": 31712,
            "byteStride": 16,
            "count": 991,
            "max": [
                41,
                42,
                42,
                -1
            ],
            "min": [
                0,
                -1,
                -1,
                -1
            ],
            "type": 35666
        },
        "attrbute_5": {
            "bufferView": "bufferView_7",
            "byteOffset": 47568,
            "byteStride": 12,
            "count": 991,
            "max": [
                1,
                0.9973264336585999,
                0.9973607063293457
            ],
            "min": [
                0.00010590704187052324,
                0,
                0
            ],
            "type": 35665
        },
        "indices_6": {
            "bufferView": "bufferView_9",
            "byteOffset": 0,
            "count": 4542,
            "type": 5123
        }
    },
    "animations": {},
    "asset": {},
    "bufferViews": {
        "bufferView_7": {
            "buffer": "enigma.bin",
            "byteLength": 59460,
            "byteOffset": 0,
            "target": 34962
        },
        "bufferView_8": {
            "buffer": "enigma.bin",
            "byteLength": 2752,
            "byteOffset": 59460
        },
        "bufferView_9": {
            "buffer": "enigma.bin",
            "byteLength": 9084,
            "byteOffset": 62212,
            "target": 34963
        }
    },
    "buffers": {
        "enigma.bin": {
            "byteLength": 71296,
            "path": "enigma.bin"
        }
    },
    "cameras": {},
    "images": {
        "image_0": {
            "path": "textures/enigma_color.png"
        }
    },
    "lights": {},
    "materials": {
        "Material #35": {
            "instanceTechnique": {
                "technique": "technique_0",
                "values": {
                    "ambient": [
                        0.5879999995231628,
                        0.5879999995231628,
                        0.5879999995231628
                    ],
                    "diffuse": "Map #2",
                    "emission": [
                        0,
                        0,
                        0
                    ],
                    "shininess": 2,
                    "specular": [
                        0.8999999761581421,
                        0.8999999761581421,
                        0.8999999761581421
                    ],
                    "transparency": 1
                }
            },
            "name": "Material #35"
        }
    },
    "meshes": {
        "enigma_model_LOD0-mesh": {
            "name": "enigma_model_LOD0-mesh",
            "primitives": [
                {
                    "attributes": {
                        "JOINT": "attrbute_4",
                        "NORMAL": "attrbute_2",
                        "POSITION": "attrbute_1",
                        "TEXCOORD_0": "attrbute_3",
                        "WEIGHT": "attrbute_5"
                    },
                    "indices": "indices_6",
                    "material": "Material #35"
                }
            ]
        }
    },
    "nodes": {
        "Head_0": {
            "children": [
                "Head_1"
            ],
            "jointId": "Head_0",
            "matrix": [
                0.9458258748054503,
                -4.51004950718925e-7,
                -0.3246739506721497,
                0,
                4.769040776463587e-7,
                0.9999999999999998,
                1.9485923985484987e-10,
                0,
                0.32467395067208343,
                -1.5502263389206904e-7,
                0.9458258748054731,
                0,
                21.008407592773466,
                -9.5367431640625e-7,
                12.629436492919915,
                1
            ],
            "name": "Head_0"
        },
        "Head_1": {
            "children": [],
            "jointId": "Head_1",
            "matrix": [
                0.6325114369392397,
                3.016049276993728e-7,
                -0.7745510339736938,
                0,
                -4.7683709586632076e-7,
                0.9999999999999999,
                1.4210854758215396e-14,
                0,
                0.7745510339736237,
                3.693346566517104e-7,
                0.6325114369393258,
                0,
                20.132110595703125,
                0.0000095367431640625,
                -0.000030517578125,
                1
            ],
            "name": "Head_1"
        },
        "Root_0": {
            "children": [
                "base0_1",
                "Spine_0",
                "base0_0"
            ],
            "jointId": "Root_0",
            "matrix": [
                -1.629206851037603e-7,
                -1.0000000000000002,
                0,
                0,
                1.0000000000000002,
                -1.629206851037603e-7,
                0,
                0,
                0,
                0,
                1,
                0,
                0,
                -11.543519020080566,
                125.07613372802734,
                1
            ],
            "name": "Root_0"
        },
        "Spine_0": {
            "children": [
                "Spine_1"
            ],
            "jointId": "Spine_0",
            "matrix": [
                -0.014141251333058318,
                1.7318043555951075e-18,
                0.9998999834060669,
                0,
                -0.0000021455526464077005,
                1,
                -3.0343834109826044e-8,
                0,
                -0.999899983406067,
                -0.000002145767155324458,
                -0.014141251333058318,
                0,
                0,
                9.536744300930873e-7,
                21.25281524658203,
                1
            ],
            "name": "Spine_0"
        },
        "Spine_1": {
            "children": [
                "Spine_3"
            ],
            "jointId": "Spine_1",
            "matrix": [
                0.9997597336769106,
                -1.0658141062871282e-14,
                0.02191558293998242,
                0,
                1.0450179311364694e-8,
                0.9999999999999996,
                -4.7672278924437573e-7,
                0,
                -0.021915582939982428,
                4.768372705841077e-7,
                0.9997597336769105,
                0,
                21.588912963867216,
                0.0000019073486328125,
                -0.305328369140625,
                1
            ],
            "name": "Spine_1"
        },
        "Spine_3": {
            "children": [
                "clavicle_L",
                "clavicle_R",
                "Head_0"
            ],
            "jointId": "Spine_3",
            "matrix": [
                0.9248394966125489,
                -4.4099775209360825e-7,
                -0.3803580999374392,
                0,
                -6.726951365648516e-8,
                0.9999999999999998,
                -0.000001322993398389072,
                0,
                0.3803580999379486,
                0.000001249143052985728,
                0.9248394966123397,
                0,
                22.607086181640653,
                -9.536724974168532e-7,
                -0.815536499023441,
                1
            ],
            "name": "Spine_3"
        },
        "base0_0": {
            "children": [],
            "jointId": "base0_0",
            "matrix": [
                -0.3277713656425475,
                -3.125871329613751e-7,
                -0.944757103919983,
                0,
                -5.031790236562994e-7,
                1.0000000000000002,
                -1.562935664650713e-7,
                0,
                0.9447571039199396,
                4.2415340142136787e-7,
                -0.32777136564267284,
                0,
                0,
                0,
                0,
                1
            ],
            "name": "base0_0"
        },
        "base0_1": {
            "children": [
                "base0_2"
            ],
            "jointId": "base0_1",
            "matrix": [
                -0.31901445984840404,
                -1.521179484988974e-7,
                -0.9477498531341554,
                0,
                -2.508759847157509e-7,
                0.9999999999999999,
                -7.605897432480201e-8,
                0,
                0.9477498531341453,
                2.135037650583843e-7,
                -0.3190144598484349,
                0,
                -8.20263957977295,
                -0.0000023841857910156246,
                -23.643081665039062,
                1
            ],
            "name": "base0_1"
        },
        "base0_2": {
            "children": [
                "base0_3"
            ],
            "jointId": "base0_2",
            "matrix": [
                0.7133541107177734,
                6.617444900424221e-23,
                0.7008037567138672,
                0,
                3.341692159661671e-7,
                1.0000000000000004,
                -3.401536901037616e-7,
                0,
                -0.7008037567138672,
                4.768370750385556e-7,
                0.7133541107177737,
                0,
                22.593055725097656,
                2.384185791015642e-7,
                0.0000019073486328125,
                1
            ],
            "name": "base0_2"
        },
        "base0_3": {
            "children": [
                "base0_4"
            ],
            "jointId": "base0_3",
            "matrix": [
                0.9069117307662962,
                4.324492124396784e-7,
                -0.42132049798965443,
                0,
                -8.786396697039139e-7,
                1.0000000000000002,
                -8.648983680361379e-7,
                0,
                0.4213204979892017,
                0.0000011545753790855023,
                0.9069117307665069,
                0,
                41.23224639892579,
                0.0000019073486328124966,
                -0.000007629394527697286,
                1
            ],
            "name": "base0_3"
        },
        "base0_4": {
            "children": [
                "base0_5"
            ],
            "jointId": "base0_4",
            "matrix": [
                0.9570659399032595,
                4.5636460299647265e-7,
                -0.28986978530883795,
                0,
                7.604558049920451e-8,
                0.9999999999999998,
                0.0000018254584119854455,
                0,
                0.2898697853096106,
                -0.0000017691273869137831,
                0.9570659399030254,
                0,
                24.916189193725586,
                -0.0000095367431640625,
                0.000015258789064276357,
                1
            ],
            "name": "base0_4"
        },
        "base0_5": {
            "children": [],
            "jointId": "base0_5",
            "matrix": [
                0.11177419126033777,
                -1.5012248866241835e-7,
                -0.993733406066895,
                0,
                -1.6533608079696813e-7,
                0.9999999999999994,
                -1.6966602345287727e-7,
                0,
                0.9937334060668979,
                1.832642692719212e-7,
                0.11177419126031021,
                0,
                26.341020584106445,
                0.000001907348860186173,
                -0.000001907348634588857,
                1
            ],
            "name": "base0_5"
        },
        "bicep_L": {
            "children": [
                "elbow_L"
            ],
            "jointId": "bicep_L",
            "matrix": [
                0.5019111037254338,
                0.2516061365604403,
                -0.8275143504142763,
                0,
                -0.860159851909599,
                0.044969160473165085,
                -0.5080386384970417,
                0,
                -0.0906129738433906,
                0.966784432438186,
                0.23899191369909328,
                0,
                32.00046920776367,
                -0.000030517578125,
                0.000030517578125,
                1
            ],
            "name": "bicep_L"
        },
        "bicep_R": {
            "children": [
                "elbow_R"
            ],
            "jointId": "bicep_R",
            "matrix": [
                0.5019113421440128,
                0.25160655379295344,
                -0.8275140523910524,
                0,
                -0.8601594172480406,
                0.04496915692166173,
                -0.5080387840593096,
                0,
                -0.09061329371392375,
                0.9667845967102635,
                0.23899231705237112,
                0,
                -32.00045776367188,
                0.000030517578125,
                -0.0000457763671875,
                1
            ],
            "name": "bicep_R"
        },
        "clavicle_L": {
            "children": [
                "bicep_L"
            ],
            "jointId": "clavicle_L",
            "matrix": [
                -0.10300557315349576,
                0.9768909811973573,
                -0.1872798204421998,
                0,
                -0.019638360931466647,
                0.1862472805091704,
                0.9823063093028829,
                0,
                0.9944865747262521,
                0.10486089766019967,
                2.980232266525107e-8,
                0,
                10.662307739257812,
                5.664954662322999,
                16.764934539794915,
                1
            ],
            "name": "clavicle_L"
        },
        "clavicle_R": {
            "children": [
                "bicep_R"
            ],
            "jointId": "clavicle_R",
            "matrix": [
                0.10300537943840021,
                0.9768909811973575,
                0.187280148267746,
                0,
                0.01963853696055473,
                0.18624756424413827,
                -0.9823061463423367,
                0,
                -0.994486629687521,
                0.10486074053166868,
                -2.086162617098708e-7,
                0,
                10.662261962890625,
                -5.664956569671631,
                16.764926910400384,
                1
            ],
            "name": "clavicle_R"
        },
        "elbow_L": {
            "children": [
                "wrist_L"
            ],
            "jointId": "elbow_L",
            "matrix": [
                0.7873401641845704,
                2.6822090143374666e-7,
                -0.6165192127227787,
                0,
                -3.4066715462466313e-7,
                1.0000001192093009,
                -5.551115123125783e-17,
                0,
                0.616518932126422,
                2.100277254057925e-7,
                0.7873398058425747,
                0,
                31.67736816406247,
                -0.000030517578125,
                1.4210854715202004e-14,
                1
            ],
            "name": "elbow_L"
        },
        "elbow_R": {
            "children": [
                "wrist_R"
            ],
            "jointId": "elbow_R",
            "matrix": [
                0.7873394489288328,
                5.364418028674933e-7,
                -0.6165196299552916,
                0,
                -5.763206803177656e-7,
                0.9999998807908329,
                1.3411046162481455e-7,
                0,
                0.6165197268545743,
                2.4972262450961846e-7,
                0.7873395726763314,
                0,
                -31.677406311035142,
                -0.000015258789048289145,
                0.0000152587890625,
                1
            ],
            "name": "elbow_R"
        },
        "enigma_model_LOD0": {
            "children": [],
            "instanceSkin": {
                "skeletons": [
                    "Root_0"
                ],
                "skin": "skin_0",
                "sources": [
                    "enigma_model_LOD0-mesh"
                ]
            },
            "matrix": [
                1,
                0,
                0,
                0,
                0,
                1,
                0,
                0,
                0,
                0,
                1,
                0,
                0,
                0,
                0,
                1
            ],
            "name": "enigma_model_LOD0"
        },
        "index_0_L": {
            "children": [
                "index_1_L"
            ],
            "jointId": "index_0_L",
            "matrix": [
                0.9633190631866455,
                -0.25658270716667164,
                0.07862697541713709,
                0,
                0.008727217615953048,
                0.32278899589135507,
                0.9464306482170808,
                0,
                -0.268217675907856,
                -0.9110285436666354,
                0.3131880644640986,
                0,
                20.92688751220703,
                8.626083374023423,
                -4.14178466796875,
                1
            ],
            "name": "index_0_L"
        },
        "index_0_R": {
            "children": [
                "index_1_R"
            ],
            "jointId": "index_0_R",
            "matrix": [
                0.9633188247680665,
                -0.2565823793411255,
                0.07862696796655644,
                0,
                0.008727172875418854,
                0.3227891581943807,
                0.9464304963252401,
                0,
                -0.2682173399935562,
                -0.9110281853575533,
                0.31318813297766596,
                0,
                -20.926910400390625,
                -8.626060485839858,
                4.141740798950199,
                1
            ],
            "name": "index_0_R"
        },
        "index_1_L": {
            "children": [
                "index_2_L"
            ],
            "jointId": "index_1_L",
            "matrix": [
                0.8117846846580508,
                -3.874301910122835e-7,
                -0.5839570760726931,
                0,
                4.826170163507726e-7,
                1.0000002384185769,
                7.4505802777347085e-9,
                0,
                0.5839570071661178,
                -2.8787578612663595e-7,
                0.8117845888681492,
                0,
                9.394973754882812,
                0.000003814697265625,
                0.000022888183607960855,
                1
            ],
            "name": "index_1_L"
        },
        "index_1_R": {
            "children": [
                "index_2_R"
            ],
            "jointId": "index_1_R",
            "matrix": [
                0.9148030877113343,
                1.1920928952302567e-7,
                -0.403900146484375,
                0,
                4.73242395271356e-8,
                1.0000003576278729,
                4.023313533857431e-7,
                0,
                0.40390020025464024,
                -3.8716814470401983e-7,
                0.9148032094967786,
                0,
                -9.394962310791001,
                -0.000003814697263848643,
                0,
                1
            ],
            "name": "index_1_R"
        },
        "index_2_L": {
            "children": [],
            "jointId": "index_2_L",
            "matrix": [
                0.9999999999999998,
                -1.4901161221603232e-8,
                -8.568167685421568e-8,
                0,
                1.4901113176701841e-8,
                0.9999999403953557,
                -5.504116416185645e-7,
                0,
                8.568167482805866e-8,
                5.504116075715805e-7,
                0.9999998807906421,
                0,
                8.45395660400392,
                0.00001049041748046875,
                -0.000011444091796875,
                1
            ],
            "name": "index_2_L"
        },
        "index_2_R": {
            "children": [],
            "jointId": "index_2_R",
            "matrix": [
                1.0000001192092898,
                4.470348363705412e-8,
                4.3213367459382646e-7,
                0,
                -4.470312625626249e-8,
                1.0000001192092889,
                -8.270144462099727e-7,
                0,
                -4.3213355702120815e-7,
                8.270141311980672e-7,
                0.9999997615817459,
                0,
                -8.45389556884767,
                -0.000014305114747870107,
                -0.000030517578139210855,
                1
            ],
            "name": "index_2_R"
        },
        "mid_0_L": {
            "children": [
                "mid_1_L"
            ],
            "jointId": "mid_0_L",
            "matrix": [
                0.9657993912696837,
                0.046546041965484564,
                0.2550793886184692,
                0,
                -0.25922553972170786,
                0.19550472773458688,
                0.9458227828986077,
                0,
                -0.005844917726174181,
                -0.9795978665814385,
                0.2008842096834517,
                0,
                21.96173095703125,
                9.874366760253906,
                2.75457763671875,
                1
            ],
            "name": "mid_0_L"
        },
        "mid_0_R": {
            "children": [
                "mid_1_R"
            ],
            "jointId": "mid_0_R",
            "matrix": [
                0.9604164361953735,
                -0.05123406648635859,
                0.2738156020641325,
                0,
                -0.25922552036851776,
                0.1955042794213307,
                0.9458223992393426,
                0,
                -0.10199048050920667,
                -0.9793636660841198,
                0.1744843985290443,
                0,
                -21.961730957031264,
                -9.874397277832045,
                -2.75463676452636,
                1
            ],
            "name": "mid_0_R"
        },
        "mid_1_L": {
            "children": [
                "mid_2_L"
            ],
            "jointId": "mid_1_L",
            "matrix": [
                0.9493123888969421,
                1.4901161195235435e-7,
                -0.31433412432670593,
                0,
                -7.925680801934565e-8,
                0.9999997615814233,
                2.346932799213164e-7,
                0,
                0.3143340533005508,
                -1.9788412140495093e-7,
                0.9493121743925872,
                0,
                10.734405517578125,
                0.000007629394538355427,
                -0.00000762939453125,
                1
            ],
            "name": "mid_1_L"
        },
        "mid_1_R": {
            "children": [
                "mid_2_R"
            ],
            "jointId": "mid_1_R",
            "matrix": [
                0.8647042512893679,
                4.1723251345548995e-7,
                -0.5022812485694886,
                0,
                -0.0000010364761256348443,
                1.0000001192091796,
                -9.536743616062049e-7,
                0,
                0.5022812377185569,
                0.0000013452486078485357,
                0.864704232610021,
                0,
                -10.734390258789062,
                0.000003814697265625,
                -0.000030517578125,
                1
            ],
            "name": "mid_1_R"
        },
        "mid_2_L": {
            "children": [],
            "jointId": "mid_2_L",
            "matrix": [
                0.999999761581421,
                2.831220626692277e-7,
                -7.823109627463909e-8,
                0,
                -2.83122111047196e-7,
                0.9999999403953664,
                2.910383050487228e-8,
                0,
                7.823113249566527e-8,
                -2.910381354621558e-8,
                1.0000001192092942,
                0,
                7.112159729003892,
                0.000022888183586644573,
                -0.000003814697272730427,
                1
            ],
            "name": "mid_2_L"
        },
        "mid_2_R": {
            "children": [],
            "jointId": "mid_2_R",
            "matrix": [
                1.0000002384185795,
                1.3877787807814457e-17,
                -5.215406415071122e-8,
                0,
                5.44286837822483e-14,
                1.0000001192092927,
                0.0000010430812835060185,
                0,
                5.215405796121786e-8,
                -0.0000010430812836352554,
                1.0000001192091594,
                0,
                -7.112121582031236,
                -0.00002288818359375,
                -0.000019073486328125,
                1
            ],
            "name": "mid_2_R"
        },
        "ring_0_L": {
            "children": [
                "ring_1_L"
            ],
            "jointId": "ring_0_L",
            "matrix": [
                0.7873543500900271,
                -0.01248678565025324,
                0.6163742542266846,
                0,
                -0.6048803305908478,
                0.1775555375876165,
                0.7762690512013197,
                0,
                -0.11913380258706524,
                -0.9840317683222758,
                0.13224615302577863,
                0,
                18.88858032226561,
                11.922210693359375,
                8.598823547363281,
                1
            ],
            "name": "ring_0_L"
        },
        "ring_0_R": {
            "children": [
                "ring_1_R"
            ],
            "jointId": "ring_0_R",
            "matrix": [
                0.7873542308807374,
                -0.01248627901077265,
                0.6163743138313295,
                0,
                -0.6048805220345914,
                0.1775557499105226,
                0.7762689620540674,
                0,
                -0.11913353749679473,
                -0.9840316593558368,
                0.1322465896202901,
                0,
                -18.888595581054688,
                -11.92221832275392,
                -8.598907470703121,
                1
            ],
            "name": "ring_0_R"
        },
        "ring_1_L": {
            "children": [
                "ring_2_L"
            ],
            "jointId": "ring_1_L",
            "matrix": [
                0.9136418104171751,
                2.0861625654733373e-7,
                -0.406520515680313,
                0,
                -1.355120609614069e-7,
                1.0000001192092818,
                2.0861627847423847e-7,
                0,
                0.4065204517538329,
                -1.3551208391526792e-7,
                0.9136416667443934,
                0,
                6.504310607910156,
                0.0000152587890625,
                0.000030517578125,
                1
            ],
            "name": "ring_1_L"
        },
        "ring_1_R": {
            "children": [
                "ring_2_R"
            ],
            "jointId": "ring_1_R",
            "matrix": [
                0.913641691207886,
                -5.960464477539063e-8,
                -0.4065200090408326,
                0,
                2.376235136991589e-7,
                0.9999995231628781,
                3.874302102468974e-7,
                0,
                0.40652005580424017,
                -4.5057137224718824e-7,
                0.9136417963073266,
                0,
                -6.5042877197265625,
                0.00000762939453125,
                0,
                1
            ],
            "name": "ring_1_R"
        },
        "ring_2_L": {
            "children": [],
            "jointId": "ring_2_L",
            "matrix": [
                1.0000002384185793,
                2.9802322387695312e-8,
                -8.940696719084151e-8,
                0,
                -2.9802318113336668e-8,
                1.0000001192092896,
                7.450580555290465e-9,
                0,
                8.94069567408673e-8,
                -7.4505778976940995e-9,
                1.000000119209288,
                0,
                5.924163818359375,
                0.0000152587890625,
                0.000030517578125,
                1
            ],
            "name": "ring_2_L"
        },
        "ring_2_R": {
            "children": [],
            "jointId": "ring_2_R",
            "matrix": [
                0.9999999999999997,
                4.172325135387567e-7,
                -3.8743019104003906e-7,
                0,
                -4.1723278310090706e-7,
                1.000000238418579,
                -4.3958425523238365e-7,
                0,
                3.874300076311954e-7,
                4.3958431204804693e-7,
                1.0000000000000973,
                0,
                -5.924179077148452,
                -0.00002288818359375,
                0,
                1
            ],
            "name": "ring_2_R"
        },
        "thumb_0_L": {
            "children": [
                "thumb_1_L"
            ],
            "jointId": "thumb_0_L",
            "matrix": [
                0.6203539967536928,
                0.24734374880790705,
                -0.7442999482154847,
                0,
                -0.5763322689857687,
                0.7874118169524413,
                -0.21868688322904453,
                0,
                0.5319795871241155,
                0.5646271966173055,
                0.6310260691003992,
                0,
                4.325668334960923,
                2.6844635009765483,
                -5.002164840698239,
                1
            ],
            "name": "thumb_0_L"
        },
        "thumb_0_R": {
            "children": [
                "thumb_1_R"
            ],
            "jointId": "thumb_0_R",
            "matrix": [
                0.6110793352127075,
                0.38884836435317977,
                -0.6894771456718445,
                0,
                -0.7912942820674783,
                0.277124612774274,
                -0.5450276833729603,
                0,
                -0.020862046814208113,
                0.878634924625659,
                0.4770388542543617,
                0,
                -4.325668334960923,
                -2.684448242187514,
                5.002120971679698,
                1
            ],
            "name": "thumb_0_R"
        },
        "thumb_1_L": {
            "children": [
                "thumb_2_L"
            ],
            "jointId": "thumb_1_L",
            "matrix": [
                0.9701880216598513,
                -2.7755575615628914e-17,
                -0.2423532903194428,
                0,
                7.816860930764946e-8,
                1.0000003576278658,
                3.1292436017404945e-7,
                0,
                0.24235333062440617,
                -3.2253982396035497e-7,
                0.9701881830085692,
                0,
                12.94241333007814,
                -0.000022888183607960855,
                -0.0000152587890625,
                1
            ],
            "name": "thumb_1_L"
        },
        "thumb_1_R": {
            "children": [
                "thumb_2_R"
            ],
            "jointId": "thumb_1_R",
            "matrix": [
                0.945976495742798,
                2.980232227667301e-8,
                -0.324234962463379,
                0,
                1.8811379426386665e-7,
                0.9999998807907213,
                6.407499831273533e-7,
                0,
                0.3242349478311084,
                -6.671275422642786e-7,
                0.9459764530521405,
                0,
                -12.942413330078125,
                7.105427357601002e-15,
                -0.0000457763671875,
                1
            ],
            "name": "thumb_1_R"
        },
        "thumb_2_L": {
            "children": [],
            "jointId": "thumb_2_L",
            "matrix": [
                1.0000003576278684,
                2.9802322359939737e-8,
                -3.278255462091373e-7,
                0,
                -2.9802223924790816e-8,
                0.9999999999999997,
                2.6822090146150224e-7,
                0,
                3.278254370187028e-7,
                -2.6822089163602847e-7,
                0.999999999999994,
                0,
                8.896312713623047,
                -0.000015258789069605427,
                0.00002288818359375,
                1
            ],
            "name": "thumb_2_L"
        },
        "thumb_2_R": {
            "children": [],
            "jointId": "thumb_2_R",
            "matrix": [
                0.9999999403953549,
                1.1102230246251565e-16,
                4.1723251331671207e-7,
                0,
                -1.616484723854228e-13,
                0.9999999403953554,
                3.874301912065725e-7,
                0,
                -4.172325878681882e-7,
                -3.874302602069335e-7,
                1.0000001192094703,
                0,
                -8.896278381347642,
                -0.000003814697272730427,
                0.00002288818359375,
                1
            ],
            "name": "thumb_2_R"
        },
        "wrist_L": {
            "children": [
                "thumb_0_L",
                "ring_0_L",
                "mid_0_L",
                "index_0_L"
            ],
            "jointId": "wrist_L",
            "matrix": [
                0.9960772395133973,
                -0.035083651542663574,
                -0.08123263716697703,
                0,
                0.04539632561696172,
                0.9906295517619634,
                0.12880715273597346,
                0,
                0.07595247699568844,
                -0.13198962554626723,
                0.9883368858867972,
                0,
                29.183738708496094,
                0,
                0.000026702880855822286,
                1
            ],
            "name": "wrist_L"
        },
        "wrist_R": {
            "children": [
                "thumb_0_R",
                "ring_0_R",
                "mid_0_R",
                "index_0_R"
            ],
            "jointId": "wrist_R",
            "matrix": [
                0.9960774183273318,
                -0.03508311510086065,
                -0.08123213052749637,
                0,
                0.04539569011526662,
                0.9906302137094224,
                0.12880651948064803,
                0,
                0.07595207765168069,
                -0.131988869263415,
                0.9883371222069366,
                0,
                -29.183738708496094,
                -0.0000152587890625,
                -0.0000019073486363652137,
                1
            ],
            "name": "wrist_R"
        }
    },
    "samplers": {
        "sampler_0": {
            "magFilter": 9729,
            "minFilter": 9987,
            "wrapS": 10497,
            "wrapT": 10497
        }
    },
    "scene": "scene_0",
    "scenes": {
        "scene_0": {
            "nodes": [
                "Root_0",
                "enigma_model_LOD0"
            ]
        }
    },
    "shaders": {},
    "skins": {
        "skin_0": {
            "bindShapeMatrix": [
                1,
                0,
                0,
                0,
                0,
                1,
                0,
                0,
                0,
                0,
                1,
                0,
                0,
                0,
                0,
                1
            ],
            "inverseBindMatrices": {
                "bufferView": "bufferView_8",
                "byteOffset": 0,
                "count": 43,
                "type": 5126
            },
            "joints": [
                "clavicle_L",
                "bicep_L",
                "Head_0",
                "Spine_3",
                "Head_1",
                "Spine_1",
                "clavicle_R",
                "bicep_R",
                "thumb_2_L",
                "thumb_1_L",
                "thumb_0_L",
                "ring_1_R",
                "ring_2_R",
                "ring_0_R",
                "wrist_R",
                "mid_0_R",
                "elbow_R",
                "thumb_0_R",
                "thumb_1_R",
                "thumb_2_R",
                "index_0_R",
                "index_1_R",
                "index_2_R",
                "mid_1_R",
                "mid_2_R",
                "Spine_0",
                "Root_0",
                "base0_1",
                "base0_2",
                "base0_3",
                "base0_4",
                "base0_5",
                "wrist_L",
                "elbow_L",
                "index_0_L",
                "mid_0_L",
                "ring_0_L",
                "mid_2_L",
                "mid_1_L",
                "ring_1_L",
                "ring_2_L",
                "index_1_L",
                "index_2_L"
            ]
        }
    },
    "techniques": {
        "technique_0": {
            "parameters": {},
            "pass": "defaultPass",
            "passes": {
                "defaultPass": {
                    "instanceProgram": {
                        "attributes": {},
                        "program": "",
                        "uniforms": {}
                    },
                    "states": {
                        "blendEnable": false,
                        "cullFaceEnable": false,
                        "depthMask": true,
                        "depthTestEnable": true
                    }
                }
            }
        }
    },
    "textures": {
        "Map #2": {
            "format": 6408,
            "internalFormat": 6408,
