{
    "animations": {},
    "asset": {},
    "attributes": {
        "attribute_1": {
            "bufferView": "bufferView_7",
            "byteOffset": 0,
            "byteStride": 12,
            "count": 764,
            "max": [
                1,
                1,
                1
            ],
            "min": [
                0,
                0,
                0
            ],
            "type": "FLOAT_VEC3"
        },
        "attribute_2": {
            "bufferView": "bufferView_7",
            "byteOffset": 9168,
            "byteStride": 12,
            "count": 764,
            "max": [
                1,
                1,
                1
            ],
            "min": [
                0,
                0,
                0
            ],
            "type": "FLOAT_VEC3"
        },
        "attribute_3": {
            "bufferView": "bufferView_7",
            "byteOffset": 18336,
            "byteStride": 8,
            "count": 764,
            "max": [
                1,
                1,
                1
            ],
            "min": [
                0,
                0,
                0
            ],
            "type": "FLOAT_VEC2"
        },
        "attribute_4": {
            "bufferView": "bufferView_7",
            "byteOffset": 24448,
            "byteStride": 16,
            "count": 764,
            "max": [
                1,
                1,
                1
            ],
            "min": [
                0,
                0,
                0
            ],
            "type": "FLOAT_VEC4"
        },
        "attribute_5": {
            "bufferView": "bufferView_7",
            "byteOffset": 36672,
            "byteStride": 12,
            "count": 764,
            "max": [
                1,
                1,
                1
            ],
            "min": [
                0,
                0,
                0
            ],
            "type": "FLOAT_VEC3"
        }
    },
    "bufferViews": {
        "bufferView_7": {
            "buffer": "enigma.bin",
            "byteLength": 45840,
            "byteOffset": 0,
            "target": "ARRAY_BUFFER"
        },
        "bufferView_8": {
            "buffer": "enigma.bin",
            "byteLength": 9084,
            "byteOffset": 45840,
            "target": "ELEMENT_ARRAY_BUFFER"
        }
    },
    "buffers": {
        "enigma.bin": {
            "byteLength": 54924,
            "path": "enigma.bin"
        }
    },
    "cameras": {},
    "images": {
        "image_0": {
            "path": "textures/enigma_color.png"
        }
    },
    "indices": {
        "indices_6": {
            "bufferView": "bufferView_8",
            "byteOffset": 0,
            "count": 4542,
            "type": "UNSIGNED_SHORT"
        }
    },
    "lights": {},
    "materials": {
        "Material #35": {
            "instanceTechnique": {
                "technique": "technique_0",
                "values": [
                    {
                        "parameter": "ambient",
                        "value": [
                            0.5879999995231628,
                            0.5879999995231628,
                            0.5879999995231628
                        ]
                    },
                    {
                        "parameter": "emission",
                        "value": [
                            0,
                            0,
                            0
                        ]
                    },
                    {
                        "parameter": "diffuse",
                        "value": "Map #2"
                    },
                    {
                        "parameter": "shininess",
                        "value": 2
                    },
                    {
                        "parameter": "specular",
                        "value": [
                            0.8999999761581421,
                            0.8999999761581421,
                            0.8999999761581421
                        ]
                    }
                ]
            },
            "name": "Material #35"
        }
    },
    "meshes": {
        "enigma_model_LOD0-mesh": {
            "name": "enigma_model_LOD0-mesh",
            "primitives": [
                {
                    "indices": "indices_6",
                    "material": "Material #35",
                    "semantics": {
                        "JOINT": "attribute_4",
                        "NORMAL": "attribute_2",
                        "POSITION": "attribute_1",
                        "TEXCOORD_0": "attribute_3",
                        "WEIGHT": "attribute_5"
                    },
                    "skin": "skin_0"
                }
            ]
        }
    },
    "nodes": {
        "Head_0": {
            "children": [
                "Head_1"
            ],
            "matrix": [
                0.9458258748054503,
                -4.51004950718925e-7,
                -0.3246739506721497,
                0,
                4.769040776463587e-7,
                0.9999999999999998,
                1.9485923985490281e-10,
                0,
                0.3246739506720833,
                -1.5502263389206894e-7,
                0.9458258748054732,
                0,
                21.008407592773438,
                -9.536743164062517e-7,
                12.629436492919929,
                1
            ],
            "name": "Head_0"
        },
        "Head_1": {
            "children": [],
            "matrix": [
                0.6325114369392397,
                3.016049276993728e-7,
                -0.774551033973694,
                0,
                -4.768370958663207e-7,
                1,
                1.4210854801228787e-14,
                0,
                0.7745510339736238,
                3.693346566517105e-7,
                0.6325114369393259,
                0,
                20.132110595703125,
                0.0000095367431640625,
                -0.00003051757809657829,
                1
            ],
            "name": "Head_1"
        },
        "Root_0": {
            "children": [
                "base0_1",
                "Spine_0",
                "base0_0"
            ],
            "matrix": [
                -1.629206851037603e-7,
                -1.0000000000000002,
                0,
                0,
                1.0000000000000002,
                -1.629206851037603e-7,
                0,
                0,
                0,
                0,
                1,
                0,
                0,
                -11.543519020080566,
                125.07613372802734,
                1
            ],
            "name": "Root_0"
        },
        "Spine_0": {
            "children": [
                "Spine_1"
            ],
            "matrix": [
                -0.014141251333058318,
                1.7318043555951075e-18,
                0.9998999834060669,
                0,
                -0.0000021455526464077005,
                1,
                -3.0343834109826044e-8,
                0,
                -0.999899983406067,
                -0.000002145767155324458,
                -0.014141251333058318,
                0,
                0,
                9.536744300930873e-7,
                21.25281524658203,
                1
            ],
            "name": "Spine_0"
        },
        "Spine_1": {
            "children": [
                "Spine_3"
            ],
            "matrix": [
                0.9997597336769105,
                -1.0658141049636393e-14,
                0.02191558293998242,
                0,
                1.0450179311364694e-8,
                0.9999999999999996,
                -4.7672278924437573e-7,
                0,
                -0.021915582939982428,
                4.768372705841077e-7,
                0.9997597336769105,
                0,
                21.588912963867216,
                0.0000019073486328125,
                -0.305328369140625,
                1
            ],
            "name": "Spine_1"
        },
        "Spine_3": {
            "children": [
                "clavicle_L",
                "clavicle_R",
                "Head_0"
            ],
            "matrix": [
                0.9248394966125489,
                -4.409977520936082e-7,
                -0.38035809993743913,
                0,
                -6.726951365648513e-8,
                0.9999999999999997,
                -0.0000013229933983890715,
                0,
                0.38035809993794856,
                0.0000012491430529857277,
                0.9248394966123394,
                0,
                22.607086181640653,
                -9.536724974168431e-7,
                -0.8155364990234375,
                1
            ],
            "name": "Spine_3"
        },
        "base0_0": {
            "children": [],
            "matrix": [
                -0.3277713656425475,
                -3.125871329613751e-7,
                -0.944757103919983,
                0,
                -5.031790236562994e-7,
                1.0000000000000002,
                -1.562935664650713e-7,
                0,
                0.9447571039199396,
                4.2415340142136787e-7,
                -0.32777136564267284,
                0,
                0,
                0,
                0,
                1
            ],
            "name": "base0_0"
        },
        "base0_1": {
            "children": [
                "base0_2"
            ],
            "matrix": [
                -0.31901445984840404,
                -1.521179484988974e-7,
                -0.9477498531341554,
                0,
                -2.508759847157509e-7,
                0.9999999999999999,
                -7.605897432480201e-8,
                0,
                0.9477498531341453,
                2.135037650583843e-7,
                -0.3190144598484349,
                0,
                -8.20263957977295,
                -0.0000023841857910156246,
                -23.643081665039062,
                1
            ],
            "name": "base0_1"
        },
        "base0_2": {
            "children": [
                "base0_3"
            ],
            "matrix": [
                0.7133541107177734,
                6.617444900424221e-23,
                0.7008037567138672,
                0,
                3.341692159661671e-7,
                1.0000000000000004,
                -3.401536901037616e-7,
                0,
                -0.7008037567138672,
                4.768370750385556e-7,
                0.7133541107177737,
                0,
                22.593055725097656,
                2.384185791015642e-7,
                0.0000019073486328125,
                1
            ],
            "name": "base0_2"
        },
        "base0_3": {
            "children": [
                "base0_4"
            ],
            "matrix": [
                0.9069117307662962,
                4.324492124396784e-7,
                -0.4213204979896544,
                0,
                -8.786396697039139e-7,
                1.0000000000000002,
                -8.648983680361384e-7,
                0,
                0.4213204979892017,
                0.0000011545753790855023,
                0.9069117307665069,
                0,
                41.23224639892579,
                0.0000019073486328124966,
                -0.000007629394527697286,
                1
            ],
            "name": "base0_3"
        },
        "base0_4": {
            "children": [
                "base0_5"
            ],
            "matrix": [
                0.9570659399032594,
                4.5636460299647276e-7,
                -0.289869785308838,
                0,
                7.60455804992044e-8,
                1,
                0.0000018254584119854457,
                0,
                0.28986978530961066,
                -0.0000017691273869137838,
                0.9570659399030255,
                0,
                24.916189193725586,
                -0.0000095367431640625,
                0.000015258789064276357,
                1
            ],
            "name": "base0_4"
        },
        "base0_5": {
            "children": [],
            "matrix": [
                0.11177419126033777,
                -1.501224886624184e-7,
                -0.9937334060668951,
                0,
                -1.6533608079696816e-7,
                0.9999999999999998,
                -1.6966602345287734e-7,
                0,
                0.993733406066898,
                1.8326426927192128e-7,
                0.1117741912603103,
                0,
                26.34102058410645,
                0.000001907348860186175,
                -0.0000019073486328125,
                1
            ],
            "name": "base0_5"
        },
        "bicep_L": {
            "children": [
                "elbow_L"
            ],
            "matrix": [
                0.5019111037254336,
                0.2516061365604403,
                -0.8275143504142761,
                0,
                -0.8601598519095992,
                0.04496916047316518,
                -0.5080386384970417,
                0,
                -0.09061297384339055,
                0.966784432438186,
                0.23899191369909323,
                0,
                32.00046920776367,
                -0.000030517578125,
                0.000030517578125,
                1
            ],
            "name": "bicep_L"
        },
        "bicep_R": {
            "children": [
                "elbow_R"
            ],
            "matrix": [
                0.5019113421440128,
                0.25160655379295344,
                -0.8275140523910521,
                0,
                -0.8601594172480408,
                0.04496915692166166,
                -0.5080387840593094,
                0,
                -0.09061329371392371,
                0.9667845967102633,
                0.23899231705237106,
                0,
                -32.000457763671875,
                0.000030517578110789145,
                -0.0000457763671875,
                1
            ],
            "name": "bicep_R"
        },
        "clavicle_L": {
            "children": [
                "bicep_L"
            ],
            "matrix": [
                -0.10300557315349579,
                0.9768909811973573,
                -0.18727982044219976,
                0,
                -0.019638360931466703,
                0.1862472805091704,
                0.9823063093028828,
                0,
                0.9944865747262523,
                0.10486089766019967,
                2.980232266525107e-8,
                0,
                10.662307739257812,
                5.664954662322999,
                16.76493453979493,
                1
            ],
            "name": "clavicle_L"
        },
        "clavicle_R": {
            "children": [
                "bicep_R"
            ],
            "matrix": [
                0.10300537943840019,
                0.9768909811973575,
                0.187280148267746,
                0,
                0.019638536960554787,
                0.18624756424413827,
                -0.9823061463423366,
                0,
                -0.9944866296875212,
                0.10486074053166869,
                -2.086162617098708e-7,
                0,
                10.662261962890597,
                -5.664956569671631,
                16.764926910400398,
                1
            ],
            "name": "clavicle_R"
        },
        "elbow_L": {
            "children": [
                "wrist_L"
            ],
            "matrix": [
                0.7873401641845704,
                2.682209014892578e-7,
                -0.6165192127227783,
                0,
                -3.4066715459690755e-7,
                1.0000001192093007,
                2.7755575615628914e-17,
                0,
                0.616518932126422,
                2.1002772545956894e-7,
                0.7873398058425748,
                0,
                31.6773681640625,
                -0.000030517578125,
                0,
                1
            ],
            "name": "elbow_L"
        },
        "elbow_R": {
            "children": [
                "wrist_R"
            ],
            "matrix": [
                0.7873394489288329,
                5.364418029230045e-7,
                -0.6165196299552916,
                0,
                -5.763206802622545e-7,
                0.9999998807908329,
                1.3411046165257012e-7,
                0,
                0.6165197268545743,
                2.4972262465533523e-7,
                0.7873395726763315,
                0,
                -31.677406311035128,
                -0.0000152587890625,
                0.0000152587890625,
                1
            ],
            "name": "elbow_R"
        },
        "enigma_model_LOD0": {
            "children": [],
            "matrix": [
                1,
                0,
                0,
                0,
                0,
                1,
                0,
                0,
                0,
                0,
                1,
                0,
                0,
                0,
                0,
                1
            ],
            "meshes": [
                "enigma_model_LOD0-mesh"
            ],
            "name": "enigma_model_LOD0"
        },
        "index_0_L": {
            "children": [
                "index_1_L"
            ],
            "matrix": [
                0.9633190631866453,
                -0.25658270716667164,
                0.07862697541713717,
                0,
                0.008727217615953159,
                0.322788995891355,
                0.9464306482170805,
                0,
                -0.26821767590785606,
                -0.9110285436666352,
                0.31318806446409847,
                0,
                20.926887512207017,
                8.626083374023438,
                -4.1417846679687464,
                1
            ],
            "name": "index_0_L"
        },
        "index_0_R": {
            "children": [
                "index_1_R"
            ],
            "matrix": [
                0.9633188247680664,
                -0.25658237934112554,
                0.07862696796655651,
                0,
                0.008727172875418882,
                0.3227891581943808,
                0.9464304963252405,
                0,
                -0.26821733999355635,
                -0.9110281853575538,
                0.3131881329776661,
                0,
                -20.92691040039061,
                -8.626060485839844,
                4.141740798950202,
                1
            ],
            "name": "index_0_R"
        },
        "index_1_L": {
            "children": [
                "index_2_L"
            ],
            "matrix": [
                0.8117846846580505,
                -3.8743019104003906e-7,
                -0.583957076072693,
                0,
                4.826170164062837e-7,
                1.0000002384185767,
                7.450580263856921e-9,
                0,
                0.583957007166118,
                -2.878757861565599e-7,
                0.8117845888681491,
                0,
                9.394973754882812,
                0.000003814697265625,
                0.000022888183579539145,
                1
            ],
            "name": "index_1_L"
        },
        "index_1_R": {
            "children": [
                "index_2_R"
            ],
            "matrix": [
                0.9148030877113345,
                1.1920928957853683e-7,
                -0.4039001464843751,
                0,
                4.732423949938003e-8,
                1.0000003576278726,
                4.0233135333023196e-7,
                0,
                0.4039002002546406,
                -3.8716814469708094e-7,
                0.9148032094967786,
                0,
                -9.394962310791016,
                -0.000003814697263848643,
                0,
                1
            ],
            "name": "index_1_R"
        },
        "index_2_L": {
            "children": [],
            "matrix": [
                0.9999999999999999,
                -1.490116116609208e-8,
                -8.568167684727679e-8,
                0,
                1.490111312119069e-8,
                0.999999940395356,
                -5.504116416424169e-7,
                0,
                8.568167484193645e-8,
                5.504116074887475e-7,
                0.9999998807906423,
                0,
                8.453956604003906,
                0.000010490417482245107,
                -0.000011444091803980427,
                1
            ],
            "name": "index_2_L"
        },
        "index_2_R": {
            "children": [],
            "matrix": [
                1.0000001192092898,
                4.4703483664809696e-8,
                4.3213367462158203e-7,
                0,
                -4.470312622850692e-8,
                1.0000001192092887,
                -8.270144462030338e-7,
                0,
                -4.321335570767193e-7,
                8.270141311841894e-7,
                0.9999997615817455,
                0,
                -8.453895568847656,
                -0.000014305114747870107,
                -0.000030517578125,
                1
            ],
            "name": "index_2_R"
        },
        "mid_0_L": {
            "children": [
                "mid_1_L"
            ],
            "matrix": [
                0.9657993912696836,
                0.046546041965484564,
                0.2550793886184691,
                0,
                -0.2592255397217079,
                0.19550472773458688,
                0.9458227828986074,
                0,
                -0.005844917726174181,
                -0.9795978665814384,
                0.20088420968345178,
                0,
                21.96173095703122,
                9.874366760253906,
                2.754577636718757,
                1
            ],
            "name": "mid_0_L"
        },
        "mid_0_R": {
            "children": [
                "mid_1_R"
            ],
            "matrix": [
                0.9604164361953735,
                -0.05123406648635864,
                0.2738156020641328,
                0,
                -0.2592255203685178,
                0.1955042794213307,
                0.945822399239343,
                0,
                -0.10199048050920667,
                -0.9793636660841198,
                0.17448439852904418,
                0,
                -21.961730957031264,
                -9.874397277832031,
                -2.75463676452636,
                1
            ],
            "name": "mid_0_R"
        },
        "mid_1_L": {
            "children": [
                "mid_2_L"
            ],
            "matrix": [
                0.9493123888969419,
                1.4901161196623214e-7,
                -0.3143341243267059,
                0,
                -7.925680803322344e-8,
                0.9999997615814229,
                2.346932800323387e-7,
                0,
                0.3143340533005506,
                -1.9788412140148148e-7,
                0.949312174392587,
                0,
                10.73440551757814,
                0.00000762939453125,
                -0.00000762939453125,
                1
            ],
            "name": "mid_1_L"
        },
        "mid_1_R": {
            "children": [
                "mid_2_R"
            ],
            "matrix": [
                0.8647042512893681,
                4.172325134277344e-7,
                -0.5022812485694887,
                0,
                -0.0000010364761256625998,
                1.0000001192091794,
                -9.536743615576326e-7,
                0,
                0.5022812377185569,
                0.0000013452486078624135,
                0.864704232610021,
                0,
                -10.734390258789077,
                0.000003814697265625,
                -0.000030517578125,
                1
            ],
            "name": "mid_1_R"
        },
        "mid_2_L": {
            "children": [],
            "matrix": [
                0.9999997615814212,
                2.831220626553499e-7,
                -7.823109628851688e-8,
                0,
                -2.8312211106107377e-7,
                0.9999999403953663,
                2.9103830409028808e-8,
                0,
                7.823113248178748e-8,
                -2.9103813484632896e-8,
                1.0000001192092942,
                0,
                7.1121597290039205,
                0.00002288818359375,
                -0.000003814697265625,
                1
            ],
            "name": "mid_2_L"
        },
        "mid_2_R": {
            "children": [],
            "matrix": [
                1.0000002384185793,
                1.3877787807814457e-17,
                -5.215406416458901e-8,
                0,
                5.4414805994440485e-14,
                1.0000001192092922,
                0.0000010430812834669873,
                0,
                5.2154057988973435e-8,
                -0.0000010430812836213776,
                1.000000119209159,
                0,
                -7.11212158203125,
                -0.000022888183586644573,
                -0.000019073486335230427,
                1
            ],
            "name": "mid_2_R"
        },
        "ring_0_L": {
            "children": [
                "ring_1_L"
            ],
            "matrix": [
                0.7873543500900271,
                -0.012486785650253074,
                0.6163742542266846,
                0,
                -0.6048803305908474,
                0.17755553758761652,
                0.7762690512013196,
                0,
                -0.11913380258706524,
                -0.9840317683222757,
                0.13224615302577863,
                0,
                18.88858032226561,
                11.922210693359375,
                8.598823547363281,
                1
            ],
            "name": "ring_0_L"
        },
        "ring_0_R": {
            "children": [
                "ring_1_R"
            ],
            "matrix": [
                0.7873542308807375,
                -0.01248627901077276,
                0.6163743138313298,
                0,
                -0.6048805220345912,
                0.17755574991052256,
                0.7762689620540676,
                0,
                -0.11913353749679478,
                -0.9840316593558367,
                0.13224658962028996,
                0,
                -18.888595581054688,
                -11.922218322753906,
                -8.598907470703125,
                1
            ],
            "name": "ring_0_R"
        },
        "ring_1_L": {
            "children": [
                "ring_2_L"
            ],
            "matrix": [
                0.9136418104171753,
                2.0861625660284489e-7,
                -0.4065205156803132,
                0,
                -1.3551206085038459e-7,
                1.0000001192092818,
                2.0861627836321617e-7,
                0,
                0.406520451753833,
                -1.3551208391526792e-7,
                0.9136416667443932,
                0,
                6.504310607910149,
                0.0000152587890625,
                0.000030517578139210855,
                1
            ],
            "name": "ring_1_L"
        },
        "ring_1_R": {
            "children": [
                "ring_2_R"
            ],
            "matrix": [
                0.913641691207886,
                -5.960464483090178e-8,
                -0.4065200090408325,
                0,
                2.376235139212035e-7,
                0.999999523162878,
                3.874302102468974e-7,
                0,
                0.40652005580424005,
                -4.5057137224718824e-7,
                0.9136417963073266,
                0,
                -6.5042877197265625,
                0.00000762939453125,
                0,
                1
            ],
            "name": "ring_1_R"
        },
        "ring_2_L": {
            "children": [],
            "matrix": [
                1.000000238418579,
                2.9802322443206464e-8,
                -8.94069672047193e-8,
                0,
                -2.9802317946803214e-8,
                1.0000001192092898,
                7.450580589984934e-9,
                0,
                8.94069567269895e-8,
                -7.450577932388569e-9,
                1.0000001192092878,
                0,
                5.924163818359375,
                0.0000152587890625,
                0.000030517578125,
                1
            ],
            "name": "ring_2_L"
        },
        "ring_2_R": {
            "children": [],
            "matrix": [
                1,
                4.172325134832455e-7,
                -3.874301909984057e-7,
                0,
                -4.172327830453959e-7,
                1.000000238418579,
                -4.3958425523932254e-7,
                0,
                3.8743000765895097e-7,
                4.395843120758025e-7,
                1.000000000000097,
                0,
                -5.9241790771484375,
                -0.00002288818359375,
                0,
                1
            ],
            "name": "ring_2_R"
        },
        "thumb_0_L": {
            "children": [
                "thumb_1_L"
            ],
            "matrix": [
                0.6203539967536927,
                0.24734374880790697,
                -0.7442999482154845,
                0,
                -0.5763322689857686,
                0.7874118169524411,
                -0.21868688322904448,
                0,
                0.5319795871241154,
                0.5646271966173054,
                0.631026069100399,
                0,
                4.325668334960923,
                2.6844635009765625,
                -5.002164840698235,
                1
            ],
            "name": "thumb_0_L"
        },
        "thumb_0_R": {
            "children": [
                "thumb_1_R"
            ],
            "matrix": [
                0.6110793352127074,
                0.3888483643531797,
                -0.6894771456718447,
                0,
                -0.7912942820674786,
                0.27712461277427397,
                -0.5450276833729606,
                0,
                -0.020862046814208113,
                0.8786349246256592,
                0.4770388542543621,
                0,
                -4.3256683349609375,
                -2.6844482421875,
                5.002120971679695,
                1
            ],
            "name": "thumb_0_R"
        },
        "thumb_1_L": {
            "children": [
                "thumb_2_L"
            ],
            "matrix": [
                0.9701880216598511,
                -1.1102230246251565e-16,
                -0.2423532903194428,
                0,
                7.816860927989389e-8,
                1.0000003576278658,
                3.129243602295606e-7,
                0,
                0.242353330624406,
                -3.2253982384933266e-7,
                0.9701881830085695,
                0,
                12.942413330078125,
                -0.000022888183600855427,
                -0.0000152587890625,
                1
            ],
            "name": "thumb_1_L"
        },
        "thumb_1_R": {
            "children": [
                "thumb_2_R"
            ],
            "matrix": [
                0.9459764957427977,
                2.980232227667301e-8,
                -0.3242349624633787,
                0,
                1.8811379437488895e-7,
                0.9999998807907216,
                6.407499832938868e-7,
                0,
                0.3242349478311084,
                -6.67127542042234e-7,
                0.9459764530521404,
                0,
                -12.942413330078125,
                0,
                -0.0000457763671875,
                1
            ],
            "name": "thumb_1_R"
        },
        "thumb_2_L": {
            "children": [],
            "matrix": [
                1.0000003576278684,
                2.9802322387695312e-8,
                -3.278255462091373e-7,
                0,
                -2.9802223744379575e-8,
                0.9999999999999996,
                2.6822090143374666e-7,
                0,
                3.2782543685216936e-7,
                -2.6822089166378404e-7,
                0.999999999999994,
                0,
                8.896312713623047,
                -0.000015258789069605427,
                0.000022888183579539145,
                1
            ],
            "name": "thumb_2_L"
        },
        "thumb_2_R": {
            "children": [],
            "matrix": [
                0.9999999403953554,
                5.551115123125783e-17,
                4.1723251331671207e-7,
                0,
                -1.6159296123419153e-13,
                0.9999999403953554,
                3.874301909845279e-7,
                0,
                -4.1723258792369933e-7,
                -3.874302604289781e-7,
                1.0000001192094707,
                0,
                -8.896278381347656,
                -0.000003814697265625,
                0.00002288818359375,
                1
            ],
            "name": "thumb_2_R"
        },
        "wrist_L": {
            "children": [
                "thumb_0_L",
                "ring_0_L",
                "mid_0_L",
                "index_0_L"
            ],
            "matrix": [
                0.996077239513397,
                -0.03508365154266363,
                -0.0812326371669769,
                0,
                0.045396325616961664,
                0.9906295517619635,
                0.12880715273597337,
                0,
                0.07595247699568852,
                -0.13198962554626745,
                0.988336885886797,
                0,
                29.183738708496065,
                0,
                0.000026702880859375,
                1
            ],
            "name": "wrist_L"
        },
        "wrist_R": {
            "children": [
                "thumb_0_R",
                "ring_0_R",
                "mid_0_R",
                "index_0_R"
            ],
            "matrix": [
                0.9960774183273318,
                -0.03508311510086065,
                -0.0812321305274964,
                0,
                0.04539569011526656,
                0.9906302137094224,
                0.12880651948064797,
                0,
                0.07595207765168073,
                -0.131988869263415,
                0.9883371222069365,
                0,
                -29.183738708496065,
                -0.0000152587890625,
                -0.0000019073486328125,
                1
            ],
            "name": "wrist_R"
        }
    },
    "samplers": {
        "sampler_0": {
            "magFilter": "LINEAR",
            "minFilter": "LINEAR_MIPMAP_LINEAR",
            "wrapS": "REPEAT",
            "wrapT": "REPEAT"
        }
    },
    "scene": "scene_0",
    "scenes": {
        "scene_0": {
            "nodes": [
                "enigma_model_LOD0"
            ]
        }
    },
    "shaders": {},
    "skins": {
        "skin_0": {
            "bindShapeMatrix": [],
            "inverseBindMatrices": {},
            "joints": [
                "clavicle_L",
                "bicep_L",
                "Head_0",
                "Spine_3",
                "Head_1",
                "Spine_1",
                "clavicle_R",
                "bicep_R",
                "thumb_2_L",
                "thumb_1_L",
                "thumb_0_L",
                "ring_1_R",
                "ring_2_R",
                "ring_0_R",
                "wrist_R",
                "mid_0_R",
                "elbow_R",
                "thumb_0_R",
                "thumb_1_R",
                "thumb_2_R",
                "index_0_R",
                "index_1_R",
                "index_2_R",
                "mid_1_R",
                "mid_2_R",
                "Spine_0",
                "Root_0",
                "base0_1",
                "base0_2",
                "base0_3",
                "base0_4",
                "base0_5",
                "wrist_L",
                "elbow_L",
                "index_0_L",
                "mid_0_L",
                "ring_0_L",
                "mid_2_L",
                "mid_1_L",
                "ring_1_L",
                "ring_2_L",
                "index_1_L",
                "index_2_L"
            ],
            "roots": [
                "Root_0"
            ]
        }
    },
    "techniques": {
        "technique_0": {
            "parameters": {},
            "pass": "defaultPass",
            "passes": {
                "defaultPass": {
                    "instanceProgram": {
                        "attributes": {},
                        "program": "",
                        "uniforms": {}
                    },
                    "states": {
                        "blendEnable": false,
                        "cullFaceEnable": false,
                        "depthMask": true,
                        "depthTestEnable": true
                    }
                }
            }
        }
    },
    "textures": {
        "Map #2": {
            "format": "RGBA",
            "internalFormat": "RGBA",
            "sampler": "sampler_0",
            "source": "image_0",
            "target": "TEXTURE_2D"
        }
    }
}