{
    "accessors": [
        {
            "bufferView": 0,
            "byteOffset": 0,
            "componentType": 5126,
            "count": 991,
            "max": [
                65.3641128540039,
                20.82392120361328,
                249.5360870361328
            ],
            "min": [
                -65.36406707763672,
                -43.85992431640625,
                -2.1684486865997314
            ],
            "type": "VEC3"
        },
        {
            "bufferView": 0,
            "byteOffset": 11892,
            "componentType": 5126,
            "count": 991,
            "max": [
                0.997545599937439,
                0.9979044198989868,
                0.9775509238243103
            ],
            "min": [
                -0.9975457787513733,
                -0.9979332685470581,
                -0.9749123454093933
            ],
            "type": "VEC3"
        },
        {
            "bufferView": 0,
            "byteOffset": 23784,
            "componentType": 5126,
            "count": 991,
            "max": [
                0.9607509970664978,
                0.9883310198783875
            ],
            "min": [
                0.011668999679386616,
                0.012331008911132812
            ],
            "type": "VEC2"
        },
        {
            "bufferView": 0,
            "byteOffset": 31712,
            "componentType": 5123,
            "count": 991,
            "max": [
                41,
                42,
                42,
                0
            ],
            "min": [
                0,
                0,
                0,
                0
            ],
            "type": "VEC4"
        },
        {
            "bufferView": 0,
            "byteOffset": 39640,
            "componentType": 5126,
            "count": 991,
            "max": [
                1,
                0.9973264336585999,
                0.9973607063293457,
                0
            ],
            "min": [
                0.00010590704187052324,
                0,
                0,
                0
            ],
            "type": "VEC4"
        },
        {
            "bufferView": 2,
            "byteOffset": 0,
            "componentType": 5123,
            "count": 4542,
            "max": [
                990
            ],
            "min": [
                0
            ],
            "type": "SCALAR"
        },
        {
            "bufferView": 1,
            "byteOffset": 0,
            "componentType": 5126,
            "count": 43,
            "max": [
                0.9768911311313282,
                0.9999999999999867,
                0.9848819245022037,
                0,
                0.9863939529657264,
                0.9647551738823698,
                0.9999000315926001,
                0,
                0.9999000315965314,
                0.4398090671421355,
                1,
                0,
                154.36817543824884,
                100.59421285134049,
                192.91193085499646,
                1
            ],
            "min": [
                -0.4918920783875067,
                -0.9159018655545931,
                -0.6164749203183668,
                0,
                -0.9999999999999732,
                -0.9647552320908583,
                -0.9998566800704327,
                0,
                -0.999856680073222,
                -0.672312441341829,
                -0.986393952965643,
                0,
                -182.72171307075027,
                -100.59416502418362,
                -230.21951293945284,
                1
            ],
            "type": "MAT4"
        }
    ],
    "asset": {
        "generator": "ClayGL - fbx2gltf",
        "version": "2.0"
    },
    "bufferViews": [
        {
            "buffer": 0,
            "byteLength": 55496,
            "byteOffset": 0,
            "target": 34962
        },
        {
            "buffer": 0,
            "byteLength": 2752,
            "byteOffset": 55496,
            "target": 34962
        },
        {
            "buffer": 0,
            "byteLength": 9084,
            "byteOffset": 58248,
            "target": 34963
        }
    ],
    "buffers": [
        {
            "byteLength": 67332,
            "uri": "enigma.bin"
        }
    ],
    "images": [
        {
            "uri": "textures/enigma_color.png"
        }
    ],
    "materials": [
        {
            "emissiveFactor": [
                0,
                0,
                0
            ],
            "name": "Material #35",
            "pbrMetallicRoughness": {
                "baseColorFactor": [
                    1,
                    1,
                    1,
                    1
                ],
                "baseColorTexture": {
                    "index": 0,
                    "texCoord": 0
                },
                "metallicFactor": 0,
                "roughnessFactor": 0.9230769230769231
            }
        }
    ],
    "meshes": [
        {
            "name": "enigma_model_LOD0",
            "primitives": [
                {
                    "attributes": {
                        "JOINTS_0": 3,
                        "NORMAL": 1,
                        "POSITION": 0,
                        "TEXCOORD_0": 2,
                        "WEIGHTS_0": 4
                    },
                    "indices": 5,
                    "material": 0
                }
            ]
        }
    ],
    "nodes": [
        {
            "children": [
                1,
                6,
                43
            ],
            "matrix": [
                1.6292068478213574e-7,
                1.469367938527879e-39,
                1.0000000000000002,
                0,
                1.0000000000000002,
                6.123233995736847e-17,
                -1.6292068478213574e-7,
                0,
                -6.123233995736685e-17,
                1,
                9.976014756666736e-24,
                0,
                0,
                125.07613372802734,
                11.543519020080566,
                1
            ],
            "name": "Root_0"
        },
        {
            "children": [
                2
            ],
            "matrix": [
                -0.3190144598484041,
                -1.5211794849889744e-7,
                -0.9477498531341554,
                0,
                -2.50875984715751e-7,
                0.9999999999999999,
                -7.6058974324802e-8,
                0,
                0.9477498531341454,
                2.1350376505838434e-7,
                -0.3190144598484349,
                0,
                -8.202639579772947,
                -0.000002384185791015625,
                -23.643081665039062,
                1
            ],
            "name": "base0_1"
        },
        {
            "children": [
                3
            ],
            "matrix": [
                0.7133541107177733,
                0,
                0.7008037567138673,
                0,
                3.341692159661671e-7,
                1.0000000000000002,
                -3.401536901037617e-7,
                0,
                -0.7008037567138673,
                4.7683707503855546e-7,
                0.7133541107177737,
                0,
                22.59305572509767,
                2.384185791015625e-7,
                0.0000019073486363652137,
                1
            ],
            "name": "base0_2"
        },
        {
            "children": [
                4
            ],
            "matrix": [
                0.9069117307662964,
                4.3244921243967864e-7,
                -0.42132049798965465,
                0,
                -8.786396697039142e-7,
                1.0000000000000002,
                -8.648983680361384e-7,
                0,
                0.42132049798920185,
                0.0000011545753790855017,
                0.9069117307665069,
                0,
                41.232246398925774,
                0.0000019073486328124966,
                -0.000007629394527697286,
                1
            ],
            "name": "base0_3"
        },
        {
            "children": [
                5
            ],
            "matrix": [
                0.957065939903259,
                4.5636460299647297e-7,
                -0.2898697853088378,
                0,
                7.604558049920443e-8,
                0.9999999999999999,
                0.000001825458411985445,
                0,
                0.2898697853096105,
                -0.0000017691273869137842,
                0.957065939903025,
                0,
                24.916189193725586,
                -0.0000095367431640625,
                0.0000152587890625,
                1
            ],
            "name": "base0_4"
        },
        {
            "matrix": [
                0.11177419126033777,
                -1.5012248866241835e-7,
                -0.993733406066895,
                0,
                -1.6533608079696813e-7,
                0.9999999999999998,
                -1.6966602345287737e-7,
                0,
                0.9937334060668978,
                1.8326426927192126e-7,
                0.1117741912603103,
                0,
                26.34102058410644,
                0.0000019073488601861763,
                -0.0000019073486328125,
                1
            ],
            "name": "base0_5"
        },
        {
            "children": [
                7
            ],
            "matrix": [
                -0.014141251333058318,
                1.7318010468726572e-18,
                0.9998999834060669,
                0,
                -0.0000021455526464077005,
                1,
                -3.034383410982604e-8,
                0,
                -0.999899983406067,
                -0.0000021457671553244588,
                -0.014141251333058318,
                0,
                0,
                9.536744300930875e-7,
                21.25281524658203,
                1
            ],
            "name": "Spine_0"
        },
        {
            "children": [
                8
            ],
            "matrix": [
                0.9997597336769105,
                -1.0658141023166613e-14,
                0.021915582939982414,
                0,
                1.0450179311364694e-8,
                0.9999999999999997,
                -4.7672278924437684e-7,
                0,
                -0.021915582939982418,
                4.768372705841081e-7,
                0.9997597336769104,
                0,
                21.588912963867216,
                0.0000019073486328125,
                -0.305328369140625,
                1
            ],
            "name": "Spine_1"
        },
        {
            "children": [
                9,
                25,
                41
            ],
            "matrix": [
                0.9248394966125489,
                -4.409977520936082e-7,
                -0.38035809993743924,
                0,
                -6.726951365648506e-8,
                0.9999999999999999,
                -0.000001322993398389072,
                0,
                0.3803580999379487,
                0.0000012491430529857282,
                0.9248394966123398,
                0,
                22.607086181640682,
                -9.536724974168431e-7,
                -0.8155364990234375,
                1
            ],
            "name": "Spine_3"
        },
        {
            "children": [
                10
            ],
            "matrix": [
                -0.10300557315349579,
                0.9768909811973572,
                -0.1872798204421997,
                0,
                -0.019638360931466703,
                0.18624728050917044,
                0.9823063093028829,
                0,
                0.9944865747262521,
                0.10486089766019965,
                2.980232260973992e-8,
                0,
                10.662307739257784,
                5.664954662322998,
                16.764934539794893,
                1
            ],
            "name": "clavicle_L"
        },
        {
            "children": [
                11
            ],
            "matrix": [
                0.5019111037254337,
                0.2516061365604402,
                -0.8275143504142765,
                0,
                -0.860159851909599,
                0.044969160473165126,
                -0.5080386384970418,
                0,
                -0.09061297384339048,
                0.9667844324381861,
                0.23899191369909334,
                0,
                32.00046920776367,
                -0.000030517578125,
                0.000030517578125,
                1
            ],
            "name": "bicep_L"
        },
        {
            "children": [
                12
            ],
            "matrix": [
                0.7873401641845701,
                2.682209015308912e-7,
                -0.6165192127227783,
                0,
                -3.4066715473568543e-7,
                1.0000001192093004,
                0,
                0,
                0.6165189321264217,
                2.1002772543354808e-7,
                0.7873398058425742,
                0,
                31.677368164062514,
                -0.000030517578139210855,
                -1.4210854715202004e-14,
                1
            ],
            "name": "elbow_L"
        },
        {
            "children": [
                13,
                16,
                19,
                22
            ],
            "matrix": [
                0.9960772395133974,
                -0.035083651542663505,
                -0.08123263716697693,
                0,
                0.04539632561696176,
                0.9906295517619639,
                0.12880715273597365,
                0,
                0.07595247699568852,
                -0.1319896255462673,
                0.9883368858867971,
                0,
                29.183738708496094,
                0,
                0.000026702880859375,
                1
            ],
            "name": "wrist_L"
        },
        {
            "children": [
                14
            ],
            "matrix": [
                0.6203539967536928,
                0.24734374880790716,
                -0.7442999482154845,
                0,
                -0.5763322689857684,
                0.787411816952441,
                -0.21868688322904423,
                0,
                0.5319795871241157,
                0.5646271966173053,
                0.6310260691003993,
                0,
                4.325668334960923,
                2.6844635009765625,
                -5.002164840698239,
                1
            ],
            "name": "thumb_0_L"
        },
        {
            "children": [
                15
            ],
            "matrix": [
                0.9701880216598509,
                -5.551115123125783e-17,
                -0.2423532903194428,
                0,
                7.816860914111601e-8,
                1.0000003576278655,
                3.129243601462939e-7,
                0,
                0.24235333062440628,
                -3.225398239048438e-7,
                0.970188183008569,
                0,
                12.94241333007814,
                -0.000022888183590197286,
                -0.00001525878909092171,
                1
            ],
            "name": "thumb_1_L"
        },
        {
            "matrix": [
                1.0000003576278687,
                2.9802322359939737e-8,
                -3.2782554615362614e-7,
                0,
                -2.9802223799890726e-8,
                0.9999999999999993,
                2.682209014892578e-7,
                0,
                3.278254370187028e-7,
                -2.682208916915396e-7,
                0.9999999999999942,
                0,
                8.896312713623061,
                -0.000015258789053618216,
                0.000022888183579539145,
                1
            ],
            "name": "thumb_2_L"
        },
        {
            "children": [
                17
            ],
            "matrix": [
                0.7873543500900266,
                -0.012486785650253351,
                0.6163742542266843,
                0,
                -0.6048803305908477,
                0.17755553758761633,
                0.7762690512013197,
                0,
                -0.1191338025870653,
                -0.9840317683222753,
                0.13224615302577852,
                0,
                18.888580322265653,
                11.92221069335939,
                8.598823547363278,
                1
            ],
            "name": "ring_0_L"
        },
        {
            "children": [
                18
            ],
            "matrix": [
                0.913641810417175,
                2.0861625676937834e-7,
                -0.4065205156803131,
                0,
                -1.3551206079487343e-7,
                1.000000119209282,
                2.0861627841872732e-7,
                0,
                0.40652045175383306,
                -1.3551208395690129e-7,
                0.9136416667443932,
                0,
                6.504310607910163,
                0.0000152587890625,
                0.000030517578139210855,
                1
            ],
            "name": "ring_1_L"
        },
        {
            "matrix": [
                1.000000238418579,
                2.9802322443206464e-8,
                -8.940696711451368e-8,
                0,
                -2.9802318113336668e-8,
                1.0000001192092896,
                7.450580610801616e-9,
                0,
                8.940695672005061e-8,
                -7.450577890755206e-9,
                1.000000119209288,
                0,
                5.924163818359375,
                0.0000152587890625,
                0.000030517578139210855,
                1
            ],
            "name": "ring_2_L"
        },
        {
            "children": [
                20
            ],
            "matrix": [
                0.9657993912696838,
                0.04654604196548457,
                0.2550793886184691,
                0,
                -0.2592255397217078,
                0.19550472773458663,
                0.9458227828986074,
                0,
                -0.005844917726174265,
                -0.9795978665814383,
                0.20088420968345164,
                0,
                21.961730957031264,
                9.874366760253906,
                2.75457763671875,
                1
            ],
            "name": "mid_0_L"
        },
        {
            "children": [
                21
            ],
            "matrix": [
                0.9493123888969418,
                1.4901161196623214e-7,
                -0.3143341243267059,
                0,
                -7.925680801414148e-8,
                0.9999997615814231,
                2.3469327997682754e-7,
                0,
                0.31433405330055075,
                -1.9788412142229816e-7,
                0.9493121743925872,
                0,
                10.734405517578125,
                0.00000762939453125,
                -0.00000762939453125,
                1
            ],
            "name": "mid_1_L"
        },
        {
            "matrix": [
                0.9999997615814212,
                2.8312206269698326e-7,
                -7.823109627810854e-8,
                0,
                -2.831221110333182e-7,
                0.9999999403953667,
                2.9103830428978128e-8,
                0,
                7.823113249913471e-8,
                -2.9103813498077002e-8,
                1.0000001192092942,
                0,
                7.112159729003892,
                0.00002288818359375,
                -0.0000038146972585195726,
                1
            ],
            "name": "mid_2_L"
        },
        {
            "children": [
                23
            ],
            "matrix": [
                0.9633190631866454,
                -0.2565827071666716,
                0.07862697541713706,
                0,
                0.008727217615953187,
                0.3227889958913548,
                0.9464306482170805,
                0,
                -0.268217675907856,
                -0.9110285436666353,
                0.31318806446409847,
                0,
                20.926887512207045,
                8.626083374023438,
                -4.1417846679687464,
                1
            ],
            "name": "index_0_L"
        },
        {
            "children": [
                24
            ],
            "matrix": [
                0.8117846846580505,
                -3.874301910122835e-7,
                -0.583957076072693,
                0,
                4.826170164617949e-7,
                1.0000002384185767,
                7.450580305490284e-9,
                0,
                0.583957007166118,
                -2.8787578618127974e-7,
                0.811784588868149,
                0,
                9.394973754882834,
                0.000003814697265625,
                0.00002288818359375,
                1
            ],
            "name": "index_1_L"
        },
        {
            "matrix": [
                0.9999999999999996,
                -1.4901161221603232e-8,
                -8.568167685074624e-8,
                0,
                1.4901113065679539e-8,
                0.9999999403953557,
                -5.504116415977478e-7,
                0,
                8.568167486622258e-8,
                5.504116074583898e-7,
                0.9999998807906422,
                0,
                8.453956604003906,
                0.000010490417482245107,
                -0.000011444091796875,
                1
            ],
            "name": "index_2_L"
        },
        {
            "children": [
                26
            ],
            "matrix": [
                0.10300537943840021,
                0.9768909811973573,
                0.18728014826774603,
                0,
                0.019638536960554787,
                0.18624756424413824,
                -0.9823061463423366,
                0,
                -0.994486629687521,
                0.1048607405316687,
                -2.086162617098708e-7,
                0,
                10.662261962890653,
                -5.66495656967163,
                16.764926910400376,
                1
            ],
            "name": "clavicle_R"
        },
        {
            "children": [
                27
            ],
            "matrix": [
                0.5019113421440126,
                0.25160655379295344,
                -0.8275140523910518,
                0,
                -0.8601594172480402,
                0.04496915692166176,
                -0.5080387840593095,
                0,
                -0.09061329371392368,
                0.9667845967102633,
                0.23899231705237078,
                0,
                -32.000457763671875,
                0.000030517578110789145,
                -0.0000457763671875,
                1
            ],
            "name": "bicep_R"
        },
        {
            "children": [
                28
            ],
            "matrix": [
                0.787339448928833,
                5.364418030409657e-7,
                -0.6165196299552916,
                0,
                -5.7632068029001e-7,
                0.999999880790833,
                1.341104615693034e-7,
                0,
                0.6165197268545745,
                2.4972262463451855e-7,
                0.7873395726763315,
                0,
                -31.677406311035156,
                -0.0000152587890625,
                0.00001525878909092171,
                1
            ],
            "name": "elbow_R"
        },
        {
            "children": [
                29,
                32,
                35,
                38
            ],
            "matrix": [
                0.9960774183273318,
                -0.03508311510086064,
                -0.08123213052749637,
                0,
                0.04539569011526652,
                0.9906302137094223,
                0.12880651948064797,
                0,
                0.07595207765168074,
                -0.13198886926341508,
                0.9883371222069368,
                0,
                -29.183738708496065,
                -0.000015258789048289145,
                -0.0000019073486363652137,
                1
            ],
            "name": "wrist_R"
        },
        {
            "children": [
                30
            ],
            "matrix": [
                0.6110793352127074,
                0.38884836435318004,
                -0.6894771456718446,
                0,
                -0.7912942820674785,
                0.277124612774274,
                -0.5450276833729604,
                0,
                -0.020862046814208057,
                0.8786349246256591,
                0.47703885425436204,
                0,
                -4.325668334960923,
                -2.684448242187486,
                5.0021209716796875,
                1
            ],
            "name": "thumb_0_R"
        },
        {
            "children": [
                31
            ],
            "matrix": [
                0.9459764957427979,
                2.9802322193406283e-8,
                -0.32423496246337874,
                0,
                1.8811379434713338e-7,
                0.9999998807907213,
                6.40749983280009e-7,
                0,
                0.3242349478311085,
                -6.671275421393785e-7,
                0.9459764530521404,
                0,
                -12.942413330078125,
                7.105427357601002e-15,
                -0.0000457763671875,
                1
            ],
            "name": "thumb_1_R"
        },
        {
            "matrix": [
                0.9999999403953552,
                4.163336342344337e-17,
                4.172325134277344e-7,
                0,
                -1.6159296123419153e-13,
                0.9999999403953557,
                3.8743019104003906e-7,
                0,
                -4.1723258814574393e-7,
                -3.87430260304078e-7,
                1.0000001192094707,
                0,
                -8.896278381347642,
                -0.000003814697272730427,
                0.00002288818359375,
                1
            ],
            "name": "thumb_2_R"
        },
        {
            "children": [
                33
            ],
            "matrix": [
                0.7873542308807375,
                -0.012486279010772733,
                0.6163743138313298,
                0,
                -0.6048805220345912,
                0.17755574991052261,
                0.7762689620540677,
                0,
                -0.11913353749679484,
                -0.9840316593558369,
                0.13224658962029,
                0,
                -18.8885955810547,
                -11.922218322753892,
                -8.598907470703129,
                1
            ],
            "name": "ring_0_R"
        },
        {
            "children": [
                34
            ],
            "matrix": [
                0.913641691207886,
                -5.960464505294638e-8,
                -0.40652000904083263,
                0,
                2.376235138101812e-7,
                0.9999995231628777,
                3.8743021030240854e-7,
                0,
                0.40652005580424017,
                -4.505713722818827e-7,
                0.9136417963073268,
                0,
                -6.504287719726577,
                0.000007629394517039145,
                1.4210854715202004e-14,
                1
            ],
            "name": "ring_1_R"
        },
        {
            "matrix": [
                1.0000000000000004,
                4.172325134277344e-7,
                -3.874301910053446e-7,
                0,
                -4.172327832674405e-7,
                1.0000002384185793,
                -4.3958425523238365e-7,
                0,
                3.874300076311954e-7,
                4.395843120758025e-7,
                1.000000000000097,
                0,
                -5.9241790771484375,
                -0.00002288818359375,
                -1.4210854715202004e-14,
                1
            ],
            "name": "ring_2_R"
        },
        {
            "children": [
                36
            ],
            "matrix": [
                0.9604164361953736,
                -0.051234066486358726,
                0.27381560206413275,
                0,
                -0.25922552036851776,
                0.1955042794213307,
                0.9458223992393431,
                0,
                -0.10199048050920666,
                -0.9793636660841198,
                0.17448439852904427,
                0,
                -21.961730957031264,
                -9.874397277832017,
                -2.754636764526367,
                1
            ],
            "name": "mid_0_R"
        },
        {
            "children": [
                37
            ],
            "matrix": [
                0.8647042512893681,
                4.172325134138566e-7,
                -0.5022812485694889,
                0,
                -0.0000010364761256105581,
                1.0000001192091792,
                -9.53674361536816e-7,
                0,
                0.5022812377185569,
                0.0000013452486078702197,
                0.8647042326100215,
                0,
                -10.734390258789077,
                0.000003814697265625,
                -0.000030517578139210855,
                1
            ],
            "name": "mid_1_R"
        },
        {
            "matrix": [
                1.000000238418579,
                -2.7755575615628914e-17,
                -5.215406417499735e-8,
                0,
                5.440092820663267e-14,
                1.0000001192092924,
                0.000001043081283569336,
                0,
                5.21540579716262e-8,
                -0.0000010430812835138248,
                1.000000119209159,
                0,
                -7.11212158203125,
                -0.00002288818359375,
                -0.000019073486328125,
                1
            ],
            "name": "mid_2_R"
        },
        {
            "children": [
                39
            ],
            "matrix": [
                0.9633188247680664,
                -0.2565823793411254,
                0.07862696796655655,
                0,
                0.00872717287541891,
                0.32278915819438075,
                0.9464304963252403,
                0,
                -0.2682173399935563,
                -0.9110281853575538,
                0.3131881329776661,
                0,
                -20.92691040039064,
                -8.626060485839844,
                4.141740798950192,
                1
            ],
            "name": "index_0_R"
        },
        {
            "children": [
                40
            ],
            "matrix": [
                0.9148030877113346,
                1.192092896062924e-7,
                -0.40390014648437506,
                0,
                4.732423947162445e-8,
                1.0000003576278726,
                4.023313533857431e-7,
                0,
                0.4039002002546407,
                -3.87168144627692e-7,
                0.9148032094967786,
                0,
                -9.394962310791001,
                -0.000003814697267401357,
                -2.842170943040401e-14,
                1
            ],
            "name": "index_1_R"
        },
        {
            "matrix": [
                1.0000001192092898,
                4.470348369256527e-8,
                4.3213367458688756e-7,
                0,
                -4.4703126117484615e-8,
                1.0000001192092887,
                -8.270144462030338e-7,
                0,
                -4.321335570559026e-7,
                8.270141311772505e-7,
                0.999999761581746,
                0,
                -8.453895568847656,
                -0.00001430511474609375,
                -0.000030517578139210855,
                1
            ],
            "name": "index_2_R"
        },
        {
            "children": [
                42
            ],
            "matrix": [
                0.9458258748054502,
                -4.510049507189248e-7,
                -0.3246739506721497,
                0,
                4.769040776463585e-7,
                0.9999999999999998,
                1.9485923985484987e-10,
                0,
                0.32467395067208327,
                -1.5502263389206894e-7,
                0.9458258748054731,
                0,
                21.008407592773438,
                -9.536743164062517e-7,
                12.629436492919908,
                1
            ],
            "name": "Head_0"
        },
        {
            "matrix": [
                0.6325114369392397,
                3.016049276993729e-7,
                -0.7745510339736936,
                0,
                -4.768370958663206e-7,
                0.9999999999999997,
                1.4210854609322885e-14,
                0,
                0.7745510339736232,
                3.693346566517103e-7,
                0.6325114369393259,
                0,
                20.132110595703125,
                0.000009536743164062514,
                -0.000030517578125,
                1
            ],
            "name": "Head_1"
        },
        {
            "matrix": [
                -0.32777136564254755,
                -3.125871329613751e-7,
                -0.944757103919983,
                0,
                -5.031790236562994e-7,
                1.0000000000000004,
                -1.562935664650713e-7,
                0,
                0.9447571039199397,
                4.241534014213678e-7,
                -0.32777136564267284,
                0,
                0,
                0,
                0,
                1
            ],
            "name": "base0_0"
        },
        {
            "matrix": [
                1,
                0,
                0,
                0,
                0,
                6.123233995736766e-17,
                -1,
                0,
                0,
                1,
                6.123233995736766e-17,
                0,
                0,
                0,
                0,
                1
            ],
            "mesh": 0,
            "name": "enigma_model_LOD0",
            "skin": 0
        }
    ],
    "samplers": [
        {
            "magFilter": 9729,
            "minFilter": 9987,
            "wrapS": 10497,
            "wrapT": 10497
        }
    ],
    "scene": 0,
    "scenes": [
        {
            "nodes": [
                0,
                44
            ]
        }
    ],
    "skins": [
        {
            "inverseBindMatrices": 6,
            "joints": [
                9,
                10,
                41,
                8,
                42,
                7,
                25,
                26,
                15,
                14,
                13,
                33,
                34,
                32,
                28,
                35,
                27,
                29,
                30,
                31,
                38,
                39,
                40,
                36,
                37,
                6,
                0,
                1,
                2,
                3,
                4,
                5,
                12,
                11,
                22,
                19,
                16,
                21,
                20,
                17,
                18,
                23,
                24
            ]
        }
    ],
    "textures": [
        {
            "format": 6408,
            "internalFormat": 6408,
            "sampler": 0,
            "source": 0,
            "target": 3553
        }
    ]
}