{
    "animations": {},
    "asset": {},
    "attributes": {
        "attribute_1": {
            "bufferView": "bufferView_37",
            "byteOffset": 0,
            "byteStride": 12,
            "count": 1744,
            "max": [
                1,
                1,
                1
            ],
            "min": [
                0,
                0,
                0
            ],
            "type": "FLOAT_VEC3"
        },
        "attribute_10": {
            "bufferView": "bufferView_37",
            "byteOffset": 112000,
            "byteStride": 16,
            "count": 230,
            "max": [
                1,
                1,
                1
            ],
            "min": [
                0,
                0,
                0
            ],
            "type": "FLOAT_VEC4"
        },
        "attribute_11": {
            "bufferView": "bufferView_37",
            "byteOffset": 115680,
            "byteStride": 12,
            "count": 230,
            "max": [
                1,
                1,
                1
            ],
            "min": [
                0,
                0,
                0
            ],
            "type": "FLOAT_VEC3"
        },
        "attribute_13": {
            "bufferView": "bufferView_37",
            "byteOffset": 118440,
            "byteStride": 12,
            "count": 364,
            "max": [
                1,
                1,
                1
            ],
            "min": [
                0,
                0,
                0
            ],
            "type": "FLOAT_VEC3"
        },
        "attribute_14": {
            "bufferView": "bufferView_37",
            "byteOffset": 122808,
            "byteStride": 12,
            "count": 364,
            "max": [
                1,
                1,
                1
            ],
            "min": [
                0,
                0,
                0
            ],
            "type": "FLOAT_VEC3"
        },
        "attribute_15": {
            "bufferView": "bufferView_37",
            "byteOffset": 127176,
            "byteStride": 8,
            "count": 364,
            "max": [
                1,
                1,
                1
            ],
            "min": [
                0,
                0,
                0
            ],
            "type": "FLOAT_VEC2"
        },
        "attribute_16": {
            "bufferView": "bufferView_37",
            "byteOffset": 130088,
            "byteStride": 16,
            "count": 364,
            "max": [
                1,
                1,
                1
            ],
            "min": [
                0,
                0,
                0
            ],
            "type": "FLOAT_VEC4"
        },
        "attribute_17": {
            "bufferView": "bufferView_37",
            "byteOffset": 135912,
            "byteStride": 12,
            "count": 364,
            "max": [
                1,
                1,
                1
            ],
            "min": [
                0,
                0,
                0
            ],
            "type": "FLOAT_VEC3"
        },
        "attribute_19": {
            "bufferView": "bufferView_37",
            "byteOffset": 140280,
            "byteStride": 12,
            "count": 330,
            "max": [
                1,
                1,
                1
            ],
            "min": [
                0,
                0,
                0
            ],
            "type": "FLOAT_VEC3"
        },
        "attribute_2": {
            "bufferView": "bufferView_37",
            "byteOffset": 20928,
            "byteStride": 12,
            "count": 1744,
            "max": [
                1,
                1,
                1
            ],
            "min": [
                0,
                0,
                0
            ],
            "type": "FLOAT_VEC3"
        },
        "attribute_20": {
            "bufferView": "bufferView_37",
            "byteOffset": 144240,
            "byteStride": 12,
            "count": 330,
            "max": [
                1,
                1,
                1
            ],
            "min": [
                0,
                0,
                0
            ],
            "type": "FLOAT_VEC3"
        },
        "attribute_21": {
            "bufferView": "bufferView_37",
            "byteOffset": 148200,
            "byteStride": 8,
            "count": 330,
            "max": [
                1,
                1,
                1
            ],
            "min": [
                0,
                0,
                0
            ],
            "type": "FLOAT_VEC2"
        },
        "attribute_22": {
            "bufferView": "bufferView_37",
            "byteOffset": 150840,
            "byteStride": 16,
            "count": 330,
            "max": [
                1,
                1,
                1
            ],
            "min": [
                0,
                0,
                0
            ],
            "type": "FLOAT_VEC4"
        },
        "attribute_23": {
            "bufferView": "bufferView_37",
            "byteOffset": 156120,
            "byteStride": 12,
            "count": 330,
            "max": [
                1,
                1,
                1
            ],
            "min": [
                0,
                0,
                0
            ],
            "type": "FLOAT_VEC3"
        },
        "attribute_25": {
            "bufferView": "bufferView_37",
            "byteOffset": 160080,
            "byteStride": 12,
            "count": 858,
            "max": [
                1,
                1,
                1
            ],
            "min": [
                0,
                0,
                0
            ],
            "type": "FLOAT_VEC3"
        },
        "attribute_26": {
            "bufferView": "bufferView_37",
            "byteOffset": 170376,
            "byteStride": 12,
            "count": 858,
            "max": [
                1,
                1,
                1
            ],
            "min": [
                0,
                0,
                0
            ],
            "type": "FLOAT_VEC3"
        },
        "attribute_27": {
            "bufferView": "bufferView_37",
            "byteOffset": 180672,
            "byteStride": 8,
            "count": 858,
            "max": [
                1,
                1,
                1
            ],
            "min": [
                0,
                0,
                0
            ],
            "type": "FLOAT_VEC2"
        },
        "attribute_28": {
            "bufferView": "bufferView_37",
            "byteOffset": 187536,
            "byteStride": 16,
            "count": 858,
            "max": [
                1,
                1,
                1
            ],
            "min": [
                0,
                0,
                0
            ],
            "type": "FLOAT_VEC4"
        },
        "attribute_29": {
            "bufferView": "bufferView_37",
            "byteOffset": 201264,
            "byteStride": 12,
            "count": 858,
            "max": [
                1,
                1,
                1
            ],
            "min": [
                0,
                0,
                0
            ],
            "type": "FLOAT_VEC3"
        },
        "attribute_3": {
            "bufferView": "bufferView_37",
            "byteOffset": 41856,
            "byteStride": 8,
            "count": 1744,
            "max": [
                1,
                1,
                1
            ],
            "min": [
                0,
                0,
                0
            ],
            "type": "FLOAT_VEC2"
        },
        "attribute_31": {
            "bufferView": "bufferView_37",
            "byteOffset": 211560,
            "byteStride": 12,
            "count": 468,
            "max": [
                1,
                1,
                1
            ],
            "min": [
                0,
                0,
                0
            ],
            "type": "FLOAT_VEC3"
        },
        "attribute_32": {
            "bufferView": "bufferView_37",
            "byteOffset": 217176,
            "byteStride": 12,
            "count": 468,
            "max": [
                1,
                1,
                1
            ],
            "min": [
                0,
                0,
                0
            ],
            "type": "FLOAT_VEC3"
        },
        "attribute_33": {
            "bufferView": "bufferView_37",
            "byteOffset": 222792,
            "byteStride": 8,
            "count": 468,
            "max": [
                1,
                1,
                1
            ],
            "min": [
                0,
                0,
                0
            ],
            "type": "FLOAT_VEC2"
        },
        "attribute_34": {
            "bufferView": "bufferView_37",
            "byteOffset": 226536,
            "byteStride": 16,
            "count": 468,
            "max": [
                1,
                1,
                1
            ],
            "min": [
                0,
                0,
                0
            ],
            "type": "FLOAT_VEC4"
        },
        "attribute_35": {
            "bufferView": "bufferView_37",
            "byteOffset": 234024,
            "byteStride": 12,
            "count": 468,
            "max": [
                1,
                1,
                1
            ],
            "min": [
                0,
                0,
                0
            ],
            "type": "FLOAT_VEC3"
        },
        "attribute_4": {
            "bufferView": "bufferView_37",
            "byteOffset": 55808,
            "byteStride": 16,
            "count": 1744,
            "max": [
                1,
                1,
                1
            ],
            "min": [
                0,
                0,
                0
            ],
            "type": "FLOAT_VEC4"
        },
        "attribute_5": {
            "bufferView": "bufferView_37",
            "byteOffset": 83712,
            "byteStride": 12,
            "count": 1744,
            "max": [
                1,
                1,
                1
            ],
            "min": [
                0,
                0,
                0
            ],
            "type": "FLOAT_VEC3"
        },
        "attribute_7": {
            "bufferView": "bufferView_37",
            "byteOffset": 104640,
            "byteStride": 12,
            "count": 230,
            "max": [
                1,
                1,
                1
            ],
            "min": [
                0,
                0,
                0
            ],
            "type": "FLOAT_VEC3"
        },
        "attribute_8": {
            "bufferView": "bufferView_37",
            "byteOffset": 107400,
            "byteStride": 12,
            "count": 230,
            "max": [
                1,
                1,
                1
            ],
            "min": [
                0,
                0,
                0
            ],
            "type": "FLOAT_VEC3"
        },
        "attribute_9": {
            "bufferView": "bufferView_37",
            "byteOffset": 110160,
            "byteStride": 8,
            "count": 230,
            "max": [
                1,
                1,
                1
            ],
            "min": [
                0,
                0,
                0
            ],
            "type": "FLOAT_VEC2"
        }
    },
    "bufferViews": {
        "bufferView_37": {
            "buffer": "invoker.bin",
            "byteLength": 239640,
            "byteOffset": 0,
            "target": "ARRAY_BUFFER"
        },
        "bufferView_38": {
            "buffer": "invoker.bin",
            "byteLength": 41712,
            "byteOffset": 239640,
            "target": "ELEMENT_ARRAY_BUFFER"
        }
    },
    "buffers": {
        "invoker.bin": {
            "byteLength": 281352,
            "path": "invoker.bin"
        }
    },
    "cameras": {},
    "images": {
        "image_0": {
            "path": "textures/invoker_color.png"
        },
        "image_1": {
            "path": "textures/invoker_bracer_color.png"
        },
        "image_2": {
            "path": "textures/invoker_cape_color.png"
        },
        "image_3": {
            "path": "textures/invoker_hair_color.png"
        },
        "image_4": {
            "path": "textures/invoker_head_color.png"
        },
        "image_5": {
            "path": "textures/invoker_shoulder_color.png"
        }
    },
    "indices": {
        "indices_12": {
            "bufferView": "bufferView_38",
            "byteOffset": 18048,
            "count": 1020,
            "type": "UNSIGNED_SHORT"
        },
        "indices_18": {
            "bufferView": "bufferView_38",
            "byteOffset": 20088,
            "count": 1812,
            "type": "UNSIGNED_SHORT"
        },
        "indices_24": {
            "bufferView": "bufferView_38",
            "byteOffset": 23712,
            "count": 1926,
            "type": "UNSIGNED_SHORT"
        },
        "indices_30": {
            "bufferView": "bufferView_38",
            "byteOffset": 27564,
            "count": 4770,
            "type": "UNSIGNED_SHORT"
        },
        "indices_36": {
            "bufferView": "bufferView_38",
            "byteOffset": 37104,
            "count": 2304,
            "type": "UNSIGNED_SHORT"
        },
        "indices_6": {
            "bufferView": "bufferView_38",
            "byteOffset": 0,
            "count": 9024,
            "type": "UNSIGNED_SHORT"
        }
    },
    "lights": {},
    "materials": {
        "Material #35": {
            "instanceTechnique": {
                "technique": "technique_0",
                "values": [
                    {
                        "parameter": "ambient",
                        "value": [
                            0.5879999995231628,
                            0.5879999995231628,
                            0.5879999995231628
                        ]
                    },
                    {
                        "parameter": "emission",
                        "value": [
                            0,
                            0,
                            0
                        ]
                    },
                    {
                        "parameter": "diffuse",
                        "value": "Map #7"
                    },
                    {
                        "parameter": "shininess",
                        "value": 2
                    },
                    {
                        "parameter": "specular",
                        "value": [
                            0.8999999761581421,
                            0.8999999761581421,
                            0.8999999761581421
                        ]
                    }
                ]
            },
            "name": "Material #35"
        },
        "Material #46": {
            "instanceTechnique": {
                "technique": "technique_0",
                "values": [
                    {
                        "parameter": "ambient",
                        "value": [
                            0.5879999995231628,
                            0.5879999995231628,
                            0.5879999995231628
                        ]
                    },
                    {
                        "parameter": "emission",
                        "value": [
                            0,
                            0,
                            0
                        ]
                    },
                    {
                        "parameter": "diffuse",
                        "value": "Map #8"
                    },
                    {
                        "parameter": "shininess",
                        "value": 2
                    },
                    {
                        "parameter": "specular",
                        "value": [
                            0.8999999761581421,
                            0.8999999761581421,
                            0.8999999761581421
                        ]
                    }
                ]
            },
            "name": "Material #46"
        },
        "Material #57": {
            "instanceTechnique": {
                "technique": "technique_0",
                "values": [
                    {
                        "parameter": "ambient",
                        "value": [
                            0.5879999995231628,
                            0.5879999995231628,
                            0.5879999995231628
                        ]
                    },
                    {
                        "parameter": "emission",
                        "value": [
                            0,
                            0,
                            0
                        ]
                    },
                    {
                        "parameter": "diffuse",
                        "value": "Map #9"
                    },
                    {
                        "parameter": "shininess",
                        "value": 2
                    },
                    {
                        "parameter": "specular",
                        "value": [
                            0.8999999761581421,
                            0.8999999761581421,
                            0.8999999761581421
                        ]
                    }
                ]
            },
            "name": "Material #57"
        },
        "Material #68": {
            "instanceTechnique": {
                "technique": "technique_0",
                "values": [
                    {
                        "parameter": "ambient",
                        "value": [
                            0.5879999995231628,
                            0.5879999995231628,
                            0.5879999995231628
                        ]
                    },
                    {
                        "parameter": "emission",
                        "value": [
                            0,
                            0,
                            0
                        ]
                    },
                    {
                        "parameter": "diffuse",
                        "value": "Map #10"
                    },
                    {
                        "parameter": "shininess",
                        "value": 2
                    },
                    {
                        "parameter": "specular",
                        "value": [
                            0.8999999761581421,
                            0.8999999761581421,
                            0.8999999761581421
                        ]
                    }
                ]
            },
            "name": "Material #68"
        },
        "Material #79": {
            "instanceTechnique": {
                "technique": "technique_0",
                "values": [
                    {
                        "parameter": "ambient",
                        "value": [
                            0.5879999995231628,
                            0.5879999995231628,
                            0.5879999995231628
                        ]
                    },
                    {
                        "parameter": "emission",
                        "value": [
                            0,
                            0,
                            0
                        ]
                    },
                    {
                        "parameter": "diffuse",
                        "value": "Map #11"
                    },
                    {
                        "parameter": "shininess",
                        "value": 2
                    },
                    {
                        "parameter": "specular",
                        "value": [
                            0.8999999761581421,
                            0.8999999761581421,
                            0.8999999761581421
                        ]
                    }
                ]
            },
            "name": "Material #79"
        },
        "Material #90": {
            "instanceTechnique": {
                "technique": "technique_0",
                "values": [
                    {
                        "parameter": "ambient",
                        "value": [
                            0.5879999995231628,
                            0.5879999995231628,
                            0.5879999995231628
                        ]
                    },
                    {
                        "parameter": "emission",
                        "value": [
                            0,
                            0,
                            0
                        ]
                    },
                    {
                        "parameter": "diffuse",
                        "value": "Map #12"
                    },
                    {
                        "parameter": "shininess",
                        "value": 2
                    },
                    {
                        "parameter": "specular",
                        "value": [
                            0.8999999761581421,
                            0.8999999761581421,
                            0.8999999761581421
                        ]
                    }
                ]
            },
            "name": "Material #90"
        }
    },
    "meshes": {
        "invoker_bracer_model-mesh": {
            "name": "invoker_bracer_model-mesh",
            "primitives": [
                {
                    "indices": "indices_12",
                    "material": "Material #46",
                    "semantics": {
                        "JOINT": "attribute_10",
                        "NORMAL": "attribute_8",
                        "POSITION": "attribute_7",
                        "TEXCOORD_0": "attribute_9",
                        "WEIGHT": "attribute_11"
                    },
                    "skin": "skin_1"
                }
            ]
        },
        "invoker_cape_model_LOD0-mesh": {
            "name": "invoker_cape_model_LOD0-mesh",
            "primitives": [
                {
                    "indices": "indices_18",
                    "material": "Material #57",
                    "semantics": {
                        "JOINT": "attribute_16",
                        "NORMAL": "attribute_14",
                        "POSITION": "attribute_13",
                        "TEXCOORD_0": "attribute_15",
                        "WEIGHT": "attribute_17"
                    },
                    "skin": "skin_2"
                }
            ]
        },
        "invoker_hair_model_LOD0-mesh": {
            "name": "invoker_hair_model_LOD0-mesh",
            "primitives": [
                {
                    "indices": "indices_24",
                    "material": "Material #68",
                    "semantics": {
                        "JOINT": "attribute_22",
                        "NORMAL": "attribute_20",
                        "POSITION": "attribute_19",
                        "TEXCOORD_0": "attribute_21",
                        "WEIGHT": "attribute_23"
                    },
                    "skin": "skin_3"
                }
            ]
        },
        "invoker_head_model_LOD0-mesh": {
            "name": "invoker_head_model_LOD0-mesh",
            "primitives": [
                {
                    "indices": "indices_30",
                    "material": "Material #79",
                    "semantics": {
                        "JOINT": "attribute_28",
                        "NORMAL": "attribute_26",
                        "POSITION": "attribute_25",
                        "TEXCOORD_0": "attribute_27",
                        "WEIGHT": "attribute_29"
                    },
                    "skin": "skin_4"
                }
            ]
        },
        "invoker_model_LOD0-mesh": {
            "name": "invoker_model_LOD0-mesh",
            "primitives": [
                {
                    "indices": "indices_6",
                    "material": "Material #35",
                    "semantics": {
                        "JOINT": "attribute_4",
                        "NORMAL": "attribute_2",
                        "POSITION": "attribute_1",
                        "TEXCOORD_0": "attribute_3",
                        "WEIGHT": "attribute_5"
                    },
                    "skin": "skin_0"
                }
            ]
        },
        "invoker_shoulder_model_LOD0-mesh": {
            "name": "invoker_shoulder_model_LOD0-mesh",
            "primitives": [
                {
                    "indices": "indices_36",
                    "material": "Material #90",
                    "semantics": {
                        "JOINT": "attribute_34",
                        "NORMAL": "attribute_32",
                        "POSITION": "attribute_31",
                        "TEXCOORD_0": "attribute_33",
                        "WEIGHT": "attribute_35"
                    },
                    "skin": "skin_5"
                }
            ]
        }
    },
    "nodes": {
        "Head_0": {
            "children": [
                "Head_1"
            ],
            "matrix": [
                0.9417129158973696,
                7.105427397305671e-15,
                -0.33641755580902116,
                0,
                1.0440770056345201e-7,
                1.0000000000000002,
                2.9226205811028215e-7,
                0,
                0.3364175558090212,
                -3.1035153838039693e-7,
                0.9417129158973697,
                0,
                19.496017456054688,
                -8.747883839532564e-8,
                -0.000004768371580254893,
                1
            ],
            "name": "Head_0"
        },
        "Head_1": {
            "children": [],
            "matrix": [
                0.2876410186290741,
                -1.3715791169488512e-7,
                -0.9577381610870362,
                0,
                2.015187112909725e-8,
                0.9999999999999999,
                -1.3715795432744807e-7,
                0,
                0.9577381610870369,
                2.0152037698182275e-8,
                0.28764101862907165,
                0,
                9.7164306640625,
                -0.0000013834455785399777,
                0.000019073486335230427,
                1
            ],
            "name": "Head_1"
        },
        "Root_0": {
            "children": [
                "thigh_L",
                "manSkirt_R0C2",
                "Spine_0",
                "belt5_0",
                "manSkirt_R0C0",
                "manSkirt_R0C1",
                "thigh_R"
            ],
            "matrix": [
                -1.629206851037603e-7,
                -1.0000000000000002,
                0,
                0,
                1.0000000000000002,
                -1.629206851037603e-7,
                0,
                0,
                0,
                0,
                1,
                0,
                -2.353672812205332e-14,
                -3.8485372066497803,
                125.13335418701172,
                1
            ],
            "name": "Root_0"
        },
        "Spine_0": {
            "children": [
                "Spine_1"
            ],
            "matrix": [
                -0.11873129010200538,
                5.661548739112039e-8,
                0.9929263591766357,
                0,
                3.3729152031674657e-9,
                0.9999999999999999,
                -5.661549449070805e-8,
                0,
                -0.9929263591766357,
                -3.3729742881521894e-9,
                -0.11873129010200517,
                0,
                -1.1609692573547363,
                5.571237124968321e-7,
                17.072669982910156,
                1
            ],
            "name": "Spine_0"
        },
        "Spine_1": {
            "children": [
                "clavicle_L",
                "clavicle_R",
                "shoulderPad_L",
                "Head_0",
                "shoulderPad_R",
                "invoker_cape_R0C0",
                "invoker_cape_R0C4",
                "invoker_cape_R0C1",
                "invoker_cape_R0C5",
                "invoker_cape_R0C3",
                "invoker_cape_R0C2",
                "invoker_cape_R0C6"
            ],
            "matrix": [
                0.9977118372917176,
                -2.1316282086037895e-14,
                -0.06761351227760316,
                0,
                2.2879534905951256e-8,
                0.9999999999999999,
                3.376124197984609e-7,
                0,
                0.06761351227760315,
                -3.383868733638946e-7,
                0.9977118372917176,
                0,
                20.766738891601562,
                9.663381206337363e-9,
                0.000003814697265625,
                1
            ],
            "name": "Spine_1"
        },
        "ankle_L": {
            "children": [
                "toeBase_L"
            ],
            "matrix": [
                0.35269957780838,
                -0.394213795661926,
                0.8486451506614685,
                0,
                0.35641614708686203,
                0.8951579629248522,
                0.26769232523500314,
                0,
                -0.8651996846719114,
                0.20805591591233633,
                0.4562261099632374,
                0,
                49.96849822998047,
                0.0000019073486328125,
                0.000003337860108532098,
                1
            ],
            "name": "ankle_L"
        },
        "ankle_R": {
            "children": [
                "toeBase_R"
            ],
            "matrix": [
                0.3225108981132506,
                -0.36576527357101424,
                0.8730419874191282,
                0,
                0.4033255589622277,
                0.887509708668192,
                0.222833891082514,
                0,
                -0.8563383655306238,
                0.2802538633531102,
                0.433754151360191,
                0,
                -49.968528747558594,
                -0.000003814697265625,
                -0.000017881393435503767,
                1
            ],
            "name": "ankle_R"
        },
        "belt5_0": {
            "children": [
                "belt5_1"
            ],
            "matrix": [
                0.1388862282037728,
                -1.9867835021614047e-7,
                -0.9903083443641665,
                0,
                1.3864025090875765e-8,
                1,
                -1.9867835021613663e-7,
                0,
                0.9903083443641668,
                1.3864026953298749e-8,
                0.13888622820377008,
                0,
                17.191110610961914,
                -0.12100982666015625,
                -10.759750366210938,
                1
            ],
            "name": "belt5_0"
        },
        "belt5_1": {
            "children": [],
            "matrix": [
                0.9999999999999996,
                8.666918205335592e-8,
                -1.0430812841244474e-7,
                0,
                -8.666918205336305e-8,
                1.0000000000000002,
                -6.750155986743102e-14,
                0,
                1.043081283569336e-7,
                7.654186006673015e-14,
                0.9999999999999996,
                0,
                32.671997070312486,
                0.000005982816219315956,
                0.000003814697265625,
                1
            ],
            "name": "belt5_1"
        },
        "bicep_L": {
            "children": [
                "elbow_L"
            ],
            "matrix": [
                0.6590189337730409,
                -0.15794010460376745,
                -0.7353563904762265,
                0,
                -0.6624974602637488,
                -0.584769231136302,
                -0.46812655851497587,
                0,
                -0.3560777302536355,
                0.7956757759438484,
                -0.4900087713686354,
                0,
                14.97490882873535,
                0.000003814697265625,
                0.00006103515625,
                1
            ],
            "name": "bicep_L"
        },
        "bicep_R": {
            "children": [
                "elbow_R"
            ],
            "matrix": [
                0.6590188145637518,
                -0.15794041752815258,
                -0.735356569290161,
                0,
                -0.6624979735155773,
                -0.584768327597416,
                -0.4681267424746645,
                0,
                -0.35607704688947583,
                0.7956764535380974,
                -0.4900084661940502,
                0,
                -14.974909782409664,
                0.0000019073486328125,
                -0.00004577636721592171,
                1
            ],
            "name": "bicep_R"
        },
        "clavicle_L": {
            "children": [
                "bicep_L"
            ],
            "matrix": [
                -0.017363440245389994,
                0.9552273154258732,
                0.29536274075508134,
                0,
                0.005367939023410664,
                -0.2953139032444906,
                0.9553849350505463,
                0,
                0.9998348355678904,
                0.018174264321156635,
                6.332993683633159e-8,
                0,
                8.255371093750028,
                7.251828193664551,
                -1.081827163696289,
                1
            ],
            "name": "clavicle_L"
        },
        "clavicle_R": {
            "children": [
                "bicep_R"
            ],
            "matrix": [
                0.017363585531711516,
                0.9552273154258731,
                -0.29536300897598267,
                0,
                -0.005368074064646108,
                -0.2953141413082841,
                -0.9553848479560855,
                0,
                -0.9998347163557513,
                0.018174439566609697,
                1.862645143679842e-8,
                0,
                8.25537109375,
                -7.251829147338868,
                -1.0818243026733398,
                1
            ],
            "name": "clavicle_R"
        },
        "elbow_L": {
            "children": [
                "wrist_L"
            ],
            "matrix": [
                0.8184345960617068,
                4.619359970370329e-7,
                -0.5746001005172728,
                0,
                1.260570675620798e-7,
                1.0000004768371948,
                9.83476476812406e-7,
                0,
                0.5746001732807112,
                -8.773432695896588e-7,
                0.8184346997019772,
                0,
                30.27215576171875,
                0.000007629394545460855,
                0.000030517578125,
                1
            ],
            "name": "elbow_L"
        },
        "elbow_R": {
            "children": [
                "wrist_R"
            ],
            "matrix": [
                0.818434715270996,
                -3.4272670751400724e-7,
                -0.5746001601219178,
                0,
                1.0753000156960013e-8,
                1.0000004768371689,
                -5.811454042992104e-7,
                0,
                0.5745999835884644,
                4.694505299496221e-7,
                0.8184344638243773,
                0,
                -30.272163391113267,
                -0.0000152587890625,
                -0.00002288818359375,
                1
            ],
            "name": "elbow_R"
        },
        "index_0_L": {
            "children": [
                "index_1_L"
            ],
            "matrix": [
                0.8076040744781493,
                0.5782230496406557,
                -0.11590490490198133,
                0,
                0.23648088156318564,
                -0.1374878734141025,
                0.961859777433775,
                0,
                0.540233958577294,
                -0.8042111450609944,
                -0.24777445577455104,
                0,
                10.758850097656236,
                2.771867275238037,
                -6.191574096679716,
                1
            ],
            "name": "index_0_L"
        },
        "index_0_R": {
            "children": [
                "index_1_R"
            ],
            "matrix": [
                0.8076043128967288,
                0.5782231688499446,
                -0.11590510606765748,
                0,
                0.23648129020709271,
                -0.13748815754853344,
                0.9618598829330295,
                0,
                0.5402336647701061,
                -0.8042109458482425,
                -0.24777479496956267,
                0,
                -10.758857727050781,
                -2.7718586921691895,
                6.19158935546875,
                1
            ],
            "name": "index_0_R"
        },
        "index_1_L": {
            "children": [],
            "matrix": [
                1.0000001192092893,
                6.705522535843667e-8,
                -3.427267074307405e-7,
                0,
                -6.7054898522656e-8,
                1.0000001192092873,
                9.536743163784944e-7,
                0,
                3.4272662819551103e-7,
                -9.536738955484569e-7,
                0.9999997019768991,
                0,
                4.1321868896484375,
                -0.0000152587890625,
                -0.00003814697265625,
                1
            ],
            "name": "index_1_L"
        },
        "index_1_R": {
            "children": [],
            "matrix": [
                0.9999998211860656,
                -1.490116116609208e-8,
                -1.676380654083709e-8,
                0,
                1.490116212365944e-8,
                0.9999998807907108,
                5.551115123125783e-17,
                0,
                1.676380944129474e-8,
                -2.7755575615628914e-16,
                0.9999999999999998,
                0,
                -4.1321563720703125,
                0.000007629394545460855,
                0,
                1
            ],
            "name": "index_1_R"
        },
        "invoker_bracer_model": {
            "children": [],
            "matrix": [
                1,
                0,
                0,
                0,
                0,
                1,
                0,
                0,
                0,
                0,
                1,
                0,
                0,
                0,
                0,
                1
            ],
            "meshes": [
                "invoker_bracer_model-mesh"
            ],
            "name": "invoker_bracer_model"
        },
        "invoker_cape_R0C0": {
            "children": [
                "invoker_cape_R1C0"
            ],
            "matrix": [
                -0.8995776772499086,
                -0.37519285082817133,
                0.2235850244760515,
                0,
                -0.3251877019006312,
                0.2336190700153598,
                -0.9163377249403455,
                0,
                0.29156967240735027,
                -0.8970241687706803,
                -0.33216664066012225,
