{
    "accessors": {
        "attrbute_1": {
            "bufferView": "bufferView_37",
            "byteOffset": 0,
            "byteStride": 12,
            "count": 2132,
            "max": [
                86.57945251464844,
                46.675540924072266,
                202.16026306152344,
                0
            ],
            "min": [
                -86.5794906616211,
                -55.06306838989258,
                -0.09263475239276886,
                0
            ],
            "type": 35665
        },
        "attrbute_10": {
            "bufferView": "bufferView_37",
            "byteOffset": 135984,
            "byteStride": 16,
            "count": 252,
            "max": [
                3,
                4,
                7,
                -1
            ],
            "min": [
                0,
                -1,
                -1,
                -1
            ],
            "type": 35666
        },
        "attrbute_11": {
            "bufferView": "bufferView_37",
            "byteOffset": 140016,
            "byteStride": 12,
            "count": 252,
            "max": [
                1,
                0.7568278312683105,
                0.7592552304267883
            ],
            "min": [
                0.17942431569099426,
                0,
                0
            ],
            "type": 35665
        },
        "attrbute_13": {
            "bufferView": "bufferView_37",
            "byteOffset": 143040,
            "byteStride": 12,
            "count": 388,
            "max": [
                86.734375,
                79.91033172607422,
                183.3960723876953,
                0
            ],
            "min": [
                -86.73441314697266,
                10.930477142333984,
                13.113612174987793,
                0
            ],
            "type": 35665
        },
        "attrbute_14": {
            "bufferView": "bufferView_37",
            "byteOffset": 147696,
            "byteStride": 12,
            "count": 388,
            "max": [
                0.7604391574859619,
                0.9828985333442688,
                0.922156810760498,
                0
            ],
            "min": [
                -0.7604389786720276,
                -0.9828984141349792,
                -0.9221563339233398,
                0
            ],
            "type": 35665
        },
        "attrbute_15": {
            "bufferView": "bufferView_37",
            "byteOffset": 152352,
            "byteStride": 8,
            "count": 388,
            "max": [
                1.98134446144104,
                0.9785188436508179
            ],
            "min": [
                0.023848460987210274,
                0.03097778558731079
            ],
            "type": 35664
        },
        "attrbute_16": {
            "bufferView": "bufferView_37",
            "byteOffset": 155456,
            "byteStride": 16,
            "count": 388,
            "max": [
                40,
                41,
                41,
                -1
            ],
            "min": [
                0,
                -1,
                -1,
                -1
            ],
            "type": 35666
        },
        "attrbute_17": {
            "bufferView": "bufferView_37",
            "byteOffset": 161664,
            "byteStride": 12,
            "count": 388,
            "max": [
                1,
                0.9998927712440491,
                0.9972765445709229
            ],
            "min": [
                0.00010723465675255284,
                0,
                0
            ],
            "type": 35665
        },
        "attrbute_19": {
            "bufferView": "bufferView_37",
            "byteOffset": 166320,
            "byteStride": 12,
            "count": 430,
            "max": [
                13.716650009155273,
                13.598481178283691,
                208.97821044921875,
                0
            ],
            "min": [
                -13.24190902709961,
                -15.096175193786621,
                178.91676330566406,
                0
            ],
            "type": 35665
        },
        "attrbute_2": {
            "bufferView": "bufferView_37",
            "byteOffset": 25584,
            "byteStride": 12,
            "count": 2132,
            "max": [
                0.9981914162635803,
                0.9997386336326599,
                0.9999039173126221,
                0
            ],
            "min": [
                -0.9981914758682251,
                -0.9995696544647217,
                -0.9915851950645447,
                0
            ],
            "type": 35665
        },
        "attrbute_20": {
            "bufferView": "bufferView_37",
            "byteOffset": 171480,
            "byteStride": 12,
            "count": 430,
            "max": [
                0.9957091212272644,
                0.9866613745689392,
                0.9968963861465454,
                0
            ],
            "min": [
                -0.9977678656578064,
                -0.9971164464950562,
                -0.9611396193504333,
                0
            ],
            "type": 35665
        },
        "attrbute_21": {
            "bufferView": "bufferView_37",
            "byteOffset": 176640,
            "byteStride": 8,
            "count": 430,
            "max": [
                0.9913880228996277,
                0.992775022983551
            ],
            "min": [
                0.010209999978542328,
                0.005227982997894287
            ],
            "type": 35664
        },
        "attrbute_22": {
            "bufferView": "bufferView_37",
            "byteOffset": 180080,
            "byteStride": 16,
            "count": 430,
            "max": [
                2,
                3,
                5,
                -1
            ],
            "min": [
                0,
                -1,
                -1,
                -1
            ],
            "type": 35666
        },
        "attrbute_23": {
            "bufferView": "bufferView_37",
            "byteOffset": 186960,
            "byteStride": 12,
            "count": 430,
            "max": [
                1,
                0.49784523248672485,
                0.5489848852157593
            ],
            "min": [
                0.0013589862501248717,
                0,
                0
            ],
            "type": 35665
        },
        "attrbute_25": {
            "bufferView": "bufferView_37",
            "byteOffset": 192120,
            "byteStride": 12,
            "count": 935,
            "max": [
                11.55189323425293,
                5.690746307373047,
                208.67135620117188,
                0
            ],
            "min": [
                -11.551896095275879,
                -16.30133628845215,
                182.3879852294922,
                0
            ],
            "type": 35665
        },
        "attrbute_26": {
            "bufferView": "bufferView_37",
            "byteOffset": 203340,
            "byteStride": 12,
            "count": 935,
            "max": [
                0.9974613785743713,
                0.9936811327934265,
                0.9997861981391907,
                0
            ],
            "min": [
                -0.9974613189697266,
                -0.9999851584434509,
                -0.9962117075920105,
                0
            ],
            "type": 35665
        },
        "attrbute_27": {
            "bufferView": "bufferView_37",
            "byteOffset": 214560,
            "byteStride": 8,
            "count": 935,
            "max": [
                1.1370309591293335,
                0.9887959957122803
            ],
            "min": [
                0.004724999889731407,
                0.02729398012161255
            ],
            "type": 35664
        },
        "attrbute_28": {
            "bufferView": "bufferView_37",
            "byteOffset": 222040,
            "byteStride": 16,
            "count": 935,
            "max": [
                0,
                1,
                2,
                -1
            ],
            "min": [
                0,
                -1,
                -1,
                -1
            ],
            "type": 35666
        },
        "attrbute_29": {
            "bufferView": "bufferView_37",
            "byteOffset": 237000,
            "byteStride": 12,
            "count": 935,
            "max": [
                1,
                0.7894778847694397,
                0.02439204603433609
            ],
            "min": [
                0.2095630168914795,
                0,
                0
            ],
            "type": 35665
        },
        "attrbute_3": {
            "bufferView": "bufferView_37",
            "byteOffset": 51168,
            "byteStride": 8,
            "count": 2132,
            "max": [
                1.9921540021896362,
                0.9920380115509033
            ],
            "min": [
                0.006909000221639872,
                0.013046026229858398
            ],
            "type": 35664
        },
        "attrbute_31": {
            "bufferView": "bufferView_37",
            "byteOffset": 248220,
            "byteStride": 12,
            "count": 554,
            "max": [
                65.22831726074219,
                40.93210983276367,
                221.0618438720703,
                0
            ],
            "min": [
                -65.22831726074219,
                -24.029129028320312,
                151.2171173095703,
                0
            ],
            "type": 35665
        },
        "attrbute_32": {
            "bufferView": "bufferView_37",
            "byteOffset": 254868,
            "byteStride": 12,
            "count": 554,
            "max": [
                0.9904500842094421,
                0.9745242595672607,
                0.9901900291442871,
                0
            ],
            "min": [
                -0.9904500246047974,
                -0.9996737241744995,
                -0.6804400086402893,
                0
            ],
            "type": 35665
        },
        "attrbute_33": {
            "bufferView": "bufferView_37",
            "byteOffset": 261516,
            "byteStride": 8,
            "count": 554,
            "max": [
                1.5967395305633545,
                0.9648205041885376
            ],
            "min": [
                0.013189494609832764,
                0.03766745328903198
            ],
            "type": 35664
        },
        "attrbute_34": {
            "bufferView": "bufferView_37",
            "byteOffset": 265948,
            "byteStride": 16,
            "count": 554,
            "max": [
                4,
                7,
                8,
                -1
            ],
            "min": [
                0,
                -1,
                -1,
                -1
            ],
            "type": 35666
        },
        "attrbute_35": {
            "bufferView": "bufferView_37",
            "byteOffset": 274812,
            "byteStride": 12,
            "count": 554,
            "max": [
                1,
                0.9633781909942627,
                0.19455018639564514
            ],
            "min": [
                0.036621809005737305,
                0,
                0
            ],
            "type": 35665
        },
        "attrbute_4": {
            "bufferView": "bufferView_37",
            "byteOffset": 68224,
            "byteStride": 16,
            "count": 2132,
            "max": [
                48,
                51,
                52,
                -1
            ],
            "min": [
                0,
                -1,
                -1,
                -1
            ],
            "type": 35666
        },
        "attrbute_5": {
            "bufferView": "bufferView_37",
            "byteOffset": 102336,
            "byteStride": 12,
            "count": 2132,
            "max": [
                1,
                0.9998693466186523,
                0.9992272257804871
            ],
            "min": [
                0.00011447562428656965,
                0,
                0
            ],
            "type": 35665
        },
        "attrbute_7": {
            "bufferView": "bufferView_37",
            "byteOffset": 127920,
            "byteStride": 12,
            "count": 252,
            "max": [
                77.74760437011719,
                8.97191047668457,
                150.58175659179688,
                0
            ],
            "min": [
                -77.74549865722656,
                -11.483298301696777,
                131.71441650390625,
                0
            ],
            "type": 35665
        },
        "attrbute_8": {
            "bufferView": "bufferView_37",
            "byteOffset": 130944,
            "byteStride": 12,
            "count": 252,
            "max": [
                0.9937213063240051,
                0.9869155287742615,
                0.9121307730674744,
                0
            ],
            "min": [
                -0.9937212467193604,
                -0.9954465627670288,
                -0.9950978755950928,
                0
            ],
            "type": 35665
        },
        "attrbute_9": {
            "bufferView": "bufferView_37",
            "byteOffset": 133968,
            "byteStride": 8,
            "count": 252,
            "max": [
                0.9794549942016602,
                0.9860270023345947
            ],
            "min": [
                0.0196710005402565,
                0.012401998043060303
            ],
            "type": 35664
        },
        "indices_12": {
            "bufferView": "bufferView_39",
            "byteOffset": 18048,
            "count": 1020,
            "type": 5123
        },
        "indices_18": {
            "bufferView": "bufferView_39",
            "byteOffset": 20088,
            "count": 1812,
            "type": 5123
        },
        "indices_24": {
            "bufferView": "bufferView_39",
            "byteOffset": 23712,
            "count": 1926,
            "type": 5123
        },
        "indices_30": {
            "bufferView": "bufferView_39",
            "byteOffset": 27564,
            "count": 4770,
            "type": 5123
        },
        "indices_36": {
            "bufferView": "bufferView_39",
            "byteOffset": 37104,
            "count": 2304,
            "type": 5123
        },
        "indices_6": {
            "bufferView": "bufferView_39",
            "byteOffset": 0,
            "count": 9024,
            "type": 5123
        }
    },
    "animations": {},
    "asset": {},
    "bufferViews": {
        "bufferView_37": {
            "buffer": "invoker.bin",
            "byteLength": 281460,
            "byteOffset": 0,
            "target": 34962
        },
        "bufferView_38": {
            "buffer": "invoker.bin",
            "byteLength": 8640,
            "byteOffset": 281460
        },
        "bufferView_39": {
            "buffer": "invoker.bin",
            "byteLength": 41712,
            "byteOffset": 290100,
            "target": 34963
        }
    },
    "buffers": {
        "invoker.bin": {
            "byteLength": 331812,
            "path": "invoker.bin"
        }
    },
    "cameras": {},
    "images": {
        "image_0": {
            "path": "textures/invoker_color.png"
        },
        "image_1": {
            "path": "textures/invoker_bracer_color.png"
        },
        "image_2": {
            "path": "textures/invoker_cape_color.png"
        },
        "image_3": {
            "path": "textures/invoker_hair_color.png"
        },
        "image_4": {
            "path": "textures/invoker_head_color.png"
        },
        "image_5": {
            "path": "textures/invoker_shoulder_color.png"
        }
    },
    "lights": {},
    "materials": {
        "Material #35": {
            "instanceTechnique": {
                "technique": "technique_0",
                "values": {
                    "ambient": [
                        0.5879999995231628,
                        0.5879999995231628,
                        0.5879999995231628
                    ],
                    "diffuse": "Map #7",
                    "emission": [
                        0,
                        0,
                        0
                    ],
                    "shininess": 2,
                    "specular": [
                        0.8999999761581421,
                        0.8999999761581421,
                        0.8999999761581421
                    ],
                    "transparency": 1
                }
            },
            "name": "Material #35"
        },
        "Material #46": {
            "instanceTechnique": {
                "technique": "technique_0",
                "values": {
                    "ambient": [
                        0.5879999995231628,
                        0.5879999995231628,
                        0.5879999995231628
                    ],
                    "diffuse": "Map #8",
                    "emission": [
                        0,
                        0,
                        0
                    ],
                    "shininess": 2,
                    "specular": [
                        0.8999999761581421,
                        0.8999999761581421,
                        0.8999999761581421
                    ],
                    "transparency": 1
                }
            },
            "name": "Material #46"
        },
        "Material #57": {
            "instanceTechnique": {
                "technique": "technique_0",
                "values": {
                    "ambient": [
                        0.5879999995231628,
                        0.5879999995231628,
                        0.5879999995231628
                    ],
                    "diffuse": "Map #9",
                    "emission": [
                        0,
                        0,
                        0
                    ],
                    "shininess": 2,
                    "specular": [
                        0.8999999761581421,
                        0.8999999761581421,
                        0.8999999761581421
                    ],
                    "transparency": 1
                }
            },
            "name": "Material #57"
        },
        "Material #68": {
            "instanceTechnique": {
                "technique": "technique_0",
                "values": {
                    "ambient": [
                        0.5879999995231628,
                        0.5879999995231628,
                        0.5879999995231628
                    ],
                    "diffuse": "Map #10",
                    "emission": [
                        0,
                        0,
                        0
                    ],
                    "shininess": 2,
                    "specular": [
                        0.8999999761581421,
                        0.8999999761581421,
                        0.8999999761581421
                    ],
                    "transparency": 1
                }
            },
            "name": "Material #68"
        },
        "Material #79": {
            "instanceTechnique": {
                "technique": "technique_0",
                "values": {
                    "ambient": [
                        0.5879999995231628,
                        0.5879999995231628,
                        0.5879999995231628
                    ],
                    "diffuse": "Map #11",
                    "emission": [
                        0,
                        0,
                        0
                    ],
                    "shininess": 2,
                    "specular": [
                        0.8999999761581421,
                        0.8999999761581421,
                        0.8999999761581421
                    ],
                    "transparency": 1
                }
            },
            "name": "Material #79"
        },
        "Material #90": {
            "instanceTechnique": {
                "technique": "technique_0",
                "values": {
                    "ambient": [
                        0.5879999995231628,
                        0.5879999995231628,
                        0.5879999995231628
                    ],
                    "diffuse": "Map #12",
                    "emission": [
                        0,
                        0,
                        0
                    ],
                    "shininess": 2,
                    "specular": [
                        0.8999999761581421,
                        0.8999999761581421,
                        0.8999999761581421
                    ],
                    "transparency": 1
                }
            },
            "name": "Material #90"
        }
    },
    "meshes": {
        "invoker_bracer_model-mesh": {
            "name": "invoker_bracer_model-mesh",
            "primitives": [
                {
                    "attributes": {
                        "JOINT": "attrbute_10",
                        "NORMAL": "attrbute_8",
                        "POSITION": "attrbute_7",
                        "TEXCOORD_0": "attrbute_9",
                        "WEIGHT": "attrbute_11"
                    },
                    "indices": "indices_12",
                    "material": "Material #46"
                }
            ]
        },
        "invoker_cape_model_LOD0-mesh": {
            "name": "invoker_cape_model_LOD0-mesh",
            "primitives": [
                {
                    "attributes": {
                        "JOINT": "attrbute_16",
                        "NORMAL": "attrbute_14",
                        "POSITION": "attrbute_13",
                        "TEXCOORD_0": "attrbute_15",
                        "WEIGHT": "attrbute_17"
                    },
                    "indices": "indices_18",
                    "material": "Material #57"
                }
            ]
        },
        "invoker_hair_model_LOD0-mesh": {
            "name": "invoker_hair_model_LOD0-mesh",
            "primitives": [
                {
                    "attributes": {
                        "JOINT": "attrbute_22",
                        "NORMAL": "attrbute_20",
                        "POSITION": "attrbute_19",
                        "TEXCOORD_0": "attrbute_21",
                        "WEIGHT": "attrbute_23"
                    },
                    "indices": "indices_24",
                    "material": "Material #68"
                }
            ]
        },
        "invoker_head_model_LOD0-mesh": {
            "name": "invoker_head_model_LOD0-mesh",
            "primitives": [
                {
                    "attributes": {
                        "JOINT": "attrbute_28",
                        "NORMAL": "attrbute_26",
                        "POSITION": "attrbute_25",
                        "TEXCOORD_0": "attrbute_27",
                        "WEIGHT": "attrbute_29"
                    },
                    "indices": "indices_30",
                    "material": "Material #79"
                }
            ]
        },
        "invoker_model_LOD0-mesh": {
            "name": "invoker_model_LOD0-mesh",
            "primitives": [
                {
                    "attributes": {
                        "JOINT": "attrbute_4",
                        "NORMAL": "attrbute_2",
                        "POSITION": "attrbute_1",
                        "TEXCOORD_0": "attrbute_3",
                        "WEIGHT": "attrbute_5"
                    },
                    "indices": "indices_6",
                    "material": "Material #35"
                }
            ]
        },
        "invoker_shoulder_model_LOD0-mesh": {
            "name": "invoker_shoulder_model_LOD0-mesh",
            "primitives": [
                {
                    "attributes": {
                        "JOINT": "attrbute_34",
                        "NORMAL": "attrbute_32",
                        "POSITION": "attrbute_31",
                        "TEXCOORD_0": "attrbute_33",
                        "WEIGHT": "attrbute_35"
                    },
                    "indices": "indices_36",
                    "material": "Material #90"
                }
            ]
        }
    },
    "nodes": {
        "Head_0": {
            "children": [
                "Head_1"
            ],
            "jointId": "Head_0",
            "matrix": [
                0.9417129158973695,
                7.105427357601002e-15,
                -0.33641755580902105,
                0,
                1.0440770056345196e-7,
                1.0000000000000002,
                2.9226205811028205e-7,
                0,
                0.33641755580902116,
                -3.103515383803969e-7,
                0.9417129158973695,
                0,
                19.496017456054688,
                -8.747883839532564e-8,
                -0.00000476837158203125,
                1
            ],
            "name": "Head_0"
        },
        "Head_1": {
            "children": [],
            "jointId": "Head_1",
            "matrix": [
                0.28764101862907415,
                -1.37157911694885e-7,
                -0.9577381610870362,
                0,
                2.015187112909724e-8,
                0.9999999999999998,
                -1.3715795432744807e-7,
                0,
                0.9577381610870369,
                2.0152037698182288e-8,
                0.28764101862907154,
                0,
                9.7164306640625,
                -0.000001383445578539976,
                0.000019073486328125,
                1
            ],
            "name": "Head_1"
        },
        "Root_0": {
            "children": [
                "thigh_L",
                "manSkirt_R0C2",
                "Spine_0",
                "belt5_0",
                "manSkirt_R0C0",
                "manSkirt_R0C1",
                "thigh_R"
            ],
            "jointId": "Root_0",
            "matrix": [
                -1.629206851037603e-7,
                -1.0000000000000002,
                0,
                0,
                1.0000000000000002,
                -1.629206851037603e-7,
                0,
                0,
                0,
                0,
                1,
                0,
                -2.353672812205332e-14,
                -3.8485372066497803,
                125.13335418701172,
                1
            ],
            "name": "Root_0"
        },
        "Spine_0": {
            "children": [
                "Spine_1"
            ],
            "jointId": "Spine_0",
            "matrix": [
                -0.11873129010200538,
                5.661548739112039e-8,
                0.9929263591766357,
                0,
                3.3729152031674657e-9,
                0.9999999999999999,
                -5.661549449070805e-8,
                0,
                -0.9929263591766357,
                -3.3729742881521894e-9,
                -0.11873129010200517,
                0,
                -1.1609692573547363,
                5.571237124968321e-7,
                17.072669982910156,
                1
            ],
            "name": "Spine_0"
        },
        "Spine_1": {
            "children": [
                "clavicle_L",
                "clavicle_R",
                "shoulderPad_L",
                "Head_0",
                "shoulderPad_R",
                "invoker_cape_R0C0",
                "invoker_cape_R0C4",
                "invoker_cape_R0C1",
                "invoker_cape_R0C5",
                "invoker_cape_R0C3",
                "invoker_cape_R0C2",
                "invoker_cape_R0C6"
            ],
            "jointId": "Spine_1",
            "matrix": [
                0.9977118372917179,
                -2.131628209265534e-14,
                -0.06761351227760315,
                0,
                2.2879534905951256e-8,
                0.9999999999999999,
                3.37612419798461e-7,
                0,
                0.06761351227760319,
                -3.383868733638947e-7,
                0.997711837291718,
                0,
                20.766738891601562,
                9.663381206337363e-9,
                0.000003814697265625,
                1
            ],
            "name": "Spine_1"
        },
        "ankle_L": {
            "children": [
                "toeBase_L"
            ],
            "jointId": "ankle_L",
            "matrix": [
                0.35269957780838024,
                -0.39421379566192616,
                0.8486451506614687,
                0,
                0.35641614708686203,
                0.8951579629248524,
                0.2676923252350032,
                0,
                -0.8651996846719116,
                0.20805591591233635,
                0.4562261099632374,
                0,
                49.968498229980476,
                0.0000019073486363652137,
                0.000003337860108088009,
                1
            ],
            "name": "ankle_L"
        },
        "ankle_R": {
            "children": [
                "toeBase_R"
            ],
            "jointId": "ankle_R",
            "matrix": [
                0.32251089811325073,
                -0.3657652735710144,
                0.8730419874191285,
                0,
                0.4033255589622278,
                0.8875097086681921,
                0.22283389108251406,
                0,
                -0.8563383655306239,
                0.2802538633531102,
                0.43375415136019113,
                0,
                -49.96852874755859,
                -0.000003814697265625,
                -0.000017881393435503767,
                1
            ],
            "name": "ankle_R"
        },
        "belt5_0": {
            "children": [
                "belt5_1"
            ],
            "jointId": "belt5_0",
            "matrix": [
                0.1388862282037728,
                -1.9867835021614047e-7,
                -0.9903083443641665,
                0,
                1.3864025090875765e-8,
                1,
                -1.9867835021613663e-7,
                0,
                0.9903083443641668,
                1.3864026953298749e-8,
                0.13888622820377008,
                0,
                17.191110610961914,
                -0.12100982666015625,
                -10.759750366210938,
                1
            ],
            "name": "belt5_0"
        },
        "belt5_1": {
            "children": [],
            "jointId": "belt5_1",
            "matrix": [
                0.9999999999999996,
                8.666918205335592e-8,
                -1.0430812841244474e-7,
                0,
                -8.666918205336305e-8,
                1.0000000000000002,
                -6.750155986743102e-14,
                0,
                1.043081283569336e-7,
                7.654186006673015e-14,
                0.9999999999999996,
                0,
                32.671997070312486,
                0.000005982816219315956,
                0.000003814697265625,
                1
            ],
            "name": "belt5_1"
        },
        "bicep_L": {
            "children": [
                "elbow_L"
            ],
            "jointId": "bicep_L",
            "matrix": [
                0.6590189337730409,
                -0.15794010460376748,
                -0.7353563904762265,
                0,
                -0.6624974602637488,
                -0.584769231136302,
                -0.46812655851497603,
                0,
                -0.3560777302536354,
                0.7956757759438483,
                -0.4900087713686355,
                0,
                14.97490882873535,
                0.000003814697265625,
                0.00006103515625,
                1
            ],
            "name": "bicep_L"
        },
        "bicep_R": {
            "children": [
                "elbow_R"
            ],
            "jointId": "bicep_R",
            "matrix": [
                0.6590188145637514,
                -0.15794041752815252,
                -0.735356569290161,
                0,
                -0.662497973515577,
                -0.5847683275974159,
                -0.4681267424746644,
                0,
                -0.3560770468894758,
                0.7956764535380972,
                -0.49000846619405025,
                0,
                -14.974909782409664,
                0.0000019073486328125,
                -0.00004577636721592171,
                1
            ],
            "name": "bicep_R"
        },
        "clavicle_L": {
            "children": [
                "bicep_L"
            ],
            "jointId": "clavicle_L",
            "matrix": [
                -0.017363440245389987,
                0.9552273154258732,
                0.2953627407550812,
                0,
                0.005367939023410678,
                -0.29531390324449064,
                0.9553849350505461,
                0,
                0.9998348355678903,
                0.01817426432115663,
                6.332993683633159e-8,
                0,
                8.255371093750028,
                7.251828193664551,
                -1.081827163696289,
                1
            ],
            "name": "clavicle_L"
        },
        "clavicle_R": {
            "children": [
                "bicep_R"
            ],
            "jointId": "clavicle_R",
            "matrix": [
                0.017363585531711502,
                0.955227315425873,
                -0.2953630089759826,
                0,
                -0.0053680740646460945,
                -0.29531414130828404,
                -0.9553848479560852,
                0,
                -0.9998347163557512,
                0.018174439566609697,
                1.8626451429859525e-8,
                0,
                8.25537109375,
                -7.251829147338868,
                -1.0818243026733398,
                1
            ],
            "name": "clavicle_R"
        },
        "elbow_L": {
            "children": [
                "wrist_L"
            ],
            "jointId": "elbow_L",
            "matrix": [
                0.8184345960617065,
                4.6193599700927734e-7,
                -0.574600100517273,
                0,
                1.2605706750656864e-7,
                1.0000004768371948,
                9.834764768956727e-7,
                0,
                0.5746001732807111,
                -8.773432694231253e-7,
                0.8184346997019774,
                0,
                30.27215576171875,
                0.000007629394545460855,
                0.000030517578125,
                1
            ],
            "name": "elbow_L"
        },
        "elbow_R": {
            "children": [
                "wrist_R"
            ],
            "jointId": "elbow_R",
            "matrix": [
                0.8184347152709958,
                -3.427267074584961e-7,
                -0.5746001601219177,
                0,
                1.075299999042656e-8,
                1.000000476837169,
                -5.81145404188188e-7,
                0,
                0.5745999835884645,
                4.6945052989411096e-7,
                0.8184344638243775,
                0,
                -30.27216339111328,
                -0.0000152587890625,
                -0.000022888183607960855,
                1
            ],
            "name": "elbow_R"
        },
        "index_0_L": {
            "children": [
                "index_1_L"
            ],
            "jointId": "index_0_L",
            "matrix": [
                0.8076040744781494,
                0.5782230496406557,
                -0.11590490490198134,
                0,
                0.2364808815631856,
                -0.13748787341410254,
                0.9618597774337748,
                0,
                0.540233958577294,
                -0.8042111450609942,
                -0.24777445577455098,
                0,
                10.758850097656236,
                2.771867275238036,
                -6.191574096679659,
                1
            ],
            "name": "index_0_L"
        },
        "index_0_R": {
            "children": [
                "index_1_R"
            ],
            "jointId": "index_0_R",
            "matrix": [
                0.8076043128967288,
                0.5782231688499444,
                -0.11590510606765747,
                0,
                0.23648129020709266,
                -0.13748815754853344,
                0.9618598829330295,
                0,
                0.5402336647701064,
                -0.8042109458482426,
                -0.24777479496956276,
                0,
                -10.758857727050781,
                -2.7718586921691912,
                6.19158935546875,
                1
            ],
            "name": "index_0_R"
        },
        "index_1_L": {
            "children": [],
            "jointId": "index_1_L",
            "matrix": [
                1.0000001192092893,
                6.705522537231445e-8,
                -3.427267075244156e-7,
                0,
                -6.705489853653379e-8,
                1.0000001192092876,
                9.5367431640625e-7,
                0,
                3.4272662828571665e-7,
                -9.536738954929458e-7,
                0.9999997019768991,
                0,
                4.132186889648423,
                -0.000015258789076710855,
                -0.000038146972642039145,
                1
            ],
            "name": "index_1_L"
        },
        "index_1_R": {
            "children": [],
            "jointId": "index_1_R",
            "matrix": [
                0.9999998211860662,
                -1.4901161263236595e-8,
                -1.6763806572062112e-8,
                0,
                1.490116212365944e-8,
                0.9999998807907108,
                5.551115123125783e-17,
                0,
                1.6763809406600272e-8,
                -2.7755575615628914e-16,
                1,
                0,
                -4.1321563720703125,
                0.00000762939453125,
                0,
                1
            ],
            "name": "index_1_R"
        },
        "invoker_bracer_model": {
            "children": [],
            "instanceSkin": {
                "skeletons": [
                    "Root_0"
                ],
                "skin": "skin_1",
                "sources": [
                    "invoker_bracer_model-mesh"
                ]
            },
            "matrix": [
                1,
                0,
                0,
                0,
                0,
                1,
                0,
                0,
                0,
                0,
                1,
                0,
                0,
                0,
                0,
                1
            ],
            "name": "invoker_bracer_model"
        },
        "invoker_cape_R0C0": {
            "children": [
                "invoker_cape_R1C0"
            ],
            "jointId": "invoker_cape_R0C0",
            "matrix": [
                -0.8995776772499083,
                -0.37519285082817116,
                0.22358502447605136,
                0,
                -0.3251877019006312,
                0.2336190700153599,
                -0.9163377249403456,
                0,
                0.29156967240735027,
                -0.8970241687706805,
                -0.3321666406601222,
                0,
