{
    "accessors": [
        {
            "bufferView": 0,
            "byteOffset": 0,
            "componentType": 5126,
            "count": 2505,
            "max": [
                46.384498596191406,
                45.792667388916016,
                93.36614990234375
            ],
            "min": [
                -55.374267578125,
                -24.049909591674805,
                -3.0053234100341797
            ],
            "type": "VEC3"
        },
        {
            "bufferView": 0,
            "byteOffset": 30060,
            "componentType": 5126,
            "count": 2505,
            "max": [
                0.9993499517440796,
                0.9991967082023621,
                0.9994204640388489
            ],
            "min": [
                -0.9998101592063904,
                -0.999871015548706,
                -0.9983794689178467
            ],
            "type": "VEC3"
        },
        {
            "bufferView": 0,
            "byteOffset": 60120,
            "componentType": 5126,
            "count": 2505,
            "max": [
                0.997582733631134,
                0.9981338381767273
            ],
            "min": [
                0.0072035579942166805,
                0.0071277618408203125
            ],
            "type": "VEC2"
        },
        {
            "bufferView": 0,
            "byteOffset": 80160,
            "componentType": 5123,
            "count": 2505,
            "max": [
                24,
                26,
                21,
                0
            ],
            "min": [
                0,
                0,
                0,
                0
            ],
            "type": "VEC4"
        },
        {
            "bufferView": 0,
            "byteOffset": 100200,
            "componentType": 5126,
            "count": 2505,
            "max": [
                1,
                0.9998065829277039,
                0.6959561109542847,
                0
            ],
            "min": [
                0.00019341707229614258,
                0,
                0,
                0
            ],
            "type": "VEC4"
        },
        {
            "bufferView": 2,
            "byteOffset": 0,
            "componentType": 5123,
            "count": 12960,
            "max": [
                2504
            ],
            "min": [
                0
            ],
            "type": "SCALAR"
        },
        {
            "bufferView": 1,
            "byteOffset": 0,
            "componentType": 5126,
            "count": 27,
            "max": [
                0.9893422346567357,
                1.000000178813353,
                0.9908745661772307,
                0,
                0.9592123628034933,
                0.9901190345602747,
                0.9363524701626587,
                0,
                0.9897455393786149,
                0.8354175292851579,
                1.0000000596043404,
                0,
                44.085939343916905,
                62.60037619220699,
                42.97601528528364,
                1
            ],
            "min": [
                -0.6426556399313199,
                -0.8949444961696493,
                -0.8366347587796618,
                0,
                -0.9999999999999732,
                -0.77594046137139,
                -0.8734525470239933,
                0,
                -0.9992009686729308,
                -0.8174674118529943,
                -0.9592124095644384,
                0,
                -47.50388496013083,
                -62.734908910129086,
                -79.16183471679675,
                1
            ],
            "type": "MAT4"
        }
    ],
    "asset": {
        "generator": "ClayGL - fbx2gltf",
        "version": "2.0"
    },
    "bufferViews": [
        {
            "buffer": 0,
            "byteLength": 140280,
            "byteOffset": 0,
            "target": 34962
        },
        {
            "buffer": 0,
            "byteLength": 1728,
            "byteOffset": 140280,
            "target": 34962
        },
        {
            "buffer": 0,
            "byteLength": 25920,
            "byteOffset": 142008,
            "target": 34963
        }
    ],
    "buffers": [
        {
            "byteLength": 167928,
            "uri": "tiny_01.bin"
        }
    ],
    "images": [
        {
            "uri": "textures/tiny_01_color.png"
        }
    ],
    "materials": [
        {
            "emissiveFactor": [
                0,
                0,
                0
            ],
            "name": "Material #35",
            "pbrMetallicRoughness": {
                "baseColorFactor": [
                    1,
                    1,
                    1,
                    1
                ],
                "baseColorTexture": {
                    "index": 0,
                    "texCoord": 0
                },
                "metallicFactor": 0,
                "roughnessFactor": 0.9230769230769231
            }
        }
    ],
    "meshes": [
        {
            "name": "tiny_01_model_LOD0",
            "primitives": [
                {
                    "attributes": {
                        "JOINTS_0": 3,
                        "NORMAL": 1,
                        "POSITION": 0,
                        "TEXCOORD_0": 2,
                        "WEIGHTS_0": 4
                    },
                    "indices": 5,
                    "material": 0
                }
            ]
        }
    ],
    "nodes": [
        {
            "children": [
                1,
                5,
                40
            ],
            "matrix": [
                1.6292068478213574e-7,
                1.469367938527879e-39,
                1.0000000000000002,
                0,
                1.0000000000000002,
                6.123233995736847e-17,
                -1.6292068478213574e-7,
                0,
                -6.123233995736685e-17,
                1,
                9.976014756666736e-24,
                0,
                4.355037212371826,
                33.5361442565918,
                -34.02312088012695,
                1
            ],
            "name": "root"
        },
        {
            "children": [
                2
            ],
            "matrix": [
                -0.4847980439662934,
                0.3689489662647248,
                0.7929991483688356,
                0,
                0.5375051820874172,
                0.8409301219372735,
                -0.06264677382578174,
                0,
                -0.6899703171361035,
                0.3958701091390276,
                -0.6059932456079034,
                0,
                -1.3917884826660156,
                -11.339035034179688,
                1.1989898681640625,
                1
            ],
            "name": "thigh_R"
        },
        {
            "children": [
                3
            ],
            "matrix": [
                0.709860801696777,
                4.0978193283081055e-8,
                -0.7043418884277343,
                0,
                -8.376519977093544e-7,
                1.0000001192092105,
                -7.860360567435443e-7,
                0,
                0.7043421266071934,
                0.0000011479698266980698,
                0.7098610417425729,
                0,
                -17.177207946777344,
                -0.0000019073486328125,
                -0.000003814697265625,
                1
            ],
            "name": "knee_R"
        },
        {
            "children": [
                4
            ],
            "matrix": [
                0.14373698830604548,
                -0.5332927107810975,
                0.8336296677589415,
                0,
                -0.016925286612602845,
                0.8409289321143613,
                0.5408805335798306,
                0,
                -0.9894712452595474,
                -0.09185398718630611,
                0.11184649322409185,
                0,
                -17.546537399291992,
                0.000007629394527697286,
                3.552713678800501e-15,
                1
            ],
            "name": "ankle_R"
        },
        {
            "matrix": [
                -0.9411042332649238,
                -0.19339096546173107,
                -0.27734985947608964,
                0,
                -0.18550326351775692,
                0.9811219818147396,
                -0.05466821128556223,
                0,
                0.2826863027947104,
                8.190029127066058e-7,
                -0.9592124370872844,
                0,
                -12.380115509033207,
                -0.000003814697265625,
                -0.000007152557373935053,
                1
            ],
            "name": "toeBase_R"
        },
        {
            "children": [
                6
            ],
            "matrix": [
                0.35028770565986633,
                -0.0663512721657753,
                0.9342890977859496,
                0,
                0.02329345671902299,
                0.9977962970345822,
                0.06212813817169137,
                0,
                -0.9363524669086243,
                9.968524938965994e-8,
                0.35106132000671775,
                0,
                1.414733886718743,
                -0.5075871944427486,
                7.953704833984375,
                1
            ],
            "name": "spine1"
        },
        {
            "children": [
                7
            ],
            "matrix": [
                0.9805083274841309,
                -0.019037924706935903,
                -0.195552408695221,
                0,
                0.01612138385621071,
                0.9997339845297323,
                -0.01649536932008169,
                0,
                0.19581444690557048,
                0.0130212729070259,
                0.9805545178339944,
                0,
                10.349235534667962,
                -0.0000019073486328125,
                0,
                1
            ],
            "name": "spine2"
        },
        {
            "children": [
                8,
                33,
                36
            ],
            "matrix": [
                0.9172786474227901,
                -0.014025654643774033,
                -0.39799904823303217,
                0,
                -0.0005131570265098778,
                0.9993374347626943,
                -0.03639975969813575,
                0,
                0.39824573250010564,
                0.0335929460471297,
                0.9166633573863707,
                0,
                13.977344512939453,
                0.000003814697265625,
                7.105427357601002e-15,
                1
            ],
            "name": "spine3"
        },
        {
            "children": [
                9
            ],
            "matrix": [
                -0.32890260219573975,
                0.9431994557380674,
                0.04687977582216259,
                0,
                0.015435545542262341,
                -0.044265767077576734,
                0.9989006493589305,
                0,
                0.9442377801718853,
                0.32926465948674044,
                3.2782554509891426e-7,
                0,
                16.125217437744148,
                5.100301742553712,
                -1.4699554443359304,
                1
            ],
            "name": "clavicle_L"
        },
        {
            "children": [
                10
            ],
            "matrix": [
                0.5803027749061583,
                -0.4824367165565491,
                -0.6561278700828556,
                0,
                -0.8133038889497931,
                -0.3014952954366078,
                -0.49763181553409713,
                0,
                0.042256393468837694,
                0.822408478893746,
                -0.5673262191884427,
                0,
                15.479469299316404,
                7.105427357601002e-15,
                0.000003814697272730427,
                1
            ],
            "name": "bicep_L"
        },
        {
            "children": [
                11
            ],
            "matrix": [
                0.5186060667037964,
                2.9802322408511994e-8,
                -0.8550133705139161,
                0,
                -4.996756729769292e-7,
                0.9999999403952943,
                -2.682209691434734e-7,
                0,
                0.8550132912250723,
                5.663303844632983e-7,
                0.5186060186113808,
                0,
                22.626279830932624,
                0.000007629394538355427,
                -0.000003814697265625,
                1
            ],
            "name": "elbow_L"
        },
        {
            "children": [
                12,
                25,
                26,
                28,
                30,
                32
            ],
            "matrix": [
                0.9802410006523135,
                0.15399551391601574,
                0.12414553761482222,
                0,
                -0.17105772972072292,
                0.9751063347909488,
                0.14109084658527807,
                0,
                -0.09932776921675462,
                -0.15953912899288086,
                0.9821815942098554,
                0,
                26.89823150634765,
                -7.105427357601002e-15,
                -0.000003814697265625,
                1
            ],
            "name": "wrist_L"
        },
        {
            "children": [
                13,
                14,
                15,
                16,
                18,
                23
            ],
            "matrix": [
                0.3722625374794009,
                -0.8292644023895264,
                0.41682308912277244,
                0,
                -0.7571416801822237,
                -0.5310815825386677,
                -0.38038096306430996,
                0,
                0.5368033131038232,
                -0.17399250460964868,
                -0.825572197890886,
                0,
                12.149984359741214,
                54.77831268310547,
                -6.827917575836181,
                1
            ],
            "name": "Tree_1"
        },
        {
            "matrix": [
                6.938893903907228e-17,
                2.7755575615628914e-17,
                -0.9999999403954457,
                0,
                0.999999821186066,
                -4.917383195374853e-7,
                5.551115123125783e-17,
                0,
                -4.917383488933433e-7,
                -0.9999998807908279,
                0,
                0,
                -13.718654632568358,
                4.061598777770995,
                -22.232122421264652,
                1
            ],
            "name": "RootB3_0"
        },
        {
            "matrix": [
                0.20745587348937997,
                -0.49001938104629517,
                0.8466657400131226,
                0,
                0.9782441296247036,
                0.10391751385280397,
                -0.17955243420712186,
                0,
                7.739093162359434e-7,
                0.8654953268278136,
                0.5009170724116223,
                0,
                24.359397888183594,
                0.39370924234390337,
                -15.290668487548828,
                1
            ],
            "name": "RootC4_0"
        },
        {
            "matrix": [
                6.938893903907228e-17,
                2.7755575615628914e-17,
                -0.9999996423722756,
                0,
                0.9999997615814208,
                -0.0000015646219255465582,
                6.938893903907228e-17,
                0,
                -0.0000015646219255370172,
                -0.9999997615815308,
                -1.3877787807814457e-17,
                0,
                16.13849639892578,
                -1.6159512996673588,
                18.686101913452145,
                1
            ],
            "name": "RootD5_0"
        },
        {
            "children": [
                17
            ],
            "matrix": [
                -0.0006138235330583452,
                0.9843944311141967,
                0.17597460746765137,
                0,
                0.315871113789692,
                -0.16677423013722614,
                0.9340297153594438,
                0,
                0.9488015738416495,
                0.0561586183972026,
                -0.3108393606452677,
                0,
                -6.785779953002928,
                94.88257598876953,
                12.690046310424801,
                1
            ],
            "name": "TrunkA6_0"
        },
        {
            "matrix": [
                0.9857655763626096,
                5.364418029230045e-7,
                -0.16812729835510262,
                0,
                -5.438705166782576e-7,
                1.0000003576277963,
                1.862645010453079e-9,
                0,
                0.1681272884765387,
                8.960331185359216e-8,
                0.9857655184428061,
                0,
                37.48178100585936,
                0.000023841857911932607,
                -0.0000152587890625,
                1
            ],
            "name": "TrunkA6_1"
        },
        {
            "children": [
                19
            ],
            "matrix": [
                -0.025925934314727866,
                0.9949969053268429,
                0.09648132324218747,
                0,
                0.30540314837113147,
                0.09978301422821083,
                -0.9469804655117156,
                0,
                -0.9518703230994764,
                0.004914349077612151,
                -0.30646231418815056,
                0,
                0.5035743713378906,
                98.45501708984375,
                -4.0121293067932156,
                1
            ],
            "name": "TrunkB7_0"
        },
        {
            "children": [
                20,
                21
            ],
            "matrix": [
                0.9965184330940242,
                -4.4703483584318526e-7,
                -0.08337576687335976,
                0,
                4.900507460381398e-7,
                1.0000002384185795,
                4.954636191323303e-7,
                0,
                0.08337571859336673,
                -5.345965491954097e-7,
                0.9965178560478909,
                0,
                38.554862976074205,
                -0.000020980834957384786,
                0.00001621246337890625,
                1
            ],
            "name": "TrunkB7_1"
        },
        {
            "matrix": [
                0.9985127449035646,
                -0.02624827623367304,
                0.04778695106506348,
                0,
                0.026218251381954355,
                0.9996554259134365,
                0.0012550205142284332,
                0,
                -0.04780342073054375,
                -2.636827369228989e-7,
                0.9988567352461714,
                0,
                39.406631469726534,
                0.000007629394534802714,
                -0.000019073486335230427,
                1
            ],
            "name": "TrunkB7_2"
        },
        {
            "children": [
                22
            ],
            "matrix": [
                0.8685244321823116,
                0.15653917193412778,
                0.47027724981307967,
                0,
                0.3846819183343212,
                0.38541349106209905,
                -0.8387349241155032,
                0,
                -0.3125459806463847,
                0.9093686767532456,
                0.27452316858043296,
                0,
                0.07391357421872158,
                5.091524124145511,
                9.544626235961907,
                1
            ],
            "name": "TrunkC8_0"
        },
        {
            "matrix": [
                0.8950492143630979,
                0.33747678995132446,
                -0.2915405035018922,
                0,
                -0.35280330383435177,
                0.9356974906797602,
                -4.610046478933927e-7,
                0,
                0.2727936304588201,
                0.10285689127884896,
                0.9565584705000433,
                0,
                51.511886596679716,
                0.000019073486335230427,
                0.000031471252444958964,
                1
            ],
            "name": "TrunkC8_1"
        },
        {
            "children": [
                24
            ],
            "matrix": [
                -0.14980271458625785,
                -0.9855757951736451,
                0.0787337049841881,
                0,
                0.9887155389852575,
                -0.14932700633155702,
                0.011928673846492314,
                0,
                4.562512366593219e-7,
                0.0796322166261005,
                0.9968240867890628,
                0,
                -14.511817932128912,
                0.07301783561706465,
                17.600040435791012,
                1
            ],
            "name": "RootA2_0"
        },
        {
            "matrix": [
                0.9157541394233703,
                -0.32655775547027605,
                0.23399715125560758,
                0,
                0.3057751561539686,
                0.944352650586019,
                0.1212442835936963,
                0,
                -0.26056903927762187,
                -0.039479431261036625,
                0.9646479055534933,
                0,
                17.286445617675778,
                0.000013351440426134786,
                0.0000095367431640625,
                1
            ],
            "name": "RootA2_1"
        },
        {
            "matrix": [
                0.4762005805969242,
                0.2206570357084275,
                -0.8512015938758853,
                0,
                -0.8770976734503094,
                0.1882307690868465,
                -0.4418929434667776,
                0,
                0.06271552262018745,
                0.9570162928466731,
                0.2831732791885891,
                0,
                3.516545295715332,
                1.8771247863769531,
                -7.379085540771486,
                1
            ],
            "name": "thumb_1_L"
        },
        {
            "children": [
                27
            ],
            "matrix": [
                0.8708322644233709,
                0.3716178536415102,
                0.32179465889930736,
                0,
                -0.46123435735215146,
                0.39124287202368907,
                0.7963616436810915,
                0,
                0.17004232777086206,
                -0.8419201145385103,
                0.5121098066871911,
                0,
                10.994626045227049,
                3.393035888671875,
                6.352972984313963,
                1
            ],
            "name": "ring_0_L"
        },
        {
            "matrix": [
                0.9701331257820128,
                1.3877787807814457e-17,
                -0.24257405102252957,
                0,
                -1.0370710207263656e-7,
                1.0000001192092867,
                -4.1475868778340086e-7,
                0,
                0.24257400631199544,
                4.275276643955772e-7,
                0.9701329469699344,
                0,
                3.080457687377928,
                4.76837158203125e-7,
                0.000003814697265625,
                1
            ],
            "name": "ring_1_L"
        },
        {
            "children": [
                29
            ],
            "matrix": [
                0.9283862709999089,
                0.3703817129135132,
                0.0302798151969908,
                0,
                -0.03231431024830994,
                0.16163273764689312,
                -0.9863220117724484,
                0,
                -0.37020972464462604,
                0.9147090442422583,
                0.16202619120623096,
                0,
                13.481508255004885,
                2.1866645812988352,
                0.02331638336181374,
                1
            ],
            "name": "mid_0_L"
        },
        {
            "matrix": [
                0.998541235923767,
                5.9604644719879474e-8,
                -0.05399145931005478,
                0,
                -1.0551652210311069e-7,
                1.0000000000000013,
                -8.475035536137376e-7,
                0,
                0.053991456769855756,
                8.519641967463798e-7,
                0.9985411889451747,
                0,
                3.90744590759277,
                0.000003814697263848643,
                0.00000762939453125,
                1
            ],
            "name": "mid_1_L"
        },
        {
            "children": [
                31
            ],
            "matrix": [
                0.7727951407432558,
                0.5163137912750245,
                -0.3690631389617922,
                0,
                0.3859156873781445,
                0.0793652915275172,
                0.919114175045698,
                0,
                0.5038419803796339,
                -0.852713973473397,
                -0.13792043963152406,
                0,
                10.812462806701664,
                1.2784080505371094,
                -5.841019630432129,
                1
            ],
            "name": "index_0_L"
        },
        {
            "matrix": [
                0.9596731662750246,
                -1.7881393432617188e-7,
                -0.2811196148395538,
                0,
                1.885104914389757e-7,
                1.000000119209283,
                7.45058070794613e-9,
                0,
                0.28111956424340945,
                -6.014410081078836e-8,
                0.9596729935522803,
                0,
                5.029127120971676,
                0.000007629394529473643,
                0,
                1
            ],
            "name": "index_1_L"
        },
        {
            "matrix": [
                0.4793471395969392,
                0.28472381830215454,
                -0.8301560878753667,
                0,
                -0.87709746658222,
                0.18823098412229336,
                -0.4418931844139075,
                0,
                0.030443572995893398,
                0.9399477374940136,
                0.3399584157489538,
                0,
                1.3725605010986328,
                0.6036453247070312,
                -3.666032791137696,
                1
            ],
            "name": "thumb_0_L"
        },
        {
            "children": [
                34
            ],
            "matrix": [
                0.9953733682632449,
                0.09103426337242124,
                -0.030736386775970626,
                0,
                -0.0910772958246871,
                0.995843888884099,
                4.5927492692923504e-9,
                0,
                0.03060864479917108,
                0.002799382551526876,
                0.9995276876271666,
                0,
                21.804733276367195,
                0.000004529953003373777,
                0.00000762939453125,
                1
            ],
            "name": "neck1"
        },
        {
            "children": [
                35
            ],
            "matrix": [
                0.6569919586181641,
                3.1627408247914044e-8,
                -0.7538975477218625,
                0,
                1.6406844810863816e-7,
                0.9999998211860606,
                1.8493103483905426e-7,
                0,
                0.7538976241849236,
                -2.451890721870203e-7,
                0.6569920252526935,
                0,
                9.263607025146477,
                -4.76836248708423e-7,
                -0.000007629394545460855,
                1
            ],
            "name": "head"
        },
        {
            "matrix": [
                0.9606959819793699,
                -4.847295187460077e-8,
                0.2776032388210296,
                0,
                5.312204879149221e-8,
                1.0000001192092882,
                -9.226049329788213e-9,
                0,
                -0.27760325048501944,
                2.3610279495461104e-8,
                0.9606960223447104,
                0,
                6.521423339843748,
                -2.2737367205510027e-13,
                0.669586181640625,
                1
            ],
            "name": "jaw0_0"
        },
        {
            "children": [
                37
            ],
            "matrix": [
                0.042322859168052715,
                0.9973416328430176,
                0.05931282415986061,
                0,
                0.002515671659189478,
                0.05925947479418572,
                -0.9982396321311322,
                0,
                -0.9991009238974049,
                0.0423975725763708,
                -9.536743122984248e-7,
                0,
                17.123470306396484,
                -5.814703941345215,
                -1.4699478149414062,
                1
            ],
            "name": "clavicle_R"
        },
        {
            "children": [
                38
            ],
            "matrix": [
                0.6121907234191896,
                -0.6242310404777528,
                -0.4853428602218629,
                0,
                -0.6435760517383469,
                -0.03676107301973397,
                -0.7644984942379978,
                0,
                0.45938221317441075,
                0.7803743475465528,
                -0.424245164393388,
                0,
                -16.866579055786133,
                0.000003814697272730427,
                -0.000003814697265625,
                1
            ],
            "name": "bicep_R"
        },
        {
            "children": [
                39
            ],
            "matrix": [
                0.7391319274902344,
                8.940696721859709e-8,
                -0.6735610961914061,
                0,
                -1.2328287377072478e-8,
                1.000000238418579,
                1.1920931608511154e-7,
                0,
                0.6735609748622121,
                -7.980752347869213e-8,
                0.7391317943496942,
                0,
                -26.82330894470216,
                0.000007629394538355427,
                0.00000762939453125,
                1
            ],
            "name": "elbow_R"
        },
        {
            "matrix": [
                0.07380022108554847,
                -0.7407224774360657,
                0.667745530605316,
                0,
                0.865681644829015,
                0.3800099655156995,
                0.325864294639081,
                0,
                -0.4951248572931375,
                0.5540060732218022,
                0.6692745282765745,
                0,
                -42.17000198364258,
                0.000003814697272730427,
                -0.000007629394533026357,
                1
            ],
            "name": "wrist_R"
        },
        {
            "children": [
                41
            ],
            "matrix": [
                0.4707197546958923,
                0.3278795778751374,
                -0.8190959095954893,
                0,
                -0.47532299599285005,
                0.8763779459353751,
                0.07764964536168897,
                0,
                0.7432973314364496,
                0.35278390340053534,
                0.5683771209135963,
                0,
                -0.6528778076171946,
                11.537029266357422,
                1.346527099609375,
                1
            ],
            "name": "thigh_L"
        },
        {
            "matrix": [
                0.7745206952095035,
                5.960464486559625e-8,
                -0.632548809051514,
                0,
                -1.9150600577555466e-8,
                1.0000003576278889,
                7.078051367237492e-8,
                0,
                0.6325485968494775,
                -4.270725351140925e-8,
                0.7745204353799553,
                0,
                16.872413635253906,
                -0.00000762939453125,
                0.000003814697269177714,
                1
            ],
            "name": "knee_L"
        },
        {
            "matrix": [
                1,
                0,
                0,
                0,
                0,
                6.123233995736766e-17,
                -1,
                0,
                0,
                1,
                6.123233995736766e-17,
                0,
                0,
                0,
                0,
                1
            ],
            "mesh": 0,
            "name": "tiny_01_model_LOD0",
            "skin": 0
        }
    ],
    "samplers": [
        {
            "magFilter": 9729,
            "minFilter": 9987,
            "wrapS": 10497,
            "wrapT": 10497
        }
    ],
    "scene": 0,
    "scenes": [
        {
            "nodes": [
                0,
                42
            ]
        }
    ],
    "skins": [
        {
            "inverseBindMatrices": 6,
            "joints": [
                34,
                6,
                7,
                35,
                33,
                10,
                9,
                26,
                11,
                27,
                28,
                29,
                31,
                30,
                25,
                2,
                1,
                3,
                4,
                0,
                5,
                40,
                41,
                37,
                38,
                8,
                36
            ]
        }
    ],
    "textures": [
        {
            "format": 6408,
            "internalFormat": 6408,
            "sampler": 0,
            "source": 0,
            "target": 3553
        }
    ]
}