{
    "animations": {},
    "asset": {},
    "attributes": {
        "attribute_1": {
            "bufferView": "bufferView_7",
            "byteOffset": 0,
            "byteStride": 12,
            "count": 2208,
            "max": [
                1,
                1,
                1
            ],
            "min": [
                0,
                0,
                0
            ],
            "type": "FLOAT_VEC3"
        },
        "attribute_2": {
            "bufferView": "bufferView_7",
            "byteOffset": 26496,
            "byteStride": 12,
            "count": 2208,
            "max": [
                1,
                1,
                1
            ],
            "min": [
                0,
                0,
                0
            ],
            "type": "FLOAT_VEC3"
        },
        "attribute_3": {
            "bufferView": "bufferView_7",
            "byteOffset": 52992,
            "byteStride": 8,
            "count": 2208,
            "max": [
                1,
                1,
                1
            ],
            "min": [
                0,
                0,
                0
            ],
            "type": "FLOAT_VEC2"
        },
        "attribute_4": {
            "bufferView": "bufferView_7",
            "byteOffset": 70656,
            "byteStride": 16,
            "count": 2208,
            "max": [
                1,
                1,
                1
            ],
            "min": [
                0,
                0,
                0
            ],
            "type": "FLOAT_VEC4"
        },
        "attribute_5": {
            "bufferView": "bufferView_7",
            "byteOffset": 105984,
            "byteStride": 12,
            "count": 2208,
            "max": [
                1,
                1,
                1
            ],
            "min": [
                0,
                0,
                0
            ],
            "type": "FLOAT_VEC3"
        }
    },
    "bufferViews": {
        "bufferView_7": {
            "buffer": "tiny_01.bin",
            "byteLength": 132480,
            "byteOffset": 0,
            "target": "ARRAY_BUFFER"
        },
        "bufferView_8": {
            "buffer": "tiny_01.bin",
            "byteLength": 25920,
            "byteOffset": 132480,
            "target": "ELEMENT_ARRAY_BUFFER"
        }
    },
    "buffers": {
        "tiny_01.bin": {
            "byteLength": 158400,
            "path": "tiny_01.bin"
        }
    },
    "cameras": {},
    "images": {
        "image_0": {
            "path": "textures/tiny_01_color.png"
        }
    },
    "indices": {
        "indices_6": {
            "bufferView": "bufferView_8",
            "byteOffset": 0,
            "count": 12960,
            "type": "UNSIGNED_SHORT"
        }
    },
    "lights": {},
    "materials": {
        "Material #35": {
            "instanceTechnique": {
                "technique": "technique_0",
                "values": [
                    {
                        "parameter": "ambient",
                        "value": [
                            0.5879999995231628,
                            0.5879999995231628,
                            0.5879999995231628
                        ]
                    },
                    {
                        "parameter": "emission",
                        "value": [
                            0,
                            0,
                            0
                        ]
                    },
                    {
                        "parameter": "diffuse",
                        "value": "Map #4"
                    },
                    {
                        "parameter": "shininess",
                        "value": 2
                    },
                    {
                        "parameter": "specular",
                        "value": [
                            0.8999999761581421,
                            0.8999999761581421,
                            0.8999999761581421
                        ]
                    }
                ]
            },
            "name": "Material #35"
        }
    },
    "meshes": {
        "tiny_01_model_LOD0-mesh": {
            "name": "tiny_01_model_LOD0-mesh",
            "primitives": [
                {
                    "indices": "indices_6",
                    "material": "Material #35",
                    "semantics": {
                        "JOINT": "attribute_4",
                        "NORMAL": "attribute_2",
                        "POSITION": "attribute_1",
                        "TEXCOORD_0": "attribute_3",
                        "WEIGHT": "attribute_5"
                    },
                    "skin": "skin_0"
                }
            ]
        }
    },
    "nodes": {
        "RootA2_0": {
            "children": [
                "RootA2_1"
            ],
            "matrix": [
                -0.14980271458625774,
                -0.9855757951736448,
                0.07873370498418807,
                0,
                0.9887155389852573,
                -0.14932700633155685,
                0.011928673846492304,
                0,
                4.5625123665758716e-7,
                0.07963221662610051,
                0.9968240867890623,
                0,
                -14.511817932128903,
                0.07301783561706587,
                17.600040435791016,
                1
            ],
            "name": "RootA2_0"
        },
        "RootA2_1": {
            "children": [],
            "matrix": [
                0.9157541394233707,
                -0.3265577554702759,
                0.2339971512556076,
                0,
                0.3057751561539689,
                0.9443526505860194,
                0.12124428359369631,
                0,
                -0.26056903927762187,
                -0.039479431261036604,
                0.9646479055534936,
                0,
                17.286445617675785,
                0.000013351440433240214,
                0.0000095367431640625,
                1
            ],
            "name": "RootA2_1"
        },
        "RootB3_0": {
            "children": [],
            "matrix": [
                6.765421556309548e-17,
                0,
                -0.9999999403954455,
                0,
                0.999999821186066,
                -4.917383194802394e-7,
                5.377642775528102e-17,
                0,
                -4.917383488456384e-7,
                -0.9999998807908277,
                0,
                0,
                -13.718654632568352,
                4.061598777770995,
                -22.23212242126464,
                1
            ],
            "name": "RootB3_0"
        },
        "RootC4_0": {
            "children": [],
            "matrix": [
                0.20745587348937997,
                -0.4900193810462951,
                0.8466657400131222,
                0,
                0.9782441296247034,
                0.103917513852804,
                -0.17955243420712183,
                0,
                7.739093161873711e-7,
                0.8654953268278137,
                0.5009170724116223,
                0,
                24.359397888183587,
                0.39370924234390203,
                -15.290668487548826,
                1
            ],
            "name": "RootC4_0"
        },
        "RootD5_0": {
            "children": [],
            "matrix": [
                5.377642775528102e-17,
                -1.3877787807814457e-17,
                -0.9999996423722752,
                0,
                0.9999997615814207,
                -0.0000015646219254372706,
                6.245004513516506e-17,
                0,
                -0.0000015646219254927818,
                -0.9999997615815305,
                0,
                0,
                16.138496398925778,
                -1.6159512996673584,
                18.68610191345215,
                1
            ],
            "name": "RootD5_0"
        },
        "Tree_1": {
            "children": [
                "RootB3_0",
                "RootC4_0",
                "RootD5_0",
                "TrunkA6_0",
                "TrunkB7_0",
                "RootA2_0"
            ],
            "matrix": [
                0.37226253747940075,
                -0.8292644023895264,
                0.41682308912277233,
                0,
                -0.7571416801822234,
                -0.5310815825386674,
                -0.3803809630643099,
                0,
                0.5368033131038228,
                -0.1739925046096487,
                -0.8255721978908858,
                0,
                12.149984359741211,
                54.77831268310547,
                -6.827917575836182,
                1
            ],
            "name": "Tree_1"
        },
        "TrunkA6_0": {
            "children": [
                "TrunkA6_1"
            ],
            "matrix": [
                -0.0006138235330583885,
                0.9843944311141964,
                0.17597460746765128,
                0,
                0.315871113789692,
                -0.16677423013722614,
                0.9340297153594435,
                0,
                0.9488015738416494,
                0.05615861839720264,
                -0.3108393606452677,
                0,
                -6.785779953002933,
                94.88257598876952,
                12.690046310424806,
                1
            ],
            "name": "TrunkA6_0"
        },
        "TrunkA6_1": {
            "children": [],
            "matrix": [
                0.9857655763626099,
                5.364418030895379e-7,
                -0.16812729835510262,
                0,
                -5.438705166782576e-7,
                1.0000003576277958,
                1.8626451006586997e-9,
                0,
                0.16812728847653863,
                8.960331185012271e-8,
                0.9857655184428058,
                0,
                37.48178100585939,
                0.000023841857903050823,
                -0.0000152587890625,
                1
            ],
            "name": "TrunkA6_1"
        },
        "TrunkB7_0": {
            "children": [
                "TrunkB7_1"
            ],
            "matrix": [
                -0.025925934314727908,
                0.9949969053268428,
                0.0964813232421875,
                0,
                0.3054031483711313,
                0.09978301422821073,
                -0.9469804655117151,
                0,
                -0.9518703230994763,
                0.004914349077612096,
                -0.30646231418815045,
                0,
                0.5035743713378835,
                98.45501708984374,
                -4.012129306793215,
                1
            ],
            "name": "TrunkB7_0"
        },
        "TrunkB7_1": {
            "children": [
                "TrunkB7_2",
                "TrunkC8_0"
            ],
            "matrix": [
                0.9965184330940243,
                -4.470348358986964e-7,
                -0.0833757668733596,
                0,
                4.90050746093651e-7,
                1.0000002384185795,
                4.95463619184372e-7,
                0,
                0.08337571859336676,
                -5.34596549105204e-7,
                0.9965178560478908,
                0,
                38.55486297607422,
                -0.000020980834964490214,
                0.00001621246337890625,
                1
            ],
            "name": "TrunkB7_1"
        },
        "TrunkB7_2": {
            "children": [],
            "matrix": [
                0.9985127449035645,
                -0.026248276233673096,
                0.04778695106506342,
                0,
                0.026218251381954355,
                0.9996554259134368,
                0.0012550205142287524,
                0,
                -0.047803420730543694,
                -2.636827369228989e-7,
                0.9988567352461715,
                0,
                39.406631469726534,
                0.000007629394527697286,
                -0.000019073486331677714,
                1
            ],
            "name": "TrunkB7_2"
        },
        "TrunkC8_0": {
            "children": [
                "TrunkC8_1"
            ],
            "matrix": [
                0.8685244321823119,
                0.15653917193412784,
                0.4702772498130799,
                0,
                0.3846819183343213,
                0.38541349106209905,
                -0.8387349241155037,
                0,
                -0.31254598064638467,
                0.9093686767532456,
                0.274523168580433,
                0,
                0.07391357421877842,
                5.091524124145508,
                9.544626235961918,
                1
            ],
            "name": "TrunkC8_0"
        },
        "TrunkC8_1": {
            "children": [],
            "matrix": [
                0.8950492143630983,
                0.3374767899513246,
                -0.29154050350189215,
                0,
                -0.35280330383435177,
                0.93569749067976,
                -4.610046479176788e-7,
                0,
                0.2727936304588201,
                0.10285689127884895,
                0.9565584705000434,
                0,
                51.51188659667969,
                0.000019073486328125,
                0.000031471252444958964,
                1
            ],
            "name": "TrunkC8_1"
        },
        "ankle_R": {
            "children": [
                "toeBase_R"
            ],
            "matrix": [
                0.14373698830604553,
                -0.5332927107810976,
                0.8336296677589418,
                0,
                -0.01692528661260283,
                0.8409289321143609,
                0.5408805335798305,
                0,
                -0.9894712452595473,
                -0.09185398718630608,
                0.1118464932240918,
                0,
                -17.546537399291992,
                0.00000762939453125,
                3.552713678800501e-15,
                1
            ],
            "name": "ankle_R"
        },
        "bicep_L": {
            "children": [
                "elbow_L"
            ],
            "matrix": [
                0.5803027749061584,
                -0.4824367165565492,
                -0.6561278700828553,
                0,
                -0.8133038889497932,
                -0.3014952954366077,
                -0.497631815534097,
                0,
                0.04225639346883783,
                0.8224084788937459,
                -0.5673262191884426,
                0,
                15.479469299316406,
                0,
                0.000003814697272730427,
                1
            ],
            "name": "bicep_L"
        },
        "bicep_R": {
            "children": [
                "elbow_R"
            ],
            "matrix": [
                0.6121907234191893,
                -0.6242310404777528,
                -0.48534286022186296,
                0,
                -0.6435760517383466,
                -0.036761073019733914,
                -0.764498494237998,
                0,
                0.4593822131744105,
                0.7803743475465524,
                -0.4242451643933878,
                0,
                -16.86657905578614,
                0.000003814697265625,
                -0.000003814697265625,
                1
            ],
            "name": "bicep_R"
        },
        "clavicle_L": {
            "children": [
                "bicep_L"
            ],
            "matrix": [
                -0.32890260219573975,
                0.9431994557380681,
                0.0468797758221626,
                0,
                0.015435545542262064,
                -0.044265767077576734,
                0.9989006493589307,
                0,
                0.9442377801718853,
                0.32926465948674055,
                3.2782554520993656e-7,
                0,
                16.125217437744144,
                5.100301742553713,
                -1.4699554443359375,
                1
            ],
            "name": "clavicle_L"
        },
        "clavicle_R": {
            "children": [
                "bicep_R"
            ],
            "matrix": [
                0.042322859168052736,
                0.997341632843018,
                0.05931282415986063,
                0,
                0.0025156716591896444,
                0.059259474794185765,
                -0.9982396321311323,
                0,
                -0.999100923897405,
                0.04239757257637086,
                -9.53674312353936e-7,
                0,
                17.123470306396495,
                -5.814703941345217,
                -1.4699478149414062,
                1
            ],
            "name": "clavicle_R"
        },
        "elbow_L": {
            "children": [
                "wrist_L"
            ],
            "matrix": [
                0.5186060667037963,
                2.9802322443206464e-8,
                -0.8550133705139159,
                0,
                -4.996756731712182e-7,
                0.9999999403952942,
                -2.6822096907408444e-7,
                0,
                0.8550132912250722,
                5.663303845049317e-7,
                0.5186060186113806,
                0,
                22.626279830932607,
                0.00000762939453125,
                -0.000003814697272730427,
                1
            ],
            "name": "elbow_L"
        },
        "elbow_R": {
            "children": [
                "wrist_R"
            ],
            "matrix": [
                0.7391319274902347,
                8.940696727410824e-8,
                -0.6735610961914064,
                0,
                -1.2328287446461417e-8,
                1.000000238418579,
                1.1920931611286711e-7,
                0,
                0.6735609748622122,
                -7.980752345093656e-8,
                0.7391317943496947,
                0,
                -26.823308944702145,
                0.000007629394538355427,
                0.000007629394524144573,
                1
            ],
            "name": "elbow_R"
        },
        "head": {
            "children": [
                "jaw0_0"
            ],
            "matrix": [
                0.6569919586181641,
                3.162740824791394e-8,
                -0.7538975477218625,
                0,
                1.640684481086382e-7,
                0.9999998211860607,
                1.8493103483905416e-7,
                0,
                0.7538976241849238,
                -2.451890721870203e-7,
                0.6569920252526934,
                0,
                9.263607025146484,
                -4.7683624870842323e-7,
                -0.00000762939453125,
                1
            ],
            "name": "head"
        },
        "index_0_L": {
            "children": [
                "index_1_L"
            ],
            "matrix": [
                0.7727951407432556,
                0.5163137912750244,
                -0.3690631389617923,
                0,
                0.3859156873781443,
                0.07936529152751712,
                0.919114175045698,
                0,
                0.5038419803796337,
                -0.8527139734733967,
                -0.1379204396315242,
                0,
                10.81246280670166,
                1.2784080505371023,
                -5.841019630432131,
                1
            ],
            "name": "index_0_L"
        },
        "index_1_L": {
            "children": [],
            "matrix": [
                0.9596731662750246,
                -1.7881393438168303e-7,
                -0.28111961483955383,
                0,
                1.885104914389757e-7,
                1.0000001192092833,
                7.450580701007237e-9,
                0,
                0.28111956424340945,
                -6.014410103283296e-8,
                0.9596729935522801,
                0,
                5.02912712097168,
                0.000007629394533026357,
                -7.105427357601002e-15,
                1
            ],
            "name": "index_1_L"
        },
        "jaw0_0": {
            "children": [],
            "matrix": [
                0.9606959819793702,
                -4.847295187460076e-8,
                0.2776032388210296,
                0,
                5.312204879149226e-8,
                1.000000119209288,
                -9.226049329788243e-9,
                0,
                -0.27760325048501927,
                2.3610279495461067e-8,
                0.9606960223447104,
                0,
                6.521423339843752,
                -2.2737367544323206e-13,
                0.669586181640625,
                1
            ],
            "name": "jaw0_0"
        },
        "knee_L": {
            "children": [],
            "matrix": [
                0.7745206952095034,
                5.9604644719879474e-8,
                -0.6325488090515139,
                0,
                -1.915060060531104e-8,
                1.0000003576278886,
                7.078051372788607e-8,
                0,
                0.6325485968494773,
                -4.270725352702176e-8,
                0.7745204353799549,
                0,
                16.872413635253906,
                -0.000007629394538355427,
                0.0000038146972709540705,
                1
            ],
            "name": "knee_L"
        },
        "knee_R": {
            "children": [
                "ankle_R"
            ],
            "matrix": [
                0.7098608016967775,
                4.097819329695884e-8,
                -0.7043418884277344,
                0,
                -8.37651997993849e-7,
                1.0000001192092107,
                -7.860360569170166e-7,
                0,
                0.704342126607194,
                0.0000011479698268333782,
                0.7098610417425733,
                0,
                -17.177207946777344,
                -0.0000019073486328125,
                -0.000003814697265625,
                1
            ],
            "name": "knee_R"
        },
        "mid_0_L": {
            "children": [
                "mid_1_L"
            ],
            "matrix": [
                0.9283862709999087,
                0.3703817129135131,
                0.030279815196990967,
                0,
                -0.03231431024830994,
                0.16163273764689307,
                -0.9863220117724485,
                0,
                -0.3702097246446258,
                0.9147090442422581,
                0.16202619120623116,
                0,
                13.481508255004888,
                2.186664581298821,
                0.02331638336181907,
                1
            ],
            "name": "mid_0_L"
        },
        "mid_1_L": {
            "children": [],
            "matrix": [
                0.9985412359237673,
                5.960464483090178e-8,
                -0.05399145931005485,
                0,
                -1.0551652207535511e-7,
                1.0000000000000018,
                -8.475035535825126e-7,
                0,
                0.05399145676985567,
                8.519641967949521e-7,
                0.9985411889451753,
                0,
                3.9074459075927734,
                0.000003814697265625,
                0.00000762939453125,
                1
            ],
            "name": "mid_1_L"
        },
        "neck1": {
            "children": [
                "head"
            ],
            "matrix": [
                0.9953733682632449,
                0.09103426337242132,
                -0.030736386775970403,
                0,
                -0.09107729582468715,
                0.9958438888840992,
                4.592749276471272e-9,
                0,
                0.030608644799170914,
                0.002799382551526869,
                0.9995276876271666,
                0,
                21.804733276367198,
                0.000004529953003373777,
                0.000007629394545460855,
                1
            ],
            "name": "neck1"
        },
        "ring_0_L": {
            "children": [
                "ring_1_L"
            ],
            "matrix": [
                0.8708322644233707,
                0.37161785364151007,
                0.3217946588993075,
                0,
                -0.46123435735215107,
                0.39124287202368907,
                0.7963616436810914,
                0,
                0.17004232777086206,
                -0.8419201145385105,
                0.5121098066871909,
                0,
                10.994626045227054,
                3.393035888671875,
                6.352972984313967,
                1
            ],
            "name": "ring_0_L"
        },
        "ring_1_L": {
            "children": [],
            "matrix": [
                0.970133125782013,
                -2.7755575615628914e-17,
                -0.2425740510225296,
                0,
                -1.0370710205875877e-7,
                1.0000001192092867,
                -4.1475868779511024e-7,
                0,
                0.24257400631199552,
                4.2752766442680223e-7,
                0.9701329469699345,
                0,
                3.080457687377928,
                4.76837158203125e-7,
                0.000003814697272730427,
                1
            ],
            "name": "ring_1_L"
        },
        "root": {
            "children": [
                "thigh_R",
                "spine1",
                "thigh_L"
            ],
            "matrix": [
                -1.629206851037603e-7,
                -1.0000000000000002,
                0,
                0,
                1.0000000000000002,
                -1.629206851037603e-7,
                0,
                0,
                0,
                0,
                1,
                0,
                4.355037212371826,
                34.02312088012695,
                33.5361442565918,
                1
            ],
            "name": "root"
        },
        "spine1": {
            "children": [
                "spine2"
            ],
            "matrix": [
                0.35028770565986633,
                -0.06635127216577529,
                0.9342890977859496,
                0,
                0.023293456719022994,
                0.9977962970345822,
                0.06212813817169138,
                0,
                -0.9363524669086243,
                9.968524938945597e-8,
                0.35106132000671775,
                0,
                1.414733886718743,
                -0.507587194442749,
                7.953704833984375,
                1
            ],
            "name": "spine1"
        },
        "spine2": {
            "children": [
                "spine3"
            ],
            "matrix": [
                0.9805083274841309,
                -0.019037924706935896,
                -0.19555240869522106,
                0,
                0.016121383856210716,
                0.9997339845297326,
                -0.01649536932008169,
                0,
                0.19581444690557043,
                0.013021272907025906,
                0.9805545178339943,
                0,
                10.349235534667972,
                -0.0000019073486328125,
                0,
                1
            ],
            "name": "spine2"
        },
        "spine3": {
            "children": [
                "clavicle_L",
                "neck1",
                "clavicle_R"
            ],
            "matrix": [
                0.9172786474227904,
                -0.014025654643774033,
                -0.39799904823303217,
                0,
                -0.0005131570265098917,
                0.9993374347626947,
                -0.036399759698135734,
                0,
                0.3982457325001059,
                0.033592946047129715,
                0.9166633573863708,
                0,
                13.977344512939453,
                0.000003814697265625,
                0,
                1
            ],
            "name": "spine3"
        },
        "thigh_L": {
            "children": [
                "knee_L"
            ],
            "matrix": [
                0.4707197546958923,
                0.32787957787513744,
                -0.8190959095954893,
                0,
                -0.47532299599285005,
                0.8763779459353751,
                0.077649645361689,
                0,
                0.7432973314364495,
                0.35278390340053545,
                0.5683771209135963,
                0,
                -0.6528778076171946,
                11.53702926635742,
                1.346527099609375,
                1
            ],
            "name": "thigh_L"
        },
        "thigh_R": {
            "children": [
                "knee_R"
            ],
            "matrix": [
                -0.48479804396629333,
                0.36894896626472484,
                0.7929991483688356,
                0,
                0.537505182087417,
                0.8409301219372735,
                -0.06264677382578177,
                0,
                -0.6899703171361035,
                0.3958701091390276,
                -0.6059932456079034,
                0,
                -1.3917884826660227,
                -11.339035034179686,
                1.1989898681640625,
                1
            ],
            "name": "thigh_R"
        },
        "thumb_0_L": {
            "children": [],
            "matrix": [
                0.479347139596939,
                0.2847238183021544,
                -0.8301560878753667,
                0,
                -0.8770974665822194,
                0.18823098412229328,
                -0.44189318441390735,
                0,
                0.030443572995893176,
                0.9399477374940133,
                0.33995841574895375,
                0,
                1.3725605010986328,
                0.6036453247070312,
                -3.6660327911376953,
                1
            ],
            "name": "thumb_0_L"
        },
        "thumb_1_L": {
            "children": [],
            "matrix": [
                0.47620058059692416,
                0.22065703570842735,
                -0.8512015938758853,
                0,
                -0.8770976734503091,
                0.18823076908684638,
                -0.4418929434667773,
                0,
                0.06271552262018748,
                0.9570162928466728,
                0.28317327918858903,
                0,
                3.5165452957153356,
                1.877124786376946,
                -7.379085540771484,
                1
            ],
            "name": "thumb_1_L"
        },
        "tiny_01_model_LOD0": {
            "children": [],
            "matrix": [
                1,
                0,
                0,
                0,
                0,
                1,
                0,
                0,
                0,
                0,
                1,
                0,
                0,
                0,
                0,
                1
            ],
            "meshes": [
                "tiny_01_model_LOD0-mesh"
            ],
            "name": "tiny_01_model_LOD0"
        },
        "toeBase_R": {
            "children": [],
            "matrix": [
                -0.9411042332649235,
                -0.1933909654617311,
                -0.27734985947608964,
                0,
                -0.18550326351775684,
                0.9811219818147394,
                -0.05466821128556221,
                0,
                0.28268630279471013,
                8.190029127225376e-7,
                -0.9592124370872843,
                0,
                -12.380115509033203,
                -0.000003814697265625,
                -0.000007152557373046875,
                1
            ],
            "name": "toeBase_R"
        },
        "wrist_L": {
            "children": [
                "Tree_1",
                "thumb_1_L",
                "ring_0_L",
                "mid_0_L",
                "index_0_L",
                "thumb_0_L"
            ],
            "matrix": [
                0.9802410006523133,
                0.15399551391601576,
                0.12414553761482239,
                0,
                -0.17105772972072286,
                0.9751063347909488,
                0.14109084658527815,
                0,
                -0.09932776921675474,
                -0.1595391289928809,
                0.9821815942098555,
                0,
                26.89823150634766,
                -7.105427357601002e-15,
                -0.000003814697265625,
                1
            ],
            "name": "wrist_L"
        },
        "wrist_R": {
            "children": [],
            "matrix": [
                0.07380022108554846,
                -0.7407224774360656,
                0.6677455306053162,
                0,
                0.8656816448290152,
                0.3800099655156995,
                0.32586429463908106,
                0,
                -0.49512485729313765,
                0.5540060732218021,
                0.6692745282765745,
                0,
                -42.17000198364257,
                0.000003814697265625,
                -0.00000762939453125,
                1
            ],
            "name": "wrist_R"
        }
    },
    "samplers": {
        "sampler_0": {
            "magFilter": "LINEAR",
            "minFilter": "LINEAR_MIPMAP_LINEAR",
            "wrapS": "REPEAT",
            "wrapT": "REPEAT"
        }
    },
    "scene": "scene_0",
    "scenes": {
        "scene_0": {
            "nodes": [
                "tiny_01_model_LOD0"
            ]
        }
    },
    "shaders": {},
    "skins": {
        "skin_0": {
            "bindShapeMatrix": [],
            "inverseBindMatrices": {},
            "joints": [
                "head",
                "spine2",
                "spine3",
                "jaw0_0",
                "neck1",
                "elbow_L",
                "bicep_L",
                "ring_0_L",
                "wrist_L",
                "ring_1_L",
                "mid_0_L",
                "mid_1_L",
                "index_1_L",
                "index_0_L",
                "thumb_1_L",
                "knee_R",
                "thigh_R",
                "ankle_R",
                "toeBase_R",
                "root",
                "spine1",
                "thigh_L",
                "knee_L",
                "bicep_R",
                "elbow_R",
                "clavicle_L",
                "clavicle_R"
            ],
            "roots": [
                "root"
            ]
        }
    },
    "techniques": {
        "technique_0": {
            "parameters": {},
            "pass": "defaultPass",
            "passes": {
                "defaultPass": {
                    "instanceProgram": {
                        "attributes": {},
                        "program": "",
                        "uniforms": {}
                    },
                    "states": {
                        "blendEnable": false,
                        "cullFaceEnable": false,
                        "depthMask": true,
                        "depthTestEnable": true
                    }
                }
            }
        }
    },
    "textures": {
        "Map #4": {
            "format": "RGBA",
            "internalFormat": "RGBA",
            "sampler": "sampler_0",
            "source": "image_0",
            "target": "TEXTURE_2D"
        }
    }
}