{
    "accessors": {
        "attrbute_1": {
            "bufferView": "bufferView_7",
            "byteOffset": 0,
            "byteStride": 12,
            "count": 2505,
            "max": [
                46.384498596191406,
                45.792667388916016,
                93.36614990234375,
                0
            ],
            "min": [
                -55.374267578125,
                -24.049909591674805,
                -3.0053234100341797,
                0
            ],
            "type": 35665
        },
        "attrbute_2": {
            "bufferView": "bufferView_7",
            "byteOffset": 30060,
            "byteStride": 12,
            "count": 2505,
            "max": [
                0.9993499517440796,
                0.9991967082023621,
                0.9994204640388489,
                0
            ],
            "min": [
                -0.9998101592063904,
                -0.999871015548706,
                -0.9983794689178467,
                0
            ],
            "type": 35665
        },
        "attrbute_3": {
            "bufferView": "bufferView_7",
            "byteOffset": 60120,
            "byteStride": 8,
            "count": 2505,
            "max": [
                0.997582733631134,
                0.9928722381591797
            ],
            "min": [
                0.0072035579942166805,
                0.001866161823272705
            ],
            "type": 35664
        },
        "attrbute_4": {
            "bufferView": "bufferView_7",
            "byteOffset": 80160,
            "byteStride": 16,
            "count": 2505,
            "max": [
                24,
                26,
                21,
                -1
            ],
            "min": [
                0,
                -1,
                -1,
                -1
            ],
            "type": 35666
        },
        "attrbute_5": {
            "bufferView": "bufferView_7",
            "byteOffset": 120240,
            "byteStride": 12,
            "count": 2505,
            "max": [
                1,
                0.9998065829277039,
                0.6959561109542847
            ],
            "min": [
                0.00019341707229614258,
                0,
                0
            ],
            "type": 35665
        },
        "indices_6": {
            "bufferView": "bufferView_9",
            "byteOffset": 0,
            "count": 12960,
            "type": 5123
        }
    },
    "animations": {},
    "asset": {},
    "bufferViews": {
        "bufferView_7": {
            "buffer": "tiny_01.bin",
            "byteLength": 150300,
            "byteOffset": 0,
            "target": 34962
        },
        "bufferView_8": {
            "buffer": "tiny_01.bin",
            "byteLength": 1728,
            "byteOffset": 150300
        },
        "bufferView_9": {
            "buffer": "tiny_01.bin",
            "byteLength": 25920,
            "byteOffset": 152028,
            "target": 34963
        }
    },
    "buffers": {
        "tiny_01.bin": {
            "byteLength": 177948,
            "path": "tiny_01.bin"
        }
    },
    "cameras": {},
    "images": {
        "image_0": {
            "path": "textures/tiny_01_color.png"
        }
    },
    "lights": {},
    "materials": {
        "Material #35": {
            "instanceTechnique": {
                "technique": "technique_0",
                "values": {
                    "ambient": [
                        0.5879999995231628,
                        0.5879999995231628,
                        0.5879999995231628
                    ],
                    "diffuse": "Map #4",
                    "emission": [
                        0,
                        0,
                        0
                    ],
                    "shininess": 2,
                    "specular": [
                        0.8999999761581421,
                        0.8999999761581421,
                        0.8999999761581421
                    ],
                    "transparency": 1
                }
            },
            "name": "Material #35"
        }
    },
    "meshes": {
        "tiny_01_model_LOD0-mesh": {
            "name": "tiny_01_model_LOD0-mesh",
            "primitives": [
                {
                    "attributes": {
                        "JOINT": "attrbute_4",
                        "NORMAL": "attrbute_2",
                        "POSITION": "attrbute_1",
                        "TEXCOORD_0": "attrbute_3",
                        "WEIGHT": "attrbute_5"
                    },
                    "indices": "indices_6",
                    "material": "Material #35"
                }
            ]
        }
    },
    "nodes": {
        "RootA2_0": {
            "children": [
                "RootA2_1"
            ],
            "jointId": "RootA2_0",
            "matrix": [
                -0.14980271458625774,
                -0.9855757951736449,
                0.07873370498418808,
                0,
                0.9887155389852574,
                -0.14932700633155702,
                0.011928673846492304,
                0,
                4.562512366636587e-7,
                0.07963221662610051,
                0.9968240867890625,
                0,
                -14.511817932128908,
                0.07301783561706587,
                17.60004043579102,
                1
            ],
            "name": "RootA2_0"
        },
        "RootA2_1": {
            "children": [],
            "jointId": "RootA2_1",
            "matrix": [
                0.9157541394233703,
                -0.32655775547027577,
                0.23399715125560755,
                0,
                0.3057751561539687,
                0.9443526505860194,
                0.12124428359369631,
                0,
                -0.2605690392776218,
                -0.039479431261036625,
                0.9646479055534934,
                0,
                17.28644561767578,
                0.000013351440433240214,
                0.000009536743167615214,
                1
            ],
            "name": "RootA2_1"
        },
        "RootB3_0": {
            "children": [],
            "jointId": "RootB3_0",
            "matrix": [
                5.0306980803327406e-17,
                1.3877787807814457e-17,
                -0.9999999403954457,
                0,
                0.9999998211860661,
                -4.917383194802394e-7,
                4.163336342344337e-17,
                0,
                -4.917383488456384e-7,
                -0.999999880790828,
                1.3877787807814457e-17,
                0,
                -13.718654632568361,
                4.061598777770996,
                -22.232122421264652,
                1
            ],
            "name": "RootB3_0"
        },
        "RootC4_0": {
            "children": [],
            "jointId": "RootC4_0",
            "matrix": [
                0.20745587348938005,
                -0.4900193810462953,
                0.8466657400131227,
                0,
                0.9782441296247033,
                0.10391751385280398,
                -0.17955243420712177,
                0,
                7.739093161873711e-7,
                0.8654953268278137,
                0.5009170724116222,
                0,
                24.359397888183594,
                0.3937092423439029,
                -15.290668487548832,
                1
            ],
            "name": "RootC4_0"
        },
        "RootD5_0": {
            "children": [],
            "jointId": "RootD5_0",
            "matrix": [
                5.204170427930421e-17,
                0,
                -0.9999996423722755,
                0,
                0.9999997615814209,
                -0.0000015646219254650262,
                5.204170427930421e-17,
                0,
                -0.0000015646219254650262,
                -0.9999997615815307,
                0,
                0,
                16.13849639892578,
                -1.615951299667358,
                18.68610191345215,
                1
            ],
            "name": "RootD5_0"
        },
        "Tree_1": {
            "children": [
                "RootB3_0",
                "RootC4_0",
                "RootD5_0",
                "TrunkA6_0",
                "TrunkB7_0",
                "RootA2_0"
            ],
            "jointId": "Tree_1",
            "matrix": [
                0.37226253747940063,
                -0.8292644023895264,
                0.41682308912277233,
                0,
                -0.7571416801822233,
                -0.5310815825386674,
                -0.3803809630643098,
                0,
                0.536803313103823,
                -0.17399250460964882,
                -0.825572197890886,
                0,
                12.14998435974121,
                54.77831268310548,
                -6.827917575836182,
                1
            ],
            "name": "Tree_1"
        },
        "TrunkA6_0": {
            "children": [
                "TrunkA6_1"
            ],
            "jointId": "TrunkA6_0",
            "matrix": [
                -0.0006138235330583885,
                0.9843944311141967,
                0.1759746074676513,
                0,
                0.315871113789692,
                -0.16677423013722617,
                0.9340297153594435,
                0,
                0.9488015738416495,
                0.05615861839720265,
                -0.31083936064526757,
                0,
                -6.7857799530029315,
                94.88257598876955,
                12.690046310424805,
                1
            ],
            "name": "TrunkA6_0"
        },
        "TrunkA6_1": {
            "children": [],
            "jointId": "TrunkA6_1",
            "matrix": [
                0.9857655763626099,
                5.364418030340268e-7,
                -0.1681272983551026,
                0,
                -5.438705166782576e-7,
                1.000000357627796,
                1.8626452012726613e-9,
                0,
                0.16812728847653868,
                8.960331179114212e-8,
                0.9857655184428062,
                0,
                37.4817810058594,
                0.00002384185791548532,
                -0.000015258789058947286,
                1
            ],
            "name": "TrunkA6_1"
        },
        "TrunkB7_0": {
            "children": [
                "TrunkB7_1"
            ],
            "jointId": "TrunkB7_0",
            "matrix": [
                -0.025925934314727922,
                0.9949969053268432,
                0.09648132324218749,
                0,
                0.3054031483711313,
                0.09978301422821079,
                -0.9469804655117153,
                0,
                -0.9518703230994763,
                0.004914349077612151,
                -0.30646231418815045,
                0,
                0.5035743713378888,
                98.45501708984374,
                -4.012129306793212,
                1
            ],
            "name": "TrunkB7_0"
        },
        "TrunkB7_1": {
            "children": [
                "TrunkB7_2",
                "TrunkC8_0"
            ],
            "jointId": "TrunkB7_1",
            "matrix": [
                0.9965184330940247,
                -4.470348357876741e-7,
                -0.08337576687335971,
                0,
                4.900507460658954e-7,
                1.0000002384185798,
                4.954636190768191e-7,
                0,
                0.08337571859336682,
                -5.345965490635707e-7,
                0.996517856047891,
                0,
                38.55486297607423,
                -0.0000209808349609375,
                0.000016212463380682607,
                1
            ],
            "name": "TrunkB7_1"
        },
        "TrunkB7_2": {
            "children": [],
            "jointId": "TrunkB7_2",
            "matrix": [
                0.9985127449035642,
                -0.02624827623367318,
                0.047786951065063504,
                0,
                0.0262182513819543,
                0.9996554259134368,
                0.0012550205142286205,
                0,
                -0.047803420730543805,
                -2.636827367459571e-7,
                0.9988567352461715,
                0,
                39.406631469726534,
                0.00000762939453125,
                -0.000019073486328125,
                1
            ],
            "name": "TrunkB7_2"
        },
        "TrunkC8_0": {
            "children": [
                "TrunkC8_1"
            ],
            "jointId": "TrunkC8_0",
            "matrix": [
                0.8685244321823118,
                0.1565391719341278,
                0.47027724981307995,
                0,
                0.3846819183343213,
                0.38541349106209905,
                -0.8387349241155037,
                0,
                -0.3125459806463847,
                0.9093686767532458,
                0.27452316858043285,
                0,
                0.07391357421872158,
                5.091524124145508,
                9.544626235961914,
                1
            ],
            "name": "TrunkC8_0"
        },
        "TrunkC8_1": {
            "children": [],
            "jointId": "TrunkC8_1",
            "matrix": [
                0.895049214363098,
                0.33747678995132446,
                -0.2915405035018922,
                0,
                -0.35280330383435166,
                0.9356974906797598,
                -4.610046479020663e-7,
                0,
                0.27279363045882016,
                0.10285689127884892,
                0.9565584705000436,
                0,
                51.511886596679716,
                0.000019073486328125,
                0.00003147125244318261,
                1
            ],
            "name": "TrunkC8_1"
        },
        "ankle_R": {
            "children": [
                "toeBase_R"
            ],
            "jointId": "ankle_R",
            "matrix": [
                0.14373698830604548,
                -0.5332927107810977,
                0.8336296677589418,
                0,
                -0.016925286612602827,
                0.840928932114361,
                0.5408805335798306,
                0,
                -0.9894712452595473,
                -0.09185398718630614,
                0.11184649322409189,
                0,
                -17.546537399291992,
                0.000007629394534802714,
                0,
                1
            ],
            "name": "ankle_R"
        },
        "bicep_L": {
            "children": [
                "elbow_L"
            ],
            "jointId": "bicep_L",
            "matrix": [
                0.5803027749061587,
                -0.4824367165565493,
                -0.6561278700828554,
                0,
                -0.8133038889497932,
                -0.3014952954366077,
                -0.49763181553409697,
                0,
                0.04225639346883774,
                0.822408478893746,
                -0.5673262191884426,
                0,
                15.479469299316403,
                7.105427357601002e-15,
                0.000003814697265625,
                1
            ],
            "name": "bicep_L"
        },
        "bicep_R": {
            "children": [
                "elbow_R"
            ],
            "jointId": "bicep_R",
            "matrix": [
                0.6121907234191893,
                -0.6242310404777528,
                -0.48534286022186285,
                0,
                -0.6435760517383469,
                -0.036761073019733914,
                -0.764498494237998,
                0,
                0.4593822131744107,
                0.7803743475465523,
                -0.42424516439338755,
                0,
                -16.86657905578614,
                0.000003814697272730427,
                -0.000003814697265625,
                1
            ],
            "name": "bicep_R"
        },
        "clavicle_L": {
            "children": [
                "bicep_L"
            ],
            "jointId": "clavicle_L",
            "matrix": [
                -0.32890260219573975,
                0.9431994557380682,
                0.04687977582216259,
                0,
                0.015435545542262119,
                -0.044265767077576755,
                0.9989006493589304,
                0,
                0.9442377801718849,
                0.32926465948674055,
                3.278255452654477e-7,
                0,
                16.12521743774414,
                5.100301742553711,
                -1.4699554443359375,
                1
            ],
            "name": "clavicle_L"
        },
        "clavicle_R": {
            "children": [
                "bicep_R"
            ],
            "jointId": "clavicle_R",
            "matrix": [
                0.042322859168052736,
                0.9973416328430179,
                0.05931282415986061,
                0,
                0.0025156716591897554,
                0.05925947479418577,
                -0.9982396321311316,
                0,
                -0.9991009238974048,
                0.04239757257637082,
                -9.536743124649583e-7,
                0,
                17.123470306396477,
                -5.814703941345217,
                -1.4699478149414062,
                1
            ],
            "name": "clavicle_R"
        },
        "elbow_L": {
            "children": [
                "wrist_L"
            ],
            "jointId": "elbow_L",
            "matrix": [
                0.518606066703796,
                2.9802322443206464e-8,
                -0.855013370513916,
                0,
                -4.996756731712182e-7,
                0.9999999403952942,
                -2.6822096904632886e-7,
                0,
                0.8550132912250724,
                5.663303844216649e-7,
                0.5186060186113808,
                0,
                22.626279830932617,
                0.00000762939453125,
                -0.000003814697265625,
                1
            ],
            "name": "elbow_L"
        },
        "elbow_R": {
            "children": [
                "wrist_R"
            ],
            "jointId": "elbow_R",
            "matrix": [
                0.7391319274902347,
                8.940696716308594e-8,
                -0.6735610961914062,
                0,
                -1.2328287446461417e-8,
                1.000000238418579,
                1.192093160018448e-7,
                0,
                0.6735609748622123,
                -7.98075233954254e-8,
                0.7391317943496943,
                0,
                -26.823308944702156,
                0.00000762939453125,
                0.00000762939453125,
                1
            ],
            "name": "elbow_R"
        },
        "head": {
            "children": [
                "jaw0_0"
            ],
            "jointId": "head",
            "matrix": [
                0.6569919586181641,
                3.1627408247914e-8,
                -0.7538975477218627,
                0,
                1.640684481086382e-7,
                0.9999998211860607,
                1.849310348390542e-7,
                0,
                0.7538976241849236,
                -2.451890721870203e-7,
                0.6569920252526935,
                0,
                9.263607025146477,
                -4.7683624870841984e-7,
                -0.000007629394517039145,
                1
            ],
            "name": "head"
        },
        "index_0_L": {
            "children": [
                "index_1_L"
            ],
            "jointId": "index_0_L",
            "matrix": [
                0.7727951407432556,
                0.5163137912750245,
                -0.3690631389617922,
                0,
                0.38591568737814436,
                0.07936529152751709,
                0.9191141750456983,
                0,
                0.5038419803796337,
                -0.8527139734733972,
                -0.13792043963152412,
                0,
                10.81246280670166,
                1.2784080505371094,
                -5.841019630432131,
                1
            ],
            "name": "index_0_L"
        },
        "index_1_L": {
            "children": [],
            "jointId": "index_1_L",
            "matrix": [
                0.9596731662750246,
                -1.7881393427066072e-7,
                -0.28111961483955394,
                0,
                1.885104913279534e-7,
                1.0000001192092831,
                7.450580576107146e-9,
                0,
                0.28111956424340956,
                -6.014410103283296e-8,
                0.9596729935522803,
                0,
                5.02912712097168,
                0.000007629394533026357,
                7.105427357601002e-15,
                1
            ],
            "name": "index_1_L"
        },
        "jaw0_0": {
            "children": [],
            "jointId": "jaw0_0",
            "matrix": [
                0.9606959819793701,
                -4.847295187460076e-8,
                0.2776032388210295,
                0,
                5.312204879149225e-8,
                1.000000119209288,
                -9.22604932978825e-9,
                0,
                -0.2776032504850193,
                2.3610279495461084e-8,
                0.9606960223447103,
                0,
                6.521423339843748,
                -2.2737367544323206e-13,
                0.669586181640625,
                1
            ],
            "name": "jaw0_0"
        },
        "knee_L": {
            "children": [],
            "jointId": "knee_L",
            "matrix": [
                0.7745206952095034,
                5.9604644719879474e-8,
                -0.6325488090515139,
                0,
                -1.915060060531104e-8,
                1.0000003576278886,
                7.078051372788607e-8,
                0,
                0.6325485968494773,
                -4.270725352702176e-8,
                0.7745204353799549,
                0,
                16.872413635253906,
                -0.000007629394538355427,
                0.0000038146972709540705,
                1
            ],
            "name": "knee_L"
        },
        "knee_R": {
            "children": [
                "ankle_R"
            ],
            "jointId": "knee_R",
            "matrix": [
                0.7098608016967773,
                4.0978193283081055e-8,
                -0.704341888427734,
                0,
                -8.376519980493602e-7,
                1.0000001192092107,
                -7.860360568753832e-7,
                0,
                0.704342126607194,
                0.0000011479698265506183,
                0.7098610417425731,
                0,
                -17.177207946777344,
                -0.0000019073486328125,
                -0.000003814697265625,
                1
            ],
            "name": "knee_R"
        },
        "mid_0_L": {
            "children": [
                "mid_1_L"
            ],
            "jointId": "mid_0_L",
            "matrix": [
                0.9283862709999086,
                0.3703817129135131,
                0.030279815196990967,
                0,
                -0.03231431024830994,
                0.16163273764689315,
                -0.9863220117724484,
                0,
                -0.3702097246446258,
                0.9147090442422583,
                0.16202619120623118,
                0,
                13.481508255004886,
                2.186664581298828,
                0.023316383361817294,
                1
            ],
            "name": "mid_0_L"
        },
        "mid_1_L": {
            "children": [],
            "jointId": "mid_1_L",
            "matrix": [
                0.9985412359237671,
                5.9604644719879474e-8,
                -0.05399145931005481,
                0,
                -1.0551652218637741e-7,
                1.0000000000000013,
                -8.475035534749598e-7,
                0,
                0.05399145676985574,
                8.519641967463798e-7,
                0.9985411889451745,
                0,
                3.907445907592777,
                0.000003814697267401357,
                0.00000762939453125,
                1
            ],
            "name": "mid_1_L"
        },
        "neck1": {
            "children": [
                "head"
            ],
            "jointId": "neck1",
            "matrix": [
                0.9953733682632445,
                0.09103426337242126,
                -0.030736386775970403,
                0,
                -0.09107729582468714,
                0.9958438888840991,
                4.59274927240067e-9,
                0,
                0.03060864479917086,
                0.002799382551526862,
                0.9995276876271666,
                0,
                21.804733276367188,
                0.000004529953003373777,
                0.000007629394545460855,
                1
            ],
            "name": "neck1"
        },
        "ring_0_L": {
            "children": [
                "ring_1_L"
            ],
            "jointId": "ring_0_L",
            "matrix": [
                0.8708322644233705,
                0.37161785364151007,
                0.3217946588993075,
                0,
                -0.4612343573521513,
                0.39124287202368907,
                0.7963616436810916,
                0,
                0.1700423277708619,
                -0.8419201145385105,
                0.5121098066871911,
                0,
                10.99462604522705,
                3.393035888671875,
                6.352972984313965,
                1
            ],
            "name": "ring_0_L"
        },
        "ring_1_L": {
            "children": [],
            "jointId": "ring_1_L",
            "matrix": [
                0.9701331257820126,
                -6.938893903907228e-18,
                -0.24257405102252952,
                0,
                -1.0370710207957545e-7,
                1.0000001192092869,
                -4.1475868780486806e-7,
                0,
                0.24257400631199544,
                4.2752766439210776e-7,
                0.9701329469699344,
                0,
                3.0804576873779297,
                4.768371588692588e-7,
                0.0000038146972585195726,
                1
            ],
            "name": "ring_1_L"
        },
        "root": {
            "children": [
                "thigh_R",
                "spine1",
                "thigh_L"
            ],
            "jointId": "root",
            "matrix": [
                -1.629206851037603e-7,
                -1.0000000000000002,
                0,
                0,
                1.0000000000000002,
                -1.629206851037603e-7,
                0,
                0,
                0,
                0,
                1,
                0,
                4.355037212371826,
                34.02312088012695,
                33.5361442565918,
                1
            ],
            "name": "root"
        },
        "spine1": {
            "children": [
                "spine2"
            ],
            "jointId": "spine1",
            "matrix": [
                0.35028770565986633,
                -0.06635127216577529,
                0.9342890977859496,
                0,
                0.023293456719022994,
                0.9977962970345822,
                0.06212813817169138,
                0,
                -0.9363524669086243,
                9.968524938945597e-8,
                0.35106132000671775,
                0,
                1.414733886718743,
                -0.507587194442749,
                7.953704833984375,
                1
            ],
            "name": "spine1"
        },
        "spine2": {
            "children": [
                "spine3"
            ],
            "jointId": "spine2",
            "matrix": [
                0.9805083274841309,
                -0.019037924706935883,
                -0.19555240869522095,
                0,
                0.01612138385621071,
                0.9997339845297325,
                -0.016495369320081676,
                0,
                0.19581444690557043,
                0.013021272907025913,
                0.9805545178339943,
                0,
                10.349235534667972,
                -0.0000019073486328125,
                0,
                1
            ],
            "name": "spine2"
        },
        "spine3": {
            "children": [
                "clavicle_L",
                "neck1",
                "clavicle_R"
            ],
            "jointId": "spine3",
            "matrix": [
                0.9172786474227907,
                -0.014025654643774026,
                -0.3979990482330322,
                0,
                -0.0005131570265098917,
                0.9993374347626945,
                -0.036399759698135734,
                0,
                0.39824573250010586,
                0.03359294604712973,
                0.916663357386371,
                0,
                13.97734451293945,
                0.000003814697265625,
                -7.105427357601002e-15,
                1
            ],
            "name": "spine3"
        },
        "thigh_L": {
            "children": [
                "knee_L"
            ],
            "jointId": "thigh_L",
            "matrix": [
                0.4707197546958923,
                0.32787957787513744,
                -0.8190959095954893,
                0,
                -0.47532299599285005,
                0.8763779459353751,
                0.077649645361689,
                0,
                0.7432973314364495,
                0.35278390340053545,
                0.5683771209135963,
                0,
                -0.6528778076171946,
                11.53702926635742,
                1.346527099609375,
                1
            ],
            "name": "thigh_L"
        },
        "thigh_R": {
            "children": [
                "knee_R"
            ],
            "jointId": "thigh_R",
            "matrix": [
                -0.48479804396629333,
                0.36894896626472484,
                0.7929991483688356,
                0,
                0.537505182087417,
                0.8409301219372735,
                -0.06264677382578177,
                0,
                -0.6899703171361035,
                0.3958701091390276,
                -0.6059932456079034,
                0,
                -1.3917884826660227,
                -11.339035034179686,
                1.1989898681640625,
                1
            ],
            "name": "thigh_R"
        },
        "thumb_0_L": {
            "children": [],
            "jointId": "thumb_0_L",
            "matrix": [
                0.4793471395969389,
                0.28472381830215465,
                -0.8301560878753667,
                0,
                -0.8770974665822194,
                0.18823098412229328,
                -0.4418931844139074,
                0,
                0.030443572995893287,
                0.9399477374940135,
                0.3399584157489539,
                0,
                1.3725605010986328,
                0.6036453247070312,
                -3.6660327911376953,
                1
            ],
            "name": "thumb_0_L"
        },
        "thumb_1_L": {
            "children": [],
            "jointId": "thumb_1_L",
            "matrix": [
                0.47620058059692405,
                0.22065703570842746,
                -0.8512015938758852,
                0,
                -0.8770976734503091,
                0.18823076908684644,
                -0.44189294346677743,
                0,
                0.06271552262018748,
                0.9570162928466732,
                0.2831732791885892,
                0,
                3.5165452957153303,
                1.8771247863769531,
                -7.379085540771484,
                1
            ],
            "name": "thumb_1_L"
        },
        "tiny_01_model_LOD0": {
            "children": [],
            "instanceSkin": {
                "skeletons": [
                    "root"
                ],
                "skin": "skin_0",
                "sources": [
                    "tiny_01_model_LOD0-mesh"
                ]
            },
            "matrix": [
                1,
                0,
                0,
                0,
                0,
                1,
                0,
                0,
                0,
                0,
                1,
                0,
                0,
                0,
                0,
                1
            ],
            "name": "tiny_01_model_LOD0"
        },
        "toeBase_R": {
            "children": [],
            "jointId": "toeBase_R",
            "matrix": [
                -0.9411042332649232,
                -0.1933909654617311,
                -0.2773498594760896,
                0,
                -0.1855032635177568,
                0.9811219818147393,
                -0.0546682112855622,
                0,
                0.2826863027947101,
                8.190029127222494e-7,
                -0.9592124370872841,
                0,
                -12.380115509033203,
                -0.000003814697265625,
                -0.000007152557373046875,
                1
            ],
            "name": "toeBase_R"
        },
        "wrist_L": {
            "children": [
                "Tree_1",
                "thumb_1_L",
                "ring_0_L",
                "mid_0_L",
                "index_0_L",
                "thumb_0_L"
            ],
            "jointId": "wrist_L",
            "matrix": [
                0.9802410006523131,
                0.15399551391601562,
                0.12414553761482255,
                0,
                -0.1710577297207228,
                0.9751063347909483,
                0.141090846585278,
                0,
                -0.09932776921675462,
                -0.15953912899288084,
                0.9821815942098547,
                0,
                26.89823150634765,
                -7.105427357601002e-15,
                -0.000003814697265625,
                1
            ],
            "name": "wrist_L"
        },
        "wrist_R": {
            "children": [],
            "jointId": "wrist_R",
            "matrix": [
                0.07380022108554851,
                -0.7407224774360658,
                0.6677455306053162,
                0,
                0.8656816448290149,
                0.3800099655156993,
                0.325864294639081,
                0,
                -0.4951248572931376,
                0.5540060732218023,
                0.6692745282765746,
                0,
                -42.17000198364258,
                0.000003814697265625,
                -0.00000762939453125,
                1
            ],
            "name": "wrist_R"
        }
    },
    "samplers": {
        "sampler_0": {
            "magFilter": 9729,
            "minFilter": 9987,
            "wrapS": 10497,
            "wrapT": 10497
        }
    },
    "scene": "scene_0",
    "scenes": {
        "scene_0": {
            "nodes": [
                "root",
                "tiny_01_model_LOD0"
            ]
        }
    },
    "shaders": {},
    "skins": {
        "skin_0": {
            "bindShapeMatrix": [
                1,
                0,
                0,
                0,
                0,
                1,
                0,
                0,
                0,
                0,
                1,
                0,
                0,
                0,
                0,
                1
            ],
            "inverseBindMatrices": {
                "bufferView": "bufferView_8",
                "byteOffset": 0,
                "count": 27,
                "type": 5126
            },
            "joints": [
                "head",
                "spine2",
                "spine3",
                "jaw0_0",
                "neck1",
                "elbow_L",
                "bicep_L",
                "ring_0_L",
                "wrist_L",
                "ring_1_L",
                "mid_0_L",
                "mid_1_L",
                "index_1_L",
                "index_0_L",
                "thumb_1_L",
                "knee_R",
                "thigh_R",
                "ankle_R",
                "toeBase_R",
                "root",
                "spine1",
                "thigh_L",
                "knee_L",
                "bicep_R",
                "elbow_R",
                "clavicle_L",
                "clavicle_R"
            ]
        }
    },
    "techniques": {
        "technique_0": {
            "parameters": {},
            "pass": "defaultPass",
            "passes": {
                "defaultPass": {
                    "instanceProgram": {
                        "attributes": {},
                        "program": "",
                        "uniforms": {}
                    },
                    "states": {
                        "blendEnable": false,
                        "cullFaceEnable": false,
                        "depthMask": true,
                        "depthTestEnable": true
                    }
                }
            }
        }
    },
    "textures": {
        "Map #4": {
            "format": 6408,
            "internalFormat": 6408,
            "sampler": "sampler_0",
            "source": "image_0",
            "target": 3553
        }
    }
}