{
    "accessors": {
        "attrbute_1": {
            "bufferView": "bufferView_31",
            "byteOffset": 0,
            "byteStride": 12,
            "count": 3245,
            "max": [
                105.07731628417969,
                42.87800979614258,
                197.21041870117188,
                0
            ],
            "min": [
                -101.70532989501953,
                -78.11140441894531,
                -0.6005355715751648,
                0
            ],
            "type": 35665
        },
        "attrbute_10": {
            "bufferView": "bufferView_31",
            "byteOffset": 213356,
            "byteStride": 16,
            "count": 583,
            "max": [
                4,
                7,
                7,
                -1
            ],
            "min": [
                0,
                -1,
                -1,
                -1
            ],
            "type": 35666
        },
        "attrbute_11": {
            "bufferView": "bufferView_31",
            "byteOffset": 222684,
            "byteStride": 12,
            "count": 583,
            "max": [
                1,
                0.9615246057510376,
                0.99080890417099
            ],
            "min": [
                0.0019589022267609835,
                0,
                0
            ],
            "type": 35665
        },
        "attrbute_13": {
            "bufferView": "bufferView_31",
            "byteOffset": 229680,
            "byteStride": 12,
            "count": 464,
            "max": [
                37.532161712646484,
                -1.0209676027297974,
                177.9234619140625,
                0
            ],
            "min": [
                -37.53214645385742,
                -75.57343292236328,
                111.23603820800781,
                0
            ],
            "type": 35665
        },
        "attrbute_14": {
            "bufferView": "bufferView_31",
            "byteOffset": 235248,
            "byteStride": 12,
            "count": 464,
            "max": [
                0.9946160316467285,
                0.9999021887779236,
                0.9998695850372314,
                0
            ],
            "min": [
                -0.9946160316467285,
                -0.9810587167739868,
                -0.9975762963294983,
                0
            ],
            "type": 35665
        },
        "attrbute_15": {
            "bufferView": "bufferView_31",
            "byteOffset": 240816,
            "byteStride": 8,
            "count": 464,
            "max": [
                1.9786429405212402,
                0.9810029864311218
            ],
            "min": [
                0.028063999488949776,
                0.02675497531890869
            ],
            "type": 35664
        },
        "attrbute_16": {
            "bufferView": "bufferView_31",
            "byteOffset": 244528,
            "byteStride": 16,
            "count": 464,
            "max": [
                2,
                5,
                5,
                -1
            ],
            "min": [
                0,
                -1,
                -1,
                -1
            ],
            "type": 35666
        },
        "attrbute_17": {
            "bufferView": "bufferView_31",
            "byteOffset": 251952,
            "byteStride": 12,
            "count": 464,
            "max": [
                1,
                0.8074986934661865,
                0.788895308971405
            ],
            "min": [
                0.09799421578645706,
                0,
                0
            ],
            "type": 35665
        },
        "attrbute_19": {
            "bufferView": "bufferView_31",
            "byteOffset": 257520,
            "byteStride": 12,
            "count": 404,
            "max": [
                68.44863891601562,
                58.46449661254883,
                183.27862548828125,
                0
            ],
            "min": [
                -68.44866180419922,
                -24.863582611083984,
                99.70154571533203,
                0
            ],
            "type": 35665
        },
        "attrbute_2": {
            "bufferView": "bufferView_31",
            "byteOffset": 38940,
            "byteStride": 12,
            "count": 3245,
            "max": [
                0.9995193481445312,
                0.9998695850372314,
                0.9999690651893616,
                0
            ],
            "min": [
                -0.9995193481445312,
                -0.9998893141746521,
                -0.9994138479232788,
                0
            ],
            "type": 35665
        },
        "attrbute_20": {
            "bufferView": "bufferView_31",
            "byteOffset": 262368,
            "byteStride": 12,
            "count": 404,
            "max": [
                0.8644067049026489,
                0.998615026473999,
                0.9988768100738525,
                0
            ],
            "min": [
                -0.8644065856933594,
                -0.8400730490684509,
                -0.2702409327030182,
                0
            ],
            "type": 35665
        },
        "attrbute_21": {
            "bufferView": "bufferView_31",
            "byteOffset": 267216,
            "byteStride": 8,
            "count": 404,
            "max": [
                0.9958310127258301,
                0.9801729917526245
            ],
            "min": [
                0.004838999826461077,
                -0.0025730133056640625
            ],
            "type": 35664
        },
        "attrbute_22": {
            "bufferView": "bufferView_31",
            "byteOffset": 270448,
            "byteStride": 16,
            "count": 404,
            "max": [
                10,
                11,
                12,
                -1
            ],
            "min": [
                0,
                -1,
                -1,
                -1
            ],
            "type": 35666
        },
        "attrbute_23": {
            "bufferView": "bufferView_31",
            "byteOffset": 276912,
            "byteStride": 12,
            "count": 404,
            "max": [
                1,
                0.9998621940612793,
                0.9955590963363647
            ],
            "min": [
                0.00012146932567702606,
                0,
                0
            ],
            "type": 35665
        },
        "attrbute_25": {
            "bufferView": "bufferView_31",
            "byteOffset": 281760,
            "byteStride": 12,
            "count": 450,
            "max": [
                106.67631530761719,
                44.71070098876953,
                120.164794921875,
                0
            ],
            "min": [
                -106.90221405029297,
                -15.29738998413086,
                43.72186279296875,
                0
            ],
            "type": 35665
        },
        "attrbute_26": {
            "bufferView": "bufferView_31",
            "byteOffset": 287160,
            "byteStride": 12,
            "count": 450,
            "max": [
                0.9934260845184326,
                0.9916282296180725,
                0.9990013837814331,
                0
            ],
            "min": [
                -0.9952977895736694,
                -0.9916101098060608,
                -0.9987896680831909,
                0
            ],
            "type": 35665
        },
        "attrbute_27": {
            "bufferView": "bufferView_31",
            "byteOffset": 292560,
            "byteStride": 8,
            "count": 450,
            "max": [
                0.9906659722328186,
                0.983027994632721
            ],
            "min": [
                0.017805999144911766,
                0.020735979080200195
            ],
            "type": 35664
        },
        "attrbute_28": {
            "bufferView": "bufferView_31",
            "byteOffset": 296160,
            "byteStride": 16,
            "count": 450,
            "max": [
                9,
                10,
                10,
                -1
            ],
            "min": [
                0,
                -1,
                -1,
                -1
            ],
            "type": 35666
        },
        "attrbute_29": {
            "bufferView": "bufferView_31",
            "byteOffset": 303360,
            "byteStride": 12,
            "count": 450,
            "max": [
                1,
                0.999745786190033,
                0.374729722738266
            ],
            "min": [
                0.00025423651095479727,
                0,
                0
            ],
            "type": 35665
        },
        "attrbute_3": {
            "bufferView": "bufferView_31",
            "byteOffset": 77880,
            "byteStride": 8,
            "count": 3245,
            "max": [
                1.992475986480713,
                0.9967510104179382
            ],
            "min": [
                0.0039090001955628395,
                0.012488007545471191
            ],
            "type": 35664
        },
        "attrbute_4": {
            "bufferView": "bufferView_31",
            "byteOffset": 103840,
            "byteStride": 16,
            "count": 3245,
            "max": [
                39,
                38,
                39,
                -1
            ],
            "min": [
                0,
                -1,
                -1,
                -1
            ],
            "type": 35666
        },
        "attrbute_5": {
            "bufferView": "bufferView_31",
            "byteOffset": 155760,
            "byteStride": 12,
            "count": 3245,
            "max": [
                1,
                0.9998928308486938,
                0.9985687732696533
            ],
            "min": [
                0.00010716937686083838,
                0,
                0
            ],
            "type": 35665
        },
        "attrbute_7": {
            "bufferView": "bufferView_31",
            "byteOffset": 194700,
            "byteStride": 12,
            "count": 583,
            "max": [
                37.90398406982422,
                48.63152313232422,
                109.24409484863281,
                0
            ],
            "min": [
                -37.840572357177734,
                -19.224563598632812,
                49.54446029663086,
                0
            ],
            "type": 35665
        },
        "attrbute_8": {
            "bufferView": "bufferView_31",
            "byteOffset": 201696,
            "byteStride": 12,
            "count": 583,
            "max": [
                0.9995108246803284,
                0.9994906783103943,
                0.95522141456604,
                0
            ],
            "min": [
                -0.9986270070075989,
                -0.9879798293113708,
                -0.9716350436210632,
                0
            ],
            "type": 35665
        },
        "attrbute_9": {
            "bufferView": "bufferView_31",
            "byteOffset": 208692,
            "byteStride": 8,
            "count": 583,
            "max": [
                1.7841769456863403,
                0.979092001914978
            ],
            "min": [
                0.026187999173998833,
                0.016888976097106934
            ],
            "type": 35664
        },
        "indices_12": {
            "bufferView": "bufferView_33",
            "byteOffset": 30564,
            "count": 2286,
            "type": 5123
        },
        "indices_18": {
            "bufferView": "bufferView_33",
            "byteOffset": 35136,
            "count": 2088,
            "type": 5123
        },
        "indices_24": {
            "bufferView": "bufferView_33",
            "byteOffset": 39312,
            "count": 1356,
            "type": 5123
        },
        "indices_30": {
            "bufferView": "bufferView_33",
            "byteOffset": 42024,
            "count": 1824,
            "type": 5123
        },
        "indices_6": {
            "bufferView": "bufferView_33",
            "byteOffset": 0,
            "count": 15282,
            "type": 5123
        }
    },
    "animations": {},
    "asset": {},
    "bufferViews": {
        "bufferView_31": {
            "buffer": "ursa.bin",
            "byteLength": 308760,
            "byteOffset": 0,
            "target": 34962
        },
        "bufferView_32": {
            "buffer": "ursa.bin",
            "byteLength": 5824,
            "byteOffset": 308760
        },
        "bufferView_33": {
            "buffer": "ursa.bin",
            "byteLength": 45672,
            "byteOffset": 314584,
            "target": 34963
        }
    },
    "buffers": {
        "ursa.bin": {
            "byteLength": 360256,
            "path": "ursa.bin"
        }
    },
    "cameras": {},
    "images": {
        "image_0": {
            "path": "textures/ursa_color.png"
        },
        "image_1": {
            "path": "textures/skirt_color.png"
        },
        "image_2": {
            "path": "textures/helmet_color.png"
        },
        "image_3": {
            "path": "textures/fur_color.png"
        },
        "image_4": {
            "path": "textures/bracer_color.png"
        }
    },
    "lights": {},
    "materials": {
        "Material #35": {
            "instanceTechnique": {
                "technique": "technique_0",
                "values": {
                    "ambient": [
                        0.5879999995231628,
                        0.5879999995231628,
                        0.5879999995231628
                    ],
                    "diffuse": "Map #10",
                    "emission": [
                        0,
                        0,
                        0
                    ],
                    "shininess": 2,
                    "specular": [
                        0.8999999761581421,
                        0.8999999761581421,
                        0.8999999761581421
                    ],
                    "transparency": 1
                }
            },
            "name": "Material #35"
        },
        "Material #46": {
            "instanceTechnique": {
                "technique": "technique_0",
                "values": {
                    "ambient": [
                        0.5879999995231628,
                        0.5879999995231628,
                        0.5879999995231628
                    ],
                    "diffuse": "Map #9",
                    "emission": [
                        0,
                        0,
                        0
                    ],
                    "shininess": 2,
                    "specular": [
                        0.8999999761581421,
                        0.8999999761581421,
                        0.8999999761581421
                    ],
                    "transparency": 1
                }
            },
            "name": "Material #46"
        },
        "Material #57": {
            "instanceTechnique": {
                "technique": "technique_0",
                "values": {
                    "ambient": [
                        0.5879999995231628,
                        0.5879999995231628,
                        0.5879999995231628
                    ],
                    "diffuse": "Map #8",
                    "emission": [
                        0,
                        0,
                        0
                    ],
                    "shininess": 2,
                    "specular": [
                        0.8999999761581421,
                        0.8999999761581421,
                        0.8999999761581421
                    ],
                    "transparency": 1
                }
            },
            "name": "Material #57"
        },
        "Material #68": {
            "instanceTechnique": {
                "technique": "technique_0",
                "values": {
                    "ambient": [
                        0.5879999995231628,
                        0.5879999995231628,
                        0.5879999995231628
                    ],
                    "diffuse": "Map #7",
                    "emission": [
                        0,
                        0,
                        0
                    ],
                    "shininess": 2,
                    "specular": [
                        0.8999999761581421,
                        0.8999999761581421,
                        0.8999999761581421
                    ],
                    "transparency": 1
                }
            },
            "name": "Material #68"
        },
        "Material #79": {
            "instanceTechnique": {
                "technique": "technique_0",
                "values": {
                    "ambient": [
                        0.5879999995231628,
                        0.5879999995231628,
                        0.5879999995231628
                    ],
                    "diffuse": "Map #6",
                    "emission": [
                        0,
                        0,
                        0
                    ],
                    "shininess": 2,
                    "specular": [
                        0.8999999761581421,
                        0.8999999761581421,
                        0.8999999761581421
                    ],
                    "transparency": 1
                }
            },
            "name": "Material #79"
        }
    },
    "meshes": {
        "bracers_model_LOD0-mesh": {
            "name": "bracers_model_LOD0-mesh",
            "primitives": [
                {
                    "attributes": {
                        "JOINT": "attrbute_28",
                        "NORMAL": "attrbute_26",
                        "POSITION": "attrbute_25",
                        "TEXCOORD_0": "attrbute_27",
                        "WEIGHT": "attrbute_29"
                    },
                    "indices": "indices_30",
                    "material": "Material #79"
                }
            ]
        },
        "fur_model_LOD0-mesh": {
            "name": "fur_model_LOD0-mesh",
            "primitives": [
                {
                    "attributes": {
                        "JOINT": "attrbute_22",
                        "NORMAL": "attrbute_20",
                        "POSITION": "attrbute_19",
                        "TEXCOORD_0": "attrbute_21",
                        "WEIGHT": "attrbute_23"
                    },
                    "indices": "indices_24",
                    "material": "Material #68"
                }
            ]
        },
        "helmet_model_LOD0-mesh": {
            "name": "helmet_model_LOD0-mesh",
            "primitives": [
                {
                    "attributes": {
                        "JOINT": "attrbute_16",
                        "NORMAL": "attrbute_14",
                        "POSITION": "attrbute_13",
                        "TEXCOORD_0": "attrbute_15",
                        "WEIGHT": "attrbute_17"
                    },
                    "indices": "indices_18",
                    "material": "Material #57"
                }
            ]
        },
        "skirt_model_LOD0-mesh": {
            "name": "skirt_model_LOD0-mesh",
            "primitives": [
                {
                    "attributes": {
                        "JOINT": "attrbute_10",
                        "NORMAL": "attrbute_8",
                        "POSITION": "attrbute_7",
                        "TEXCOORD_0": "attrbute_9",
                        "WEIGHT": "attrbute_11"
                    },
                    "indices": "indices_12",
                    "material": "Material #46"
                }
            ]
        },
        "ursa_model_LOD0-mesh": {
            "name": "ursa_model_LOD0-mesh",
            "primitives": [
                {
                    "attributes": {
                        "JOINT": "attrbute_4",
                        "NORMAL": "attrbute_2",
                        "POSITION": "attrbute_1",
                        "TEXCOORD_0": "attrbute_3",
                        "WEIGHT": "attrbute_5"
                    },
                    "indices": "indices_6",
                    "material": "Material #35"
                }
            ]
        }
    },
    "nodes": {
        "Head_0": {
            "children": [
                "Head_1"
            ],
            "jointId": "Head_0",
            "matrix": [
                0.8137937784194945,
                2.220446036842604e-16,
                -0.5811538696289062,
                0,
                -2.728511949601249e-16,
                1,
                -8.271806125530277e-25,
                0,
                0.5811538696289064,
                1.5856852743959731e-16,
                0.8137937784194946,
                0,
                12.327465057373047,
                -8.488883054269534e-7,
                0.00001525878903407829,
                1
            ],
            "name": "Head_0"
        },
        "Head_1": {
            "children": [
                "ear1_0_R",
                "ear0_0_L",
                "jaw0_0"
            ],
            "jointId": "Head_1",
            "matrix": [
                0.966734826564789,
                1.1647430344364124e-16,
                0.25578010082244873,
                0,
                1.219654713203172e-7,
                1.0000000000000002,
                -4.6097514427856373e-7,
                0,
                -0.25578010082244873,
                4.76837066705984e-7,
                0.9667348265647889,
                0,
                22.104211807250977,
                -0.0000026843431442102883,
                0,
                1
            ],
            "name": "Head_1"
        },
        "Root_0": {
            "children": [
                "thigh_R",
                "thigh_L",
                "buttArmor5_0",
                "thighArmor3_0",
                "thighArmor4_0",
                "Spine_0"
            ],
            "jointId": "Root_0",
            "matrix": [
                -1.629206851037603e-7,
                -1.0000000000000002,
                0,
                0,
                1.0000000000000002,
                -1.629206851037603e-7,
                0,
                0,
                0,
                0,
                1,
                0,
                0,
                14.890277862548828,
                72.91301727294922,
                1
            ],
            "name": "Root_0"
        },
        "Spine_0": {
            "children": [
                "Spine_1"
            ],
            "jointId": "Spine_0",
            "matrix": [
                -0.05846042186021856,
                -1.3938050694789192e-8,
                0.9982896447181704,
                0,
                -4.764293922066051e-7,
                1.0000000000000002,
                -1.3938051580355334e-8,
                0,
                -0.9982896447181697,
                -4.764293530545224e-7,
                -0.05846042186022517,
                0,
                0.048275947570799005,
                3.3171181712532416e-7,
                7.4087371826171875,
                1
            ],
            "name": "Spine_0"
        },
        "Spine_1": {
            "children": [
                "Spine_2"
            ],
            "jointId": "Spine_1",
            "matrix": [
                0.9714989662170411,
                -7.993605775646766e-15,
                -0.23704466223716736,
                0,
                -1.1303168101054426e-7,
                1,
                -4.6324674940478866e-7,
                0,
                0.23704466223716736,
                4.768372947974005e-7,
                0.9714989662170411,
                0,
                16.76998901367189,
                9.220730134984487e-7,
                -0.0000019073486328125,
                1
            ],
            "name": "Spine_1"
        },
        "Spine_2": {
            "children": [
                "Spine_3",
                "backHair6_0"
            ],
            "jointId": "Spine_2",
            "matrix": [
                0.9096174240112309,
                1.3234889800848443e-23,
                -0.41544687747955344,
                0,
                7.551204863749049e-8,
                1.0000000000000002,
                1.653329917417068e-7,
                0,
                0.4154468774795533,
                -1.8176101487069103e-7,
                0.9096174240112306,
                0,
                25.03741455078125,
                -0.0000010198073141509684,
                0.000003814697272730427,
                1
            ],
            "name": "Spine_2"
        },
        "Spine_3": {
            "children": [
                "clavicle_R",
                "backHair7_0",
                "Head_0",
                "clavicle_L"
            ],
            "jointId": "Spine_3",
            "matrix": [
                0.8253116607666013,
                1.1968870339273958e-8,
                -0.5646772384643555,
                0,
                -1.45022427980594e-8,
                0.9999999999999998,
                4.440892098500626e-16,
                0,
                0.5646772384643552,
                8.189086048235766e-9,
                0.8253116607666013,
                0,
                27.247787475585938,
                -1.2712780517176725e-7,
                0,
                1
            ],
            "name": "Spine_3"
        },
        "ankle_L": {
            "children": [
                "toeBase_L"
            ],
            "jointId": "ankle_L",
            "matrix": [
                0.5935832262039183,
                -0.4565098285675049,
                0.6627653837203982,
                0,
                0.07618135383211994,
                0.8517191409063045,
                0.5184310974266301,
                0,
                -0.8011589404939254,
                -0.2572416667317877,
                0.5403437901509819,
                0,
                25.788114547729485,
                -0.0000152587890625,
                -9.536743137417147e-7,
                1
            ],
            "name": "ankle_L"
        },
        "ankle_R": {
            "children": [
                "toeBase_R"
            ],
            "jointId": "ankle_R",
            "matrix": [
                0.5935832262039187,
                -0.4565104842185975,
                0.6627644300460818,
                0,
                0.07618227586426835,
                0.8517186681198538,
                0.5184315345506001,
                0,
                -0.8011584565378685,
                -0.25724142057552746,
                0.5403440493017798,
                0,
                -25.788122177124023,
                0,
                0.000004768371581143072,
                1
            ],
            "name": "ankle_R"
        },
        "backHair6_0": {
            "children": [],
            "jointId": "backHair6_0",
            "matrix": [
                -0.5722633600234982,
                -1.8646704775587532e-7,
                0.8200696706771848,
                0,
                -3.9753409696896283e-7,
                0.9999999999999998,
                -5.002885945728468e-8,
                0,
                -0.8200696706771473,
                -3.5463533919544643e-7,
                -0.5722633600235526,
                0,
                3.2360916137695312,
                0.0000010267583547829422,
                29.88037872314453,
                1
            ],
            "name": "backHair6_0"
        },
        "backHair7_0": {
            "children": [],
            "jointId": "backHair7_0",
            "matrix": [
                -0.9353707432746887,
                1.4123703787953107e-7,
                0.3536690473556519,
                0,
                1.2007705702628226e-7,
                0.9999999999999996,
                -8.177269686124829e-8,
                0,
                -0.3536690473556565,
                -3.402024987492537e-8,
                -0.9353707432746872,
                0,
                -15.323863983154297,
                0.000002188407279390958,
                24.145294189453097,
                1
            ],
            "name": "backHair7_0"
        },
        "bicep_L": {
            "children": [
                "elbow_L"
            ],
            "jointId": "bicep_L",
            "matrix": [
                0.8591675162315366,
                -0.47557878494262673,
                -0.1888292133808135,
                0,
                -0.47659137237932764,
                -0.6094186155687781,
                -0.6336162652418588,
                0,
                0.18625842005275794,
                0.6343769014701444,
                -0.750249441420891,
                0,
                29.271305084228512,
                0.00003051757809657829,
                0,
                1
            ],
            "name": "bicep_L"
        },
        "bicep_R": {
            "children": [
                "elbow_R"
            ],
            "jointId": "bicep_R",
            "matrix": [
                0.8591675758361816,
                -0.47557830810546875,
                -0.18882930278778082,
                0,
                -0.4765913209222615,
                -0.6094190381759377,
                -0.6336163561056734,
                0,
                0.1862579872974321,
                0.6343769154959937,
                -0.7502494298011945,
                0,
                -29.27127838134766,
                -0.00001525878909092171,
                0.00000762939453125,
                1
            ],
            "name": "bicep_R"
        },
        "bracers_model_LOD0": {
            "children": [],
            "instanceSkin": {
                "skeletons": [
                    "Root_0"
                ],
                "skin": "skin_4",
                "sources": [
                    "bracers_model_LOD0-mesh"
                ]
            },
            "matrix": [
                1,
                0,
                0,
                0,
                0,
                1,
                0,
                0,
                0,
                0,
                1,
                0,
                0,
                0,
                0,
                1
            ],
            "name": "bracers_model_LOD0"
        },
        "buttArmor5_0": {
            "children": [],
            "jointId": "buttArmor5_0",
            "matrix": [
                -1,
                -3.2584136956428006e-7,
                -3.7252911511131975e-7,
                0,
                -3.258414258146128e-7,
                1,
                1.5099580265055e-7,
                0,
                3.725290659106012e-7,
                1.5099592403595208e-7,
                -1.0000000000000002,
                0,
                -25.786029815673828,
                -0.000004201077445031842,
                0,
                1
            ],
            "name": "buttArmor5_0"
        },
        "clavicle_L": {
            "children": [
                "bicep_L"
            ],
            "jointId": "clavicle_L",
            "matrix": [
                -0.4278774857521055,
                0.8768761157989504,
                -0.21910896897315973,
                0,
                -0.09608645797758564,
                0.19691662001100033,
                0.9757004195112002,
                0,
                0.8987147627386243,
                0.4385337305816933,
                -2.682208962712096e-7,
                0,
                6.038631439208984,
                5.546484947204589,
                7.490905761718722,
                1
            ],
            "name": "clavicle_L"
        },
        "clavicle_R": {
            "children": [
                "bicep_R"
            ],
            "jointId": "clavicle_R",
            "matrix": [
                0.42787706851959234,
                0.8768765926361086,
                0.21910890936851501,
                0,
                0.09608661955299613,
                0.1969164144181028,
                -0.9757004232438533,
                0,
                -0.8987151978306731,
                0.4385333661554758,
                -8.9406965719796e-8,
                0,
                6.03863525390625,
                -5.546486854553223,
                7.490905761718722,
                1
            ],
            "name": "clavicle_R"
        },
        "ear0_0_L": {
            "children": [],
            "jointId": "ear0_0_L",
            "matrix": [
                -1.197695098861072e-7,
                -0.21684214472770677,
                0.9762065410614015,
                0,
                2.2527662653945327e-7,
                0.9762065947090796,
                0.21684215664434947,
                0,
                -0.9999999403953557,
                2.458876342712861e-7,
                -6.807032935635785e-8,
                0,
                3.8970947265625,
                -11.736885070800783,
                11.039901733398438,
                1
            ],
            "name": "ear0_0_L"
        },
        "ear1_0_R": {
            "children": [],
            "jointId": "ear1_0_R",
            "matrix": [
                -1.1976914038328878e-7,
                -0.2168414741754531,
                -0.9762067794799807,
                0,
                -8.531096928194425e-7,
                -0.97620683312767,
                0.21684148609213566,
                0,
                -0.9999999403953557,
                8.587823706030843e-7,
                -6.807010910984368e-8,
                0,
                3.8970985412597585,
                11.7368860244751,
                11.039886474609375,
                1
            ],
            "name": "ear1_0_R"
        },
        "elbow_L": {
            "children": [
                "wrist_L"
            ],
            "jointId": "elbow_L",
            "matrix": [
                0.921836614608765,
                -5.551115123125783e-17,
                -0.3875780701637269,
                0,
                -1.2530124049447977e-8,
                1.00000011920929,
                -2.980232380322967e-8,
                0,
                0.3875780622983845,
                3.23292699763722e-8,
                0.9218365959014094,
                0,
                49.25668334960937,
                0.00003814697265625,
                -0.000003814697272730427,
                1
            ],
            "name": "elbow_L"
        },
        "elbow_R": {
            "children": [
                "wrist_R"
            ],
            "jointId": "elbow_R",
            "matrix": [
                0.9218370914459227,
                0,
                -0.3875781297683717,
                0,
                3.759035915873454e-8,
                0.999999880790714,
                8.940697265868991e-8,
                0,
                0.38757805353890745,
                -9.69878572731897e-8,
                0.9218369101375827,
                0,
                -49.25670623779297,
                -0.00003814697265625,
                0.0000152587890625,
                1
            ],
            "name": "elbow_R"
        },
        "finger1_0": {
            "children": [],
            "jointId": "finger1_0",
            "matrix": [
                -0.6412863135337831,
                0.720955729484558,
                -0.26263028383255016,
                0,
                -0.7608662047984892,
                -0.6417364120747214,
                0.0962171616112695,
                0,
                -0.09917106686002547,
                0.26152916323239583,
                0.9600872864164546,
                0,
                -28.162734985351555,
                -0.2342224121093608,
                -0.06881332397460938,
                1
            ],
            "name": "finger1_0"
        },
        "finger2_0": {
            "children": [],
            "jointId": "finger2_0",
            "matrix": [
                -0.654616296291351,
                0.7051818966865541,
                -0.2723899483680725,
                0,
                -0.7435292721963278,
                -0.6656805143612544,
                0.06351383649970824,
                0,
                -0.13653585004445032,
                0.24410705099206748,
                0.9600885320733448,
                0,
                -24.742858886718743,
                -0.09944152832029829,
                -7.273033618927003,
                1
            ],
            "name": "finger2_0"
        },
        "finger2_0_A_L": {
            "children": [],
            "jointId": "finger2_0_A_L",
            "matrix": [
                0.32620891928672796,
                -0.9312261939048769,
                -0.16249749064445504,
                0,
                0.25636394866684903,
                -0.078307932633099,
                0.963403213651493,
                0,
                -0.9098709655147279,
                -0.35592914719009555,
                0.2131880347771533,
                0,
                27.463855743408203,
                0.101959228515625,
                -12.824664115905767,
                1
            ],
            "name": "finger2_0_A_L"
        },
        "finger3_0_A_R": {
            "children": [],
            "jointId": "finger3_0_A_R",
            "matrix": [
                0.4026761054992677,
                -0.9067997932434083,
                0.12476325780153275,
                0,
                -0.05197330685337544,
                -0.15873307405619833,
                -0.9859530130023942,
                0,
                0.9138657354899898,
                0.39053522865406504,
                -0.11104736252237722,
                0,
                28.11886215209961,
                0.9527053833007955,
                -6.73577451705933,
                1
            ],
            "name": "finger3_0_A_R"
        },
        "finger4_0_B_L": {
            "children": [],
            "jointId": "finger4_0_B_L",
            "matrix": [
                0.41316691040992765,
                -0.8959832787513736,
                0.16280956566333785,
                0,
                -0.03698459414210731,
                0.1621257229175245,
                0.9860768722644636,
                0,
                -0.9099041006880897,
                -0.4134358227256641,
                0.03384740957423071,
                0,
                28.732650756835938,
                1.8290252685546875,
                0.7600131034851074,
                1
            ],
            "name": "finger4_0_B_L"
        },
        "finger5_0_B_R": {
            "children": [],
            "jointId": "finger5_0_B_R",
            "matrix": [
                0.4058297276496887,
                -0.870323479175568,
                0.27899730205535894,
                0,
                0.8703236541317795,
                0.4611986949889104,
                0.17272153148289734,
                0,
                -0.2789967741165861,
                0.17272240589926138,
                0.9446311779617207,
                0,
                25.30297088623046,
                0.49533843994140625,
                6.1251592636108425,
                1
            ],
            "name": "finger5_0_B_R"
        },
        "finger8_0_D_L": {
            "children": [],
            "jointId": "finger8_0_D_L",
            "matrix": [
                -0.20187732577323925,
