{
    "accessors": [
        {
            "bufferView": 0,
            "byteOffset": 0,
            "componentType": 5126,
            "count": 3245,
            "max": [
                105.07731628417969,
                42.87800979614258,
                197.21041870117188
            ],
            "min": [
                -101.70532989501953,
                -78.11140441894531,
                -0.6005355715751648
            ],
            "type": "VEC3"
        },
        {
            "bufferView": 0,
            "byteOffset": 38940,
            "componentType": 5126,
            "count": 3245,
            "max": [
                0.9995193481445312,
                0.9998695850372314,
                0.9999690651893616
            ],
            "min": [
                -0.9995193481445312,
                -0.9998893141746521,
                -0.9994138479232788
            ],
            "type": "VEC3"
        },
        {
            "bufferView": 0,
            "byteOffset": 77880,
            "componentType": 5126,
            "count": 3245,
            "max": [
                1.992475986480713,
                0.9875119924545288
            ],
            "min": [
                0.0039090001955628395,
                0.0032489895820617676
            ],
            "type": "VEC2"
        },
        {
            "bufferView": 0,
            "byteOffset": 103840,
            "componentType": 5123,
            "count": 3245,
            "max": [
                39,
                38,
                39,
                0
            ],
            "min": [
                0,
                0,
                0,
                0
            ],
            "type": "VEC4"
        },
        {
            "bufferView": 0,
            "byteOffset": 129800,
            "componentType": 5126,
            "count": 3245,
            "max": [
                1,
                0.9998928308486938,
                0.9985687732696533,
                0
            ],
            "min": [
                0.00010716937686083838,
                0,
                0,
                0
            ],
            "type": "VEC4"
        },
        {
            "bufferView": 2,
            "byteOffset": 0,
            "componentType": 5123,
            "count": 15282,
            "max": [
                3244
            ],
            "min": [
                0
            ],
            "type": "SCALAR"
        },
        {
            "bufferView": 1,
            "byteOffset": 0,
            "componentType": 5126,
            "count": 40,
            "max": [
                0.9999999999999414,
                1.000000178813808,
                0.5184319579375444,
                0,
                0.8438813241209089,
                0.9999999999999112,
                1.0000001788138477,
                0,
                1.0000002384183784,
                0.878658120914863,
                1.0000000596046266,
                0,
                152.6693469024306,
                132.5216759294026,
                71.25718692659032,
                1
            ],
            "min": [
                -0.9999999999999771,
                -1.0000001788138309,
                -0.43046213284947443,
                0,
                -1.000000059604613,
                -0.9999999999999771,
                -1.0000000596044383,
                0,
                -0.999999761581414,
                -0.8786584027264197,
                -0.9138656638686267,
                0,
                -152.669339563547,
                -132.52169487473114,
                -147.50311023266084,
                1
            ],
            "type": "MAT4"
        },
        {
            "bufferView": 0,
            "byteOffset": 181720,
            "componentType": 5126,
            "count": 583,
            "max": [
                37.90398406982422,
                48.63152313232422,
                109.24409484863281
            ],
            "min": [
                -37.840572357177734,
                -19.224563598632812,
                49.54446029663086
            ],
            "type": "VEC3"
        },
        {
            "bufferView": 0,
            "byteOffset": 188716,
            "componentType": 5126,
            "count": 583,
            "max": [
                0.9995108246803284,
                0.9994906783103943,
                0.95522141456604
            ],
            "min": [
                -0.9986270070075989,
                -0.9879798293113708,
                -0.9716350436210632
            ],
            "type": "VEC3"
        },
        {
            "bufferView": 0,
            "byteOffset": 195712,
            "componentType": 5126,
            "count": 583,
            "max": [
                1.7841769456863403,
                0.9831110239028931
            ],
            "min": [
                0.026187999173998833,
                0.020907998085021973
            ],
            "type": "VEC2"
        },
        {
            "bufferView": 0,
            "byteOffset": 200376,
            "componentType": 5123,
            "count": 583,
            "max": [
                4,
                7,
                7,
                0
            ],
            "min": [
                0,
                0,
                0,
                0
            ],
            "type": "VEC4"
        },
        {
            "bufferView": 0,
            "byteOffset": 205040,
            "componentType": 5126,
            "count": 583,
            "max": [
                1,
                0.9615246057510376,
                0.99080890417099,
                0
            ],
            "min": [
                0.0019589022267609835,
                0,
                0,
                0
            ],
            "type": "VEC4"
        },
        {
            "bufferView": 2,
            "byteOffset": 30564,
            "componentType": 5123,
            "count": 2286,
            "max": [
                582
            ],
            "min": [
                0
            ],
            "type": "SCALAR"
        },
        {
            "bufferView": 1,
            "byteOffset": 2560,
            "componentType": 5126,
            "count": 8,
            "max": [
                0.9999999999999414,
                0.9999999999999805,
                0.40920128690454505,
                0,
                0.9999999999998346,
                0.9999999999999112,
                0.9982898087612342,
                0,
                0.9982898087615388,
                0.16428771011937554,
                1,
                0,
                61.535032658530476,
                34.70565852618533,
                72.913017272945,
                1
            ],
            "min": [
                -0.9999999999999774,
                -2.3841857128533537e-7,
                -5.522059673416927e-7,
                0,
                -0.9999999999999732,
                -0.9999999999999756,
                -0.8274271485561001,
                0,
                -0.9083453677780504,
                -0.16428759976074883,
                -0.9999999999999077,
                0,
                -92.63486668702619,
                -34.70566594220206,
                -75.87741153954644,
                1
            ],
            "type": "MAT4"
        },
        {
            "bufferView": 0,
            "byteOffset": 214368,
            "componentType": 5126,
            "count": 464,
            "max": [
                37.532161712646484,
                -1.0209676027297974,
                177.9234619140625
            ],
            "min": [
                -37.53214645385742,
                -75.57343292236328,
                111.23603820800781
            ],
            "type": "VEC3"
        },
        {
            "bufferView": 0,
            "byteOffset": 219936,
            "componentType": 5126,
            "count": 464,
            "max": [
                0.9946160316467285,
                0.9999021887779236,
                0.9998695850372314
            ],
            "min": [
                -0.9946160316467285,
                -0.9810587167739868,
                -0.9975762963294983
            ],
            "type": "VEC3"
        },
        {
            "bufferView": 0,
            "byteOffset": 225504,
            "componentType": 5126,
            "count": 464,
            "max": [
                1.9786429405212402,
                0.9732450246810913
            ],
            "min": [
                0.028063999488949776,
                0.018997013568878174
            ],
            "type": "VEC2"
        },
        {
            "bufferView": 0,
            "byteOffset": 229216,
            "componentType": 5123,
            "count": 464,
            "max": [
                2,
                5,
                5,
                0
            ],
            "min": [
                0,
                0,
                0,
                0
            ],
            "type": "VEC4"
        },
        {
            "bufferView": 0,
            "byteOffset": 232928,
            "componentType": 5126,
            "count": 464,
            "max": [
                1,
                0.8074986934661865,
                0.788895308971405,
                0
            ],
            "min": [
                0.09799421578645706,
                0,
                0,
                0
            ],
            "type": "VEC4"
        },
        {
            "bufferView": 2,
            "byteOffset": 35136,
            "componentType": 5123,
            "count": 2088,
            "max": [
                463
            ],
            "min": [
                0
            ],
            "type": "SCALAR"
        },
        {
            "bufferView": 1,
            "byteOffset": 3072,
            "componentType": 5126,
            "count": 6,
            "max": [
                0.8768764732654265,
                0.9999999999999805,
                0.43853399289343425,
                0,
                0.3227323631974229,
                0.43495176142567193,
                0.8406314475922232,
                0,
                0.3562754093944941,
                0.878658725575315,
                0.9999999999998939,
                0,
                52.05760149698532,
                132.52171758637064,
                57.233616598599056,
                1
            ],
            "min": [
                1.1731648365073057e-7,
                0.19691625568448531,
                -2.712924072668704e-7,
                0,
                -0.9999999999999554,
                -0.434951925732725,
                -0.8406312503871936,
                0,
                -0.3562750953719069,
                -0.8786583664013837,
                -0.3178478584279024,
                0,
                -54.938803270087455,
                -132.52177243913064,
                -147.50311887765977,
                1
            ],
            "type": "MAT4"
        },
        {
            "bufferView": 0,
            "byteOffset": 240352,
            "componentType": 5126,
            "count": 404,
            "max": [
                68.44863891601562,
                58.46449661254883,
                183.27862548828125
            ],
            "min": [
                -68.44866180419922,
                -24.863582611083984,
                99.70154571533203
            ],
            "type": "VEC3"
        },
        {
            "bufferView": 0,
            "byteOffset": 245200,
            "componentType": 5126,
            "count": 404,
            "max": [
                0.8644067049026489,
                0.998615026473999,
                0.9988768100738525
            ],
            "min": [
                -0.8644065856933594,
                -0.8400730490684509,
                -0.2702409327030182
            ],
            "type": "VEC3"
        },
        {
            "bufferView": 0,
            "byteOffset": 250048,
            "componentType": 5126,
            "count": 404,
            "max": [
                0.9958310127258301,
                1.002573013305664
            ],
            "min": [
                0.004838999826461077,
                0.01982700824737549
            ],
            "type": "VEC2"
        },
        {
            "bufferView": 0,
            "byteOffset": 253280,
            "componentType": 5123,
            "count": 404,
            "max": [
                10,
                11,
                12,
                0
            ],
            "min": [
                0,
                0,
                0,
                0
            ],
            "type": "VEC4"
        },
        {
            "bufferView": 0,
            "byteOffset": 256512,
            "componentType": 5126,
            "count": 404,
            "max": [
                1,
                0.9998621940612793,
                0.9955590963363647,
                0
            ],
            "min": [
                0.00012146932567702606,
                0,
                0,
                0
            ],
            "type": "VEC4"
        },
        {
            "bufferView": 2,
            "byteOffset": 39312,
            "componentType": 5123,
            "count": 1356,
            "max": [
                403
            ],
            "min": [
                0
            ],
            "type": "SCALAR"
        },
        {
            "bufferView": 1,
            "byteOffset": 3456,
            "componentType": 5126,
            "count": 13,
            "max": [
                0.8768765855071402,
                1,
                0.43853370031268657,
                0,
                0.9999999999999797,
                0.43495183897878437,
                1.0000000596045877,
                0,
                0.998289808761539,
                0.8786585483853404,
                1.0000000596044125,
                0,
                93.40909778590071,
                132.5217568160706,
                161.20256042479247,
                1
            ],
            "min": [
                -0.21684172156095285,
                -0.8157779817041682,
                -0.04076499560758496,
                0,
                -1.0000000596046463,
                -0.4349520194429177,
                -0.9667177587884656,
                0,
                -0.7839899311879825,
                -0.8786585439208349,
                -0.9999999999999213,
                0,
                -152.66932650203177,
                -132.52176155810685,
                -147.50312327635024,
                1
            ],
            "type": "MAT4"
        },
        {
            "bufferView": 0,
            "byteOffset": 262976,
            "componentType": 5126,
            "count": 450,
            "max": [
                106.67631530761719,
                44.71070098876953,
                120.164794921875
            ],
            "min": [
                -106.90221405029297,
                -15.29738998413086,
                43.72186279296875
            ],
            "type": "VEC3"
        },
        {
            "bufferView": 0,
            "byteOffset": 268376,
            "componentType": 5126,
            "count": 450,
            "max": [
                0.9934260845184326,
                0.9916282296180725,
                0.9990013837814331
            ],
            "min": [
                -0.9952977895736694,
                -0.9916101098060608,
                -0.9987896680831909
            ],
            "type": "VEC3"
        },
        {
            "bufferView": 0,
            "byteOffset": 273776,
            "componentType": 5126,
            "count": 450,
            "max": [
                0.9906659722328186,
                0.9792640209197998
            ],
            "min": [
                0.017805999144911766,
                0.016972005367279053
            ],
            "type": "VEC2"
        },
        {
            "bufferView": 0,
            "byteOffset": 277376,
            "componentType": 5123,
            "count": 450,
            "max": [
                9,
                10,
                10,
                0
            ],
            "min": [
                0,
                0,
                0,
                0
            ],
            "type": "VEC4"
        },
        {
            "bufferView": 0,
            "byteOffset": 280976,
            "componentType": 5126,
            "count": 450,
            "max": [
                1,
                0.999745786190033,
                0.374729722738266,
                0
            ],
            "min": [
                0.00025423651095479727,
                0,
                0,
                0
            ],
            "type": "VEC4"
        },
        {
            "bufferView": 2,
            "byteOffset": 42024,
            "componentType": 5123,
            "count": 1824,
            "max": [
                449
            ],
            "min": [
                0
            ],
            "type": "SCALAR"
        },
        {
            "bufferView": 1,
            "byteOffset": 4288,
            "componentType": 5126,
            "count": 11,
            "max": [
                0.5769261102375953,
                0.9999999999999732,
                0.43046314855493656,
                0,
                0.5481947361610492,
                0.11375874302957992,
                1.0000000596045997,
                0,
                1.0000000596044336,
                0.5670673174915848,
                1,
                0,
                93.4091802068021,
                106.16561596643116,
                16.889500056770917,
                1
            ],
            "min": [
                -0.9999999999998939,
                -1.0000001788139365,
                -0.4304631094086903,
                0,
                -0.9999999999999732,
                -0.9999999999998939,
                -1.0000002384186106,
                0,
                -0.999999999999938,
                -0.7435295034026768,
                -0.13653544494011166,
                0,
                -73.55858682004896,
                -106.16564204404523,
                -75.87741088867193,
                1
            ],
            "type": "MAT4"
        }
    ],
    "asset": {
        "generator": "ClayGL - fbx2gltf",
        "version": "2.0"
    },
    "bufferViews": [
        {
            "buffer": 0,
            "byteLength": 288176,
            "byteOffset": 0,
            "target": 34962
        },
        {
            "buffer": 0,
            "byteLength": 4992,
            "byteOffset": 288176,
            "target": 34962
        },
        {
            "buffer": 0,
            "byteLength": 45672,
            "byteOffset": 293168,
            "target": 34963
        }
    ],
    "buffers": [
        {
            "byteLength": 338840,
            "uri": "ursa.bin"
        }
    ],
    "images": [
        {
            "uri": "textures/ursa_color.png"
        },
        {
            "uri": "textures/skirt_color.png"
        },
        {
            "uri": "textures/helmet_color.png"
        },
        {
            "uri": "textures/fur_color.png"
        },
        {
            "uri": "textures/bracer_color.png"
        }
    ],
    "materials": [
        {
            "emissiveFactor": [
                0,
                0,
                0
            ],
            "name": "Material #35",
            "pbrMetallicRoughness": {
                "baseColorFactor": [
                    1,
                    1,
                    1,
                    1
                ],
                "baseColorTexture": {
                    "index": 0,
                    "texCoord": 0
                },
                "metallicFactor": 0,
                "roughnessFactor": 0.9230769230769231
            }
        },
        {
            "emissiveFactor": [
                0,
                0,
                0
            ],
            "name": "Material #46",
            "pbrMetallicRoughness": {
                "baseColorFactor": [
                    1,
                    1,
                    1,
                    1
                ],
                "baseColorTexture": {
                    "index": 1,
                    "texCoord": 0
                },
                "metallicFactor": 0,
                "roughnessFactor": 0.9230769230769231
            }
        },
        {
            "emissiveFactor": [
                0,
                0,
                0
            ],
            "name": "Material #57",
            "pbrMetallicRoughness": {
                "baseColorFactor": [
                    1,
                    1,
                    1,
                    1
                ],
                "baseColorTexture": {
                    "index": 2,
                    "texCoord": 0
                },
                "metallicFactor": 0,
                "roughnessFactor": 0.9230769230769231
            }
        },
        {
            "emissiveFactor": [
                0,
                0,
                0
            ],
            "name": "Material #68",
            "pbrMetallicRoughness": {
                "baseColorFactor": [
                    1,
                    1,
                    1,
                    1
                ],
                "baseColorTexture": {
                    "index": 3,
                    "texCoord": 0
                },
                "metallicFactor": 0,
                "roughnessFactor": 0.9230769230769231
            }
        },
        {
            "emissiveFactor": [
                0,
                0,
                0
            ],
            "name": "Material #79",
            "pbrMetallicRoughness": {
                "baseColorFactor": [
                    1,
                    1,
                    1,
                    1
                ],
                "baseColorTexture": {
                    "index": 4,
                    "texCoord": 0
                },
                "metallicFactor": 0,
                "roughnessFactor": 0.9230769230769231
            }
        }
    ],
    "meshes": [
        {
            "name": "ursa_model_LOD0",
            "primitives": [
                {
                    "attributes": {
                        "JOINTS_0": 3,
                        "NORMAL": 1,
                        "POSITION": 0,
                        "TEXCOORD_0": 2,
                        "WEIGHTS_0": 4
                    },
                    "indices": 5,
                    "material": 0
                }
            ]
        },
        {
            "name": "skirt_model_LOD0",
            "primitives": [
                {
                    "attributes": {
                        "JOINTS_0": 10,
                        "NORMAL": 8,
                        "POSITION": 7,
                        "TEXCOORD_0": 9,
                        "WEIGHTS_0": 11
                    },
                    "indices": 12,
                    "material": 1
                }
            ]
        },
        {
            "name": "helmet_model_LOD0",
            "primitives": [
                {
                    "attributes": {
                        "JOINTS_0": 17,
                        "NORMAL": 15,
                        "POSITION": 14,
                        "TEXCOORD_0": 16,
                        "WEIGHTS_0": 18
                    },
                    "indices": 19,
                    "material": 2
                }
            ]
        },
        {
            "name": "fur_model_LOD0",
            "primitives": [
                {
                    "attributes": {
                        "JOINTS_0": 24,
                        "NORMAL": 22,
                        "POSITION": 21,
                        "TEXCOORD_0": 23,
                        "WEIGHTS_0": 25
                    },
                    "indices": 26,
                    "material": 3
                }
            ]
        },
        {
            "name": "bracers_model_LOD0",
            "primitives": [
                {
                    "attributes": {
                        "JOINTS_0": 31,
                        "NORMAL": 29,
                        "POSITION": 28,
                        "TEXCOORD_0": 30,
                        "WEIGHTS_0": 32
                    },
                    "indices": 33,
                    "material": 4
                }
            ]
        }
    ],
    "nodes": [
        {
            "children": [
                1,
                5,
                9,
                10,
                11,
                12
            ],
            "matrix": [
                1.6292068478213574e-7,
                1.469367938527879e-39,
                1.0000000000000002,
                0,
                1.0000000000000002,
                6.123233995736847e-17,
                -1.6292068478213574e-7,
                0,
                -6.123233995736685e-17,
                1,
                9.976014756666736e-24,
                0,
                0,
                72.91301727294922,
                -14.890277862548828,
                1
            ],
            "name": "Root_0"
        },
        {
            "children": [
                2
            ],
            "matrix": [
                -0.26034587621688854,
                0.3273054063320161,
                0.9083452820777891,
                0,
                0.49757815869998123,
                0.8517192699665002,
                -0.164287637056589,
                0,
                -0.8274273289253673,
                0.4092011228510628,
                -0.38460158227721236,
                0,
                0.3016252517700213,
                -18.666999816894528,
                -2.6239471435546875,
                1
            ],
            "name": "thigh_R"
        },
        {
            "children": [
                3
            ],
            "matrix": [
                0.8634348511695865,
                -1.3877787807814457e-17,
                -0.5044600963592532,
                0,
                -2.3070831040028494e-7,
                0.9999998211860578,
                -3.948807786868791e-7,
                0,
                0.5044600703973785,
                4.5733702092043416e-7,
                0.8634348067331927,
                0,
                -32.62070846557617,
                0,
                -0.000009536743156957073,
                1
            ],
            "name": "knee_R"
        },
        {
            "children": [
                4
            ],
            "matrix": [
                0.5935832262039188,
                -0.4565104842185975,
                0.6627644300460819,
                0,
                0.07618227586426829,
                0.8517186681198538,
                0.5184315345506002,
                0,
                -0.8011584565378688,
                -0.25724142057552757,
                0.54034404930178,
                0,
                -25.788122177124023,
                0,
                0.000004768371580254893,
                1
            ],
            "name": "ankle_R"
        },
        {
            "matrix": [
                0.9646909236907961,
                0.01744925044476986,
                0.2628063857555389,
                0,
                -0.06079783210950431,
                0.9856086971624579,
                0.15773202656248977,
                0,
                -0.25627192791681785,
                -0.16814069591312,
                0.9518685447915141,
                0,
                -13.663128852844235,
                -0.000003814697269177714,
                0.000008106231688120857,
                1
            ],
            "name": "toeBase_R"
        },
        {
            "children": [
                6
            ],
            "matrix": [
                0.2603456079959869,
                0.3273055255413055,
                -0.9083452820777894,
                0,
                -0.49757849167816176,
                0.8517191138207901,
                0.16428774406099866,
                0,
                0.8274274408183616,
                0.40920153999131786,
                0.3846015740319238,
                0,
                0.3016195297241211,
                18.666999816894528,
                -2.6239471435546875,
                1
            ],
            "name": "thigh_L"
        },
        {
            "children": [
                7
            ],
            "matrix": [
                0.8634348511695862,
                2.53319740239899e-7,
                -0.5044602155685426,
                0,
                -1.8891437175705406e-7,
                1.0000001192093,
                1.7881393893359743e-7,
                0,
                0.5044602978287754,
                -5.909440464746396e-8,
                0.8634349919662927,
                0,
                32.62071228027344,
                0.0000038146972585195726,
                0.0000019073486363652137,
                1
            ],
            "name": "knee_L"
        },
        {
            "children": [
                8
            ],
            "matrix": [
                0.5935832262039182,
                -0.45650982856750455,
                0.6627653837203977,
                0,
                0.07618135383211996,
                0.8517191409063042,
                0.5184310974266298,
                0,
                -0.8011589404939249,
                -0.25724166673178755,
                0.5403437901509814,
                0,
                25.788114547729492,
                -0.000015258789069605427,
                -9.536743155180716e-7,
                1
            ],
            "name": "ankle_L"
        },
        {
            "matrix": [
                0.9646905660629274,
                0.017448848113417622,
                0.2628063261508941,
                0,
                -0.06079738220492737,
                0.9856088106562552,
                0.157731829462231,
                0,
                -0.25627197032777016,
                -0.16814033040875012,
                0.9518682859444146,
                0,
                13.663129806518555,
                0.000005722045905542927,
                -0.000010013580321377447,
                1
            ],
            "name": "toeBase_L"
        },
        {
            "matrix": [
                -1.0000000000000002,
                -3.258413695642801e-7,
                -3.725291151113197e-7,
                0,
                -3.2584142581461286e-7,
                1.0000000000000002,
                1.5099580265055e-7,
                0,
                3.7252906591060125e-7,
                1.5099592403595208e-7,
                -1.0000000000000002,
                0,
                -25.78602981567382,
                -0.000004201077445031844,
                0,
                1
            ],
            "name": "buttArmor5_0"
        },
        {
            "matrix": [
                4.887620548901108e-7,
                -1.0000000000000002,
                -6.905840438009098e-33,
                0,
                1.0000000000000002,
                4.887620548901108e-7,
                3.5527136788005005e-15,
                0,
                -3.552713678799653e-15,
                -1.73643163809372e-21,
                1,
                0,
                0.0000057220458984375,
                -35.18545150756835,
                2.9643936157226562,
                1
            ],
            "name": "thighArmor3_0"
        },
        {
            "matrix": [
                -4.013392639832983e-7,
                1.0000000000000002,
                -4.371138473402425e-8,
                0,
                -1,
                -4.0133925616709236e-7,
                1.7881396274788133e-7,
                0,
                1.788139452047579e-7,
                4.371145649908141e-8,
                0.9999999999999999,
                0,
                -0.0000057220458984375,
                34.50510406494141,
                1.4666900634765625,
                1
            ],
            "name": "thighArmor4_0"
        },
        {
            "children": [
                13
            ],
            "matrix": [
                -0.05846042186021857,
                -1.3938050694789187e-8,
                0.9982896447181704,
                0,
                -4.764293922066051e-7,
                1.0000000000000002,
                -1.3938051580355336e-8,
                0,
                -0.9982896447181697,
                -4.764293530545226e-7,
                -0.05846042186022517,
                0,
                0.04827594757080078,
                3.3171181712532416e-7,
                7.4087371826171875,
                1
            ],
            "name": "Spine_0"
        },
        {
            "children": [
                14
            ],
            "matrix": [
                0.971498966217041,
                -7.993605737596458e-15,
                -0.2370446622371673,
                0,
                -1.1303168101054423e-7,
                1,
                -4.632467494047888e-7,
                0,
                0.23704466223716728,
                4.768372947974005e-7,
                0.9714989662170409,
                0,
                16.76998901367189,
                9.220730134984495e-7,
                -0.0000019073486328125,
                1
            ],
            "name": "Spine_1"
        },
        {
            "children": [
                15,
                42
            ],
            "matrix": [
                0.9096174240112309,
                -2.6469779601696886e-23,
                -0.4154468774795531,
                0,
                7.551204863749048e-8,
                1,
                1.6533299174170687e-7,
                0,
                0.4154468774795532,
                -1.8176101487069103e-7,
                0.9096174240112307,
                0,
                25.03741455078125,
                -0.0000010198073141509676,
                0.000003814697272730427,
                1
            ],
            "name": "Spine_2"
        },
        {
            "children": [
                16,
                26,
                27,
                32
            ],
            "matrix": [
                0.8253116607666013,
                1.1968870339273963e-8,
                -0.5646772384643556,
                0,
                -1.4502242798059313e-8,
                0.9999999999999996,
                4.440892627896218e-16,
                0,
                0.5646772384643555,
                8.189086048235776e-9,
                0.8253116607666016,
                0,
                27.247787475585923,
                -1.271278051717664e-7,
                0,
                1
            ],
            "name": "Spine_3"
        },
        {
            "children": [
                17
            ],
            "matrix": [
                0.4278770685195922,
                0.8768765926361082,
                0.21910890936851501,
                0,
                0.09608661955299613,
                0.19691641441810276,
                -0.9757004232438531,
                0,
                -0.898715197830673,
                0.4385333661554756,
                -8.9406965719796e-8,
                0,
                6.03863525390625,
                -5.546486854553221,
                7.490905761718778,
                1
            ],
            "name": "clavicle_R"
        },
        {
            "children": [
                18
            ],
            "matrix": [
                0.8591675758361816,
                -0.47557830810546875,
                -0.18882930278778082,
                0,
                -0.47659132092226175,
                -0.6094190381759379,
                -0.6336163561056735,
                0,
                0.1862579872974322,
                0.634376915495994,
                -0.7502494298011941,
                0,
                -29.271278381347656,
                -0.00001525878903407829,
                0.000007629394538355427,
                1
            ],
            "name": "bicep_R"
        },
        {
            "children": [
                19
            ],
            "matrix": [
                0.9218370914459226,
                2.255140518769849e-16,
                -0.38757812976837147,
                0,
                3.7590359155265096e-8,
                0.9999998807907138,
                8.940697274195664e-8,
                0,
                0.3875780535389075,
                -9.698785718992298e-8,
                0.921836910137583,
                0,
                -49.25670623779299,
                -0.000038146972670460855,
                0.0000152587890625,
                1
            ],
            "name": "elbow_R"
        },
        {
            "children": [
                20,
                22,
                23,
                24,
                25
            ],
            "matrix": [
                0.8206037878990173,
                0.5670667290687562,
                0.07102314382791522,
                0,
                -0.5476314855739008,
                0.8157780465197554,
                -0.18602551702527265,
                0,
                -0.1634280046537283,
                0.11375873530856558,
                0.9799741602799175,
                0,
                -46.02164459228516,
                0.00001525878903407829,
                -0.0000095367431640625,
                1
            ],
            "name": "wrist_R"
        },
        {
            "children": [
                21
            ],
            "matrix": [
                0.64675110578537,
                0.5302792191505431,
                -0.5481945276260377,
                0,
                -0.6767899391007338,
                0.730415145165327,
                -0.09192114500308815,
                0,
                0.351665561134131,
                0.4304624578866369,
                0.8312840854966549,
                0,
                -6.585872650146477,
                -1.6504058837890483,
                10.744063377380373,
                1
            ],
            "name": "thumb7_0_C_R"
        },
        {
            "matrix": [
                1.0000000000000002,
                2.682209015308912e-7,
                -2.3841857904605135e-7,
                0,
                -2.682210684668007e-7,
                0.9999998807906763,
                -8.344650268693465e-7,
                0,
                2.384184121240196e-7,
                8.344653892877751e-7,
                1.0000002384188353,
                0,
                -14.88541412353517,
                0.000030517578125,
                0.000019073486342335855,
                1
            ],
            "name": "thumb7_1_C_R"
        },
        {
            "matrix": [
                -0.20187732577323933,
                0.9647479057312016,
                0.16884125769138345,
                0,
                0.4726857091154884,
                -0.05501282792575096,
                0.8795127414213743,
                0,
                0.8577962744343508,
                0.25736245904336297,
                -0.444916582960847,
                0,
                -25.371875762939432,
                -1.033203125,
                11.792928695678711,
                1
            ],
            "name": "finger8_0_D_L"
        },
        {
            "matrix": [
                -0.42066434025764504,
                0.8987594246864322,
