{
    "animations": {},
    "asset": {},
    "attributes": {
        "attribute_1": {
            "bufferView": "bufferView_31",
            "byteOffset": 0,
            "byteStride": 12,
            "count": 2645,
            "max": [
                1,
                1,
                1
            ],
            "min": [
                0,
                0,
                0
            ],
            "type": "FLOAT_VEC3"
        },
        "attribute_10": {
            "bufferView": "bufferView_31",
            "byteOffset": 174412,
            "byteStride": 16,
            "count": 491,
            "max": [
                1,
                1,
                1
            ],
            "min": [
                0,
                0,
                0
            ],
            "type": "FLOAT_VEC4"
        },
        "attribute_11": {
            "bufferView": "bufferView_31",
            "byteOffset": 182268,
            "byteStride": 12,
            "count": 491,
            "max": [
                1,
                1,
                1
            ],
            "min": [
                0,
                0,
                0
            ],
            "type": "FLOAT_VEC3"
        },
        "attribute_13": {
            "bufferView": "bufferView_31",
            "byteOffset": 188160,
            "byteStride": 12,
            "count": 436,
            "max": [
                1,
                1,
                1
            ],
            "min": [
                0,
                0,
                0
            ],
            "type": "FLOAT_VEC3"
        },
        "attribute_14": {
            "bufferView": "bufferView_31",
            "byteOffset": 193392,
            "byteStride": 12,
            "count": 436,
            "max": [
                1,
                1,
                1
            ],
            "min": [
                0,
                0,
                0
            ],
            "type": "FLOAT_VEC3"
        },
        "attribute_15": {
            "bufferView": "bufferView_31",
            "byteOffset": 198624,
            "byteStride": 8,
            "count": 436,
            "max": [
                1,
                1,
                1
            ],
            "min": [
                0,
                0,
                0
            ],
            "type": "FLOAT_VEC2"
        },
        "attribute_16": {
            "bufferView": "bufferView_31",
            "byteOffset": 202112,
            "byteStride": 16,
            "count": 436,
            "max": [
                1,
                1,
                1
            ],
            "min": [
                0,
                0,
                0
            ],
            "type": "FLOAT_VEC4"
        },
        "attribute_17": {
            "bufferView": "bufferView_31",
            "byteOffset": 209088,
            "byteStride": 12,
            "count": 436,
            "max": [
                1,
                1,
                1
            ],
            "min": [
                0,
                0,
                0
            ],
            "type": "FLOAT_VEC3"
        },
        "attribute_19": {
            "bufferView": "bufferView_31",
            "byteOffset": 214320,
            "byteStride": 12,
            "count": 404,
            "max": [
                1,
                1,
                1
            ],
            "min": [
                0,
                0,
                0
            ],
            "type": "FLOAT_VEC3"
        },
        "attribute_2": {
            "bufferView": "bufferView_31",
            "byteOffset": 31740,
            "byteStride": 12,
            "count": 2645,
            "max": [
                1,
                1,
                1
            ],
            "min": [
                0,
                0,
                0
            ],
            "type": "FLOAT_VEC3"
        },
        "attribute_20": {
            "bufferView": "bufferView_31",
            "byteOffset": 219168,
            "byteStride": 12,
            "count": 404,
            "max": [
                1,
                1,
                1
            ],
            "min": [
                0,
                0,
                0
            ],
            "type": "FLOAT_VEC3"
        },
        "attribute_21": {
            "bufferView": "bufferView_31",
            "byteOffset": 224016,
            "byteStride": 8,
            "count": 404,
            "max": [
                1,
                1,
                1
            ],
            "min": [
                0,
                0,
                0
            ],
            "type": "FLOAT_VEC2"
        },
        "attribute_22": {
            "bufferView": "bufferView_31",
            "byteOffset": 227248,
            "byteStride": 16,
            "count": 404,
            "max": [
                1,
                1,
                1
            ],
            "min": [
                0,
                0,
                0
            ],
            "type": "FLOAT_VEC4"
        },
        "attribute_23": {
            "bufferView": "bufferView_31",
            "byteOffset": 233712,
            "byteStride": 12,
            "count": 404,
            "max": [
                1,
                1,
                1
            ],
            "min": [
                0,
                0,
                0
            ],
            "type": "FLOAT_VEC3"
        },
        "attribute_25": {
            "bufferView": "bufferView_31",
            "byteOffset": 238560,
            "byteStride": 12,
            "count": 378,
            "max": [
                1,
                1,
                1
            ],
            "min": [
                0,
                0,
                0
            ],
            "type": "FLOAT_VEC3"
        },
        "attribute_26": {
            "bufferView": "bufferView_31",
            "byteOffset": 243096,
            "byteStride": 12,
            "count": 378,
            "max": [
                1,
                1,
                1
            ],
            "min": [
                0,
                0,
                0
            ],
            "type": "FLOAT_VEC3"
        },
        "attribute_27": {
            "bufferView": "bufferView_31",
            "byteOffset": 247632,
            "byteStride": 8,
            "count": 378,
            "max": [
                1,
                1,
                1
            ],
            "min": [
                0,
                0,
                0
            ],
            "type": "FLOAT_VEC2"
        },
        "attribute_28": {
            "bufferView": "bufferView_31",
            "byteOffset": 250656,
            "byteStride": 16,
            "count": 378,
            "max": [
                1,
                1,
                1
            ],
            "min": [
                0,
                0,
                0
            ],
            "type": "FLOAT_VEC4"
        },
        "attribute_29": {
            "bufferView": "bufferView_31",
            "byteOffset": 256704,
            "byteStride": 12,
            "count": 378,
            "max": [
                1,
                1,
                1
            ],
            "min": [
                0,
                0,
                0
            ],
            "type": "FLOAT_VEC3"
        },
        "attribute_3": {
            "bufferView": "bufferView_31",
            "byteOffset": 63480,
            "byteStride": 8,
            "count": 2645,
            "max": [
                1,
                1,
                1
            ],
            "min": [
                0,
                0,
                0
            ],
            "type": "FLOAT_VEC2"
        },
        "attribute_4": {
            "bufferView": "bufferView_31",
            "byteOffset": 84640,
            "byteStride": 16,
            "count": 2645,
            "max": [
                1,
                1,
                1
            ],
            "min": [
                0,
                0,
                0
            ],
            "type": "FLOAT_VEC4"
        },
        "attribute_5": {
            "bufferView": "bufferView_31",
            "byteOffset": 126960,
            "byteStride": 12,
            "count": 2645,
            "max": [
                1,
                1,
                1
            ],
            "min": [
                0,
                0,
                0
            ],
            "type": "FLOAT_VEC3"
        },
        "attribute_7": {
            "bufferView": "bufferView_31",
            "byteOffset": 158700,
            "byteStride": 12,
            "count": 491,
            "max": [
                1,
                1,
                1
            ],
            "min": [
                0,
                0,
                0
            ],
            "type": "FLOAT_VEC3"
        },
        "attribute_8": {
            "bufferView": "bufferView_31",
            "byteOffset": 164592,
            "byteStride": 12,
            "count": 491,
            "max": [
                1,
                1,
                1
            ],
            "min": [
                0,
                0,
                0
            ],
            "type": "FLOAT_VEC3"
        },
        "attribute_9": {
            "bufferView": "bufferView_31",
            "byteOffset": 170484,
            "byteStride": 8,
            "count": 491,
            "max": [
                1,
                1,
                1
            ],
            "min": [
                0,
                0,
                0
            ],
            "type": "FLOAT_VEC2"
        }
    },
    "bufferViews": {
        "bufferView_31": {
            "buffer": "ursa.bin",
            "byteLength": 261240,
            "byteOffset": 0,
            "target": "ARRAY_BUFFER"
        },
        "bufferView_32": {
            "buffer": "ursa.bin",
            "byteLength": 45672,
            "byteOffset": 261240,
            "target": "ELEMENT_ARRAY_BUFFER"
        }
    },
    "buffers": {
        "ursa.bin": {
            "byteLength": 306912,
            "path": "ursa.bin"
        }
    },
    "cameras": {},
    "images": {
        "image_0": {
            "path": "textures/ursa_color.png"
        },
        "image_1": {
            "path": "textures/skirt_color.png"
        },
        "image_2": {
            "path": "textures/helmet_color.png"
        },
        "image_3": {
            "path": "textures/fur_color.png"
        },
        "image_4": {
            "path": "textures/bracer_color.png"
        }
    },
    "indices": {
        "indices_12": {
            "bufferView": "bufferView_32",
            "byteOffset": 30564,
            "count": 2286,
            "type": "UNSIGNED_SHORT"
        },
        "indices_18": {
            "bufferView": "bufferView_32",
            "byteOffset": 35136,
            "count": 2088,
            "type": "UNSIGNED_SHORT"
        },
        "indices_24": {
            "bufferView": "bufferView_32",
            "byteOffset": 39312,
            "count": 1356,
            "type": "UNSIGNED_SHORT"
        },
        "indices_30": {
            "bufferView": "bufferView_32",
            "byteOffset": 42024,
            "count": 1824,
            "type": "UNSIGNED_SHORT"
        },
        "indices_6": {
            "bufferView": "bufferView_32",
            "byteOffset": 0,
            "count": 15282,
            "type": "UNSIGNED_SHORT"
        }
    },
    "lights": {},
    "materials": {
        "Material #35": {
            "instanceTechnique": {
                "technique": "technique_0",
                "values": [
                    {
                        "parameter": "ambient",
                        "value": [
                            0.5879999995231628,
                            0.5879999995231628,
                            0.5879999995231628
                        ]
                    },
                    {
                        "parameter": "emission",
                        "value": [
                            0,
                            0,
                            0
                        ]
                    },
                    {
                        "parameter": "diffuse",
                        "value": "Map #10"
                    },
                    {
                        "parameter": "shininess",
                        "value": 2
                    },
                    {
                        "parameter": "specular",
                        "value": [
                            0.8999999761581421,
                            0.8999999761581421,
                            0.8999999761581421
                        ]
                    }
                ]
            },
            "name": "Material #35"
        },
        "Material #46": {
            "instanceTechnique": {
                "technique": "technique_0",
                "values": [
                    {
                        "parameter": "ambient",
                        "value": [
                            0.5879999995231628,
                            0.5879999995231628,
                            0.5879999995231628
                        ]
                    },
                    {
                        "parameter": "emission",
                        "value": [
                            0,
                            0,
                            0
                        ]
                    },
                    {
                        "parameter": "diffuse",
                        "value": "Map #9"
                    },
                    {
                        "parameter": "shininess",
                        "value": 2
                    },
                    {
                        "parameter": "specular",
                        "value": [
                            0.8999999761581421,
                            0.8999999761581421,
                            0.8999999761581421
                        ]
                    }
                ]
            },
            "name": "Material #46"
        },
        "Material #57": {
            "instanceTechnique": {
                "technique": "technique_0",
                "values": [
                    {
                        "parameter": "ambient",
                        "value": [
                            0.5879999995231628,
                            0.5879999995231628,
                            0.5879999995231628
                        ]
                    },
                    {
                        "parameter": "emission",
                        "value": [
                            0,
                            0,
                            0
                        ]
                    },
                    {
                        "parameter": "diffuse",
                        "value": "Map #8"
                    },
                    {
                        "parameter": "shininess",
                        "value": 2
                    },
                    {
                        "parameter": "specular",
                        "value": [
                            0.8999999761581421,
                            0.8999999761581421,
                            0.8999999761581421
                        ]
                    }
                ]
            },
            "name": "Material #57"
        },
        "Material #68": {
            "instanceTechnique": {
                "technique": "technique_0",
                "values": [
                    {
                        "parameter": "ambient",
                        "value": [
                            0.5879999995231628,
                            0.5879999995231628,
                            0.5879999995231628
                        ]
                    },
                    {
                        "parameter": "emission",
                        "value": [
                            0,
                            0,
                            0
                        ]
                    },
                    {
                        "parameter": "diffuse",
                        "value": "Map #7"
                    },
                    {
                        "parameter": "shininess",
                        "value": 2
                    },
                    {
                        "parameter": "specular",
                        "value": [
                            0.8999999761581421,
                            0.8999999761581421,
                            0.8999999761581421
                        ]
                    }
                ]
            },
            "name": "Material #68"
        },
        "Material #79": {
            "instanceTechnique": {
                "technique": "technique_0",
                "values": [
                    {
                        "parameter": "ambient",
                        "value": [
                            0.5879999995231628,
                            0.5879999995231628,
                            0.5879999995231628
                        ]
                    },
                    {
                        "parameter": "emission",
                        "value": [
                            0,
                            0,
                            0
                        ]
                    },
                    {
                        "parameter": "diffuse",
                        "value": "Map #6"
                    },
                    {
                        "parameter": "shininess",
                        "value": 2
                    },
                    {
                        "parameter": "specular",
                        "value": [
                            0.8999999761581421,
                            0.8999999761581421,
                            0.8999999761581421
                        ]
                    }
                ]
            },
            "name": "Material #79"
        }
    },
    "meshes": {
        "bracers_model_LOD0-mesh": {
            "name": "bracers_model_LOD0-mesh",
            "primitives": [
                {
                    "indices": "indices_30",
                    "material": "Material #79",
                    "semantics": {
                        "JOINT": "attribute_28",
                        "NORMAL": "attribute_26",
                        "POSITION": "attribute_25",
                        "TEXCOORD_0": "attribute_27",
                        "WEIGHT": "attribute_29"
                    },
                    "skin": "skin_4"
                }
            ]
        },
        "fur_model_LOD0-mesh": {
            "name": "fur_model_LOD0-mesh",
            "primitives": [
                {
                    "indices": "indices_24",
                    "material": "Material #68",
                    "semantics": {
                        "JOINT": "attribute_22",
                        "NORMAL": "attribute_20",
                        "POSITION": "attribute_19",
                        "TEXCOORD_0": "attribute_21",
                        "WEIGHT": "attribute_23"
                    },
                    "skin": "skin_3"
                }
            ]
        },
        "helmet_model_LOD0-mesh": {
            "name": "helmet_model_LOD0-mesh",
            "primitives": [
                {
                    "indices": "indices_18",
                    "material": "Material #57",
                    "semantics": {
                        "JOINT": "attribute_16",
                        "NORMAL": "attribute_14",
                        "POSITION": "attribute_13",
                        "TEXCOORD_0": "attribute_15",
                        "WEIGHT": "attribute_17"
                    },
                    "skin": "skin_2"
                }
            ]
        },
        "skirt_model_LOD0-mesh": {
            "name": "skirt_model_LOD0-mesh",
            "primitives": [
                {
                    "indices": "indices_12",
                    "material": "Material #46",
                    "semantics": {
                        "JOINT": "attribute_10",
                        "NORMAL": "attribute_8",
                        "POSITION": "attribute_7",
                        "TEXCOORD_0": "attribute_9",
                        "WEIGHT": "attribute_11"
                    },
                    "skin": "skin_1"
                }
            ]
        },
        "ursa_model_LOD0-mesh": {
            "name": "ursa_model_LOD0-mesh",
            "primitives": [
                {
                    "indices": "indices_6",
                    "material": "Material #35",
                    "semantics": {
                        "JOINT": "attribute_4",
                        "NORMAL": "attribute_2",
                        "POSITION": "attribute_1",
                        "TEXCOORD_0": "attribute_3",
                        "WEIGHT": "attribute_5"
                    },
                    "skin": "skin_0"
                }
            ]
        }
    },
    "nodes": {
        "Head_0": {
            "children": [
                "Head_1"
            ],
            "matrix": [
                0.8137937784194946,
                2.220446053386216e-16,
                -0.5811538696289062,
                0,
                -2.7285119537371523e-16,
                1,
                0,
                0,
                0.5811538696289061,
                1.5856852743959731e-16,
                0.8137937784194945,
                0,
                12.32746505737304,
                -8.488883054269535e-7,
                0.0000152587890625,
                1
            ],
            "name": "Head_0"
        },
        "Head_1": {
            "children": [
                "ear1_0_R",
                "ear0_0_L",
                "jaw0_0"
            ],
            "matrix": [
                0.9667348265647889,
                1.164742943514253e-16,
                0.2557801008224487,
                0,
                1.219654713203172e-7,
                1.0000000000000002,
                -4.609751442785637e-7,
                0,
                -0.2557801008224486,
                4.7683706670598404e-7,
                0.9667348265647887,
                0,
                22.104211807250973,
                -0.0000026843431442102887,
                0,
                1
            ],
            "name": "Head_1"
        },
        "Root_0": {
            "children": [
                "thigh_R",
                "thigh_L",
                "buttArmor5_0",
                "thighArmor3_0",
                "thighArmor4_0",
                "Spine_0"
            ],
            "matrix": [
                -1.629206851037603e-7,
                -1.0000000000000002,
                0,
                0,
                1.0000000000000002,
                -1.629206851037603e-7,
                0,
                0,
                0,
                0,
                1,
                0,
                0,
                14.890277862548828,
                72.91301727294922,
                1
            ],
            "name": "Root_0"
        },
        "Spine_0": {
            "children": [
                "Spine_1"
            ],
            "matrix": [
                -0.05846042186021856,
                -1.3938050694789192e-8,
                0.9982896447181704,
                0,
                -4.764293922066051e-7,
                1.0000000000000002,
                -1.3938051580355334e-8,
                0,
                -0.9982896447181697,
                -4.764293530545224e-7,
                -0.05846042186022517,
                0,
                0.048275947570799005,
                3.3171181712532416e-7,
                7.4087371826171875,
                1
            ],
            "name": "Spine_0"
        },
        "Spine_1": {
            "children": [
                "Spine_2"
            ],
            "matrix": [
                0.9714989662170413,
                -7.993605750831347e-15,
                -0.23704466223716741,
                0,
                -1.1303168101054422e-7,
                1.0000000000000002,
                -4.6324674940478866e-7,
                0,
                0.23704466223716741,
                4.768372947974006e-7,
                0.9714989662170413,
                0,
                16.76998901367189,
                9.220730134984487e-7,
                -0.0000019073486328125,
                1
            ],
            "name": "Spine_1"
        },
        "Spine_2": {
            "children": [
                "Spine_3",
                "backHair6_0"
            ],
            "matrix": [
                0.9096174240112309,
                1.3234889800848443e-23,
                -0.4154468774795533,
                0,
                7.55120486374905e-8,
                1.0000000000000002,
                1.6533299174170677e-7,
                0,
                0.41544687747955333,
                -1.8176101487069098e-7,
                0.9096174240112305,
                0,
                25.03741455078125,
                -0.0000010198073141509667,
                0.000003814697265625,
                1
            ],
            "name": "Spine_2"
        },
        "Spine_3": {
            "children": [
                "clavicle_R",
                "backHair7_0",
                "Head_0",
                "clavicle_L"
            ],
            "matrix": [
                0.8253116607666016,
                1.196887033927396e-8,
                -0.5646772384643555,
                0,
                -1.4502242798059404e-8,
                0.9999999999999998,
                4.440892106772432e-16,
                0,
                0.5646772384643552,
                8.189086048235766e-9,
                0.8253116607666013,
                0,
                27.247787475585923,
                -1.2712780517176767e-7,
                0,
                1
            ],
            "name": "Spine_3"
        },
        "ankle_L": {
            "children": [
                "toeBase_L"
            ],
            "matrix": [
                0.5935832262039183,
                -0.45650982856750477,
                0.662765383720398,
                0,
                0.07618135383211991,
                0.8517191409063043,
                0.5184310974266298,
                0,
                -0.8011589404939251,
                -0.2572416667317876,
                0.5403437901509816,
                0,
                25.788114547729485,
                -0.0000152587890625,
                -9.536743137417147e-7,
                1
            ],
            "name": "ankle_L"
        },
        "ankle_R": {
            "children": [
                "toeBase_R"
            ],
            "matrix": [
                0.5935832262039187,
                -0.4565104842185975,
                0.6627644300460818,
                0,
                0.07618227586426829,
                0.8517186681198538,
                0.5184315345506001,
                0,
                -0.8011584565378684,
                -0.25724142057552757,
                0.5403440493017798,
                0,
                -25.788122177124023,
                0,
                0.000004768371581143072,
                1
            ],
            "name": "ankle_R"
        },
        "backHair6_0": {
            "children": [],
            "matrix": [
                -0.5722633600234983,
                -1.8646704775587522e-7,
                0.820069670677185,
                0,
                -3.9753409696896283e-7,
                0.9999999999999998,
                -5.002885945728471e-8,
                0,
                -0.8200696706771474,
                -3.5463533919544643e-7,
                -0.5722633600235526,
                0,
                3.2360916137695312,
                0.0000010267583547829422,
                29.880378723144545,
                1
            ],
            "name": "backHair6_0"
        },
        "backHair7_0": {
            "children": [],
            "matrix": [
                -0.9353707432746886,
                1.4123703787953105e-7,
                0.35366904735565197,
                0,
                1.2007705702628229e-7,
                0.9999999999999996,
                -8.177269686124829e-8,
                0,
                -0.3536690473556565,
                -3.40202498749254e-8,
                -0.9353707432746873,
                0,
                -15.323863983154297,
                0.0000021884072793909573,
                24.145294189453097,
                1
            ],
            "name": "backHair7_0"
        },
        "bicep_L": {
            "children": [
                "elbow_L"
            ],
            "matrix": [
                0.8591675162315368,
                -0.4755787849426269,
                -0.18882921338081354,
                0,
                -0.4765913723793277,
                -0.6094186155687782,
                -0.6336162652418589,
                0,
                0.18625842005275783,
                0.6343769014701442,
                -0.750249441420891,
                0,
                29.271305084228516,
                0.000030517578125,
                0,
                1
            ],
            "name": "bicep_L"
        },
        "bicep_R": {
            "children": [
                "elbow_R"
            ],
            "matrix": [
                0.8591675758361821,
                -0.4755783081054688,
                -0.18882930278778073,
                0,
                -0.47659132092226164,
                -0.6094190381759379,
                -0.6336163561056732,
                0,
                0.18625798729743223,
                0.634376915495994,
                -0.7502494298011941,
                0,
                -29.271278381347663,
                -0.0000152587890625,
                0.000007629394538355427,
                1
            ],
            "name": "bicep_R"
        },
        "bracers_model_LOD0": {
            "children": [],
            "matrix": [
                1,
                0,
                0,
                0,
                0,
                1,
                0,
                0,
                0,
                0,
                1,
                0,
                0,
                0,
                0,
                1
            ],
            "meshes": [
                "bracers_model_LOD0-mesh"
            ],
            "name": "bracers_model_LOD0"
        },
        "buttArmor5_0": {
            "children": [],
            "matrix": [
                -1,
                -3.2584136956428006e-7,
                -3.7252911511131975e-7,
                0,
                -3.258414258146128e-7,
                1,
                1.5099580265055e-7,
                0,
                3.725290659106012e-7,
                1.5099592403595208e-7,
                -1.0000000000000002,
                0,
                -25.786029815673828,
                -0.000004201077445031842,
                0,
                1
            ],
            "name": "buttArmor5_0"
        },
        "clavicle_L": {
            "children": [
                "bicep_L"
            ],
            "matrix": [
                -0.4278774857521054,
                0.8768761157989503,
                -0.21910896897315976,
                0,
                -0.09608645797758558,
                0.19691662001100035,
                0.9757004195112003,
                0,
                0.898714762738624,
                0.4385337305816933,
                -2.682208962712096e-7,
                0,
                6.038631439208984,
                5.546484947204589,
                7.490905761718722,
                1
            ],
            "name": "clavicle_L"
        },
        "clavicle_R": {
            "children": [
                "bicep_R"
            ],
            "matrix": [
                0.42787706851959206,
                0.8768765926361086,
                0.21910890936851501,
                0,
                0.09608661955299608,
                0.19691641441810276,
                -0.9757004232438533,
                0,
                -0.8987151978306731,
                0.43853336615547567,
                -8.9406965719796e-8,
                0,
                6.03863525390625,
                -5.546486854553223,
                7.49090576171875,
                1
            ],
            "name": "clavicle_R"
        },
        "ear0_0_L": {
            "children": [],
            "matrix": [
                -1.197695098861072e-7,
                -0.21684214472770677,
                0.9762065410614015,
                0,
                2.2527662653945327e-7,
                0.9762065947090796,
                0.21684215664434947,
                0,
                -0.9999999403953557,
                2.4588763427128616e-7,
                -6.807032935635784e-8,
                0,
                3.8970947265625,
                -11.736885070800783,
                11.039901733398438,
                1
            ],
            "name": "ear0_0_L"
        },
        "ear1_0_R": {
            "children": [],
            "matrix": [
                -1.1976914038328884e-7,
                -0.21684147417545316,
                -0.9762067794799807,
                0,
                -8.531096928194425e-7,
                -0.97620683312767,
                0.21684148609213566,
                0,
                -0.9999999403953557,
                8.587823706030842e-7,
                -6.807010910984367e-8,
                0,
                3.8970985412597585,
                11.7368860244751,
                11.039886474609375,
                1
            ],
            "name": "ear1_0_R"
        },
        "elbow_L": {
            "children": [
                "wrist_L"
            ],
            "matrix": [
                0.9218366146087648,
                -1.1102230246251565e-16,
                -0.3875780701637268,
                0,
                -1.2530123993936826e-8,
                1.00000011920929,
                -2.980232374771852e-8,
                0,
                0.3875780622983843,
                3.232926999718888e-8,
                0.9218365959014097,
                0,
                49.25668334960937,
                0.00003814697265625,
                -0.000003814697265625,
                1
            ],
            "name": "elbow_L"
        },
        "elbow_R": {
            "children": [
                "wrist_R"
            ],
            "matrix": [
                0.9218370914459227,
                1.1102230246251565e-16,
                -0.3875781297683716,
                0,
                3.759035899220109e-8,
                0.9999998807907139,
                8.940697268644549e-8,
                0,
                0.3875780535389076,
                -9.698785725931192e-8,
                0.9218369101375826,
                0,
                -49.25670623779294,
                -0.00003814697265625,
                0.000015258789069605427,
                1
            ],
            "name": "elbow_R"
        },
        "finger1_0": {
            "children": [],
            "matrix": [
                -0.6412863135337832,
                0.7209557294845577,
                -0.26263028383254994,
                0,
                -0.7608662047984893,
                -0.6417364120747215,
                0.09621716161126943,
                0,
                -0.09917106686002548,
                0.2615291632323959,
                0.9600872864164544,
                0,
                -28.162734985351555,
                -0.234222412109375,
                -0.06881332397461026,
                1
            ],
            "name": "finger1_0"
        },
        "finger2_0": {
            "children": [],
            "matrix": [
                -0.6546162962913511,
                0.7051818966865538,
                -0.2723899483680724,
                0,
                -0.7435292721963276,
                -0.6656805143612543,
                0.06351383649970822,
                0,
                -0.13653585004445035,
                0.24410705099206748,
                0.9600885320733448,
                0,
                -24.74285888671875,
                -0.0994415283203125,
                -7.273033618927001,
                1
            ],
            "name": "finger2_0"
        },
        "finger2_0_A_L": {
            "children": [],
            "matrix": [
                0.32620891928672807,
                -0.9312261939048769,
                -0.162497490644455,
                0,
                0.2563639486668491,
                -0.07830793263309901,
                0.963403213651493,
                0,
                -0.9098709655147279,
                -0.3559291471900956,
                0.21318803477715328,
                0,
                27.463855743408217,
                0.10195922851563921,
                -12.824664115905765,
                1
            ],
            "name": "finger2_0_A_L"
        },
        "finger3_0_A_R": {
            "children": [],
            "matrix": [
                0.4026761054992676,
                -0.9067997932434082,
                0.12476325780153275,
                0,
                -0.051973306853375444,
                -0.15873307405619838,
                -0.9859530130023944,
                0,
                0.9138657354899897,
                0.3905352286540649,
                -0.11104736252237717,
                0,
                28.118862152099624,
                0.9527053833007955,
                -6.735774517059328,
                1
            ],
            "name": "finger3_0_A_R"
        },
        "finger4_0_B_L": {
            "children": [],
            "matrix": [
                0.41316691040992765,
                -0.8959832787513735,
                0.1628095656633378,
                0,
                -0.036984594142107315,
                0.16212572291752453,
                0.9860768722644636,
                0,
                -0.9099041006880897,
                -0.41343582272566415,
                0.03384740957423072,
                0,
                28.73265075683595,
                1.8290252685547017,
                0.7600131034851065,
                1
            ],
            "name": "finger4_0_B_L"
        },
        "finger5_0_B_R": {
            "children": [],
            "matrix": [
                0.4058297276496888,
                -0.8703234791755681,
                0.27899730205535894,
                0,
                0.8703236541317795,
                0.46119869498891036,
                0.17272153148289734,
                0,
                -0.27899677411658613,
                0.17272240589926138,
                0.9446311779617206,
                0,
                25.302970886230476,
                0.49533843994142046,
                6.125159263610843,
                1
            ],
            "name": "finger5_0_B_R"
        },
        "finger8_0_D_L": {
            "children": [],
            "matrix": [
                -0.20187732577323922,
                0.9647479057312012,
                0.1688412576913834,
                0,
                0.47268570911548824,
                -0.055012827925750955,
                0.8795127414213738,
                0,
                0.8577962744343505,
                0.25736245904336286,
                -0.4449165829608468,
                0,
                -25.371875762939453,
