{
    "accessors": [
        {
            "bufferView": 0,
            "byteOffset": 0,
            "componentType": 5126,
            "count": 1961,
            "max": [
                38.40520477294922,
                43.163970947265625,
                72.68240356445312
            ],
            "min": [
                -38.40520095825195,
                -57.4154052734375,
                10.187399864196777
            ],
            "type": "VEC3"
        },
        {
            "bufferView": 0,
            "byteOffset": 23532,
            "componentType": 5126,
            "count": 1961,
            "max": [
                0.9989924430847168,
                0.9915660619735718,
                0.9841961860656738
            ],
            "min": [
                -0.9989924430847168,
                -0.9994050860404968,
                -0.9974170923233032
            ],
            "type": "VEC3"
        },
        {
            "bufferView": 0,
            "byteOffset": 47064,
            "componentType": 5126,
            "count": 1961,
            "max": [
                0.9961609840393066,
                0.9892119765281677
            ],
            "min": [
                0.013471799902617931,
                -0.0004099607467651367
            ],
            "type": "VEC2"
        },
        {
            "bufferView": 0,
            "byteOffset": 62752,
            "componentType": 5123,
            "count": 1961,
            "max": [
                27,
                29,
                29,
                0
            ],
            "min": [
                0,
                0,
                0,
                0
            ],
            "type": "VEC4"
        },
        {
            "bufferView": 0,
            "byteOffset": 78440,
            "componentType": 5126,
            "count": 1961,
            "max": [
                1,
                0.9998637437820435,
                0.9996992349624634,
                0
            ],
            "min": [
                0.00010041753557743505,
                0,
                0,
                0
            ],
            "type": "VEC4"
        },
        {
            "bufferView": 2,
            "byteOffset": 0,
            "componentType": 5123,
            "count": 8880,
            "max": [
                1960
            ],
            "min": [
                0
            ],
            "type": "SCALAR"
        },
        {
            "bufferView": 1,
            "byteOffset": 0,
            "componentType": 5126,
            "count": 30,
            "max": [
                0.8210793365599373,
                0.9999999999999732,
                0.9999999999999618,
                0,
                0.8314941903512456,
                0.9725685979523401,
                0.9997606924257114,
                0,
                0.9764370730268561,
                0.8426486341567215,
                1,
                0,
                46.29386803092953,
                23.70674193081977,
                29.455452754810153,
                1
            ],
            "min": [
                -7.283502932230105e-7,
                -0.9867015047104356,
                -0.9274379780326615,
                0,
                -0.9999999999999732,
                -0.9764370730247259,
                -0.9997608382036335,
                0,
                -0.9521681712558261,
                -0.8426483860378456,
                -0.3266024310832651,
                0,
                -57.256640858704074,
                -60.82072198986554,
                -49.80418579938942,
                1
            ],
            "type": "MAT4"
        },
        {
            "bufferView": 0,
            "byteOffset": 109816,
            "componentType": 5126,
            "count": 810,
            "max": [
                23.217464447021484,
                105.61250305175781,
                104.9426498413086
            ],
            "min": [
                -24.36576271057129,
                23.942882537841797,
                27.47273826599121
            ],
            "type": "VEC3"
        },
        {
            "bufferView": 0,
            "byteOffset": 119536,
            "componentType": 5126,
            "count": 810,
            "max": [
                0.9961062073707581,
                0.9521793127059937,
                0.9992973208427429
            ],
            "min": [
                -0.9991527795791626,
                -0.9999313950538635,
                -0.9811509251594543
            ],
            "type": "VEC3"
        },
        {
            "bufferView": 0,
            "byteOffset": 129256,
            "componentType": 5126,
            "count": 810,
            "max": [
                0.9861866235733032,
                0.9877057671546936
            ],
            "min": [
                0.014641713351011276,
                0.014873862266540527
            ],
            "type": "VEC2"
        },
        {
            "bufferView": 0,
            "byteOffset": 135736,
            "componentType": 5123,
            "count": 810,
            "max": [
                2,
                4,
                4,
                0
            ],
            "min": [
                0,
                0,
                0,
                0
            ],
            "type": "VEC4"
        },
        {
            "bufferView": 0,
            "byteOffset": 142216,
            "componentType": 5126,
            "count": 810,
            "max": [
                1,
                0.9973927140235901,
                0.6161280870437622,
                0
            ],
            "min": [
                0.00028265692526474595,
                0,
                0,
                0
            ],
            "type": "VEC4"
        },
        {
            "bufferView": 2,
            "byteOffset": 17760,
            "componentType": 5123,
            "count": 3318,
            "max": [
                809
            ],
            "min": [
                0
            ],
            "type": "SCALAR"
        },
        {
            "bufferView": 1,
            "byteOffset": 1920,
            "componentType": 5126,
            "count": 5,
            "max": [
                1.6292068478213135e-7,
                0.9999999999999732,
                0.9999999999998027,
                0,
                0.9840191998515015,
                0.5784313096369595,
                4.4402069687919956e-7,
                0,
                0.9764369864572395,
                0.9831388584211089,
                1,
                0,
                18.817062377929187,
                23.706725335760623,
                8.034189768520635,
                1
            ],
            "min": [
                -0.06776396532300358,
                3.778064464007553e-7,
                -6.123233995736683e-17,
                0,
                -0.9999999999999732,
                -0.9764369864570539,
                -0.0031833849565360206,
                0,
                -0.5744550486839074,
                6.123232998135209e-17,
                -0.12105414760919901,
                0,
                -57.25664773083101,
                -97.31608115323061,
                -25.948095321655273,
                1
            ],
            "type": "MAT4"
        },
        {
            "bufferView": 0,
            "byteOffset": 155176,
            "componentType": 5126,
            "count": 41,
            "max": [
                8.495055198669434,
                6.732170104980469,
                87.85169982910156
            ],
            "min": [
                -8.495064735412598,
                -24.21450424194336,
                65.07160186767578
            ],
            "type": "VEC3"
        },
        {
            "bufferView": 0,
            "byteOffset": 155668,
            "componentType": 5126,
            "count": 41,
            "max": [
                0.8774174451828003,
                0.7942507863044739,
                0.6741516590118408
            ],
            "min": [
                -0.8774172067642212,
                -0.6363285183906555,
                -0.692876398563385
            ],
            "type": "VEC3"
        },
        {
            "bufferView": 0,
            "byteOffset": 156160,
            "componentType": 5126,
            "count": 41,
            "max": [
                0.990582287311554,
                0.9843372702598572
            ],
            "min": [
                0.011075049638748169,
                0.014587044715881348
            ],
            "type": "VEC2"
        },
        {
            "bufferView": 0,
            "byteOffset": 156488,
            "componentType": 5123,
            "count": 41,
            "max": [
                0,
                0,
                0,
                0
            ],
            "min": [
                0,
                0,
                0,
                0
            ],
            "type": "VEC4"
        },
        {
            "bufferView": 0,
            "byteOffset": 156816,
            "componentType": 5126,
            "count": 41,
            "max": [
                1,
                0,
                0,
                0
            ],
            "min": [
                1,
                0,
                0,
                0
            ],
            "type": "VEC4"
        },
        {
            "bufferView": 2,
            "byteOffset": 24396,
            "componentType": 5123,
            "count": 144,
            "max": [
                40
            ],
            "min": [
                0
            ],
            "type": "SCALAR"
        },
        {
            "bufferView": 1,
            "byteOffset": 2240,
            "componentType": 5126,
            "count": 1,
            "max": [
                -1.9328143475195115e-7,
                -4.797366135578698e-8,
                0.9999999999999603,
                0,
                0.6902437725187158,
                -0.7235768948581175,
                9.869867491962515e-8,
                0,
                0.7235768948580854,
                0.6902437725187333,
                1.7296750341561086e-7,
                0,
                -25.527550178814455,
                -60.82073262811788,
                -0.000008595463426012576,
                1
            ],
            "min": [
                -1.9328143475195115e-7,
                -4.797366135578698e-8,
                0.9999999999999603,
                0,
                0.6902437725187158,
                -0.7235768948581175,
                9.869867491962515e-8,
                0,
                0.7235768948580854,
                0.6902437725187333,
                1.7296750341561086e-7,
                0,
                -25.527550178814455,
                -60.82073262811788,
                -0.000008595463426012576,
                1
            ],
            "type": "MAT4"
        },
        {
            "bufferView": 0,
            "byteOffset": 157472,
            "componentType": 5126,
            "count": 1194,
            "max": [
                113.03679656982422,
                132.76268005371094,
                132.59071350097656
            ],
            "min": [
                -113.07872009277344,
                -129.69842529296875,
                -2.205350637435913
            ],
            "type": "VEC3"
        },
        {
            "bufferView": 0,
            "byteOffset": 171800,
            "componentType": 5126,
            "count": 1194,
            "max": [
                0.9998095631599426,
                0.9999428987503052,
                0.9338126182556152
            ],
            "min": [
                -0.9994467496871948,
                -0.9979653358459473,
                -0.9991474747657776
            ],
            "type": "VEC3"
        },
        {
            "bufferView": 0,
            "byteOffset": 186128,
            "componentType": 5126,
            "count": 1194,
            "max": [
                0.9903932809829712,
                0.9884091019630432
            ],
            "min": [
                0.006764675490558147,
                0.009341776371002197
            ],
            "type": "VEC2"
        },
        {
            "bufferView": 0,
            "byteOffset": 195680,
            "componentType": 5123,
            "count": 1194,
            "max": [
                33,
                33,
                32,
                0
            ],
            "min": [
                0,
                0,
                0,
                0
            ],
            "type": "VEC4"
        },
        {
            "bufferView": 0,
            "byteOffset": 205232,
            "componentType": 5126,
            "count": 1194,
            "max": [
                1,
                0.8890735507011414,
                0.6613573431968689,
                0
            ],
            "min": [
                0.11092644929885864,
                0,
                0,
                0
            ],
            "type": "VEC4"
        },
        {
            "bufferView": 2,
            "byteOffset": 24684,
            "componentType": 5123,
            "count": 5640,
            "max": [
                1193
            ],
            "min": [
                0
            ],
            "type": "SCALAR"
        },
        {
            "bufferView": 1,
            "byteOffset": 2304,
            "componentType": 5126,
            "count": 34,
            "max": [
                0.871103110710329,
                0.999999999999992,
                0.9644039792880177,
                0,
                0.9828218285632081,
                0.9778810733224781,
                0.9997607485419948,
                0,
                0.9781367850084146,
                0.8426484700321489,
                1,
                0,
                98.78244405729066,
                26.021485270725623,
                123.41955717443575,
                1
            ],
            "min": [
                -0.23114835215813942,
                -0.9588778987019122,
                -0.9644031411132566,
                0,
                -0.9999999999999973,
                -0.9725687192236955,
                -0.9997608117436066,
                0,
                -0.978136692903309,
                -0.8426483605768702,
                -0.9060645121525014,
                0,
                -98.78247964782999,
                -28.780812962884085,
                -139.91107755575595,
                1
            ],
            "type": "MAT4"
        }
    ],
    "asset": {
        "generator": "ClayGL - fbx2gltf",
        "version": "2.0"
    },
    "bufferViews": [
        {
            "buffer": 0,
            "byteLength": 224336,
            "byteOffset": 0,
            "target": 34962
        },
        {
            "buffer": 0,
            "byteLength": 4480,
            "byteOffset": 224336,
            "target": 34962
        },
        {
            "buffer": 0,
            "byteLength": 35964,
            "byteOffset": 228816,
            "target": 34963
        }
    ],
    "buffers": [
        {
            "byteLength": 264780,
            "uri": "broodmother.bin"
        }
    ],
    "images": [
        {
            "uri": "textures/broodmother_body.png"
        },
        {
            "uri": "textures/broodmother_abdomen.png"
        },
        {
            "uri": "textures/broodmother_hair.png"
        },
        {
            "uri": "textures/broodmother_legs.png"
        }
    ],
    "materials": [
        {
            "emissiveFactor": [
                0,
                0,
                0
            ],
            "name": "Material #35",
            "pbrMetallicRoughness": {
                "baseColorFactor": [
                    1,
                    1,
                    1,
                    1
                ],
                "baseColorTexture": {
                    "index": 0,
                    "texCoord": 0
                },
                "metallicFactor": 0,
                "roughnessFactor": 0.9230769230769231
            }
        },
        {
            "emissiveFactor": [
                0,
                0,
                0
            ],
            "name": "Material #46",
            "pbrMetallicRoughness": {
                "baseColorFactor": [
                    1,
                    1,
                    1,
                    1
                ],
                "baseColorTexture": {
                    "index": 1,
                    "texCoord": 0
                },
                "metallicFactor": 0,
                "roughnessFactor": 0.9230769230769231
            }
        },
        {
            "emissiveFactor": [
                0,
                0,
                0
            ],
            "name": "Material #57",
            "pbrMetallicRoughness": {
                "baseColorFactor": [
                    1,
                    1,
                    1,
                    1
                ],
                "baseColorTexture": {
                    "index": 2,
                    "texCoord": 0
                },
                "metallicFactor": 0,
                "roughnessFactor": 0.9230769230769231
            }
        },
        {
            "emissiveFactor": [
                0,
                0,
                0
            ],
            "name": "Material #68",
            "pbrMetallicRoughness": {
                "baseColorFactor": [
                    1,
                    1,
                    1,
                    1
                ],
                "baseColorTexture": {
                    "index": 3,
                    "texCoord": 0
                },
                "metallicFactor": 0,
                "roughnessFactor": 0.9230769230769231
            }
        }
    ],
    "meshes": [
        {
            "name": "broodmother_model_LOD0",
            "primitives": [
                {
                    "attributes": {
                        "JOINTS_0": 3,
                        "NORMAL": 1,
                        "POSITION": 0,
                        "TEXCOORD_0": 2,
                        "WEIGHTS_0": 4
                    },
                    "indices": 5,
                    "material": 0
                }
            ]
        },
        {
            "name": "broodmother_abdomen_model_LOD0",
            "primitives": [
                {
                    "attributes": {
                        "JOINTS_0": 10,
                        "NORMAL": 8,
                        "POSITION": 7,
                        "TEXCOORD_0": 9,
                        "WEIGHTS_0": 11
                    },
                    "indices": 12,
                    "material": 1
                }
            ]
        },
        {
            "name": "broodmother_hair_model_LOD0",
            "primitives": [
                {
                    "attributes": {
                        "JOINTS_0": 17,
                        "NORMAL": 15,
                        "POSITION": 14,
                        "TEXCOORD_0": 16,
                        "WEIGHTS_0": 18
                    },
                    "indices": 19,
                    "material": 2
                }
            ]
        },
        {
            "name": "broodmother_legs_model_LOD0",
            "primitives": [
                {
                    "attributes": {
                        "JOINTS_0": 24,
                        "NORMAL": 22,
                        "POSITION": 21,
                        "TEXCOORD_0": 23,
                        "WEIGHTS_0": 25
                    },
                    "indices": 26,
                    "material": 3
                }
            ]
        }
    ],
    "nodes": [
        {
            "children": [
                1,
                6,
                11,
                16,
                21,
                26
            ],
            "matrix": [
                1.6292068478213574e-7,
                1.469367938527879e-39,
                1.0000000000000002,
                0,
                1.0000000000000002,
                6.123233995736847e-17,
                -1.6292068478213574e-7,
                0,
                -6.123233995736685e-17,
                1,
                9.976014756666736e-24,
                0,
                0,
                25.948095321655273,
                -18.817062377929688,
                1
            ],
            "name": "root"
        },
        {
            "children": [
                2
            ],
            "matrix": [
                0.06319903582334521,
                0.7884634733200075,
                -0.6118261814117433,
                0,
                -0.048883796137577915,
                -0.6098701728412774,
                -0.7909922429591175,
                0,
                -0.9968029825213152,
                0.07989832959612127,
                -1.1920927806037345e-7,
                0,
                10.720414161682127,
                -19.88803863525391,
                -5.535432815551758,
                1
            ],
            "name": "SimpleBugLeg_base_A_R"
        },
        {
            "children": [
                3
            ],
            "matrix": [
                0.8329473733901982,
                0.5485209226608277,
                -0.07295926660299305,
                0,
                -0.260563112589443,
                0.27247794529103697,
                -0.9262086836165191,
                0,
                -0.4881651283331704,
                0.7904937096055118,
                0.36988416661914925,
                0,
                -17.98102188110352,
                -0.000011444091795986822,
                0.0000019073486337006784,
                1
            ],
            "name": "SimpleBugLeg_0_A_R"
        },
        {
            "children": [
                4
            ],
            "matrix": [
                -0.3937334120273589,
                -8.083879948772577e-7,
                -0.9192246198654174,
                0,
                -3.789235835938154e-7,
                0.9999999403953596,
                -7.171185986143414e-7,
                0,
                0.9192246882351378,
                6.59623432819334e-8,
                -0.3937334413123631,
                0,
                -83.38018798828128,
                -0.00001764297485706834,
                -0.000003814697265625,
                1
            ],
            "name": "SimpleBugLeg_1_A_R"
        },
        {
            "children": [
                5
            ],
            "matrix": [
                0.8039323091506958,
                0.017650812864303547,
                -0.5944589376449587,
                0,
                1.8129237794317632e-7,
                -0.999559700299324,
                -0.029678913634939907,
                0,
                -0.5947210324169978,
                0.02385972891466498,
                -0.803578311352971,
                0,
                -51.905033111572266,
                0.00001716613770064157,
                -0.000045776367201710855,
                1
            ],
            "name": "SimpleBugLeg_2_A_R"
        },
        {
            "matrix": [
                1.000000238418579,
                -2.7755575615628914e-17,
                -1.490116111058093e-8,
                0,
                8.881784197001252e-16,
                0.9999998807907102,
                6.053596751653956e-8,
                0,
                1.4901155843960456e-8,
                -6.05359674610284e-8,
                0.9999998807907219,
                0,
                -77.78728485107419,
                0.000011920928955078125,
                -0.000015258789048289145,
                1
            ],
            "name": "SimpleBugLeg_3_A_R"
        },
        {
            "children": [
                7
            ],
            "matrix": [
                -0.189433753490448,
                0.8210790753364564,
                0.5384641885757445,
                0,
                0.12105114119347252,
                -0.5246811590432802,
                0.8426482254176354,
                0,
                0.9744029717096008,
                0.22480775104400819,
                -2.377363040202214e-7,
                0,
                -7.900152206420895,
                16.3522663116455,
                -8.772367477416992,
                1
            ],
            "name": "SimpleBugLeg_base_L"
        },
        {
            "children": [
                8
            ],
            "matrix": [
                0.7514654397964476,
                0.6328256726264954,
                -0.18663263320922843,
                0,
                -0.6068264138268542,
                0.5519028232062942,
                -0.5719835850295177,
                0,
                -0.25896283680344945,
                0.5430795435426047,
                0.798751283841542,
                0,
                22.625392913818356,
                -0.0000019073486363652137,
                -0.000007629394534802714,
                1
            ],
            "name": "SimpleBugLeg_0_L"
        },
        {
            "children": [
                9
            ],
            "matrix": [
                -0.08845788240432684,
                -5.21540641784668e-8,
                -0.9960799217224121,
                0,
                0.0000012980969873455095,
                1.0000000000035982,
                -1.6763812943354495e-7,
                0,
                0.996079978238732,
                -0.000001307837333777706,
                -0.08845788742324717,
                0,
                73.70118713378906,
                0.0000133514404296875,
                -0.000015258789058947286,
                1
            ],
            "name": "SimpleBugLeg_1_L"
        },
        {
            "children": [
                10
            ],
            "matrix": [
                0.5858447551727295,
                -0.06623832136392592,
                -0.8077116012573243,
                0,
                7.582632743918793e-8,
                0.9966543334402972,
                -0.08173296694259022,
                0,
                0.8104230711129584,
                0.04788276575010181,
                0.5838846822588923,
                0,
                68.51802062988281,
                0.000011444091786216859,
                0.0000152587890625,
                1
            ],
            "name": "SimpleBugLeg_2_L"
        },
        {
            "matrix": [
                0.9999998807907108,
                1.8626451478431783e-8,
                5.960464476983951e-7,
                0,
                -1.862645705730248e-8,
                0.9999997615814209,
                1.3038515989105548e-8,
                0,
                -5.960464474763505e-7,
                -1.3038528645648029e-8,
                0.9999998807906934,
                0,
                73.12142944335936,
                -0.00000762939453125,
                0.00003051757815342171,
                1
            ],
            "name": "SimpleBugLeg_3_L"
        },
        {
            "children": [
                12
            ],
            "matrix": [
                0.18943315744400033,
                0.8210792541503907,
                -0.5384641885757447,
                0,
                -0.12105032880131929,
                -0.5246813855803071,
                -0.842648325292508,
                0,
                -0.9744033154542734,
                0.2248068277425824,
                -1.378357407820007e-7,
                0,
                -7.900148391723633,
                -16.352258682250977,
                -8.772363662719727,
                1
            ],
            "name": "SimpleBugLeg_base_R"
        },
        {
            "children": [
                13
            ],
            "matrix": [
                0.751465320587158,
                0.6328257918357852,
                -0.18663254380226155,
                0,
                -0.606826541298178,
                0.5519029844667565,
                -0.5719830853767213,
                0,
                -0.25896255713557115,
                0.5430789626601047,
                0.7987513352158413,
                0,
                -22.625404357910163,
                -0.000004768371582919428,
                0,
                1
            ],
            "name": "SimpleBugLeg_0_R"
        },
        {
            "children": [
                14
            ],
            "matrix": [
                -0.08845773339271526,
                5.587935442141756e-8,
                -0.9960798621177673,
                0,
                -9.203946060853951e-7,
                0.9999998211859658,
                1.378357000758612e-7,
                0,
                0.9960795664263586,
                9.289790562361233e-7,
                -0.08845770713353199,
                0,
                -73.7011947631836,
                0.0000019073486328125,
                -0.000013351440433240214,
                1
            ],
            "name": "SimpleBugLeg_1_R"
        },
        {
            "children": [
                15
            ],
            "matrix": [
                0.5858452320098879,
                -0.06623869389295586,
                -0.807711720466614,
                0,
                1.2817232269979328e-7,
                -0.9966545715186205,
                0.08173358203944733,
                0,
                -0.8104229910126998,
                -0.04788330252641171,
                -0.5838849503197785,
                0,
                -68.51809692382812,
                0.000013351440411923932,
                -0.000030517578125,
                1
            ],
            "name": "SimpleBugLeg_2_R"
        },
        {
            "matrix": [
                0.999999940395355,
                7.450580598311607e-8,
                5.960464485865735e-8,
                0,
                -7.450579488088582e-8,
                0.9999998211860643,
                -3.725290298461914e-8,
                0,
                -5.960466534227216e-8,
                3.725291408684939e-8,
                1.0000002384185778,
                0,
                -73.12139892578126,
                0.000007629394545460855,
                -0.00001525878909092171,
                1
            ],
            "name": "SimpleBugLeg_3_R"
        },
        {
            "children": [
                17
            ],
            "matrix": [
                -0.06319928914308565,
                0.7884635329246521,
                0.6118260622024534,
                0,
                0.04888416813144966,
                -0.6098699396578018,
                0.7909922146521019,
                0,
                0.996803044434242,
                0.0798987701847527,
                -3.7252903534499735e-8,
                0,
                10.720408439636229,
                19.888046264648434,
                -5.535436630249023,
                1
            ],
            "name": "SimpleBugLeg_base_A_L"
        },
        {
            "children": [
                18
            ],
            "matrix": [
                0.8329474925994874,
                0.5485212802886965,
                -0.07295934110879906,
                0,
                -0.2605631954374873,
                0.2724778189773739,
                -0.9262087233881935,
                0,
                -0.48816532562789344,
                0.7904936443318235,
                0.3698841228974369,
                0,
                17.981016159057614,
                0.000010490417482245107,
                0.0000019073486328125,
                1
            ],
            "name": "SimpleBugLeg_0_A_L"
        },
        {
            "children": [
                19
            ],
            "matrix": [
                -0.3937339484691619,
                2.1234154684579565e-7,
                -0.9192246198654178,
                0,
                -4.340927999002542e-8,
                1.0000001192092887,
                2.495943587366156e-7,
                0,
                0.9192245622821228,
                1.381766260022399e-7,
                -0.3937339238043229,
                0,
                83.3802032470703,
                -0.000006198883060193339,
                -0.0000209808349609375,
                1
            ],
            "name": "SimpleBugLeg_1_A_L"
        },
        {
            "children": [
                20
            ],
            "matrix": [
                0.8039320707321166,
                0.017650455236434964,
                -0.5944589376449587,
                0,
                4.098703903498979e-7,
                0.9995594620700976,
                0.029679104698586062,
                0,
                0.5947210816160041,
                -0.023860234808926795,
                0.8035781386980781,
                0,
                51.90507507324216,
                0.000015735626231361266,
                0.0000152587890625,
                1
            ],
            "name": "SimpleBugLeg_2_A_L"
        },
        {
            "matrix": [
                0.9999998807907104,
                0,
                1.4901161214664338e-8,
                0,
                3.885780586188048e-16,
                1.0000000000000002,
                -2.7939677293975507e-8,
                0,
                -1.4901161214664338e-8,
                2.793967385228413e-8,
                0.9999998807907156,
                0,
                77.78726196289061,
                -0.000010251998908472615,
                0.00005340576171875,
                1
            ],
            "name": "SimpleBugLeg_3_A_L"
        },
        {
            "children": [
                22
            ],
            "matrix": [
                -0.21580274403095273,
                -1.2176884919812634e-7,
                0.976436972618103,
                0,
                0.9764369726180876,
                5.946756812952582e-7,
                0.2158027440310234,
                0,
                -6.069413823302493e-7,
                0.9999999999999999,
                -9.433037495481607e-9,
                0,
                -12.021835327148434,
                -0.0000017953800579562093,
                3.734172821044922,
                1
            ],
            "name": "butt_start"
        },
        {
            "children": [
                23
            ],
            "matrix": [
                0.9368656873703002,
                -0.34968909621238714,
                -3.2862601528904634e-14,
                0,
                0.3496890962123872,
                0.9368656873703005,
                6.97220057347016e-14,
                0,
                6.406819940754513e-15,
                -7.681186547376501e-14,
                1,
                0,
                16.628475189208984,
                0.000007629394534802714,
                0.0000010733538147178479,
                1
            ],
            "name": "butt_R0C0"
        },
        {
            "children": [
                24
            ],
            "matrix": [
                0.3855314254760742,
                -0.9226847290992735,
                -0.004318603780120607,
                0,
                0.9219587374584731,
                0.3850327303369636,
                0.041737053536061025,
                0,
                -0.036847331355815006,
                -0.02007251654307012,
                0.9991192815948089,
                0,
                27.387699127197273,
                -0.000019073486321019573,
                0.0000036793690014746938,
                1
            ],
            "name": "butt_R1C0"
        },
        {
            "children": [
                25
            ],
            "matrix": [
                0.9052418470382686,
                -0.42237031459808344,
                -0.046266473829746226,
                0,
                0.42464870802929017,
                0.9030542661796875,
                0.0645492523243303,
                0,
                0.014517448977525512,
                -0.0780796849720965,
                0.9968415488459028,
                0,
                30.632785797119134,
                -0.00000762939453125,
                0.000004053115844282473,
                1
            ],
            "name": "butt_R2C0"
        },
        {
            "matrix": [
                0.9999998807907099,
                3.576278688188772e-7,
                -2.9802322404175186e-8,
                0,
                -3.5762789019067043e-7,
                0.9999999403953552,
                -7.450580591069136e-9,
                0,
                2.9802319734435756e-8,
                7.450590831141815e-9,
                0.9999998807907104,
                0,
                20.71161651611328,
                -0.00000762939453125,
                -0.000002861022947442393,
                1
            ],
            "name": "butt_end"
        },
        {
            "children": [
                27,
                32,
                37,
                50,
                55
            ],
            "matrix": [
                0.8749665021896362,
                1.4255014946229494e-7,
                0.48418349027633667,
                0,
                -2.0524936620071477e-7,
                1.0000000000000002,
                7.649201450021895e-8,
                0,
                -0.4841834902763158,
                -1.663063048767601e-7,
                0.8749665021896476,
                0,
                10.172903060913086,
                0.0000017000722891680198,
                0.9767665863037109,
                1
            ],
            "name": "spine1"
        },
        {
            "children": [
                28
            ],
            "matrix": [
                0.32307204604148865,
                0.7708612084388734,
                0.5489966869354248,
                0,
                0.36114267271712275,
                -0.6366276076817224,
                0.6813819348958463,
                0,
                0.8747574115589551,
                -0.021869326569528353,
                -0.48406749541356675,
                0,
                23.410972595214844,
                16.679916381835938,
                -11.273921966552734,
                1
            ],
            "name": "SimpleBugLeg_base_C_L"
        },
        {
            "children": [
                29
            ],
            "matrix": [
                0.8290906548500062,
                0.29467114806175226,
                0.47516033053398143,
                0,
                0.25857793386892275,
                -0.9555822144332915,
                0.14142165360855422,
                0,
                0.4957277305665277,
                0.005614606129989316,
                -0.8684598959117796,
                0,
                10.981176376342777,
                0.00000476837158203125,
                3.552713678800501e-15,
                1
            ],
            "name": "SimpleBugLeg_0_C_L"
        },
        {
            "children": [
                30
            ],
            "matrix": [
                0.5715518593788147,
                7.450580599699386e-8,
                -0.8205658197402953,
                0,
                -2.33904943192087e-8,
                1.0000000000000102,
                7.450581518408939e-8,
                0,
                0.820566008228642,
