{
    "accessors": {
        "attrbute_1": {
            "bufferView": "bufferView_25",
            "byteOffset": 0,
            "byteStride": 12,
            "count": 1961,
            "max": [
                38.40520477294922,
                43.163970947265625,
                72.68240356445312,
                0
            ],
            "min": [
                -38.40520095825195,
                -57.4154052734375,
                10.187399864196777,
                0
            ],
            "type": 35665
        },
        "attrbute_10": {
            "bufferView": "bufferView_25",
            "byteOffset": 143580,
            "byteStride": 16,
            "count": 810,
            "max": [
                2,
                4,
                4,
                -1
            ],
            "min": [
                0,
                -1,
                -1,
                -1
            ],
            "type": 35666
        },
        "attrbute_11": {
            "bufferView": "bufferView_25",
            "byteOffset": 156540,
            "byteStride": 12,
            "count": 810,
            "max": [
                1,
                0.9973927140235901,
                0.6161280870437622
            ],
            "min": [
                0.00028265692526474595,
                0,
                0
            ],
            "type": 35665
        },
        "attrbute_13": {
            "bufferView": "bufferView_25",
            "byteOffset": 166260,
            "byteStride": 12,
            "count": 41,
            "max": [
                8.495055198669434,
                6.732170104980469,
                87.85169982910156,
                0
            ],
            "min": [
                -8.495064735412598,
                -24.21450424194336,
                65.07160186767578,
                0
            ],
            "type": 35665
        },
        "attrbute_14": {
            "bufferView": "bufferView_25",
            "byteOffset": 166752,
            "byteStride": 12,
            "count": 41,
            "max": [
                0.8774174451828003,
                0.7942507863044739,
                0.6741516590118408,
                0
            ],
            "min": [
                -0.8774172067642212,
                -0.6363285183906555,
                -0.692876398563385,
                0
            ],
            "type": 35665
        },
        "attrbute_15": {
            "bufferView": "bufferView_25",
            "byteOffset": 167244,
            "byteStride": 8,
            "count": 41,
            "max": [
                0.990582287311554,
                0.9854129552841187
            ],
            "min": [
                0.011075049638748169,
                0.015662729740142822
            ],
            "type": 35664
        },
        "attrbute_16": {
            "bufferView": "bufferView_25",
            "byteOffset": 167572,
            "byteStride": 16,
            "count": 41,
            "max": [
                0,
                -1,
                -1,
                -1
            ],
            "min": [
                0,
                -1,
                -1,
                -1
            ],
            "type": 35666
        },
        "attrbute_17": {
            "bufferView": "bufferView_25",
            "byteOffset": 168228,
            "byteStride": 12,
            "count": 41,
            "max": [
                1,
                0,
                0
            ],
            "min": [
                1,
                0,
                0
            ],
            "type": 35665
        },
        "attrbute_19": {
            "bufferView": "bufferView_25",
            "byteOffset": 168720,
            "byteStride": 12,
            "count": 1194,
            "max": [
                113.03679656982422,
                132.76268005371094,
                132.59071350097656,
                0
            ],
            "min": [
                -113.07872009277344,
                -129.69842529296875,
                -2.205350637435913,
                0
            ],
            "type": 35665
        },
        "attrbute_2": {
            "bufferView": "bufferView_25",
            "byteOffset": 23532,
            "byteStride": 12,
            "count": 1961,
            "max": [
                0.9989924430847168,
                0.9915660619735718,
                0.9841961860656738,
                0
            ],
            "min": [
                -0.9989924430847168,
                -0.9994050860404968,
                -0.9974170923233032,
                0
            ],
            "type": 35665
        },
        "attrbute_20": {
            "bufferView": "bufferView_25",
            "byteOffset": 183048,
            "byteStride": 12,
            "count": 1194,
            "max": [
                0.9998095631599426,
                0.9999428987503052,
                0.9338126182556152,
                0
            ],
            "min": [
                -0.9994467496871948,
                -0.9979653358459473,
                -0.9991474747657776,
                0
            ],
            "type": 35665
        },
        "attrbute_21": {
            "bufferView": "bufferView_25",
            "byteOffset": 197376,
            "byteStride": 8,
            "count": 1194,
            "max": [
                0.9903932809829712,
                0.9906582236289978
            ],
            "min": [
                0.006764675490558147,
                0.011590898036956787
            ],
            "type": 35664
        },
        "attrbute_22": {
            "bufferView": "bufferView_25",
            "byteOffset": 206928,
            "byteStride": 16,
            "count": 1194,
            "max": [
                33,
                33,
                32,
                -1
            ],
            "min": [
                0,
                -1,
                -1,
                -1
            ],
            "type": 35666
        },
        "attrbute_23": {
            "bufferView": "bufferView_25",
            "byteOffset": 226032,
            "byteStride": 12,
            "count": 1194,
            "max": [
                1,
                0.8890735507011414,
                0.6613573431968689
            ],
            "min": [
                0.11092644929885864,
                0,
                0
            ],
            "type": 35665
        },
        "attrbute_3": {
            "bufferView": "bufferView_25",
            "byteOffset": 47064,
            "byteStride": 8,
            "count": 1961,
            "max": [
                0.9961609840393066,
                1.0004099607467651
            ],
            "min": [
                0.013471799902617931,
                0.010788023471832275
            ],
            "type": 35664
        },
        "attrbute_4": {
            "bufferView": "bufferView_25",
            "byteOffset": 62752,
            "byteStride": 16,
            "count": 1961,
            "max": [
                27,
                29,
                29,
                -1
            ],
            "min": [
                0,
                -1,
                -1,
                -1
            ],
            "type": 35666
        },
        "attrbute_5": {
            "bufferView": "bufferView_25",
            "byteOffset": 94128,
            "byteStride": 12,
            "count": 1961,
            "max": [
                1,
                0.9998637437820435,
                0.9996992349624634
            ],
            "min": [
                0.00010041753557743505,
                0,
                0
            ],
            "type": 35665
        },
        "attrbute_7": {
            "bufferView": "bufferView_25",
            "byteOffset": 117660,
            "byteStride": 12,
            "count": 810,
            "max": [
                23.217464447021484,
                105.61250305175781,
                104.9426498413086,
                0
            ],
            "min": [
                -24.36576271057129,
                23.942882537841797,
                27.47273826599121,
                0
            ],
            "type": 35665
        },
        "attrbute_8": {
            "bufferView": "bufferView_25",
            "byteOffset": 127380,
            "byteStride": 12,
            "count": 810,
            "max": [
                0.9961062073707581,
                0.9521793127059937,
                0.9992973208427429,
                0
            ],
            "min": [
                -0.9991527795791626,
                -0.9999313950538635,
                -0.9811509251594543,
                0
            ],
            "type": 35665
        },
        "attrbute_9": {
            "bufferView": "bufferView_25",
            "byteOffset": 137100,
            "byteStride": 8,
            "count": 810,
            "max": [
                0.9861866235733032,
                0.9851261377334595
            ],
            "min": [
                0.014641713351011276,
                0.012294232845306396
            ],
            "type": 35664
        },
        "indices_12": {
            "bufferView": "bufferView_27",
            "byteOffset": 17760,
            "count": 3318,
            "type": 5123
        },
        "indices_18": {
            "bufferView": "bufferView_27",
            "byteOffset": 24396,
            "count": 144,
            "type": 5123
        },
        "indices_24": {
            "bufferView": "bufferView_27",
            "byteOffset": 24684,
            "count": 5640,
            "type": 5123
        },
        "indices_6": {
            "bufferView": "bufferView_27",
            "byteOffset": 0,
            "count": 8880,
            "type": 5123
        }
    },
    "animations": {},
    "asset": {},
    "bufferViews": {
        "bufferView_25": {
            "buffer": "broodmother.bin",
            "byteLength": 240360,
            "byteOffset": 0,
            "target": 34962
        },
        "bufferView_26": {
            "buffer": "broodmother.bin",
            "byteLength": 4864,
            "byteOffset": 240360
        },
        "bufferView_27": {
            "buffer": "broodmother.bin",
            "byteLength": 35964,
            "byteOffset": 245224,
            "target": 34963
        }
    },
    "buffers": {
        "broodmother.bin": {
            "byteLength": 281188,
            "path": "broodmother.bin"
        }
    },
    "cameras": {},
    "images": {
        "image_0": {
            "path": "textures/broodmother_body.png"
        },
        "image_1": {
            "path": "textures/broodmother_abdomen.png"
        },
        "image_2": {
            "path": "textures/broodmother_hair.png"
        },
        "image_3": {
            "path": "textures/broodmother_legs.png"
        }
    },
    "lights": {},
    "materials": {
        "Material #35": {
            "instanceTechnique": {
                "technique": "technique_0",
                "values": {
                    "ambient": [
                        0.5879999995231628,
                        0.5879999995231628,
                        0.5879999995231628
                    ],
                    "diffuse": "Map #5",
                    "emission": [
                        0,
                        0,
                        0
                    ],
                    "shininess": 2,
                    "specular": [
                        0.8999999761581421,
                        0.8999999761581421,
                        0.8999999761581421
                    ],
                    "transparency": 1
                }
            },
            "name": "Material #35"
        },
        "Material #46": {
            "instanceTechnique": {
                "technique": "technique_0",
                "values": {
                    "ambient": [
                        0.5879999995231628,
                        0.5879999995231628,
                        0.5879999995231628
                    ],
                    "diffuse": "Map #6",
                    "emission": [
                        0,
                        0,
                        0
                    ],
                    "shininess": 2,
                    "specular": [
                        0.8999999761581421,
                        0.8999999761581421,
                        0.8999999761581421
                    ],
                    "transparency": 1
                }
            },
            "name": "Material #46"
        },
        "Material #57": {
            "instanceTechnique": {
                "technique": "technique_0",
                "values": {
                    "ambient": [
                        0.5879999995231628,
                        0.5879999995231628,
                        0.5879999995231628
                    ],
                    "diffuse": "Map #7",
                    "emission": [
                        0,
                        0,
                        0
                    ],
                    "shininess": 2,
                    "specular": [
                        0.8999999761581421,
                        0.8999999761581421,
                        0.8999999761581421
                    ],
                    "transparency": 1
                }
            },
            "name": "Material #57"
        },
        "Material #68": {
            "instanceTechnique": {
                "technique": "technique_0",
                "values": {
                    "ambient": [
                        0.5879999995231628,
                        0.5879999995231628,
                        0.5879999995231628
                    ],
                    "diffuse": "Map #8",
                    "emission": [
                        0,
                        0,
                        0
                    ],
                    "shininess": 2,
                    "specular": [
                        0.8999999761581421,
                        0.8999999761581421,
                        0.8999999761581421
                    ],
                    "transparency": 1
                }
            },
            "name": "Material #68"
        }
    },
    "meshes": {
        "broodmother_abdomen_model_LOD0-mesh": {
            "name": "broodmother_abdomen_model_LOD0-mesh",
            "primitives": [
                {
                    "attributes": {
                        "JOINT": "attrbute_10",
                        "NORMAL": "attrbute_8",
                        "POSITION": "attrbute_7",
                        "TEXCOORD_0": "attrbute_9",
                        "WEIGHT": "attrbute_11"
                    },
                    "indices": "indices_12",
                    "material": "Material #46"
                }
            ]
        },
        "broodmother_hair_model_LOD0-mesh": {
            "name": "broodmother_hair_model_LOD0-mesh",
            "primitives": [
                {
                    "attributes": {
                        "JOINT": "attrbute_16",
                        "NORMAL": "attrbute_14",
                        "POSITION": "attrbute_13",
                        "TEXCOORD_0": "attrbute_15",
                        "WEIGHT": "attrbute_17"
                    },
                    "indices": "indices_18",
                    "material": "Material #57"
                }
            ]
        },
        "broodmother_legs_model_LOD0-mesh": {
            "name": "broodmother_legs_model_LOD0-mesh",
            "primitives": [
                {
                    "attributes": {
                        "JOINT": "attrbute_22",
                        "NORMAL": "attrbute_20",
                        "POSITION": "attrbute_19",
                        "TEXCOORD_0": "attrbute_21",
                        "WEIGHT": "attrbute_23"
                    },
                    "indices": "indices_24",
                    "material": "Material #68"
                }
            ]
        },
        "broodmother_model_LOD0-mesh": {
            "name": "broodmother_model_LOD0-mesh",
            "primitives": [
                {
                    "attributes": {
                        "JOINT": "attrbute_4",
                        "NORMAL": "attrbute_2",
                        "POSITION": "attrbute_1",
                        "TEXCOORD_0": "attrbute_3",
                        "WEIGHT": "attrbute_5"
                    },
                    "indices": "indices_6",
                    "material": "Material #35"
                }
            ]
        }
    },
    "nodes": {
        "SimpleBugLeg_0_A_L": {
            "children": [
                "SimpleBugLeg_1_A_L"
            ],
            "jointId": "SimpleBugLeg_0_A_L",
            "matrix": [
                0.8329474925994874,
                0.5485212802886967,
                -0.07295934110879901,
                0,
                -0.26056319543748735,
                0.272477818977374,
                -0.9262087233881935,
                0,
                -0.4881653256278935,
                0.7904936443318236,
                0.36988412289743683,
                0,
                17.981016159057617,
                0.000010490417484021464,
                0.0000019073486328125,
                1
            ],
            "name": "SimpleBugLeg_0_A_L"
        },
        "SimpleBugLeg_0_A_R": {
            "children": [
                "SimpleBugLeg_1_A_R"
            ],
            "jointId": "SimpleBugLeg_0_A_R",
            "matrix": [
                0.8329473733901972,
                0.5485209226608272,
                -0.072959266602993,
                0,
                -0.26056311258944287,
                0.27247794529103686,
                -0.9262086836165186,
                0,
                -0.48816512833317033,
                0.7904937096055114,
                0.3698841666191491,
                0,
                -17.981021881103516,
                -0.000011444091798651357,
                0.000001907348634588857,
                1
            ],
            "name": "SimpleBugLeg_0_A_R"
        },
        "SimpleBugLeg_0_B_L": {
            "children": [
                "SimpleBugLeg_1_B_L"
            ],
            "jointId": "SimpleBugLeg_0_B_L",
            "matrix": [
                0.8055098652839661,
                0.5921783447265627,
                -0.021888446062803314,
                0,
                -0.08915385593717048,
                0.08458900991170544,
                -0.9924199530472155,
                0,
                -0.585837833755518,
                0.801355160994323,
                0.12093221334458455,
                0,
                12.62358474731445,
                -0.00000286102294921875,
                -0.0000019073486301479647,
                1
            ],
            "name": "SimpleBugLeg_0_B_L"
        },
        "SimpleBugLeg_0_B_R": {
            "children": [
                "SimpleBugLeg_1_B_R"
            ],
            "jointId": "SimpleBugLeg_0_B_R",
            "matrix": [
                0.8055095672607422,
                0.5921783447265628,
                -0.021888203918933865,
                0,
                -0.08915395467165764,
                0.084589516472786,
                -0.9924196467434098,
                0,
                -0.5858377207575192,
                0.8013546797685871,
                0.12093266682095648,
                0,
                -12.623592376708984,
                -0.000002861022950995107,
                -2.6645352591003757e-15,
                1
            ],
            "name": "SimpleBugLeg_0_B_R"
        },
        "SimpleBugLeg_0_C_L": {
            "children": [
                "SimpleBugLeg_1_C_L"
            ],
            "jointId": "SimpleBugLeg_0_C_L",
            "matrix": [
                0.8290906548500062,
                0.2946711480617521,
                0.47516033053398143,
                0,
                0.25857793386892264,
                -0.9555822144332917,
                0.14142165360855422,
                0,
                0.49572773056652775,
                0.005614606129989291,
                -0.8684598959117797,
                0,
                10.981176376342773,
                0.000004768371574925823,
                0,
                1
            ],
            "name": "SimpleBugLeg_0_C_L"
        },
        "SimpleBugLeg_0_C_R": {
            "children": [
                "SimpleBugLeg_1_C_R"
            ],
            "jointId": "SimpleBugLeg_0_C_R",
            "matrix": [
                0.8290904760360718,
                0.2946715652942657,
                0.4751608669757843,
                0,
                0.2585783306799752,
                -0.9555820922265614,
                0.14142166217345817,
                0,
                0.4957282514746756,
                0.005614951632961773,
                -0.8684598570013026,
                0,
                -10.981185913085945,
                0.000004768371580254893,
                -0.000003814697269177714,
                1
            ],
            "name": "SimpleBugLeg_0_C_R"
        },
        "SimpleBugLeg_0_L": {
            "children": [
                "SimpleBugLeg_1_L"
            ],
            "jointId": "SimpleBugLeg_0_L",
            "matrix": [
                0.751465439796448,
                0.6328256726264956,
                -0.18663263320922854,
                0,
                -0.6068264138268543,
                0.5519028232062941,
                -0.5719835850295178,
                0,
                -0.2589628368034495,
                0.543079543542605,
                0.7987512838415426,
                0,
                22.625392913818366,
                -0.0000019073486328125,
                -0.000007629394527697286,
                1
            ],
            "name": "SimpleBugLeg_0_L"
        },
        "SimpleBugLeg_0_R": {
            "children": [
                "SimpleBugLeg_1_R"
            ],
            "jointId": "SimpleBugLeg_0_R",
            "matrix": [
                0.7514653205871582,
                0.6328257918357849,
                -0.18663254380226152,
                0,
                -0.6068265412981781,
                0.5519029844667566,
                -0.5719830853767212,
                0,
                -0.25896255713557126,
                0.5430789626601045,
                0.7987513352158411,
                0,
                -22.625404357910163,
                -0.00000476837158203125,
                0,
                1
            ],
            "name": "SimpleBugLeg_0_R"
        },
        "SimpleBugLeg_1_A_L": {
            "children": [
                "SimpleBugLeg_2_A_L"
            ],
            "jointId": "SimpleBugLeg_1_A_L",
            "matrix": [
                -0.39373394846916193,
                2.123415469082457e-7,
                -0.9192246198654177,
                0,
                -4.3409279934514267e-8,
                1.0000001192092884,
                2.4959435881988234e-7,
                0,
                0.9192245622821228,
                1.3817662612714e-7,
                -0.3937339238043227,
                0,
                83.38020324707033,
                -0.000006198883056640625,
                -0.000020980834964490214,
                1
            ],
            "name": "SimpleBugLeg_1_A_L"
        },
        "SimpleBugLeg_1_A_R": {
            "children": [
                "SimpleBugLeg_2_A_R"
            ],
            "jointId": "SimpleBugLeg_1_A_R",
            "matrix": [
                -0.39373341202735906,
                -8.083879948841965e-7,
                -0.9192246198654173,
                0,
                -3.7892358362157097e-7,
                0.9999999403953598,
                -7.171185985518913e-7,
                0,
                0.919224688235138,
                6.596234322642225e-8,
                -0.3937334413123631,
                0,
                -83.38018798828125,
                -0.000017642974851739268,
                -0.000003814697254966859,
                1
            ],
            "name": "SimpleBugLeg_1_A_R"
        },
        "SimpleBugLeg_1_B_L": {
            "children": [
                "SimpleBugLeg_2_B_L"
            ],
            "jointId": "SimpleBugLeg_1_B_L",
            "matrix": [
                -0.15424355864524858,
                2.0489096723939892e-8,
                -0.988032698631287,
                0,
                7.980164711662158e-7,
                0.9999996423719186,
                -1.0384252581516901e-7,
                0,
                0.9880326850056773,
                -8.044836849064457e-7,
                -0.15424355651814703,
                0,
                79.55189514160156,
                0.000010371208188697523,
                0.0000171661376953125,
                1
            ],
            "name": "SimpleBugLeg_1_B_L"
        },
        "SimpleBugLeg_1_B_R": {
            "children": [
                "SimpleBugLeg_2_B_R"
            ],
            "jointId": "SimpleBugLeg_1_B_R",
            "matrix": [
                -0.1542434394359582,
                -1.0663643466336803e-7,
                -0.9880326986312866,
                0,
                -6.16779605451534e-7,
                0.9999998211860874,
                -1.1641525606356784e-8,
                0,
                0.9880327122567015,
                6.076029061396343e-7,
                -0.15424344156311043,
                0,
                -79.55192565917969,
                0.000007271766662153567,
                0.0000038146972514141453,
                1
            ],
            "name": "SimpleBugLeg_1_B_R"
        },
        "SimpleBugLeg_1_C_L": {
            "children": [
                "SimpleBugLeg_2_C_L"
            ],
            "jointId": "SimpleBugLeg_1_C_L",
            "matrix": [
                0.5715518593788147,
                7.450580596923828e-8,
                -0.820565819740295,
                0,
                -2.3390494430231e-8,
                1.0000000000000107,
                7.450581529511169e-8,
                0,
                0.8205660082286421,
                -2.3390502368325627e-8,
                0.5715519906673239,
                0,
                41.448577880859375,
                0.000007629394524144573,
                -1.7763568394002505e-15,
                1
            ],
            "name": "SimpleBugLeg_1_C_L"
        },
        "SimpleBugLeg_1_C_R": {
            "children": [
                "SimpleBugLeg_2_C_R"
            ],
            "jointId": "SimpleBugLeg_1_C_R",
            "matrix": [
                0.571552276611328,
                -2.980232239185865e-7,
                -0.8205655217170714,
                0,
                2.0052845112195072e-7,
                0.9999998807907007,
                -2.2351742870463376e-7,
                0,
                0.8205655618505365,
                -3.6794844060494825e-8,
                0.5715523045656885,
                0,
                -41.44857025146483,
                0.000007629394527697286,
                -0.00001430511474609375,
                1
            ],
            "name": "SimpleBugLeg_1_C_R"
        },
        "SimpleBugLeg_1_L": {
            "children": [
                "SimpleBugLeg_2_L"
            ],
            "jointId": "SimpleBugLeg_1_L",
            "matrix": [
                -0.08845788240432689,
                -5.2154064261733524e-8,
                -0.9960799217224123,
                0,
                0.000001298096987373265,
                1.0000000000035985,
                -1.6763812953068946e-7,
                0,
                0.9960799782387317,
                -0.0000013078373336805615,
                -0.08845788742324723,
                0,
                73.70118713378906,
                0.000013351440426134786,
                -0.0000152587890625,
                1
            ],
            "name": "SimpleBugLeg_1_L"
        },
        "SimpleBugLeg_1_R": {
            "children": [
                "SimpleBugLeg_2_R"
            ],
            "jointId": "SimpleBugLeg_1_R",
            "matrix": [
                -0.08845773339271529,
                5.5879354449173135e-8,
                -0.9960798621177671,
                0,
                -9.203946060853951e-7,
                0.999999821185966,
                1.3783570015218904e-7,
                0,
                0.9960795664263589,
                9.289790561806122e-7,
                -0.0884577071335319,
                0,
                -73.7011947631836,
                0.0000019073486257070726,
                -0.000013351440436792927,
                1
            ],
            "name": "SimpleBugLeg_1_R"
        },
        "SimpleBugLeg_2_A_L": {
            "children": [
                "SimpleBugLeg_3_A_L"
            ],
            "jointId": "SimpleBugLeg_2_A_L",
            "matrix": [
                0.8039320707321168,
                0.017650455236435013,
                -0.5944589376449587,
                0,
                4.0987039044010354e-7,
                0.9995594620700977,
                0.029679104698586076,
                0,
                0.5947210816160041,
                -0.023860234808926614,
                0.8035781386980783,
                0,
                51.905075073242195,
                0.000015735626216262233,
                0.0000152587890625,
                1
            ],
            "name": "SimpleBugLeg_2_A_L"
        },
        "SimpleBugLeg_2_A_R": {
            "children": [
                "SimpleBugLeg_3_A_R"
            ],
            "jointId": "SimpleBugLeg_2_A_R",
            "matrix": [
                0.8039323091506958,
                0.017650812864303554,
                -0.5944589376449584,
                0,
                1.8129237781133734e-7,
                -0.9995597002993238,
                -0.029678913634939845,
                0,
                -0.5947210324169974,
                0.02385972891466484,
                -0.8035783113529709,
                0,
                -51.90503311157225,
                0.0000171661376953125,
                -0.000045776367201710855,
                1
            ],
            "name": "SimpleBugLeg_2_A_R"
        },
        "SimpleBugLeg_2_B_L": {
            "children": [
                "SimpleBugLeg_3_B_L"
            ],
            "jointId": "SimpleBugLeg_2_B_L",
            "matrix": [
                0.26722723245620744,
                -0.1745359152555467,
                -0.947695434093475,
                0,
                -0.0000013274325566109413,
                0.9834604880771434,
                -0.1811230960445977,
                0,
                0.9636333197293039,
                0.04840227266177406,
                0.2628071437450995,
                0,
                57.088764190673814,
                0.00004029273986771997,
                0,
                1
            ],
            "name": "SimpleBugLeg_2_B_L"
        },
        "SimpleBugLeg_2_B_R": {
            "children": [
                "SimpleBugLeg_3_B_R"
            ],
            "jointId": "SimpleBugLeg_2_B_R",
            "matrix": [
                0.2672275304794311,
                -0.17453467845916745,
                -0.9476956129074094,
                0,
                -0.0000010400464208193405,
                -0.9834609578329401,
                0.18112119733981552,
                0,
                -0.9636335995620314,
                -0.04839958636385887,
                -0.2628080339955391,
                0,
                -57.088672637939446,
                -0.000007152557376599589,
                0.000007629394545460855,
                1
            ],
            "name": "SimpleBugLeg_2_B_R"
        },
        "SimpleBugLeg_2_C_L": {
            "children": [
                "SimpleBugLeg_3_C_L"
            ],
            "jointId": "SimpleBugLeg_2_C_L",
            "matrix": [
                0.7727645039558412,
                0.21987806260585788,
                -0.5953894853591921,
                0,
                6.55038179947498e-8,
                0.9380749342380517,
                0.34643230156133864,
                0,
                0.6346928564217839,
                -0.2677106418824188,
                0.7249110434334205,
                0,
                35.24699020385742,
                -0.000011444091796875,
                -0.000022888183579539145,
                1
            ],
            "name": "SimpleBugLeg_2_C_L"
        },
        "SimpleBugLeg_2_C_R": {
            "children": [
                "SimpleBugLeg_3_C_R"
            ],
            "jointId": "SimpleBugLeg_2_C_R",
            "matrix": [
                0.7727642655372624,
                0.2198781073093415,
                -0.595389485359192,
                0,
                3.0048177963870604e-7,
                -0.9380749688683281,
                -0.34643190976578975,
                0,
                -0.634692788699663,
                0.26771003115954045,
                -0.7249109068189624,
                0,
                -35.2470245361328,
                -0.000007629394538355427,
                1.4210854715202004e-14,
                1
            ],
            "name": "SimpleBugLeg_2_C_R"
        },
        "SimpleBugLeg_2_L": {
            "children": [
                "SimpleBugLeg_3_L"
            ],
            "jointId": "SimpleBugLeg_2_L",
            "matrix": [
                0.5858447551727296,
                -0.06623832136392596,
                -0.8077116012573242,
                0,
                7.582632732816563e-8,
                0.9966543334402971,
                -0.0817329669425903,
                0,
                0.8104230711129584,
                0.04788276575010187,
                0.5838846822588923,
                0,
                68.51802062988281,
                0.000011444091793322286,
                0.0000152587890625,
                1
            ],
            "name": "SimpleBugLeg_2_L"
        },
        "SimpleBugLeg_2_R": {
            "children": [
                "SimpleBugLeg_3_R"
            ],
            "jointId": "SimpleBugLeg_2_R",
            "matrix": [
                0.5858452320098877,
                -0.06623869389295578,
                -0.8077117204666139,
                0,
                1.281723227310183e-7,
                -0.9966545715186209,
                0.08173358203944736,
                0,
                -0.8104229910126997,
                -0.047883302526411736,
                -0.5838849503197786,
                0,
                -68.51809692382814,
                0.0000133514404296875,
                -0.000030517578125,
                1
            ],
            "name": "SimpleBugLeg_2_R"
        },
        "SimpleBugLeg_3_A_L": {
            "children": [],
            "jointId": "SimpleBugLeg_3_A_L",
            "matrix": [
                0.9999998807907102,
                0,
                1.4901161221603232e-8,
                0,
                4.3021142204224816e-16,
                1,
                -2.793967731999636e-8,
                0,
                -1.4901161193847656e-8,
                2.7939673873100812e-8,
                0.9999998807907154,
                0,
                77.78726196289062,
                -0.000010251998909582838,
                0.000053405761732960855,
                1
            ],
            "name": "SimpleBugLeg_3_A_L"
        },
        "SimpleBugLeg_3_A_R": {
            "children": [],
            "jointId": "SimpleBugLeg_3_A_R",
            "matrix": [
                1.0000002384185793,
                4.163336342344337e-17,
                -1.4901161221603232e-8,
                0,
                8.604228440844963e-16,
                0.9999998807907101,
                6.053596740378253e-8,
                0,
                1.4901155864777138e-8,
                -6.053596728755606e-8,
                0.9999998807907216,
                0,
                -77.78728485107423,
                0.000011920928957964705,
                -0.0000152587890625,
                1
            ],
            "name": "SimpleBugLeg_3_A_R"
        },
        "SimpleBugLeg_3_B_L": {
            "children": [],
            "jointId": "SimpleBugLeg_3_B_L",
            "matrix": [
                1.0000000000000004,
                4.172325133999788e-7,
                4.768371581753694e-7,
                0,
                -4.1723267771298644e-7,
                0.9999999999999998,
                3.445893525903798e-7,
                0,
                -4.768370144292433e-7,
                -3.4458955155969306e-7,
                0.9999999999999923,
                0,
                83.31210327148438,
                0.0000038146972585195726,
                0.000030517578139210855,
                1
            ],
            "name": "SimpleBugLeg_3_B_L"
        },
        "SimpleBugLeg_3_B_R": {
            "children": [],
            "jointId": "SimpleBugLeg_3_B_R",
            "matrix": [
                1.0000001192092898,
                1.1920928952302567e-7,
                -2.980232238769531e-7,
                0,
                -1.1920926823449918e-7,
                0.9999999403953673,
                3.122502256758253e-17,
                0,
                2.9802315282267955e-7,
                3.54681561898218e-14,
                0.999999880790736,
                0,
                -83.31199645996094,
                -0.000030517578121447286,
                -0.000030517578125,
                1
            ],
            "name": "SimpleBugLeg_3_B_R"
        },
        "SimpleBugLeg_3_C_L": {
            "children": [],
            "jointId": "SimpleBugLeg_3_C_L",
            "matrix": [
                1,
                1.4901161221603232e-8,
                -5.960464477539063e-8,
                0,
                -1.4901158501556822e-8,
                1.0000000000000004,
                4.470348349827624e-8,
                0,
                5.960464533050214e-8,
                -4.4703482665608973e-8,
                1.0000000000000102,
                0,
                67.5140838623047,
                0.0000019073486328125,
                0,
                1
            ],
            "name": "SimpleBugLeg_3_C_L"
        },
        "SimpleBugLeg_3_C_R": {
            "children": [],
            "jointId": "SimpleBugLeg_3_C_R",
            "matrix": [
                1.0000000000000002,
                -4.6938657763395675e-7,
                -2.980232240434866e-7,
                0,
                4.6938668951668205e-7,
                1.0000002384186009,
                8.326672684688674e-17,
                0,
                2.98023295042249e-7,
                -1.3988810110276972e-13,
                1.00000023841861,
                0,
                -67.51408386230469,
                0.0000152587890625,
                0.0001068115234375,
                1
            ],
            "name": "SimpleBugLeg_3_C_R"
        },
        "SimpleBugLeg_3_L": {
            "children": [],
            "jointId": "SimpleBugLeg_3_L",
            "matrix": [
                0.9999998807907108,
                1.8626451485370676e-8,
                5.960464477816618e-7,
                0,
                -1.8626457078119163e-8,
                0.9999997615814208,
                1.3038516063698657e-8,
                0,
                -5.960464475596172e-7,
                -1.3038528763609225e-8,
                0.9999998807906929,
                0,
                73.12142944335938,
