{
    "animations": {},
    "asset": {},
    "attributes": {
        "attribute_1": {
            "bufferView": "bufferView_25",
            "byteOffset": 0,
            "byteStride": 12,
            "count": 8880,
            "max": [
                1,
                1,
                1
            ],
            "min": [
                0,
                0,
                0
            ],
            "type": "FLOAT_VEC3"
        },
        "attribute_10": {
            "bufferView": "bufferView_25",
            "byteOffset": 638976,
            "byteStride": 16,
            "count": 3318,
            "max": [
                1,
                1,
                1
            ],
            "min": [
                0,
                0,
                0
            ],
            "type": "FLOAT_VEC4"
        },
        "attribute_11": {
            "bufferView": "bufferView_25",
            "byteOffset": 692064,
            "byteStride": 12,
            "count": 3318,
            "max": [
                1,
                1,
                1
            ],
            "min": [
                0,
                0,
                0
            ],
            "type": "FLOAT_VEC3"
        },
        "attribute_13": {
            "bufferView": "bufferView_25",
            "byteOffset": 731880,
            "byteStride": 12,
            "count": 144,
            "max": [
                1,
                1,
                1
            ],
            "min": [
                0,
                0,
                0
            ],
            "type": "FLOAT_VEC3"
        },
        "attribute_14": {
            "bufferView": "bufferView_25",
            "byteOffset": 733608,
            "byteStride": 12,
            "count": 144,
            "max": [
                1,
                1,
                1
            ],
            "min": [
                0,
                0,
                0
            ],
            "type": "FLOAT_VEC3"
        },
        "attribute_15": {
            "bufferView": "bufferView_25",
            "byteOffset": 735336,
            "byteStride": 8,
            "count": 144,
            "max": [
                1,
                1,
                1
            ],
            "min": [
                0,
                0,
                0
            ],
            "type": "FLOAT_VEC2"
        },
        "attribute_16": {
            "bufferView": "bufferView_25",
            "byteOffset": 736488,
            "byteStride": 16,
            "count": 144,
            "max": [
                1,
                1,
                1
            ],
            "min": [
                0,
                0,
                0
            ],
            "type": "FLOAT_VEC4"
        },
        "attribute_17": {
            "bufferView": "bufferView_25",
            "byteOffset": 738792,
            "byteStride": 12,
            "count": 144,
            "max": [
                1,
                1,
                1
            ],
            "min": [
                0,
                0,
                0
            ],
            "type": "FLOAT_VEC3"
        },
        "attribute_19": {
            "bufferView": "bufferView_25",
            "byteOffset": 740520,
            "byteStride": 12,
            "count": 5640,
            "max": [
                1,
                1,
                1
            ],
            "min": [
                0,
                0,
                0
            ],
            "type": "FLOAT_VEC3"
        },
        "attribute_2": {
            "bufferView": "bufferView_25",
            "byteOffset": 106560,
            "byteStride": 12,
            "count": 8880,
            "max": [
                1,
                1,
                1
            ],
            "min": [
                0,
                0,
                0
            ],
            "type": "FLOAT_VEC3"
        },
        "attribute_20": {
            "bufferView": "bufferView_25",
            "byteOffset": 808200,
            "byteStride": 12,
            "count": 5640,
            "max": [
                1,
                1,
                1
            ],
            "min": [
                0,
                0,
                0
            ],
            "type": "FLOAT_VEC3"
        },
        "attribute_21": {
            "bufferView": "bufferView_25",
            "byteOffset": 875880,
            "byteStride": 8,
            "count": 5640,
            "max": [
                1,
                1,
                1
            ],
            "min": [
                0,
                0,
                0
            ],
            "type": "FLOAT_VEC2"
        },
        "attribute_22": {
            "bufferView": "bufferView_25",
            "byteOffset": 921000,
            "byteStride": 16,
            "count": 5640,
            "max": [
                1,
                1,
                1
            ],
            "min": [
                0,
                0,
                0
            ],
            "type": "FLOAT_VEC4"
        },
        "attribute_23": {
            "bufferView": "bufferView_25",
            "byteOffset": 1011240,
            "byteStride": 12,
            "count": 5640,
            "max": [
                1,
                1,
                1
            ],
            "min": [
                0,
                0,
                0
            ],
            "type": "FLOAT_VEC3"
        },
        "attribute_3": {
            "bufferView": "bufferView_25",
            "byteOffset": 213120,
            "byteStride": 8,
            "count": 8880,
            "max": [
                1,
                1,
                1
            ],
            "min": [
                0,
                0,
                0
            ],
            "type": "FLOAT_VEC2"
        },
        "attribute_4": {
            "bufferView": "bufferView_25",
            "byteOffset": 284160,
            "byteStride": 16,
            "count": 8880,
            "max": [
                1,
                1,
                1
            ],
            "min": [
                0,
                0,
                0
            ],
            "type": "FLOAT_VEC4"
        },
        "attribute_5": {
            "bufferView": "bufferView_25",
            "byteOffset": 426240,
            "byteStride": 12,
            "count": 8880,
            "max": [
                1,
                1,
                1
            ],
            "min": [
                0,
                0,
                0
            ],
            "type": "FLOAT_VEC3"
        },
        "attribute_7": {
            "bufferView": "bufferView_25",
            "byteOffset": 532800,
            "byteStride": 12,
            "count": 3318,
            "max": [
                1,
                1,
                1
            ],
            "min": [
                0,
                0,
                0
            ],
            "type": "FLOAT_VEC3"
        },
        "attribute_8": {
            "bufferView": "bufferView_25",
            "byteOffset": 572616,
            "byteStride": 12,
            "count": 3318,
            "max": [
                1,
                1,
                1
            ],
            "min": [
                0,
                0,
                0
            ],
            "type": "FLOAT_VEC3"
        },
        "attribute_9": {
            "bufferView": "bufferView_25",
            "byteOffset": 612432,
            "byteStride": 8,
            "count": 3318,
            "max": [
                1,
                1,
                1
            ],
            "min": [
                0,
                0,
                0
            ],
            "type": "FLOAT_VEC2"
        }
    },
    "bufferViews": {
        "bufferView_25": {
            "buffer": "broodmother.bin",
            "byteLength": 1078920,
            "byteOffset": 0,
            "target": "ARRAY_BUFFER"
        },
        "bufferView_26": {
            "buffer": "broodmother.bin",
            "byteLength": 35964,
            "byteOffset": 1078920,
            "target": "ELEMENT_ARRAY_BUFFER"
        }
    },
    "buffers": {
        "broodmother.bin": {
            "byteLength": 1114884,
            "path": "broodmother.bin"
        }
    },
    "cameras": {},
    "images": {
        "image_0": {
            "path": "textures/broodmother_body.png"
        },
        "image_1": {
            "path": "textures/broodmother_abdomen.png"
        },
        "image_2": {
            "path": "textures/broodmother_hair.png"
        },
        "image_3": {
            "path": "textures/broodmother_legs.png"
        }
    },
    "indices": {
        "indices_12": {
            "bufferView": "bufferView_26",
            "byteOffset": 17760,
            "count": 3318,
            "type": "UNSIGNED_SHORT"
        },
        "indices_18": {
            "bufferView": "bufferView_26",
            "byteOffset": 24396,
            "count": 144,
            "type": "UNSIGNED_SHORT"
        },
        "indices_24": {
            "bufferView": "bufferView_26",
            "byteOffset": 24684,
            "count": 5640,
            "type": "UNSIGNED_SHORT"
        },
        "indices_6": {
            "bufferView": "bufferView_26",
            "byteOffset": 0,
            "count": 8880,
            "type": "UNSIGNED_SHORT"
        }
    },
    "lights": {},
    "materials": {
        "Material #35": {
            "instanceTechnique": {
                "technique": "technique_0",
                "values": [
                    {
                        "parameter": "ambient",
                        "value": [
                            0.5879999995231628,
                            0.5879999995231628,
                            0.5879999995231628
                        ]
                    },
                    {
                        "parameter": "emission",
                        "value": [
                            0,
                            0,
                            0
                        ]
                    },
                    {
                        "parameter": "diffuse",
                        "value": "Map #5"
                    },
                    {
                        "parameter": "shininess",
                        "value": 2
                    },
                    {
                        "parameter": "specular",
                        "value": [
                            0.8999999761581421,
                            0.8999999761581421,
                            0.8999999761581421
                        ]
                    }
                ]
            },
            "name": "Material #35"
        },
        "Material #46": {
            "instanceTechnique": {
                "technique": "technique_0",
                "values": [
                    {
                        "parameter": "ambient",
                        "value": [
                            0.5879999995231628,
                            0.5879999995231628,
                            0.5879999995231628
                        ]
                    },
                    {
                        "parameter": "emission",
                        "value": [
                            0,
                            0,
                            0
                        ]
                    },
                    {
                        "parameter": "diffuse",
                        "value": "Map #6"
                    },
                    {
                        "parameter": "shininess",
                        "value": 2
                    },
                    {
                        "parameter": "specular",
                        "value": [
                            0.8999999761581421,
                            0.8999999761581421,
                            0.8999999761581421
                        ]
                    }
                ]
            },
            "name": "Material #46"
        },
        "Material #57": {
            "instanceTechnique": {
                "technique": "technique_0",
                "values": [
                    {
                        "parameter": "ambient",
                        "value": [
                            0.5879999995231628,
                            0.5879999995231628,
                            0.5879999995231628
                        ]
                    },
                    {
                        "parameter": "emission",
                        "value": [
                            0,
                            0,
                            0
                        ]
                    },
                    {
                        "parameter": "diffuse",
                        "value": "Map #7"
                    },
                    {
                        "parameter": "shininess",
                        "value": 2
                    },
                    {
                        "parameter": "specular",
                        "value": [
                            0.8999999761581421,
                            0.8999999761581421,
                            0.8999999761581421
                        ]
                    }
                ]
            },
            "name": "Material #57"
        },
        "Material #68": {
            "instanceTechnique": {
                "technique": "technique_0",
                "values": [
                    {
                        "parameter": "ambient",
                        "value": [
                            0.5879999995231628,
                            0.5879999995231628,
                            0.5879999995231628
                        ]
                    },
                    {
                        "parameter": "emission",
                        "value": [
                            0,
                            0,
                            0
                        ]
                    },
                    {
                        "parameter": "diffuse",
                        "value": "Map #8"
                    },
                    {
                        "parameter": "shininess",
                        "value": 2
                    },
                    {
                        "parameter": "specular",
                        "value": [
                            0.8999999761581421,
                            0.8999999761581421,
                            0.8999999761581421
                        ]
                    }
                ]
            },
            "name": "Material #68"
        }
    },
    "meshes": {
        "broodmother_abdomen_model_LOD0-mesh": {
            "name": "broodmother_abdomen_model_LOD0-mesh",
            "primitives": [
                {
                    "indices": "indices_12",
                    "material": "Material #46",
                    "semantics": {
                        "JOINT": "attribute_10",
                        "NORMAL": "attribute_8",
                        "POSITION": "attribute_7",
                        "TEXCOORD_0": "attribute_9",
                        "WEIGHT": "attribute_11"
                    },
                    "skin": "skin_1"
                }
            ]
        },
        "broodmother_hair_model_LOD0-mesh": {
            "name": "broodmother_hair_model_LOD0-mesh",
            "primitives": [
                {
                    "indices": "indices_18",
                    "material": "Material #57",
                    "semantics": {
                        "JOINT": "attribute_16",
                        "NORMAL": "attribute_14",
                        "POSITION": "attribute_13",
                        "TEXCOORD_0": "attribute_15",
                        "WEIGHT": "attribute_17"
                    },
                    "skin": "skin_2"
                }
            ]
        },
        "broodmother_legs_model_LOD0-mesh": {
            "name": "broodmother_legs_model_LOD0-mesh",
            "primitives": [
                {
                    "indices": "indices_24",
                    "material": "Material #68",
                    "semantics": {
                        "JOINT": "attribute_22",
                        "NORMAL": "attribute_20",
                        "POSITION": "attribute_19",
                        "TEXCOORD_0": "attribute_21",
                        "WEIGHT": "attribute_23"
                    },
                    "skin": "skin_3"
                }
            ]
        },
        "broodmother_model_LOD0-mesh": {
            "name": "broodmother_model_LOD0-mesh",
            "primitives": [
                {
                    "indices": "indices_6",
                    "material": "Material #35",
                    "semantics": {
                        "JOINT": "attribute_4",
                        "NORMAL": "attribute_2",
                        "POSITION": "attribute_1",
                        "TEXCOORD_0": "attribute_3",
                        "WEIGHT": "attribute_5"
                    },
                    "skin": "skin_0"
                }
            ]
        }
    },
    "nodes": {
        "SimpleBugLeg_0_A_L": {
            "children": [
                "SimpleBugLeg_1_A_L"
            ],
            "matrix": [
                0.8329474925994876,
                0.5485212802886966,
                -0.072959341108799,
                0,
                -0.2605631954374874,
                0.272477818977374,
                -0.9262087233881934,
                0,
                -0.48816532562789355,
                0.7904936443318237,
                0.36988412289743694,
                0,
                17.981016159057617,
                0.000010490417484021464,
                0.0000019073486328125,
                1
            ],
            "name": "SimpleBugLeg_0_A_L"
        },
        "SimpleBugLeg_0_A_R": {
            "children": [
                "SimpleBugLeg_1_A_R"
            ],
            "matrix": [
                0.8329473733901972,
                0.5485209226608272,
                -0.072959266602993,
                0,
                -0.26056311258944287,
                0.27247794529103686,
                -0.9262086836165186,
                0,
                -0.48816512833317033,
                0.7904937096055114,
                0.3698841666191491,
                0,
                -17.981021881103516,
                -0.000011444091798651357,
                0.000001907348634588857,
                1
            ],
            "name": "SimpleBugLeg_0_A_R"
        },
        "SimpleBugLeg_0_B_L": {
            "children": [
                "SimpleBugLeg_1_B_L"
            ],
            "matrix": [
                0.805509865283966,
                0.5921783447265624,
                -0.02188844606280324,
                0,
                -0.08915385593717032,
                0.08458900991170544,
                -0.9924199530472155,
                0,
                -0.5858378337555177,
                0.8013551609943227,
                0.12093221334458445,
                0,
                12.62358474731445,
                -0.0000028610229456660363,
                -0.0000019073486319243216,
                1
            ],
            "name": "SimpleBugLeg_0_B_L"
        },
        "SimpleBugLeg_0_B_R": {
            "children": [
                "SimpleBugLeg_1_B_R"
            ],
            "matrix": [
                0.8055095672607422,
                0.5921783447265626,
                -0.021888203918933855,
                0,
                -0.08915395467165771,
                0.08458951647278594,
                -0.9924196467434097,
                0,
                -0.5858377207575192,
                0.8013546797685873,
                0.12093266682095659,
                0,
                -12.623592376708977,
                -0.000002861022950995107,
                -2.6645352591003757e-15,
                1
            ],
            "name": "SimpleBugLeg_0_B_R"
        },
        "SimpleBugLeg_0_C_L": {
            "children": [
                "SimpleBugLeg_1_C_L"
            ],
            "matrix": [
                0.829090654850006,
                0.29467114806175215,
                0.4751603305339815,
                0,
                0.25857793386892264,
                -0.9555822144332914,
                0.14142165360855427,
                0,
                0.49572773056652775,
                0.005614606129989319,
                -0.86845989591178,
                0,
                10.981176376342773,
                0.000004768371580254893,
                0,
                1
            ],
            "name": "SimpleBugLeg_0_C_L"
        },
        "SimpleBugLeg_0_C_R": {
            "children": [
                "SimpleBugLeg_1_C_R"
            ],
            "matrix": [
                0.8290904760360716,
                0.2946715652942656,
                0.47516086697578425,
                0,
                0.25857833067997504,
                -0.9555820922265614,
                0.14142166217345817,
                0,
                0.4957282514746755,
                0.005614951632961718,
                -0.8684598570013025,
                0,
                -10.981185913085941,
                0.000004768371578478536,
                -0.000003814697269177714,
                1
            ],
            "name": "SimpleBugLeg_0_C_R"
        },
        "SimpleBugLeg_0_L": {
            "children": [
                "SimpleBugLeg_1_L"
            ],
            "matrix": [
                0.7514654397964479,
                0.6328256726264956,
                -0.18663263320922852,
                0,
                -0.6068264138268542,
                0.551902823206294,
                -0.5719835850295178,
                0,
                -0.25896283680344956,
                0.5430795435426048,
                0.7987512838415424,
                0,
                22.625392913818366,
                -0.0000019073486328125,
                -0.000007629394527697286,
                1
            ],
            "name": "SimpleBugLeg_0_L"
        },
        "SimpleBugLeg_0_R": {
            "children": [
                "SimpleBugLeg_1_R"
            ],
            "matrix": [
                0.7514653205871582,
                0.6328257918357849,
                -0.18663254380226152,
                0,
                -0.6068265412981781,
                0.5519029844667566,
                -0.5719830853767212,
                0,
                -0.25896255713557126,
                0.5430789626601045,
                0.7987513352158411,
                0,
                -22.625404357910163,
                -0.00000476837158203125,
                0,
                1
            ],
            "name": "SimpleBugLeg_0_R"
        },
        "SimpleBugLeg_1_A_L": {
            "children": [
                "SimpleBugLeg_2_A_L"
            ],
            "matrix": [
                -0.393733948469162,
                2.1234154685967344e-7,
                -0.9192246198654175,
                0,
                -4.340927995533095e-8,
                1.0000001192092884,
                2.495943586984517e-7,
                0,
                0.9192245622821226,
                1.3817662616877335e-7,
                -0.3937339238043227,
                0,
                83.38020324707031,
                -0.000006198883054864268,
                -0.0000209808349609375,
                1
            ],
            "name": "SimpleBugLeg_1_A_L"
        },
        "SimpleBugLeg_1_A_R": {
            "children": [
                "SimpleBugLeg_2_A_R"
            ],
            "matrix": [
                -0.39373341202735906,
                -8.083879948841965e-7,
                -0.9192246198654173,
                0,
                -3.7892358362157097e-7,
                0.9999999403953598,
                -7.171185985518913e-7,
                0,
                0.919224688235138,
                6.596234322642225e-8,
                -0.3937334413123631,
                0,
                -83.38018798828125,
                -0.000017642974851739268,
                -0.000003814697254966859,
                1
            ],
            "name": "SimpleBugLeg_1_A_R"
        },
        "SimpleBugLeg_1_B_L": {
            "children": [
                "SimpleBugLeg_2_B_L"
            ],
            "matrix": [
                -0.15424355864524864,
                2.048909668317389e-8,
                -0.9880326986312871,
                0,
                7.980164711696852e-7,
                0.9999996423719189,
                -1.0384252585420028e-7,
                0,
                0.9880326850056775,
                -8.044836849081805e-7,
                -0.15424355651814714,
                0,
                79.55189514160156,
                0.000010371208189363657,
                0.000017166137691759786,
                1
            ],
            "name": "SimpleBugLeg_1_B_L"
        },
        "SimpleBugLeg_1_B_R": {
            "children": [
                "SimpleBugLeg_2_B_R"
            ],
            "matrix": [
                -0.15424343943595842,
                -1.0663643476051254e-7,
                -0.9880326986312866,
                0,
                -6.167796054255131e-7,
                0.9999998211860875,
                -1.1641525596815805e-8,
                0,
                0.9880327122567019,
                6.076029061431037e-7,
                -0.15424344156311054,
                0,
                -79.55192565917969,
                0.000007271766663485835,
                0.0000038146972585195726,
                1
            ],
            "name": "SimpleBugLeg_1_B_R"
        },
        "SimpleBugLeg_1_C_L": {
            "children": [
                "SimpleBugLeg_2_C_L"
            ],
            "matrix": [
                0.5715518593788147,
                7.450580598311607e-8,
                -0.8205658197402954,
                0,
                -2.3390494485742153e-8,
                1.0000000000000104,
                7.450581529511169e-8,
                0,
                0.8205660082286418,
                -2.339050253485908e-8,
                0.5715519906673241,
                0,
                41.448577880859375,
                0.000007629394527697286,
                5.329070518200751e-15,
                1
            ],
            "name": "SimpleBugLeg_1_C_L"
        },
        "SimpleBugLeg_1_C_R": {
            "children": [
                "SimpleBugLeg_2_C_R"
            ],
            "matrix": [
                0.5715522766113282,
                -2.980232239185865e-7,
                -0.8205655217170713,
                0,
                2.0052845106643957e-7,
                0.9999998807907013,
                -2.2351742878790049e-7,
                0,
                0.8205655618505366,
                -3.6794844060494825e-8,
                0.5715523045656885,
                0,
                -41.448570251464844,
                0.000007629394520591859,
                -0.00001430511475142282,
                1
            ],
            "name": "SimpleBugLeg_1_C_R"
        },
        "SimpleBugLeg_1_L": {
            "children": [
                "SimpleBugLeg_2_L"
            ],
            "matrix": [
                -0.08845788240432689,
                -5.2154064247855736e-8,
                -0.9960799217224123,
                0,
                0.0000012980969874010206,
                1.0000000000035982,
                -1.6763812946823942e-7,
                0,
                0.9960799782387318,
                -0.0000013078373336250504,
                -0.08845788742324717,
                0,
                73.70118713378906,
                0.000013351440440345641,
                -0.0000152587890625,
                1
            ],
            "name": "SimpleBugLeg_1_L"
        },
        "SimpleBugLeg_1_R": {
            "children": [
                "SimpleBugLeg_2_R"
            ],
            "matrix": [
                -0.08845773339271529,
                5.587935444223424e-8,
                -0.9960798621177673,
                0,
                -9.203946060576396e-7,
                0.999999821185966,
                1.3783570015912794e-7,
                0,
                0.996079566426359,
                9.2897905631939e-7,
                -0.08845770713353202,
                0,
                -73.7011947631836,
                0.0000019073486257070726,
                -0.000013351440436792927,
                1
            ],
            "name": "SimpleBugLeg_1_R"
        },
        "SimpleBugLeg_2_A_L": {
            "children": [
                "SimpleBugLeg_3_A_L"
            ],
            "matrix": [
                0.8039320707321169,
                0.017650455236434978,
                -0.5944589376449586,
                0,
                4.098703903984702e-7,
                0.9995594620700975,
                0.029679104698586006,
                0,
                0.5947210816160041,
                -0.023860234808926704,
                0.8035781386980784,
                0,
                51.905075073242195,
                0.00001573562621803859,
                0.0000152587890625,
                1
            ],
            "name": "SimpleBugLeg_2_A_L"
        },
        "SimpleBugLeg_2_A_R": {
            "children": [
                "SimpleBugLeg_3_A_R"
            ],
            "matrix": [
                0.8039323091506957,
                0.017650812864303554,
                -0.5944589376449585,
                0,
                1.8129237790154296e-7,
                -0.9995597002993236,
                -0.029678913634939887,
                0,
                -0.5947210324169975,
                0.02385972891466485,
                -0.8035783113529706,
                0,
                -51.90503311157225,
                0.0000171661376953125,
                -0.000045776367201710855,
                1
            ],
            "name": "SimpleBugLeg_2_A_R"
        },
        "SimpleBugLeg_2_B_L": {
            "children": [
                "SimpleBugLeg_3_B_L"
            ],
            "matrix": [
                0.2672272324562074,
                -0.17453591525554663,
                -0.9476954340934751,
                0,
                -0.0000013274325566525746,
                0.983460488077143,
                -0.1811230960445977,
                0,
                0.9636333197293038,
                0.04840227266177402,
                0.2628071437450995,
                0,
                57.088764190673835,
                0.00004029273986905224,
                -1.4210854715202004e-14,
                1
            ],
            "name": "SimpleBugLeg_2_B_L"
        },
        "SimpleBugLeg_2_B_R": {
            "children": [
                "SimpleBugLeg_3_B_R"
            ],
            "matrix": [
                0.26722753047943115,
                -0.1745346784591674,
                -0.9476956129074097,
                0,
                -0.0000010400464208332183,
                -0.98346095783294,
                0.1811211973398156,
                0,
                -0.9636335995620312,
                -0.04839958636385887,
                -0.26280803399553915,
                0,
                -57.08867263793942,
                -0.000007152557369494161,
                0.00000762939453125,
                1
            ],
            "name": "SimpleBugLeg_2_B_R"
        },
        "SimpleBugLeg_2_C_L": {
            "children": [
                "SimpleBugLeg_3_C_L"
            ],
            "matrix": [
                0.7727645039558411,
                0.21987806260585782,
                -0.5953894853591921,
                0,
                6.550381798781091e-8,
                0.9380749342380514,
                0.34643230156133853,
                0,
                0.634692856421784,
                -0.26771064188241855,
                0.7249110434334203,
                0,
                35.24699020385741,
                -0.000011444091796875,
                -0.000022888183579539145,
                1
            ],
            "name": "SimpleBugLeg_2_C_L"
        },
        "SimpleBugLeg_2_C_R": {
            "children": [
                "SimpleBugLeg_3_C_R"
            ],
            "matrix": [
                0.7727642655372622,
                0.2198781073093414,
                -0.5953894853591919,
                0,
                3.004817795901338e-7,
                -0.9380749688683282,
                -0.3464319097657899,
                0,
                -0.634692788699663,
                0.26771003115954045,
                -0.7249109068189626,
                0,
                -35.24702453613279,
                -0.00000762939453125,
                1.4210854715202004e-14,
                1
            ],
            "name": "SimpleBugLeg_2_C_R"
        },
        "SimpleBugLeg_2_L": {
            "children": [
                "SimpleBugLeg_3_L"
            ],
            "matrix": [
                0.5858447551727297,
                -0.06623832136392596,
                -0.8077116012573246,
                0,
                7.582632745306572e-8,
                0.9966543334402974,
                -0.0817329669425904,
                0,
                0.8104230711129587,
                0.04788276575010209,
                0.5838846822588927,
                0,
                68.51802062988281,
                0.000011444091789769573,
                0.000015258789048289145,
                1
            ],
            "name": "SimpleBugLeg_2_L"
        },
        "SimpleBugLeg_2_R": {
            "children": [
                "SimpleBugLeg_3_R"
            ],
            "matrix": [
                0.5858452320098877,
                -0.06623869389295578,
                -0.8077117204666137,
                0,
                1.2817232285244895e-7,
                -0.9966545715186206,
                0.08173358203944735,
                0,
                -0.8104229910126997,
                -0.047883302526411715,
                -0.5838849503197786,
                0,
                -68.51809692382812,
                0.0000133514404296875,
                -0.000030517578139210855,
                1
            ],
            "name": "SimpleBugLeg_2_R"
        },
        "SimpleBugLeg_3_A_L": {
            "children": [],
            "matrix": [
                0.9999998807907106,
                -1.3877787807814457e-17,
                1.490116116609208e-8,
                0,
                3.469446951953614e-16,
                1.0000000000000002,
                -2.7939677196830992e-8,
                0,
                -1.4901161221603232e-8,
                2.7939673945959198e-8,
                0.9999998807907154,
                0,
                77.78726196289061,
                -0.00001025199890580808,
                0.00005340576171875,
                1
            ],
            "name": "SimpleBugLeg_3_A_L"
        },
        "SimpleBugLeg_3_A_R": {
            "children": [],
            "matrix": [
                1.0000002384185793,
                5.551115123125783e-17,
                -1.4901161193847656e-8,
                0,
                8.881784197001252e-16,
                0.9999998807907103,
                6.053596740725198e-8,
                0,
                1.4901155892532714e-8,
                -6.053596735521027e-8,
                0.9999998807907217,
                0,
                -77.78728485107422,
                0.000011920928952635634,
                -0.000015258789076710855,
                1
            ],
            "name": "SimpleBugLeg_3_A_R"
        },
        "SimpleBugLeg_3_B_L": {
            "children": [],
            "matrix": [
                0.9999999999999998,
                4.172325133999788e-7,
                4.76837158203125e-7,
                0,
                -4.17232677740742e-7,
                0.9999999999999997,
                3.445893526042576e-7,
                0,
                -4.768370144569989e-7,
                -3.4458955155275417e-7,
                0.9999999999999921,
                0,
                83.31210327148435,
                0.0000038146972620722863,
                0.000030517578125,
                1
            ],
            "name": "SimpleBugLeg_3_B_L"
        },
        "SimpleBugLeg_3_B_R": {
            "children": [],
            "matrix": [
                1.0000001192092898,
                1.1920928955078125e-7,
                -2.980232238769531e-7,
                0,
                -1.192092682067436e-7,
                0.9999999403953671,
                -3.469446951953614e-18,
                0,
                2.9802315279492397e-7,
                3.5561831257524545e-14,
                0.9999998807907358,
                0,
                -83.31199645996095,
                -0.000030517578125,
                -0.000030517578125,
                1
            ],
            "name": "SimpleBugLeg_3_B_R"
        },
        "SimpleBugLeg_3_C_L": {
            "children": [],
            "matrix": [
                0.9999999999999996,
                1.490116123548102e-8,
                -5.9604644719879474e-8,
                0,
                -1.4901158529312397e-8,
                0.9999999999999999,
                4.4703483609298544e-8,
                0,
                5.960464527499099e-8,
                -4.4703482721120125e-8,
                1.0000000000000098,
                0,
                67.51408386230466,
                0.0000019073486257070726,
                0,
                1
            ],
            "name": "SimpleBugLeg_3_C_L"
        },
        "SimpleBugLeg_3_C_R": {
            "children": [],
            "matrix": [
                1.0000000000000002,
                -4.6938657764783454e-7,
                -2.9802322409899773e-7,
                0,
                4.6938668951668205e-7,
                1.000000238418601,
                5.551115123125783e-17,
                0,
                2.98023295042249e-7,
                -1.3988810110276972e-13,
                1.0000002384186097,
                0,
                -67.51408386230467,
                0.000015258789066052714,
                0.0001068115234375,
                1
            ],
            "name": "SimpleBugLeg_3_C_R"
        },
        "SimpleBugLeg_3_L": {
            "children": [],
            "matrix": [
                0.9999998807907103,
                1.8626451478431783e-8,
                5.960464477539062e-7,
                0,
                -1.8626457015669118e-8,
                0.9999997615814203,
                1.3038516133087596e-8,
                0,
                -5.960464475041061e-7,
                -1.3038528801773142e-8,
                0.9999998807906926,
                0,
                73.12142944335936,
                -0.000007629394527697286,
                0.00003051757809657829,
                1
            ],
            "name": "SimpleBugLeg_3_L"
        },
        "SimpleBugLeg_3_R": {
            "children": [],
            "matrix": [
                0.9999999403953552,
                7.450580596923828e-8,
                5.96046448031462e-8,
                0,
                -7.450579487394693e-8,
                0.9999998211860643,
                -3.7252902981149694e-8,
                0,
                -5.960466534227216e-8,
                3.725291405909381e-8,
                1.0000002384185784,
                0,
                -73.12139892578125,
