{
    "animations": {},
    "asset": {},
    "attributes": {
        "attribute_1": {
            "bufferView": "bufferView_37",
            "byteOffset": 0,
            "byteStride": 12,
            "count": 1792,
            "max": [
                1,
                1,
                1
            ],
            "min": [
                0,
                0,
                0
            ],
            "type": "FLOAT_VEC3"
        },
        "attribute_10": {
            "bufferView": "bufferView_37",
            "byteOffset": 114400,
            "byteStride": 16,
            "count": 215,
            "max": [
                1,
                1,
                1
            ],
            "min": [
                0,
                0,
                0
            ],
            "type": "FLOAT_VEC4"
        },
        "attribute_11": {
            "bufferView": "bufferView_37",
            "byteOffset": 117840,
            "byteStride": 12,
            "count": 215,
            "max": [
                1,
                1,
                1
            ],
            "min": [
                0,
                0,
                0
            ],
            "type": "FLOAT_VEC3"
        },
        "attribute_13": {
            "bufferView": "bufferView_37",
            "byteOffset": 120420,
            "byteStride": 12,
            "count": 262,
            "max": [
                1,
                1,
                1
            ],
            "min": [
                0,
                0,
                0
            ],
            "type": "FLOAT_VEC3"
        },
        "attribute_14": {
            "bufferView": "bufferView_37",
            "byteOffset": 123564,
            "byteStride": 12,
            "count": 262,
            "max": [
                1,
                1,
                1
            ],
            "min": [
                0,
                0,
                0
            ],
            "type": "FLOAT_VEC3"
        },
        "attribute_15": {
            "bufferView": "bufferView_37",
            "byteOffset": 126708,
            "byteStride": 8,
            "count": 262,
            "max": [
                1,
                1,
                1
            ],
            "min": [
                0,
                0,
                0
            ],
            "type": "FLOAT_VEC2"
        },
        "attribute_16": {
            "bufferView": "bufferView_37",
            "byteOffset": 128804,
            "byteStride": 16,
            "count": 262,
            "max": [
                1,
                1,
                1
            ],
            "min": [
                0,
                0,
                0
            ],
            "type": "FLOAT_VEC4"
        },
        "attribute_17": {
            "bufferView": "bufferView_37",
            "byteOffset": 132996,
            "byteStride": 12,
            "count": 262,
            "max": [
                1,
                1,
                1
            ],
            "min": [
                0,
                0,
                0
            ],
            "type": "FLOAT_VEC3"
        },
        "attribute_19": {
            "bufferView": "bufferView_37",
            "byteOffset": 136140,
            "byteStride": 12,
            "count": 628,
            "max": [
                1,
                1,
                1
            ],
            "min": [
                0,
                0,
                0
            ],
            "type": "FLOAT_VEC3"
        },
        "attribute_2": {
            "bufferView": "bufferView_37",
            "byteOffset": 21504,
            "byteStride": 12,
            "count": 1792,
            "max": [
                1,
                1,
                1
            ],
            "min": [
                0,
                0,
                0
            ],
            "type": "FLOAT_VEC3"
        },
        "attribute_20": {
            "bufferView": "bufferView_37",
            "byteOffset": 143676,
            "byteStride": 12,
            "count": 628,
            "max": [
                1,
                1,
                1
            ],
            "min": [
                0,
                0,
                0
            ],
            "type": "FLOAT_VEC3"
        },
        "attribute_21": {
            "bufferView": "bufferView_37",
            "byteOffset": 151212,
            "byteStride": 8,
            "count": 628,
            "max": [
                1,
                1,
                1
            ],
            "min": [
                0,
                0,
                0
            ],
            "type": "FLOAT_VEC2"
        },
        "attribute_22": {
            "bufferView": "bufferView_37",
            "byteOffset": 156236,
            "byteStride": 16,
            "count": 628,
            "max": [
                1,
                1,
                1
            ],
            "min": [
                0,
                0,
                0
            ],
            "type": "FLOAT_VEC4"
        },
        "attribute_23": {
            "bufferView": "bufferView_37",
            "byteOffset": 166284,
            "byteStride": 12,
            "count": 628,
            "max": [
                1,
                1,
                1
            ],
            "min": [
                0,
                0,
                0
            ],
            "type": "FLOAT_VEC3"
        },
        "attribute_25": {
            "bufferView": "bufferView_37",
            "byteOffset": 173820,
            "byteStride": 12,
            "count": 179,
            "max": [
                1,
                1,
                1
            ],
            "min": [
                0,
                0,
                0
            ],
            "type": "FLOAT_VEC3"
        },
        "attribute_26": {
            "bufferView": "bufferView_37",
            "byteOffset": 175968,
            "byteStride": 12,
            "count": 179,
            "max": [
                1,
                1,
                1
            ],
            "min": [
                0,
                0,
                0
            ],
            "type": "FLOAT_VEC3"
        },
        "attribute_27": {
            "bufferView": "bufferView_37",
            "byteOffset": 178116,
            "byteStride": 8,
            "count": 179,
            "max": [
                1,
                1,
                1
            ],
            "min": [
                0,
                0,
                0
            ],
            "type": "FLOAT_VEC2"
        },
        "attribute_28": {
            "bufferView": "bufferView_37",
            "byteOffset": 179548,
            "byteStride": 16,
            "count": 179,
            "max": [
                1,
                1,
                1
            ],
            "min": [
                0,
                0,
                0
            ],
            "type": "FLOAT_VEC4"
        },
        "attribute_29": {
            "bufferView": "bufferView_37",
            "byteOffset": 182412,
            "byteStride": 12,
            "count": 179,
            "max": [
                1,
                1,
                1
            ],
            "min": [
                0,
                0,
                0
            ],
            "type": "FLOAT_VEC3"
        },
        "attribute_3": {
            "bufferView": "bufferView_37",
            "byteOffset": 43008,
            "byteStride": 8,
            "count": 1792,
            "max": [
                1,
                1,
                1
            ],
            "min": [
                0,
                0,
                0
            ],
            "type": "FLOAT_VEC2"
        },
        "attribute_31": {
            "bufferView": "bufferView_37",
            "byteOffset": 184560,
            "byteStride": 12,
            "count": 388,
            "max": [
                1,
                1,
                1
            ],
            "min": [
                0,
                0,
                0
            ],
            "type": "FLOAT_VEC3"
        },
        "attribute_32": {
            "bufferView": "bufferView_37",
            "byteOffset": 189216,
            "byteStride": 12,
            "count": 388,
            "max": [
                1,
                1,
                1
            ],
            "min": [
                0,
                0,
                0
            ],
            "type": "FLOAT_VEC3"
        },
        "attribute_33": {
            "bufferView": "bufferView_37",
            "byteOffset": 193872,
            "byteStride": 8,
            "count": 388,
            "max": [
                1,
                1,
                1
            ],
            "min": [
                0,
                0,
                0
            ],
            "type": "FLOAT_VEC2"
        },
        "attribute_34": {
            "bufferView": "bufferView_37",
            "byteOffset": 196976,
            "byteStride": 16,
            "count": 388,
            "max": [
                1,
                1,
                1
            ],
            "min": [
                0,
                0,
                0
            ],
            "type": "FLOAT_VEC4"
        },
        "attribute_35": {
            "bufferView": "bufferView_37",
            "byteOffset": 203184,
            "byteStride": 12,
            "count": 388,
            "max": [
                1,
                1,
                1
            ],
            "min": [
                0,
                0,
                0
            ],
            "type": "FLOAT_VEC3"
        },
        "attribute_4": {
            "bufferView": "bufferView_37",
            "byteOffset": 57344,
            "byteStride": 16,
            "count": 1792,
            "max": [
                1,
                1,
                1
            ],
            "min": [
                0,
                0,
                0
            ],
            "type": "FLOAT_VEC4"
        },
        "attribute_5": {
            "bufferView": "bufferView_37",
            "byteOffset": 86016,
            "byteStride": 12,
            "count": 1792,
            "max": [
                1,
                1,
                1
            ],
            "min": [
                0,
                0,
                0
            ],
            "type": "FLOAT_VEC3"
        },
        "attribute_7": {
            "bufferView": "bufferView_37",
            "byteOffset": 107520,
            "byteStride": 12,
            "count": 215,
            "max": [
                1,
                1,
                1
            ],
            "min": [
                0,
                0,
                0
            ],
            "type": "FLOAT_VEC3"
        },
        "attribute_8": {
            "bufferView": "bufferView_37",
            "byteOffset": 110100,
            "byteStride": 12,
            "count": 215,
            "max": [
                1,
                1,
                1
            ],
            "min": [
                0,
                0,
                0
            ],
            "type": "FLOAT_VEC3"
        },
        "attribute_9": {
            "bufferView": "bufferView_37",
            "byteOffset": 112680,
            "byteStride": 8,
            "count": 215,
            "max": [
                1,
                1,
                1
            ],
            "min": [
                0,
                0,
                0
            ],
            "type": "FLOAT_VEC2"
        }
    },
    "bufferViews": {
        "bufferView_37": {
            "buffer": "windrunner.bin",
            "byteLength": 207840,
            "byteOffset": 0,
            "target": "ARRAY_BUFFER"
        },
        "bufferView_38": {
            "buffer": "windrunner.bin",
            "byteLength": 39084,
            "byteOffset": 207840,
            "target": "ELEMENT_ARRAY_BUFFER"
        }
    },
    "buffers": {
        "windrunner.bin": {
            "byteLength": 246924,
            "path": "windrunner.bin"
        }
    },
    "cameras": {},
    "images": {
        "image_0": {
            "path": "textures/windrunner_color.png"
        },
        "image_1": {
            "path": "textures/windrunner_bow_color.png"
        },
        "image_2": {
            "path": "textures/windrunner_cape_color.png"
        },
        "image_3": {
            "path": "textures/windrunner_hair_color.png"
        },
        "image_4": {
            "path": "textures/windrunner_quiver_color.png"
        },
        "image_5": {
            "path": "textures/windrunner_shoulderpads_color.png"
        }
    },
    "indices": {
        "indices_12": {
            "bufferView": "bufferView_38",
            "byteOffset": 20076,
            "count": 1278,
            "type": "UNSIGNED_SHORT"
        },
        "indices_18": {
            "bufferView": "bufferView_38",
            "byteOffset": 22632,
            "count": 1332,
            "type": "UNSIGNED_SHORT"
        },
        "indices_24": {
            "bufferView": "bufferView_38",
            "byteOffset": 25296,
            "count": 3624,
            "type": "UNSIGNED_SHORT"
        },
        "indices_30": {
            "bufferView": "bufferView_38",
            "byteOffset": 32544,
            "count": 990,
            "type": "UNSIGNED_SHORT"
        },
        "indices_36": {
            "bufferView": "bufferView_38",
            "byteOffset": 34524,
            "count": 2280,
            "type": "UNSIGNED_SHORT"
        },
        "indices_6": {
            "bufferView": "bufferView_38",
            "byteOffset": 0,
            "count": 10038,
            "type": "UNSIGNED_SHORT"
        }
    },
    "lights": {},
    "materials": {
        "Material #35": {
            "instanceTechnique": {
                "technique": "technique_0",
                "values": [
                    {
                        "parameter": "ambient",
                        "value": [
                            0.5879999995231628,
                            0.5879999995231628,
                            0.5879999995231628
                        ]
                    },
                    {
                        "parameter": "emission",
                        "value": [
                            0,
                            0,
                            0
                        ]
                    },
                    {
                        "parameter": "diffuse",
                        "value": "Map #13"
                    },
                    {
                        "parameter": "shininess",
                        "value": 2
                    },
                    {
                        "parameter": "specular",
                        "value": [
                            0.8999999761581421,
                            0.8999999761581421,
                            0.8999999761581421
                        ]
                    }
                ]
            },
            "name": "Material #35"
        },
        "Material #46": {
            "instanceTechnique": {
                "technique": "technique_0",
                "values": [
                    {
                        "parameter": "ambient",
                        "value": [
                            0.5879999995231628,
                            0.5879999995231628,
                            0.5879999995231628
                        ]
                    },
                    {
                        "parameter": "emission",
                        "value": [
                            0,
                            0,
                            0
                        ]
                    },
                    {
                        "parameter": "diffuse",
                        "value": "Map #8"
                    },
                    {
                        "parameter": "shininess",
                        "value": 2
                    },
                    {
                        "parameter": "specular",
                        "value": [
                            0.8999999761581421,
                            0.8999999761581421,
                            0.8999999761581421
                        ]
                    }
                ]
            },
            "name": "Material #46"
        },
        "Material #57": {
            "instanceTechnique": {
                "technique": "technique_0",
                "values": [
                    {
                        "parameter": "ambient",
                        "value": [
                            0.5879999995231628,
                            0.5879999995231628,
                            0.5879999995231628
                        ]
                    },
                    {
                        "parameter": "emission",
                        "value": [
                            0,
                            0,
                            0
                        ]
                    },
                    {
                        "parameter": "diffuse",
                        "value": "Map #9"
                    },
                    {
                        "parameter": "shininess",
                        "value": 2
                    },
                    {
                        "parameter": "specular",
                        "value": [
                            0.8999999761581421,
                            0.8999999761581421,
                            0.8999999761581421
                        ]
                    }
                ]
            },
            "name": "Material #57"
        },
        "Material #68": {
            "instanceTechnique": {
                "technique": "technique_0",
                "values": [
                    {
                        "parameter": "ambient",
                        "value": [
                            0.5879999995231628,
                            0.5879999995231628,
                            0.5879999995231628
                        ]
                    },
                    {
                        "parameter": "emission",
                        "value": [
                            0,
                            0,
                            0
                        ]
                    },
                    {
                        "parameter": "diffuse",
                        "value": "Map #10"
                    },
                    {
                        "parameter": "shininess",
                        "value": 2
                    },
                    {
                        "parameter": "specular",
                        "value": [
                            0.8999999761581421,
                            0.8999999761581421,
                            0.8999999761581421
                        ]
                    }
                ]
            },
            "name": "Material #68"
        },
        "Material #79": {
            "instanceTechnique": {
                "technique": "technique_0",
                "values": [
                    {
                        "parameter": "ambient",
                        "value": [
                            0.5879999995231628,
                            0.5879999995231628,
                            0.5879999995231628
                        ]
                    },
                    {
                        "parameter": "emission",
                        "value": [
                            0,
                            0,
                            0
                        ]
                    },
                    {
                        "parameter": "diffuse",
                        "value": "Map #11"
                    },
                    {
                        "parameter": "shininess",
                        "value": 2
                    },
                    {
                        "parameter": "specular",
                        "value": [
                            0.8999999761581421,
                            0.8999999761581421,
                            0.8999999761581421
                        ]
                    }
                ]
            },
            "name": "Material #79"
        },
        "Material #90": {
            "instanceTechnique": {
                "technique": "technique_0",
                "values": [
                    {
                        "parameter": "ambient",
                        "value": [
                            0.5879999995231628,
                            0.5879999995231628,
                            0.5879999995231628
                        ]
                    },
                    {
                        "parameter": "emission",
                        "value": [
                            0,
                            0,
                            0
                        ]
                    },
                    {
                        "parameter": "diffuse",
                        "value": "Map #12"
                    },
                    {
                        "parameter": "shininess",
                        "value": 2
                    },
                    {
                        "parameter": "specular",
                        "value": [
                            0.8999999761581421,
                            0.8999999761581421,
                            0.8999999761581421
                        ]
                    }
                ]
            },
            "name": "Material #90"
        }
    },
    "meshes": {
        "windrunner_bow_model_LOD0-mesh": {
            "name": "windrunner_bow_model_LOD0-mesh",
            "primitives": [
                {
                    "indices": "indices_12",
                    "material": "Material #46",
                    "semantics": {
                        "JOINT": "attribute_10",
                        "NORMAL": "attribute_8",
                        "POSITION": "attribute_7",
                        "TEXCOORD_0": "attribute_9",
                        "WEIGHT": "attribute_11"
                    },
                    "skin": "skin_1"
                }
            ]
        },
        "windrunner_cape_model_LOD0-mesh": {
            "name": "windrunner_cape_model_LOD0-mesh",
            "primitives": [
                {
                    "indices": "indices_18",
                    "material": "Material #57",
                    "semantics": {
                        "JOINT": "attribute_16",
                        "NORMAL": "attribute_14",
                        "POSITION": "attribute_13",
                        "TEXCOORD_0": "attribute_15",
                        "WEIGHT": "attribute_17"
                    },
                    "skin": "skin_2"
                }
            ]
        },
        "windrunner_head_model_LOD0-mesh": {
            "name": "windrunner_head_model_LOD0-mesh",
            "primitives": [
                {
                    "indices": "indices_24",
                    "material": "Material #68",
                    "semantics": {
                        "JOINT": "attribute_22",
                        "NORMAL": "attribute_20",
                        "POSITION": "attribute_19",
                        "TEXCOORD_0": "attribute_21",
                        "WEIGHT": "attribute_23"
                    },
                    "skin": "skin_3"
                }
            ]
        },
        "windrunner_model_LOD0-mesh": {
            "name": "windrunner_model_LOD0-mesh",
            "primitives": [
                {
                    "indices": "indices_6",
                    "material": "Material #35",
                    "semantics": {
                        "JOINT": "attribute_4",
                        "NORMAL": "attribute_2",
                        "POSITION": "attribute_1",
                        "TEXCOORD_0": "attribute_3",
                        "WEIGHT": "attribute_5"
                    },
                    "skin": "skin_0"
                }
            ]
        },
        "windrunner_quiver_model_LOD0-mesh": {
            "name": "windrunner_quiver_model_LOD0-mesh",
            "primitives": [
                {
                    "indices": "indices_30",
                    "material": "Material #79",
                    "semantics": {
                        "JOINT": "attribute_28",
                        "NORMAL": "attribute_26",
                        "POSITION": "attribute_25",
                        "TEXCOORD_0": "attribute_27",
                        "WEIGHT": "attribute_29"
                    },
                    "skin": "skin_4"
                }
            ]
        },
        "windrunner_shoulderpads_model_LOD0-mesh": {
            "name": "windrunner_shoulderpads_model_LOD0-mesh",
            "primitives": [
                {
                    "indices": "indices_36",
                    "material": "Material #90",
                    "semantics": {
                        "JOINT": "attribute_34",
                        "NORMAL": "attribute_32",
                        "POSITION": "attribute_31",
                        "TEXCOORD_0": "attribute_33",
                        "WEIGHT": "attribute_35"
                    },
                    "skin": "skin_5"
                }
            ]
        }
    },
    "nodes": {
        "ankle_L": {
            "children": [
                "toeBase_L"
            ],
            "matrix": [
                0.5032675266265872,
                -0.016887459903955473,
                0.8639660477638245,
                0,
                0.09016770124953108,
                0.9953772548642359,
                -0.03306736715241522,
                0,
                -0.8594136202877489,
                0.0945435525949529,
                0.5024636889477754,
                0,
                36.55741119384765,
                -0.0000057220458984375,
                0,
                1
            ],
            "name": "ankle_L"
        },
        "ankle_R": {
            "children": [
                "toeBase_R"
            ],
            "matrix": [
                0.5233740210533142,
                -0.018275476992130286,
                0.8519070148468018,
                0,
                0.08473591937110576,
                0.9959308424246406,
                -0.030692865766720676,
                0,
                -0.8478790991665934,
                0.08825092637453683,
                0.5227926446320724,
                0,
                -36.48615264892579,
                -0.0000019073486328125,
                0.000006675720213067393,
                1
            ],
            "name": "ankle_R"
        },
        "arrow_1": {
            "children": [],
            "matrix": [
                1.0000000000000002,
                -1.136868377480858e-13,
                -4.768371580921027e-7,
                0,
                1.136868241426191e-13,
                0.9999999999999999,
                -2.8421709377464448e-14,
                0,
                4.76837158203125e-7,
                2.8421655246765163e-14,
                1,
                0,
                -11.431297302246094,
                12.463184356689453,
                10.587368011474616,
                1
            ],
            "name": "arrow_1"
        },
        "arrow_2": {
            "children": [],
            "matrix": [
                0.9999999999999999,
                3.3288060308223066e-8,
                -4.7683715803659155e-7,
                0,
                -3.328806030824345e-8,
                0.9999999999999997,
                -4.263256409266645e-14,
                0,
                4.76837158203125e-7,
                5.850554819860356e-14,
                1,
                0,
                -12.08782958984375,
                10.811700820922853,
                11.169227600097642,
                1
            ],
            "name": "arrow_2"
        },
        "bicep_L": {
            "children": [
                "elbow_L"
            ],
            "matrix": [
                0.5229793190956118,
                0.368727743625641,
                -0.7684609889984133,
                0,
                -0.7732323089667273,
                0.5845742697085224,
                -0.24573238940995373,
                0,
                0.35861420562765634,
                0.7227118904168301,
                0.5908325135850482,
                0,
                10.176099777221683,
                1.4210854715202004e-14,
                -0.000007629394545460855,
                1
            ],
            "name": "bicep_L"
        },
        "bicep_R": {
            "children": [
                "elbow_R"
            ],
            "matrix": [
                0.4925865530967711,
                0.4250533878803252,
                -0.7593995928764343,
                0,
                -0.7825890455947886,
                0.5980510622261304,
                -0.17288554216745242,
                0,
                0.38067419143108655,
                0.6794589738584897,
                0.6272341084223945,
                0,
                -10.069984436035153,
                -1.4210854715202004e-14,
                -0.00002288818359375,
                1
            ],
            "name": "bicep_R"
        },
        "bow_1": {
            "children": [
                "joint6",
                "joint1",
                "bowstring_jnt"
            ],
            "matrix": [
                0.9444978237152101,
                0.27542370557785045,
                0.17906931042671198,
                0,
                -0.3126738171512189,
                0.9208965787182362,
                0.2327757423546469,
                0,
                -0.10079237226137627,
                -0.2758465064780156,
                0.9559027329973383,
                0,
                43.029685974121094,
                67.19522094726561,
                41.00141906738282,
                1
            ],
            "name": "bow_1"
        },
        "bowstring_jnt": {
            "children": [],
            "matrix": [
                -0.2261993736028673,
                0.23476223647594469,
                0.9453678131103518,
                0,
                -0.9507987575944462,
                -0.26413642540496574,
                -0.161906110304128,
                0,
                0.2116966985317307,
                -0.935477886772984,
                0.28295922260584067,
                0,
                -4.694069862365724,
                4.940850734710693,
                19.505195617675785,
                1
            ],
            "name": "bowstring_jnt"
        },
        "cape_R0C0": {
            "children": [
                "cape_R1C0"
            ],
            "matrix": [
                -0.7483873367309571,
                3.5685894780564954e-7,
                0.6632619500160216,
                0,
                0.6632619500160208,
                -2.3514650795324394e-9,
                0.7483873367309576,
                0,
                2.686283494465786e-7,
                1,
                -2.3493115018753544e-7,
                0,
                12.88201904296875,
                8.983489990234375,
                10.661125183105469,
                1
            ],
            "name": "cape_R0C0"
        },
        "cape_R0C1": {
            "children": [
                "cape_R1C1"
            ],
            "matrix": [
                -0.7460499405860902,
                0.07896147668361643,
                0.661191701889038,
                0,
                0.6632627019565869,
                2.29733201371448e-7,
                0.7483867081723463,
                0,
                0.05909356499885911,
                0.9968776081381862,
                -0.05237237136532439,
                0,
                12.209129333496108,
                1.0342726707458494,
                11.257476806640625,
                1
            ],
            "name": "cape_R0C1"
        },
        "cape_R0C2": {
            "children": [
                "cape_R1C2"
            ],
            "matrix": [
                -0.7447602152824402,
                -0.09833384305238753,
                0.6600478291511536,
                0,
                0.6632622240129927,
                -2.347528975931757e-7,
                0.7483871196057684,
                0,
                -0.07359160793053912,
                0.9951534907854422,
                0.06522128171524302,
                0,
                12.88201904296875,
                -8.064875602722164,
                10.661117553710938,
                1
            ],
            "name": "cape_R0C2"
        },
        "cape_R1C0": {
            "children": [
                "cape_R2C0"
            ],
            "matrix": [
                0.9999999999999993,
                1.3411056443146644e-7,
                -2.1076271394804227e-8,
                0,
                -1.3411056443146882e-7,
                0.9999999999999996,
                -1.0969842390113797e-13,
                0,
                2.1076271394789186e-8,
                1.1252497452361705e-13,
                1,
                0,
                25.017875671386705,
                5.0272264480590785,
                9.5367431640625e-7,
                1
            ],
            "name": "cape_R1C0"
        },
        "cape_R1C1": {
            "children": [
                "cape_R2C1"
            ],
            "matrix": [
                0.9885667562484741,
                0.15078322589397433,
                -1.4901161193847656e-8,
                0,
                -0.15078323233092497,
                0.9885667984504927,
                7.729977369655416e-8,
                0,
                2.6386306292702777e-8,
                -7.416915200857695e-8,
                0.9999999999999982,
                0,
                25.01792144775392,
                5.027233123779299,
                -0.000001907348634588857,
                1
            ],
            "name": "cape_R1C1"
        },
        "cape_R1C2": {
            "children": [
                "cape_R2C2"
            ],
            "matrix": [
                0.9885669350624089,
                0.15078340470790866,
                7.450580610801616e-9,
                0,
                -0.15078338727742427,
                0.9885668207845769,
                -9.31322579819649e-10,
                0,
                -7.505823990117122e-9,
                -2.0274905523114278e-10,
                1.0000000000000002,
                0,
                25.01787567138672,
                5.027220726013187,
                3.552713678800501e-15,
                1
            ],
            "name": "cape_R1C2"
        },
        "cape_R2C0": {
            "children": [],
            "matrix": [
                0.9999999999999994,
                -1.4210854741671783e-14,
                -5.292103466558723e-8,
                0,
                3.944556445919996e-14,
                1,
                4.768370445162872e-7,
                0,
                5.292103466558047e-8,
                -4.7683704451628924e-7,
                0.9999999999999996,
                0,
                27.6912841796875,
                -0.000007629394534802714,
                -0.000023841857911932607,
                1
            ],
            "name": "cape_R2C0"
        },
        "cape_R2C1": {
            "children": [],
            "matrix": [
                1.000000238418579,
                -8.642673491598973e-7,
                -2.9802322384919755e-7,
                0,
                8.642675539682898e-7,
                1.000000476837298,
                -4.656612878281563e-9,
                0,
                2.980232634286484e-7,
                4.656354741019997e-9,
                1.0000003576278687,
                0,
                33.304019927978516,
                -0.000041961669921875,
                -0.00003528594970703125,
                1
            ],
            "name": "cape_R2C1"
        },
        "cape_R2C2": {
            "children": [],
            "matrix": [
                0.999999821186066,
                -4.4703483584318526e-7,
                -4.3958425521850586e-7,
                0,
                4.4703470611362484e-7,
                1.0000000000000067,
                -4.768371582083292e-7,
                0,
                4.3958454697123894e-7,
                4.768369616919149e-7,
                1.0000000000000002,
                0,
                27.69120788574218,
                -0.0000152587890625,
                -0.000022888183597302714,
                1
            ],
            "name": "cape_R2C2"
        },
        "clavicle_L": {
            "children": [
                "bicep_L"
            ],
            "matrix": [
                0.14247624576091777,
                0.9343820810317992,
                0.3265436589717864,
                0,
                -0.04922292683870755,
                -0.3228124799005812,
                0.9451823243046076,
                0,
                0.9885736639635294,
                -0.1507394437068268,
                -8.940696699655248e-8,
                0,
                5.801483154296889,
                3.3038926124572754,
                -3.1416015625,
                1
            ],
            "name": "clavicle_L"
        },
        "clavicle_R": {
            "children": [
                "bicep_R"
            ],
            "matrix": [
                -0.14397808909416193,
                0.9329417347908021,
                -0.32998496294021595,
                0,
                0.05032992416384113,
                -0.3261241904592427,
                -0.9439862699625224,
                0,
                -0.9883003115206617,
                -0.1525214642770879,
                -1.4901160799718483e-7,
                0,
                5.647850036621108,
                -3.095643043518066,
                -3.1906356811523438,
                1
            ],
            "name": "clavicle_R"
        },
        "elbow_L": {
            "children": [
                "wrist_L"
            ],
            "matrix": [
                0.9438047409057617,
                0,
                -0.33050405979156494,
                0,
                4.304956036094154e-8,
                0.9999999403953551,
                1.2293458444279093e-7,
                0,
                0.3305039886767669,
                -1.302542778913729e-7,
                0.9438045378266117,
                0,
                26.50279235839845,
                -0.00002288818359375,
                0.000010013580323153803,
                1
            ],
            "name": "elbow_L"
        },
        "elbow_R": {
            "children": [
                "wrist_R",
                "forearm_jnt"
            ],
            "matrix": [
                0.9570094347000122,
                -5.960464476983951e-7,
                -0.2900569736957551,
                0,
                6.820988396327721e-7,
                0.9999998211858868,
                1.9557772779933702e-7,
                0,
                0.2900569726895079,
                -3.8501732346762907e-7,
                0.9570094313808074,
                0,
                -24.95261383056642,
                -0.00000762939453125,
                -0.000015497207641601562,
                1
            ],
            "name": "elbow_R"
        },
        "forearm_jnt": {
            "children": [],
            "matrix": [
