{
    "accessors": [
        {
            "bufferView": 0,
            "byteOffset": 0,
            "componentType": 5126,
            "count": 2284,
            "max": [
                42.961280822753906,
                17.27867889404297,
                154.14503479003906
            ],
            "min": [
                -39.670127868652344,
                -16.11959457397461,
                1.993998408317566
            ],
            "type": "VEC3"
        },
        {
            "bufferView": 0,
            "byteOffset": 27408,
            "componentType": 5126,
            "count": 2284,
            "max": [
                0.9993599057197571,
                0.9991452693939209,
                0.9996188282966614
            ],
            "min": [
                -0.9993084073066711,
                -0.999945342540741,
                -0.9998705387115479
            ],
            "type": "VEC3"
        },
        {
            "bufferView": 0,
            "byteOffset": 54816,
            "componentType": 5126,
            "count": 2284,
            "max": [
                1.9929970502853394,
                0.9938169717788696
            ],
            "min": [
                0.010125000029802322,
                0.007954418659210205
            ],
            "type": "VEC2"
        },
        {
            "bufferView": 0,
            "byteOffset": 73088,
            "componentType": 5123,
            "count": 2284,
            "max": [
                32,
                32,
                32,
                0
            ],
            "min": [
                0,
                0,
                0,
                0
            ],
            "type": "VEC4"
        },
        {
            "bufferView": 0,
            "byteOffset": 91360,
            "componentType": 5126,
            "count": 2284,
            "max": [
                1,
                0.9998970031738281,
                0.9976533651351929,
                0
            ],
            "min": [
                0.00010147374268854037,
                0,
                0,
                0
            ],
            "type": "VEC4"
        },
        {
            "bufferView": 2,
            "byteOffset": 0,
            "componentType": 5123,
            "count": 10038,
            "max": [
                2283
            ],
            "min": [
                0
            ],
            "type": "SCALAR"
        },
        {
            "bufferView": 1,
            "byteOffset": 0,
            "componentType": 5126,
            "count": 33,
            "max": [
                0.9999999999999266,
                1.0000001192085115,
                0.9999999999999187,
                0,
                0.9431035498212132,
                0.9999999999998748,
                0.996550765504875,
                0,
                0.9930372645057068,
                1.0000001192091583,
                1,
                0,
                120.7963027954048,
                84.16708239629071,
                91.21916329398535,
                1
            ],
            "min": [
                -0.6518320693084904,
                -0.9999999999999097,
                -0.32405998413342607,
                0,
                -0.9999999999999732,
                -0.9490679254315944,
                -1.0000001192092314,
                0,
                -0.9999999999999556,
                -0.6637412808236769,
                -0.7714631138599752,
                0,
                -120.01339231099116,
                -117.99039522180335,
                -137.54015885825484,
                1
            ],
            "type": "MAT4"
        },
        {
            "bufferView": 0,
            "byteOffset": 127904,
            "componentType": 5126,
            "count": 265,
            "max": [
                75.49990844726562,
                52.50484848022461,
                5.548432350158691
            ],
            "min": [
                -73.47344207763672,
                -7.628192901611328,
                -4.999452590942383
            ],
            "type": "VEC3"
        },
        {
            "bufferView": 0,
            "byteOffset": 131084,
            "componentType": 5126,
            "count": 265,
            "max": [
                0.9569435119628906,
                0.9953284859657288,
                0.9998382329940796
            ],
            "min": [
                -0.9580473899841309,
                -0.9912007451057434,
                -0.9964601993560791
            ],
            "type": "VEC3"
        },
        {
            "bufferView": 0,
            "byteOffset": 134264,
            "componentType": 5126,
            "count": 265,
            "max": [
                0.9833539724349976,
                0.981158971786499
            ],
            "min": [
                0.018195999786257744,
                0.018468022346496582
            ],
            "type": "VEC2"
        },
        {
            "bufferView": 0,
            "byteOffset": 136384,
            "componentType": 5123,
            "count": 265,
            "max": [
                7,
                7,
                7,
                0
            ],
            "min": [
                0,
                0,
                0,
                0
            ],
            "type": "VEC4"
        },
        {
            "bufferView": 0,
            "byteOffset": 138504,
            "componentType": 5126,
            "count": 265,
            "max": [
                1,
                0.9998921751976013,
                0.9993312358856201,
                0
            ],
            "min": [
                0.00010579603986116126,
                0,
                0,
                0
            ],
            "type": "VEC4"
        },
        {
            "bufferView": 2,
            "byteOffset": 20076,
            "componentType": 5123,
            "count": 1278,
            "max": [
                264
            ],
            "min": [
                0
            ],
            "type": "SCALAR"
        },
        {
            "bufferView": 1,
            "byteOffset": 2112,
            "componentType": 5126,
            "count": 8,
            "max": [
                0.8988304857888741,
                0.9999999999999732,
                0.7778168607316099,
                0,
                0.7760699472521367,
                0.20971127676686802,
                0.936607058002703,
                0,
                0.05979847995101752,
                0.9981523781839562,
                1,
                0,
                -0.0000340286051472041,
                0.38638669278830445,
                24.9590354157044,
                1
            ],
            "min": [
                -0.9355296545411429,
                -0.9405192698573497,
                -0.9386018088891127,
                0,
                -0.9999999999999732,
                1.6292068478213135e-7,
                -0.897544808337591,
                0,
                -0.9378777219529253,
                -0.2672912888309145,
                -0.22122528935867578,
                0,
                -55.366138460436595,
                -1.0790200170322777,
                -92.06237030029297,
                1
            ],
            "type": "MAT4"
        },
        {
            "bufferView": 0,
            "byteOffset": 142744,
            "componentType": 5126,
            "count": 336,
            "max": [
                26.317026138305664,
                33.96334457397461,
                138.75274658203125
            ],
            "min": [
                -31.94074058532715,
                -9.567117691040039,
                30.680450439453125
            ],
            "type": "VEC3"
        },
        {
            "bufferView": 0,
            "byteOffset": 146776,
            "componentType": 5126,
            "count": 336,
            "max": [
                0.9994513392448425,
                0.9986456632614136,
                0.9755908250808716
            ],
            "min": [
                -0.9921678304672241,
                -0.9970168471336365,
                -0.9952216148376465
            ],
            "type": "VEC3"
        },
        {
            "bufferView": 0,
            "byteOffset": 150808,
            "componentType": 5126,
            "count": 336,
            "max": [
                1.981781005859375,
                0.9901769757270813
            ],
            "min": [
                0.020709000527858734,
                0.014200985431671143
            ],
            "type": "VEC2"
        },
        {
            "bufferView": 0,
            "byteOffset": 153496,
            "componentType": 5123,
            "count": 336,
            "max": [
                9,
                12,
                14,
                0
            ],
            "min": [
                0,
                0,
                0,
                0
            ],
            "type": "VEC4"
        },
        {
            "bufferView": 0,
            "byteOffset": 156184,
            "componentType": 5126,
            "count": 336,
            "max": [
                1,
                0.9882708787918091,
                0.9681705832481384,
                0
            ],
            "min": [
                0.0003096673754043877,
                0,
                0,
                0
            ],
            "type": "VEC4"
        },
        {
            "bufferView": 2,
            "byteOffset": 22632,
            "componentType": 5123,
            "count": 1332,
            "max": [
                335
            ],
            "min": [
                0
            ],
            "type": "SCALAR"
        },
        {
            "bufferView": 1,
            "byteOffset": 2624,
            "componentType": 5126,
            "count": 15,
            "max": [
                0.9343818647274105,
                0.9999999999999305,
                0.9999999999999158,
                0,
                0.6632625408516744,
                0.9999999999999944,
                0.9643960837303759,
                0,
                0.9643960837306729,
                0.6637765703245865,
                0.739835652997406,
                0,
                120.79627990722219,
                84.1670957099582,
                91.21916156902546,
                1
            ],
            "min": [
                -0.09833395197740583,
                -0.8987803310290996,
                -0.1525215690319694,
                0,
                -0.34245162039352145,
                -0.6730852476344529,
                -0.9988495046218285,
                0,
                -0.9999999999999638,
                -0.6637414951372783,
                -0.7396310288738227,
                0,
                -120.0133857975893,
                -84.15216838479951,
                -91.37052589443833,
                1
            ],
            "type": "MAT4"
        },
        {
            "bufferView": 0,
            "byteOffset": 161560,
            "componentType": 5126,
            "count": 752,
            "max": [
                11.954594612121582,
                30.979524612426758,
                155.38169860839844
            ],
            "min": [
                -10.56319808959961,
                -8.691888809204102,
                102.94683837890625
            ],
            "type": "VEC3"
        },
        {
            "bufferView": 0,
            "byteOffset": 170584,
            "componentType": 5126,
            "count": 752,
            "max": [
                0.9965396523475647,
                0.995703935623169,
                0.9948180913925171
            ],
            "min": [
                -0.9992914795875549,
                -0.9997657537460327,
                -0.9934117794036865
            ],
            "type": "VEC3"
        },
        {
            "bufferView": 0,
            "byteOffset": 179608,
            "componentType": 5126,
            "count": 752,
            "max": [
                0.9854390025138855,
                0.9864129424095154
            ],
            "min": [
                0.010097026824951172,
                0.008971989154815674
            ],
            "type": "VEC2"
        },
        {
            "bufferView": 0,
            "byteOffset": 185624,
            "componentType": 5123,
            "count": 752,
            "max": [
                4,
                5,
                6,
                0
            ],
            "min": [
                0,
                0,
                0,
                0
            ],
            "type": "VEC4"
        },
        {
            "bufferView": 0,
            "byteOffset": 191640,
            "componentType": 5126,
            "count": 752,
            "max": [
                1,
                0.9998982548713684,
                0.9996893405914307,
                0
            ],
            "min": [
                0.0001017540562315844,
                0,
                0,
                0
            ],
            "type": "VEC4"
        },
        {
            "bufferView": 2,
            "byteOffset": 25296,
            "componentType": 5123,
            "count": 3624,
            "max": [
                751
            ],
            "min": [
                0
            ],
            "type": "SCALAR"
        },
        {
            "bufferView": 1,
            "byteOffset": 3584,
            "componentType": 5126,
            "count": 7,
            "max": [
                0.9999999999999226,
                0.9999999999998755,
                7.713308255702673e-7,
                0,
                0.9431033442213542,
                2.4585076180973497e-7,
                0.9643959925190277,
                0,
                0.9643959925189404,
                1.0000000596045286,
                0.9999998807901194,
                0,
                79.7691182043596,
                2.7223377585129573,
                91.2191563600487,
                1
            ],
            "min": [
                -3.320581002887396e-7,
                -0.9999999999998956,
                -0.15252149511627408,
                0,
                -0.9999998807906643,
                -0.673085276047614,
                -1.0000000596046035,
                0,
                -0.7178492970221632,
                -7.713309175200837e-7,
                -0.739630956013028,
                0,
                -120.01338186660631,
                -117.99035471258146,
                -137.54017525424587,
                1
            ],
            "type": "MAT4"
        },
        {
            "bufferView": 0,
            "byteOffset": 203672,
            "componentType": 5126,
            "count": 238,
            "max": [
                21.8029727935791,
                13.755905151367188,
                159.05746459960938
            ],
            "min": [
                -20.19979476928711,
                7.862121105194092,
                87.15718078613281
            ],
            "type": "VEC3"
        },
        {
            "bufferView": 0,
            "byteOffset": 206528,
            "componentType": 5126,
            "count": 238,
            "max": [
                0.9960854053497314,
                0.9801360368728638,
                0.9173903465270996
            ],
            "min": [
                -0.9989265203475952,
                -0.9950758218765259,
                -0.960395097732544
            ],
            "type": "VEC3"
        },
        {
            "bufferView": 0,
            "byteOffset": 209384,
            "componentType": 5126,
            "count": 238,
            "max": [
                0.9846420288085938,
                0.9889479875564575
            ],
            "min": [
                0.00886400043964386,
                0.010405004024505615
            ],
            "type": "VEC2"
        },
        {
            "bufferView": 0,
            "byteOffset": 211288,
            "componentType": 5123,
            "count": 238,
            "max": [
                2,
                0,
                0,
                0
            ],
            "min": [
                0,
                0,
                0,
                0
            ],
            "type": "VEC4"
        },
        {
            "bufferView": 0,
            "byteOffset": 213192,
            "componentType": 5126,
            "count": 238,
            "max": [
                1,
                0,
                0,
                0
            ],
            "min": [
                1,
                0,
                0,
                0
            ],
            "type": "VEC4"
        },
        {
            "bufferView": 2,
            "byteOffset": 32544,
            "componentType": 5123,
            "count": 990,
            "max": [
                237
            ],
            "min": [
                0
            ],
            "type": "SCALAR"
        },
        {
            "bufferView": 1,
            "byteOffset": 4032,
            "componentType": 5126,
            "count": 3,
            "max": [
                1.239853077172939e-7,
                0.999999999999875,
                -3.416704862732187e-7,
                0,
                0.6632624816789316,
                1.9554584987367005e-7,
                0.7483871064712063,
                0,
                0.7483871064712541,
                -2.944937014801503e-7,
                -0.66326214284041,
                0,
                -83.29669097846204,
                2.96212732654118,
                70.62384792509044,
                1
            ],
            "min": [
                9.069697005861418e-8,
                0.999999999999868,
                -3.416705541719117e-7,
                0,
                0.6632621428405091,
                1.734670376358411e-7,
                0.7483867872471004,
                0,
                0.7483867872471611,
                -3.194061265150917e-7,
                -0.6632624816788364,
                0,
                -95.38449138860342,
                -9.501060969071707,
                59.454582971680765,
                1
            ],
            "type": "MAT4"
        },
        {
            "bufferView": 0,
            "byteOffset": 217000,
            "componentType": 5126,
            "count": 547,
            "max": [
                36.308006286621094,
                12.331894874572754,
                137.068603515625
            ],
            "min": [
                -24.21502685546875,
                -9.723969459533691,
                115.10529327392578
            ],
            "type": "VEC3"
        },
        {
            "bufferView": 0,
            "byteOffset": 223564,
            "componentType": 5126,
            "count": 547,
            "max": [
                0.9948742389678955,
                0.9860842227935791,
                0.9921571612358093
            ],
            "min": [
                -0.9262828230857849,
                -0.987175703048706,
                -0.9959031939506531
            ],
            "type": "VEC3"
        },
        {
            "bufferView": 0,
            "byteOffset": 230128,
            "componentType": 5126,
            "count": 547,
            "max": [
                0.9894019961357117,
                0.9865260124206543
            ],
            "min": [
                0.008299999870359898,
                0.00832897424697876
            ],
            "type": "VEC2"
        },
        {
            "bufferView": 0,
            "byteOffset": 234504,
            "componentType": 5123,
            "count": 547,
            "max": [
                6,
                8,
                10,
                0
            ],
            "min": [
                0,
                0,
                0,
                0
            ],
            "type": "VEC4"
        },
        {
            "bufferView": 0,
            "byteOffset": 238880,
            "componentType": 5126,
            "count": 547,
            "max": [
                1,
                0.9996438026428223,
                0.9946392178535461,
                0
            ],
            "min": [
                0.0003226702392566949,
                0,
                0,
                0
            ],
            "type": "VEC4"
        },
        {
            "bufferView": 2,
            "byteOffset": 34524,
            "componentType": 5123,
            "count": 2280,
            "max": [
                546
            ],
            "min": [
                0
            ],
            "type": "SCALAR"
        },
        {
            "bufferView": 1,
            "byteOffset": 4224,
            "componentType": 5126,
            "count": 11,
            "max": [
                0.9343818871645648,
                0.999999999999875,
                0.9999999999999589,
                0,
                0.6632621428405134,
                0.9999999999999165,
                0.996550517440052,
                0,
                0.9643959278316208,
                0.6637766048417842,
                0.9999999999997511,
                0,
                120.7962646484319,
                84.167047440382,
                91.2191563600487,
                1
            ],
            "min": [
                -0.09833409233664187,
                -0.8987798109096636,
                -0.15252149511627408,
                0,
                -0.9999999999996714,
                -0.673085276047614,
                -0.9988494482046191,
                0,
                -0.9999999999999536,
                -0.6637410743061055,
                -0.739630956013028,
                0,
                -120.01337216196058,
                -84.1521793074111,
                -137.5401916503594,
                1
            ],
            "type": "MAT4"
        }
    ],
    "asset": {
        "generator": "ClayGL - fbx2gltf",
        "version": "2.0"
    },
    "bufferViews": [
        {
            "buffer": 0,
            "byteLength": 247632,
            "byteOffset": 0,
            "target": 34962
        },
        {
            "buffer": 0,
            "byteLength": 4928,
            "byteOffset": 247632,
            "target": 34962
        },
        {
            "buffer": 0,
            "byteLength": 39084,
            "byteOffset": 252560,
            "target": 34963
        }
    ],
    "buffers": [
        {
            "byteLength": 291644,
            "uri": "windrunner.bin"
        }
    ],
    "images": [
        {
            "uri": "textures/windrunner_color.png"
        },
        {
            "uri": "textures/windrunner_bow_color.png"
        },
        {
            "uri": "textures/windrunner_cape_color.png"
        },
        {
            "uri": "textures/windrunner_hair_color.png"
        },
        {
            "uri": "textures/windrunner_quiver_color.png"
        },
        {
            "uri": "textures/windrunner_shoulderpads_color.png"
        }
    ],
    "materials": [
        {
            "emissiveFactor": [
                0,
                0,
                0
            ],
            "name": "Material #35",
            "pbrMetallicRoughness": {
                "baseColorFactor": [
                    1,
                    1,
                    1,
                    1
                ],
                "baseColorTexture": {
                    "index": 0,
                    "texCoord": 0
                },
                "metallicFactor": 0,
                "roughnessFactor": 0.9230769230769231
            }
        },
        {
            "emissiveFactor": [
                0,
                0,
                0
            ],
            "name": "Material #46",
            "pbrMetallicRoughness": {
                "baseColorFactor": [
                    1,
                    1,
                    1,
                    1
                ],
                "baseColorTexture": {
                    "index": 1,
                    "texCoord": 0
                },
                "metallicFactor": 0,
                "roughnessFactor": 0.9230769230769231
            }
        },
        {
            "emissiveFactor": [
                0,
                0,
                0
            ],
            "name": "Material #57",
            "pbrMetallicRoughness": {
                "baseColorFactor": [
                    1,
                    1,
                    1,
                    1
                ],
                "baseColorTexture": {
                    "index": 2,
                    "texCoord": 0
                },
                "metallicFactor": 0,
                "roughnessFactor": 0.9230769230769231
            }
        },
        {
            "emissiveFactor": [
                0,
                0,
                0
            ],
            "name": "Material #68",
            "pbrMetallicRoughness": {
                "baseColorFactor": [
                    1,
                    1,
                    1,
                    1
                ],
                "baseColorTexture": {
                    "index": 3,
                    "texCoord": 0
                },
                "metallicFactor": 0,
                "roughnessFactor": 0.9230769230769231
            }
        },
        {
            "emissiveFactor": [
                0,
                0,
                0
            ],
            "name": "Material #79",
            "pbrMetallicRoughness": {
                "baseColorFactor": [
                    1,
                    1,
                    1,
                    1
                ],
                "baseColorTexture": {
                    "index": 4,
                    "texCoord": 0
                },
                "metallicFactor": 0,
                "roughnessFactor": 0.9230769230769231
            }
        },
        {
            "emissiveFactor": [
                0,
                0,
                0
            ],
            "name": "Material #90",
            "pbrMetallicRoughness": {
                "baseColorFactor": [
                    1,
                    1,
                    1,
                    1
                ],
                "baseColorTexture": {
                    "index": 5,
                    "texCoord": 0
                },
                "metallicFactor": 0,
                "roughnessFactor": 0.9230769230769231
            }
        }
    ],
    "meshes": [
        {
            "name": "windrunner_model_LOD0",
            "primitives": [
                {
                    "attributes": {
                        "JOINTS_0": 3,
                        "NORMAL": 1,
                        "POSITION": 0,
                        "TEXCOORD_0": 2,
                        "WEIGHTS_0": 4
                    },
                    "indices": 5,
                    "material": 0
                }
            ]
        },
        {
            "name": "windrunner_bow_model_LOD0",
            "primitives": [
                {
                    "attributes": {
                        "JOINTS_0": 10,
                        "NORMAL": 8,
                        "POSITION": 7,
                        "TEXCOORD_0": 9,
                        "WEIGHTS_0": 11
                    },
                    "indices": 12,
                    "material": 1
                }
            ]
        },
        {
            "name": "windrunner_cape_model_LOD0",
            "primitives": [
                {
                    "attributes": {
                        "JOINTS_0": 17,
                        "NORMAL": 15,
                        "POSITION": 14,
                        "TEXCOORD_0": 16,
                        "WEIGHTS_0": 18
                    },
                    "indices": 19,
                    "material": 2
                }
            ]
        },
        {
            "name": "windrunner_head_model_LOD0",
            "primitives": [
                {
                    "attributes": {
                        "JOINTS_0": 24,
                        "NORMAL": 22,
                        "POSITION": 21,
                        "TEXCOORD_0": 23,
                        "WEIGHTS_0": 25
                    },
                    "indices": 26,
                    "material": 3
                }
            ]
        },
        {
            "name": "windrunner_quiver_model_LOD0",
            "primitives": [
                {
                    "attributes": {
                        "JOINTS_0": 31,
                        "NORMAL": 29,
                        "POSITION": 28,
                        "TEXCOORD_0": 30,
                        "WEIGHTS_0": 32
                    },
                    "indices": 33,
                    "material": 4
                }
            ]
        },
        {
            "name": "windrunner_shoulderpads_model_LOD0",
            "primitives": [
                {
                    "attributes": {
                        "JOINTS_0": 38,
                        "NORMAL": 36,
                        "POSITION": 35,
                        "TEXCOORD_0": 37,
                        "WEIGHTS_0": 39
                    },
                    "indices": 40,
                    "material": 5
                }
            ]
        }
    ],
    "nodes": [
        {
            "children": [
                1,
                5,
                9,
                51
            ],
            "matrix": [
                1.6292068478213574e-7,
                1.469367938527879e-39,
                1.0000000000000002,
                0,
                1.0000000000000002,
                6.123233995736847e-17,
                -1.6292068478213574e-7,
                0,
                -6.123233995736685e-17,
                1,
                9.976014756666736e-24,
                0,
                0,
                92.06237030029297,
                1.1838605403900146,
                1
            ],
            "name": "root"
        },
        {
            "children": [
                2
            ],
            "matrix": [
                0.08358561247587142,
                0.08300854265689786,
                0.9930372834205627,
                0,
                -0.04205339074813747,
                0.9959305557432876,
                -0.07971068852994025,
                0,
                -0.9956128614024358,
                -0.035097918882185795,
                0.08673625788670378,
                0,
                -0.7181005477905272,
                -10.13512134552002,
                -3.070068359375,
                1
            ],
            "name": "thigh_R"
        },
        {
            "children": [
                3
            ],
            "matrix": [
                0.9986221194267277,
                -3.7252902982017055e-8,
                -0.052479930222034454,
                0,
                1.9342149538276177e-8,
                0.9999998211860679,
                -3.417953851128641e-7,
                0,
                0.052479923995096156,
                3.403093777332167e-7,
                0.9986220009362682,
                0,
                -41.45530700683594,
                0.0000019073486292597863,
                4.768371590913034e-7,
                1
            ],
            "name": "knee_R"
        },
        {
            "children": [
                4
            ],
            "matrix": [
                0.5233740210533141,
                -0.01827547699213028,
                0.8519070148468018,
                0,
                0.08473591937110574,
                0.9959308424246398,
                -0.030692865766720666,
                0,
                -0.8478790991665931,
                0.08825092637453681,
                0.5227926446320726,
                0,
                -36.486152648925774,
                -0.0000019073486328125,
                0.00000667572021484375,
                1
            ],
            "name": "ankle_R"
        },
        {
            "matrix": [
                -0.7439631223678588,
                0.09855112433433504,
                -0.6609138250350953,
                0,
                0.07607931075439028,
                0.9951254757571576,
                0.06274726196108091,
                0,
                0.6638760436823123,
                -0.0036002195970059165,
                -0.7478344094042881,
                0,
                -12.94881057739258,
                0.3094043731689453,
                -3.865069866180419,
                1
            ],
            "name": "toeBase_R"
        },
        {
            "children": [
                6
            ],
            "matrix": [
                -0.0631678104400636,
                0.08657759428024302,
                -0.9942402243614197,
                0,
                0.04712676713527073,
                0.9953773621974703,
                0.08368247500794412,
                0,
                0.9968895328538668,
                -0.04156930105306825,
                -0.06695595037390399,
                0,
                -0.7829504013061523,
                9.937109947204588,
                -3.083984375,
                1
            ],
            "name": "thigh_L"
        },
        {
            "children": [
                7
            ],
            "matrix": [
                0.995382070541382,
                4.693865775897213e-7,
                -0.09599322080612183,
                0,
                -4.2521952999105203e-7,
                1.0000001192092924,
                4.805624500073269e-7,
                0,
                0.09599318087113931,
                -4.3752482011688576e-7,
                0.9953816564416083,
                0,
                41.477569580078125,
                0.0000019073486328125,
                0.00000762939453125,
                1
            ],
            "name": "knee_L"
        },
        {
            "children": [
                8
            ],
            "matrix": [
                0.5032675266265867,
                -0.016887459903955446,
                0.8639660477638242,
                0,
                0.09016770124953105,
                0.9953772548642361,
                -0.03306736715241525,
                0,
                -0.8594136202877484,
                0.09454355259495288,
                0.5024636889477754,
                0,
                36.557411193847656,
                -0.000005722045894884786,
                1.7763568394002505e-15,
                1
            ],
            "name": "ankle_L"
        },
        {
            "matrix": [
                -0.08057746291160578,
                -0.056587751954794076,
                0.9951407909393308,
                0,
                0.07607564581124769,
                0.9951257551291028,
                0.06274681180033334,
                0,
                -0.9938408393011555,
                0.08076194970623901,
                -0.0758797517687822,
                0,
                13.051165580749512,
                0.13103866577148438,
                3.9619851112365723,
                1
            ],
            "name": "toeBase_L"
        },
        {
            "children": [
                10
            ],
            "matrix": [
                -0.13043957948684726,
                -1.243968767575229e-7,
                0.9914562702178957,
                0,
                -0.000001190055911272187,
                1,
                -3.109921919993665e-8,
                0,
                -0.9914562702178765,
                -0.0000011839449642154723,
                -0.13043957948699328,
                0,
                1.988164186477661,
                9.536743164062498e-7,
                17.5289306640625,
                1
            ],
            "name": "spine2"
        },
        {
            "children": [
                11,
                14,
                26,
                29,
                34,
                45,
                48
            ],
            "matrix": [
                0.8285087943077086,
                7.486827939828797e-7,
                0.5599761605262754,
                0,
                -3.6961611005850284e-7,
                1,
                -7.90127558047792e-7,
                0,
                -0.5599761605265531,
                4.476514202880012e-7,
                0.828508794307521,
                0,
                8.709770202636705,
                0.0000014122838365437929,
                -0.000005722045894884786,
                1
            ],
            "name": "spine3"
        },
        {
            "children": [
                12,
                13
            ],
            "matrix": [
                1,
                -1.278976924897576e-13,
                4.768371579810804e-7,
                0,
                1.2789770593640563e-13,
                0.9999999999999998,
                -2.8421709536283126e-14,
                0,
                -4.7683715814761385e-7,
                2.842177057559489e-14,
                1.0000000000000002,
                0,
                8.255577087402358,
                -2.9620931148529053,
                9.315124511718764,
                1
            ],
            "name": "quiver"
        },
        {
            "matrix": [
                1,
                -1.136868377745556e-13,
                -4.768371583141473e-7,
                0,
                1.136868240102702e-13,
                1,
                -2.8421709483343567e-14,
                0,
                4.768371580921027e-7,
                2.84216553261745e-14,
                1,
                0,
                -11.43129730224608,
                12.463184356689453,
                10.587368011474616,
                1
            ],
            "name": "arrow_1"
        },
        {
            "matrix": [
                0.9999999999999997,
                3.328806030822296e-8,
                -4.768371582586362e-7,
                0,
                -3.328806030824345e-8,
                0.9999999999999996,
                -4.263256419854557e-14,
                0,
                4.768371580921027e-7,
                5.850554822507334e-14,
                1,
                0,
                -12.08782958984375,
                10.811700820922848,
                11.16922760009765,
                1
            ],
            "name": "arrow_2"
        },
        {
            "children": [
                15
            ],
            "matrix": [
                0.14247624576091777,
                0.9343820810317989,
                0.3265436589717865,
                0,
                -0.04922292683870755,
                -0.3228124799005812,
                0.945182324304608,
                0,
                0.9885736639635294,
                -0.15073944370682665,
                -8.940696732961939e-8,
                0,
                5.801483154296875,
                3.3038926124572754,
                -3.141601562499986,
                1
            ],
            "name": "clavicle_L"
        },
        {
            "children": [
                16
            ],
            "matrix": [
                0.5229793190956117,
                0.36872774362564087,
                -0.7684609889984126,
                0,
                -0.7732323089667272,
                0.5845742697085224,
                -0.2457323894099537,
                0,
                0.35861420562765634,
                0.7227118904168303,
                0.5908325135850482,
                0,
