{
    "accessors": {
        "attrbute_1": {
            "bufferView": "bufferView_37",
            "byteOffset": 0,
            "byteStride": 12,
            "count": 2284,
            "max": [
                42.961280822753906,
                17.27867889404297,
                154.14503479003906,
                0
            ],
            "min": [
                -39.670127868652344,
                -16.11959457397461,
                1.993998408317566,
                0
            ],
            "type": 35665
        },
        "attrbute_10": {
            "bufferView": "bufferView_37",
            "byteOffset": 145520,
            "byteStride": 16,
            "count": 265,
            "max": [
                7,
                7,
                7,
                -1
            ],
            "min": [
                0,
                -1,
                -1,
                -1
            ],
            "type": 35666
        },
        "attrbute_11": {
            "bufferView": "bufferView_37",
            "byteOffset": 149760,
            "byteStride": 12,
            "count": 265,
            "max": [
                1,
                0.9998921751976013,
                0.9993312358856201
            ],
            "min": [
                0.00010579603986116126,
                0,
                0
            ],
            "type": 35665
        },
        "attrbute_13": {
            "bufferView": "bufferView_37",
            "byteOffset": 152940,
            "byteStride": 12,
            "count": 336,
            "max": [
                26.317026138305664,
                33.96334457397461,
                138.75274658203125,
                0
            ],
            "min": [
                -31.94074058532715,
                -9.567117691040039,
                30.680450439453125,
                0
            ],
            "type": 35665
        },
        "attrbute_14": {
            "bufferView": "bufferView_37",
            "byteOffset": 156972,
            "byteStride": 12,
            "count": 336,
            "max": [
                0.9994513392448425,
                0.9986456632614136,
                0.9755908250808716,
                0
            ],
            "min": [
                -0.9921678304672241,
                -0.9970168471336365,
                -0.9952216148376465,
                0
            ],
            "type": 35665
        },
        "attrbute_15": {
            "bufferView": "bufferView_37",
            "byteOffset": 161004,
            "byteStride": 8,
            "count": 336,
            "max": [
                1.981781005859375,
                0.9857990145683289
            ],
            "min": [
                0.020709000527858734,
                0.009823024272918701
            ],
            "type": 35664
        },
        "attrbute_16": {
            "bufferView": "bufferView_37",
            "byteOffset": 163692,
            "byteStride": 16,
            "count": 336,
            "max": [
                9,
                12,
                14,
                -1
            ],
            "min": [
                0,
                -1,
                -1,
                -1
            ],
            "type": 35666
        },
        "attrbute_17": {
            "bufferView": "bufferView_37",
            "byteOffset": 169068,
            "byteStride": 12,
            "count": 336,
            "max": [
                1,
                0.9882708787918091,
                0.9681705832481384
            ],
            "min": [
                0.0003096673754043877,
                0,
                0
            ],
            "type": 35665
        },
        "attrbute_19": {
            "bufferView": "bufferView_37",
            "byteOffset": 173100,
            "byteStride": 12,
            "count": 752,
            "max": [
                11.954594612121582,
                30.979524612426758,
                155.38169860839844,
                0
            ],
            "min": [
                -10.56319808959961,
                -8.691888809204102,
                102.94683837890625,
                0
            ],
            "type": 35665
        },
        "attrbute_2": {
            "bufferView": "bufferView_37",
            "byteOffset": 27408,
            "byteStride": 12,
            "count": 2284,
            "max": [
                0.9993599057197571,
                0.9991452693939209,
                0.9996188282966614,
                0
            ],
            "min": [
                -0.9993084073066711,
                -0.999945342540741,
                -0.9998705387115479,
                0
            ],
            "type": 35665
        },
        "attrbute_20": {
            "bufferView": "bufferView_37",
            "byteOffset": 182124,
            "byteStride": 12,
            "count": 752,
            "max": [
                0.9965396523475647,
                0.995703935623169,
                0.9948180913925171,
                0
            ],
            "min": [
                -0.9992914795875549,
                -0.9997657537460327,
                -0.9934117794036865,
                0
            ],
            "type": 35665
        },
        "attrbute_21": {
            "bufferView": "bufferView_37",
            "byteOffset": 191148,
            "byteStride": 8,
            "count": 752,
            "max": [
                0.9854390025138855,
                0.9910280108451843
            ],
            "min": [
                0.010097026824951172,
                0.01358705759048462
            ],
            "type": 35664
        },
        "attrbute_22": {
            "bufferView": "bufferView_37",
            "byteOffset": 197164,
            "byteStride": 16,
            "count": 752,
            "max": [
                4,
                5,
                6,
                -1
            ],
            "min": [
                0,
                -1,
                -1,
                -1
            ],
            "type": 35666
        },
        "attrbute_23": {
            "bufferView": "bufferView_37",
            "byteOffset": 209196,
            "byteStride": 12,
            "count": 752,
            "max": [
                1,
                0.9998982548713684,
                0.9996893405914307
            ],
            "min": [
                0.0001017540562315844,
                0,
                0
            ],
            "type": 35665
        },
        "attrbute_25": {
            "bufferView": "bufferView_37",
            "byteOffset": 218220,
            "byteStride": 12,
            "count": 238,
            "max": [
                21.8029727935791,
                13.755905151367188,
                159.05746459960938,
                0
            ],
            "min": [
                -20.19979476928711,
                7.862121105194092,
                87.15718078613281,
                0
            ],
            "type": 35665
        },
        "attrbute_26": {
            "bufferView": "bufferView_37",
            "byteOffset": 221076,
            "byteStride": 12,
            "count": 238,
            "max": [
                0.9960854053497314,
                0.9801360368728638,
                0.9173903465270996,
                0
            ],
            "min": [
                -0.9989265203475952,
                -0.9950758218765259,
                -0.960395097732544,
                0
            ],
            "type": 35665
        },
        "attrbute_27": {
            "bufferView": "bufferView_37",
            "byteOffset": 223932,
            "byteStride": 8,
            "count": 238,
            "max": [
                0.9846420288085938,
                0.9895949959754944
            ],
            "min": [
                0.00886400043964386,
                0.01105201244354248
            ],
            "type": 35664
        },
        "attrbute_28": {
            "bufferView": "bufferView_37",
            "byteOffset": 225836,
            "byteStride": 16,
            "count": 238,
            "max": [
                2,
                -1,
                -1,
                -1
            ],
            "min": [
                0,
                -1,
                -1,
                -1
            ],
            "type": 35666
        },
        "attrbute_29": {
            "bufferView": "bufferView_37",
            "byteOffset": 229644,
            "byteStride": 12,
            "count": 238,
            "max": [
                1,
                0,
                0
            ],
            "min": [
                1,
                0,
                0
            ],
            "type": 35665
        },
        "attrbute_3": {
            "bufferView": "bufferView_37",
            "byteOffset": 54816,
            "byteStride": 8,
            "count": 2284,
            "max": [
                1.9929970502853394,
                0.9920455813407898
            ],
            "min": [
                0.010125000029802322,
                0.006183028221130371
            ],
            "type": 35664
        },
        "attrbute_31": {
            "bufferView": "bufferView_37",
            "byteOffset": 232500,
            "byteStride": 12,
            "count": 547,
            "max": [
                36.308006286621094,
                12.331894874572754,
                137.068603515625,
                0
            ],
            "min": [
                -24.21502685546875,
                -9.723969459533691,
                115.10529327392578,
                0
            ],
            "type": 35665
        },
        "attrbute_32": {
            "bufferView": "bufferView_37",
            "byteOffset": 239064,
            "byteStride": 12,
            "count": 547,
            "max": [
                0.9948742389678955,
                0.9860842227935791,
                0.9921571612358093,
                0
            ],
            "min": [
                -0.9262828230857849,
                -0.987175703048706,
                -0.9959031939506531,
                0
            ],
            "type": 35665
        },
        "attrbute_33": {
            "bufferView": "bufferView_37",
            "byteOffset": 245628,
            "byteStride": 8,
            "count": 547,
            "max": [
                0.9894019961357117,
                0.9916710257530212
            ],
            "min": [
                0.008299999870359898,
                0.013473987579345703
            ],
            "type": 35664
        },
        "attrbute_34": {
            "bufferView": "bufferView_37",
            "byteOffset": 250004,
            "byteStride": 16,
            "count": 547,
            "max": [
                6,
                8,
                10,
                -1
            ],
            "min": [
                0,
                -1,
                -1,
                -1
            ],
            "type": 35666
        },
        "attrbute_35": {
            "bufferView": "bufferView_37",
            "byteOffset": 258756,
            "byteStride": 12,
            "count": 547,
            "max": [
                1,
                0.9996438026428223,
                0.9946392178535461
            ],
            "min": [
                0.0003226702392566949,
                0,
                0
            ],
            "type": 35665
        },
        "attrbute_4": {
            "bufferView": "bufferView_37",
            "byteOffset": 73088,
            "byteStride": 16,
            "count": 2284,
            "max": [
                32,
                32,
                32,
                -1
            ],
            "min": [
                0,
                -1,
                -1,
                -1
            ],
            "type": 35666
        },
        "attrbute_5": {
            "bufferView": "bufferView_37",
            "byteOffset": 109632,
            "byteStride": 12,
            "count": 2284,
            "max": [
                1,
                0.9998970031738281,
                0.9976533651351929
            ],
            "min": [
                0.00010147374268854037,
                0,
                0
            ],
            "type": 35665
        },
        "attrbute_7": {
            "bufferView": "bufferView_37",
            "byteOffset": 137040,
            "byteStride": 12,
            "count": 265,
            "max": [
                75.49990844726562,
                52.50484848022461,
                5.548432350158691,
                0
            ],
            "min": [
                -73.47344207763672,
                -7.628192901611328,
                -4.999452590942383,
                0
            ],
            "type": 35665
        },
        "attrbute_8": {
            "bufferView": "bufferView_37",
            "byteOffset": 140220,
            "byteStride": 12,
            "count": 265,
            "max": [
                0.9569435119628906,
                0.9953284859657288,
                0.9998382329940796,
                0
            ],
            "min": [
                -0.9580473899841309,
                -0.9912007451057434,
                -0.9964601993560791,
                0
            ],
            "type": 35665
        },
        "attrbute_9": {
            "bufferView": "bufferView_37",
            "byteOffset": 143400,
            "byteStride": 8,
            "count": 265,
            "max": [
                0.9833539724349976,
                0.9815319776535034
            ],
            "min": [
                0.018195999786257744,
                0.018841028213500977
            ],
            "type": 35664
        },
        "indices_12": {
            "bufferView": "bufferView_39",
            "byteOffset": 20076,
            "count": 1278,
            "type": 5123
        },
        "indices_18": {
            "bufferView": "bufferView_39",
            "byteOffset": 22632,
            "count": 1332,
            "type": 5123
        },
        "indices_24": {
            "bufferView": "bufferView_39",
            "byteOffset": 25296,
            "count": 3624,
            "type": 5123
        },
        "indices_30": {
            "bufferView": "bufferView_39",
            "byteOffset": 32544,
            "count": 990,
            "type": 5123
        },
        "indices_36": {
            "bufferView": "bufferView_39",
            "byteOffset": 34524,
            "count": 2280,
            "type": 5123
        },
        "indices_6": {
            "bufferView": "bufferView_39",
            "byteOffset": 0,
            "count": 10038,
            "type": 5123
        }
    },
    "animations": {},
    "asset": {},
    "bufferViews": {
        "bufferView_37": {
            "buffer": "windrunner.bin",
            "byteLength": 265320,
            "byteOffset": 0,
            "target": 34962
        },
        "bufferView_38": {
            "buffer": "windrunner.bin",
            "byteLength": 5952,
            "byteOffset": 265320
        },
        "bufferView_39": {
            "buffer": "windrunner.bin",
            "byteLength": 39084,
            "byteOffset": 271272,
            "target": 34963
        }
    },
    "buffers": {
        "windrunner.bin": {
            "byteLength": 310356,
            "path": "windrunner.bin"
        }
    },
    "cameras": {},
    "images": {
        "image_0": {
            "path": "textures/windrunner_color.png"
        },
        "image_1": {
            "path": "textures/windrunner_bow_color.png"
        },
        "image_2": {
            "path": "textures/windrunner_cape_color.png"
        },
        "image_3": {
            "path": "textures/windrunner_hair_color.png"
        },
        "image_4": {
            "path": "textures/windrunner_quiver_color.png"
        },
        "image_5": {
            "path": "textures/windrunner_shoulderpads_color.png"
        }
    },
    "lights": {},
    "materials": {
        "Material #35": {
            "instanceTechnique": {
                "technique": "technique_0",
                "values": {
                    "ambient": [
                        0.5879999995231628,
                        0.5879999995231628,
                        0.5879999995231628
                    ],
                    "diffuse": "Map #13",
                    "emission": [
                        0,
                        0,
                        0
                    ],
                    "shininess": 2,
                    "specular": [
                        0.8999999761581421,
                        0.8999999761581421,
                        0.8999999761581421
                    ],
                    "transparency": 1
                }
            },
            "name": "Material #35"
        },
        "Material #46": {
            "instanceTechnique": {
                "technique": "technique_0",
                "values": {
                    "ambient": [
                        0.5879999995231628,
                        0.5879999995231628,
                        0.5879999995231628
                    ],
                    "diffuse": "Map #8",
                    "emission": [
                        0,
                        0,
                        0
                    ],
                    "shininess": 2,
                    "specular": [
                        0.8999999761581421,
                        0.8999999761581421,
                        0.8999999761581421
                    ],
                    "transparency": 1
                }
            },
            "name": "Material #46"
        },
        "Material #57": {
            "instanceTechnique": {
                "technique": "technique_0",
                "values": {
                    "ambient": [
                        0.5879999995231628,
                        0.5879999995231628,
                        0.5879999995231628
                    ],
                    "diffuse": "Map #9",
                    "emission": [
                        0,
                        0,
                        0
                    ],
                    "shininess": 2,
                    "specular": [
                        0.8999999761581421,
                        0.8999999761581421,
                        0.8999999761581421
                    ],
                    "transparency": 1
                }
            },
            "name": "Material #57"
        },
        "Material #68": {
            "instanceTechnique": {
                "technique": "technique_0",
                "values": {
                    "ambient": [
                        0.5879999995231628,
                        0.5879999995231628,
                        0.5879999995231628
                    ],
                    "diffuse": "Map #10",
                    "emission": [
                        0,
                        0,
                        0
                    ],
                    "shininess": 2,
                    "specular": [
                        0.8999999761581421,
                        0.8999999761581421,
                        0.8999999761581421
                    ],
                    "transparency": 1
                }
            },
            "name": "Material #68"
        },
        "Material #79": {
            "instanceTechnique": {
                "technique": "technique_0",
                "values": {
                    "ambient": [
                        0.5879999995231628,
                        0.5879999995231628,
                        0.5879999995231628
                    ],
                    "diffuse": "Map #11",
                    "emission": [
                        0,
                        0,
                        0
                    ],
                    "shininess": 2,
                    "specular": [
                        0.8999999761581421,
                        0.8999999761581421,
                        0.8999999761581421
                    ],
                    "transparency": 1
                }
            },
            "name": "Material #79"
        },
        "Material #90": {
            "instanceTechnique": {
                "technique": "technique_0",
                "values": {
                    "ambient": [
                        0.5879999995231628,
                        0.5879999995231628,
                        0.5879999995231628
                    ],
                    "diffuse": "Map #12",
                    "emission": [
                        0,
                        0,
                        0
                    ],
                    "shininess": 2,
                    "specular": [
                        0.8999999761581421,
                        0.8999999761581421,
                        0.8999999761581421
                    ],
                    "transparency": 1
                }
            },
            "name": "Material #90"
        }
    },
    "meshes": {
        "windrunner_bow_model_LOD0-mesh": {
            "name": "windrunner_bow_model_LOD0-mesh",
            "primitives": [
                {
                    "attributes": {
                        "JOINT": "attrbute_10",
                        "NORMAL": "attrbute_8",
                        "POSITION": "attrbute_7",
                        "TEXCOORD_0": "attrbute_9",
                        "WEIGHT": "attrbute_11"
                    },
                    "indices": "indices_12",
                    "material": "Material #46"
                }
            ]
        },
        "windrunner_cape_model_LOD0-mesh": {
            "name": "windrunner_cape_model_LOD0-mesh",
            "primitives": [
                {
                    "attributes": {
                        "JOINT": "attrbute_16",
                        "NORMAL": "attrbute_14",
                        "POSITION": "attrbute_13",
                        "TEXCOORD_0": "attrbute_15",
                        "WEIGHT": "attrbute_17"
                    },
                    "indices": "indices_18",
                    "material": "Material #57"
                }
            ]
        },
        "windrunner_head_model_LOD0-mesh": {
            "name": "windrunner_head_model_LOD0-mesh",
            "primitives": [
                {
                    "attributes": {
                        "JOINT": "attrbute_22",
                        "NORMAL": "attrbute_20",
                        "POSITION": "attrbute_19",
                        "TEXCOORD_0": "attrbute_21",
                        "WEIGHT": "attrbute_23"
                    },
                    "indices": "indices_24",
                    "material": "Material #68"
                }
            ]
        },
        "windrunner_model_LOD0-mesh": {
            "name": "windrunner_model_LOD0-mesh",
            "primitives": [
                {
                    "attributes": {
                        "JOINT": "attrbute_4",
                        "NORMAL": "attrbute_2",
                        "POSITION": "attrbute_1",
                        "TEXCOORD_0": "attrbute_3",
                        "WEIGHT": "attrbute_5"
                    },
                    "indices": "indices_6",
                    "material": "Material #35"
                }
            ]
        },
        "windrunner_quiver_model_LOD0-mesh": {
            "name": "windrunner_quiver_model_LOD0-mesh",
            "primitives": [
                {
                    "attributes": {
                        "JOINT": "attrbute_28",
                        "NORMAL": "attrbute_26",
                        "POSITION": "attrbute_25",
                        "TEXCOORD_0": "attrbute_27",
                        "WEIGHT": "attrbute_29"
                    },
                    "indices": "indices_30",
                    "material": "Material #79"
                }
            ]
        },
        "windrunner_shoulderpads_model_LOD0-mesh": {
            "name": "windrunner_shoulderpads_model_LOD0-mesh",
            "primitives": [
                {
                    "attributes": {
                        "JOINT": "attrbute_34",
                        "NORMAL": "attrbute_32",
                        "POSITION": "attrbute_31",
                        "TEXCOORD_0": "attrbute_33",
                        "WEIGHT": "attrbute_35"
                    },
                    "indices": "indices_36",
                    "material": "Material #90"
                }
            ]
        }
    },
    "nodes": {
        "ankle_L": {
            "children": [
                "toeBase_L"
            ],
            "jointId": "ankle_L",
            "matrix": [
                0.5032675266265869,
                -0.016887459903955425,
                0.8639660477638248,
                0,
                0.09016770124953105,
                0.9953772548642358,
                -0.033067367152415233,
                0,
                -0.8594136202877489,
                0.09454355259495288,
                0.5024636889477755,
                0,
                36.55741119384765,
                -0.0000057220458984375,
                1.7763568394002505e-15,
                1
            ],
            "name": "ankle_L"
        },
        "ankle_R": {
            "children": [
                "toeBase_R"
            ],
            "jointId": "ankle_R",
            "matrix": [
                0.5233740210533141,
                -0.018275476992130286,
                0.8519070148468018,
                0,
                0.08473591937110576,
                0.9959308424246404,
                -0.03069286576672067,
                0,
                -0.8478790991665933,
                0.08825092637453683,
                0.5227926446320725,
                0,
                -36.48615264892578,
                -0.0000019073486292597863,
                0.00000667572021484375,
                1
            ],
            "name": "ankle_R"
        },
        "arrow_1": {
            "children": [],
            "jointId": "arrow_1",
            "matrix": [
                1.0000000000000002,
                -1.1368683766867647e-13,
                -4.768371580921027e-7,
                0,
                1.1368682408967953e-13,
                0.9999999999999999,
                -2.8421709403934228e-14,
                0,
                4.7683715814761385e-7,
                2.8421655273234942e-14,
                1,
                0,
                -11.431297302246094,
                12.463184356689453,
                10.587368011474616,
                1
            ],
            "name": "arrow_1"
        },
        "arrow_2": {
            "children": [],
            "jointId": "arrow_2",
            "matrix": [
                0.9999999999999999,
                3.3288060308223146e-8,
                -4.7683715803659155e-7,
                0,
                -3.32880603082435e-8,
                0.9999999999999997,
                -4.263256403972689e-14,
                0,
                4.7683715814761385e-7,
                5.850554822507334e-14,
                1,
                0,
                -12.08782958984375,
                10.811700820922853,
                11.169227600097642,
                1
            ],
            "name": "arrow_2"
        },
        "bicep_L": {
            "children": [
                "elbow_L"
            ],
            "jointId": "bicep_L",
            "matrix": [
                0.5229793190956117,
                0.3687277436256406,
                -0.7684609889984131,
                0,
                -0.7732323089667271,
                0.5845742697085222,
                -0.24573238940995362,
                0,
                0.35861420562765634,
                0.7227118904168301,
                0.5908325135850483,
                0,
                10.176099777221681,
                1.4210854715202004e-14,
                -0.000007629394545460855,
                1
            ],
            "name": "bicep_L"
        },
        "bicep_R": {
            "children": [
                "elbow_R"
            ],
            "jointId": "bicep_R",
            "matrix": [
                0.4925865530967712,
                0.4250533878803253,
                -0.7593995928764344,
                0,
                -0.7825890455947887,
                0.5980510622261304,
                -0.17288554216745244,
                0,
                0.38067419143108655,
                0.6794589738584897,
                0.6272341084223946,
                0,
                -10.069984436035154,
                0,
                -0.00002288818359375,
                1
            ],
            "name": "bicep_R"
        },
        "bow_1": {
            "children": [
                "joint6",
                "joint1",
                "bowstring_jnt"
            ],
            "jointId": "bow_1",
            "matrix": [
                0.9444978237152104,
                0.27542370557785045,
                0.17906931042671193,
                0,
                -0.31267381715121895,
                0.9208965787182363,
                0.23277574235464688,
                0,
                -0.10079237226137638,
                -0.2758465064780155,
                0.9559027329973383,
                0,
                43.029685974121094,
                67.19522094726562,
                41.00141906738281,
                1
            ],
            "name": "bow_1"
        },
        "bowstring_jnt": {
            "children": [],
            "jointId": "bowstring_jnt",
            "matrix": [
                -0.22619937360286727,
                0.23476223647594474,
                0.9453678131103518,
                0,
                -0.9507987575944462,
                -0.2641364254049657,
                -0.1619061103041281,
                0,
                0.21169669853173084,
                -0.9354778867729842,
                0.28295922260584067,
                0,
                -4.694069862365724,
                4.940850734710696,
                19.505195617675785,
                1
            ],
            "name": "bowstring_jnt"
        },
        "cape_R0C0": {
            "children": [
                "cape_R1C0"
            ],
            "jointId": "cape_R0C0",
            "matrix": [
                -0.7483873367309573,
                3.5685894780564964e-7,
                0.6632619500160217,
                0,
                0.6632619500160211,
                -2.3514650795324924e-9,
                0.7483873367309576,
                0,
                2.6862834944657873e-7,
                1,
                -2.3493115018753555e-7,
                0,
                12.88201904296875,
                8.983489990234375,
                10.661125183105469,
                1
            ],
            "name": "cape_R0C0"
        },
        "cape_R0C1": {
            "children": [
                "cape_R1C1"
            ],
            "jointId": "cape_R0C1",
            "matrix": [
                -0.7460499405860903,
                0.07896147668361643,
                0.6611917018890381,
                0,
                0.6632627019565871,
                2.2973320137144793e-7,
                0.7483867081723463,
                0,
                0.059093564998859115,
                0.9968776081381862,
                -0.0523723713653244,
                0,
                12.209129333496094,
                1.0342726707458494,
                11.25747680664064,
                1
            ],
            "name": "cape_R0C1"
        },
        "cape_R0C2": {
            "children": [
                "cape_R1C2"
            ],
            "jointId": "cape_R0C2",
            "matrix": [
                -0.7447602152824403,
                -0.09833384305238753,
                0.6600478291511537,
                0,
                0.663262224012993,
                -2.3475289759317578e-7,
                0.7483871196057684,
                0,
                -0.07359160793053912,
                0.9951534907854422,
                0.06522128171524302,
                0,
                12.88201904296875,
                -8.064875602722164,
                10.661117553710938,
                1
            ],
            "name": "cape_R0C2"
        },
        "cape_R1C0": {
            "children": [
                "cape_R2C0"
            ],
            "jointId": "cape_R1C0",
            "matrix": [
                0.9999999999999993,
                1.3411056443146634e-7,
                -2.1076271394804307e-8,
                0,
                -1.3411056443146885e-7,
                0.9999999999999996,
                -1.0969842392760774e-13,
                0,
                2.1076271394789133e-8,
                1.125249745500868e-13,
                1,
                0,
                25.017875671386705,
                5.0272264480590785,
                9.5367431640625e-7,
                1
            ],
            "name": "cape_R1C0"
        },
        "cape_R1C1": {
            "children": [
                "cape_R2C1"
            ],
            "jointId": "cape_R1C1",
            "matrix": [
                0.9885667562484741,
                0.15078322589397428,
                -1.4901161193847656e-8,
                0,
                -0.15078323233092494,
                0.9885667984504924,
                7.729977369308472e-8,
                0,
                2.638630627882499e-8,
                -7.41691520085769e-8,
                0.9999999999999981,
                0,
                25.017921447753906,
                5.027233123779299,
                -0.0000019073486328125,
                1
            ],
            "name": "cape_R1C1"
        },
        "cape_R1C2": {
            "children": [
                "cape_R2C2"
            ],
            "jointId": "cape_R1C2",
            "matrix": [
                0.9885669350624089,
                0.15078340470790863,
                7.45058058304604e-9,
                0,
                -0.15078338727742427,
                0.9885668207845767,
                -9.31322576350202e-10,
                0,
                -7.505823962361546e-9,
                -2.027490552310915e-10,
                1.0000000000000002,
                0,
                25.01787567138672,
                5.027220726013187,
                3.552713678800501e-15,
                1
            ],
            "name": "cape_R1C2"
        },
        "cape_R2C0": {
            "children": [],
            "jointId": "cape_R2C0",
            "matrix": [
                0.9999999999999999,
                -1.4210854715202004e-14,
                -5.292103466558733e-8,
                0,
                3.944556445919996e-14,
                1,
                4.7683704451628733e-7,
                0,
                5.292103466558055e-8,
                -4.768370445162892e-7,
                1,
                0,
                27.6912841796875,
                -0.000007629394534802714,
                -0.000023841857911932607,
                1
            ],
            "name": "cape_R2C0"
        },
        "cape_R2C1": {
            "children": [],
            "jointId": "cape_R2C1",
            "matrix": [
                1.0000002384185793,
                -8.642673491876529e-7,
                -2.9802322386307534e-7,
                0,
                8.642675539682898e-7,
                1.0000004768372983,
                -4.656612878281563e-9,
                0,
                2.980232634147706e-7,
                4.656354746224167e-9,
                1.0000003576278689,
                0,
                33.30401992797852,
                -0.000041961669921875,
                -0.00003528594970703125,
                1
            ],
            "name": "cape_R2C1"
        },
        "cape_R2C2": {
            "children": [],
            "jointId": "cape_R2C2",
            "matrix": [
                0.9999998211860659,
                -4.4703483584318526e-7,
                -4.3958425521850586e-7,
                0,
                4.4703470608586926e-7,
                1.0000000000000067,
                -4.768371582100639e-7,
                0,
                4.3958454698511673e-7,
                4.768369616919149e-7,
                1.0000000000000002,
                0,
                27.691207885742166,
                -0.0000152587890625,
                -0.00002288818359375,
                1
            ],
            "name": "cape_R2C2"
        },
        "clavicle_L": {
            "children": [
                "bicep_L"
            ],
            "jointId": "clavicle_L",
            "matrix": [
                0.14247624576091783,
                0.9343820810317992,
                0.3265436589717865,
                0,
                -0.04922292683870744,
                -0.3228124799005812,
                0.9451823243046077,
                0,
                0.9885736639635296,
                -0.1507394437068268,
                -8.940696699655248e-8,
                0,
                5.801483154296875,
                3.3038926124572754,
                -3.1416015625,
                1
            ],
            "name": "clavicle_L"
        },
        "clavicle_R": {
            "children": [
                "bicep_R"
            ],
            "jointId": "clavicle_R",
            "matrix": [
                -0.14397808909416202,
                0.9329417347908021,
                -0.329984962940216,
                0,
                0.05032992416384102,
                -0.3261241904592427,
                -0.9439862699625226,
                0,
                -0.9883003115206619,
                -0.1525214642770879,
                -1.4901160799718483e-7,
                0,
                5.647850036621108,
                -3.095643043518066,
                -3.1906356811523438,
                1
            ],
            "name": "clavicle_R"
        },
        "elbow_L": {
            "children": [
                "wrist_L"
            ],
            "jointId": "elbow_L",
            "matrix": [
                0.9438047409057617,
                0,
                -0.33050405979156494,
                0,
                4.304956030543039e-8,
                0.999999940395355,
                1.2293458443585203e-7,
                0,
                0.330503988676767,
                -1.3025427786361732e-7,
                0.9438045378266116,
                0,
                26.50279235839845,
                -0.00002288818359375,
                0.000010013580322265625,
                1
            ],
            "name": "elbow_L"
        },
        "elbow_R": {
            "children": [
                "wrist_R",
                "forearm_jnt"
            ],
            "jointId": "elbow_R",
            "matrix": [
                0.9570094347000124,
                -5.96046447642884e-7,
                -0.29005697369575506,
                0,
                6.820988395772609e-7,
                0.9999998211858867,
                1.955777277906634e-7,
                0,
                0.2900569726895079,
                -3.850173234121179e-7,
                0.9570094313808072,
                0,
                -24.95261383056642,
                -0.00000762939453125,
                -0.000015497207641601562,
                1
            ],
            "name": "elbow_R"
        },
        "forearm_jnt": {
            "children": [],
            "jointId": "forearm_jnt",
            "matrix": [
                0.9987406134605412,
                -0.03686985373496998,
                -0.034029111266136114,
                0,
                0.050104113247385784,
