{
    "accessors": [
        {
            "bufferView": 0,
            "byteOffset": 0,
            "componentType": 5126,
            "count": 2353,
            "max": [
                58.07518005371094,
                22.847673416137695,
                163.24098205566406
            ],
            "min": [
                -58.07517623901367,
                -38.57025909423828,
                -0.3859541416168213
            ],
            "type": "VEC3"
        },
        {
            "bufferView": 0,
            "byteOffset": 28236,
            "componentType": 5126,
            "count": 2353,
            "max": [
                0.9995160102844238,
                0.9999850988388062,
                0.9999645948410034
            ],
            "min": [
                -0.9995161294937134,
                -0.9999287128448486,
                -0.9996927976608276
            ],
            "type": "VEC3"
        },
        {
            "bufferView": 0,
            "byteOffset": 56472,
            "componentType": 5126,
            "count": 2353,
            "max": [
                0.99235999584198,
                0.9901009798049927
            ],
            "min": [
                0.007921000011265278,
                0.007983028888702393
            ],
            "type": "VEC2"
        },
        {
            "bufferView": 0,
            "byteOffset": 75296,
            "componentType": 5123,
            "count": 2353,
            "max": [
                45,
                45,
                44,
                0
            ],
            "min": [
                0,
                0,
                0,
                0
            ],
            "type": "VEC4"
        },
        {
            "bufferView": 0,
            "byteOffset": 94120,
            "componentType": 5126,
            "count": 2353,
            "max": [
                1,
                0.9997569918632507,
                0.9800235629081726,
                0
            ],
            "min": [
                0.00024300612858496606,
                0,
                0,
                0
            ],
            "type": "VEC4"
        },
        {
            "bufferView": 2,
            "byteOffset": 0,
            "componentType": 5123,
            "count": 11037,
            "max": [
                2352
            ],
            "min": [
                0
            ],
            "type": "SCALAR"
        },
        {
            "bufferView": 1,
            "byteOffset": 0,
            "componentType": 5126,
            "count": 46,
            "max": [
                0.9999999999999987,
                1.000000119206538,
                0.9370847842216917,
                0,
                1.0000000596035192,
                0.8425647012317852,
                0.9995760786830303,
                0,
                0.9995761960597878,
                0.7074711866778292,
                1,
                0,
                81.77320277980435,
                128.6712326541217,
                126.69647216796112,
                1
            ],
            "min": [
                -0.4837169837508613,
                -0.7175110349849897,
                -0.46744018660531833,
                0,
                -0.9999999999999732,
                -0.8425653725157664,
                -0.975609823212646,
                0,
                -0.9764573854903177,
                -0.8307456991668296,
                -0.9999999999999414,
                0,
                -150.20045257756578,
                -95.47578157971408,
                -132.05917261616358,
                1
            ],
            "type": "MAT4"
        },
        {
            "bufferView": 0,
            "byteOffset": 131768,
            "componentType": 5126,
            "count": 388,
            "max": [
                20.877792358398438,
                32.087215423583984,
                140.49462890625
            ],
            "min": [
                -20.877792358398438,
                -14.735187530517578,
                96.34163665771484
            ],
            "type": "VEC3"
        },
        {
            "bufferView": 0,
            "byteOffset": 136424,
            "componentType": 5126,
            "count": 388,
            "max": [
                0.9966408014297485,
                0.9996728301048279,
                0.9822849035263062
            ],
            "min": [
                -0.9989560842514038,
                -0.9988906383514404,
                -0.9995777010917664
            ],
            "type": "VEC3"
        },
        {
            "bufferView": 0,
            "byteOffset": 141080,
            "componentType": 5126,
            "count": 388,
            "max": [
                0.9859179854393005,
                0.9757400155067444
            ],
            "min": [
                0.014731019735336304,
                0.029417037963867188
            ],
            "type": "VEC2"
        },
        {
            "bufferView": 0,
            "byteOffset": 144184,
            "componentType": 5123,
            "count": 388,
            "max": [
                4,
                8,
                10,
                0
            ],
            "min": [
                0,
                0,
                0,
                0
            ],
            "type": "VEC4"
        },
        {
            "bufferView": 0,
            "byteOffset": 147288,
            "componentType": 5126,
            "count": 388,
            "max": [
                1,
                0.800000011920929,
                0.34147292375564575,
                0
            ],
            "min": [
                0.009558822959661484,
                0,
                0,
                0
            ],
            "type": "VEC4"
        },
        {
            "bufferView": 2,
            "byteOffset": 22074,
            "componentType": 5123,
            "count": 1584,
            "max": [
                387
            ],
            "min": [
                0
            ],
            "type": "SCALAR"
        },
        {
            "bufferView": 1,
            "byteOffset": 2944,
            "componentType": 5126,
            "count": 11,
            "max": [
                0.8884764012970195,
                1.0000000595998584,
                0.2934697421690188,
                0,
                0.9999999999999537,
                0.6123718003416,
                0.9995759881565579,
                0,
                0.9995758742569996,
                0.7074713641925446,
                1,
                0,
                120.67386402708152,
                95.47579573007934,
                126.6964721679672,
                1
            ],
            "min": [
                -1.6391270817056548e-7,
                -0.7175106464097011,
                -0.0000030731691605951376,
                0,
                -1,
                -0.6123717424966677,
                -0.9976038808970604,
                0,
                -0.9976038808970344,
                -0.7074711271244619,
                -0.9999999999999869,
                0,
                -129.43268441623763,
                -95.4757956899052,
                -91.0076305745943,
                1
            ],
            "type": "MAT4"
        },
        {
            "bufferView": 0,
            "byteOffset": 153496,
            "componentType": 5126,
            "count": 225,
            "max": [
                9.042344093322754,
                26.835081100463867,
                7.061184406280518
            ],
            "min": [
                -17.745271682739258,
                -91.35899353027344,
                -7.061158657073975
            ],
            "type": "VEC3"
        },
        {
            "bufferView": 0,
            "byteOffset": 156196,
            "componentType": 5126,
            "count": 225,
            "max": [
                0.9999793171882629,
                0.9793573617935181,
                0.9969576597213745
            ],
            "min": [
                -0.9962067008018494,
                -0.9810130596160889,
                -0.998182475566864
            ],
            "type": "VEC3"
        },
        {
            "bufferView": 0,
            "byteOffset": 158896,
            "componentType": 5126,
            "count": 225,
            "max": [
                0.9848870038986206,
                0.9671279788017273
            ],
            "min": [
                0.008610010147094727,
                0.04098403453826904
            ],
            "type": "VEC2"
        },
        {
            "bufferView": 0,
            "byteOffset": 160696,
            "componentType": 5123,
            "count": 225,
            "max": [
                0,
                0,
                0,
                0
            ],
            "min": [
                0,
                0,
                0,
                0
            ],
            "type": "VEC4"
        },
        {
            "bufferView": 0,
            "byteOffset": 162496,
            "componentType": 5126,
            "count": 225,
            "max": [
                1,
                0,
                0,
                0
            ],
            "min": [
                1,
                0,
                0,
                0
            ],
            "type": "VEC4"
        },
        {
            "bufferView": 2,
            "byteOffset": 25242,
            "componentType": 5123,
            "count": 885,
            "max": [
                224
            ],
            "min": [
                0
            ],
            "type": "SCALAR"
        },
        {
            "bufferView": 1,
            "byteOffset": 3648,
            "componentType": 5126,
            "count": 1,
            "max": [
                0.9999999999998782,
                -2.2351729800355455e-7,
                2.6822101739648684e-7,
                0,
                2.682209014892251e-7,
                -4.4703492251232974e-7,
                -1.0000000596043965,
                0,
                2.2351741790768758e-7,
                0.9999999999997747,
                -4.4703488920564017e-7,
                0,
                0.000007629384299433676,
                1.5347727316774416e-11,
                0.00003814697697634124,
                1
            ],
            "min": [
                0.9999999999998782,
                -2.2351729800355455e-7,
                2.6822101739648684e-7,
                0,
                2.682209014892251e-7,
                -4.4703492251232974e-7,
                -1.0000000596043965,
                0,
                2.2351741790768758e-7,
                0.9999999999997747,
                -4.4703488920564017e-7,
                0,
                0.000007629384299433676,
                1.5347727316774416e-11,
                0.00003814697697634124,
                1
            ],
            "type": "MAT4"
        },
        {
            "bufferView": 0,
            "byteOffset": 166096,
            "componentType": 5126,
            "count": 548,
            "max": [
                39.91075897216797,
                13.117961883544922,
                137.9187469482422
            ],
            "min": [
                -41.44367980957031,
                -15.898594856262207,
                60.86900329589844
            ],
            "type": "VEC3"
        },
        {
            "bufferView": 0,
            "byteOffset": 172672,
            "componentType": 5126,
            "count": 548,
            "max": [
                0.997681736946106,
                0.9516521692276001,
                0.997157096862793
            ],
            "min": [
                -0.9906652569770813,
                -0.9545284509658813,
                -0.9701757431030273
            ],
            "type": "VEC3"
        },
        {
            "bufferView": 0,
            "byteOffset": 179248,
            "componentType": 5126,
            "count": 548,
            "max": [
                0.9895190000534058,
                0.9889649748802185
            ],
            "min": [
                0.011113000102341175,
                0.01300501823425293
            ],
            "type": "VEC2"
        },
        {
            "bufferView": 0,
            "byteOffset": 183632,
            "componentType": 5123,
            "count": 548,
            "max": [
                8,
                8,
                9,
                0
            ],
            "min": [
                0,
                0,
                0,
                0
            ],
            "type": "VEC4"
        },
        {
            "bufferView": 0,
            "byteOffset": 188016,
            "componentType": 5126,
            "count": 548,
            "max": [
                1,
                0.5,
                0.7031517624855042,
                0
            ],
            "min": [
                0.017038188874721527,
                0,
                0,
                0
            ],
            "type": "VEC4"
        },
        {
            "bufferView": 2,
            "byteOffset": 27012,
            "componentType": 5123,
            "count": 2295,
            "max": [
                547
            ],
            "min": [
                0
            ],
            "type": "SCALAR"
        },
        {
            "bufferView": 1,
            "byteOffset": 3712,
            "componentType": 5126,
            "count": 10,
            "max": [
                0.8884764008128736,
                1.0000000596033876,
                0.2934701131469112,
                0,
                0.4564002256518192,
                0.6123719724923025,
                0.9995760711970926,
                0,
                0.9995761778461079,
                0.707471256577335,
                1,
                0,
                73.02484724467833,
                95.47580394911982,
                91.00761852404118,
                1
            ],
            "min": [
                -3.340538346762354e-7,
                -0.717510706317508,
                -0.0000017482172368971844,
                0,
                -0.9999999999999732,
                -0.6123715070733818,
                -0.9756096939743595,
                0,
                -0.7237672348847732,
                -0.7074715753273466,
                -0.7051068637720531,
                0,
                -129.4327408223839,
                -95.47580884856974,
                -91.00765662069297,
                1
            ],
            "type": "MAT4"
        },
        {
            "bufferView": 0,
            "byteOffset": 196784,
            "componentType": 5126,
            "count": 368,
            "max": [
                23.32925796508789,
                74.23075866699219,
                23.586471557617188
            ],
            "min": [
                -20.02014923095703,
                -102.50870513916016,
                -7.0266337394714355
            ],
            "type": "VEC3"
        },
        {
            "bufferView": 0,
            "byteOffset": 201200,
            "componentType": 5126,
            "count": 368,
            "max": [
                0.9999167323112488,
                0.9999998807907104,
                0.9999998807907104
            ],
            "min": [
                -0.9976645112037659,
                -0.9635170698165894,
                -0.9999998807907104
            ],
            "type": "VEC3"
        },
        {
            "bufferView": 0,
            "byteOffset": 205616,
            "componentType": 5126,
            "count": 368,
            "max": [
                0.9936100244522095,
                0.9847279787063599
            ],
            "min": [
                0.006519041955471039,
                0.012422025203704834
            ],
            "type": "VEC2"
        },
        {
            "bufferView": 0,
            "byteOffset": 208560,
            "componentType": 5123,
            "count": 368,
            "max": [
                0,
                0,
                0,
                0
            ],
            "min": [
                0,
                0,
                0,
                0
            ],
            "type": "VEC4"
        },
        {
            "bufferView": 0,
            "byteOffset": 211504,
            "componentType": 5126,
            "count": 368,
            "max": [
                1,
                0,
                0,
                0
            ],
            "min": [
                1,
                0,
                0,
                0
            ],
            "type": "VEC4"
        },
        {
            "bufferView": 2,
            "byteOffset": 31602,
            "componentType": 5123,
            "count": 1422,
            "max": [
                367
            ],
            "min": [
                0
            ],
            "type": "SCALAR"
        },
        {
            "bufferView": 1,
            "byteOffset": 4352,
            "componentType": 5126,
            "count": 1,
            "max": [
                0.9999999999999324,
                2.533197589471309e-7,
                -5.9604636781781526e-8,
                0,
                -5.960464477538661e-8,
                5.960464045695849e-8,
                -1.0000001192092944,
                0,
                -2.5331974029539327e-7,
                1.0000000596045426,
                5.960465910870944e-8,
                0,
                0.000011444084179856097,
                0.00003051758272931403,
                0.000001907349997055089,
                1
            ],
            "min": [
                0.9999999999999324,
                2.533197589471309e-7,
                -5.9604636781781526e-8,
                0,
                -5.960464477538661e-8,
                5.960464045695849e-8,
                -1.0000001192092944,
                0,
                -2.5331974029539327e-7,
                1.0000000596045426,
                5.960465910870944e-8,
                0,
                0.000011444084179856097,
                0.00003051758272931403,
                0.000001907349997055089,
                1
            ],
            "type": "MAT4"
        }
    ],
    "asset": {
        "generator": "ClayGL - fbx2gltf",
        "version": "2.0"
    },
    "bufferViews": [
        {
            "buffer": 0,
            "byteLength": 217392,
            "byteOffset": 0,
            "target": 34962
        },
        {
            "buffer": 0,
            "byteLength": 4416,
            "byteOffset": 217392,
            "target": 34962
        },
        {
            "buffer": 0,
            "byteLength": 34446,
            "byteOffset": 221808,
            "target": 34963
        }
    ],
    "buffers": [
        {
            "byteLength": 256254,
            "uri": "bounty_hunter.bin"
        }
    ],
    "images": [
        {
            "uri": "textures/bountyhunter_body_color.png"
        },
        {
            "uri": "textures/bountyhunter_backpack_color.png"
        },
        {
            "uri": "textures/bountyhunter_knife_color.png"
        },
        {
            "uri": "textures/bountyhunter_pads_color.png"
        }
    ],
    "materials": [
        {
            "emissiveFactor": [
                0,
                0,
                0
            ],
            "name": "Material #124",
            "pbrMetallicRoughness": {
                "baseColorFactor": [
                    1,
                    1,
                    1,
                    1
                ],
                "baseColorTexture": {
                    "index": 0,
                    "texCoord": 0
                },
                "metallicFactor": 0,
                "roughnessFactor": 0.9230769230769231
            }
        },
        {
            "emissiveFactor": [
                0,
                0,
                0
            ],
            "name": "Material #136",
            "pbrMetallicRoughness": {
                "baseColorFactor": [
                    1,
                    1,
                    1,
                    1
                ],
                "baseColorTexture": {
                    "index": 1,
                    "texCoord": 0
                },
                "metallicFactor": 0,
                "roughnessFactor": 0.9230769230769231
            }
        },
        {
            "emissiveFactor": [
                0,
                0,
                0
            ],
            "name": "Material #158",
            "pbrMetallicRoughness": {
                "baseColorFactor": [
                    1,
                    1,
                    1,
                    1
                ],
                "baseColorTexture": {
                    "index": 2,
                    "texCoord": 0
                },
                "metallicFactor": 0,
                "roughnessFactor": 0.9230769230769231
            }
        },
        {
            "emissiveFactor": [
                0,
                0,
                0
            ],
            "name": "Material #169",
            "pbrMetallicRoughness": {
                "baseColorFactor": [
                    1,
                    1,
                    1,
                    1
                ],
                "baseColorTexture": {
                    "index": 3,
                    "texCoord": 0
                },
                "metallicFactor": 0,
                "roughnessFactor": 0.9230769230769231
            }
        },
        {
            "emissiveFactor": [
                0,
                0,
                0
            ],
            "name": "Material #191",
            "pbrMetallicRoughness": {
                "baseColorFactor": [
                    1,
                    1,
                    1,
                    1
                ],
                "baseColorTexture": {
                    "index": 2,
                    "texCoord": 0
                },
                "metallicFactor": 0,
                "roughnessFactor": 0.9230769230769231
            }
        }
    ],
    "meshes": [
        {
            "name": "bounty_hunter_model_LOD0",
            "primitives": [
                {
                    "attributes": {
                        "JOINTS_0": 3,
                        "NORMAL": 1,
                        "POSITION": 0,
                        "TEXCOORD_0": 2,
                        "WEIGHTS_0": 4
                    },
                    "indices": 5,
                    "material": 0
                }
            ]
        },
        {
            "name": "bounty_hunter_backpack_model_LOD0",
            "primitives": [
                {
                    "attributes": {
                        "JOINTS_0": 10,
                        "NORMAL": 8,
                        "POSITION": 7,
                        "TEXCOORD_0": 9,
                        "WEIGHTS_0": 11
                    },
                    "indices": 12,
                    "material": 1
                }
            ]
        },
        {
            "name": "bounty_hunter_Lweapon_model_LOD0",
            "primitives": [
                {
                    "attributes": {
                        "JOINTS_0": 17,
                        "NORMAL": 15,
                        "POSITION": 14,
                        "TEXCOORD_0": 16,
                        "WEIGHTS_0": 18
                    },
                    "indices": 19,
                    "material": 2
                }
            ]
        },
        {
            "name": "bounty_hunter_pads_model_LOD0",
            "primitives": [
                {
                    "attributes": {
                        "JOINTS_0": 24,
                        "NORMAL": 22,
                        "POSITION": 21,
                        "TEXCOORD_0": 23,
                        "WEIGHTS_0": 25
                    },
                    "indices": 26,
                    "material": 3
                }
            ]
        },
        {
            "name": "bounty_hunter_Rweapon_model_LOD0",
            "primitives": [
                {
                    "attributes": {
                        "JOINTS_0": 31,
                        "NORMAL": 29,
                        "POSITION": 28,
                        "TEXCOORD_0": 30,
                        "WEIGHTS_0": 32
                    },
                    "indices": 33,
                    "material": 4
                }
            ]
        }
    ],
    "nodes": [
        {
            "children": [
                1,
                2,
                6,
                45,
                46,
                47,
                48
            ],
            "matrix": [
                1.6292068478213574e-7,
                1.469367938527879e-39,
                1.0000000000000002,
                0,
                1.0000000000000002,
                6.123233995736847e-17,
                -1.6292068478213574e-7,
                0,
                -6.123233995736685e-17,
                1,
                9.976014756666736e-24,
                0,
                0,
                76.98444366455078,
                -5.031411170959473,
                1
            ],
            "name": "Root_0"
        },
        {
            "matrix": [
                1.0000000000000002,
                2.6469779601696886e-23,
                2.938735877055719e-39,
                0,
                -2.6469779601696886e-23,
                1.0000000000000002,
                1.7264614655009633e-33,
                0,
                0,
                -1.0599490178533205e-32,
                1,
                0,
                7.793093681335449,
                0.000001430511474609375,
                3.7298583984375,
                1
            ],
            "name": "LoinCloth6_0"
        },
        {
            "children": [
                3
            ],
            "matrix": [
                -0.34937211871147167,
                0.6103399991989136,
                0.7109320163726807,
                0,
                0.5389724007825516,
                0.7515589210908284,
                -0.38035217922490383,
                0,
                -0.7664515412915722,
                0.2502883194239383,
                -0.5915302192930944,
                0,
                0.0000019073486328125,
                -11.840715408325192,
                -2.8826828002929688,
                1
            ],
            "name": "thigh_R"
        },
        {
            "children": [
                4
            ],
            "matrix": [
                0.16277268528938307,
                1.4901161182745426e-7,
                -0.986663579940796,
                0,
                -1.0253365001489101e-7,
                1.000000119209398,
                1.3411050625578014e-7,
                0,
                0.9866638072562737,
                7.933669976534219e-8,
                0.16277272279027338,
                0,
                -38.40645599365233,
                -0.0000038146972585195726,
                -0.000003814697265625,
                1
            ],
            "name": "knee_R"
        },
        {
            "children": [
                5
            ],
            "matrix": [
                0.23574578762054405,
                -0.23588983714580505,
                0.9427510499954219,
                0,
                0.05722512460453211,
                0.9717798474430899,
                0.2288434554216559,
                0,
                -0.9701284315231646,
                1.6566687582875161e-7,
                0.24259185949753598,
                0,
                -31.523836135864254,
                -0.000011444091789769573,
                0.0000057220458953288755,
                1
            ],
            "name": "ankle_R"
        },
        {
            "matrix": [
                0.40485978126525896,
                -0.45634835958480857,
                0.7923601269721987,
                0,
                0.39405046952786205,
                0.8690359200995085,
                0.29916690856590755,
                0,
                -0.8251137803799224,
                0.19110924026674192,
                0.5316620039306624,
                0,
                -25.371681213378913,
                -0.0000152587890625,
                -0.000013351440431463857,
                1
            ],
            "name": "toeBall_R"
        },
        {
            "children": [
                7
            ],
            "matrix": [
                0.2901835739612584,
                4.7276905945636906e-8,
                0.9569709897041322,
                0,
                -2.4658177027506e-7,
                1.0000000000000002,
                2.5368661837888887e-8,
                0,
                -0.956970989704129,
                -2.4333316970185373e-7,
                0.29018357396126937,
                0,
                0.048274993896484375,
                0.0000013072854017082136,
                29.727272033691406,
                1
            ],
            "name": "Spine_0"
        },
        {
            "children": [
                8,
                10,
                23,
                32
            ],
            "matrix": [
                0.9017946720123294,
                -3.552713678800501e-15,
                -0.43216481804847695,
                0,
                6.493440971012086e-15,
                1.0000000000000002,
                5.329070518200751e-15,
                0,
                0.4321648180484773,
                -7.611964177366506e-15,
                0.9017946720123291,
                0,
                20.883323669433608,
                8.735587471164771e-7,
                0.000003814697272730427,
                1
            ],
            "name": "Spine_3"
        },
        {
            "children": [
                9
            ],
            "matrix": [
                -0.675255119800568,
                2.6295401751791186e-7,
                0.7375842928886411,
                0,
                1.0218840463204026e-7,
                0.9999999999999999,
                -2.6295404603356534e-7,
                0,
                -0.7375842928886592,
                -1.021885036844902e-7,
                -0.6752551198005476,
                0,
                -10.12699127197267,
                0.0000035141974876751183,
                11.061775207519545,
                1
            ],
            "name": "BackPack4_0"
        },
        {
            "matrix": [
                7.549789399780387e-8,
                0.9999999999999999,
                -5.960463766996323e-8,
                0,
                1.6292068060373548e-7,
                -5.960464997013152e-8,
                -0.9999999999999999,
                0,
                -1,
                7.549788428697543e-8,
                -1.6292068510376053e-7,
                0,
                -13.920464515686032,
                0.000004431060006027108,
                126.69650268554686,
                1
            ],
            "name": "BWeapon"
        },
        {
            "children": [
                11,
                22
            ],
            "matrix": [
                -0.2727507948875429,
                0.8884767889976503,
                0.3690751194953917,
                0,
                0.10831230571170886,
                -0.35282411930033236,
                0.929399707422264,
                0,
                0.9559683855496182,
                0.2934697982850992,
                8.940696510917334e-8,
                0,
                -0.4250183105469034,
                4.716799259185791,
                -9.03311157226561,
                1
            ],
            "name": "clavicle_L"
        },
        {
            "children": [
                12
            ],
            "matrix": [
                0.60355806350708,
                -0.7175381183624264,
                -0.347644031047821,
                0,
                -0.5730751436323294,
                -0.08725431291071617,
                -0.8148445050990744,
                0,
                0.5543487535115238,
                0.6910323759294573,
                -0.4638664730958047,
                0,
                18.624038696289062,
                -0.000007629394517039145,
                -0.000007629394545460855,
                1
            ],
            "name": "bicep_L"
        },
        {
            "children": [
                13
            ],
            "matrix": [
                0.6258975267410278,
                -1.490116118829654e-7,
                -0.7799053192138674,
                0,
                -2.0754875695687403e-7,
                1.000000119209368,
                -3.576278767847274e-7,
                0,
                0.7799051885136814,
                3.8570667254544944e-7,
                0.6258974218501159,
                0,
                26.694480895996087,
                -0.0000152587890625,
                -0.0000095367431640625,
                1
            ],
            "name": "elbow_L"
        },
        {
            "children": [
                14,
                17,
                19,
                21
            ],
            "matrix": [
                0.9748280048370364,
                0.21222984790802,
                0.06833145022392267,
                0,
                -0.2186061220556487,
                0.9700652477219891,
                0.10575759478387425,
                0,
                -0.043841047839638436,
                -0.1180331409095085,
                0.9920415345594145,
                0,
                34.025245666503906,
                0.00002288818359375,
                -3.552713678800501e-15,
                1
            ],
            "name": "wrist_L"
        },
        {
            "children": [
                15
            ],
            "matrix": [
                0.9470385909080503,
                0.2576965391635894,
                -0.19160050153732303,
                0,
                0.21090690992296096,
                -0.04922014066963484,
                0.9762663530505682,
                0,
                0.2421497583210783,
                -0.9649713884433738,
                -0.10096331235779099,
                0,
                10.908498764038082,
                -2.277122497558608,
                -2.4942607879638654,
                1
            ],
            "name": "index_0_L"
        },
        {
            "children": [
                16
            ],
            "matrix": [
                0.7960199713706964,
                -1.7881393434698856e-7,
                -0.6052702665328981,
                0,
                7.733963858225223e-8,
                0.9999997019769169,
                -1.9371509002441556e-7,
                0,
                0.6052704756315945,
                1.073897656911349e-7,
                0.7960202463663942,
                0,
                8.564502716064446,
                -0.0000076293945259209295,
                0.0000152587890625,
                1
            ],
            "name": "index_1_L"
        },
        {
            "matrix": [
                0.9559333324432379,
                0.2717431783676149,
                0.11111770570278168,
                0,
                -0.26992569558797347,
                0.9623698475281298,
                -0.03137638070305482,
                0,
                -0.1154626131374129,
                2.0416145607438096e-7,
                0.9933115912670012,
                0,
                7.4426956176757955,
                0.000005722045901990214,
                -0.00002288818359375,
                1
            ],
            "name": "index_2_L"
        },
        {
            "children": [
                18
            ],
            "matrix": [
                0.7404897212982173,
                0.4017376601696015,
                -0.5387780070304868,
                0,
                0.49096140373051805,
                -0.8708091799091118,
                0.0254558100863998,
                0,
                -0.45894641783923695,
                -0.2833690593841665,
                -0.8420631911435386,
                0,
                1.9157371520996023,
                3.434112548828125,
                -5.306991577148436,
                1
            ],
            "name": "thumb_0_L"
        },
        {
            "matrix": [
                0.9999999999999998,
                4.842877385780042e-7,
                1.4901161199398771e-7,
                0,
                -4.842878066901868e-7,
                1.0000001192092307,
                6.70552253168033e-8,
                0,
                -1.490115527080782e-7,
                -6.705527760830776e-8,
                0.9999998211860596,
                0,
                7.1405181884765625,
                0.000003814697272730427,
                -0.000003814697265625,
                1
            ],
            "name": "thumb_1_L"
        },
        {
            "children": [
                20
            ],
            "matrix": [
                0.9485272169113157,
                0.316352665424347,
                0.014745563268661555,
                0,
                -0.13024383099233128,
                0.3472255085361674,
                0.9286931365576803,
                0,
                0.2886744654590797,
                -0.8828110882027032,
                0.37055576679416025,
                0,
                10.913196563720689,
                1.3004989624023438,
                4.325014114379881,
                1
            ],
            "name": "mid_0_L"
        },
        {
            "matrix": [
                0.9999998807907102,
                -1.7881393427066072e-7,
                -4.470348355378739e-8,
                0,
                1.7881393454821648e-7,
                1.0000000000000124,
                -4.693865776617123e-7,
                0,
                4.470356484986837e-8,
                4.6938648567973473e-7,
                0.9999998211860606,
                0,
                7.4522438049316335,
                -0.0000095367431640625,
                -0.00000762939453125,
                1
            ],
            "name": "mid_1_L"
        },
        {
            "matrix": [
                0.22298172116279602,
                -0.7067410945892334,
                0.6714131236076354,
                0,
                -0.7562618939690087,
                -0.5600098656864977,
                -0.3383154107391894,
                0,
                0.6150994032779451,
                -0.4323260264708763,
                -0.6593533507624328,
                0,
                36.66639709472655,
                91.32491302490233,
                7.599661827087396,
                1
            ],
            "name": "LWeapon"
        },
        {
            "matrix": [
                0.034734718501567806,
                0.6893424391746518,
                0.7236023545265197,
                0,
                0.8884762538679069,
                -0.3528240685299635,
                0.2934700669478787,
                0,
                0.4576058332191005,
                0.6327100953502519,
                -0.6247198166132318,
                0,
                11.795784950256346,
                5.418701171875014,
                6.686454772949219,
                1
            ],
            "name": "ShoulderPad7_0"
        },
        {
            "children": [
                24
