{
    "accessors": {
        "attrbute_1": {
            "bufferView": "bufferView_31",
            "byteOffset": 0,
            "byteStride": 12,
            "count": 2353,
            "max": [
                58.07518005371094,
                22.847673416137695,
                163.24098205566406,
                0
            ],
            "min": [
                -58.07517623901367,
                -38.57025909423828,
                -0.3859541416168213,
                0
            ],
            "type": 35665
        },
        "attrbute_10": {
            "bufferView": "bufferView_31",
            "byteOffset": 153596,
            "byteStride": 16,
            "count": 388,
            "max": [
                4,
                8,
                10,
                -1
            ],
            "min": [
                0,
                -1,
                -1,
                -1
            ],
            "type": 35666
        },
        "attrbute_11": {
            "bufferView": "bufferView_31",
            "byteOffset": 159804,
            "byteStride": 12,
            "count": 388,
            "max": [
                1,
                0.800000011920929,
                0.34147292375564575
            ],
            "min": [
                0.009558822959661484,
                0,
                0
            ],
            "type": 35665
        },
        "attrbute_13": {
            "bufferView": "bufferView_31",
            "byteOffset": 164460,
            "byteStride": 12,
            "count": 225,
            "max": [
                9.042344093322754,
                26.835081100463867,
                7.061184406280518,
                0
            ],
            "min": [
                -17.745271682739258,
                -91.35899353027344,
                -7.061158657073975,
                0
            ],
            "type": 35665
        },
        "attrbute_14": {
            "bufferView": "bufferView_31",
            "byteOffset": 167160,
            "byteStride": 12,
            "count": 225,
            "max": [
                0.9999793171882629,
                0.9793573617935181,
                0.9969576597213745,
                0
            ],
            "min": [
                -0.9962067008018494,
                -0.9810130596160889,
                -0.998182475566864,
                0
            ],
            "type": 35665
        },
        "attrbute_15": {
            "bufferView": "bufferView_31",
            "byteOffset": 169860,
            "byteStride": 8,
            "count": 225,
            "max": [
                0.9848870038986206,
                0.959015965461731
            ],
            "min": [
                0.008610010147094727,
                0.032872021198272705
            ],
            "type": 35664
        },
        "attrbute_16": {
            "bufferView": "bufferView_31",
            "byteOffset": 171660,
            "byteStride": 16,
            "count": 225,
            "max": [
                0,
                -1,
                -1,
                -1
            ],
            "min": [
                0,
                -1,
                -1,
                -1
            ],
            "type": 35666
        },
        "attrbute_17": {
            "bufferView": "bufferView_31",
            "byteOffset": 175260,
            "byteStride": 12,
            "count": 225,
            "max": [
                1,
                0,
                0
            ],
            "min": [
                1,
                0,
                0
            ],
            "type": 35665
        },
        "attrbute_19": {
            "bufferView": "bufferView_31",
            "byteOffset": 177960,
            "byteStride": 12,
            "count": 548,
            "max": [
                39.91075897216797,
                13.117961883544922,
                137.9187469482422,
                0
            ],
            "min": [
                -41.44367980957031,
                -15.898594856262207,
                60.86900329589844,
                0
            ],
            "type": 35665
        },
        "attrbute_2": {
            "bufferView": "bufferView_31",
            "byteOffset": 28236,
            "byteStride": 12,
            "count": 2353,
            "max": [
                0.9995160102844238,
                0.9999850988388062,
                0.9999645948410034,
                0
            ],
            "min": [
                -0.9995161294937134,
                -0.9999287128448486,
                -0.9996927976608276,
                0
            ],
            "type": 35665
        },
        "attrbute_20": {
            "bufferView": "bufferView_31",
            "byteOffset": 184536,
            "byteStride": 12,
            "count": 548,
            "max": [
                0.997681736946106,
                0.9516521692276001,
                0.997157096862793,
                0
            ],
            "min": [
                -0.9906652569770813,
                -0.9545284509658813,
                -0.9701757431030273,
                0
            ],
            "type": 35665
        },
        "attrbute_21": {
            "bufferView": "bufferView_31",
            "byteOffset": 191112,
            "byteStride": 8,
            "count": 548,
            "max": [
                0.9895190000534058,
                0.9869949817657471
            ],
            "min": [
                0.011113000102341175,
                0.011035025119781494
            ],
            "type": 35664
        },
        "attrbute_22": {
            "bufferView": "bufferView_31",
            "byteOffset": 195496,
            "byteStride": 16,
            "count": 548,
            "max": [
                8,
                8,
                9,
                -1
            ],
            "min": [
                0,
                -1,
                -1,
                -1
            ],
            "type": 35666
        },
        "attrbute_23": {
            "bufferView": "bufferView_31",
            "byteOffset": 204264,
            "byteStride": 12,
            "count": 548,
            "max": [
                1,
                0.5,
                0.7031517624855042
            ],
            "min": [
                0.017038188874721527,
                0,
                0
            ],
            "type": 35665
        },
        "attrbute_25": {
            "bufferView": "bufferView_31",
            "byteOffset": 210840,
            "byteStride": 12,
            "count": 368,
            "max": [
                23.32925796508789,
                74.23075866699219,
                23.586471557617188,
                0
            ],
            "min": [
                -20.02014923095703,
                -102.50870513916016,
                -7.0266337394714355,
                0
            ],
            "type": 35665
        },
        "attrbute_26": {
            "bufferView": "bufferView_31",
            "byteOffset": 215256,
            "byteStride": 12,
            "count": 368,
            "max": [
                0.9999167323112488,
                0.9999998807907104,
                0.9999998807907104,
                0
            ],
            "min": [
                -0.9976645112037659,
                -0.9635170698165894,
                -0.9999998807907104,
                0
            ],
            "type": 35665
        },
        "attrbute_27": {
            "bufferView": "bufferView_31",
            "byteOffset": 219672,
            "byteStride": 8,
            "count": 368,
            "max": [
                0.9936100244522095,
                0.9875779747962952
            ],
            "min": [
                0.006519041955471039,
                0.015272021293640137
            ],
            "type": 35664
        },
        "attrbute_28": {
            "bufferView": "bufferView_31",
            "byteOffset": 222616,
            "byteStride": 16,
            "count": 368,
            "max": [
                0,
                -1,
                -1,
                -1
            ],
            "min": [
                0,
                -1,
                -1,
                -1
            ],
            "type": 35666
        },
        "attrbute_29": {
            "bufferView": "bufferView_31",
            "byteOffset": 228504,
            "byteStride": 12,
            "count": 368,
            "max": [
                1,
                0,
                0
            ],
            "min": [
                1,
                0,
                0
            ],
            "type": 35665
        },
        "attrbute_3": {
            "bufferView": "bufferView_31",
            "byteOffset": 56472,
            "byteStride": 8,
            "count": 2353,
            "max": [
                0.99235999584198,
                0.9920169711112976
            ],
            "min": [
                0.007921000011265278,
                0.009899020195007324
            ],
            "type": 35664
        },
        "attrbute_4": {
            "bufferView": "bufferView_31",
            "byteOffset": 75296,
            "byteStride": 16,
            "count": 2353,
            "max": [
                45,
                45,
                44,
                -1
            ],
            "min": [
                0,
                -1,
                -1,
                -1
            ],
            "type": 35666
        },
        "attrbute_5": {
            "bufferView": "bufferView_31",
            "byteOffset": 112944,
            "byteStride": 12,
            "count": 2353,
            "max": [
                1,
                0.9997569918632507,
                0.9800235629081726
            ],
            "min": [
                0.00024300612858496606,
                0,
                0
            ],
            "type": 35665
        },
        "attrbute_7": {
            "bufferView": "bufferView_31",
            "byteOffset": 141180,
            "byteStride": 12,
            "count": 388,
            "max": [
                20.877792358398438,
                32.087215423583984,
                140.49462890625,
                0
            ],
            "min": [
                -20.877792358398438,
                -14.735187530517578,
                96.34163665771484,
                0
            ],
            "type": 35665
        },
        "attrbute_8": {
            "bufferView": "bufferView_31",
            "byteOffset": 145836,
            "byteStride": 12,
            "count": 388,
            "max": [
                0.9966408014297485,
                0.9996728301048279,
                0.9822849035263062,
                0
            ],
            "min": [
                -0.9989560842514038,
                -0.9988906383514404,
                -0.9995777010917664,
                0
            ],
            "type": 35665
        },
        "attrbute_9": {
            "bufferView": "bufferView_31",
            "byteOffset": 150492,
            "byteStride": 8,
            "count": 388,
            "max": [
                0.9859179854393005,
                0.9705829620361328
            ],
            "min": [
                0.014731019735336304,
                0.024259984493255615
            ],
            "type": 35664
        },
        "indices_12": {
            "bufferView": "bufferView_33",
            "byteOffset": 22074,
            "count": 1584,
            "type": 5123
        },
        "indices_18": {
            "bufferView": "bufferView_33",
            "byteOffset": 25242,
            "count": 885,
            "type": 5123
        },
        "indices_24": {
            "bufferView": "bufferView_33",
            "byteOffset": 27012,
            "count": 2295,
            "type": 5123
        },
        "indices_30": {
            "bufferView": "bufferView_33",
            "byteOffset": 31602,
            "count": 1422,
            "type": 5123
        },
        "indices_6": {
            "bufferView": "bufferView_33",
            "byteOffset": 0,
            "count": 11037,
            "type": 5123
        }
    },
    "animations": {},
    "asset": {},
    "bufferViews": {
        "bufferView_31": {
            "buffer": "bounty_hunter.bin",
            "byteLength": 232920,
            "byteOffset": 0,
            "target": 34962
        },
        "bufferView_32": {
            "buffer": "bounty_hunter.bin",
            "byteLength": 5632,
            "byteOffset": 232920
        },
        "bufferView_33": {
            "buffer": "bounty_hunter.bin",
            "byteLength": 34446,
            "byteOffset": 238552,
            "target": 34963
        }
    },
    "buffers": {
        "bounty_hunter.bin": {
            "byteLength": 272998,
            "path": "bounty_hunter.bin"
        }
    },
    "cameras": {},
    "images": {
        "image_0": {
            "path": "textures/bountyhunter_body_color.png"
        },
        "image_1": {
            "path": "textures/bountyhunter_backpack_color.png"
        },
        "image_2": {
            "path": "textures/bountyhunter_knife_color.png"
        },
        "image_3": {
            "path": "textures/bountyhunter_pads_color.png"
        }
    },
    "lights": {},
    "materials": {
        "Material #124": {
            "instanceTechnique": {
                "technique": "technique_0",
                "values": {
                    "ambient": [
                        0.5879999995231628,
                        0.5879999995231628,
                        0.5879999995231628
                    ],
                    "diffuse": "Map #19",
                    "emission": [
                        0,
                        0,
                        0
                    ],
                    "shininess": 2,
                    "specular": [
                        0.8999999761581421,
                        0.8999999761581421,
                        0.8999999761581421
                    ],
                    "transparency": 1
                }
            },
            "name": "Material #124"
        },
        "Material #136": {
            "instanceTechnique": {
                "technique": "technique_0",
                "values": {
                    "ambient": [
                        0.5879999995231628,
                        0.5879999995231628,
                        0.5879999995231628
                    ],
                    "diffuse": "Map #20",
                    "emission": [
                        0,
                        0,
                        0
                    ],
                    "shininess": 2,
                    "specular": [
                        0.8999999761581421,
                        0.8999999761581421,
                        0.8999999761581421
                    ],
                    "transparency": 1
                }
            },
            "name": "Material #136"
        },
        "Material #158": {
            "instanceTechnique": {
                "technique": "technique_0",
                "values": {
                    "ambient": [
                        0.5879999995231628,
                        0.5879999995231628,
                        0.5879999995231628
                    ],
                    "diffuse": "Map #22",
                    "emission": [
                        0,
                        0,
                        0
                    ],
                    "shininess": 2,
                    "specular": [
                        0.8999999761581421,
                        0.8999999761581421,
                        0.8999999761581421
                    ],
                    "transparency": 1
                }
            },
            "name": "Material #158"
        },
        "Material #169": {
            "instanceTechnique": {
                "technique": "technique_0",
                "values": {
                    "ambient": [
                        0.5879999995231628,
                        0.5879999995231628,
                        0.5879999995231628
                    ],
                    "diffuse": "Map #24",
                    "emission": [
                        0,
                        0,
                        0
                    ],
                    "shininess": 2,
                    "specular": [
                        0.8999999761581421,
                        0.8999999761581421,
                        0.8999999761581421
                    ],
                    "transparency": 1
                }
            },
            "name": "Material #169"
        },
        "Material #191": {
            "instanceTechnique": {
                "technique": "technique_0",
                "values": {
                    "ambient": [
                        0.5879999995231628,
                        0.5879999995231628,
                        0.5879999995231628
                    ],
                    "diffuse": "Map #22",
                    "emission": [
                        0,
                        0,
                        0
                    ],
                    "shininess": 2,
                    "specular": [
                        0.8999999761581421,
                        0.8999999761581421,
                        0.8999999761581421
                    ],
                    "transparency": 1
                }
            },
            "name": "Material #191"
        }
    },
    "meshes": {
        "bounty_hunter_Lweapon_model_LOD0-mesh": {
            "name": "bounty_hunter_Lweapon_model_LOD0-mesh",
            "primitives": [
                {
                    "attributes": {
                        "JOINT": "attrbute_16",
                        "NORMAL": "attrbute_14",
                        "POSITION": "attrbute_13",
                        "TEXCOORD_0": "attrbute_15",
                        "WEIGHT": "attrbute_17"
                    },
                    "indices": "indices_18",
                    "material": "Material #158"
                }
            ]
        },
        "bounty_hunter_Rweapon_model_LOD0-mesh": {
            "name": "bounty_hunter_Rweapon_model_LOD0-mesh",
            "primitives": [
                {
                    "attributes": {
                        "JOINT": "attrbute_28",
                        "NORMAL": "attrbute_26",
                        "POSITION": "attrbute_25",
                        "TEXCOORD_0": "attrbute_27",
                        "WEIGHT": "attrbute_29"
                    },
                    "indices": "indices_30",
                    "material": "Material #191"
                }
            ]
        },
        "bounty_hunter_backpack_model_LOD0-mesh": {
            "name": "bounty_hunter_backpack_model_LOD0-mesh",
            "primitives": [
                {
                    "attributes": {
                        "JOINT": "attrbute_10",
                        "NORMAL": "attrbute_8",
                        "POSITION": "attrbute_7",
                        "TEXCOORD_0": "attrbute_9",
                        "WEIGHT": "attrbute_11"
                    },
                    "indices": "indices_12",
                    "material": "Material #136"
                }
            ]
        },
        "bounty_hunter_model_LOD0-mesh": {
            "name": "bounty_hunter_model_LOD0-mesh",
            "primitives": [
                {
                    "attributes": {
                        "JOINT": "attrbute_4",
                        "NORMAL": "attrbute_2",
                        "POSITION": "attrbute_1",
                        "TEXCOORD_0": "attrbute_3",
                        "WEIGHT": "attrbute_5"
                    },
                    "indices": "indices_6",
                    "material": "Material #124"
                }
            ]
        },
        "bounty_hunter_pads_model_LOD0-mesh": {
            "name": "bounty_hunter_pads_model_LOD0-mesh",
            "primitives": [
                {
                    "attributes": {
                        "JOINT": "attrbute_22",
                        "NORMAL": "attrbute_20",
                        "POSITION": "attrbute_19",
                        "TEXCOORD_0": "attrbute_21",
                        "WEIGHT": "attrbute_23"
                    },
                    "indices": "indices_24",
                    "material": "Material #169"
                }
            ]
        }
    },
    "nodes": {
        "BWeapon": {
            "children": [],
            "jointId": "BWeapon",
            "matrix": [
                7.549789399780383e-8,
                0.9999999999999998,
                -5.960463766996325e-8,
                0,
                1.6292068060373545e-7,
                -5.960464997013151e-8,
                -0.9999999999999999,
                0,
                -1,
                7.549788428697545e-8,
                -1.6292068510376045e-7,
                0,
                -13.920464515686033,
                0.000004431060006027109,
                126.69650268554686,
                1
            ],
            "name": "BWeapon"
        },
        "BackPack4_0": {
            "children": [
                "BWeapon"
            ],
            "jointId": "BackPack4_0",
            "matrix": [
                -0.6752551198005677,
                2.629540175179119e-7,
                0.7375842928886414,
                0,
                1.0218840463204023e-7,
                1,
                -2.6295404603356534e-7,
                0,
                -0.7375842928886591,
                -1.0218850368449028e-7,
                -0.6752551198005478,
                0,
                -10.12699127197267,
                0.000003514197487675121,
                11.061775207519531,
                1
            ],
            "name": "BackPack4_0"
        },
        "Bandana3_0_Bandana_Base": {
            "children": [
                "Bandana3_1_Bandana_Base"
            ],
            "jointId": "Bandana3_0_Bandana_Base",
            "matrix": [
                -0.8672658801078797,
                -4.135446262840275e-7,
                -0.4978451430797578,
                0,
                -7.142282707043666e-7,
                1,
                4.1354462601102623e-7,
                0,
                0.4978451430795014,
                7.142282196616378e-7,
                -0.8672658801080267,
                0,
                -4.7553939819335795,
                0.23046304285526278,
                -17.19316482543944,
                1
            ],
            "name": "Bandana3_0_Bandana_Base"
        },
        "Bandana3_1_Bandana_Base": {
            "children": [],
            "jointId": "Bandana3_1_Bandana_Base",
            "matrix": [
                1,
                5.627589416690171e-7,
                -1.5646219250764482e-7,
                0,
                -5.627588093206828e-7,
                1.0000000000000004,
                8.458806064481908e-7,
                0,
                1.5646266857127777e-7,
                -8.458805183974457e-7,
                1.0000000000000004,
                0,
                12.937149047851562,
                -0.000002101063728360275,
                -0.000003814697269177714,
                1
            ],
            "name": "Bandana3_1_Bandana_Base"
        },
        "BandanaBack9_0_Bandana_Base": {
            "children": [],
            "jointId": "BandanaBack9_0_Bandana_Base",
            "matrix": [
                -0.3536198735237122,
                -0.08893297612667095,
                0.9311518073081974,
                0,
                -0.03157410022184641,
                0.9960374233202479,
                0.08313933609400467,
                0,
                -0.9348560950475828,
                -5.589714264152923e-7,
                -0.35502668975132234,
                0,
                -8.364509582519517,
                -0.0000011920938050025126,
                9.13571929931642,
                1
            ],
            "name": "BandanaBack9_0_Bandana_Base"
        },
        "Ear0_0_L": {
            "children": [],
            "jointId": "Ear0_0_L",
            "matrix": [
                -1.6292068510376032e-7,
                1.0000000000000004,
                -7.615768993218814e-8,
                0,
                -1.0000001192092896,
                -1.629207431099119e-7,
                -5.06639480479798e-7,
                0,
                -5.06639492969807e-7,
                7.615761646883886e-8,
                1.0000001192092896,
                0,
                -0.7897186279296875,
                9.540540695190433,
                3.168121337890611,
                1
            ],
            "name": "Ear0_0_L"
        },
        "Ear1_0_R": {
            "children": [],
            "jointId": "Ear1_0_R",
            "matrix": [
                -1.6292067067086095e-7,
                1.0000000000000004,
                -1.0715126563809467e-7,
                0,
                -1.0000001192092896,
                -1.6292064538552645e-7,
                4.172325134832455e-7,
                0,
                4.1723249616376634e-7,
                1.0715134638731891e-7,
                1.0000001192092893,
                0,
                -0.789703369140625,
                -9.540541648864748,
                3.1681594848632812,
                1
            ],
            "name": "Ear1_0_R"
        },
        "Head_0": {
            "children": [
                "Head_1"
            ],
            "jointId": "Head_0",
            "matrix": [
                0.9886271953582764,
                -1.7763568294740831e-15,
                0.1503872871398927,
                0,
                4.457184843415512e-16,
                1.0000000000000002,
                8.881784200309975e-15,
                0,
                -0.15038728713989263,
                -8.713742991574142e-15,
                0.9886271953582765,
                0,
                8.653503417968736,
                9.536747711536009e-7,
                0,
                1
            ],
            "name": "Head_0"
        },
        "Head_1": {
            "children": [
                "Bandana3_0_Bandana_Base",
                "BandanaBack9_0_Bandana_Base",
                "Mohawk1_0",
                "Ear0_0_L",
                "Jaw2_0",
                "Ear1_0_R"
            ],
            "jointId": "Head_1",
            "matrix": [
                1.0000002384185793,
                -1.3234889800848443e-23,
                -2.9802322498717615e-8,
                0,
                -9.926167350636332e-24,
                1,
                -2.9778502051908996e-23,
                0,
                2.9802322554228766e-8,
                6.617444900424222e-24,
                1.0000002384185793,
                0,
                15.053878784179716,
                0.000003814698175119702,
                -0.00000762939453125,
                1
            ],
            "name": "Head_1"
        },
        "Jaw2_0": {
            "children": [],
            "jointId": "Jaw2_0",
            "matrix": [
                0.556651949882507,
                2.6543233389020315e-7,
                -0.830745816230774,
                0,
                1.3584463058268634e-7,
                0.9999999999999999,
                4.10535335504336e-7,
                0,
                0.8307458162308244,
                -3.4137765351811546e-7,
                0.5566519498824318,
                0,
                -8.677543640136705,
                0.0000019073486328125017,
                -11.348289489746087,
                1
            ],
            "name": "Jaw2_0"
        },
        "LWeapon": {
            "children": [],
            "jointId": "LWeapon",
            "matrix": [
                0.22298172116279627,
                -0.7067410945892335,
                0.6714131236076356,
                0,
                -0.7562618939690089,
                -0.5600098656864979,
                -0.33831541073918947,
                0,
                0.6150994032779457,
                -0.43232602647087653,
                -0.6593533507624332,
                0,
                36.66639709472658,
                91.32491302490236,
                7.599661827087413,
                1
            ],
            "name": "LWeapon"
        },
        "LoinCloth5_0": {
            "children": [],
            "jointId": "LoinCloth5_0",
            "matrix": [
                0.9999999999999999,
                -5.293955920339377e-23,
                -3.725291435330291e-7,
                0,
                7.808523839956679e-14,
                1.0000000000000002,
                2.096084017466637e-7,
                0,
                3.725291435330292e-7,
                -2.0960840174669282e-7,
                0.9999999999999999,
                0,
                -12.71842098236084,
                -0.0000019073486328124994,
                1.077117919921875,
                1
            ],
            "name": "LoinCloth5_0"
        },
        "LoinCloth6_0": {
            "children": [],
            "jointId": "LoinCloth6_0",
            "matrix": [
                1.0000000000000002,
                -2.6469779601696886e-23,
                0,
                0,
                2.6469779601696886e-23,
                1.0000000000000002,
                0,
                0,
                0,
                0,
                1,
                0,
                7.793093681335448,
                0.000001430511474609375,
                3.7298583984375,
                1
            ],
            "name": "LoinCloth6_0"
        },
        "Mohawk1_0": {
            "children": [],
            "jointId": "Mohawk1_0",
            "matrix": [
                0.8396259546279904,
                -0.1817644834518433,
                0.5118495225906372,
                0,
                0.2066598581269637,
                0.9783763436989446,
                0.008434295393994762,
                0,
                -0.5023145336760819,
                0.09869709912914176,
                0.8590336176875848,
                0,
                6.336791992187528,
                1.6940658945086007e-21,
                2.3572769165039062,
                1
            ],
            "name": "Mohawk1_0"
        },
        "RWeapon": {
            "children": [],
            "jointId": "RWeapon",
            "matrix": [
                0.22298227250576025,
                -0.7067415118217467,
                0.671412706375122,
                0,
                0.7562623546938684,
                0.5600095175447086,
                0.3383148284909118,
                0,
                -0.6150984771749963,
                0.43232583118431006,
                0.6593540211298407,
                0,
                -36.66648483276365,
                -91.32486724853514,
                -7.599607467651363,
                1
            ],
            "name": "RWeapon"
        },
        "Root_0": {
            "children": [
                "LoinCloth6_0",
                "thigh_R",
                "Spine_0",
                "LoinCloth5_0",
                "ThighPad3_0_A_R",
                "ThighPad2_0_A_L",
                "thigh_L"
            ],
            "jointId": "Root_0",
            "matrix": [
                -1.629206851037603e-7,
                -1.0000000000000002,
                0,
                0,
                1.0000000000000002,
                -1.629206851037603e-7,
                0,
                0,
                0,
                0,
                1,
                0,
                0,
                5.031411170959473,
                76.98444366455078,
                1
            ],
            "name": "Root_0"
        },
        "ShoulderPad7_0": {
            "children": [],
            "jointId": "ShoulderPad7_0",
            "matrix": [
                0.034734718501567854,
                0.689342439174652,
                0.7236023545265196,
                0,
                0.8884762538679071,
                -0.35282406852996345,
                0.2934700669478787,
                0,
                0.4576058332191005,
                0.632710095350252,
                -0.6247198166132318,
                0,
                11.795784950256348,
                5.418701171875014,
                6.686454772949219,
                1
            ],
            "name": "ShoulderPad7_0"
        },
        "ShoulderPad8_0": {
            "children": [],
            "jointId": "ShoulderPad8_0",
            "matrix": [
                -0.03473538160324099,
                -0.6893423795700073,
                -0.7236022353172301,
                0,
                0.8884760800477102,
                -0.3528249115079387,
                0.29347008345206854,
                0,
                -0.45760635730798765,
                -0.6327096163356544,
                0.6247198555828511,
                0,
                -11.79577827453613,
                -5.4187393188476705,
                -6.6864471435546875,
                1
            ],
            "name": "ShoulderPad8_0"
        },
        "Spine_0": {
            "children": [
                "Spine_3"
            ],
            "jointId": "Spine_0",
            "matrix": [
                0.2901835739612584,
                4.7276905945636906e-8,
                0.9569709897041322,
                0,
                -2.4658177027505996e-7,
                1.0000000000000002,
                2.536866183788889e-8,
                0,
                -0.956970989704129,
                -2.4333316970185373e-7,
                0.29018357396126937,
                0,
                0.04827499389648526,
                0.0000013072854017082136,
                29.727272033691406,
                1
            ],
            "name": "Spine_0"
        },
        "Spine_3": {
            "children": [
                "BackPack4_0",
                "clavicle_L",
                "Head_0",
                "clavicle_R"
            ],
            "jointId": "Spine_3",
            "matrix": [
                0.9017946720123291,
                -3.552713678800501e-15,
                -0.4321648180484773,
                0,
                6.493440961085919e-15,
                1.0000000000000002,
                5.329070523163835e-15,
                0,
                0.43216481804847706,
                -7.611964131044392e-15,
                0.9017946720123292,
                0,
                20.883323669433594,
                8.735587471164763e-7,
                0.000003814697272730427,
                1
            ],
            "name": "Spine_3"
        },
        "ThighPad2_0_A_L": {
            "children": [],
            "jointId": "ThighPad2_0_A_L",
            "matrix": [
                0.9999999999999999,
                2.3742653354474896e-7,
                -3.725291151113197e-7,
                0,
                -2.3742645545952721e-7,
                1,
                2.096083733249543e-7,
                0,
                3.7252916487788824e-7,
                -2.0960828487667516e-7,
                0.9999999999999999,
                0,
                4.213749885559082,
                16.709918975830078,
                4.63592529296875,
                1
            ],
            "name": "ThighPad2_0_A_L"
        },
        "ThighPad3_0_A_R": {
            "children": [],
            "jointId": "ThighPad3_0_A_R",
            "matrix": [
                0.9999999999999999,
                2.3742653354474896e-7,
                -3.725291151113197e-7,
                0,
                -2.3742645545952721e-7,
                1,
                2.096083733249543e-7,
                0,
                3.7252916487788824e-7,
                -2.0960828487667516e-7,
                0.9999999999999999,
                0,
                0.00041675567626953125,
                -15.61008834838867,
                8.9608154296875,
                1
            ],
            "name": "ThighPad3_0_A_R"
        },
        "ankle_L": {
            "children": [
                "toeBall_L"
            ],
            "jointId": "ankle_L",
            "matrix": [
                0.2357455492019651,
                -0.22497995197772966,
                0.9454144239425658,
                0,
                0.054433102406485884,
                0.9743634638639973,
                0.21829567908087086,
                0,
                -0.970289349394345,
                -3.945982708364326e-7,
                0.2419481879990691,
                0,
                31.52386856079101,
                -0.00000762939453125,
                -0.0000019073486328125,
                1
            ],
            "name": "ankle_L"
        },
        "ankle_R": {
            "children": [
                "toeBall_R"
            ],
            "jointId": "ankle_R",
            "matrix": [
                0.23574578762054416,
                -0.23588983714580505,
                0.9427510499954225,
                0,
                0.057225124604532024,
                0.9717798474430901,
                0.22884345542165574,
                0,
                -0.9701284315231644,
                1.6566687593977392e-7,
                0.24259185949753592,
                0,
                -31.52383613586426,
                -0.000011444091796875,
                0.000005722045900213857,
                1
            ],
            "name": "ankle_R"
        },
        "bicep_L": {
            "children": [
                "elbow_L"
            ],
            "jointId": "bicep_L",
            "matrix": [
                0.60355806350708,
                -0.717538118362427,
                -0.34764403104782116,
                0,
                -0.5730751436323297,
                -0.08725431291071617,
                -0.8148445050990745,
                0,
                0.5543487535115238,
                0.6910323759294574,
                -0.46386647309580475,
                0,
                18.624038696289062,
                -0.00000762939453125,
                -0.000007629394545460855,
                1
            ],
            "name": "bicep_L"
        },
        "bicep_R": {
            "children": [
                "elbow_R"
            ],
            "jointId": "bicep_R",
            "matrix": [
                0.6035580635070801,
                -0.7175384759902953,
                -0.3476438224315642,
                0,
                -0.5730748088131984,
                -0.08725418580044514,
                -0.8148445853794024,
                0,
                0.5543490476629597,
                0.6910320422656621,
                -0.46386626296245964,
                0,
                -18.6240348815918,
                -1.4210854715202004e-14,
                -0.000007629394545460855,
                1
            ],
            "name": "bicep_R"
        },
        "bounty_hunter_Lweapon_model_LOD0": {
            "children": [],
            "instanceSkin": {
                "skeletons": [
                    "Root_0"
                ],
                "skin": "skin_2",
                "sources": [
                    "bounty_hunter_Lweapon_model_LOD0-mesh"
                ]
            },
            "matrix": [
                1,
                0,
                0,
                0,
                0,
                1,
                0,
                0,
                0,
                0,
                1,
                0,
                0,
                0,
                0,
                1
