{
    "animations": {},
    "asset": {},
    "attributes": {
        "attribute_1": {
            "bufferView": "bufferView_31",
            "byteOffset": 0,
            "byteStride": 12,
            "count": 1516,
            "max": [
                1,
                1,
                1
            ],
            "min": [
                0,
                0,
                0
            ],
            "type": "FLOAT_VEC3"
        },
        "attribute_10": {
            "bufferView": "bufferView_31",
            "byteOffset": 98256,
            "byteStride": 16,
            "count": 228,
            "max": [
                1,
                1,
                1
            ],
            "min": [
                0,
                0,
                0
            ],
            "type": "FLOAT_VEC4"
        },
        "attribute_11": {
            "bufferView": "bufferView_31",
            "byteOffset": 101904,
            "byteStride": 12,
            "count": 228,
            "max": [
                1,
                1,
                1
            ],
            "min": [
                0,
                0,
                0
            ],
            "type": "FLOAT_VEC3"
        },
        "attribute_13": {
            "bufferView": "bufferView_31",
            "byteOffset": 104640,
            "byteStride": 12,
            "count": 282,
            "max": [
                1,
                1,
                1
            ],
            "min": [
                0,
                0,
                0
            ],
            "type": "FLOAT_VEC3"
        },
        "attribute_14": {
            "bufferView": "bufferView_31",
            "byteOffset": 108024,
            "byteStride": 12,
            "count": 282,
            "max": [
                1,
                1,
                1
            ],
            "min": [
                0,
                0,
                0
            ],
            "type": "FLOAT_VEC3"
        },
        "attribute_15": {
            "bufferView": "bufferView_31",
            "byteOffset": 111408,
            "byteStride": 8,
            "count": 282,
            "max": [
                1,
                1,
                1
            ],
            "min": [
                0,
                0,
                0
            ],
            "type": "FLOAT_VEC2"
        },
        "attribute_16": {
            "bufferView": "bufferView_31",
            "byteOffset": 113664,
            "byteStride": 16,
            "count": 282,
            "max": [
                1,
                1,
                1
            ],
            "min": [
                0,
                0,
                0
            ],
            "type": "FLOAT_VEC4"
        },
        "attribute_17": {
            "bufferView": "bufferView_31",
            "byteOffset": 118176,
            "byteStride": 12,
            "count": 282,
            "max": [
                1,
                1,
                1
            ],
            "min": [
                0,
                0,
                0
            ],
            "type": "FLOAT_VEC3"
        },
        "attribute_19": {
            "bufferView": "bufferView_31",
            "byteOffset": 121560,
            "byteStride": 12,
            "count": 134,
            "max": [
                1,
                1,
                1
            ],
            "min": [
                0,
                0,
                0
            ],
            "type": "FLOAT_VEC3"
        },
        "attribute_2": {
            "bufferView": "bufferView_31",
            "byteOffset": 18192,
            "byteStride": 12,
            "count": 1516,
            "max": [
                1,
                1,
                1
            ],
            "min": [
                0,
                0,
                0
            ],
            "type": "FLOAT_VEC3"
        },
        "attribute_20": {
            "bufferView": "bufferView_31",
            "byteOffset": 123168,
            "byteStride": 12,
            "count": 134,
            "max": [
                1,
                1,
                1
            ],
            "min": [
                0,
                0,
                0
            ],
            "type": "FLOAT_VEC3"
        },
        "attribute_21": {
            "bufferView": "bufferView_31",
            "byteOffset": 124776,
            "byteStride": 8,
            "count": 134,
            "max": [
                1,
                1,
                1
            ],
            "min": [
                0,
                0,
                0
            ],
            "type": "FLOAT_VEC2"
        },
        "attribute_22": {
            "bufferView": "bufferView_31",
            "byteOffset": 125848,
            "byteStride": 16,
            "count": 134,
            "max": [
                1,
                1,
                1
            ],
            "min": [
                0,
                0,
                0
            ],
            "type": "FLOAT_VEC4"
        },
        "attribute_23": {
            "bufferView": "bufferView_31",
            "byteOffset": 127992,
            "byteStride": 12,
            "count": 134,
            "max": [
                1,
                1,
                1
            ],
            "min": [
                0,
                0,
                0
            ],
            "type": "FLOAT_VEC3"
        },
        "attribute_25": {
            "bufferView": "bufferView_31",
            "byteOffset": 129600,
            "byteStride": 12,
            "count": 663,
            "max": [
                1,
                1,
                1
            ],
            "min": [
                0,
                0,
                0
            ],
            "type": "FLOAT_VEC3"
        },
        "attribute_26": {
            "bufferView": "bufferView_31",
            "byteOffset": 137556,
            "byteStride": 12,
            "count": 663,
            "max": [
                1,
                1,
                1
            ],
            "min": [
                0,
                0,
                0
            ],
            "type": "FLOAT_VEC3"
        },
        "attribute_27": {
            "bufferView": "bufferView_31",
            "byteOffset": 145512,
            "byteStride": 8,
            "count": 663,
            "max": [
                1,
                1,
                1
            ],
            "min": [
                0,
                0,
                0
            ],
            "type": "FLOAT_VEC2"
        },
        "attribute_28": {
            "bufferView": "bufferView_31",
            "byteOffset": 150816,
            "byteStride": 16,
            "count": 663,
            "max": [
                1,
                1,
                1
            ],
            "min": [
                0,
                0,
                0
            ],
            "type": "FLOAT_VEC4"
        },
        "attribute_29": {
            "bufferView": "bufferView_31",
            "byteOffset": 161424,
            "byteStride": 12,
            "count": 663,
            "max": [
                1,
                1,
                1
            ],
            "min": [
                0,
                0,
                0
            ],
            "type": "FLOAT_VEC3"
        },
        "attribute_3": {
            "bufferView": "bufferView_31",
            "byteOffset": 36384,
            "byteStride": 8,
            "count": 1516,
            "max": [
                1,
                1,
                1
            ],
            "min": [
                0,
                0,
                0
            ],
            "type": "FLOAT_VEC2"
        },
        "attribute_4": {
            "bufferView": "bufferView_31",
            "byteOffset": 48512,
            "byteStride": 16,
            "count": 1516,
            "max": [
                1,
                1,
                1
            ],
            "min": [
                0,
                0,
                0
            ],
            "type": "FLOAT_VEC4"
        },
        "attribute_5": {
            "bufferView": "bufferView_31",
            "byteOffset": 72768,
            "byteStride": 12,
            "count": 1516,
            "max": [
                1,
                1,
                1
            ],
            "min": [
                0,
                0,
                0
            ],
            "type": "FLOAT_VEC3"
        },
        "attribute_7": {
            "bufferView": "bufferView_31",
            "byteOffset": 90960,
            "byteStride": 12,
            "count": 228,
            "max": [
                1,
                1,
                1
            ],
            "min": [
                0,
                0,
                0
            ],
            "type": "FLOAT_VEC3"
        },
        "attribute_8": {
            "bufferView": "bufferView_31",
            "byteOffset": 93696,
            "byteStride": 12,
            "count": 228,
            "max": [
                1,
                1,
                1
            ],
            "min": [
                0,
                0,
                0
            ],
            "type": "FLOAT_VEC3"
        },
        "attribute_9": {
            "bufferView": "bufferView_31",
            "byteOffset": 96432,
            "byteStride": 8,
            "count": 228,
            "max": [
                1,
                1,
                1
            ],
            "min": [
                0,
                0,
                0
            ],
            "type": "FLOAT_VEC2"
        }
    },
    "bufferViews": {
        "bufferView_31": {
            "buffer": "dazzle.bin",
            "byteLength": 169380,
            "byteOffset": 0,
            "target": "ARRAY_BUFFER"
        },
        "bufferView_32": {
            "buffer": "dazzle.bin",
            "byteLength": 32340,
            "byteOffset": 169380,
            "target": "ELEMENT_ARRAY_BUFFER"
        }
    },
    "buffers": {
        "dazzle.bin": {
            "byteLength": 201720,
            "path": "dazzle.bin"
        }
    },
    "cameras": {},
    "images": {
        "image_0": {
            "path": "textures/dazzle_base_color.png"
        },
        "image_1": {
            "path": "textures/dazzle_dress_color.png"
        },
        "image_2": {
            "path": "textures/dazzle_mohawk_color.png"
        },
        "image_3": {
            "path": "textures/dazzle_sleeve_color.png"
        },
        "image_4": {
            "path": "textures/dazzle_staff_color.png"
        }
    },
    "indices": {
        "indices_12": {
            "bufferView": "bufferView_32",
            "byteOffset": 17856,
            "count": 1098,
            "type": "UNSIGNED_SHORT"
        },
        "indices_18": {
            "bufferView": "bufferView_32",
            "byteOffset": 20052,
            "count": 1758,
            "type": "UNSIGNED_SHORT"
        },
        "indices_24": {
            "bufferView": "bufferView_32",
            "byteOffset": 23568,
            "count": 708,
            "type": "UNSIGNED_SHORT"
        },
        "indices_30": {
            "bufferView": "bufferView_32",
            "byteOffset": 24984,
            "count": 3678,
            "type": "UNSIGNED_SHORT"
        },
        "indices_6": {
            "bufferView": "bufferView_32",
            "byteOffset": 0,
            "count": 8928,
            "type": "UNSIGNED_SHORT"
        }
    },
    "lights": {},
    "materials": {
        "Material #35": {
            "instanceTechnique": {
                "technique": "technique_0",
                "values": [
                    {
                        "parameter": "ambient",
                        "value": [
                            0.5879999995231628,
                            0.5879999995231628,
                            0.5879999995231628
                        ]
                    },
                    {
                        "parameter": "emission",
                        "value": [
                            0,
                            0,
                            0
                        ]
                    },
                    {
                        "parameter": "diffuse",
                        "value": "Map #6"
                    },
                    {
                        "parameter": "shininess",
                        "value": 2
                    },
                    {
                        "parameter": "specular",
                        "value": [
                            0.8999999761581421,
                            0.8999999761581421,
                            0.8999999761581421
                        ]
                    }
                ]
            },
            "name": "Material #35"
        },
        "Material #46": {
            "instanceTechnique": {
                "technique": "technique_0",
                "values": [
                    {
                        "parameter": "ambient",
                        "value": [
                            0.5879999995231628,
                            0.5879999995231628,
                            0.5879999995231628
                        ]
                    },
                    {
                        "parameter": "emission",
                        "value": [
                            0,
                            0,
                            0
                        ]
                    },
                    {
                        "parameter": "diffuse",
                        "value": "Map #7"
                    },
                    {
                        "parameter": "shininess",
                        "value": 2
                    },
                    {
                        "parameter": "specular",
                        "value": [
                            0.8999999761581421,
                            0.8999999761581421,
                            0.8999999761581421
                        ]
                    }
                ]
            },
            "name": "Material #46"
        },
        "Material #57": {
            "instanceTechnique": {
                "technique": "technique_0",
                "values": [
                    {
                        "parameter": "ambient",
                        "value": [
                            0.5879999995231628,
                            0.5879999995231628,
                            0.5879999995231628
                        ]
                    },
                    {
                        "parameter": "emission",
                        "value": [
                            0,
                            0,
                            0
                        ]
                    },
                    {
                        "parameter": "diffuse",
                        "value": "Map #8"
                    },
                    {
                        "parameter": "shininess",
                        "value": 2
                    },
                    {
                        "parameter": "specular",
                        "value": [
                            0.8999999761581421,
                            0.8999999761581421,
                            0.8999999761581421
                        ]
                    }
                ]
            },
            "name": "Material #57"
        },
        "Material #68": {
            "instanceTechnique": {
                "technique": "technique_0",
                "values": [
                    {
                        "parameter": "ambient",
                        "value": [
                            0.5879999995231628,
                            0.5879999995231628,
                            0.5879999995231628
                        ]
                    },
                    {
                        "parameter": "emission",
                        "value": [
                            0,
                            0,
                            0
                        ]
                    },
                    {
                        "parameter": "diffuse",
                        "value": "Map #9"
                    },
                    {
                        "parameter": "shininess",
                        "value": 2
                    },
                    {
                        "parameter": "specular",
                        "value": [
                            0.8999999761581421,
                            0.8999999761581421,
                            0.8999999761581421
                        ]
                    }
                ]
            },
            "name": "Material #68"
        },
        "Material #79": {
            "instanceTechnique": {
                "technique": "technique_0",
                "values": [
                    {
                        "parameter": "ambient",
                        "value": [
                            0.5879999995231628,
                            0.5879999995231628,
                            0.5879999995231628
                        ]
                    },
                    {
                        "parameter": "emission",
                        "value": [
                            0,
                            0,
                            0
                        ]
                    },
                    {
                        "parameter": "diffuse",
                        "value": "Map #10"
                    },
                    {
                        "parameter": "shininess",
                        "value": 2
                    },
                    {
                        "parameter": "specular",
                        "value": [
                            0.8999999761581421,
                            0.8999999761581421,
                            0.8999999761581421
                        ]
                    }
                ]
            },
            "name": "Material #79"
        }
    },
    "meshes": {
        "dazzle_dress_model_LOD0-mesh": {
            "name": "dazzle_dress_model_LOD0-mesh",
            "primitives": [
                {
                    "indices": "indices_12",
                    "material": "Material #46",
                    "semantics": {
                        "JOINT": "attribute_10",
                        "NORMAL": "attribute_8",
                        "POSITION": "attribute_7",
                        "TEXCOORD_0": "attribute_9",
                        "WEIGHT": "attribute_11"
                    },
                    "skin": "skin_1"
                }
            ]
        },
        "dazzle_model_LOD0-mesh": {
            "name": "dazzle_model_LOD0-mesh",
            "primitives": [
                {
                    "indices": "indices_6",
                    "material": "Material #35",
                    "semantics": {
                        "JOINT": "attribute_4",
                        "NORMAL": "attribute_2",
                        "POSITION": "attribute_1",
                        "TEXCOORD_0": "attribute_3",
                        "WEIGHT": "attribute_5"
                    },
                    "skin": "skin_0"
                }
            ]
        },
        "dazzle_mohawk_model_LOD0-mesh": {
            "name": "dazzle_mohawk_model_LOD0-mesh",
            "primitives": [
                {
                    "indices": "indices_18",
                    "material": "Material #57",
                    "semantics": {
                        "JOINT": "attribute_16",
                        "NORMAL": "attribute_14",
                        "POSITION": "attribute_13",
                        "TEXCOORD_0": "attribute_15",
                        "WEIGHT": "attribute_17"
                    },
                    "skin": "skin_2"
                }
            ]
        },
        "dazzle_sleeve_model_LOD0-mesh": {
            "name": "dazzle_sleeve_model_LOD0-mesh",
            "primitives": [
                {
                    "indices": "indices_24",
                    "material": "Material #68",
                    "semantics": {
                        "JOINT": "attribute_22",
                        "NORMAL": "attribute_20",
                        "POSITION": "attribute_19",
                        "TEXCOORD_0": "attribute_21",
                        "WEIGHT": "attribute_23"
                    },
                    "skin": "skin_3"
                }
            ]
        },
        "dazzle_staff_model_LOD0-mesh": {
            "name": "dazzle_staff_model_LOD0-mesh",
            "primitives": [
                {
                    "indices": "indices_30",
                    "material": "Material #79",
                    "semantics": {
                        "JOINT": "attribute_28",
                        "NORMAL": "attribute_26",
                        "POSITION": "attribute_25",
                        "TEXCOORD_0": "attribute_27",
                        "WEIGHT": "attribute_29"
                    },
                    "skin": "skin_4"
                }
            ]
        }
    },
    "nodes": {
        "Mid_0_L": {
            "children": [
                "Mid_1_L"
            ],
            "matrix": [
                0.9008087515830996,
                0.3040467500686646,
                0.3099986016750336,
                0,
                -0.3095150014554915,
                -0.05109799901309153,
                0.949520420420693,
                0,
                0.30453897739271907,
                -0.9512857445695588,
                0.04807751683060389,
                0,
                13.81063842773439,
                -0.8116989135742259,
                2.7206950187683105,
                1
            ],
            "name": "Mid_0_L"
        },
        "Mid_0_R": {
            "children": [
                "Mid_1_R"
            ],
            "matrix": [
                0.9061369299888613,
                0.33119636774063105,
                0.26310610771179205,
                0,
                -0.2795649162651,
                0.0021422787333529943,
                0.9601243476209673,
                0,
                0.3174260573273113,
                -0.9435593878330948,
                0.0945320849035606,
                0,
                -13.810638427734375,
                0.81170654296875,
                -2.7206854820251474,
                1
            ],
            "name": "Mid_0_R"
        },
        "Mid_1_L": {
            "children": [
                "Mid_2_L"
            ],
            "matrix": [
                0.8755135536193848,
                -4.4703483587094084e-7,
                -0.4831939637660979,
                0,
                2.8032767607211184e-7,
                1.0000002384185616,
                -4.1723257665493563e-7,
                0,
                0.48319387248034573,
                2.2984003658632624e-7,
                0.8755133882157949,
                0,
                6.479248046875,
                -0.000005722045894884786,
                0.0000019073486257070726,
                1
            ],
            "name": "Mid_1_L"
        },
        "Mid_1_R": {
            "children": [
                "Mid_2_R"
            ],
            "matrix": [
                0.8755133152008056,
                5.215406417291568e-7,
                -0.48319381475448614,
                0,
                -3.695393591129914e-7,
                1.0000001192092849,
                4.0978188967089046e-7,
                0,
                0.48319386256796093,
                -1.8021036438109483e-7,
                0.8755134018352755,
                0,
                -6.479255676269517,
                -0.0000019073486328125,
                -0.000005722045891332073,
                1
            ],
            "name": "Mid_1_R"
        },
        "Mid_2_L": {
            "children": [],
            "matrix": [
                0.9999999403953552,
                -2.7755575615628914e-17,
                -2.086162569359118e-7,
                0,
                -9.325873406851315e-15,
                0.9999997615814219,
                -4.470348352603182e-8,
                0,
                2.0861631894186772e-7,
                4.470350492558062e-8,
                1.0000002384185585,
                0,
                4.8328704833984375,
                -0.000005722045894884786,
                0.000003814697272730427,
                1
            ],
            "name": "Mid_2_L"
        },
        "Mid_2_R": {
            "children": [],
            "matrix": [
                1.000000357627868,
                -4.4703483609298544e-8,
                5.551115123125783e-17,
                0,
                4.470346767759814e-8,
                1.0000000000000002,
                -4.470348352603182e-8,
                0,
                1.887379141862766e-15,
                4.4703494184172854e-8,
                1.0000002384185778,
                0,
                -4.8328704833984375,
                0.0000038146972620722863,
                0.0000038146972585195726,
                1
            ],
            "name": "Mid_2_R"
        },
        "Tail14_0": {
            "children": [
                "Tail14_1"
            ],
            "matrix": [
                -0.8194008469581605,
                -0.16231426596641552,
                -0.549760222434998,
                0,
                0.07397657076616819,
                -0.9809954774292273,
                0.17937473842262125,
                0,
                -0.5684273914240583,
                0.10631044042941983,
                0.8158360073372803,
                0,
                -70.90683746337889,
                -10.70147705078125,
                -42.80914306640624,
                1
            ],
            "name": "Tail14_0"
        },
        "Tail14_1": {
            "children": [],
            "matrix": [
                0.9843658208847053,
                0.012824907898902851,
                0.17566975951194763,
                0,
                -0.01253186368442566,
                0.9999176860534316,
                -0.0027774498498776487,
                0,
                -0.1756909130635672,
                0.0005325572007983774,
                0.9844454750960627,
                0,
                20.088596343994148,
                0.00000762939453125,
                0,
                1
            ],
            "name": "Tail14_1"
        },
        "Thumb_0_L": {
            "children": [
                "Thumb_1_L"
            ],
            "matrix": [
                0.8008058071136478,
                0.44516277313232444,
                -0.4006745815277101,
                0,
                0.5452306351067971,
                -0.8187092864710458,
                0.18010866119830762,
                0,
                -0.24785826920647408,
                -0.3626920298867072,
                -0.8983433133358062,
                0,
                6.695610046386719,
                3.594005584716804,
                -4.601935863494871,
                1
            ],
            "name": "Thumb_0_L"
        },
        "Thumb_0_R": {
            "children": [
                "Thumb_1_R"
            ],
            "matrix": [
                0.8715890049934385,
                0.3154732286930084,
                -0.3752451837062836,
                0,
                0.45259447929669355,
                -0.811954859519785,
                0.36862925041115585,
                0,
                -0.18838952137448853,
                -0.4911271803239017,
                -0.8504725086930176,
                0,
                -6.695625305175781,
                -3.5939903259277415,
                4.601949214935302,
                1
            ],
            "name": "Thumb_0_R"
        },
        "Thumb_1_L": {
            "children": [
                "Thumb_2_L"
            ],
            "matrix": [
                0.9937721490859983,
                5.066394807573538e-7,
                -0.11143244802951816,
                0,
                -5.098144684745343e-7,
                0.9999998807906086,
                -8.326672684688674e-17,
                0,
                0.11143245500007548,
                5.6809884546593636e-8,
                0.9937722112507875,
                0,
                4.075920104980469,
                0.000015258789069605427,
                -0.000022888183586644573,
                1
            ],
            "name": "Thumb_1_L"
        },
        "Thumb_1_R": {
            "children": [
                "Thumb_2_R"
            ],
            "matrix": [
                0.9937720298767094,
                0,
                -0.11143231391906733,
                0,
                9.691086949592531e-8,
                0.9999999999999991,
                8.642673569314585e-7,
                0,
                0.11143230824371586,
                -8.696836838947841e-7,
                0.9937719792629737,
                0,
                -4.075889587402344,
                0.0000038146972585195726,
                -0.0000152587890625,
                1
            ],
            "name": "Thumb_1_R"
        },
        "Thumb_2_L": {
            "children": [],
            "matrix": [
                0.870607137680054,
                0.4079492688179017,
                -0.2749908268451692,
                0,
                -0.3890053034602114,
                0.9130043977925291,
                0.12287203579397873,
                0,
                0.30119345188688684,
                -3.8133791406547157e-7,
                0.9535627659912279,
                0,
                4.420021057128906,
                -0.000003814697272730427,
                0.000030517578125,
                1
            ],
            "name": "Thumb_2_L"
        },
        "Thumb_2_R": {
            "children": [],
            "matrix": [
                0.8706074953079224,
                0.40794968605041504,
                -0.27499139308929443,
                0,
                -0.38900595266504606,
                0.9130046649900049,
                0.1228710031832784,
                0,
                0.3011935565008138,
                8.725158628791752e-7,
                0.9535633854746979,
                0,
                -4.419990539550781,
                -0.000007629394538355427,
                -0.000007629394524144573,
                1
            ],
            "name": "Thumb_2_R"
        },
        "ankle_L": {
            "children": [
                "toeBase_L"
            ],
            "matrix": [
                -0.11643704771995539,
                -0.24903045594692186,
                0.9614709615707399,
                0,
                0.038234244575847225,
                0.9662141580367033,
                0.2548892734920472,
                0,
                -0.992461853025154,
                0.06643965737219104,
                -0.10298161247721282,
                0,
                51.81867980957032,
                0.00000762939453125,
                0.00000762939453125,
                1
            ],
            "name": "ankle_L"
        },
        "ankle_R": {
            "children": [
                "toeBase_R"
            ],
            "matrix": [
                -0.10567805171012873,
                -0.3220920860767361,
                0.9407915472984316,
                0,
                0.0022109906933727727,
                0.9460110357270706,
                0.3241274031568662,
                0,
                -0.9943976147322524,
                0.03633321764913229,
                -0.09926041635022476,
                0,
                -51.81867599487303,
                -0.0000057220458984375,
                0.00000762939453125,
                1
            ],
            "name": "ankle_R"
        },
        "bicep_L": {
            "children": [
                "elbow_L"
            ],
            "matrix": [
                0.36985361576080344,
                -0.7567538619041447,
                -0.5390098094940189,
                0,
                -0.9290288767497786,
                -0.3078748825267781,
                -0.20522665993875033,
                0,
                -0.010641518562559037,
                0.5766597308474062,
                -0.816915155689413,
                0,
                17.694561004638672,
                0.0000152587890625,
                0,
                1
            ],
            "name": "bicep_L"
        },
        "bicep_R": {
            "children": [
                "elbow_R"
            ],
            "matrix": [
                0.3698534369468689,
                -0.7567541599273686,
                -0.5390098094940188,
                0,
                -0.9290290893470561,
                -0.30787461350085155,
                -0.20522670509404878,
                0,
                -0.010641272983729987,
                0.5766595416265774,
                -0.8169150368294559,
                0,
                -17.694561004638672,
                -0.000007629394545460855,
                -0.000011444091796875,
                1
            ],
            "name": "bicep_R"
        },
        "butt_fix": {
            "children": [],
            "matrix": [
                -0.43746596574783325,
                -2.086000279713724e-7,
                -0.8992349505424501,
                0,
                -2.62442839534401e-7,
                1,
                -1.0430001376645157e-7,
                0,
                0.8992349505424325,
                1.9037006757907594e-7,
                -0.43746596574786906,
                0,
                -7.39076042175293,
                -0.0000019073486328125,
                -12.802764892578125,
                1
            ],
            "name": "butt_fix"
        },
        "clavicle_L": {
            "children": [
                "bicep_L"
            ],
            "matrix": [
                0.16799724102020258,
                0.9645470976829527,
                0.20353254675865173,
                0,
                -0.03492400473500307,
                -0.20051393461821554,
                0.9790683273773537,
                0,
                0.9851685689491922,
                -0.17158893956795893,
                5.960464399823451e-8,
                0,
                6.415325164794929,
                3.3763575553894047,
                -9.10574340820314,
                1
            ],
            "name": "clavicle_L"
        },
        "clavicle_R": {
            "children": [
                "bicep_R"
            ],
            "matrix": [
                -0.16799736022949227,
                0.9645472168922423,
                -0.20353227853775027,
                0,
                0.034924030032229936,
                -0.2005136075647979,
                -0.9790682264812325,
                0,
                -0.9851686907144651,
                -0.1715890739045112,
                -1.1920929021691506e-7,
                0,
                6.415340423583977,
                -3.3763566017150883,
                -9.105735778808608,
                1
            ],
            "name": "clavicle_R"
        },
        "dazzle_dress_model_LOD0": {
            "children": [],
            "matrix": [
                1,
                0,
                0,
                0,
                0,
                1,
                0,
                0,
                0,
                0,
                1,
                0,
                0,
                0,
                0,
                1
            ],
            "meshes": [
                "dazzle_dress_model_LOD0-mesh"
            ],
            "name": "dazzle_dress_model_LOD0"
        },
        "dazzle_model_LOD0": {
            "children": [],
            "matrix": [
                1,
                0,
                0,
                0,
                0,
                1,
                0,
                0,
                0,
                0,
                1,
                0,
                0,
                0,
                0,
                1
            ],
            "meshes": [
                "dazzle_model_LOD0-mesh"
            ],
            "name": "dazzle_model_LOD0"
        },
        "dazzle_mohawk_model_LOD0": {
            "children": [],
            "matrix": [
                1,
                0,
                0,
                0,
                0,
                1,
                0,
                0,
                0,
                0,
                1,
                0,
                0,
                0,
                0,
                1
            ],
            "meshes": [
                "dazzle_mohawk_model_LOD0-mesh"
            ],
            "name": "dazzle_mohawk_model_LOD0"
        },
        "dazzle_sleeve_model_LOD0": {
            "children": [],
            "matrix": [
                1,
                0,
                0,
                0,
                0,
                1,
                0,
                0,
                0,
                0,
                1,
                0,
                0,
                0,
                0,
                1
            ],
            "meshes": [
                "dazzle_sleeve_model_LOD0-mesh"
            ],
            "name": "dazzle_sleeve_model_LOD0"
        },
        "dazzle_staff_model_LOD0": {
            "children": [],
            "matrix": [
                1,
                0,
                0,
                0,
                0,
                1,
                0,
                0,
                0,
                0,
                1,
                0,
                0,
                0,
                0,
                1
            ],
            "meshes": [
                "dazzle_staff_model_LOD0-mesh"
            ],
            "name": "dazzle_staff_model_LOD0"
        },
        "elbow_L": {
            "children": [
                "wrist_L"
            ],
            "matrix": [
                0.7897645235061646,
                3.874301909845279e-7,
                -0.6134099960327151,
                0,
                -5.426460430446589e-7,
                1.0000001192092705,
                -6.705524335792745e-8,
                0,
                0.6134100215440486,
                3.8582232961270613e-7,
                0.7897645563522152,
                0,
                33.64275360107422,
                -0.00000762939453125,
                -0.000015258789066052714,
                1
            ],
            "name": "elbow_L"
        },
        "elbow_R": {
            "children": [
                "wrist_R"
            ],
            "matrix": [
                0.7897645235061644,
                -8.940696705206364e-8,
                -0.6134101748466491,
                0,
                1.537151698149941e-7,
                0.9999999999999882,
                5.215404280667357e-8,
                0,
                0.6134102937124752,
                -1.3547988794715415e-7,
                0.7897646765457269,
                0,
                -33.64276123046875,
                0.0000152587890625,
                -0.000011444091800427714,
                1
            ],
            "name": "elbow_R"
        },
        "head": {
            "children": [
                "plume4_0"
            ],
            "matrix": [
                0.9562165737152094,
                -1.3186332848334148e-23,
                0.2926596105098725,
                0,
