{
    "accessors": {
        "attrbute_1": {
            "bufferView": "bufferView_31",
            "byteOffset": 0,
            "byteStride": 12,
            "count": 1964,
            "max": [
                59.41211700439453,
                37.508880615234375,
                162.2617645263672,
                0
            ],
            "min": [
                -59.404476165771484,
                -29.265140533447266,
                -0.20309577882289886,
                0
            ],
            "type": 35665
        },
        "attrbute_10": {
            "bufferView": "bufferView_31",
            "byteOffset": 125840,
            "byteStride": 16,
            "count": 250,
            "max": [
                11,
                12,
                13,
                -1
            ],
            "min": [
                0,
                -1,
                -1,
                -1
            ],
            "type": 35666
        },
        "attrbute_11": {
            "bufferView": "bufferView_31",
            "byteOffset": 129840,
            "byteStride": 12,
            "count": 250,
            "max": [
                1,
                0.9853862524032593,
                0.9110565781593323
            ],
            "min": [
                0.007587375584989786,
                0,
                0
            ],
            "type": 35665
        },
        "attrbute_13": {
            "bufferView": "bufferView_31",
            "byteOffset": 132840,
            "byteStride": 12,
            "count": 424,
            "max": [
                4.277461528778076,
                64.13887786865234,
                209.36102294921875,
                0
            ],
            "min": [
                -4.2775702476501465,
                -40.853004455566406,
                84.75752258300781,
                0
            ],
            "type": 35665
        },
        "attrbute_14": {
            "bufferView": "bufferView_31",
            "byteOffset": 137928,
            "byteStride": 12,
            "count": 424,
            "max": [
                0.999755859375,
                0.9930094480514526,
                0.9998259544372559,
                0
            ],
            "min": [
                -0.9997559189796448,
                -0.9986996650695801,
                -0.9988119602203369,
                0
            ],
            "type": 35665
        },
        "attrbute_15": {
            "bufferView": "bufferView_31",
            "byteOffset": 143016,
            "byteStride": 8,
            "count": 424,
            "max": [
                0.9833760261535645,
                0.9802700281143188
            ],
            "min": [
                0.016745999455451965,
                0.017441987991333008
            ],
            "type": 35664
        },
        "attrbute_16": {
            "bufferView": "bufferView_31",
            "byteOffset": 146408,
            "byteStride": 16,
            "count": 424,
            "max": [
                10,
                10,
                11,
                -1
            ],
            "min": [
                0,
                -1,
                -1,
                -1
            ],
            "type": 35666
        },
        "attrbute_17": {
            "bufferView": "bufferView_31",
            "byteOffset": 153192,
            "byteStride": 12,
            "count": 424,
            "max": [
                1,
                0.9998738169670105,
                0.9925840497016907
            ],
            "min": [
                0.0001262119913008064,
                0,
                0
            ],
            "type": 35665
        },
        "attrbute_19": {
            "bufferView": "bufferView_31",
            "byteOffset": 158280,
            "byteStride": 12,
            "count": 148,
            "max": [
                -18.885019302368164,
                21.34676170349121,
                143.93930053710938,
                0
            ],
            "min": [
                -59.95606231689453,
                -11.549104690551758,
                77.01658630371094,
                0
            ],
            "type": 35665
        },
        "attrbute_2": {
            "bufferView": "bufferView_31",
            "byteOffset": 23568,
            "byteStride": 12,
            "count": 1964,
            "max": [
                0.9989620447158813,
                0.9945657253265381,
                0.9992570877075195,
                0
            ],
            "min": [
                -0.9989619851112366,
                -0.9999730587005615,
                -0.9992372989654541,
                0
            ],
            "type": 35665
        },
        "attrbute_20": {
            "bufferView": "bufferView_31",
            "byteOffset": 160056,
            "byteStride": 12,
            "count": 148,
            "max": [
                0.9922975301742554,
                0.9818769693374634,
                0.9267417788505554,
                0
            ],
            "min": [
                -0.9700652360916138,
                -0.9982141256332397,
                -0.9243452548980713,
                0
            ],
            "type": 35665
        },
        "attrbute_21": {
            "bufferView": "bufferView_31",
            "byteOffset": 161832,
            "byteStride": 8,
            "count": 148,
            "max": [
                0.9918023347854614,
                0.9935850501060486
            ],
            "min": [
                0.020163999870419502,
                -0.0014268159866333008
            ],
            "type": 35664
        },
        "attrbute_22": {
            "bufferView": "bufferView_31",
            "byteOffset": 163016,
            "byteStride": 16,
            "count": 148,
            "max": [
                5,
                6,
                7,
                -1
            ],
            "min": [
                0,
                -1,
                -1,
                -1
            ],
            "type": 35666
        },
        "attrbute_23": {
            "bufferView": "bufferView_31",
            "byteOffset": 165384,
            "byteStride": 12,
            "count": 148,
            "max": [
                1,
                0.9996355175971985,
                0.4139488637447357
            ],
            "min": [
                0.00021010504860896617,
                0,
                0
            ],
            "type": 35665
        },
        "attrbute_25": {
            "bufferView": "bufferView_31",
            "byteOffset": 167160,
            "byteStride": 12,
            "count": 924,
            "max": [
                -62.152854919433594,
                79.96791076660156,
                194.61874389648438,
                0
            ],
            "min": [
                -124.02775573730469,
                -53.91666030883789,
                -23.803157806396484,
                0
            ],
            "type": 35665
        },
        "attrbute_26": {
            "bufferView": "bufferView_31",
            "byteOffset": 178248,
            "byteStride": 12,
            "count": 924,
            "max": [
                0.9933916330337524,
                0.9963487982749939,
                0.9981968402862549,
                0
            ],
            "min": [
                -0.9959948658943176,
                -0.9963489174842834,
                -0.9981967806816101,
                0
            ],
            "type": 35665
        },
        "attrbute_27": {
            "bufferView": "bufferView_31",
            "byteOffset": 189336,
            "byteStride": 8,
            "count": 924,
            "max": [
                0.9863880276679993,
                0.9851869940757751
            ],
            "min": [
                0.024376999586820602,
                0.022755980491638184
            ],
            "type": 35664
        },
        "attrbute_28": {
            "bufferView": "bufferView_31",
            "byteOffset": 196728,
            "byteStride": 16,
            "count": 924,
            "max": [
                6,
                2,
                -1,
                -1
            ],
            "min": [
                0,
                -1,
                -1,
                -1
            ],
            "type": 35666
        },
        "attrbute_29": {
            "bufferView": "bufferView_31",
            "byteOffset": 211512,
            "byteStride": 12,
            "count": 924,
            "max": [
                1,
                0.8060000538825989,
                0
            ],
            "min": [
                0.1939999759197235,
                0,
                0
            ],
            "type": 35665
        },
        "attrbute_3": {
            "bufferView": "bufferView_31",
            "byteOffset": 47136,
            "byteStride": 8,
            "count": 1964,
            "max": [
                1.9941970109939575,
                0.9926429986953735
            ],
            "min": [
                0.008147000335156918,
                0.0024570226669311523
            ],
            "type": 35664
        },
        "attrbute_4": {
            "bufferView": "bufferView_31",
            "byteOffset": 62848,
            "byteStride": 16,
            "count": 1964,
            "max": [
                29,
                29,
                27,
                -1
            ],
            "min": [
                0,
                -1,
                -1,
                -1
            ],
            "type": 35666
        },
        "attrbute_5": {
            "bufferView": "bufferView_31",
            "byteOffset": 94272,
            "byteStride": 12,
            "count": 1964,
            "max": [
                1,
                0.999403178691864,
                0.7658294439315796
            ],
            "min": [
                0.0003669912985060364,
                0,
                0
            ],
            "type": 35665
        },
        "attrbute_7": {
            "bufferView": "bufferView_31",
            "byteOffset": 117840,
            "byteStride": 12,
            "count": 250,
            "max": [
                48.23996353149414,
                47.79257583618164,
                117.9858169555664,
                0
            ],
            "min": [
                -48.23997497558594,
                -21.816951751708984,
                6.061479091644287,
                0
            ],
            "type": 35665
        },
        "attrbute_8": {
            "bufferView": "bufferView_31",
            "byteOffset": 120840,
            "byteStride": 12,
            "count": 250,
            "max": [
                0.9903039336204529,
                0.9971781969070435,
                0.9945270419120789,
                0
            ],
            "min": [
                -0.9910420775413513,
                -0.9844115376472473,
                -0.5052747130393982,
                0
            ],
            "type": 35665
        },
        "attrbute_9": {
            "bufferView": "bufferView_31",
            "byteOffset": 123840,
            "byteStride": 8,
            "count": 250,
            "max": [
                0.9831052422523499,
                0.9920729994773865
            ],
            "min": [
                0.022307435050606728,
                0.014048218727111816
            ],
            "type": 35664
        },
        "indices_12": {
            "bufferView": "bufferView_33",
            "byteOffset": 17856,
            "count": 1098,
            "type": 5123
        },
        "indices_18": {
            "bufferView": "bufferView_33",
            "byteOffset": 20052,
            "count": 1758,
            "type": 5123
        },
        "indices_24": {
            "bufferView": "bufferView_33",
            "byteOffset": 23568,
            "count": 708,
            "type": 5123
        },
        "indices_30": {
            "bufferView": "bufferView_33",
            "byteOffset": 24984,
            "count": 3678,
            "type": 5123
        },
        "indices_6": {
            "bufferView": "bufferView_33",
            "byteOffset": 0,
            "count": 8928,
            "type": 5123
        }
    },
    "animations": {},
    "asset": {},
    "bufferViews": {
        "bufferView_31": {
            "buffer": "dazzle.bin",
            "byteLength": 222600,
            "byteOffset": 0,
            "target": 34962
        },
        "bufferView_32": {
            "buffer": "dazzle.bin",
            "byteLength": 5504,
            "byteOffset": 222600
        },
        "bufferView_33": {
            "buffer": "dazzle.bin",
            "byteLength": 32340,
            "byteOffset": 228104,
            "target": 34963
        }
    },
    "buffers": {
        "dazzle.bin": {
            "byteLength": 260444,
            "path": "dazzle.bin"
        }
    },
    "cameras": {},
    "images": {
        "image_0": {
            "path": "textures/dazzle_base_color.png"
        },
        "image_1": {
            "path": "textures/dazzle_dress_color.png"
        },
        "image_2": {
            "path": "textures/dazzle_mohawk_color.png"
        },
        "image_3": {
            "path": "textures/dazzle_sleeve_color.png"
        },
        "image_4": {
            "path": "textures/dazzle_staff_color.png"
        }
    },
    "lights": {},
    "materials": {
        "Material #35": {
            "instanceTechnique": {
                "technique": "technique_0",
                "values": {
                    "ambient": [
                        0.5879999995231628,
                        0.5879999995231628,
                        0.5879999995231628
                    ],
                    "diffuse": "Map #6",
                    "emission": [
                        0,
                        0,
                        0
                    ],
                    "shininess": 2,
                    "specular": [
                        0.8999999761581421,
                        0.8999999761581421,
                        0.8999999761581421
                    ],
                    "transparency": 1
                }
            },
            "name": "Material #35"
        },
        "Material #46": {
            "instanceTechnique": {
                "technique": "technique_0",
                "values": {
                    "ambient": [
                        0.5879999995231628,
                        0.5879999995231628,
                        0.5879999995231628
                    ],
                    "diffuse": "Map #7",
                    "emission": [
                        0,
                        0,
                        0
                    ],
                    "shininess": 2,
                    "specular": [
                        0.8999999761581421,
                        0.8999999761581421,
                        0.8999999761581421
                    ],
                    "transparency": 1
                }
            },
            "name": "Material #46"
        },
        "Material #57": {
            "instanceTechnique": {
                "technique": "technique_0",
                "values": {
                    "ambient": [
                        0.5879999995231628,
                        0.5879999995231628,
                        0.5879999995231628
                    ],
                    "diffuse": "Map #8",
                    "emission": [
                        0,
                        0,
                        0
                    ],
                    "shininess": 2,
                    "specular": [
                        0.8999999761581421,
                        0.8999999761581421,
                        0.8999999761581421
                    ],
                    "transparency": 1
                }
            },
            "name": "Material #57"
        },
        "Material #68": {
            "instanceTechnique": {
                "technique": "technique_0",
                "values": {
                    "ambient": [
                        0.5879999995231628,
                        0.5879999995231628,
                        0.5879999995231628
                    ],
                    "diffuse": "Map #9",
                    "emission": [
                        0,
                        0,
                        0
                    ],
                    "shininess": 2,
                    "specular": [
                        0.8999999761581421,
                        0.8999999761581421,
                        0.8999999761581421
                    ],
                    "transparency": 1
                }
            },
            "name": "Material #68"
        },
        "Material #79": {
            "instanceTechnique": {
                "technique": "technique_0",
                "values": {
                    "ambient": [
                        0.5879999995231628,
                        0.5879999995231628,
                        0.5879999995231628
                    ],
                    "diffuse": "Map #10",
                    "emission": [
                        0,
                        0,
                        0
                    ],
                    "shininess": 2,
                    "specular": [
                        0.8999999761581421,
                        0.8999999761581421,
                        0.8999999761581421
                    ],
                    "transparency": 1
                }
            },
            "name": "Material #79"
        }
    },
    "meshes": {
        "dazzle_dress_model_LOD0-mesh": {
            "name": "dazzle_dress_model_LOD0-mesh",
            "primitives": [
                {
                    "attributes": {
                        "JOINT": "attrbute_10",
                        "NORMAL": "attrbute_8",
                        "POSITION": "attrbute_7",
                        "TEXCOORD_0": "attrbute_9",
                        "WEIGHT": "attrbute_11"
                    },
                    "indices": "indices_12",
                    "material": "Material #46"
                }
            ]
        },
        "dazzle_model_LOD0-mesh": {
            "name": "dazzle_model_LOD0-mesh",
            "primitives": [
                {
                    "attributes": {
                        "JOINT": "attrbute_4",
                        "NORMAL": "attrbute_2",
                        "POSITION": "attrbute_1",
                        "TEXCOORD_0": "attrbute_3",
                        "WEIGHT": "attrbute_5"
                    },
                    "indices": "indices_6",
                    "material": "Material #35"
                }
            ]
        },
        "dazzle_mohawk_model_LOD0-mesh": {
            "name": "dazzle_mohawk_model_LOD0-mesh",
            "primitives": [
                {
                    "attributes": {
                        "JOINT": "attrbute_16",
                        "NORMAL": "attrbute_14",
                        "POSITION": "attrbute_13",
                        "TEXCOORD_0": "attrbute_15",
                        "WEIGHT": "attrbute_17"
                    },
                    "indices": "indices_18",
                    "material": "Material #57"
                }
            ]
        },
        "dazzle_sleeve_model_LOD0-mesh": {
            "name": "dazzle_sleeve_model_LOD0-mesh",
            "primitives": [
                {
                    "attributes": {
                        "JOINT": "attrbute_22",
                        "NORMAL": "attrbute_20",
                        "POSITION": "attrbute_19",
                        "TEXCOORD_0": "attrbute_21",
                        "WEIGHT": "attrbute_23"
                    },
                    "indices": "indices_24",
                    "material": "Material #68"
                }
            ]
        },
        "dazzle_staff_model_LOD0-mesh": {
            "name": "dazzle_staff_model_LOD0-mesh",
            "primitives": [
                {
                    "attributes": {
                        "JOINT": "attrbute_28",
                        "NORMAL": "attrbute_26",
                        "POSITION": "attrbute_25",
                        "TEXCOORD_0": "attrbute_27",
                        "WEIGHT": "attrbute_29"
                    },
                    "indices": "indices_30",
                    "material": "Material #79"
                }
            ]
        }
    },
    "nodes": {
        "Mid_0_L": {
            "children": [
                "Mid_1_L"
            ],
            "jointId": "Mid_0_L",
            "matrix": [
                0.9008087515830996,
                0.3040467500686646,
                0.3099986016750337,
                0,
                -0.3095150014554914,
                -0.051097999013091526,
                0.9495204204206927,
                0,
                0.304538977392719,
                -0.9512857445695588,
                0.0480775168306039,
                0,
                13.81063842773439,
                -0.8116989135742188,
                2.7206950187683105,
                1
            ],
            "name": "Mid_0_L"
        },
        "Mid_0_R": {
            "children": [
                "Mid_1_R"
            ],
            "jointId": "Mid_0_R",
            "matrix": [
                0.9061369299888612,
                0.331196367740631,
                0.263106107711792,
                0,
                -0.2795649162651,
                0.002142278733353006,
                0.9601243476209673,
                0,
                0.31742605732731116,
                -0.943559387833095,
                0.09453208490356062,
                0,
                -13.81063842773436,
                0.8117065429687571,
                -2.7206854820251456,
                1
            ],
            "name": "Mid_0_R"
        },
        "Mid_1_L": {
            "children": [
                "Mid_2_L"
            ],
            "jointId": "Mid_1_L",
            "matrix": [
                0.8755135536193848,
                -4.47034835926452e-7,
                -0.48319396376609797,
                0,
                2.8032767596108954e-7,
                1.0000002384185613,
                -4.172325767104468e-7,
                0,
                0.48319387248034545,
                2.298400366140818e-7,
                0.8755133882157948,
                0,
                6.479248046875014,
                -0.000005722045901990214,
                0.0000019073486257070726,
                1
            ],
            "name": "Mid_1_L"
        },
        "Mid_1_R": {
            "children": [
                "Mid_2_R"
            ],
            "jointId": "Mid_1_R",
            "matrix": [
                0.8755133152008054,
                5.215406418124235e-7,
                -0.48319381475448603,
                0,
                -3.695393591129914e-7,
                1.000000119209285,
                4.0978188968476825e-7,
                0,
                0.4831938625679608,
                -1.8021036443660599e-7,
                0.8755134018352755,
                0,
                -6.479255676269531,
                -0.0000019073486328125,
                -0.000005722045891332073,
                1
            ],
            "name": "Mid_1_R"
        },
        "Mid_2_L": {
            "children": [],
            "jointId": "Mid_2_L",
            "matrix": [
                0.9999999403953552,
                -2.7755575615628914e-17,
                -2.0861625660284489e-7,
                0,
                -9.353628982466944e-15,
                0.9999997615814218,
                -4.470348369256527e-8,
                0,
                2.0861631894186772e-7,
                4.470350492558062e-8,
                1.0000002384185587,
                0,
                4.8328704833984375,
                -0.000005722045894884786,
                0.000003814697272730427,
                1
            ],
            "name": "Mid_2_L"
        },
        "Mid_2_R": {
            "children": [],
            "jointId": "Mid_2_R",
            "matrix": [
                1.0000003576278682,
                -4.470348358154297e-8,
                5.551115123125783e-17,
                0,
                4.470346756657584e-8,
                1.0000000000000004,
                -4.470348358154297e-8,
                0,
                2.1094237467877974e-15,
                4.470349410090613e-8,
                1.000000238418578,
                0,
                -4.8328704833984375,
                0.0000038146972620722863,
                0.000003814697265625,
                1
            ],
            "name": "Mid_2_R"
        },
        "Tail14_0": {
            "children": [
                "Tail14_1"
            ],
            "jointId": "Tail14_0",
            "matrix": [
                -0.8194008469581604,
                -0.1623142659664155,
                -0.5497602224349979,
                0,
                0.07397657076616819,
                -0.9809954774292271,
                0.1793747384226212,
                0,
                -0.5684273914240585,
                0.10631044042941984,
                0.8158360073372802,
                0,
                -70.9068374633789,
                -10.70147705078125,
                -42.80914306640625,
                1
            ],
            "name": "Tail14_0"
        },
        "Tail14_1": {
            "children": [],
            "jointId": "Tail14_1",
            "matrix": [
                0.9843658208847048,
                0.012824907898902893,
                0.17566975951194774,
                0,
                -0.01253186368442559,
                0.9999176860534312,
                -0.002777449849877704,
                0,
                -0.17569091306356704,
                0.0005325572007983496,
                0.9844454750960627,
                0,
                20.088596343994148,
                0.00000762939453125,
                7.105427357601002e-15,
                1
            ],
            "name": "Tail14_1"
        },
        "Thumb_0_L": {
            "children": [
                "Thumb_1_L"
            ],
            "jointId": "Thumb_0_L",
            "matrix": [
                0.8008058071136478,
                0.4451627731323244,
                -0.40067458152771007,
                0,
                0.545230635106797,
                -0.8187092864710457,
                0.1801086611983076,
                0,
                -0.24785826920647414,
                -0.36269202988670707,
                -0.8983433133358061,
                0,
                6.695610046386733,
                3.5940055847167827,
                -4.601935863494873,
                1
            ],
            "name": "Thumb_0_L"
        },
        "Thumb_0_R": {
            "children": [
                "Thumb_1_R"
            ],
            "jointId": "Thumb_0_R",
            "matrix": [
                0.8715890049934387,
                0.3154732286930085,
                -0.3752451837062837,
                0,
                0.4525944792966935,
                -0.8119548595197851,
                0.3686292504111558,
                0,
                -0.18838952137448856,
                -0.4911271803239017,
                -0.8504725086930174,
                0,
                -6.695625305175781,
                -3.5939903259277344,
                4.601949214935304,
                1
            ],
            "name": "Thumb_0_R"
        },
        "Thumb_1_L": {
            "children": [
                "Thumb_2_L"
            ],
            "jointId": "Thumb_1_L",
            "matrix": [
                0.9937721490859985,
                5.06639480479798e-7,
                -0.11143244802951804,
                0,
                -5.098144685855566e-7,
                0.999999880790609,
                0,
                0,
                0.11143245500007559,
                5.680988457434921e-8,
                0.993772211250788,
                0,
                4.0759201049804545,
                0.000015258789055394573,
                -0.000022888183600855427,
                1
            ],
            "name": "Thumb_1_L"
        },
        "Thumb_1_R": {
            "children": [
                "Thumb_2_R"
            ],
            "jointId": "Thumb_1_R",
            "matrix": [
                0.9937720298767093,
                5.551115123125783e-17,
                -0.11143231391906738,
                0,
                9.691086938490301e-8,
                0.999999999999999,
                8.642673570147252e-7,
                0,
                0.11143230824371575,
                -8.696836840751954e-7,
                0.9937719792629734,
                0,
                -4.075889587402344,
                0.000003814697272730427,
                -0.000015258789055394573,
                1
            ],
            "name": "Thumb_1_R"
        },
        "Thumb_2_L": {
            "children": [],
            "jointId": "Thumb_2_L",
            "matrix": [
                0.8706071376800536,
                0.4079492688179015,
                -0.27499082684516907,
                0,
                -0.38900530346021134,
                0.913004397792529,
                0.12287203579397879,
                0,
                0.3011934518868867,
                -3.8133791418343277e-7,
                0.9535627659912275,
                0,
                4.420021057128906,
                -0.000003814697265625,
                0.000030517578125,
                1
            ],
            "name": "Thumb_2_L"
        },
        "Thumb_2_R": {
            "children": [],
            "jointId": "Thumb_2_R",
            "matrix": [
                0.8706074953079227,
                0.4079496860504152,
                -0.27499139308929443,
                0,
                -0.3890059526650463,
                0.9130046649900054,
                0.12287100318327854,
                0,
                0.3011935565008139,
                8.725158628652974e-7,
                0.9535633854746979,
                0,
                -4.419990539550767,
                -0.000007629394524144573,
                -0.000007629394524144573,
                1
            ],
            "name": "Thumb_2_R"
        },
        "ankle_L": {
            "children": [
                "toeBase_L"
            ],
            "jointId": "ankle_L",
            "matrix": [
                -0.11643704771995522,
                -0.24903045594692194,
                0.9614709615707397,
                0,
                0.03823424457584719,
                0.9662141580367033,
                0.2548892734920471,
                0,
                -0.992461853025154,
                0.06643965737219105,
                -0.10298161247721294,
                0,
                51.81867980957032,
                0.000007629394534802714,
                0.000007629394527697286,
                1
            ],
            "name": "ankle_L"
        },
        "ankle_R": {
            "children": [
                "toeBase_R"
            ],
            "jointId": "ankle_R",
            "matrix": [
                -0.10567805171012873,
                -0.3220920860767361,
                0.9407915472984316,
                0,
                0.0022109906933727727,
                0.9460110357270706,
                0.3241274031568662,
                0,
                -0.9943976147322524,
                0.03633321764913229,
                -0.09926041635022476,
                0,
                -51.81867599487303,
                -0.0000057220458984375,
                0.00000762939453125,
                1
            ],
            "name": "ankle_R"
        },
        "bicep_L": {
            "children": [
                "elbow_L"
            ],
            "jointId": "bicep_L",
            "matrix": [
                0.36985361576080344,
                -0.7567538619041447,
                -0.5390098094940188,
                0,
                -0.9290288767497787,
                -0.30787488252677797,
                -0.20522665993875033,
                0,
                -0.01064151856255903,
                0.5766597308474063,
                -0.8169151556894133,
                0,
                17.69456100463868,
                0.000015258789076710855,
                0,
                1
            ],
            "name": "bicep_L"
        },
        "bicep_R": {
            "children": [
                "elbow_R"
            ],
            "jointId": "bicep_R",
            "matrix": [
                0.369853436946869,
                -0.7567541599273687,
                -0.5390098094940187,
                0,
                -0.9290290893470562,
                -0.30787461350085177,
                -0.20522670509404872,
                0,
                -0.010641272983729973,
                0.5766595416265778,
                -0.816915036829456,
                0,
                -17.69456100463868,
                -0.000007629394545460855,
                -0.000011444091803980427,
                1
            ],
            "name": "bicep_R"
        },
        "butt_fix": {
            "children": [],
            "jointId": "butt_fix",
            "matrix": [
                -0.43746596574783325,
                -2.086000279713724e-7,
                -0.8992349505424501,
                0,
                -2.62442839534401e-7,
                1,
                -1.0430001376645157e-7,
                0,
                0.8992349505424325,
                1.9037006757907594e-7,
                -0.43746596574786906,
                0,
                -7.39076042175293,
                -0.0000019073486328125,
                -12.802764892578125,
                1
            ],
            "name": "butt_fix"
        },
        "clavicle_L": {
            "children": [
                "bicep_L"
            ],
            "jointId": "clavicle_L",
            "matrix": [
                0.16799724102020253,
                0.9645470976829528,
                0.20353254675865176,
                0,
                -0.034924004735002956,
                -0.20051393461821557,
                0.9790683273773536,
                0,
                0.9851685689491918,
                -0.17158893956795895,
                5.960464410925681e-8,
                0,
                6.415325164794929,
                3.3763575553894047,
                -9.105743408203125,
                1
            ],
            "name": "clavicle_L"
        },
        "clavicle_R": {
            "children": [
                "bicep_R"
            ],
            "jointId": "clavicle_R",
            "matrix": [
                -0.16799736022949216,
                0.9645472168922423,
                -0.20353227853775024,
                0,
                0.03492403003222988,
                -0.2005136075647979,
                -0.9790682264812319,
                0,
                -0.9851686907144646,
                -0.1715890739045112,
                -1.1920929032793737e-7,
                0,
                6.415340423583984,
                -3.3763566017150883,
                -9.105735778808594,
                1
            ],
            "name": "clavicle_R"
        },
        "dazzle_dress_model_LOD0": {
            "children": [],
            "instanceSkin": {
                "skeletons": [
                    "root"
                ],
                "skin": "skin_1",
                "sources": [
                    "dazzle_dress_model_LOD0-mesh"
                ]
            },
            "matrix": [
                1,
                0,
                0,
                0,
                0,
                1,
                0,
                0,
                0,
                0,
                1,
                0,
                0,
                0,
                0,
                1
            ],
            "name": "dazzle_dress_model_LOD0"
        },
        "dazzle_model_LOD0": {
            "children": [],
            "instanceSkin": {
                "skeletons": [
                    "root"
                ],
                "skin": "skin_0",
                "sources": [
                    "dazzle_model_LOD0-mesh"
                ]
            },
            "matrix": [
                1,
                0,
                0,
                0,
                0,
                1,
                0,
                0,
                0,
                0,
                1,
                0,
                0,
                0,
                0,
                1
            ],
            "name": "dazzle_model_LOD0"
        },
        "dazzle_mohawk_model_LOD0": {
            "children": [],
            "instanceSkin": {
                "skeletons": [
                    "root"
                ],
                "skin": "skin_2",
                "sources": [
                    "dazzle_mohawk_model_LOD0-mesh"
                ]
            },
            "matrix": [
                1,
                0,
                0,
                0,
                0,
                1,
                0,
                0,
                0,
                0,
                1,
                0,
                0,
                0,
                0,
                1
            ],
            "name": "dazzle_mohawk_model_LOD0"
        },
        "dazzle_sleeve_model_LOD0": {
            "children": [],
            "instanceSkin": {
                "skeletons": [
                    "root"
                ],
                "skin": "skin_3",
                "sources": [
                    "dazzle_sleeve_model_LOD0-mesh"
                ]
            },
            "matrix": [
                1,
                0,
                0,
                0,
                0,
                1,
                0,
                0,
                0,
                0,
                1,
                0,
                0,
                0,
                0,
                1
            ],
            "name": "dazzle_sleeve_model_LOD0"
        },
        "dazzle_staff_model_LOD0": {
            "children": [],
            "instanceSkin": {
                "skeletons": [
                    "root"
                ],
                "skin": "skin_4",
                "sources": [
                    "dazzle_staff_model_LOD0-mesh"
                ]
            },
            "matrix": [
                1,
                0,
                0,
                0,
                0,
                1,
                0,
                0,
                0,
                0,
                1,
                0,
                0,
                0,
                0,
                1
            ],
            "name": "dazzle_staff_model_LOD0"
        },
        "elbow_L": {
            "children": [
                "wrist_L"
            ],
            "jointId": "elbow_L",
            "matrix": [
                0.7897645235061646,
                3.8743019104003906e-7,
                -0.6134099960327147,
                0,
                -5.426460432667035e-7,
                1.000000119209271,
                -6.705524335792745e-8,
                0,
                0.6134100215440486,
                3.85822329557195e-7,
                0.7897645563522149,
                0,
                33.64275360107422,
                -0.000007629394545460855,
                -0.0000152587890625,
                1
            ],
            "name": "elbow_L"
        },
        "elbow_R": {
