{
    "accessors": [
        {
            "bufferView": 0,
            "byteOffset": 0,
            "componentType": 5126,
            "count": 1964,
            "max": [
                59.41211700439453,
                37.508880615234375,
                162.2617645263672
            ],
            "min": [
                -59.404476165771484,
                -29.265140533447266,
                -0.20309577882289886
            ],
            "type": "VEC3"
        },
        {
            "bufferView": 0,
            "byteOffset": 23568,
            "componentType": 5126,
            "count": 1964,
            "max": [
                0.9989620447158813,
                0.9945657253265381,
                0.9992570877075195
            ],
            "min": [
                -0.9989619851112366,
                -0.9999730587005615,
                -0.9992372989654541
            ],
            "type": "VEC3"
        },
        {
            "bufferView": 0,
            "byteOffset": 47136,
            "componentType": 5126,
            "count": 1964,
            "max": [
                1.9941970109939575,
                0.9975429773330688
            ],
            "min": [
                0.008147000335156918,
                0.007357001304626465
            ],
            "type": "VEC2"
        },
        {
            "bufferView": 0,
            "byteOffset": 62848,
            "componentType": 5123,
            "count": 1964,
            "max": [
                29,
                29,
                27,
                0
            ],
            "min": [
                0,
                0,
                0,
                0
            ],
            "type": "VEC4"
        },
        {
            "bufferView": 0,
            "byteOffset": 78560,
            "componentType": 5126,
            "count": 1964,
            "max": [
                1,
                0.999403178691864,
                0.7658294439315796,
                0
            ],
            "min": [
                0.0003669912985060364,
                0,
                0,
                0
            ],
            "type": "VEC4"
        },
        {
            "bufferView": 2,
            "byteOffset": 0,
            "componentType": 5123,
            "count": 8928,
            "max": [
                1963
            ],
            "min": [
                0
            ],
            "type": "SCALAR"
        },
        {
            "bufferView": 1,
            "byteOffset": 0,
            "componentType": 5126,
            "count": 30,
            "max": [
                0.964547345130631,
                0.9999999999999736,
                0.9512860453366487,
                0,
                0.9238190530321113,
                0.949520729959326,
                0.9999999999998388,
                0,
                1.0000001192092238,
                0.8635834104671217,
                1,
                0,
                99.31679973983758,
                120.14772189595674,
                53.82613047345185,
                1
            ],
            "min": [
                -0.7458893897749698,
                -0.9999999999999016,
                -0.28877783481652103,
                0,
                -0.9999999999999732,
                -0.960124417757183,
                -1.0000000596045429,
                0,
                -0.9999999999997295,
                -0.863583373002806,
                -0.9238191547708032,
                0,
                -112.94340446499177,
                -120.1477189481007,
                -149.2485961913748,
                1
            ],
            "type": "MAT4"
        },
        {
            "bufferView": 0,
            "byteOffset": 109984,
            "componentType": 5126,
            "count": 250,
            "max": [
                48.23996353149414,
                47.79257583618164,
                117.9858169555664
            ],
            "min": [
                -48.23997497558594,
                -21.816951751708984,
                6.061479091644287
            ],
            "type": "VEC3"
        },
        {
            "bufferView": 0,
            "byteOffset": 112984,
            "componentType": 5126,
            "count": 250,
            "max": [
                0.9903039336204529,
                0.9971781969070435,
                0.9945270419120789
            ],
            "min": [
                -0.9910420775413513,
                -0.9844115376472473,
                -0.5052747130393982
            ],
            "type": "VEC3"
        },
        {
            "bufferView": 0,
            "byteOffset": 115984,
            "componentType": 5126,
            "count": 250,
            "max": [
                0.9831052422523499,
                0.9859517812728882
            ],
            "min": [
                0.022307435050606728,
                0.007927000522613525
            ],
            "type": "VEC2"
        },
        {
            "bufferView": 0,
            "byteOffset": 117984,
            "componentType": 5123,
            "count": 250,
            "max": [
                11,
                12,
                13,
                0
            ],
            "min": [
                0,
                0,
                0,
                0
            ],
            "type": "VEC4"
        },
        {
            "bufferView": 0,
            "byteOffset": 119984,
            "componentType": 5126,
            "count": 250,
            "max": [
                1,
                0.9853862524032593,
                0.9110565781593323,
                0
            ],
            "min": [
                0.007587375584989786,
                0,
                0,
                0
            ],
            "type": "VEC4"
        },
        {
            "bufferView": 2,
            "byteOffset": 17856,
            "componentType": 5123,
            "count": 1098,
            "max": [
                249
            ],
            "min": [
                0
            ],
            "type": "SCALAR"
        },
        {
            "bufferView": 1,
            "byteOffset": 1920,
            "componentType": 5126,
            "count": 14,
            "max": [
                0.2768991691702998,
                0.9999999999999925,
                0.38640209794250296,
                0,
                0.48751157084348534,
                0.3561822891593362,
                0.9990307088038868,
                0,
                0.9990307088038947,
                0.23504402637434843,
                1,
                0,
                86.29779338165373,
                38.35511959253731,
                40.01682388541317,
                1
            ],
            "min": [
                -0.21412916284350286,
                -0.9999999999999871,
                -0.37646508221587766,
                0,
                -0.9999999999999732,
                -0.3496084381555785,
                -0.9908479103807695,
                0,
                -0.9908479103807879,
                -0.23456340542268483,
                -0.509566235831646,
                0,
                -110.65853800464365,
                -38.286171155941965,
                -103.455078125,
                1
            ],
            "type": "MAT4"
        },
        {
            "bufferView": 0,
            "byteOffset": 123984,
            "componentType": 5126,
            "count": 424,
            "max": [
                4.277461528778076,
                64.13887786865234,
                209.36102294921875
            ],
            "min": [
                -4.2775702476501465,
                -40.853004455566406,
                84.75752258300781
            ],
            "type": "VEC3"
        },
        {
            "bufferView": 0,
            "byteOffset": 129072,
            "componentType": 5126,
            "count": 424,
            "max": [
                0.999755859375,
                0.9930094480514526,
                0.9998259544372559
            ],
            "min": [
                -0.9997559189796448,
                -0.9986996650695801,
                -0.9988119602203369
            ],
            "type": "VEC3"
        },
        {
            "bufferView": 0,
            "byteOffset": 134160,
            "componentType": 5126,
            "count": 424,
            "max": [
                0.9833760261535645,
                0.982558012008667
            ],
            "min": [
                0.016745999455451965,
                0.019729971885681152
            ],
            "type": "VEC2"
        },
        {
            "bufferView": 0,
            "byteOffset": 137552,
            "componentType": 5123,
            "count": 424,
            "max": [
                10,
                10,
                11,
                0
            ],
            "min": [
                0,
                0,
                0,
                0
            ],
            "type": "VEC4"
        },
        {
            "bufferView": 0,
            "byteOffset": 140944,
            "componentType": 5126,
            "count": 424,
            "max": [
                1,
                0.9998738169670105,
                0.9925840497016907,
                0
            ],
            "min": [
                0.0001262119913008064,
                0,
                0,
                0
            ],
            "type": "VEC4"
        },
        {
            "bufferView": 2,
            "byteOffset": 20052,
            "componentType": 5123,
            "count": 1758,
            "max": [
                423
            ],
            "min": [
                0
            ],
            "type": "SCALAR"
        },
        {
            "bufferView": 1,
            "byteOffset": 2816,
            "componentType": 5126,
            "count": 12,
            "max": [
                0.3084097472710425,
                0.9999999999999942,
                0.2939671177739232,
                0,
                0.9743453477300312,
                0.3570326797958764,
                0.9990307088038868,
                0,
                0.9990307088038947,
                0.23250997011201646,
                1,
                0,
                85.49410525394711,
                0.00002918779330499536,
                134.42930663308834,
                1
            ],
            "min": [
                -1.962421868403911e-8,
                0.9046915484109692,
                -1.196907798616158e-7,
                0,
                -0.999999999999996,
                -2.2366015382936718e-8,
                -0.9180745144511115,
                0,
                -0.9355301780120963,
                -2.0785851959363953e-7,
                -0.9743453477299591,
                0,
                -157.47197092032562,
                -39.747654225118524,
                -149.24864196777284,
                1
            ],
            "type": "MAT4"
        },
        {
            "bufferView": 0,
            "byteOffset": 147728,
            "componentType": 5126,
            "count": 148,
            "max": [
                -18.885019302368164,
                21.34676170349121,
                143.93930053710938
            ],
            "min": [
                -59.95606231689453,
                -11.549104690551758,
                77.01658630371094
            ],
            "type": "VEC3"
        },
        {
            "bufferView": 0,
            "byteOffset": 149504,
            "componentType": 5126,
            "count": 148,
            "max": [
                0.9922975301742554,
                0.9818769693374634,
                0.9267417788505554
            ],
            "min": [
                -0.9700652360916138,
                -0.9982141256332397,
                -0.9243452548980713
            ],
            "type": "VEC3"
        },
        {
            "bufferView": 0,
            "byteOffset": 151280,
            "componentType": 5126,
            "count": 148,
            "max": [
                0.9918023347854614,
                1.0014268159866333
            ],
            "min": [
                0.020163999870419502,
                0.006414949893951416
            ],
            "type": "VEC2"
        },
        {
            "bufferView": 0,
            "byteOffset": 152464,
            "componentType": 5123,
            "count": 148,
            "max": [
                5,
                6,
                7,
                0
            ],
            "min": [
                0,
                0,
                0,
                0
            ],
            "type": "VEC4"
        },
        {
            "bufferView": 0,
            "byteOffset": 153648,
            "componentType": 5126,
            "count": 148,
            "max": [
                1,
                0.9996355175971985,
                0.4139488637447357,
                0
            ],
            "min": [
                0.00021010504860896617,
                0,
                0,
                0
            ],
            "type": "VEC4"
        },
        {
            "bufferView": 2,
            "byteOffset": 23568,
            "componentType": 5123,
            "count": 708,
            "max": [
                147
            ],
            "min": [
                0
            ],
            "type": "SCALAR"
        },
        {
            "bufferView": 1,
            "byteOffset": 3584,
            "componentType": 5126,
            "count": 8,
            "max": [
                0.9645473581221196,
                0.9999999999999732,
                0.9435593328716942,
                0,
                0.5250957797306272,
                1.6292068478213135e-7,
                0.8844435546440927,
                0,
                0.9999997615813352,
                0.5934383602771282,
                1,
                0,
                38.0526659916878,
                120.14775472468544,
                53.82615247793907,
                1
            ],
            "min": [
                -0.7458891020977944,
                -0.9999999999999019,
                -0.17158912825282774,
                0,
                -0.9999999999999732,
                -0.9601244822127301,
                -0.99999999999999,
                0,
                -0.25672367993895134,
                -0.8635834515079998,
                -0.43395461700096016,
                0,
                -99.31683965137753,
                -99.82781862042337,
                -103.455078125,
                1
            ],
            "type": "MAT4"
        },
        {
            "bufferView": 0,
            "byteOffset": 156016,
            "componentType": 5126,
            "count": 924,
            "max": [
                -62.152854919433594,
                79.96791076660156,
                194.61874389648438
            ],
            "min": [
                -124.02775573730469,
                -53.91666030883789,
                -23.803157806396484
            ],
            "type": "VEC3"
        },
        {
            "bufferView": 0,
            "byteOffset": 167104,
            "componentType": 5126,
            "count": 924,
            "max": [
                0.9933916330337524,
                0.9963487982749939,
                0.9981968402862549
            ],
            "min": [
                -0.9959948658943176,
                -0.9963489174842834,
                -0.9981967806816101
            ],
            "type": "VEC3"
        },
        {
            "bufferView": 0,
            "byteOffset": 178192,
            "componentType": 5126,
            "count": 924,
            "max": [
                0.9863880276679993,
                0.9772440195083618
            ],
            "min": [
                0.024376999586820602,
                0.014813005924224854
            ],
            "type": "VEC2"
        },
        {
            "bufferView": 0,
            "byteOffset": 185584,
            "componentType": 5123,
            "count": 924,
            "max": [
                6,
                2,
                0,
                0
            ],
            "min": [
                0,
                0,
                0,
                0
            ],
            "type": "VEC4"
        },
        {
            "bufferView": 0,
            "byteOffset": 192976,
            "componentType": 5126,
            "count": 924,
            "max": [
                1,
                0.8060000538825989,
                0,
                0
            ],
            "min": [
                0.1939999759197235,
                0,
                0,
                0
            ],
            "type": "VEC4"
        },
        {
            "bufferView": 2,
            "byteOffset": 24984,
            "componentType": 5123,
            "count": 3678,
            "max": [
                923
            ],
            "min": [
                0
            ],
            "type": "SCALAR"
        },
        {
            "bufferView": 1,
            "byteOffset": 4096,
            "componentType": 5126,
            "count": 7,
            "max": [
                0.162314271062183,
                0.981482776355037,
                -9.546056451040084e-9,
                0,
                0.5497598820665393,
                9.546056451040983e-9,
                -0.5081330157079386,
                0,
                0.9999999999999019,
                0.08581798772660167,
                0.8474473286843294,
                0,
                43.66948486426165,
                89.72480722150026,
                48.45809700176418,
                1
            ],
            "min": [
                -0.1142697655758637,
                -0.9999999999999991,
                -0.1537327792598914,
                0,
                -0.8427459267579592,
                -0.1839834917632104,
                -0.999999999999905,
                0,
                -0.9054968965375106,
                6.123233937284024e-17,
                -0.5684270407123074,
                0,
                -80.33860015868352,
                -84.5725861899223,
                -157.8186637326609,
                1
            ],
            "type": "MAT4"
        }
    ],
    "asset": {
        "generator": "ClayGL - fbx2gltf",
        "version": "2.0"
    },
    "bufferViews": [
        {
            "buffer": 0,
            "byteLength": 207760,
            "byteOffset": 0,
            "target": 34962
        },
        {
            "buffer": 0,
            "byteLength": 4544,
            "byteOffset": 207760,
            "target": 34962
        },
        {
            "buffer": 0,
            "byteLength": 32340,
            "byteOffset": 212304,
            "target": 34963
        }
    ],
    "buffers": [
        {
            "byteLength": 244644,
            "uri": "dazzle.bin"
        }
    ],
    "images": [
        {
            "uri": "textures/dazzle_base_color.png"
        },
        {
            "uri": "textures/dazzle_dress_color.png"
        },
        {
            "uri": "textures/dazzle_mohawk_color.png"
        },
        {
            "uri": "textures/dazzle_sleeve_color.png"
        },
        {
            "uri": "textures/dazzle_staff_color.png"
        }
    ],
    "materials": [
        {
            "emissiveFactor": [
                0,
                0,
                0
            ],
            "name": "Material #35",
            "pbrMetallicRoughness": {
                "baseColorFactor": [
                    1,
                    1,
                    1,
                    1
                ],
                "baseColorTexture": {
                    "index": 0,
                    "texCoord": 0
                },
                "metallicFactor": 0,
                "roughnessFactor": 0.9230769230769231
            }
        },
        {
            "emissiveFactor": [
                0,
                0,
                0
            ],
            "name": "Material #46",
            "pbrMetallicRoughness": {
                "baseColorFactor": [
                    1,
                    1,
                    1,
                    1
                ],
                "baseColorTexture": {
                    "index": 1,
                    "texCoord": 0
                },
                "metallicFactor": 0,
                "roughnessFactor": 0.9230769230769231
            }
        },
        {
            "emissiveFactor": [
                0,
                0,
                0
            ],
            "name": "Material #57",
            "pbrMetallicRoughness": {
                "baseColorFactor": [
                    1,
                    1,
                    1,
                    1
                ],
                "baseColorTexture": {
                    "index": 2,
                    "texCoord": 0
                },
                "metallicFactor": 0,
                "roughnessFactor": 0.9230769230769231
            }
        },
        {
            "emissiveFactor": [
                0,
                0,
                0
            ],
            "name": "Material #68",
            "pbrMetallicRoughness": {
                "baseColorFactor": [
                    1,
                    1,
                    1,
                    1
                ],
                "baseColorTexture": {
                    "index": 3,
                    "texCoord": 0
                },
                "metallicFactor": 0,
                "roughnessFactor": 0.9230769230769231
            }
        },
        {
            "emissiveFactor": [
                0,
                0,
                0
            ],
            "name": "Material #79",
            "pbrMetallicRoughness": {
                "baseColorFactor": [
                    1,
                    1,
                    1,
                    1
                ],
                "baseColorTexture": {
                    "index": 4,
                    "texCoord": 0
                },
                "metallicFactor": 0,
                "roughnessFactor": 0.9230769230769231
            }
        }
    ],
    "meshes": [
        {
            "name": "dazzle_model_LOD0",
            "primitives": [
                {
                    "attributes": {
                        "JOINTS_0": 3,
                        "NORMAL": 1,
                        "POSITION": 0,
                        "TEXCOORD_0": 2,
                        "WEIGHTS_0": 4
                    },
                    "indices": 5,
                    "material": 0
                }
            ]
        },
        {
            "name": "dazzle_dress_model_LOD0",
            "primitives": [
                {
                    "attributes": {
                        "JOINTS_0": 10,
                        "NORMAL": 8,
                        "POSITION": 7,
                        "TEXCOORD_0": 9,
                        "WEIGHTS_0": 11
                    },
                    "indices": 12,
                    "material": 1
                }
            ]
        },
        {
            "name": "dazzle_mohawk_model_LOD0",
            "primitives": [
                {
                    "attributes": {
                        "JOINTS_0": 17,
                        "NORMAL": 15,
                        "POSITION": 14,
                        "TEXCOORD_0": 16,
                        "WEIGHTS_0": 18
                    },
                    "indices": 19,
                    "material": 2
                }
            ]
        },
        {
            "name": "dazzle_sleeve_model_LOD0",
            "primitives": [
                {
                    "attributes": {
                        "JOINTS_0": 24,
                        "NORMAL": 22,
                        "POSITION": 21,
                        "TEXCOORD_0": 23,
                        "WEIGHTS_0": 25
                    },
                    "indices": 26,
                    "material": 3
                }
            ]
        },
        {
            "name": "dazzle_staff_model_LOD0",
            "primitives": [
                {
                    "attributes": {
                        "JOINTS_0": 31,
                        "NORMAL": 29,
                        "POSITION": 28,
                        "TEXCOORD_0": 30,
                        "WEIGHTS_0": 32
                    },
                    "indices": 33,
                    "material": 4
                }
            ]
        }
    ],
    "nodes": [
        {
            "children": [
                1,
                39,
                42,
                46,
                49,
                50,
                55,
                59
            ],
            "matrix": [
                1.6292068478213574e-7,
                1.469367938527879e-39,
                1.0000000000000002,
                0,
                1.0000000000000002,
                6.123233995736847e-17,
                -1.6292068478213574e-7,
                0,
                -6.123233995736685e-17,
                1,
                9.976014756666736e-24,
                0,
                0,
                103.455078125,
                -21.676036834716797,
                1
            ],
            "name": "root"
        },
        {
            "children": [
                2,
                38
            ],
            "matrix": [
                0.04401865974068336,
                7.171498950241998e-9,
                0.9990307092666626,
                0,
                -2.5025848270853535e-7,
                1.0000000000000002,
                3.8482741437916295e-9,
                0,
                -0.9990307092666627,
                -2.5018530535043136e-7,
                0.04401865974068514,
                0,
                0.22736167907714844,
                3.979180291935336e-7,
                8.255882263183594,
                1
            ],
            "name": "spine1"
        },
        {
            "children": [
                3,
                4,
                37
            ],
            "matrix": [
                0.9579200744628911,
                2.8832900511588377e-8,
                -0.2870350182056428,
                0,
                -3.009947929200273e-8,
                1,
                1.7652546197419107e-14,
                0,
                0.28703501820564264,
                8.639587676832199e-9,
                0.9579200744628914,
                0,
                15.140518188476562,
                6.611703611270042e-7,
                -0.000003814697265625,
                1
            ],
            "name": "spine2"
        },
        {
            "matrix": [
                0.1152506172657014,
                1.19987120683618e-7,
                0.9933364391326907,
                0,
                -6.9380284612704275e-9,
                1,
                -1.1998704962934357e-7,
                0,
                -0.9933364391326909,
                6.93678504735239e-9,
                0.11525061726570052,
                0,
                10.20016479492186,
                0.0000024487992504873546,
                17.402236938476562,
                1
            ],
            "name": "plume7_0"
        },
        {
            "children": [
                5,
                22,
                32,
                33
            ],
            "matrix": [
                0.7112710475921633,
                -2.1316282019863446e-14,
                -0.7029178738594057,
                0,
                5.103522473832802e-14,
                1,
                2.1316282072803006e-14,
                0,
                0.7029178738594055,
                -5.103522590299832e-14,
                0.7112710475921632,
                0,
                16.30402374267578,
                6.730183486070027e-7,
                0.00000762939453125,
                1
            ],
            "name": "spine3"
        },
        {
            "children": [
                6
            ],
            "matrix": [
                -0.1679973602294922,
                0.9645472168922423,
                -0.20353227853775016,
                0,
                0.034924030032229825,
                -0.2005136075647979,
                -0.9790682264812323,
                0,
                -0.985168690714465,
                -0.17158907390451125,
                -1.1920929021691506e-7,
                0,
                6.415340423583984,
                -3.376356601715088,
                -9.105735778808594,
                1
            ],
            "name": "clavicle_R"
        },
        {
            "children": [
                7
            ],
            "matrix": [
                0.36985343694686884,
                -0.7567541599273684,
                -0.5390098094940186,
                0,
                -0.9290290893470562,
                -0.3078746135008516,
                -0.20522670509404867,
                0,
                -0.010641272983729959,
                0.5766595416265775,
                -0.8169150368294559,
                0,
                -17.694561004638665,
                -0.0000076293945028282906,
                -0.000011444091796875,
                1
            ],
            "name": "bicep_R"
        },
        {
            "children": [
                8
            ],
            "matrix": [
                0.7897645235061648,
                -8.940696712145257e-8,
                -0.6134101748466494,
                0,
                1.537151698132594e-7,
                0.9999999999999882,
                5.215404280667357e-8,
                0,
                0.6134102937124755,
                -1.3547988803042088e-7,
                0.7897646765457274,
                0,
                -33.642761230468764,
                0.0000152587890625,
                -0.000011444091796875,
                1
            ],
            "name": "elbow_R"
        },
        {
            "children": [
                9,
                12,
                15
            ],
            "matrix": [
                0.7122119069099426,
                0.5934388637542725,
                0.37494689226150496,
                0,
                -0.46586397462935686,
                0.7991447087172724,
                -0.3799195596096494,
                0,
                -0.5250955355353962,
                0.09590892584381835,
                0.8456216473339352,
                0,
                -28.36304092407226,
                -0.00003814697265625,
                -0.0000019073486328125,
                1
            ],
            "name": "wrist_R"
        },
        {
            "children": [
                10
            ],
            "matrix": [
                0.9061369299888611,
                0.3311963677406312,
                0.26310610771179205,
                0,
                -0.27956491626509994,
                0.00214227873335299,
                0.9601243476209672,
                0,
                0.3174260573273113,
                -0.9435593878330952,
                0.09453208490356066,
                0,
                -13.81063842773436,
                0.8117065429687429,
                -2.7206854820251474,
                1
            ],
            "name": "Mid_0_R"
        },
        {
            "children": [
                11
            ],
            "matrix": [
                0.8755133152008059,
                5.215406417014012e-7,
                -0.4831938147544859,
                0,
                -3.695393592240137e-7,
                1.0000001192092853,
                4.0978188968476825e-7,
                0,
                0.48319386256796104,
                -1.8021036446436156e-7,
                0.8755134018352753,
                0,
                -6.479255676269531,
                -0.0000019073486328125,
                -0.000005722045894884786,
                1
            ],
            "name": "Mid_1_R"
        },
        {
            "matrix": [
                1.0000003576278682,
                -4.470348349827624e-8,
                -2.1510571102112408e-16,
                0,
                4.470346756657584e-8,
                1.0000000000000002,
                -4.470348355378739e-8,
                0,
                2.095545958979983e-15,
                4.470349421192843e-8,
                1.0000002384185775,
                0,
                -4.832870483398423,
                0.000003814697265625,
                0.000003814697269177714,
                1
            ],
            "name": "Mid_2_R"
        },
        {
            "children": [
                13
            ],
            "matrix": [
                0.8715890049934384,
                0.3154732286930084,
                -0.3752451837062835,
                0,
                0.4525944792966934,
                -0.8119548595197851,
                0.36862925041115563,
                0,
                -0.18838952137448844,
                -0.49112718032390185,
                -0.8504725086930173,
                0,
                -6.695625305175781,
                -3.5939903259277344,
                4.601949214935303,
                1
            ],
            "name": "Thumb_0_R"
        },
        {
            "children": [
                14
            ],
            "matrix": [
                0.9937720298767091,
                -1.3877787807814457e-17,
                -0.11143231391906733,
                0,
                9.691086949592531e-8,
                0.9999999999999991,
                8.642673570147252e-7,
                0,
                0.11143230824371583,
                -8.69683683901723e-7,
                0.9937719792629736,
                0,
                -4.075889587402344,
                0.000003814697270065892,
                -0.000015258789055394573,
                1
            ],
            "name": "Thumb_1_R"
        },
        {
            "matrix": [
                0.8706074953079226,
                0.40794968605041515,
                -0.27499139308929443,
                0,
                -0.38900595266504623,
                0.9130046649900052,
                0.1228710031832786,
                0,
                0.30119355650081386,
                8.725158628930529e-7,
                0.953563385474698,
                0,
                -4.419990539550781,
                -0.000007629394530361822,
                -0.00000762939453125,
                1
            ],
            "name": "Thumb_2_R"
        },
        {
            "children": [
                16,
                17,
                18,
                19,
                21
            ],
            "matrix": [
                0.9999997615814203,
                -4.974425564796545e-7,
                -2.719462202094291e-7,
                0,
                4.974426753958271e-7,
                0.9999999999999772,
                1.164229379569155e-9,
                0,
                2.719462844672727e-7,
                -1.1643646572561616e-9,
                1.0000000000000064,
                0,
                -14.22714996337892,
                30.69748306274414,
                -20.482460021972656,
                1
            ],
            "name": "rtStaff_1"
        },
        {
            "matrix": [
                -0.5260437726974493,
                0.11426977813243855,
                0.8427457809448241,
                0,
                0.07149349417419584,
                -0.9814829753631329,
                0.17770785997448166,
                0,
                0.8474471628332076,
                0.1537329334605594,
                0.508133394652236,
                0,
                68.54931640625003,
                20.56371307373047,
                40.51745223999024,
                1
            ],
            "name": "ring1_0"
        },
        {
            "matrix": [
                -0.5260437726974493,
                0.11426977813243855,
                0.8427457809448241,
                0,
                0.07149349417419584,
                -0.9814829753631329,
                0.17770785997448166,
                0,
                0.8474471628332076,
                0.1537329334605594,
                0.508133394652236,
                0,
                69.32879638671872,
                9.86297607421875,
                42.45492553710938,
                1
            ],
            "name": "ring2_0"
        },
        {
            "matrix": [
                -0.5260437726974493,
                0.11426977813243855,
                0.8427457809448241,
                0,
                0.07149349417419584,
                -0.9814829753631329,
                0.17770785997448166,
                0,
                0.8474471628332076,
                0.1537329334605594,
                0.508133394652236,
                0,
                70.22497558593747,
                7.671646118164048,
                43.31145095825196,
                1
            ],
            "name": "ring3_0"
        },
        {
            "children": [
                20
            ],
            "matrix": [
                -0.8194008469581604,
                -0.16231426596641543,
                -0.5497602224349979,
                0,
                0.07397657076616819,
                -0.9809954774292271,
                0.17937473842262125,
                0,
                -0.5684273914240585,
                0.1063104404294198,
                0.8158360073372803,
                0,
                -70.90683746337892,
                -10.701477050781264,
                -42.809143066406264,
                1
            ],
            "name": "Tail14_0"
        },
        {
            "matrix": [
                0.984365820884705,
                0.012824907898902865,
                0.1756697595119477,
                0,
                -0.012531863684425618,
                0.999917686053431,
                -0.0027774498498776834,
                0,
                -0.17569091306356716,
                0.0005325572007984503,
                0.984445475096063,
                0,
                20.088596343994148,
                0.000007629394517039145,
                -7.105427357601002e-15,
                1
            ],
            "name": "Tail14_1"
        },
        {
            "matrix": [
                -0.5260437726974493,
                0.11426977813243855,
                0.8427457809448241,
                0,
                0.07149349417419584,
                -0.9814829753631329,
                0.17770785997448166,
                0,
                0.8474471628332076,
                0.1537329334605594,
                0.508133394652236,
                0,
                69.96170043945312,
                22.76258850097655,
                41.10090637207031,
                1
            ],
            "name": "ring0_0"
        },
        {
            "children": [
                23
            ],
            "matrix": [
                0.16799724102020258,
                0.964547097682953,
                0.20353254675865168,
                0,
                -0.034924004735002956,
                -0.20051393461821557,
                0.9790683273773537,
                0,
                0.9851685689491921,
                -0.17158893956795898,
                5.960464405374566e-8,
                0,
                6.415325164794922,
                3.3763575553894047,
                -9.105743408203125,
                1
            ],
            "name": "clavicle_L"
        },
