{
    "accessors": {
        "attrbute_1": {
            "bufferView": "bufferView_31",
            "byteOffset": 0,
            "byteStride": 12,
            "count": 1645,
            "max": [
                47.35531997680664,
                91.10199737548828,
                307.4999694824219,
                0
            ],
            "min": [
                -47.32564926147461,
                -2.8682868480682373,
                196.6219940185547,
                0
            ],
            "type": 35665
        },
        "attrbute_10": {
            "bufferView": "bufferView_31",
            "byteOffset": 110380,
            "byteStride": 16,
            "count": 365,
            "max": [
                1,
                2,
                2,
                -1
            ],
            "min": [
                0,
                -1,
                -1,
                -1
            ],
            "type": 35666
        },
        "attrbute_11": {
            "bufferView": "bufferView_31",
            "byteOffset": 116220,
            "byteStride": 12,
            "count": 365,
            "max": [
                1,
                0.07811643928289413,
                0.013626271858811378
            ],
            "min": [
                0.9218835830688477,
                0,
                0
            ],
            "type": 35665
        },
        "attrbute_13": {
            "bufferView": "bufferView_31",
            "byteOffset": 120600,
            "byteStride": 12,
            "count": 218,
            "max": [
                23.817359924316406,
                150.70594787597656,
                301.8340148925781,
                0
            ],
            "min": [
                -23.159040451049805,
                38.6032829284668,
                272.9250183105469,
                0
            ],
            "type": 35665
        },
        "attrbute_14": {
            "bufferView": "bufferView_31",
            "byteOffset": 123216,
            "byteStride": 12,
            "count": 218,
            "max": [
                0.9978612661361694,
                0.9993298053741455,
                0.9993199110031128,
                0
            ],
            "min": [
                -0.98213791847229,
                -0.9654778242111206,
                -0.9998530745506287,
                0
            ],
            "type": 35665
        },
        "attrbute_15": {
            "bufferView": "bufferView_31",
            "byteOffset": 125832,
            "byteStride": 8,
            "count": 218,
            "max": [
                0.9927518963813782,
                0.9927675127983093
            ],
            "min": [
                0.037225909531116486,
                0.007544994354248047
            ],
            "type": 35664
        },
        "attrbute_16": {
            "bufferView": "bufferView_31",
            "byteOffset": 127576,
            "byteStride": 16,
            "count": 218,
            "max": [
                9,
                9,
                9,
                -1
            ],
            "min": [
                0,
                -1,
                -1,
                -1
            ],
            "type": 35666
        },
        "attrbute_17": {
            "bufferView": "bufferView_31",
            "byteOffset": 131064,
            "byteStride": 12,
            "count": 218,
            "max": [
                1,
                0.9996215105056763,
                0.7128373384475708
            ],
            "min": [
                0.00016312247316818684,
                0,
                0
            ],
            "type": 35665
        },
        "attrbute_19": {
            "bufferView": "bufferView_31",
            "byteOffset": 133680,
            "byteStride": 12,
            "count": 866,
            "max": [
                10.820804595947266,
                76.76978302001953,
                320.8930358886719,
                0
            ],
            "min": [
                -10.89809513092041,
                27.211885452270508,
                282.1919860839844,
                0
            ],
            "type": 35665
        },
        "attrbute_2": {
            "bufferView": "bufferView_31",
            "byteOffset": 19740,
            "byteStride": 12,
            "count": 1645,
            "max": [
                0.9979138374328613,
                0.9998882412910461,
                0.9995120763778687,
                0
            ],
            "min": [
                -0.9979137778282166,
                -0.9999971985816956,
                -0.9994990825653076,
                0
            ],
            "type": 35665
        },
        "attrbute_20": {
            "bufferView": "bufferView_31",
            "byteOffset": 144072,
            "byteStride": 12,
            "count": 866,
            "max": [
                0.9997823238372803,
                0.9978037476539612,
                0.9964017868041992,
                0
            ],
            "min": [
                -0.9997822046279907,
                -0.9997406601905823,
                -0.9784433841705322,
                0
            ],
            "type": 35665
        },
        "attrbute_21": {
            "bufferView": "bufferView_31",
            "byteOffset": 154464,
            "byteStride": 8,
            "count": 866,
            "max": [
                0.9957889914512634,
                0.9922844171524048
            ],
            "min": [
                -0.0007999506779015064,
                0.006408214569091797
            ],
            "type": 35664
        },
        "attrbute_22": {
            "bufferView": "bufferView_31",
            "byteOffset": 161392,
            "byteStride": 16,
            "count": 866,
            "max": [
                1,
                2,
                3,
                -1
            ],
            "min": [
                0,
                -1,
                -1,
                -1
            ],
            "type": 35666
        },
        "attrbute_23": {
            "bufferView": "bufferView_31",
            "byteOffset": 175248,
            "byteStride": 12,
            "count": 866,
            "max": [
                1,
                0.999549150466919,
                0.7510899901390076
            ],
            "min": [
                0.00045083052827976644,
                0,
                0
            ],
            "type": 35665
        },
        "attrbute_25": {
            "bufferView": "bufferView_31",
            "byteOffset": 185640,
            "byteStride": 12,
            "count": 1060,
            "max": [
                187.71084594726562,
                170.3489990234375,
                261.1980285644531,
                0
            ],
            "min": [
                -187.71083068847656,
                -74.32511138916016,
                138.30520629882812,
                0
            ],
            "type": 35665
        },
        "attrbute_26": {
            "bufferView": "bufferView_31",
            "byteOffset": 198360,
            "byteStride": 12,
            "count": 1060,
            "max": [
                0.9996835589408875,
                0.9954860806465149,
                0.9992513060569763,
                0
            ],
            "min": [
                -0.9997023344039917,
                -0.9998836517333984,
                -0.9997184872627258,
                0
            ],
            "type": 35665
        },
        "attrbute_27": {
            "bufferView": "bufferView_31",
            "byteOffset": 211080,
            "byteStride": 8,
            "count": 1060,
            "max": [
                1.9980638027191162,
                0.9952433109283447
            ],
            "min": [
                0.0029104305431246758,
                0.011039912700653076
            ],
            "type": 35664
        },
        "attrbute_28": {
            "bufferView": "bufferView_31",
            "byteOffset": 219560,
            "byteStride": 16,
            "count": 1060,
            "max": [
                26,
                27,
                28,
                -1
            ],
            "min": [
                0,
                -1,
                -1,
                -1
            ],
            "type": 35666
        },
        "attrbute_29": {
            "bufferView": "bufferView_31",
            "byteOffset": 236520,
            "byteStride": 12,
            "count": 1060,
            "max": [
                1,
                0.9998912811279297,
                0.9895254373550415
            ],
            "min": [
                0.00010869833204196766,
                0,
                0
            ],
            "type": 35665
        },
        "attrbute_3": {
            "bufferView": "bufferView_31",
            "byteOffset": 39480,
            "byteStride": 8,
            "count": 1645,
            "max": [
                1.99853515625,
                0.9987621307373047
            ],
            "min": [
                0.002403080463409424,
                0.0038251280784606934
            ],
            "type": 35664
        },
        "attrbute_4": {
            "bufferView": "bufferView_31",
            "byteOffset": 52640,
            "byteStride": 16,
            "count": 1645,
            "max": [
                25,
                25,
                26,
                -1
            ],
            "min": [
                0,
                -1,
                -1,
                -1
            ],
            "type": 35666
        },
        "attrbute_5": {
            "bufferView": "bufferView_31",
            "byteOffset": 78960,
            "byteStride": 12,
            "count": 1645,
            "max": [
                1,
                0.9998788237571716,
                0.999492883682251
            ],
            "min": [
                0.00010057414328912273,
                0,
                0
            ],
            "type": 35665
        },
        "attrbute_7": {
            "bufferView": "bufferView_31",
            "byteOffset": 98700,
            "byteStride": 12,
            "count": 365,
            "max": [
                40.118900299072266,
                106.46399688720703,
                263.7437744140625,
                0
            ],
            "min": [
                -36.94332504272461,
                61.23439407348633,
                217.83900451660156,
                0
            ],
            "type": 35665
        },
        "attrbute_8": {
            "bufferView": "bufferView_31",
            "byteOffset": 103080,
            "byteStride": 12,
            "count": 365,
            "max": [
                0.9913060069084167,
                0.9963986873626709,
                0.9938876032829285,
                0
            ],
            "min": [
                -0.9867085218429565,
                -0.9978350400924683,
                -0.9953830242156982,
                0
            ],
            "type": 35665
        },
        "attrbute_9": {
            "bufferView": "bufferView_31",
            "byteOffset": 107460,
            "byteStride": 8,
            "count": 365,
            "max": [
                0.9992165565490723,
                0.9900000095367432
            ],
            "min": [
                0.011731223203241825,
                0.009999990463256836
            ],
            "type": 35664
        },
        "indices_12": {
            "bufferView": "bufferView_33",
            "byteOffset": 15372,
            "count": 1506,
            "type": 5123
        },
        "indices_18": {
            "bufferView": "bufferView_33",
            "byteOffset": 18384,
            "count": 1038,
            "type": 5123
        },
        "indices_24": {
            "bufferView": "bufferView_33",
            "byteOffset": 20460,
            "count": 4320,
            "type": 5123
        },
        "indices_30": {
            "bufferView": "bufferView_33",
            "byteOffset": 29100,
            "count": 4020,
            "type": 5123
        },
        "indices_6": {
            "bufferView": "bufferView_33",
            "byteOffset": 0,
            "count": 7686,
            "type": 5123
        }
    },
    "animations": {},
    "asset": {},
    "bufferViews": {
        "bufferView_31": {
            "buffer": "batrider.bin",
            "byteLength": 249240,
            "byteOffset": 0,
            "target": 34962
        },
        "bufferView_32": {
            "buffer": "batrider.bin",
            "byteLength": 5120,
            "byteOffset": 249240
        },
        "bufferView_33": {
            "buffer": "batrider.bin",
            "byteLength": 37140,
            "byteOffset": 254360,
            "target": 34963
        }
    },
    "buffers": {
        "batrider.bin": {
            "byteLength": 291500,
            "path": "batrider.bin"
        }
    },
    "cameras": {},
    "images": {
        "image_0": {
            "path": "textures/batrider_color.png"
        },
        "image_1": {
            "path": "textures/batrider_belt_color.png"
        },
        "image_2": {
            "path": "textures/batrider_cloak_color.png"
        },
        "image_3": {
            "path": "textures/batrider_head_color.png"
        },
        "image_4": {
            "path": "textures/batrider_mount_color.png"
        }
    },
    "lights": {},
    "materials": {
        "Material #35": {
            "instanceTechnique": {
                "technique": "technique_0",
                "values": {
                    "ambient": [
                        0.5879999995231628,
                        0.5879999995231628,
                        0.5879999995231628
                    ],
                    "diffuse": "Map #12",
                    "emission": [
                        0,
                        0,
                        0
                    ],
                    "shininess": 2,
                    "specular": [
                        0.8999999761581421,
                        0.8999999761581421,
                        0.8999999761581421
                    ],
                    "transparency": 1
                }
            },
            "name": "Material #35"
        },
        "Material #46": {
            "instanceTechnique": {
                "technique": "technique_0",
                "values": {
                    "ambient": [
                        0.5879999995231628,
                        0.5879999995231628,
                        0.5879999995231628
                    ],
                    "diffuse": "Map #9",
                    "emission": [
                        0,
                        0,
                        0
                    ],
                    "shininess": 2,
                    "specular": [
                        0.8999999761581421,
                        0.8999999761581421,
                        0.8999999761581421
                    ],
                    "transparency": 1
                }
            },
            "name": "Material #46"
        },
        "Material #57": {
            "instanceTechnique": {
                "technique": "technique_0",
                "values": {
                    "ambient": [
                        0.5879999995231628,
                        0.5879999995231628,
                        0.5879999995231628
                    ],
                    "diffuse": "Map #10",
                    "emission": [
                        0,
                        0,
                        0
                    ],
                    "shininess": 2,
                    "specular": [
                        0.8999999761581421,
                        0.8999999761581421,
                        0.8999999761581421
                    ],
                    "transparency": 1
                }
            },
            "name": "Material #57"
        },
        "Material #68": {
            "instanceTechnique": {
                "technique": "technique_0",
                "values": {
                    "ambient": [
                        0.5879999995231628,
                        0.5879999995231628,
                        0.5879999995231628
                    ],
                    "diffuse": "Map #11",
                    "emission": [
                        0,
                        0,
                        0
                    ],
                    "shininess": 2,
                    "specular": [
                        0.8999999761581421,
                        0.8999999761581421,
                        0.8999999761581421
                    ],
                    "transparency": 1
                }
            },
            "name": "Material #68"
        },
        "Material #90": {
            "instanceTechnique": {
                "technique": "technique_0",
                "values": {
                    "ambient": [
                        0.5879999995231628,
                        0.5879999995231628,
                        0.5879999995231628
                    ],
                    "diffuse": "Map #13",
                    "emission": [
                        0,
                        0,
                        0
                    ],
                    "shininess": 2,
                    "specular": [
                        0.8999999761581421,
                        0.8999999761581421,
                        0.8999999761581421
                    ],
                    "transparency": 1
                }
            },
            "name": "Material #90"
        }
    },
    "meshes": {
        "batrider_belt_model_LOD0-mesh": {
            "name": "batrider_belt_model_LOD0-mesh",
            "primitives": [
                {
                    "attributes": {
                        "JOINT": "attrbute_10",
                        "NORMAL": "attrbute_8",
                        "POSITION": "attrbute_7",
                        "TEXCOORD_0": "attrbute_9",
                        "WEIGHT": "attrbute_11"
                    },
                    "indices": "indices_12",
                    "material": "Material #46"
                }
            ]
        },
        "batrider_cloak_model_LOD0-mesh": {
            "name": "batrider_cloak_model_LOD0-mesh",
            "primitives": [
                {
                    "attributes": {
                        "JOINT": "attrbute_16",
                        "NORMAL": "attrbute_14",
                        "POSITION": "attrbute_13",
                        "TEXCOORD_0": "attrbute_15",
                        "WEIGHT": "attrbute_17"
                    },
                    "indices": "indices_18",
                    "material": "Material #57"
                }
            ]
        },
        "batrider_head_model_LOD0-mesh": {
            "name": "batrider_head_model_LOD0-mesh",
            "primitives": [
                {
                    "attributes": {
                        "JOINT": "attrbute_22",
                        "NORMAL": "attrbute_20",
                        "POSITION": "attrbute_19",
                        "TEXCOORD_0": "attrbute_21",
                        "WEIGHT": "attrbute_23"
                    },
                    "indices": "indices_24",
                    "material": "Material #68"
                }
            ]
        },
        "batrider_model_LOD0-mesh": {
            "name": "batrider_model_LOD0-mesh",
            "primitives": [
                {
                    "attributes": {
                        "JOINT": "attrbute_4",
                        "NORMAL": "attrbute_2",
                        "POSITION": "attrbute_1",
                        "TEXCOORD_0": "attrbute_3",
                        "WEIGHT": "attrbute_5"
                    },
                    "indices": "indices_6",
                    "material": "Material #35"
                }
            ]
        },
        "batrider_mount_model_LOD0-mesh": {
            "name": "batrider_mount_model_LOD0-mesh",
            "primitives": [
                {
                    "attributes": {
                        "JOINT": "attrbute_28",
                        "NORMAL": "attrbute_26",
                        "POSITION": "attrbute_25",
                        "TEXCOORD_0": "attrbute_27",
                        "WEIGHT": "attrbute_29"
                    },
                    "indices": "indices_30",
                    "material": "Material #90"
                }
            ]
        }
    },
    "nodes": {
        "Index_0_L": {
            "children": [
                "Index_1_L"
            ],
            "jointId": "Index_0_L",
            "matrix": [
                0.9652746915817262,
                -0.11754424870014198,
                0.2332984656095505,
                0,
                0.13446505694346772,
                0.9892227645214061,
                -0.0579441004104298,
                0,
                -0.22397313543138608,
                0.08730245656830113,
                0.9706771979894693,
                0,
                12.89208984375,
                -3.791183471679716,
                -0.24228286743164062,
                1
            ],
            "name": "Index_0_L"
        },
        "Index_0_R": {
            "children": [
                "Index_1_R"
            ],
            "jointId": "Index_0_R",
            "matrix": [
                0.9652749896049503,
                -0.11754441261291508,
                0.23329854011535653,
                0,
                0.13446531867464367,
                0.9892229794731664,
                -0.05794453327413747,
                0,
                -0.22397318366614705,
                0.08730295680991702,
                0.9706776870560192,
                0,
                -12.892097473144531,
                3.791183471679716,
                0.24228668212889914,
                1
            ],
            "name": "Index_0_R"
        },
        "Index_1_L": {
            "children": [],
            "jointId": "Index_1_L",
            "matrix": [
                1.0000001192092893,
                -4.917383193969727e-7,
                3.725290352238342e-9,
                0,
                4.917382624980426e-7,
                1,
                -4.6193599700927734e-7,
                0,
                -3.7250636499008838e-9,
                4.619361089752694e-7,
                1.0000002384185867,
                0,
                34.48304748535156,
                -0.00001525878903407829,
                0.00000762939453125,
                1
            ],
            "name": "Index_1_L"
        },
        "Index_1_R": {
            "children": [],
            "jointId": "Index_1_R",
            "matrix": [
                0.9999998807907106,
                1.341104507446289e-7,
                4.852190613972157e-7,
                0,
                -1.341105912017193e-7,
                1.000000119209282,
                2.2351741789383706e-7,
                0,
                -4.852190314073163e-7,
                -2.235174296760789e-7,
                0.9999998807907683,
                0,
                -34.48304748535156,
                -2.842170943040401e-14,
                -0.00002288818359375,
                1
            ],
            "name": "Index_1_R"
        },
        "LeftHand0_0_L": {
            "children": [],
            "jointId": "LeftHand0_0_L",
            "matrix": [
                0.9999999999999996,
                1.4901156752955607e-8,
                -8.940699558479531e-8,
                0,
                -1.490115586477817e-8,
                1.000000119209293,
                2.9802293965985776e-8,
                0,
                8.940699602888352e-8,
                -2.9802289081008306e-8,
                0.9999999999999959,
                0,
                13.636960983276367,
                -0.19012069702148438,
                -0.400726318359375,
                1
            ],
            "name": "LeftHand0_0_L"
        },
        "RightHand1_0_R": {
            "children": [],
            "jointId": "RightHand1_0_R",
            "matrix": [
                0.9999999999999996,
                2.887098737858192e-8,
                2.842170943040401e-14,
                0,
                -2.8870985657744072e-8,
                0.9999999403953556,
                2.4959456368378713e-7,
                0,
                -2.1215666311251338e-14,
                -2.4959456368378866e-7,
                0.9999999403953592,
                0,
                -13.63699436187744,
                0.19007492065429688,
                0.4006958007812216,
                1
            ],
            "name": "RightHand1_0_R"
        },
        "Thumb_0_L": {
            "children": [
                "Thumb_1_L"
            ],
            "jointId": "Thumb_0_L",
            "matrix": [
                0.8780240416526794,
                -0.31083506345748907,
                -0.3639442026615142,
                0,
                0.28714471337152764,
                0.9504638093701533,
                -0.11902241170258976,
                0,
                0.3829121535341982,
                -1.1478611902405689e-7,
                0.9237847721296624,
                0,
                12.010002136230469,
                -6.5220794677734375,
                -9.538364410400384,
                1
            ],
            "name": "Thumb_0_L"
        },
        "Thumb_0_R": {
            "children": [
                "Thumb_1_R"
            ],
            "jointId": "Thumb_0_R",
            "matrix": [
                0.8780241608619691,
                -0.3108352720737459,
                -0.36394420266151445,
                0,
                0.28714490660447584,
                0.9504640775605878,
                -0.11902262533900339,
                0,
                0.3829122383478891,
                1.6654382351313368e-8,
                0.9237849899070986,
                0,
                -12.010032653808594,
                6.522064208984403,
                9.538364410400384,
                1
            ],
            "name": "Thumb_0_R"
        },
        "Thumb_1_L": {
            "children": [],
            "jointId": "Thumb_1_L",
            "matrix": [
                1,
                -2.980232227667301e-8,
                -5.240693298613933e-9,
                0,
                2.980232599592014e-8,
                1.0000001192092896,
                -1.0334005642576277e-8,
                0,
                5.240693447792741e-9,
                1.0334004291589219e-8,
                1.0000000000000002,
                0,
                40.271148681640625,
                0.0000152587890625,
                -0.000001907348641694284,
                1
            ],
            "name": "Thumb_1_L"
        },
        "Thumb_1_R": {
            "children": [],
            "jointId": "Thumb_1_R",
            "matrix": [
                1.000000238418579,
                1.192092894952701e-7,
                -5.120767679845278e-9,
                0,
                -1.1920927561748229e-7,
                1.0000001192092893,
                -5.4275801627051975e-8,
                0,
                5.120761373616694e-9,
                5.4275808684799424e-8,
                1.0000002384185778,
                0,
                -40.271148681640625,
                -0.000030517578125,
                9.5367431640625e-7,
                1
            ],
            "name": "Thumb_1_R"
        },
        "ankle_A_L": {
            "children": [],
            "jointId": "ankle_A_L",
            "matrix": [
                0.9882618188858034,
                -0.061835139989852905,
                -0.13969515264034274,
                0,
                0.0196307898128254,
                0.9582421797596423,
                -0.28528319365265165,
                0,
                0.1515023255720729,
                0.2791921834003436,
                0.9482081059153358,
                0,
                21.44956207275392,
                -0.000030517578125,
                -0.0000133514404296875,
                1
            ],
            "name": "ankle_A_L"
        },
        "ankle_A_R": {
            "children": [],
            "jointId": "ankle_A_R",
            "matrix": [
                0.9882621765136725,
                -0.06183466315269459,
                -0.13969503343105313,
                0,
                0.01963029731017485,
                0.9582421750304675,
                -0.2852835980458801,
                0,
                0.15150207053723092,
                0.2791927025590094,
                0.9482082219007506,
                0,
                -21.449584960937493,
                0.000030517578125,
                -7.105427357601002e-15,
                1
            ],
            "name": "ankle_A_R"
        },
        "ankle_L": {
            "children": [],
            "jointId": "ankle_L",
            "matrix": [
                0.9860203266143801,
                0.1188564002513886,
                -0.11678025126457225,
                0,
                -0.11176146056962288,
                -0.04807243548729022,
                -0.9925718366925691,
                0,
                -0.12358737607991399,
                0.9917471326819242,
                -0.034116819705198725,
                0,
                29.640777587890625,
                -0.00000762939453125,
                -0.000022888183579539145,
                1
            ],
            "name": "ankle_L"
        },
        "ankle_R": {
            "children": [],
            "jointId": "ankle_R",
            "matrix": [
                0.9860199689865115,
                0.11885604262352006,
                -0.11678074300289151,
                0,
                -0.11176218868681609,
                -0.04807137870639866,
                -0.9925722398980457,
                0,
                -0.12358697868806537,
                0.9917473909276336,
                -0.034115716537140184,
                0,
                -29.640777587890625,
                -0.0000152587890625,
                -0.00003051757813210543,
                1
            ],
            "name": "ankle_R"
        },
        "batjaw1_0": {
            "children": [],
            "jointId": "batjaw1_0",
            "matrix": [
                1.000000119209289,
                7.105427423775451e-15,
                4.768371582586362e-7,
                0,
                -7.105419813713815e-15,
                0.9999999999999997,
                -1.4210854635792665e-14,
                0,
                -4.768371583141473e-7,
                1.4210853047605889e-14,
                1.0000001192092893,
                0,
                6.380706787109375,
                -0.000004449088010005653,
                -13.657180786132784,
                1
            ],
            "name": "batjaw1_0"
        },
        "batrider_belt_model_LOD0": {
            "children": [],
            "instanceSkin": {
                "skeletons": [
                    "root"
                ],
                "skin": "skin_1",
                "sources": [
                    "batrider_belt_model_LOD0-mesh"
                ]
            },
            "matrix": [
                1,
                0,
                0,
                0,
                0,
                1,
                0,
                0,
                0,
                0,
                1,
                0,
                0,
                0,
                0,
                1
            ],
            "name": "batrider_belt_model_LOD0"
        },
        "batrider_cloak_model_LOD0": {
            "children": [],
            "instanceSkin": {
                "skeletons": [
                    "root"
                ],
                "skin": "skin_2",
                "sources": [
                    "batrider_cloak_model_LOD0-mesh"
                ]
            },
            "matrix": [
                1,
                0,
                0,
                0,
                0,
                1,
                0,
                0,
                0,
                0,
                1,
                0,
                0,
                0,
                0,
                1
            ],
            "name": "batrider_cloak_model_LOD0"
        },
        "batrider_head_model_LOD0": {
            "children": [],
            "instanceSkin": {
                "skeletons": [
                    "root"
                ],
                "skin": "skin_3",
                "sources": [
                    "batrider_head_model_LOD0-mesh"
                ]
            },
            "matrix": [
                1,
                0,
                0,
                0,
                0,
                1,
                0,
                0,
                0,
                0,
                1,
                0,
                0,
                0,
                0,
                1
            ],
            "name": "batrider_head_model_LOD0"
        },
        "batrider_model_LOD0": {
            "children": [],
            "instanceSkin": {
                "skeletons": [
                    "root"
                ],
                "skin": "skin_0",
                "sources": [
                    "batrider_model_LOD0-mesh"
                ]
            },
            "matrix": [
                1,
                0,
                0,
                0,
                0,
                1,
                0,
                0,
                0,
                0,
                1,
                0,
                0,
                0,
                0,
                1
            ],
            "name": "batrider_model_LOD0"
        },
        "batrider_mount_model_LOD0": {
            "children": [],
            "instanceSkin": {
                "skeletons": [
                    "root"
                ],
                "skin": "skin_4",
                "sources": [
                    "batrider_mount_model_LOD0-mesh"
                ]
            },
            "matrix": [
                1,
                0,
                0,
                0,
                0,
                1,
                0,
                0,
                0,
                0,
                1,
                0,
                0,
                0,
                0,
                1
            ],
            "name": "batrider_mount_model_LOD0"
        },
        "bicep_A_L": {
            "children": [
                "elbow_A_L"
            ],
            "jointId": "bicep_A_L",
            "matrix": [
                0.25785970687866205,
                -0.9527074098587036,
                0.16080164909362799,
                0,
                -0.8444703651547268,
                -0.30309754741373185,
                -0.4415899893116294,
                0,
                0.46944462498872697,
                -0.021923961403535253,
                -0.8826897900488349,
                0,
                16.856998443603516,
                5.684341886080802e-14,
                -0.000030517578110789145,
                1
            ],
            "name": "bicep_A_L"
        },
        "bicep_A_R": {
            "children": [
                "elbow_A_R"
            ],
            "jointId": "bicep_A_R",
            "matrix": [
                0.25786039233207714,
                -0.9527071118354802,
                0.1608008742332459,
                0,
                -0.8444703335919053,
                -0.30309786675232353,
                -0.4415898983316058,
                0,
                0.4694443121611515,
                -0.02192302690691378,
                -0.8826899656853245,
                0,
                -16.856998443603516,
                0.00006103515619315658,
                0.000053405761704539145,
                1
            ],
            "name": "bicep_A_R"
        },
        "bicep_L": {
            "children": [
                "elbow_L"
            ],
            "jointId": "bicep_L",
            "matrix": [
                0.8590360283851622,
                -0.4594370722770692,
                -0.22577479481697085,
                0,
                -0.20737080403114957,
                -0.7155456079131223,
                0.6670770641357842,
                0,
                -0.4680321824011863,
                -0.5262242280589002,
                -0.7099534230809751,
                0,
                18.927312850952145,
                2.842170943040401e-14,
                -3.552713678800501e-15,
                1
            ],
            "name": "bicep_L"
        },
        "bicep_R": {
            "children": [
                "elbow_R"
            ],
            "jointId": "bicep_R",
            "matrix": [
                0.8590363264083865,
                -0.45943713188171403,
                -0.2257750034332276,
                0,
                -0.20737077727968337,
                -0.7155458856769195,
                0.6670770299463917,
                0,
                -0.4680321383419212,
                -0.5262240453478749,
                -0.7099534501297887,
                0,
                -18.92731475830079,
                -0.0000457763671875,
                -0.00000762939453125,
                1
            ],
            "name": "bicep_R"
        },
        "cape4_0": {
            "children": [
                "cape55_0"
            ],
            "jointId": "cape4_0",
            "matrix": [
                -0.9780955314636232,
                -3.1870391108915494e-7,
                0.20815682411193853,
                0,
                -4.0690055968423124e-7,
                0.9999999999999994,
                -3.808845010308334e-7,
                0,
                -0.20815682411179598,
                -4.5724055669520334e-7,
                -0.9780955314636536,
                0,
                -23.20947265625,
                0.005287734791636467,
                10.341339111328125,
                1
            ],
            "name": "cape4_0"
        },
        "cape55_0": {
            "children": [],
            "jointId": "cape55_0",
            "matrix": [
                0.9750514030456543,
                2.163618262329691e-7,
                -0.22197946906089794,
                0,
                -3.277459258800788e-7,
                1,
                -4.649407401302716e-7,
                0,
                0.22197946906078683,
                5.260939876108138e-7,
                0.9750514030456799,
                0,
                29.414253234863267,
                0.000008701812475920591,
                -0.00003051757818184342,
                1
            ],
            "name": "cape55_0"
        },
        "clavicle_A_L": {
            "children": [
                "bicep_A_L"
            ],
            "jointId": "clavicle_A_L",
            "matrix": [
                -0.22378516197204595,
                0.9616579413414007,
                0.15853752195835127,
                0,
                0.035933025846048516,
                -0.15441167295559832,
                0.9873529471703745,
                0,
                0.9739760065576435,
                0.2266517093163582,
                -2.384185743276035e-7,
                0,
                3.712310791015625,
                6.2555437088012695,
                -4.22857666015625,
                1
            ],
            "name": "clavicle_A_L"
        },
        "clavicle_A_R": {
            "children": [
                "bicep_A_R"
            ],
