{
    "animations": {},
    "asset": {},
    "attributes": {
        "attribute_1": {
            "bufferView": "bufferView_31",
            "byteOffset": 0,
            "byteStride": 12,
            "count": 1315,
            "max": [
                1,
                1,
                1
            ],
            "min": [
                0,
                0,
                0
            ],
            "type": "FLOAT_VEC3"
        },
        "attribute_10": {
            "bufferView": "bufferView_31",
            "byteOffset": 86996,
            "byteStride": 16,
            "count": 253,
            "max": [
                1,
                1,
                1
            ],
            "min": [
                0,
                0,
                0
            ],
            "type": "FLOAT_VEC4"
        },
        "attribute_11": {
            "bufferView": "bufferView_31",
            "byteOffset": 91044,
            "byteStride": 12,
            "count": 253,
            "max": [
                1,
                1,
                1
            ],
            "min": [
                0,
                0,
                0
            ],
            "type": "FLOAT_VEC3"
        },
        "attribute_13": {
            "bufferView": "bufferView_31",
            "byteOffset": 94080,
            "byteStride": 12,
            "count": 199,
            "max": [
                1,
                1,
                1
            ],
            "min": [
                0,
                0,
                0
            ],
            "type": "FLOAT_VEC3"
        },
        "attribute_14": {
            "bufferView": "bufferView_31",
            "byteOffset": 96468,
            "byteStride": 12,
            "count": 199,
            "max": [
                1,
                1,
                1
            ],
            "min": [
                0,
                0,
                0
            ],
            "type": "FLOAT_VEC3"
        },
        "attribute_15": {
            "bufferView": "bufferView_31",
            "byteOffset": 98856,
            "byteStride": 8,
            "count": 199,
            "max": [
                1,
                1,
                1
            ],
            "min": [
                0,
                0,
                0
            ],
            "type": "FLOAT_VEC2"
        },
        "attribute_16": {
            "bufferView": "bufferView_31",
            "byteOffset": 100448,
            "byteStride": 16,
            "count": 199,
            "max": [
                1,
                1,
                1
            ],
            "min": [
                0,
                0,
                0
            ],
            "type": "FLOAT_VEC4"
        },
        "attribute_17": {
            "bufferView": "bufferView_31",
            "byteOffset": 103632,
            "byteStride": 12,
            "count": 199,
            "max": [
                1,
                1,
                1
            ],
            "min": [
                0,
                0,
                0
            ],
            "type": "FLOAT_VEC3"
        },
        "attribute_19": {
            "bufferView": "bufferView_31",
            "byteOffset": 106020,
            "byteStride": 12,
            "count": 732,
            "max": [
                1,
                1,
                1
            ],
            "min": [
                0,
                0,
                0
            ],
            "type": "FLOAT_VEC3"
        },
        "attribute_2": {
            "bufferView": "bufferView_31",
            "byteOffset": 15780,
            "byteStride": 12,
            "count": 1315,
            "max": [
                1,
                1,
                1
            ],
            "min": [
                0,
                0,
                0
            ],
            "type": "FLOAT_VEC3"
        },
        "attribute_20": {
            "bufferView": "bufferView_31",
            "byteOffset": 114804,
            "byteStride": 12,
            "count": 732,
            "max": [
                1,
                1,
                1
            ],
            "min": [
                0,
                0,
                0
            ],
            "type": "FLOAT_VEC3"
        },
        "attribute_21": {
            "bufferView": "bufferView_31",
            "byteOffset": 123588,
            "byteStride": 8,
            "count": 732,
            "max": [
                1,
                1,
                1
            ],
            "min": [
                0,
                0,
                0
            ],
            "type": "FLOAT_VEC2"
        },
        "attribute_22": {
            "bufferView": "bufferView_31",
            "byteOffset": 129444,
            "byteStride": 16,
            "count": 732,
            "max": [
                1,
                1,
                1
            ],
            "min": [
                0,
                0,
                0
            ],
            "type": "FLOAT_VEC4"
        },
        "attribute_23": {
            "bufferView": "bufferView_31",
            "byteOffset": 141156,
            "byteStride": 12,
            "count": 732,
            "max": [
                1,
                1,
                1
            ],
            "min": [
                0,
                0,
                0
            ],
            "type": "FLOAT_VEC3"
        },
        "attribute_25": {
            "bufferView": "bufferView_31",
            "byteOffset": 149940,
            "byteStride": 12,
            "count": 814,
            "max": [
                1,
                1,
                1
            ],
            "min": [
                0,
                0,
                0
            ],
            "type": "FLOAT_VEC3"
        },
        "attribute_26": {
            "bufferView": "bufferView_31",
            "byteOffset": 159708,
            "byteStride": 12,
            "count": 814,
            "max": [
                1,
                1,
                1
            ],
            "min": [
                0,
                0,
                0
            ],
            "type": "FLOAT_VEC3"
        },
        "attribute_27": {
            "bufferView": "bufferView_31",
            "byteOffset": 169476,
            "byteStride": 8,
            "count": 814,
            "max": [
                1,
                1,
                1
            ],
            "min": [
                0,
                0,
                0
            ],
            "type": "FLOAT_VEC2"
        },
        "attribute_28": {
            "bufferView": "bufferView_31",
            "byteOffset": 175988,
            "byteStride": 16,
            "count": 814,
            "max": [
                1,
                1,
                1
            ],
            "min": [
                0,
                0,
                0
            ],
            "type": "FLOAT_VEC4"
        },
        "attribute_29": {
            "bufferView": "bufferView_31",
            "byteOffset": 189012,
            "byteStride": 12,
            "count": 814,
            "max": [
                1,
                1,
                1
            ],
            "min": [
                0,
                0,
                0
            ],
            "type": "FLOAT_VEC3"
        },
        "attribute_3": {
            "bufferView": "bufferView_31",
            "byteOffset": 31560,
            "byteStride": 8,
            "count": 1315,
            "max": [
                1,
                1,
                1
            ],
            "min": [
                0,
                0,
                0
            ],
            "type": "FLOAT_VEC2"
        },
        "attribute_4": {
            "bufferView": "bufferView_31",
            "byteOffset": 42080,
            "byteStride": 16,
            "count": 1315,
            "max": [
                1,
                1,
                1
            ],
            "min": [
                0,
                0,
                0
            ],
            "type": "FLOAT_VEC4"
        },
        "attribute_5": {
            "bufferView": "bufferView_31",
            "byteOffset": 63120,
            "byteStride": 12,
            "count": 1315,
            "max": [
                1,
                1,
                1
            ],
            "min": [
                0,
                0,
                0
            ],
            "type": "FLOAT_VEC3"
        },
        "attribute_7": {
            "bufferView": "bufferView_31",
            "byteOffset": 78900,
            "byteStride": 12,
            "count": 253,
            "max": [
                1,
                1,
                1
            ],
            "min": [
                0,
                0,
                0
            ],
            "type": "FLOAT_VEC3"
        },
        "attribute_8": {
            "bufferView": "bufferView_31",
            "byteOffset": 81936,
            "byteStride": 12,
            "count": 253,
            "max": [
                1,
                1,
                1
            ],
            "min": [
                0,
                0,
                0
            ],
            "type": "FLOAT_VEC3"
        },
        "attribute_9": {
            "bufferView": "bufferView_31",
            "byteOffset": 84972,
            "byteStride": 8,
            "count": 253,
            "max": [
                1,
                1,
                1
            ],
            "min": [
                0,
                0,
                0
            ],
            "type": "FLOAT_VEC2"
        }
    },
    "bufferViews": {
        "bufferView_31": {
            "buffer": "batrider.bin",
            "byteLength": 198780,
            "byteOffset": 0,
            "target": "ARRAY_BUFFER"
        },
        "bufferView_32": {
            "buffer": "batrider.bin",
            "byteLength": 37140,
            "byteOffset": 198780,
            "target": "ELEMENT_ARRAY_BUFFER"
        }
    },
    "buffers": {
        "batrider.bin": {
            "byteLength": 235920,
            "path": "batrider.bin"
        }
    },
    "cameras": {},
    "images": {
        "image_0": {
            "path": "textures/batrider_color.png"
        },
        "image_1": {
            "path": "textures/batrider_belt_color.png"
        },
        "image_2": {
            "path": "textures/batrider_cloak_color.png"
        },
        "image_3": {
            "path": "textures/batrider_head_color.png"
        },
        "image_4": {
            "path": "textures/batrider_mount_color.png"
        }
    },
    "indices": {
        "indices_12": {
            "bufferView": "bufferView_32",
            "byteOffset": 15372,
            "count": 1506,
            "type": "UNSIGNED_SHORT"
        },
        "indices_18": {
            "bufferView": "bufferView_32",
            "byteOffset": 18384,
            "count": 1038,
            "type": "UNSIGNED_SHORT"
        },
        "indices_24": {
            "bufferView": "bufferView_32",
            "byteOffset": 20460,
            "count": 4320,
            "type": "UNSIGNED_SHORT"
        },
        "indices_30": {
            "bufferView": "bufferView_32",
            "byteOffset": 29100,
            "count": 4020,
            "type": "UNSIGNED_SHORT"
        },
        "indices_6": {
            "bufferView": "bufferView_32",
            "byteOffset": 0,
            "count": 7686,
            "type": "UNSIGNED_SHORT"
        }
    },
    "lights": {},
    "materials": {
        "Material #35": {
            "instanceTechnique": {
                "technique": "technique_0",
                "values": [
                    {
                        "parameter": "ambient",
                        "value": [
                            0.5879999995231628,
                            0.5879999995231628,
                            0.5879999995231628
                        ]
                    },
                    {
                        "parameter": "emission",
                        "value": [
                            0,
                            0,
                            0
                        ]
                    },
                    {
                        "parameter": "diffuse",
                        "value": "Map #12"
                    },
                    {
                        "parameter": "shininess",
                        "value": 2
                    },
                    {
                        "parameter": "specular",
                        "value": [
                            0.8999999761581421,
                            0.8999999761581421,
                            0.8999999761581421
                        ]
                    }
                ]
            },
            "name": "Material #35"
        },
        "Material #46": {
            "instanceTechnique": {
                "technique": "technique_0",
                "values": [
                    {
                        "parameter": "ambient",
                        "value": [
                            0.5879999995231628,
                            0.5879999995231628,
                            0.5879999995231628
                        ]
                    },
                    {
                        "parameter": "emission",
                        "value": [
                            0,
                            0,
                            0
                        ]
                    },
                    {
                        "parameter": "diffuse",
                        "value": "Map #9"
                    },
                    {
                        "parameter": "shininess",
                        "value": 2
                    },
                    {
                        "parameter": "specular",
                        "value": [
                            0.8999999761581421,
                            0.8999999761581421,
                            0.8999999761581421
                        ]
                    }
                ]
            },
            "name": "Material #46"
        },
        "Material #57": {
            "instanceTechnique": {
                "technique": "technique_0",
                "values": [
                    {
                        "parameter": "ambient",
                        "value": [
                            0.5879999995231628,
                            0.5879999995231628,
                            0.5879999995231628
                        ]
                    },
                    {
                        "parameter": "emission",
                        "value": [
                            0,
                            0,
                            0
                        ]
                    },
                    {
                        "parameter": "diffuse",
                        "value": "Map #10"
                    },
                    {
                        "parameter": "shininess",
                        "value": 2
                    },
                    {
                        "parameter": "specular",
                        "value": [
                            0.8999999761581421,
                            0.8999999761581421,
                            0.8999999761581421
                        ]
                    }
                ]
            },
            "name": "Material #57"
        },
        "Material #68": {
            "instanceTechnique": {
                "technique": "technique_0",
                "values": [
                    {
                        "parameter": "ambient",
                        "value": [
                            0.5879999995231628,
                            0.5879999995231628,
                            0.5879999995231628
                        ]
                    },
                    {
                        "parameter": "emission",
                        "value": [
                            0,
                            0,
                            0
                        ]
                    },
                    {
                        "parameter": "diffuse",
                        "value": "Map #11"
                    },
                    {
                        "parameter": "shininess",
                        "value": 2
                    },
                    {
                        "parameter": "specular",
                        "value": [
                            0.8999999761581421,
                            0.8999999761581421,
                            0.8999999761581421
                        ]
                    }
                ]
            },
            "name": "Material #68"
        },
        "Material #90": {
            "instanceTechnique": {
                "technique": "technique_0",
                "values": [
                    {
                        "parameter": "ambient",
                        "value": [
                            0.5879999995231628,
                            0.5879999995231628,
                            0.5879999995231628
                        ]
                    },
                    {
                        "parameter": "emission",
                        "value": [
                            0,
                            0,
                            0
                        ]
                    },
                    {
                        "parameter": "diffuse",
                        "value": "Map #13"
                    },
                    {
                        "parameter": "shininess",
                        "value": 2
                    },
                    {
                        "parameter": "specular",
                        "value": [
                            0.8999999761581421,
                            0.8999999761581421,
                            0.8999999761581421
                        ]
                    }
                ]
            },
            "name": "Material #90"
        }
    },
    "meshes": {
        "batrider_belt_model_LOD0-mesh": {
            "name": "batrider_belt_model_LOD0-mesh",
            "primitives": [
                {
                    "indices": "indices_12",
                    "material": "Material #46",
                    "semantics": {
                        "JOINT": "attribute_10",
                        "NORMAL": "attribute_8",
                        "POSITION": "attribute_7",
                        "TEXCOORD_0": "attribute_9",
                        "WEIGHT": "attribute_11"
                    },
                    "skin": "skin_1"
                }
            ]
        },
        "batrider_cloak_model_LOD0-mesh": {
            "name": "batrider_cloak_model_LOD0-mesh",
            "primitives": [
                {
                    "indices": "indices_18",
                    "material": "Material #57",
                    "semantics": {
                        "JOINT": "attribute_16",
                        "NORMAL": "attribute_14",
                        "POSITION": "attribute_13",
                        "TEXCOORD_0": "attribute_15",
                        "WEIGHT": "attribute_17"
                    },
                    "skin": "skin_2"
                }
            ]
        },
        "batrider_head_model_LOD0-mesh": {
            "name": "batrider_head_model_LOD0-mesh",
            "primitives": [
                {
                    "indices": "indices_24",
                    "material": "Material #68",
                    "semantics": {
                        "JOINT": "attribute_22",
                        "NORMAL": "attribute_20",
                        "POSITION": "attribute_19",
                        "TEXCOORD_0": "attribute_21",
                        "WEIGHT": "attribute_23"
                    },
                    "skin": "skin_3"
                }
            ]
        },
        "batrider_model_LOD0-mesh": {
            "name": "batrider_model_LOD0-mesh",
            "primitives": [
                {
                    "indices": "indices_6",
                    "material": "Material #35",
                    "semantics": {
                        "JOINT": "attribute_4",
                        "NORMAL": "attribute_2",
                        "POSITION": "attribute_1",
                        "TEXCOORD_0": "attribute_3",
                        "WEIGHT": "attribute_5"
                    },
                    "skin": "skin_0"
                }
            ]
        },
        "batrider_mount_model_LOD0-mesh": {
            "name": "batrider_mount_model_LOD0-mesh",
            "primitives": [
                {
                    "indices": "indices_30",
                    "material": "Material #90",
                    "semantics": {
                        "JOINT": "attribute_28",
                        "NORMAL": "attribute_26",
                        "POSITION": "attribute_25",
                        "TEXCOORD_0": "attribute_27",
                        "WEIGHT": "attribute_29"
                    },
                    "skin": "skin_4"
                }
            ]
        }
    },
    "nodes": {
        "Index_0_L": {
            "children": [
                "Index_1_L"
            ],
            "matrix": [
                0.9652746915817262,
                -0.11754424870014195,
                0.2332984656095505,
                0,
                0.13446505694346775,
                0.989222764521406,
                -0.057944100410429814,
                0,
                -0.22397313543138603,
                0.08730245656830112,
                0.9706771979894689,
                0,
                12.89208984375,
                -3.7911834716796875,
                -0.24228286743164062,
                1
            ],
            "name": "Index_0_L"
        },
        "Index_0_R": {
            "children": [
                "Index_1_R"
            ],
            "matrix": [
                0.9652749896049502,
                -0.11754441261291507,
                0.23329854011535656,
                0,
                0.13446531867464365,
                0.9892229794731662,
                -0.05794453327413749,
                0,
                -0.22397318366614713,
                0.08730295680991705,
                0.9706776870560194,
                0,
                -12.892097473144531,
                3.7911834716796875,
                0.24228668212890625,
                1
            ],
            "name": "Index_0_R"
        },
        "Index_1_L": {
            "children": [],
            "matrix": [
                1.0000001192092893,
                -4.917383193969727e-7,
                3.725290345299448e-9,
                0,
                4.917382624841649e-7,
                1,
                -4.6193599702315513e-7,
                0,
                -3.7250636377578195e-9,
                4.619361089752694e-7,
                1.0000002384185867,
                0,
                34.48304748535156,
                -0.0000152587890625,
                0.00000762939453125,
                1
            ],
            "name": "Index_1_L"
        },
        "Index_1_R": {
            "children": [],
            "matrix": [
                0.9999998807907104,
                1.3411045073075112e-7,
                4.852190613920115e-7,
                0,
                -1.341105912017193e-7,
                1.0000001192092818,
                2.2351741790771484e-7,
                0,
                -4.852190314159899e-7,
                -2.235174296899567e-7,
                0.9999998807907684,
                0,
                -34.48304748535155,
                -2.842170943040401e-14,
                -0.000022888183607960855,
                1
            ],
            "name": "Index_1_R"
        },
        "LeftHand0_0_L": {
            "children": [],
            "matrix": [
                0.9999999999999996,
                1.4901156752955558e-8,
                -8.940699558479531e-8,
                0,
                -1.4901155864778349e-8,
                1.000000119209293,
                2.9802293965985776e-8,
                0,
                8.940699602888347e-8,
                -2.980228908100828e-8,
                0.9999999999999959,
                0,
                13.636960983276365,
                -0.19012069702149148,
                -0.400726318359375,
                1
            ],
            "name": "LeftHand0_0_L"
        },
        "RightHand1_0_R": {
            "children": [],
            "matrix": [
                0.9999999999999996,
                2.8870987378581925e-8,
                2.8421709483343567e-14,
                0,
                -2.8870985657744135e-8,
                0.9999999403953556,
                2.4959456368378713e-7,
                0,
                -2.12156660994931e-14,
                -2.495945636837886e-7,
                0.9999999403953592,
                0,
                -13.636994361877443,
                0.19007492065429688,
                0.40069580078125,
                1
            ],
            "name": "RightHand1_0_R"
        },
        "Thumb_0_L": {
            "children": [
                "Thumb_1_L"
            ],
            "matrix": [
                0.8780240416526793,
                -0.31083506345748907,
                -0.36394420266151417,
                0,
                0.28714471337152764,
                0.9504638093701533,
                -0.11902241170258977,
                0,
                0.3829121535341982,
                -1.1478611902357408e-7,
                0.9237847721296623,
                0,
                12.010002136230455,
                -6.522079467773409,
                -9.538364410400384,
                1
            ],
            "name": "Thumb_0_L"
        },
        "Thumb_0_R": {
            "children": [
                "Thumb_1_R"
            ],
            "matrix": [
                0.878024160861969,
                -0.3108352720737458,
                -0.36394420266151434,
                0,
                0.28714490660447584,
                0.9504640775605875,
                -0.11902262533900336,
                0,
                0.38291223834788907,
                1.6654382372376536e-8,
                0.9237849899070986,
                0,
                -12.010032653808594,
                6.522064208984403,
                9.53836441040039,
                1
            ],
            "name": "Thumb_0_R"
        },
        "Thumb_1_L": {
            "children": [],
            "matrix": [
                1.0000000000000002,
                -2.9802322443206464e-8,
                -5.240693331992961e-9,
                0,
                2.980232594040899e-8,
                1.0000001192092898,
                -1.0334005616320796e-8,
                0,
                5.240693393506611e-9,
                1.0334004246212817e-8,
                1.0000000000000007,
                0,
                40.271148681640625,
                0.0000152587890625,
                -0.0000019073486310361432,
                1
            ],
            "name": "Thumb_1_L"
        },
        "Thumb_1_R": {
            "children": [],
            "matrix": [
                1.0000002384185795,
                1.1920928955078125e-7,
                -5.120767658276008e-9,
                0,
                -1.1920927567299344e-7,
                1.0000001192092893,
                -5.427580162361429e-8,
                0,
                5.120761315829353e-9,
                5.427580871951422e-8,
                1.000000238418578,
                0,
                -40.271148681640625,
                -0.000030517578125,
                9.536743075244658e-7,
                1
            ],
            "name": "Thumb_1_R"
        },
        "ankle_A_L": {
            "children": [],
            "matrix": [
                0.9882618188858034,
                -0.061835139989852905,
                -0.13969515264034274,
                0,
                0.0196307898128254,
                0.9582421797596423,
                -0.28528319365265165,
                0,
                0.1515023255720729,
                0.2791921834003436,
                0.9482081059153358,
                0,
                21.44956207275392,
                -0.000030517578125,
                -0.0000133514404296875,
                1
            ],
            "name": "ankle_A_L"
        },
        "ankle_A_R": {
            "children": [],
            "matrix": [
                0.9882621765136724,
                -0.0618346631526947,
                -0.13969503343105316,
                0,
                0.019630297310174905,
                0.9582421750304675,
                -0.2852835980458801,
                0,
                0.15150207053723092,
                0.2791927025590095,
                0.9482082219007507,
                0,
                -21.449584960937493,
                0.000030517578125,
                -7.105427357601002e-15,
                1
            ],
            "name": "ankle_A_R"
        },
        "ankle_L": {
            "children": [],
            "matrix": [
                0.9860203266143798,
                0.11885640025138855,
                -0.1167802512645722,
                0,
                -0.11176146056962288,
                -0.04807243548729019,
                -0.9925718366925693,
                0,
                -0.12358737607991388,
                0.9917471326819238,
                -0.03411681970519875,
                0,
                29.640777587890625,
                -0.00000762939453125,
                -0.00002288818359375,
                1
            ],
            "name": "ankle_L"
        },
        "ankle_R": {
            "children": [],
            "matrix": [
                0.9860199689865112,
                0.11885604262352006,
                -0.11678074300289146,
                0,
                -0.11176218868681603,
                -0.04807137870639861,
                -0.9925722398980457,
                0,
                -0.1235869786880652,
                0.9917473909276335,
                -0.034115716537140156,
                0,
                -29.640777587890625,
                -0.0000152587890625,
                -0.000030517578139210855,
                1
            ],
            "name": "ankle_R"
        },
        "batjaw1_0": {
            "children": [],
            "matrix": [
                1.000000119209289,
                7.10542743701034e-15,
                4.768371583141473e-7,
                0,
                -7.105419760774256e-15,
                0.9999999999999997,
                -1.4210854688732224e-14,
                0,
                -4.768371583696585e-7,
                1.421085299466633e-14,
                1.000000119209289,
                0,
                6.380706787109361,
                -0.000004449088010005653,
                -13.657180786132784,
                1
            ],
            "name": "batjaw1_0"
        },
        "batrider_belt_model_LOD0": {
            "children": [],
            "matrix": [
                1,
                0,
                0,
                0,
                0,
                1,
                0,
                0,
                0,
                0,
                1,
                0,
                0,
                0,
                0,
                1
            ],
            "meshes": [
                "batrider_belt_model_LOD0-mesh"
            ],
            "name": "batrider_belt_model_LOD0"
        },
        "batrider_cloak_model_LOD0": {
            "children": [],
            "matrix": [
                1,
                0,
                0,
                0,
                0,
                1,
                0,
                0,
                0,
                0,
                1,
                0,
                0,
                0,
                0,
                1
            ],
            "meshes": [
                "batrider_cloak_model_LOD0-mesh"
            ],
            "name": "batrider_cloak_model_LOD0"
        },
        "batrider_head_model_LOD0": {
            "children": [],
            "matrix": [
                1,
                0,
                0,
                0,
                0,
                1,
                0,
                0,
                0,
                0,
                1,
                0,
                0,
                0,
                0,
                1
            ],
            "meshes": [
                "batrider_head_model_LOD0-mesh"
            ],
            "name": "batrider_head_model_LOD0"
        },
        "batrider_model_LOD0": {
            "children": [],
            "matrix": [
                1,
                0,
                0,
                0,
                0,
                1,
                0,
                0,
                0,
                0,
                1,
                0,
                0,
                0,
                0,
                1
            ],
            "meshes": [
                "batrider_model_LOD0-mesh"
            ],
            "name": "batrider_model_LOD0"
        },
        "batrider_mount_model_LOD0": {
            "children": [],
            "matrix": [
                1,
                0,
                0,
                0,
                0,
                1,
                0,
                0,
                0,
                0,
                1,
                0,
                0,
                0,
                0,
                1
            ],
            "meshes": [
                "batrider_mount_model_LOD0-mesh"
            ],
            "name": "batrider_mount_model_LOD0"
        },
        "bicep_A_L": {
            "children": [
                "elbow_A_L"
            ],
            "matrix": [
                0.25785970687866205,
                -0.952707409858704,
                0.16080164909362799,
                0,
                -0.8444703651547265,
                -0.3030975474137318,
                -0.44158998931162935,
                0,
                0.46944462498872686,
                -0.021923961403535197,
                -0.8826897900488349,
                0,
                16.856998443603516,
                0,
                -0.000030517578125,
                1
            ],
            "name": "bicep_A_L"
        },
        "bicep_A_R": {
            "children": [
                "elbow_A_R"
            ],
            "matrix": [
                0.25786039233207725,
                -0.9527071118354802,
                0.16080087423324585,
                0,
                -0.8444703335919052,
                -0.30309786675232353,
                -0.4415898983316056,
                0,
                0.4694443121611518,
                -0.021923026906913612,
                -0.8826899656853247,
                0,
                -16.856998443603523,
                0.00006103515619315658,
                0.00005340576171875,
                1
            ],
            "name": "bicep_A_R"
        },
        "bicep_L": {
            "children": [
                "elbow_L"
            ],
            "matrix": [
                0.8590360283851621,
                -0.45943707227706915,
                -0.22577479481697074,
                0,
                -0.20737080403114955,
                -0.715545607913122,
                0.6670770641357838,
                0,
                -0.4680321824011864,
                -0.5262242280589002,
                -0.709953423080975,
                0,
                18.92731285095215,
                2.842170943040401e-14,
                -3.552713678800501e-15,
                1
            ],
            "name": "bicep_L"
        },
        "bicep_R": {
            "children": [
                "elbow_R"
            ],
            "matrix": [
                0.8590363264083865,
                -0.459437131881714,
                -0.2257750034332276,
                0,
                -0.20737077727968337,
                -0.7155458856769195,
                0.6670770299463917,
                0,
                -0.4680321383419212,
                -0.5262240453478749,
                -0.7099534501297887,
                0,
                -18.92731475830079,
                -0.0000457763671875,
                -0.00000762939453125,
                1
            ],
            "name": "bicep_R"
        },
        "cape4_0": {
            "children": [
                "cape55_0"
            ],
            "matrix": [
                -0.9780955314636232,
                -3.1870391108915494e-7,
                0.2081568241119385,
                0,
                -4.069005596842311e-7,
                0.9999999999999994,
                -3.8088450103083335e-7,
                0,
                -0.20815682411179595,
                -4.5724055669520323e-7,
                -0.9780955314636536,
                0,
                -23.20947265625,
                0.005287734791636466,
                10.341339111328125,
                1
            ],
            "name": "cape4_0"
        },
        "cape55_0": {
            "children": [],
            "matrix": [
                0.9750514030456542,
                2.1636182623296897e-7,
                -0.22197946906089788,
                0,
                -3.277459258800787e-7,
                1,
                -4.649407401302717e-7,
                0,
                0.22197946906078683,
                5.260939876108137e-7,
                0.9750514030456799,
                0,
                29.41425323486326,
                0.000008701812475919724,
                -0.00003051757818184342,
                1
            ],
            "name": "cape55_0"
        },
        "clavicle_A_L": {
            "children": [
                "bicep_A_L"
            ],
            "matrix": [
                -0.22378516197204584,
                0.9616579413414005,
                0.1585375219583512,
                0,
                0.035933025846048405,
                -0.15441167295559832,
                0.9873529471703744,
                0,
                0.9739760065576433,
                0.22665170931635822,
                -2.384185742165812e-7,
                0,
                3.712310791015625,
                6.25554370880127,
                -4.22857666015625,
                1
            ],
            "name": "clavicle_A_L"
        },
        "clavicle_A_R": {
            "children": [
                "bicep_A_R"
            ],
            "matrix": [
                0.22378507256507899,
                0.9616581201553347,
                -0.15853750705719,
                0,
                -0.03593256088565583,
                -0.15441176292011616,
                -0.98735308325751,
                0,
                -0.9739758995606459,
                0.22665147802330105,
                -2.0861625610324452e-7,
                0,
                3.7123260498046733,
                -6.255545616149902,
                -4.228576660156307,
                1
            ],
            "name": "clavicle_A_R"
        },
        "clavicle_L": {
            "children": [
                "bicep_L"
            ],
            "matrix": [
                -0.017272945493459587,
                0.9994217157363892,
                0.02928887121379377,
                0,
                0.000506166933300245,
                -0.02928449705586887,
                0.9995709657842788,
