{
    "accessors": [
        {
            "bufferView": 0,
            "byteOffset": 0,
            "componentType": 5126,
            "count": 1645,
            "max": [
                47.35531997680664,
                91.10199737548828,
                307.4999694824219
            ],
            "min": [
                -47.32564926147461,
                -2.8682868480682373,
                196.6219940185547
            ],
            "type": "VEC3"
        },
        {
            "bufferView": 0,
            "byteOffset": 19740,
            "componentType": 5126,
            "count": 1645,
            "max": [
                0.9979138374328613,
                0.9998882412910461,
                0.9995120763778687
            ],
            "min": [
                -0.9979137778282166,
                -0.9999971985816956,
                -0.9994990825653076
            ],
            "type": "VEC3"
        },
        {
            "bufferView": 0,
            "byteOffset": 39480,
            "componentType": 5126,
            "count": 1645,
            "max": [
                1.99853515625,
                0.9961748719215393
            ],
            "min": [
                0.002403080463409424,
                0.0012378692626953125
            ],
            "type": "VEC2"
        },
        {
            "bufferView": 0,
            "byteOffset": 52640,
            "componentType": 5123,
            "count": 1645,
            "max": [
                25,
                25,
                26,
                0
            ],
            "min": [
                0,
                0,
                0,
                0
            ],
            "type": "VEC4"
        },
        {
            "bufferView": 0,
            "byteOffset": 65800,
            "componentType": 5126,
            "count": 1645,
            "max": [
                1,
                0.9998788237571716,
                0.999492883682251,
                0
            ],
            "min": [
                0.00010057414328912273,
                0,
                0,
                0
            ],
            "type": "VEC4"
        },
        {
            "bufferView": 2,
            "byteOffset": 0,
            "componentType": 5123,
            "count": 7686,
            "max": [
                1644
            ],
            "min": [
                0
            ],
            "type": "SCALAR"
        },
        {
            "bufferView": 1,
            "byteOffset": 0,
            "componentType": 5126,
            "count": 27,
            "max": [
                0.96165823099242,
                0.9999999999999919,
                0.8995695261324681,
                0,
                0.9999999999996438,
                0.9424651475491603,
                0.928131029734975,
                0,
                0.928131029734978,
                0.9111042531157053,
                1.000000059604348,
                0,
                237.78467198187204,
                275.6613545193219,
                305.9994360793948,
                1
            ],
            "min": [
                -6.920760609875388e-7,
                -1.0000001192091073,
                -0.4646199499655939,
                0,
                -1.0000001192092387,
                -0.9424653073410603,
                -0.9053265279080441,
                0,
                -0.8494727217133993,
                -0.9111045847316334,
                -1.0000001192090018,
                0,
                -237.7846668856442,
                -275.66127668959086,
                -281.6870254562699,
                1
            ],
            "type": "MAT4"
        },
        {
            "bufferView": 0,
            "byteOffset": 92120,
            "componentType": 5126,
            "count": 365,
            "max": [
                40.118900299072266,
                106.46399688720703,
                263.7437744140625
            ],
            "min": [
                -36.94332504272461,
                61.23439407348633,
                217.83900451660156
            ],
            "type": "VEC3"
        },
        {
            "bufferView": 0,
            "byteOffset": 96500,
            "componentType": 5126,
            "count": 365,
            "max": [
                0.9913060069084167,
                0.9963986873626709,
                0.9938876032829285
            ],
            "min": [
                -0.9867085218429565,
                -0.9978350400924683,
                -0.9953830242156982
            ],
            "type": "VEC3"
        },
        {
            "bufferView": 0,
            "byteOffset": 100880,
            "componentType": 5126,
            "count": 365,
            "max": [
                0.9992165565490723,
                0.9900000095367432
            ],
            "min": [
                0.011731223203241825,
                0.009999990463256836
            ],
            "type": "VEC2"
        },
        {
            "bufferView": 0,
            "byteOffset": 103800,
            "componentType": 5123,
            "count": 365,
            "max": [
                1,
                2,
                2,
                0
            ],
            "min": [
                0,
                0,
                0,
                0
            ],
            "type": "VEC4"
        },
        {
            "bufferView": 0,
            "byteOffset": 106720,
            "componentType": 5126,
            "count": 365,
            "max": [
                1,
                0.07811643928289413,
                0.013626271858811378,
                0
            ],
            "min": [
                0.9218835830688477,
                0,
                0,
                0
            ],
            "type": "VEC4"
        },
        {
            "bufferView": 2,
            "byteOffset": 15372,
            "componentType": 5123,
            "count": 1506,
            "max": [
                364
            ],
            "min": [
                0
            ],
            "type": "SCALAR"
        },
        {
            "bufferView": 1,
            "byteOffset": 1728,
            "componentType": 5126,
            "count": 3,
            "max": [
                0.22486637996993997,
                0.9999999999999925,
                -8.742277255348323e-8,
                0,
                0.8421287748491122,
                8.11397856693369e-8,
                0.9281309454626595,
                0,
                0.9281309454626667,
                3.254347881792114e-8,
                0.3722542663233108,
                0,
                -185.15642078373236,
                97.01336110421468,
                160.8801216967762,
                1
            ],
            "min": [
                -1.4163134739586553e-14,
                0.9440591999738644,
                -0.24122066901761155,
                0,
                -0.37225426632331365,
                -0.063761147514686,
                0.5354938359121244,
                0,
                0.4901573136358097,
                -0.3235534252453478,
                -0.8093571968096174,
                0,
                -209.37199065203436,
                -19.196181385806966,
                -164.64386670244636,
                1
            ],
            "type": "MAT4"
        },
        {
            "bufferView": 0,
            "byteOffset": 112560,
            "componentType": 5126,
            "count": 218,
            "max": [
                23.817359924316406,
                150.70594787597656,
                301.8340148925781
            ],
            "min": [
                -23.159040451049805,
                38.6032829284668,
                272.9250183105469
            ],
            "type": "VEC3"
        },
        {
            "bufferView": 0,
            "byteOffset": 115176,
            "componentType": 5126,
            "count": 218,
            "max": [
                0.9978612661361694,
                0.9993298053741455,
                0.9993199110031128
            ],
            "min": [
                -0.98213791847229,
                -0.9654778242111206,
                -0.9998530745506287
            ],
            "type": "VEC3"
        },
        {
            "bufferView": 0,
            "byteOffset": 117792,
            "componentType": 5126,
            "count": 218,
            "max": [
                0.9927518963813782,
                0.992455005645752
            ],
            "min": [
                0.037225909531116486,
                0.007232487201690674
            ],
            "type": "VEC2"
        },
        {
            "bufferView": 0,
            "byteOffset": 119536,
            "componentType": 5123,
            "count": 218,
            "max": [
                9,
                9,
                9,
                0
            ],
            "min": [
                0,
                0,
                0,
                0
            ],
            "type": "VEC4"
        },
        {
            "bufferView": 0,
            "byteOffset": 121280,
            "componentType": 5126,
            "count": 218,
            "max": [
                1,
                0.9996215105056763,
                0.7128373384475708,
                0
            ],
            "min": [
                0.00016312247316818684,
                0,
                0,
                0
            ],
            "type": "VEC4"
        },
        {
            "bufferView": 2,
            "byteOffset": 18384,
            "componentType": 5123,
            "count": 1038,
            "max": [
                217
            ],
            "min": [
                0
            ],
            "type": "SCALAR"
        },
        {
            "bufferView": 1,
            "byteOffset": 1920,
            "componentType": 5126,
            "count": 10,
            "max": [
                0.9616579606292178,
                0.9999999999999678,
                0.2547671371153502,
                0,
                0.9999999999998235,
                0.3821588013073845,
                0.8984050137429963,
                0,
                0.7893668346873388,
                0.911104586500506,
                0.9074867576050021,
                0,
                237.78468931787413,
                275.66129830093206,
                305.99961735694166,
                1
            ],
            "min": [
                -5.699089430769311e-7,
                -0.8653769287618117,
                -3.742713202119208e-7,
                0,
                -0.9074867576050728,
                -0.38215927207123174,
                -0.8984051531731061,
                0,
                -0.7893666128308692,
                -0.9111043620957983,
                -0.9999999999998845,
                0,
                -237.78462403468214,
                -275.6613692974995,
                -281.68697014801165,
                1
            ],
            "type": "MAT4"
        },
        {
            "bufferView": 0,
            "byteOffset": 124768,
            "componentType": 5126,
            "count": 866,
            "max": [
                10.820804595947266,
                76.76978302001953,
                320.8930358886719
            ],
            "min": [
                -10.89809513092041,
                27.211885452270508,
                282.1919860839844
            ],
            "type": "VEC3"
        },
        {
            "bufferView": 0,
            "byteOffset": 135160,
            "componentType": 5126,
            "count": 866,
            "max": [
                0.9997823238372803,
                0.9978037476539612,
                0.9964017868041992
            ],
            "min": [
                -0.9997822046279907,
                -0.9997406601905823,
                -0.9784433841705322
            ],
            "type": "VEC3"
        },
        {
            "bufferView": 0,
            "byteOffset": 145552,
            "componentType": 5126,
            "count": 866,
            "max": [
                0.9957889914512634,
                0.9935917854309082
            ],
            "min": [
                -0.0007999506779015064,
                0.007715582847595215
            ],
            "type": "VEC2"
        },
        {
            "bufferView": 0,
            "byteOffset": 152480,
            "componentType": 5123,
            "count": 866,
            "max": [
                1,
                2,
                3,
                0
            ],
            "min": [
                0,
                0,
                0,
                0
            ],
            "type": "VEC4"
        },
        {
            "bufferView": 0,
            "byteOffset": 159408,
            "componentType": 5126,
            "count": 866,
            "max": [
                1,
                0.999549150466919,
                0.7510899901390076,
                0
            ],
            "min": [
                0.00045083052827976644,
                0,
                0,
                0
            ],
            "type": "VEC4"
        },
        {
            "bufferView": 2,
            "byteOffset": 20460,
            "componentType": 5123,
            "count": 4320,
            "max": [
                865
            ],
            "min": [
                0
            ],
            "type": "SCALAR"
        },
        {
            "bufferView": 1,
            "byteOffset": 2560,
            "componentType": 5126,
            "count": 4,
            "max": [
                9.1835153584551e-8,
                0.9999999999999909,
                2.07009564270704e-7,
                0,
                0.9999994902741307,
                9.778039746628393e-8,
                0.7573956711531282,
                0,
                0.7573956711531311,
                2.0704482039736957e-7,
                0.9074867665742392,
                0,
                -36.86445136870659,
                0.00007430062980971697,
                305.9995395479946,
                1
            ],
            "min": [
                3.9296660828972036e-8,
                0.9999999999999258,
                -2.6982759388554185e-7,
                0,
                -0.9074867665742312,
                -3.9539156299677707e-8,
                -0.0008987484459862569,
                0,
                -0.0008987484459781595,
                -2.6979219565031595e-7,
                -0.9999994902740893,
                0,
                -161.9745996045318,
                -0.00006535433016747165,
                -281.68698555749233,
                1
            ],
            "type": "MAT4"
        },
        {
            "bufferView": 0,
            "byteOffset": 173264,
            "componentType": 5126,
            "count": 1060,
            "max": [
                187.71084594726562,
                170.3489990234375,
                261.1980285644531
            ],
            "min": [
                -187.71083068847656,
                -74.32511138916016,
                138.30520629882812
            ],
            "type": "VEC3"
        },
        {
            "bufferView": 0,
            "byteOffset": 185984,
            "componentType": 5126,
            "count": 1060,
            "max": [
                0.9996835589408875,
                0.9954860806465149,
                0.9992513060569763
            ],
            "min": [
                -0.9997023344039917,
                -0.9998836517333984,
                -0.9997184872627258
            ],
            "type": "VEC3"
        },
        {
            "bufferView": 0,
            "byteOffset": 198704,
            "componentType": 5126,
            "count": 1060,
            "max": [
                1.9980638027191162,
                0.9889600872993469
            ],
            "min": [
                0.0029104305431246758,
                0.0047566890716552734
            ],
            "type": "VEC2"
        },
        {
            "bufferView": 0,
            "byteOffset": 207184,
            "componentType": 5123,
            "count": 1060,
            "max": [
                26,
                27,
                28,
                0
            ],
            "min": [
                0,
                0,
                0,
                0
            ],
            "type": "VEC4"
        },
        {
            "bufferView": 0,
            "byteOffset": 215664,
            "componentType": 5126,
            "count": 1060,
            "max": [
                1,
                0.9998912811279297,
                0.9895254373550415,
                0
            ],
            "min": [
                0.00010869833204196766,
                0,
                0,
                0
            ],
            "type": "VEC4"
        },
        {
            "bufferView": 2,
            "byteOffset": 29100,
            "componentType": 5123,
            "count": 4020,
            "max": [
                1059
            ],
            "min": [
                0
            ],
            "type": "SCALAR"
        },
        {
            "bufferView": 1,
            "byteOffset": 2816,
            "componentType": 5126,
            "count": 29,
            "max": [
                1.0000002384170743,
                0.9999999999999732,
                0.9866567900557561,
                0,
                0.9956403227070836,
                0.6676813482742591,
                0.9999999999997341,
                0,
                0.699146014530277,
                1.0000002980216263,
                1,
                0,
                210.286648834156,
                216.27325575336747,
                199.44230676614384,
                1
            ],
            "min": [
                -0.2818784507987309,
                -0.3456388546601668,
                -0.4646198714726638,
                0,
                -0.9999999999999732,
                -0.6676817987627105,
                -1.0000001192090093,
                0,
                -0.6991461577658385,
                -0.9999999999997746,
                -0.9956403227067425,
                0,
                -210.28652070980897,
                -216.27329699861073,
                -219.03602136677767,
                1
            ],
            "type": "MAT4"
        }
    ],
    "asset": {
        "generator": "ClayGL - fbx2gltf",
        "version": "2.0"
    },
    "bufferViews": [
        {
            "buffer": 0,
            "byteLength": 232624,
            "byteOffset": 0,
            "target": 34962
        },
        {
            "buffer": 0,
            "byteLength": 4672,
            "byteOffset": 232624,
            "target": 34962
        },
        {
            "buffer": 0,
            "byteLength": 37140,
            "byteOffset": 237296,
            "target": 34963
        }
    ],
    "buffers": [
        {
            "byteLength": 274436,
            "uri": "batrider.bin"
        }
    ],
    "images": [
        {
            "uri": "textures/batrider_color.png"
        },
        {
            "uri": "textures/batrider_belt_color.png"
        },
        {
            "uri": "textures/batrider_cloak_color.png"
        },
        {
            "uri": "textures/batrider_head_color.png"
        },
        {
            "uri": "textures/batrider_mount_color.png"
        }
    ],
    "materials": [
        {
            "emissiveFactor": [
                0,
                0,
                0
            ],
            "name": "Material #35",
            "pbrMetallicRoughness": {
                "baseColorFactor": [
                    1,
                    1,
                    1,
                    1
                ],
                "baseColorTexture": {
                    "index": 0,
                    "texCoord": 0
                },
                "metallicFactor": 0,
                "roughnessFactor": 0.9230769230769231
            }
        },
        {
            "emissiveFactor": [
                0,
                0,
                0
            ],
            "name": "Material #46",
            "pbrMetallicRoughness": {
                "baseColorFactor": [
                    1,
                    1,
                    1,
                    1
                ],
                "baseColorTexture": {
                    "index": 1,
                    "texCoord": 0
                },
                "metallicFactor": 0,
                "roughnessFactor": 0.9230769230769231
            }
        },
        {
            "emissiveFactor": [
                0,
                0,
                0
            ],
            "name": "Material #57",
            "pbrMetallicRoughness": {
                "baseColorFactor": [
                    1,
                    1,
                    1,
                    1
                ],
                "baseColorTexture": {
                    "index": 2,
                    "texCoord": 0
                },
                "metallicFactor": 0,
                "roughnessFactor": 0.9230769230769231
            }
        },
        {
            "emissiveFactor": [
                0,
                0,
                0
            ],
            "name": "Material #68",
            "pbrMetallicRoughness": {
                "baseColorFactor": [
                    1,
                    1,
                    1,
                    1
                ],
                "baseColorTexture": {
                    "index": 3,
                    "texCoord": 0
                },
                "metallicFactor": 0,
                "roughnessFactor": 0.9230769230769231
            }
        },
        {
            "emissiveFactor": [
                0,
                0,
                0
            ],
            "name": "Material #90",
            "pbrMetallicRoughness": {
                "baseColorFactor": [
                    1,
                    1,
                    1,
                    1
                ],
                "baseColorTexture": {
                    "index": 4,
                    "texCoord": 0
                },
                "metallicFactor": 0,
                "roughnessFactor": 0.9230769230769231
            }
        }
    ],
    "meshes": [
        {
            "name": "batrider_model_LOD0",
            "primitives": [
                {
                    "attributes": {
                        "JOINTS_0": 3,
                        "NORMAL": 1,
                        "POSITION": 0,
                        "TEXCOORD_0": 2,
                        "WEIGHTS_0": 4
                    },
                    "indices": 5,
                    "material": 0
                }
            ]
        },
        {
            "name": "batrider_belt_model_LOD0",
            "primitives": [
                {
                    "attributes": {
                        "JOINTS_0": 10,
                        "NORMAL": 8,
                        "POSITION": 7,
                        "TEXCOORD_0": 9,
                        "WEIGHTS_0": 11
                    },
                    "indices": 12,
                    "material": 1
                }
            ]
        },
        {
            "name": "batrider_cloak_model_LOD0",
            "primitives": [
                {
                    "attributes": {
                        "JOINTS_0": 17,
                        "NORMAL": 15,
                        "POSITION": 14,
                        "TEXCOORD_0": 16,
                        "WEIGHTS_0": 18
                    },
                    "indices": 19,
                    "material": 2
                }
            ]
        },
        {
            "name": "batrider_head_model_LOD0",
            "primitives": [
                {
                    "attributes": {
                        "JOINTS_0": 24,
                        "NORMAL": 22,
                        "POSITION": 21,
                        "TEXCOORD_0": 23,
                        "WEIGHTS_0": 25
                    },
                    "indices": 26,
                    "material": 3
                }
            ]
        },
        {
            "name": "batrider_mount_model_LOD0",
            "primitives": [
                {
                    "attributes": {
                        "JOINTS_0": 31,
                        "NORMAL": 29,
                        "POSITION": 28,
                        "TEXCOORD_0": 30,
                        "WEIGHTS_0": 32
                    },
                    "indices": 33,
                    "material": 4
                }
            ]
        }
    ],
    "nodes": [
        {
            "children": [
                1,
                4,
                28,
                31,
                50
            ],
            "matrix": [
                1.6292068478213574e-7,
                1.469367938527879e-39,
                1.0000000000000002,
                0,
                1.0000000000000002,
                6.123233995736847e-17,
                -1.6292068478213574e-7,
                0,
                -6.123233995736685e-17,
                1,
                9.976014756666736e-24,
                0,
                -2.4660236011423212e-14,
                203.42486572265625,
                -22.08538818359375,
                1
            ],
            "name": "root"
        },
        {
            "children": [
                2
            ],
            "matrix": [
                -0.9663059711456301,
                -3.1486246105623386e-7,
                -0.25739577412605286,
                0,
                -1.642398071311356e-7,
                1.0000000000000002,
                -6.06678781948989e-7,
                0,
                0.25739577412621834,
                -5.439626972657798e-7,
                -0.9663059711455861,
                0,
                -40.65380859375,
                -0.000007223947250167838,
                -13.740158081054688,
                1
            ],
            "name": "tail0_0"
        },
        {
            "children": [
                3
            ],
            "matrix": [
                0.9861021637916565,
                9.333022887858528e-8,
                -0.16614091396331787,
                0,
                -9.464559789598444e-8,
                1.0000000000000002,
                1.3234889800848443e-22,
                0,
                0.16614091396331648,
                1.5724506137043272e-8,
                0.9861021637916569,
                0,
                47.84079360961914,
                0.0000064260530052706735,
                0.00003051757809657829,
                1
            ],
            "name": "tail0_1"
        },
        {
            "matrix": [
                1.0000000000000004,
                -7.10542743701034e-15,
                -7.450580555290465e-9,
                0,
                7.105426934084528e-15,
                1,
                -5.684341867551956e-14,
                0,
                7.4505805691682525e-9,
                5.684341869206317e-14,
                1.0000000000000002,
                0,
                27.107337951660156,
                1.1055817594751716e-7,
                0.0000152587890625,
                1
            ],
            "name": "tail0_2"
        },
        {
            "children": [
                5,
                21,
                24,
                27
            ],
            "matrix": [
                0.3722538352012639,
                6.064783519832423e-8,
                0.9281309843063354,
                0,
                -2.4406046231845597e-7,
                1,
                3.2543475469993904e-8,
                0,
                -0.9281309843063301,
                -2.386345106763705e-7,
                0.37225383520127725,
                0,
                -50.82263946533203,
                -0.0000060332258726702995,
                51.40155029296875,
                1
            ],
            "name": "spine1_1"
        },
        {
            "children": [
                6
            ],
            "matrix": [
                0.9460278749465948,
                4.110446738536666e-8,
                -0.3240853846073152,
                0,
                -4.324996953113033e-8,
                1,
                5.825335769316098e-10,
                0,
                0.3240853846073146,
                1.3465590007881395e-8,
                0.9460278749465947,
                0,
                17.52159118652341,
                7.108465069904923e-7,
                -0.0000152587890625,
                1
            ],
            "name": "spine1_2"
        },
        {
            "children": [
                7,
                12,
                17,
                19
            ],
            "matrix": [
                0.9107164144515993,
                -9.992007221626409e-15,
                -0.41303253173828136,
                0,
                1.7013755029697856e-14,
                0.9999999999999998,
                1.332267618962276e-14,
                0,
                0.41303253173828136,
                -1.9160414318377173e-14,
                0.9107164144515992,
                0,
                18.86119079589841,
                6.244345058803447e-7,
                -0.00001525878909092171,
                1
            ],
            "name": "spine1_3"
        },
        {
            "children": [
                8
            ],
            "matrix": [
                -0.2237851619720459,
                0.9616579413414005,
                0.15853752195835125,
                0,
                0.03593302584604835,
                -0.15441167295559832,
                0.9873529471703744,
                0,
                0.9739760065576433,
                0.22665170931635825,
                -2.3841857438311465e-7,
                0,
                3.712310791015625,
                6.255543708801271,
                -4.22857666015625,
                1
            ],
            "name": "clavicle_A_L"
        },
        {
            "children": [
                9
            ],
            "matrix": [
                0.2578597068786621,
                -0.9527074098587035,
                0.16080164909362787,
                0,
                -0.8444703651547268,
                -0.30309754741373185,
                -0.4415899893116292,
                0,
                0.46944462498872663,
                -0.02192396140353542,
                -0.8826897900488342,
                0,
                16.856998443603523,
                5.684341886080802e-14,
                -0.000030517578125,
                1
            ],
            "name": "bicep_A_L"
        },
        {
            "children": [
                10
            ],
            "matrix": [
                0.8587688207626343,
                -4.47034835468485e-8,
                -0.512363076210022,
                0,
                1.409593763865291e-7,
                0.9999997615814146,
                1.4901160550612191e-7,
                0,
                0.5123630186895305,
                -2.001889257488565e-7,
                0.8587687243528852,
                0,
                23.271865844726534,
                0,
                -0.000026702880859375,
                1
            ],
            "name": "elbow_A_L"
        },
        {
            "children": [
                11
            ],
            "matrix": [
                0.8353114724159235,
                -0.046739056706428535,
                -0.5477866530418393,
                0,
                -0.24004977191138835,
                0.865377093456568,
                -0.4398851927732433,
                0,
                0.4946017759133641,
                0.4989371439214291,
                0.7116396211377959,
                0,
                30.01725769042966,
                -0.0000152587890625,
                -0.000030517578125,
                1
            ],
            "name": "wrist_A_L"
        },
        {
            "matrix": [
                0.9999999999999999,
                1.4901156752955553e-8,
                -8.940699558479521e-8,
                0,
                -1.490115586477829e-8,
                1.000000119209293,
                2.9802293965985793e-8,
                0,
                8.940699602888352e-8,
                -2.980228908100827e-8,
                0.9999999999999959,
                0,
                13.63696098327637,
                -0.19012069702149148,
                -0.400726318359375,
                1
            ],
            "name": "LeftHand0_0_L"
        },
        {
            "children": [
                13
            ],
            "matrix": [
                0.22378507256507893,
                0.9616581201553345,
                -0.15853750705719002,
                0,
                -0.03593256088565561,
                -0.1544117629201161,
                -0.9873530832575099,
                0,
                -0.9739758995606457,
                0.22665147802330107,
                -2.0861625604773337e-7,
                0,
                3.7123260498046875,
                -6.255545616149902,
                -4.228576660156364,
                1
            ],
            "name": "clavicle_A_R"
        },
        {
            "children": [
                14
            ],
            "matrix": [
                0.25786039233207725,
                -0.9527071118354801,
                0.16080087423324602,
                0,
                -0.8444703335919055,
                -0.30309786675232325,
                -0.44158989833160567,
                0,
                0.4694443121611517,
                -0.02192302690691378,
                -0.8826899656853247,
                0,
                -16.856998443603523,
                0.00006103515619315658,
                0.000053405761732960855,
                1
            ],
            "name": "bicep_A_R"
        },
        {
            "children": [
                15
            ],
            "matrix": [
                0.8587687611579895,
                5.9604644740696155e-8,
                -0.5123637318611143,
                0,
                -1.0496876599527805e-7,
                0.9999999999999947,
                -5.9604633166621124e-8,
                0,
                0.5123635961045658,
                1.0496875777268877e-7,
                0.8587685336175344,
                0,
                -23.271926879882784,
                0.00003051757815342171,
                0.000022888183600855427,
                1
            ],
            "name": "elbow_A_R"
        },
        {
            "children": [
                16
            ],
            "matrix": [
                0.8353111147880548,
                -0.046739496290683705,
                -0.5477870702743529,
                0,
                -0.24004976885806292,
                0.865376921097096,
                -0.43988537608677153,
                0,
                0.49460228095259,
                0.4989372749911046,
                0.7116391147572211,
                0,
                -30.01721191406247,
                0.0000152587890625,
                -0.000030517578125,
                1
            ],
            "name": "wrist_A_R"
        },
        {
            "matrix": [
                1,
                2.8870987378582064e-8,
                2.842170932452489e-14,
                0,
                -2.8870985657744158e-8,
                0.9999999403953559,
                2.49594563683787e-7,
                0,
                -2.1215665887734864e-14,
                -2.495945636837887e-7,
                0.9999999403953592,
                0,
                -13.636994361877443,
                0.19007492065429688,
                0.40069580078125,
                1
            ],
            "name": "RightHand1_0_R"
        },
        {
            "children": [
                18
            ],
            "matrix": [
                -0.978095531463623,
                -3.18703911089155e-7,
                0.20815682411193853,
                0,
                -4.069005596842313e-7,
                0.9999999999999998,
                -3.8088450103083335e-7,
                0,
                -0.20815682411179584,
                -4.5724055669520323e-7,
                -0.9780955314636535,
                0,
                -23.209472656249986,
                0.005287734791636469,
                10.341339111328125,
                1
            ],
            "name": "cape4_0"
        },
        {
            "matrix": [
                0.9750514030456547,
                2.1636182623296891e-7,
                -0.22197946906089794,
                0,
                -3.277459258800787e-7,
                1.0000000000000002,
                -4.6494074013027183e-7,
                0,
                0.22197946906078686,
                5.260939876108138e-7,
                0.9750514030456797,
                0,
                29.414253234863274,
                0.000008701812475919724,
                -0.000030517578125,
                1
            ],
            "name": "cape55_0"
        },
        {
            "children": [
                20
            ],
            "matrix": [
                -0.9078641533851626,
                1.3708367411902083e-7,
                0.41926482319831865,
                0,
                1.4381980592190363e-8,
                1,
                -2.9581968870787813e-7,
                0,
                -0.4192648231983513,
                -2.625342326932088e-7,
                -0.9078641533851477,
                0,
                18.669174194335938,
                -3.3130345400422473e-7,
                0.00006103515625,
                1
            ],
            "name": "head1"
        },
        {
            "matrix": [
                1.0000002384185789,
                -4.440892098500626e-15,
                0,
                0,
                4.440890986769883e-15,
                0.9999999999999998,
                -4.768371582031249e-7,
                0,
                0,
                4.768372718899626e-7,
                1.0000002384185789,
                0,
                13.149604797363274,
                -0.000006257025233935565,
                -12.749633789062443,
                1
            ],
            "name": "hair3_0"
        },
        {
            "children": [
                22
            ],
            "matrix": [
                0.14144453406333923,
                0.22486647963523856,
                0.9640687704086307,
                0,
                -0.2765648972761155,
                0.9440590490873833,
                -0.17962270661373686,
                0,
                -0.9505289082153359,
                -0.2412209141363106,
                0.19572215396262765,
                0,
                -3.4309539794921875,
                -11.14328956604004,
                1.913223266601591,
                1
            ],
            "name": "thigh_R"
        },
        {
            "children": [
                23
            ],
            "matrix": [
                0.8418314456939695,
                8.940696713879981e-8,
                -0.5397405624389648,
                0,
                -4.1192964475578187e-7,
                0.9999998807906415,
                -4.768371876864852e-7,
                0,
                0.5397404811910871,
                6.237516576856894e-7,
                0.8418313189720454,
                0,
                -35.77320861816406,
