{
    "accessors": {
        "attrbute_1": {
            "bufferView": "bufferView_37",
            "byteOffset": 0,
            "byteStride": 12,
            "count": 2526,
            "max": [
                56.82662582397461,
                17.699003219604492,
                175.7831268310547,
                0
            ],
            "min": [
                -56.82667541503906,
                -42.608882904052734,
                -1.006155252456665,
                0
            ],
            "type": 35665
        },
        "attrbute_10": {
            "bufferView": "bufferView_37",
            "byteOffset": 162376,
            "byteStride": 16,
            "count": 338,
            "max": [
                1,
                -1,
                -1,
                -1
            ],
            "min": [
                0,
                -1,
                -1,
                -1
            ],
            "type": 35666
        },
        "attrbute_11": {
            "bufferView": "bufferView_37",
            "byteOffset": 167784,
            "byteStride": 12,
            "count": 338,
            "max": [
                1,
                0,
                0
            ],
            "min": [
                1,
                0,
                0
            ],
            "type": 35665
        },
        "attrbute_13": {
            "bufferView": "bufferView_37",
            "byteOffset": 171840,
            "byteStride": 12,
            "count": 310,
            "max": [
                31.296104431152344,
                54.300594329833984,
                155.31216430664062,
                0
            ],
            "min": [
                -33.21979522705078,
                4.716601848602295,
                97.24321746826172,
                0
            ],
            "type": 35665
        },
        "attrbute_14": {
            "bufferView": "bufferView_37",
            "byteOffset": 175560,
            "byteStride": 12,
            "count": 310,
            "max": [
                0.9948266744613647,
                0.9739751815795898,
                0.967905580997467,
                0
            ],
            "min": [
                -0.9917058944702148,
                -0.887614369392395,
                -0.9189322590827942,
                0
            ],
            "type": 35665
        },
        "attrbute_15": {
            "bufferView": "bufferView_37",
            "byteOffset": 179280,
            "byteStride": 8,
            "count": 310,
            "max": [
                0.9900733232498169,
                0.990654468536377
            ],
            "min": [
                0.00918988324701786,
                0.009540915489196777
            ],
            "type": 35664
        },
        "attrbute_16": {
            "bufferView": "bufferView_37",
            "byteOffset": 181760,
            "byteStride": 16,
            "count": 310,
            "max": [
                1,
                4,
                5,
                -1
            ],
            "min": [
                0,
                -1,
                -1,
                -1
            ],
            "type": 35666
        },
        "attrbute_17": {
            "bufferView": "bufferView_37",
            "byteOffset": 186720,
            "byteStride": 12,
            "count": 310,
            "max": [
                1,
                0.9991701245307922,
                0.2661858797073364
            ],
            "min": [
                0.0008298560278490186,
                0,
                0
            ],
            "type": 35665
        },
        "attrbute_19": {
            "bufferView": "bufferView_37",
            "byteOffset": 190440,
            "byteStride": 12,
            "count": 158,
            "max": [
                23.796039581298828,
                -8.915882110595703,
                151.85279846191406,
                0
            ],
            "min": [
                -23.796035766601562,
                -27.473833084106445,
                106.11502075195312,
                0
            ],
            "type": 35665
        },
        "attrbute_2": {
            "bufferView": "bufferView_37",
            "byteOffset": 30312,
            "byteStride": 12,
            "count": 2526,
            "max": [
                0.9992456436157227,
                0.9983775615692139,
                0.9996766448020935,
                0
            ],
            "min": [
                -0.9992454051971436,
                -0.9996747374534607,
                -0.9999882578849792,
                0
            ],
            "type": 35665
        },
        "attrbute_20": {
            "bufferView": "bufferView_37",
            "byteOffset": 192336,
            "byteStride": 12,
            "count": 158,
            "max": [
                0.9843106865882874,
                0.9937484860420227,
                0.9896083474159241,
                0
            ],
            "min": [
                -0.9843106865882874,
                -0.9962903261184692,
                -0.8632351756095886,
                0
            ],
            "type": 35665
        },
        "attrbute_21": {
            "bufferView": "bufferView_37",
            "byteOffset": 194232,
            "byteStride": 8,
            "count": 158,
            "max": [
                0.9881725311279297,
                0.9898571968078613
            ],
            "min": [
                0.010492682456970215,
                0.008356988430023193
            ],
            "type": 35664
        },
        "attrbute_22": {
            "bufferView": "bufferView_37",
            "byteOffset": 195496,
            "byteStride": 16,
            "count": 158,
            "max": [
                0,
                1,
                -1,
                -1
            ],
            "min": [
                0,
                -1,
                -1,
                -1
            ],
            "type": 35666
        },
        "attrbute_23": {
            "bufferView": "bufferView_37",
            "byteOffset": 198024,
            "byteStride": 12,
            "count": 158,
            "max": [
                1,
                0.01500160712748766,
                0
            ],
            "min": [
                0.9849984049797058,
                0,
                0
            ],
            "type": 35665
        },
        "attrbute_25": {
            "bufferView": "bufferView_37",
            "byteOffset": 199920,
            "byteStride": 12,
            "count": 356,
            "max": [
                29.478580474853516,
                11.534549713134766,
                141.0565185546875,
                0
            ],
            "min": [
                -29.478567123413086,
                -25.967744827270508,
                105.75023651123047,
                0
            ],
            "type": 35665
        },
        "attrbute_26": {
            "bufferView": "bufferView_37",
            "byteOffset": 204192,
            "byteStride": 12,
            "count": 356,
            "max": [
                0.9963285326957703,
                0.8985085487365723,
                0.9998378753662109,
                0
            ],
            "min": [
                -0.9963285326957703,
                -0.9882636666297913,
                -0.9693880677223206,
                0
            ],
            "type": 35665
        },
        "attrbute_27": {
            "bufferView": "bufferView_37",
            "byteOffset": 208464,
            "byteStride": 8,
            "count": 356,
            "max": [
                0.986049234867096,
                0.9950720071792603
            ],
            "min": [
                0.013119714334607124,
                -0.9926091432571411
            ],
            "type": 35664
        },
        "attrbute_28": {
            "bufferView": "bufferView_37",
            "byteOffset": 211312,
            "byteStride": 16,
            "count": 356,
            "max": [
                7,
                6,
                7,
                -1
            ],
            "min": [
                0,
                -1,
                -1,
                -1
            ],
            "type": 35666
        },
        "attrbute_29": {
            "bufferView": "bufferView_37",
            "byteOffset": 217008,
            "byteStride": 12,
            "count": 356,
            "max": [
                1,
                0.9871789813041687,
                0.47106480598449707
            ],
            "min": [
                0.012820998206734657,
                0,
                0
            ],
            "type": 35665
        },
        "attrbute_3": {
            "bufferView": "bufferView_37",
            "byteOffset": 60624,
            "byteStride": 8,
            "count": 2526,
            "max": [
                0.9956589937210083,
                0.9950274229049683
            ],
            "min": [
                0.0028513018041849136,
                0.007555186748504639
            ],
            "type": 35664
        },
        "attrbute_31": {
            "bufferView": "bufferView_37",
            "byteOffset": 221280,
            "byteStride": 12,
            "count": 91,
            "max": [
                23.162572860717773,
                16.662471771240234,
                70.46119689941406,
                0
            ],
            "min": [
                -22.722606658935547,
                -19.694915771484375,
                31.322784423828125,
                0
            ],
            "type": 35665
        },
        "attrbute_32": {
            "bufferView": "bufferView_37",
            "byteOffset": 222372,
            "byteStride": 12,
            "count": 91,
            "max": [
                0.9576138854026794,
                0.9778079390525818,
                0.6315410733222961,
                0
            ],
            "min": [
                -0.9821781516075134,
                -0.957539975643158,
                -0.9673156142234802,
                0
            ],
            "type": 35665
        },
        "attrbute_33": {
            "bufferView": "bufferView_37",
            "byteOffset": 223464,
            "byteStride": 8,
            "count": 91,
            "max": [
                0.9920083284378052,
                0.9919309020042419
            ],
            "min": [
                0.00982886552810669,
                0.009430468082427979
            ],
            "type": 35664
        },
        "attrbute_34": {
            "bufferView": "bufferView_37",
            "byteOffset": 224192,
            "byteStride": 16,
            "count": 91,
            "max": [
                5,
                5,
                5,
                -1
            ],
            "min": [
                0,
                -1,
                -1,
                -1
            ],
            "type": 35666
        },
        "attrbute_35": {
            "bufferView": "bufferView_37",
            "byteOffset": 225648,
            "byteStride": 12,
            "count": 91,
            "max": [
                1,
                0.9997750520706177,
                0.9913865923881531
            ],
            "min": [
                0.0002248926175525412,
                0,
                0
            ],
            "type": 35665
        },
        "attrbute_4": {
            "bufferView": "bufferView_37",
            "byteOffset": 80832,
            "byteStride": 16,
            "count": 2526,
            "max": [
                44,
                44,
                44,
                -1
            ],
            "min": [
                0,
                -1,
                -1,
                -1
            ],
            "type": 35666
        },
        "attrbute_5": {
            "bufferView": "bufferView_37",
            "byteOffset": 121248,
            "byteStride": 12,
            "count": 2526,
            "max": [
                1,
                0.99989253282547,
                0.9979349970817566
            ],
            "min": [
                0.00010743770690169185,
                0,
                0
            ],
            "type": 35665
        },
        "attrbute_7": {
            "bufferView": "bufferView_37",
            "byteOffset": 151560,
            "byteStride": 12,
            "count": 338,
            "max": [
                46.81418991088867,
                20.631288528442383,
                118.52763366699219,
                0
            ],
            "min": [
                -46.81418228149414,
                -4.651492118835449,
                84.85316467285156,
                0
            ],
            "type": 35665
        },
        "attrbute_8": {
            "bufferView": "bufferView_37",
            "byteOffset": 155616,
            "byteStride": 12,
            "count": 338,
            "max": [
                0.9994655251502991,
                0.997114896774292,
                0.9132360816001892,
                0
            ],
            "min": [
                -0.9994654655456543,
                -0.9895675182342529,
                -0.8805094957351685,
                0
            ],
            "type": 35665
        },
        "attrbute_9": {
            "bufferView": "bufferView_37",
            "byteOffset": 159672,
            "byteStride": 8,
            "count": 338,
            "max": [
                0.9852622747421265,
                0.9869402647018433
            ],
            "min": [
                0.014304354786872864,
                0.011795639991760254
            ],
            "type": 35664
        },
        "indices_12": {
            "bufferView": "bufferView_39",
            "byteOffset": 23040,
            "count": 1440,
            "type": 5123
        },
        "indices_18": {
            "bufferView": "bufferView_39",
            "byteOffset": 25920,
            "count": 1260,
            "type": 5123
        },
        "indices_24": {
            "bufferView": "bufferView_39",
            "byteOffset": 28440,
            "count": 612,
            "type": 5123
        },
        "indices_30": {
            "bufferView": "bufferView_39",
            "byteOffset": 29664,
            "count": 1380,
            "type": 5123
        },
        "indices_36": {
            "bufferView": "bufferView_39",
            "byteOffset": 32424,
            "count": 387,
            "type": 5123
        },
        "indices_6": {
            "bufferView": "bufferView_39",
            "byteOffset": 0,
            "count": 11520,
            "type": 5123
        }
    },
    "animations": {},
    "asset": {},
    "bufferViews": {
        "bufferView_37": {
            "buffer": "dark_seer.bin",
            "byteLength": 226740,
            "byteOffset": 0,
            "target": 34962
        },
        "bufferView_38": {
            "buffer": "dark_seer.bin",
            "byteLength": 5568,
            "byteOffset": 226740
        },
        "bufferView_39": {
            "buffer": "dark_seer.bin",
            "byteLength": 33198,
            "byteOffset": 232308,
            "target": 34963
        }
    },
    "buffers": {
        "dark_seer.bin": {
            "byteLength": 265506,
            "path": "dark_seer.bin"
        }
    },
    "cameras": {},
    "images": {
        "image_0": {
            "path": "textures/dark_seer_body_color.png"
        },
        "image_1": {
            "path": "textures/dark_seer_arm_color.png"
        },
        "image_2": {
            "path": "textures/dark_seer_back_color.png"
        },
        "image_3": {
            "path": "textures/dark_seer_head_color.png"
        },
        "image_4": {
            "path": "textures/dark_seer_neck_color.png"
        },
        "image_5": {
            "path": "textures/dark_seer_waist_color.png"
        }
    },
    "lights": {},
    "materials": {
        "Material #35": {
            "instanceTechnique": {
                "technique": "technique_0",
                "values": {
                    "ambient": [
                        0.5879999995231628,
                        0.5879999995231628,
                        0.5879999995231628
                    ],
                    "diffuse": "Map #13",
                    "emission": [
                        0,
                        0,
                        0
                    ],
                    "shininess": 2,
                    "specular": [
                        0.8999999761581421,
                        0.8999999761581421,
                        0.8999999761581421
                    ],
                    "transparency": 1
                }
            },
            "name": "Material #35"
        },
        "Material #46": {
            "instanceTechnique": {
                "technique": "technique_0",
                "values": {
                    "ambient": [
                        0.5879999995231628,
                        0.5879999995231628,
                        0.5879999995231628
                    ],
                    "diffuse": "Map #8",
                    "emission": [
                        0,
                        0,
                        0
                    ],
                    "shininess": 2,
                    "specular": [
                        0.8999999761581421,
                        0.8999999761581421,
                        0.8999999761581421
                    ],
                    "transparency": 1
                }
            },
            "name": "Material #46"
        },
        "Material #57": {
            "instanceTechnique": {
                "technique": "technique_0",
                "values": {
                    "ambient": [
                        0.5879999995231628,
                        0.5879999995231628,
                        0.5879999995231628
                    ],
                    "diffuse": "Map #9",
                    "emission": [
                        0,
                        0,
                        0
                    ],
                    "shininess": 2,
                    "specular": [
                        0.8999999761581421,
                        0.8999999761581421,
                        0.8999999761581421
                    ],
                    "transparency": 1
                }
            },
            "name": "Material #57"
        },
        "Material #68": {
            "instanceTechnique": {
                "technique": "technique_0",
                "values": {
                    "ambient": [
                        0.5879999995231628,
                        0.5879999995231628,
                        0.5879999995231628
                    ],
                    "diffuse": "Map #10",
                    "emission": [
                        0,
                        0,
                        0
                    ],
                    "shininess": 2,
                    "specular": [
                        0.8999999761581421,
                        0.8999999761581421,
                        0.8999999761581421
                    ],
                    "transparency": 1
                }
            },
            "name": "Material #68"
        },
        "Material #79": {
            "instanceTechnique": {
                "technique": "technique_0",
                "values": {
                    "ambient": [
                        0.5879999995231628,
                        0.5879999995231628,
                        0.5879999995231628
                    ],
                    "diffuse": "Map #11",
                    "emission": [
                        0,
                        0,
                        0
                    ],
                    "shininess": 2,
                    "specular": [
                        0.8999999761581421,
                        0.8999999761581421,
                        0.8999999761581421
                    ],
                    "transparency": 1
                }
            },
            "name": "Material #79"
        },
        "Material #90": {
            "instanceTechnique": {
                "technique": "technique_0",
                "values": {
                    "ambient": [
                        0.5879999995231628,
                        0.5879999995231628,
                        0.5879999995231628
                    ],
                    "diffuse": "Map #12",
                    "emission": [
                        0,
                        0,
                        0
                    ],
                    "shininess": 2,
                    "specular": [
                        0.8999999761581421,
                        0.8999999761581421,
                        0.8999999761581421
                    ],
                    "transparency": 1
                }
            },
            "name": "Material #90"
        }
    },
    "meshes": {
        "dark_seer_arm_model_LOD0-mesh": {
            "name": "dark_seer_arm_model_LOD0-mesh",
            "primitives": [
                {
                    "attributes": {
                        "JOINT": "attrbute_10",
                        "NORMAL": "attrbute_8",
                        "POSITION": "attrbute_7",
                        "TEXCOORD_0": "attrbute_9",
                        "WEIGHT": "attrbute_11"
                    },
                    "indices": "indices_12",
                    "material": "Material #46"
                }
            ]
        },
        "dark_seer_back_model_LOD0-mesh": {
            "name": "dark_seer_back_model_LOD0-mesh",
            "primitives": [
                {
                    "attributes": {
                        "JOINT": "attrbute_16",
                        "NORMAL": "attrbute_14",
                        "POSITION": "attrbute_13",
                        "TEXCOORD_0": "attrbute_15",
                        "WEIGHT": "attrbute_17"
                    },
                    "indices": "indices_18",
                    "material": "Material #57"
                }
            ]
        },
        "dark_seer_head_model-mesh": {
            "name": "dark_seer_head_model-mesh",
            "primitives": [
                {
                    "attributes": {
                        "JOINT": "attrbute_22",
                        "NORMAL": "attrbute_20",
                        "POSITION": "attrbute_19",
                        "TEXCOORD_0": "attrbute_21",
                        "WEIGHT": "attrbute_23"
                    },
                    "indices": "indices_24",
                    "material": "Material #68"
                }
            ]
        },
        "dark_seer_model_LOD0-mesh": {
            "name": "dark_seer_model_LOD0-mesh",
            "primitives": [
                {
                    "attributes": {
                        "JOINT": "attrbute_4",
                        "NORMAL": "attrbute_2",
                        "POSITION": "attrbute_1",
                        "TEXCOORD_0": "attrbute_3",
                        "WEIGHT": "attrbute_5"
                    },
                    "indices": "indices_6",
                    "material": "Material #35"
                }
            ]
        },
        "dark_seer_neck_model_LOD0-mesh": {
            "name": "dark_seer_neck_model_LOD0-mesh",
            "primitives": [
                {
                    "attributes": {
                        "JOINT": "attrbute_28",
                        "NORMAL": "attrbute_26",
                        "POSITION": "attrbute_25",
                        "TEXCOORD_0": "attrbute_27",
                        "WEIGHT": "attrbute_29"
                    },
                    "indices": "indices_30",
                    "material": "Material #79"
                }
            ]
        },
        "dark_seer_waist_model-mesh": {
            "name": "dark_seer_waist_model-mesh",
            "primitives": [
                {
                    "attributes": {
                        "JOINT": "attrbute_34",
                        "NORMAL": "attrbute_32",
                        "POSITION": "attrbute_31",
                        "TEXCOORD_0": "attrbute_33",
                        "WEIGHT": "attrbute_35"
                    },
                    "indices": "indices_36",
                    "material": "Material #90"
                }
            ]
        }
    },
    "nodes": {
        "Head_0": {
            "children": [
                "Head_1"
            ],
            "jointId": "Head_0",
            "matrix": [
                0.9998104572296143,
                4.7674666348029865e-7,
                -0.019478529691696167,
                0,
                -4.7232269905856855e-7,
                1.0000000000000002,
                2.3171614316197483e-7,
                0,
                0.019478529691802304,
                -2.2247207132453178e-7,
                0.999810457229612,
                0,
                16.48540878295899,
                0.000004768369763041849,
                1.1375808715820312,
                1
            ],
            "name": "Head_0"
        },
        "Head_1": {
            "children": [
                "beard0_0"
            ],
            "jointId": "Head_1",
            "matrix": [
                0.8474214673042294,
                -8.081641453827612e-7,
                -0.5309206247329713,
                0,
                9.536743834843464e-7,
                1,
                -2.117582368135751e-22,
                0,
                0.5309206247326244,
                -5.063253994710097e-7,
                0.8474214673044463,
                0,
                9.892417907714844,
                -0.000013763155948254283,
                0.00000762939453125,
                1
            ],
            "name": "Head_1"
        },
        "Root_0": {
            "children": [
                "thigh_R",
                "thigh_L",
                "Skirt_R0C0",
                "Spine_0"
            ],
            "jointId": "Root_0",
            "matrix": [
                -1.629206851037603e-7,
                -1.0000000000000002,
                0,
                0,
                1.0000000000000002,
                -1.629206851037603e-7,
                0,
                0,
                0,
                0,
                1,
                0,
                0,
                -6.980686187744141,
                75.64407348632812,
                1
            ],
            "name": "Root_0"
        },
        "Skirt_R0C0": {
            "children": [
                "Skirt_R1C0"
            ],
            "jointId": "Skirt_R0C0",
            "matrix": [
                -0.2662862539291381,
                -2.77229844425778e-7,
                -0.9638940095901487,
                0,
                -0.9638940095901395,
                -1.253308084888375e-7,
                0.2662862539291713,
                0,
                -1.946281062831251e-7,
                0.9999999999999999,
                -2.338463076351772e-7,
                0,
                -12.381492614746094,
                -1.0349140167236328,
                -5.8463592529296875,
                1
            ],
            "name": "Skirt_R0C0"
        },
        "Skirt_R1C0": {
            "children": [
                "Skirt_R2C0"
            ],
            "jointId": "Skirt_R1C0",
            "matrix": [
                0.963894069194794,
                -0.26628607511520386,
                9.536743164062499e-7,
                0,
                0.26628607511520397,
                0.9638940691947939,
                8.175866667874529e-16,
                0,
                -9.192409713885475e-7,
                2.5395017705943485e-7,
                0.9999999999999998,
                0,
                6.595340728759773,
                0.0000019073486292597863,
                0.000001668930053932982,
                1
            ],
            "name": "Skirt_R1C0"
        },
        "Skirt_R2C0": {
            "children": [],
            "jointId": "Skirt_R2C0",
            "matrix": [
                0.9999999999999999,
                7.940933880509066e-23,
                -2.3215261535369812e-7,
                0,
                -2.321526153536979e-7,
                3.139165017431389e-7,
                -0.9999999999999999,
                0,
                7.28765368218246e-14,
                1,
                3.1391650174312213e-7,
                0,
                7.9037437438964915,
                0.0000019073486337006784,
                -0.000001668930053488893,
                1
            ],
            "name": "Skirt_R2C0"
        },
        "Spine_0": {
            "children": [
                "Spine_1"
            ],
            "jointId": "Spine_0",
            "matrix": [
                -0.2763600945472714,
                -6.588938097345096e-8,
                0.9610540866851806,
                0,
                -4.6755175332969893e-7,
                1.0000000000000002,
                -6.588938818302986e-8,
                0,
                -0.9610540866851722,
                -4.675517208222504e-7,
                -0.27636009454730104,
                0,
                -3.2889697551727295,
                3.647744506452021e-8,
                13.093124389648438,
                1
            ],
            "name": "Spine_0"
        },
        "Spine_1": {
            "children": [
                "Spine_2"
            ],
            "jointId": "Spine_1",
            "matrix": [
                0.999594211578369,
                7.105427357601002e-15,
                -0.02848652005195612,
                0,
                -7.66516228014216e-15,
                1.0000000000000002,
                -1.953992522678531e-14,
                0,
                0.028486520051956232,
                1.9750349866471715e-14,
                0.999594211578369,
                0,
                11.106025695800781,
                2.9822331271134317e-9,
                -0.000003814697269177714,
                1
            ],
            "name": "Spine_1"
        },
        "Spine_2": {
            "children": [
                "clavicle_R",
                "Head_0",
                "clavicle_L"
            ],
            "jointId": "Spine_2",
            "matrix": [
                0.32182037830352817,
                -2.4868995718516282e-14,
                -0.9468008279800414,
                0,
                4.59195873851847e-14,
                1,
                -1.0658140983461944e-14,
                0,
                0.9468008279800416,
                -4.004669642297228e-14,
                0.32182037830352805,
                0,
                19.532348632812486,
                -0.0000010444614417792764,
                -2.0130767822265625,
                1
            ],
            "name": "Spine_2"
        },
        "ankle_L": {
            "children": [
                "toeBall_L"
            ],
            "jointId": "ankle_L",
            "matrix": [
                -0.34120589494705145,
                -0.026685982942581135,
                0.9396097660064697,
                0,
                -0.009108351521988207,
                0.999644160451984,
                0.025083459787877377,
                0,
                -0.939944827124709,
                3.2830302321845695e-7,
                -0.3413275582925782,
                0,
                26.56852531433105,
                0.000003814697265625,
                -0.0000019073486292597863,
                1
            ],
            "name": "ankle_L"
        },
        "ankle_R": {
            "children": [
                "toeBall_R"
            ],
            "jointId": "ankle_R",
            "matrix": [
                -0.34120565652847284,
                -0.026685193181038014,
                0.9396097660064698,
                0,
                -0.009108013836085546,
                0.9996435709321815,
                0.025082727760551676,
                0,
                -0.9399445979480155,
                3.8984392129043366e-7,
                -0.34132723481928495,
                0,
                -26.568523406982425,
                -0.0000057220458984375,
                -0.000009536743153404359,
                1
            ],
            "name": "ankle_R"
        },
        "beard0_0": {
            "children": [
                "beard0_1"
            ],
            "jointId": "beard0_0",
            "matrix": [
                -0.02980990149080583,
                -5.925065238473795e-7,
                -0.9995555877685546,
                0,
                3.3452945734196044e-7,
                -1.0000000000000002,
                5.827932341198892e-7,
                0,
                -0.9995555877685492,
                -3.1700777946060846e-7,
                0.02980990149099357,
                0,
                16.877132415771477,
                -0.000005446952854981639,
                -16.24105072021483,
                1
            ],
            "name": "beard0_0"
        },
        "beard0_1": {
            "children": [
                "beard0_2"
            ],
            "jointId": "beard0_1",
            "matrix": [
                0.9996371865272525,
                4.332164849074642e-9,
                -0.026942014694213874,
                0,
                8.513215003710193e-9,
                0.9999999999999997,
                4.766640984144032e-7,
                0,
                0.026942014694215942,
                -4.7672052142124847e-7,
                0.9996371865272524,
                0,
                8.079345703125,
                0.0000014147117326501757,
                0.000003814697265625,
                1
            ],
            "name": "beard0_1"
        },
        "beard0_2": {
            "children": [],
            "jointId": "beard0_2",
            "matrix": [
                0.9999961256980899,
                -0.00016117036284413194,
                -0.0027080355212092413,
                0,
                0.000161523466779898,
                0.9999999403953458,
                0.0001301636366411221,
                0,
                0.002708014472199891,
                -0.00013060054801841285,
                0.9999961257017508,
                0,
                13.206901550292955,
                -0.0000038146981751197035,
                0.00000762939453125,
                1
            ],
            "name": "beard0_2"
        },
        "bicep_L": {
            "children": [
                "elbow_L"
            ],
            "jointId": "bicep_L",
            "matrix": [
                0.3292312026023865,
                -0.9124742746353149,
                -0.24289405345916748,
                0,
                -0.659042298721319,
                -0.037838351995226394,
                -0.7511536951409663,
                0,
                0.6762176550374724,
                0.4073806551577826,
                -0.6138166575233508,
                0,
                20.726123809814453,
                0.000015258789076710855,
                0.000011444091803980427,
                1
            ],
            "name": "bicep_L"
        },
        "bicep_R": {
            "children": [
                "elbow_R"
            ],
            "jointId": "bicep_R",
            "matrix": [
                0.3292306959629059,
                -0.9124746322631838,
                -0.24289466440677648,
                0,
                -0.6590422180171185,
                -0.037837454514160485,
                -0.7511536375602631,
                0,
                0.6762179972935937,
                0.407380597278875,
                -0.6138164425542891,
                0,
                -20.726123809814446,
                1.4210854715202004e-14,
                -0.0000038146972585195726,
                1
            ],
            "name": "bicep_R"
        },
        "clavicle_L": {
            "children": [
                "bicep_L",
                "collar0_0_L"
            ],
            "jointId": "clavicle_L",
            "matrix": [
                -0.49246841669082625,
                0.8025074005126958,
                0.3368327617645264,
                0,
                0.1761745725857511,
                -0.28708687638955044,
                0.9415644548759456,
                0,
                0.8523126495380806,
                0.5230320879356599,
                -1.7881393721275174e-7,
                0,
                5.862400054931648,
                8.822525024414066,
                -1.6331253051757812,
                1
            ],
            "name": "clavicle_L"
        },
        "clavicle_R": {
            "children": [
                "bicep_R",
                "collar1_0_R"
            ],
            "jointId": "clavicle_R",
            "matrix": [
                0.4924686849117279,
                0.8025071024894719,
                -0.3368331491947175,
                0,
                -0.1761745717608328,
                -0.28708727774850695,
                -0.9415642131889743,
                0,
                -0.8523126399968046,
                0.5230324235869614,
                -1.4901161365932225e-7,
                0,
                5.862400054931648,
                -8.822521209716795,
                -1.6331253051757812,
                1
            ],
            "name": "clavicle_R"
        },
        "collar0_0_L": {
            "children": [],
            "jointId": "collar0_0_L",
            "matrix": [
                0.8025076389312743,
                -0.31954619288444525,
                0.5038573741912845,
                0,
                0.31954617827912246,
                0.9433513249566491,
                0.08932304594001556,
                0,
                -0.5038573148946919,
                0.08932326348315361,
                0.8591563309185661,
                0,
                7.533234119415285,
                -3.780731201171861,
                9.908580780029297,
                1
            ],
            "name": "collar0_0_L"
        },
        "collar1_0_R": {
            "children": [],
            "jointId": "collar1_0_R",
            "matrix": [
                0.8025076389312743,
                -0.31954678893089294,
                0.5038563609123229,
                0,
                0.3195467749831836,
                0.9433510736263476,
                0.08932323174497625,
                0,
                -0.5038564539724493,
                0.08932311055613512,
                0.8591566961850367,
                0,
                -7.5332441329956055,
                3.7807159423828267,
                -9.908573150634773,
                1
            ],
            "name": "collar1_0_R"
        },
        "dark_seer_arm_model_LOD0": {
            "children": [],
            "instanceSkin": {
                "skeletons": [
                    "Root_0"
                ],
                "skin": "skin_1",
                "sources": [
                    "dark_seer_arm_model_LOD0-mesh"
                ]
            },
            "matrix": [
                1,
                0,
                0,
                0,
                0,
                1,
                0,
                0,
                0,
                0,
                1,
                0,
                0,
                0,
                0,
                1
            ],
            "name": "dark_seer_arm_model_LOD0"
        },
        "dark_seer_back_model_LOD0": {
            "children": [],
            "instanceSkin": {
                "skeletons": [
