{
    "animations": {},
    "asset": {},
    "attributes": {
        "attribute_1": {
            "bufferView": "bufferView_37",
            "byteOffset": 0,
            "byteStride": 12,
            "count": 2052,
            "max": [
                1,
                1,
                1
            ],
            "min": [
                0,
                0,
                0
            ],
            "type": "FLOAT_VEC3"
        },
        "attribute_10": {
            "bufferView": "bufferView_37",
            "byteOffset": 133168,
            "byteStride": 16,
            "count": 314,
            "max": [
                1,
                1,
                1
            ],
            "min": [
                0,
                0,
                0
            ],
            "type": "FLOAT_VEC4"
        },
        "attribute_11": {
            "bufferView": "bufferView_37",
            "byteOffset": 138192,
            "byteStride": 12,
            "count": 314,
            "max": [
                1,
                1,
                1
            ],
            "min": [
                0,
                0,
                0
            ],
            "type": "FLOAT_VEC3"
        },
        "attribute_13": {
            "bufferView": "bufferView_37",
            "byteOffset": 141960,
            "byteStride": 12,
            "count": 250,
            "max": [
                1,
                1,
                1
            ],
            "min": [
                0,
                0,
                0
            ],
            "type": "FLOAT_VEC3"
        },
        "attribute_14": {
            "bufferView": "bufferView_37",
            "byteOffset": 144960,
            "byteStride": 12,
            "count": 250,
            "max": [
                1,
                1,
                1
            ],
            "min": [
                0,
                0,
                0
            ],
            "type": "FLOAT_VEC3"
        },
        "attribute_15": {
            "bufferView": "bufferView_37",
            "byteOffset": 147960,
            "byteStride": 8,
            "count": 250,
            "max": [
                1,
                1,
                1
            ],
            "min": [
                0,
                0,
                0
            ],
            "type": "FLOAT_VEC2"
        },
        "attribute_16": {
            "bufferView": "bufferView_37",
            "byteOffset": 149960,
            "byteStride": 16,
            "count": 250,
            "max": [
                1,
                1,
                1
            ],
            "min": [
                0,
                0,
                0
            ],
            "type": "FLOAT_VEC4"
        },
        "attribute_17": {
            "bufferView": "bufferView_37",
            "byteOffset": 153960,
            "byteStride": 12,
            "count": 250,
            "max": [
                1,
                1,
                1
            ],
            "min": [
                0,
                0,
                0
            ],
            "type": "FLOAT_VEC3"
        },
        "attribute_19": {
            "bufferView": "bufferView_37",
            "byteOffset": 156960,
            "byteStride": 12,
            "count": 146,
            "max": [
                1,
                1,
                1
            ],
            "min": [
                0,
                0,
                0
            ],
            "type": "FLOAT_VEC3"
        },
        "attribute_2": {
            "bufferView": "bufferView_37",
            "byteOffset": 24624,
            "byteStride": 12,
            "count": 2052,
            "max": [
                1,
                1,
                1
            ],
            "min": [
                0,
                0,
                0
            ],
            "type": "FLOAT_VEC3"
        },
        "attribute_20": {
            "bufferView": "bufferView_37",
            "byteOffset": 158712,
            "byteStride": 12,
            "count": 146,
            "max": [
                1,
                1,
                1
            ],
            "min": [
                0,
                0,
                0
            ],
            "type": "FLOAT_VEC3"
        },
        "attribute_21": {
            "bufferView": "bufferView_37",
            "byteOffset": 160464,
            "byteStride": 8,
            "count": 146,
            "max": [
                1,
                1,
                1
            ],
            "min": [
                0,
                0,
                0
            ],
            "type": "FLOAT_VEC2"
        },
        "attribute_22": {
            "bufferView": "bufferView_37",
            "byteOffset": 161632,
            "byteStride": 16,
            "count": 146,
            "max": [
                1,
                1,
                1
            ],
            "min": [
                0,
                0,
                0
            ],
            "type": "FLOAT_VEC4"
        },
        "attribute_23": {
            "bufferView": "bufferView_37",
            "byteOffset": 163968,
            "byteStride": 12,
            "count": 146,
            "max": [
                1,
                1,
                1
            ],
            "min": [
                0,
                0,
                0
            ],
            "type": "FLOAT_VEC3"
        },
        "attribute_25": {
            "bufferView": "bufferView_37",
            "byteOffset": 165720,
            "byteStride": 12,
            "count": 343,
            "max": [
                1,
                1,
                1
            ],
            "min": [
                0,
                0,
                0
            ],
            "type": "FLOAT_VEC3"
        },
        "attribute_26": {
            "bufferView": "bufferView_37",
            "byteOffset": 169836,
            "byteStride": 12,
            "count": 343,
            "max": [
                1,
                1,
                1
            ],
            "min": [
                0,
                0,
                0
            ],
            "type": "FLOAT_VEC3"
        },
        "attribute_27": {
            "bufferView": "bufferView_37",
            "byteOffset": 173952,
            "byteStride": 8,
            "count": 343,
            "max": [
                1,
                1,
                1
            ],
            "min": [
                0,
                0,
                0
            ],
            "type": "FLOAT_VEC2"
        },
        "attribute_28": {
            "bufferView": "bufferView_37",
            "byteOffset": 176696,
            "byteStride": 16,
            "count": 343,
            "max": [
                1,
                1,
                1
            ],
            "min": [
                0,
                0,
                0
            ],
            "type": "FLOAT_VEC4"
        },
        "attribute_29": {
            "bufferView": "bufferView_37",
            "byteOffset": 182184,
            "byteStride": 12,
            "count": 343,
            "max": [
                1,
                1,
                1
            ],
            "min": [
                0,
                0,
                0
            ],
            "type": "FLOAT_VEC3"
        },
        "attribute_3": {
            "bufferView": "bufferView_37",
            "byteOffset": 49248,
            "byteStride": 8,
            "count": 2052,
            "max": [
                1,
                1,
                1
            ],
            "min": [
                0,
                0,
                0
            ],
            "type": "FLOAT_VEC2"
        },
        "attribute_31": {
            "bufferView": "bufferView_37",
            "byteOffset": 186300,
            "byteStride": 12,
            "count": 86,
            "max": [
                1,
                1,
                1
            ],
            "min": [
                0,
                0,
                0
            ],
            "type": "FLOAT_VEC3"
        },
        "attribute_32": {
            "bufferView": "bufferView_37",
            "byteOffset": 187332,
            "byteStride": 12,
            "count": 86,
            "max": [
                1,
                1,
                1
            ],
            "min": [
                0,
                0,
                0
            ],
            "type": "FLOAT_VEC3"
        },
        "attribute_33": {
            "bufferView": "bufferView_37",
            "byteOffset": 188364,
            "byteStride": 8,
            "count": 86,
            "max": [
                1,
                1,
                1
            ],
            "min": [
                0,
                0,
                0
            ],
            "type": "FLOAT_VEC2"
        },
        "attribute_34": {
            "bufferView": "bufferView_37",
            "byteOffset": 189052,
            "byteStride": 16,
            "count": 86,
            "max": [
                1,
                1,
                1
            ],
            "min": [
                0,
                0,
                0
            ],
            "type": "FLOAT_VEC4"
        },
        "attribute_35": {
            "bufferView": "bufferView_37",
            "byteOffset": 190428,
            "byteStride": 12,
            "count": 86,
            "max": [
                1,
                1,
                1
            ],
            "min": [
                0,
                0,
                0
            ],
            "type": "FLOAT_VEC3"
        },
        "attribute_4": {
            "bufferView": "bufferView_37",
            "byteOffset": 65664,
            "byteStride": 16,
            "count": 2052,
            "max": [
                1,
                1,
                1
            ],
            "min": [
                0,
                0,
                0
            ],
            "type": "FLOAT_VEC4"
        },
        "attribute_5": {
            "bufferView": "bufferView_37",
            "byteOffset": 98496,
            "byteStride": 12,
            "count": 2052,
            "max": [
                1,
                1,
                1
            ],
            "min": [
                0,
                0,
                0
            ],
            "type": "FLOAT_VEC3"
        },
        "attribute_7": {
            "bufferView": "bufferView_37",
            "byteOffset": 123120,
            "byteStride": 12,
            "count": 314,
            "max": [
                1,
                1,
                1
            ],
            "min": [
                0,
                0,
                0
            ],
            "type": "FLOAT_VEC3"
        },
        "attribute_8": {
            "bufferView": "bufferView_37",
            "byteOffset": 126888,
            "byteStride": 12,
            "count": 314,
            "max": [
                1,
                1,
                1
            ],
            "min": [
                0,
                0,
                0
            ],
            "type": "FLOAT_VEC3"
        },
        "attribute_9": {
            "bufferView": "bufferView_37",
            "byteOffset": 130656,
            "byteStride": 8,
            "count": 314,
            "max": [
                1,
                1,
                1
            ],
            "min": [
                0,
                0,
                0
            ],
            "type": "FLOAT_VEC2"
        }
    },
    "bufferViews": {
        "bufferView_37": {
            "buffer": "dark_seer.bin",
            "byteLength": 191460,
            "byteOffset": 0,
            "target": "ARRAY_BUFFER"
        },
        "bufferView_38": {
            "buffer": "dark_seer.bin",
            "byteLength": 33198,
            "byteOffset": 191460,
            "target": "ELEMENT_ARRAY_BUFFER"
        }
    },
    "buffers": {
        "dark_seer.bin": {
            "byteLength": 224658,
            "path": "dark_seer.bin"
        }
    },
    "cameras": {},
    "images": {
        "image_0": {
            "path": "textures/dark_seer_body_color.png"
        },
        "image_1": {
            "path": "textures/dark_seer_arm_color.png"
        },
        "image_2": {
            "path": "textures/dark_seer_back_color.png"
        },
        "image_3": {
            "path": "textures/dark_seer_head_color.png"
        },
        "image_4": {
            "path": "textures/dark_seer_neck_color.png"
        },
        "image_5": {
            "path": "textures/dark_seer_waist_color.png"
        }
    },
    "indices": {
        "indices_12": {
            "bufferView": "bufferView_38",
            "byteOffset": 23040,
            "count": 1440,
            "type": "UNSIGNED_SHORT"
        },
        "indices_18": {
            "bufferView": "bufferView_38",
            "byteOffset": 25920,
            "count": 1260,
            "type": "UNSIGNED_SHORT"
        },
        "indices_24": {
            "bufferView": "bufferView_38",
            "byteOffset": 28440,
            "count": 612,
            "type": "UNSIGNED_SHORT"
        },
        "indices_30": {
            "bufferView": "bufferView_38",
            "byteOffset": 29664,
            "count": 1380,
            "type": "UNSIGNED_SHORT"
        },
        "indices_36": {
            "bufferView": "bufferView_38",
            "byteOffset": 32424,
            "count": 387,
            "type": "UNSIGNED_SHORT"
        },
        "indices_6": {
            "bufferView": "bufferView_38",
            "byteOffset": 0,
            "count": 11520,
            "type": "UNSIGNED_SHORT"
        }
    },
    "lights": {},
    "materials": {
        "Material #35": {
            "instanceTechnique": {
                "technique": "technique_0",
                "values": [
                    {
                        "parameter": "ambient",
                        "value": [
                            0.5879999995231628,
                            0.5879999995231628,
                            0.5879999995231628
                        ]
                    },
                    {
                        "parameter": "emission",
                        "value": [
                            0,
                            0,
                            0
                        ]
                    },
                    {
                        "parameter": "diffuse",
                        "value": "Map #13"
                    },
                    {
                        "parameter": "shininess",
                        "value": 2
                    },
                    {
                        "parameter": "specular",
                        "value": [
                            0.8999999761581421,
                            0.8999999761581421,
                            0.8999999761581421
                        ]
                    }
                ]
            },
            "name": "Material #35"
        },
        "Material #46": {
            "instanceTechnique": {
                "technique": "technique_0",
                "values": [
                    {
                        "parameter": "ambient",
                        "value": [
                            0.5879999995231628,
                            0.5879999995231628,
                            0.5879999995231628
                        ]
                    },
                    {
                        "parameter": "emission",
                        "value": [
                            0,
                            0,
                            0
                        ]
                    },
                    {
                        "parameter": "diffuse",
                        "value": "Map #8"
                    },
                    {
                        "parameter": "shininess",
                        "value": 2
                    },
                    {
                        "parameter": "specular",
                        "value": [
                            0.8999999761581421,
                            0.8999999761581421,
                            0.8999999761581421
                        ]
                    }
                ]
            },
            "name": "Material #46"
        },
        "Material #57": {
            "instanceTechnique": {
                "technique": "technique_0",
                "values": [
                    {
                        "parameter": "ambient",
                        "value": [
                            0.5879999995231628,
                            0.5879999995231628,
                            0.5879999995231628
                        ]
                    },
                    {
                        "parameter": "emission",
                        "value": [
                            0,
                            0,
                            0
                        ]
                    },
                    {
                        "parameter": "diffuse",
                        "value": "Map #9"
                    },
                    {
                        "parameter": "shininess",
                        "value": 2
                    },
                    {
                        "parameter": "specular",
                        "value": [
                            0.8999999761581421,
                            0.8999999761581421,
                            0.8999999761581421
                        ]
                    }
                ]
            },
            "name": "Material #57"
        },
        "Material #68": {
            "instanceTechnique": {
                "technique": "technique_0",
                "values": [
                    {
                        "parameter": "ambient",
                        "value": [
                            0.5879999995231628,
                            0.5879999995231628,
                            0.5879999995231628
                        ]
                    },
                    {
                        "parameter": "emission",
                        "value": [
                            0,
                            0,
                            0
                        ]
                    },
                    {
                        "parameter": "diffuse",
                        "value": "Map #10"
                    },
                    {
                        "parameter": "shininess",
                        "value": 2
                    },
                    {
                        "parameter": "specular",
                        "value": [
                            0.8999999761581421,
                            0.8999999761581421,
                            0.8999999761581421
                        ]
                    }
                ]
            },
            "name": "Material #68"
        },
        "Material #79": {
            "instanceTechnique": {
                "technique": "technique_0",
                "values": [
                    {
                        "parameter": "ambient",
                        "value": [
                            0.5879999995231628,
                            0.5879999995231628,
                            0.5879999995231628
                        ]
                    },
                    {
                        "parameter": "emission",
                        "value": [
                            0,
                            0,
                            0
                        ]
                    },
                    {
                        "parameter": "diffuse",
                        "value": "Map #11"
                    },
                    {
                        "parameter": "shininess",
                        "value": 2
                    },
                    {
                        "parameter": "specular",
                        "value": [
                            0.8999999761581421,
                            0.8999999761581421,
                            0.8999999761581421
                        ]
                    }
                ]
            },
            "name": "Material #79"
        },
        "Material #90": {
            "instanceTechnique": {
                "technique": "technique_0",
                "values": [
                    {
                        "parameter": "ambient",
                        "value": [
                            0.5879999995231628,
                            0.5879999995231628,
                            0.5879999995231628
                        ]
                    },
                    {
                        "parameter": "emission",
                        "value": [
                            0,
                            0,
                            0
                        ]
                    },
                    {
                        "parameter": "diffuse",
                        "value": "Map #12"
                    },
                    {
                        "parameter": "shininess",
                        "value": 2
                    },
                    {
                        "parameter": "specular",
                        "value": [
                            0.8999999761581421,
                            0.8999999761581421,
                            0.8999999761581421
                        ]
                    }
                ]
            },
            "name": "Material #90"
        }
    },
    "meshes": {
        "dark_seer_arm_model_LOD0-mesh": {
            "name": "dark_seer_arm_model_LOD0-mesh",
            "primitives": [
                {
                    "indices": "indices_12",
                    "material": "Material #46",
                    "semantics": {
                        "JOINT": "attribute_10",
                        "NORMAL": "attribute_8",
                        "POSITION": "attribute_7",
                        "TEXCOORD_0": "attribute_9",
                        "WEIGHT": "attribute_11"
                    },
                    "skin": "skin_1"
                }
            ]
        },
        "dark_seer_back_model_LOD0-mesh": {
            "name": "dark_seer_back_model_LOD0-mesh",
            "primitives": [
                {
                    "indices": "indices_18",
                    "material": "Material #57",
                    "semantics": {
                        "JOINT": "attribute_16",
                        "NORMAL": "attribute_14",
                        "POSITION": "attribute_13",
                        "TEXCOORD_0": "attribute_15",
                        "WEIGHT": "attribute_17"
                    },
                    "skin": "skin_2"
                }
            ]
        },
        "dark_seer_head_model-mesh": {
            "name": "dark_seer_head_model-mesh",
            "primitives": [
                {
                    "indices": "indices_24",
                    "material": "Material #68",
                    "semantics": {
                        "JOINT": "attribute_22",
                        "NORMAL": "attribute_20",
                        "POSITION": "attribute_19",
                        "TEXCOORD_0": "attribute_21",
                        "WEIGHT": "attribute_23"
                    },
                    "skin": "skin_3"
                }
            ]
        },
        "dark_seer_model_LOD0-mesh": {
            "name": "dark_seer_model_LOD0-mesh",
            "primitives": [
                {
                    "indices": "indices_6",
                    "material": "Material #35",
                    "semantics": {
                        "JOINT": "attribute_4",
                        "NORMAL": "attribute_2",
                        "POSITION": "attribute_1",
                        "TEXCOORD_0": "attribute_3",
                        "WEIGHT": "attribute_5"
                    },
                    "skin": "skin_0"
                }
            ]
        },
        "dark_seer_neck_model_LOD0-mesh": {
            "name": "dark_seer_neck_model_LOD0-mesh",
            "primitives": [
                {
                    "indices": "indices_30",
                    "material": "Material #79",
                    "semantics": {
                        "JOINT": "attribute_28",
                        "NORMAL": "attribute_26",
                        "POSITION": "attribute_25",
                        "TEXCOORD_0": "attribute_27",
                        "WEIGHT": "attribute_29"
                    },
                    "skin": "skin_4"
                }
            ]
        },
        "dark_seer_waist_model-mesh": {
            "name": "dark_seer_waist_model-mesh",
            "primitives": [
                {
                    "indices": "indices_36",
                    "material": "Material #90",
                    "semantics": {
                        "JOINT": "attribute_34",
                        "NORMAL": "attribute_32",
                        "POSITION": "attribute_31",
                        "TEXCOORD_0": "attribute_33",
                        "WEIGHT": "attribute_35"
                    },
                    "skin": "skin_5"
                }
            ]
        }
    },
    "nodes": {
        "Head_0": {
            "children": [
                "Head_1"
            ],
            "matrix": [
                0.999810457229614,
                4.767466634802988e-7,
                -0.019478529691696223,
                0,
                -4.7232269905856844e-7,
                1.0000000000000002,
                2.317161431619748e-7,
                0,
                0.019478529691802304,
                -2.2247207132453183e-7,
                0.999810457229612,
                0,
                16.48540878295899,
                0.000004768369763041847,
                1.1375808715820312,
                1
            ],
            "name": "Head_0"
        },
        "Head_1": {
            "children": [
                "beard0_0"
            ],
            "matrix": [
                0.8474214673042296,
                -8.081641453827613e-7,
                -0.5309206247329713,
                0,
                9.536743834843468e-7,
                1.0000000000000002,
                -1.0587911840678754e-22,
                0,
                0.5309206247326244,
                -5.063253994710097e-7,
                0.8474214673044468,
                0,
                9.892417907714844,
                -0.000013763155948254287,
                0.00000762939453125,
                1
            ],
            "name": "Head_1"
        },
        "Root_0": {
            "children": [
                "thigh_R",
                "thigh_L",
                "Skirt_R0C0",
                "Spine_0"
            ],
            "matrix": [
                -1.629206851037603e-7,
                -1.0000000000000002,
                0,
                0,
                1.0000000000000002,
                -1.629206851037603e-7,
                0,
                0,
                0,
                0,
                1,
                0,
                0,
                -6.980686187744141,
                75.64407348632812,
                1
            ],
            "name": "Root_0"
        },
        "Skirt_R0C0": {
            "children": [
                "Skirt_R1C0"
            ],
            "matrix": [
                -0.2662862539291381,
                -2.77229844425778e-7,
                -0.9638940095901487,
                0,
                -0.9638940095901395,
                -1.253308084888375e-7,
                0.2662862539291713,
                0,
                -1.946281062831251e-7,
                0.9999999999999999,
                -2.338463076351772e-7,
                0,
                -12.381492614746094,
                -1.0349140167236328,
                -5.8463592529296875,
                1
            ],
            "name": "Skirt_R0C0"
        },
        "Skirt_R1C0": {
            "children": [
                "Skirt_R2C0"
            ],
            "matrix": [
                0.9638940691947935,
                -0.2662860751152039,
                9.536743164062498e-7,
                0,
                0.26628607511520386,
                0.9638940691947937,
                8.175867530680541e-16,
                0,
                -9.192409713885475e-7,
                2.5395017705943495e-7,
                1,
                0,
                6.595340728759773,
                0.0000019073486292597863,
                0.000001668930053932982,
                1
            ],
            "name": "Skirt_R1C0"
        },
        "Skirt_R2C0": {
            "children": [],
            "matrix": [
                0.9999999999999997,
                5.293955920339377e-23,
                -2.3215261535369738e-7,
                0,
                -2.321526153536979e-7,
                3.1391650174313896e-7,
                -1,
                0,
                7.28765368218246e-14,
                1,
                3.13916501743122e-7,
                0,
                7.9037437438964915,
                0.0000019073486337006784,
                -0.000001668930053488893,
                1
            ],
            "name": "Skirt_R2C0"
        },
        "Spine_0": {
            "children": [
                "Spine_1"
            ],
            "matrix": [
                -0.2763600945472714,
                -6.588938097345096e-8,
                0.9610540866851806,
                0,
                -4.6755175332969893e-7,
                1.0000000000000002,
                -6.588938818302986e-8,
                0,
                -0.9610540866851722,
                -4.675517208222504e-7,
                -0.27636009454730104,
                0,
                -3.2889697551727295,
                3.647744506452021e-8,
                13.093124389648438,
                1
            ],
            "name": "Spine_0"
        },
        "Spine_1": {
            "children": [
                "Spine_2"
            ],
            "matrix": [
                0.999594211578369,
                7.105427331131222e-15,
                -0.028486520051956093,
                0,
                -7.66516226690727e-15,
                1,
                -1.9539925177154473e-14,
                0,
                0.028486520051956205,
                1.9750349919411274e-14,
                0.9995942115783688,
                0,
                11.106025695800781,
                2.9822331271134317e-9,
                -0.000003814697269177714,
                1
            ],
            "name": "Spine_1"
        },
        "Spine_2": {
            "children": [
                "clavicle_R",
                "Head_0",
                "clavicle_L"
            ],
            "matrix": [
                0.32182037830352817,
                -2.486899575822095e-14,
                -0.9468008279800415,
                0,
                4.591958739841959e-14,
                1.0000000000000002,
                -1.0658141036401503e-14,
                0,
                0.9468008279800416,
                -4.004669640973739e-14,
                0.32182037830352817,
                0,
                19.5323486328125,
                -0.0000010444614417792772,
                -2.013076782226559,
                1
            ],
            "name": "Spine_2"
        },
        "ankle_L": {
            "children": [
                "toeBall_L"
            ],
            "matrix": [
                -0.34120589494705145,
                -0.026685982942581135,
                0.9396097660064697,
                0,
                -0.009108351521988207,
                0.999644160451984,
                0.025083459787877377,
                0,
                -0.939944827124709,
                3.2830302321845695e-7,
                -0.3413275582925782,
                0,
                26.56852531433105,
                0.000003814697265625,
                -0.0000019073486292597863,
                1
            ],
            "name": "ankle_L"
        },
        "ankle_R": {
            "children": [
                "toeBall_R"
            ],
            "matrix": [
                -0.34120565652847284,
                -0.026685193181038014,
                0.9396097660064698,
                0,
                -0.009108013836085546,
                0.9996435709321815,
                0.025082727760551676,
                0,
                -0.9399445979480155,
                3.8984392129043366e-7,
                -0.34132723481928495,
                0,
                -26.568523406982425,
                -0.0000057220458984375,
                -0.000009536743153404359,
                1
            ],
            "name": "ankle_R"
        },
        "beard0_0": {
            "children": [
                "beard0_1"
            ],
            "matrix": [
                -0.02980990149080583,
                -5.925065238473795e-7,
                -0.9995555877685547,
                0,
                3.345294573419604e-7,
                -1.0000000000000002,
                5.827932341198894e-7,
                0,
                -0.9995555877685492,
                -3.170077794606085e-7,
                0.02980990149099357,
                0,
                16.87713241577147,
                -0.000005446952854981639,
                -16.24105072021483,
                1
            ],
            "name": "beard0_0"
        },
        "beard0_1": {
            "children": [
                "beard0_2"
            ],
            "matrix": [
                0.9996371865272523,
                4.332164849074616e-9,
                -0.026942014694213874,
                0,
                8.51321500371014e-9,
                0.9999999999999997,
                4.7666409841440316e-7,
                0,
                0.02694201469421594,
                -4.7672052142124836e-7,
                0.9996371865272523,
                0,
                8.079345703124986,
                0.0000014147117326501825,
                0.0000038146972585195726,
                1
            ],
            "name": "beard0_1"
        },
        "beard0_2": {
            "children": [],
            "matrix": [
                0.9999961256980897,
                -0.0001611703628441319,
                -0.0027080355212092413,
                0,
                0.00016152346677989792,
                0.9999999403953456,
                0.00013016363664112212,
                0,
                0.0027080144721998915,
                -0.00013060054801841285,
                0.9999961257017506,
                0,
                13.206901550292955,
                -0.000003814698175119705,
                0.000007629394524144573,
                1
            ],
            "name": "beard0_2"
        },
        "bicep_L": {
            "children": [
                "elbow_L"
            ],
            "matrix": [
                0.32923120260238636,
                -0.9124742746353147,
                -0.24289405345916742,
                0,
                -0.6590422987213188,
                -0.03783835199522634,
                -0.7511536951409659,
                0,
                0.6762176550374724,
                0.4073806551577825,
                -0.6138166575233507,
                0,
                20.726123809814446,
                0.000015258789076710855,
                0.000011444091789769573,
                1
            ],
            "name": "bicep_L"
        },
        "bicep_R": {
            "children": [
                "elbow_R"
            ],
            "matrix": [
                0.3292306959629059,
                -0.9124746322631838,
                -0.24289466440677643,
                0,
                -0.6590422180171186,
                -0.03783745451416054,
                -0.7511536375602631,
                0,
                0.6762179972935937,
                0.407380597278875,
                -0.6138164425542894,
                0,
                -20.726123809814453,
                0,
                -0.0000038146972585195726,
                1
            ],
            "name": "bicep_R"
        },
        "clavicle_L": {
            "children": [
                "bicep_L",
                "collar0_0_L"
            ],
            "matrix": [
                -0.4924684166908262,
                0.8025074005126956,
                0.3368327617645263,
                0,
                0.1761745725857512,
                -0.28708687638955044,
                0.9415644548759456,
                0,
                0.8523126495380803,
                0.5230320879356598,
                -1.788139371572406e-7,
                0,
                5.862400054931648,
                8.822525024414066,
                -1.6331253051757812,
                1
            ],
            "name": "clavicle_L"
        },
        "clavicle_R": {
            "children": [
                "bicep_R",
                "collar1_0_R"
            ],
            "matrix": [
                0.49246868491172796,
                0.802507102489472,
                -0.33683314919471763,
                0,
                -0.1761745717608328,
                -0.28708727774850706,
                -0.9415642131889743,
                0,
                -0.8523126399968045,
                0.5230324235869614,
                -1.4901161365932225e-7,
                0,
                5.862400054931648,
                -8.822521209716795,
                -1.6331253051757812,
                1
            ],
            "name": "clavicle_R"
        },
        "collar0_0_L": {
            "children": [],
            "matrix": [
                0.8025076389312744,
                -0.3195461928844453,
                0.5038573741912843,
                0,
                0.3195461782791225,
                0.943351324956649,
                0.08932304594001556,
                0,
                -0.5038573148946919,
                0.08932326348315367,
                0.8591563309185657,
                0,
                7.533234119415281,
                -3.780731201171861,
                9.90858078002929,
                1
            ],
            "name": "collar0_0_L"
        },
        "collar1_0_R": {
            "children": [],
            "matrix": [
                0.8025076389312744,
                -0.319546788930893,
                0.5038563609123229,
                0,
                0.3195467749831836,
                0.9433510736263477,
                0.0893232317449762,
                0,
                -0.5038564539724493,
                0.08932311055613518,
                0.8591566961850365,
                0,
                -7.533244132995605,
                3.7807159423828125,
                -9.908573150634759,
                1
            ],
            "name": "collar1_0_R"
        },
        "dark_seer_arm_model_LOD0": {
            "children": [],
            "matrix": [
                1,
                0,
                0,
                0,
                0,
                1,
                0,
                0,
                0,
                0,
                1,
                0,
                0,
                0,
                0,
                1
            ],
            "meshes": [
                "dark_seer_arm_model_LOD0-mesh"
            ],
            "name": "dark_seer_arm_model_LOD0"
        },
        "dark_seer_back_model_LOD0": {
            "children": [],
            "matrix": [
                1,
