{
    "accessors": [
        {
            "bufferView": 0,
            "byteOffset": 0,
            "componentType": 5126,
            "count": 2794,
            "max": [
                47.97486877441406,
                22.64814567565918,
                200.54063415527344
            ],
            "min": [
                -47.83989334106445,
                -13.068387031555176,
                22.191627502441406
            ],
            "type": "VEC3"
        },
        {
            "bufferView": 0,
            "byteOffset": 33528,
            "componentType": 5126,
            "count": 2794,
            "max": [
                0.9986366629600525,
                0.9999969005584717,
                0.9994956851005554
            ],
            "min": [
                -0.998636782169342,
                -0.9986250996589661,
                -0.9999991655349731
            ],
            "type": "VEC3"
        },
        {
            "bufferView": 0,
            "byteOffset": 67056,
            "componentType": 5126,
            "count": 2794,
            "max": [
                1.9921929836273193,
                0.9917700290679932
            ],
            "min": [
                0.010409999638795853,
                0.006646990776062012
            ],
            "type": "VEC2"
        },
        {
            "bufferView": 0,
            "byteOffset": 89408,
            "componentType": 5123,
            "count": 2794,
            "max": [
                29,
                29,
                29,
                0
            ],
            "min": [
                0,
                0,
                0,
                0
            ],
            "type": "VEC4"
        },
        {
            "bufferView": 0,
            "byteOffset": 111760,
            "componentType": 5126,
            "count": 2794,
            "max": [
                1,
                0.9998699426651001,
                0.9858946800231934,
                0
            ],
            "min": [
                0.00010674978693714365,
                0,
                0,
                0
            ],
            "type": "VEC4"
        },
        {
            "bufferView": 2,
            "byteOffset": 0,
            "componentType": 5123,
            "count": 12846,
            "max": [
                2793
            ],
            "min": [
                0
            ],
            "type": "SCALAR"
        },
        {
            "bufferView": 1,
            "byteOffset": 0,
            "componentType": 5126,
            "count": 30,
            "max": [
                0.9515554871602592,
                0.9999999999999732,
                0.9601113397576476,
                0,
                0.9999999999999718,
                0.9536319238437331,
                1.0000001192088626,
                0,
                1.0000001192091594,
                0.5178572378527404,
                1,
                0,
                146.4896392618577,
                82.17848828288744,
                177.74633789061266,
                1
            ],
            "min": [
                -0.7896652701691489,
                -1.000000119209124,
                -0.6016062897885565,
                0,
                -0.9999999999999732,
                -0.9536320063572885,
                -1.0000000596045124,
                0,
                -1.0000000596044847,
                -0.5178572212437353,
                -0.999999999999937,
                0,
                -156.4626546131624,
                -82.1784884729166,
                -184.7074432372899,
                1
            ],
            "type": "MAT4"
        },
        {
            "bufferView": 0,
            "byteOffset": 156464,
            "componentType": 5126,
            "count": 314,
            "max": [
                44.74772644042969,
                19.61699867248535,
                156.5248260498047
            ],
            "min": [
                -44.74773025512695,
                0.025375833734869957,
                115.18203735351562
            ],
            "type": "VEC3"
        },
        {
            "bufferView": 0,
            "byteOffset": 160232,
            "componentType": 5126,
            "count": 314,
            "max": [
                0.9951996803283691,
                0.9860164523124695,
                0.9871494770050049
            ],
            "min": [
                -0.9951996803283691,
                -0.9991534948348999,
                -0.9942995309829712
            ],
            "type": "VEC3"
        },
        {
            "bufferView": 0,
            "byteOffset": 164000,
            "componentType": 5126,
            "count": 314,
            "max": [
                1.990440011024475,
                0.9821940064430237
            ],
            "min": [
                0.012618999928236008,
                0.02424299716949463
            ],
            "type": "VEC2"
        },
        {
            "bufferView": 0,
            "byteOffset": 166512,
            "componentType": 5123,
            "count": 314,
            "max": [
                3,
                3,
                0,
                0
            ],
            "min": [
                0,
                0,
                0,
                0
            ],
            "type": "VEC4"
        },
        {
            "bufferView": 0,
            "byteOffset": 169024,
            "componentType": 5126,
            "count": 314,
            "max": [
                1,
                0.9987232089042664,
                0,
                0
            ],
            "min": [
                0.0012768121669068933,
                0,
                0,
                0
            ],
            "type": "VEC4"
        },
        {
            "bufferView": 2,
            "byteOffset": 25692,
            "componentType": 5123,
            "count": 1464,
            "max": [
                313
            ],
            "min": [
                0
            ],
            "type": "SCALAR"
        },
        {
            "bufferView": 1,
            "byteOffset": 1920,
            "componentType": 5126,
            "count": 4,
            "max": [
                0.5862370074719574,
                -0.70042446840229,
                -0.407101238555017,
                0,
                0.25581867005175124,
                0.6368442403597531,
                0.7697201011778986,
                0,
                0.9222599954348064,
                0.32223448351428446,
                0.5525233893472191,
                0,
                146.48962921351597,
                69.1950915249435,
                80.48354762481871,
                1
            ],
            "min": [
                0.3840239470808133,
                -0.7004251919705479,
                -0.601606487723511,
                0,
                -0.2558194075374123,
                -0.6368436848150304,
                -0.7697196291060601,
                0,
                -0.9222603380923013,
                -0.32223390724970763,
                -0.5525232861510664,
                0,
                -146.48956415707576,
                -69.19517208613075,
                -80.48356059029821,
                1
            ],
            "type": "MAT4"
        },
        {
            "bufferView": 0,
            "byteOffset": 174048,
            "componentType": 5126,
            "count": 496,
            "max": [
                57.976741790771484,
                77.98486328125,
                144.90904235839844
            ],
            "min": [
                -77.25717163085938,
                -28.041635513305664,
                43.8458251953125
            ],
            "type": "VEC3"
        },
        {
            "bufferView": 0,
            "byteOffset": 180000,
            "componentType": 5126,
            "count": 496,
            "max": [
                0.9947026371955872,
                0.9985237717628479,
                0.9911515712738037
            ],
            "min": [
                -0.9947026968002319,
                -0.9829817414283752,
                -0.9997798204421997
            ],
            "type": "VEC3"
        },
        {
            "bufferView": 0,
            "byteOffset": 185952,
            "componentType": 5126,
            "count": 496,
            "max": [
                0.9936569929122925,
                0.9872230291366577
            ],
            "min": [
                0.007530999835580587,
                0.009972989559173584
            ],
            "type": "VEC2"
        },
        {
            "bufferView": 0,
            "byteOffset": 189920,
            "componentType": 5123,
            "count": 496,
            "max": [
                17,
                18,
                19,
                0
            ],
            "min": [
                0,
                0,
                0,
                0
            ],
            "type": "VEC4"
        },
        {
            "bufferView": 0,
            "byteOffset": 193888,
            "componentType": 5126,
            "count": 496,
            "max": [
                1,
                0.9990613460540771,
                0.9797221422195435,
                0
            ],
            "min": [
                0.0005155176622793078,
                0,
                0,
                0
            ],
            "type": "VEC4"
        },
        {
            "bufferView": 2,
            "byteOffset": 28620,
            "componentType": 5123,
            "count": 2076,
            "max": [
                495
            ],
            "min": [
                0
            ],
            "type": "SCALAR"
        },
        {
            "bufferView": 1,
            "byteOffset": 2176,
            "componentType": 5126,
            "count": 20,
            "max": [
                0.3817315132560908,
                0.9999999999999732,
                0.9528362518423298,
                0,
                0.5298030855464798,
                0.7981666256060417,
                0.9999324378608632,
                0,
                0.9999999999999856,
                0.579886609492156,
                1,
                0,
                115.71648106739693,
                33.662324653568575,
                24.06914356684774,
                1
            ],
            "min": [
                -0.4986146101479737,
                -1.000000119209288,
                -5.523138392663985e-7,
                0,
                -0.9999999999999732,
                -0.3444676942967429,
                -1.0000001192092791,
                0,
                -0.9804171731524304,
                -0.18163387449883994,
                -0.15367256931704515,
                0,
                -141.06595188744834,
                -84.89465175593294,
                -126.53712463378906,
                1
            ],
            "type": "MAT4"
        },
        {
            "bufferView": 0,
            "byteOffset": 201824,
            "componentType": 5126,
            "count": 460,
            "max": [
                28.839454650878906,
                35.57818603515625,
                201.21197509765625
            ],
            "min": [
                -27.391616821289062,
                -6.533928871154785,
                169.23931884765625
            ],
            "type": "VEC3"
        },
        {
            "bufferView": 0,
            "byteOffset": 207344,
            "componentType": 5126,
            "count": 460,
            "max": [
                0.9704868197441101,
                0.9914290308952332,
                0.9952532649040222
            ],
            "min": [
                -0.9693558812141418,
                -0.9884186387062073,
                -0.9977672696113586
            ],
            "type": "VEC3"
        },
        {
            "bufferView": 0,
            "byteOffset": 212864,
            "componentType": 5126,
            "count": 460,
            "max": [
                0.9890739917755127,
                0.9775729775428772
            ],
            "min": [
                0.012493000365793705,
                0.01459801197052002
            ],
            "type": "VEC2"
        },
        {
            "bufferView": 0,
            "byteOffset": 216544,
            "componentType": 5123,
            "count": 460,
            "max": [
                6,
                5,
                6,
                0
            ],
            "min": [
                0,
                0,
                0,
                0
            ],
            "type": "VEC4"
        },
        {
            "bufferView": 0,
            "byteOffset": 220224,
            "componentType": 5126,
            "count": 460,
            "max": [
                1,
                0.9984267950057983,
                0.9996218681335449,
                0
            ],
            "min": [
                0.0001275579706998542,
                0,
                0,
                0
            ],
            "type": "VEC4"
        },
        {
            "bufferView": 2,
            "byteOffset": 32772,
            "componentType": 5123,
            "count": 2394,
            "max": [
                459
            ],
            "min": [
                0
            ],
            "type": "SCALAR"
        },
        {
            "bufferView": 1,
            "byteOffset": 3456,
            "componentType": 5126,
            "count": 7,
            "max": [
                3.501354473635392e-7,
                0.9999999999999756,
                1.5264500057826047e-7,
                0,
                0.9999999999998777,
                1.8179540323698216e-7,
                0.9379020103595124,
                0,
                0.9379020103594986,
                -1.2303439683711035e-7,
                0.9999999999999767,
                0,
                15.964107912912477,
                11.215993240174821,
                177.74630737302144,
                1
            ],
            "min": [
                3.561750789321879e-8,
                0.9999999999998299,
                -3.0364077490663414e-7,
                0,
                -0.9999999999999987,
                -3.501354473635225e-7,
                5.498066852913952e-15,
                0,
                -6.12323399573661e-17,
                -3.036407749066612e-7,
                -0.9999999999998641,
                0,
                -156.462616996477,
                -11.215941116514085,
                -187.8983472517889,
                1
            ],
            "type": "MAT4"
        },
        {
            "bufferView": 0,
            "byteOffset": 227584,
            "componentType": 5126,
            "count": 330,
            "max": [
                9.445467948913574,
                13.448956489562988,
                186.0933380126953
            ],
            "min": [
                -9.445466041564941,
                -4.119443416595459,
                163.27493286132812
            ],
            "type": "VEC3"
        },
        {
            "bufferView": 0,
            "byteOffset": 231544,
            "componentType": 5126,
            "count": 330,
            "max": [
                0.999146044254303,
                0.9999595880508423,
                0.9724770784378052
            ],
            "min": [
                -0.9991459250450134,
                -0.9985929727554321,
                -0.8309692740440369
            ],
            "type": "VEC3"
        },
        {
            "bufferView": 0,
            "byteOffset": 235504,
            "componentType": 5126,
            "count": 330,
            "max": [
                0.986877977848053,
                0.9809039831161499
            ],
            "min": [
                0.01551000028848648,
                0.009396970272064209
            ],
            "type": "VEC2"
        },
        {
            "bufferView": 0,
            "byteOffset": 238144,
            "componentType": 5123,
            "count": 330,
            "max": [
                3,
                5,
                5,
                0
            ],
            "min": [
                0,
                0,
                0,
                0
            ],
            "type": "VEC4"
        },
        {
            "bufferView": 0,
            "byteOffset": 240784,
            "componentType": 5126,
            "count": 330,
            "max": [
                1,
                0.8986756205558777,
                0.1659790277481079,
                0
            ],
            "min": [
                0.011931019835174084,
                0,
                0,
                0
            ],
            "type": "VEC4"
        },
        {
            "bufferView": 2,
            "byteOffset": 37560,
            "componentType": 5123,
            "count": 1134,
            "max": [
                329
            ],
            "min": [
                0
            ],
            "type": "SCALAR"
        },
        {
            "bufferView": 1,
            "byteOffset": 3904,
            "componentType": 5126,
            "count": 6,
            "max": [
                0.9515554580781336,
                0.9999999999999947,
                5.281867744785756e-7,
                0,
                0.9999999999999956,
                0.8231208429702848,
                0.9379020362256482,
                0,
                0.9379020362256724,
                0.5178569445500805,
                0.9999999999997211,
                0,
                12.61850070223961,
                82.17843268974777,
                177.74633789062472,
                1
            ],
            "min": [
                -4.771265786698287e-9,
                -0.2330147734376288,
                -0.2006154139630323,
                0,
                -0.9999999999999551,
                -0.8231211417422886,
                -0.4803739150137125,
                0,
                -0.05319660316122947,
                -0.5178568981208396,
                -0.9999999999999982,
                0,
                -156.4626327777418,
                -82.17843829395804,
                -184.707489013623,
                1
            ],
            "type": "MAT4"
        }
    ],
    "asset": {
        "generator": "ClayGL - fbx2gltf",
        "version": "2.0"
    },
    "bufferViews": [
        {
            "buffer": 0,
            "byteLength": 246064,
            "byteOffset": 0,
            "target": 34962
        },
        {
            "buffer": 0,
            "byteLength": 4288,
            "byteOffset": 246064,
            "target": 34962
        },
        {
            "buffer": 0,
            "byteLength": 39828,
            "byteOffset": 250352,
            "target": 34963
        }
    ],
    "buffers": [
        {
            "byteLength": 290180,
            "uri": "lina.bin"
        }
    ],
    "images": [
        {
            "uri": "textures/lina_base_color.png"
        },
        {
            "uri": "textures/lina_sleeve_color.png"
        },
        {
            "uri": "textures/lina_base_dress_color.png"
        },
        {
            "uri": "textures/lina_hair_color.png"
        },
        {
            "uri": "textures/lina_jewelry_color.png"
        }
    ],
    "materials": [
        {
            "emissiveFactor": [
                0,
                0,
                0
            ],
            "name": "Material #35",
            "pbrMetallicRoughness": {
                "baseColorFactor": [
                    1,
                    1,
                    1,
                    1
                ],
                "baseColorTexture": {
                    "index": 0,
                    "texCoord": 0
                },
                "metallicFactor": 0,
                "roughnessFactor": 0.9230769230769231
            }
        },
        {
            "emissiveFactor": [
                0,
                0,
                0
            ],
            "name": "Material #47",
            "pbrMetallicRoughness": {
                "baseColorFactor": [
                    1,
                    1,
                    1,
                    1
                ],
                "baseColorTexture": {
                    "index": 1,
                    "texCoord": 0
                },
                "metallicFactor": 0,
                "roughnessFactor": 0.9230769230769231
            }
        },
        {
            "emissiveFactor": [
                0,
                0,
                0
            ],
            "name": "Material #58",
            "pbrMetallicRoughness": {
                "baseColorFactor": [
                    1,
                    1,
                    1,
                    1
                ],
                "baseColorTexture": {
                    "index": 2,
                    "texCoord": 0
                },
                "metallicFactor": 0,
                "roughnessFactor": 0.9230769230769231
            }
        },
        {
            "emissiveFactor": [
                0,
                0,
                0
            ],
            "name": "Material #69",
            "pbrMetallicRoughness": {
                "baseColorFactor": [
                    1,
                    1,
                    1,
                    1
                ],
                "baseColorTexture": {
                    "index": 3,
                    "texCoord": 0
                },
                "metallicFactor": 0,
                "roughnessFactor": 0.9230769230769231
            }
        },
        {
            "emissiveFactor": [
                0,
                0,
                0
            ],
            "name": "Material #80",
            "pbrMetallicRoughness": {
                "baseColorFactor": [
                    1,
                    1,
                    1,
                    1
                ],
                "baseColorTexture": {
                    "index": 4,
                    "texCoord": 0
                },
                "metallicFactor": 0,
                "roughnessFactor": 0.9230769230769231
            }
        }
    ],
    "meshes": [
        {
            "name": "lina_model_LOD0",
            "primitives": [
                {
                    "attributes": {
                        "JOINTS_0": 3,
                        "NORMAL": 1,
                        "POSITION": 0,
                        "TEXCOORD_0": 2,
                        "WEIGHTS_0": 4
                    },
                    "indices": 5,
                    "material": 0
                }
            ]
        },
        {
            "name": "lina_arms_LOD0",
            "primitives": [
                {
                    "attributes": {
                        "JOINTS_0": 10,
                        "NORMAL": 8,
                        "POSITION": 7,
                        "TEXCOORD_0": 9,
                        "WEIGHTS_0": 11
                    },
                    "indices": 12,
                    "material": 1
                }
            ]
        },
        {
            "name": "lina_belt_LOD0",
            "primitives": [
                {
                    "attributes": {
                        "JOINTS_0": 17,
                        "NORMAL": 15,
                        "POSITION": 14,
                        "TEXCOORD_0": 16,
                        "WEIGHTS_0": 18
                    },
                    "indices": 19,
                    "material": 2
                }
            ]
        },
        {
            "name": "lina_head_LOD0",
            "primitives": [
                {
                    "attributes": {
                        "JOINTS_0": 24,
                        "NORMAL": 22,
                        "POSITION": 21,
                        "TEXCOORD_0": 23,
                        "WEIGHTS_0": 25
                    },
                    "indices": 26,
                    "material": 3
                }
            ]
        },
        {
            "name": "lina_neck_LOD0",
            "primitives": [
                {
                    "attributes": {
                        "JOINTS_0": 31,
                        "NORMAL": 29,
                        "POSITION": 28,
                        "TEXCOORD_0": 30,
                        "WEIGHTS_0": 32
                    },
                    "indices": 33,
                    "material": 4
                }
            ]
        }
    ],
    "nodes": [
        {
            "children": [
                1,
                5,
                7,
                11,
                51,
                53,
                57,
                59,
                63,
                65,
                68,
                69,
                72
            ],
            "matrix": [
                1.6292068478213574e-7,
                1.469367938527879e-39,
                1.0000000000000002,
                0,
                1.0000000000000002,
                6.123233995736847e-17,
                -1.6292068478213574e-7,
                0,
                -6.123233995736685e-17,
                1,
                9.976014756666736e-24,
                0,
                0,
                126.53712463378906,
                -2.7016990184783936,
                1
            ],
            "name": "Root_0"
        },
        {
            "children": [
                2
            ],
            "matrix": [
                -0.4923722445964815,
                0.2294196486473082,
                -0.8396047949790955,
                0,
                -0.7618836255197533,
                0.3528040722039497,
                0.54319667995249,
                0,
                0.4208359684607529,
                0.9071360842133338,
                0.0010801407078500714,
                0,
                -14.672862052917482,
                5.385509967803953,
                -7,
                1
            ],
            "name": "dress_R0C1"
        },
        {
            "children": [
                3
            ],
            "matrix": [
                0.9999999999999998,
                -5.551115123125783e-17,
                -6.63567337189086e-9,
                0,
                3.885780586188048e-16,
                0.9999999999999996,
                4.0337909124055216e-8,
                0,
                6.6356733441352844e-9,
                -4.033790884649946e-8,
                1.0000000000000004,
                0,
                3.7921295166015483,
                0.00000762939453125,
                0.000001192092894619634,
                1
            ],
            "name": "dress_R1C1"
        },
        {
            "children": [
                4
            ],
            "matrix": [
                1.0000002384185789,
                5.551115123125783e-17,
                3.79513948600696e-8,
                0,
                -1.4988010832439613e-15,
                0.9999999999999998,
                4.033790895752176e-8,
                0,
                -3.795138583950752e-8,
                -4.0337909068544064e-8,
                0.9999999999999999,
                0,
                27.126846313476562,
                -0.000015258789076710855,
                0.0000033378601083100534,
                1
            ],
            "name": "dress_R2C1"
        },
        {
            "matrix": [
                0.9999996423721308,
                -5.662441253106998e-7,
                -3.387685859612688e-8,
                0,
                5.662442082998709e-7,
                0.9999998211860189,
                -5.483743733547541e-7,
                0,
                3.387717723013495e-8,
                5.483743869549862e-7,
                0.9999998807906593,
                0,
                36.358703613281236,
                -1.4210854715202004e-14,
                -0.0000033378601038691613,
                1
            ],
            "name": "dress_R3C1"
        },
        {
            "children": [
                6
            ],
            "matrix": [
                0.19672928750514962,
                0.008929550647735582,
                -0.9804171919822692,
                0,
                -0.001756915875873873,
                0.9999601244923814,
                0.00875500535802393,
                0,
                0.9804562908560235,
                1.4456338776814138e-7,
                0.19673713435292503,
                0,
                7.8292999267578125,
                7.848072528839111,
                -7.6107025146484375,
                1
            ],
            "name": "front_flap_L"
        },
        {
            "matrix": [
                0.9999998807907107,
                -1.734723475976807e-18,
                0,
                0,
                -5.963111948670274e-19,
                0.9999999403953552,
                2.77068465947888e-7,
                0,
                -8.326672684688674e-17,
                -2.7706851549180733e-7,
                1.0000001192092858,
                0,
                32.331031799316435,
                1.9252052307128906,
                11.86112022399902,
                1
            ],
            "name": "front_flap_L_end"
        },
        {
            "children": [
                8
            ],
            "matrix": [
                -0.20077814161777505,
                0.3817315697669981,
                -0.9022024869918825,
                0,
                -0.5003994902680692,
                0.7517818055088092,
                0.4294469745405796,
                0,
                0.8421928221387135,
                0.5376851916537927,
                0.040076926254312764,
                0,
                -7.926722526550291,
                15.850076675415037,
                -7,
                1
            ],
            "name": "dress_R0C0"
        },
        {
            "children": [
                9
            ],
            "matrix": [
                0.9999999403953552,
                -1.1920928956465904e-7,
                -2.607703214474455e-8,
                0,
                1.1920928474906667e-7,
                0.999999880790704,
                8.381903171539307e-8,
                0,
                2.6077020570669518e-8,
                -8.381903487952869e-8,
                0.9999998807907144,
                0,
                3.792137145996108,
                -0.0000152587890625,
                9.536743146298932e-7,
                1
            ],
            "name": "dress_R1C0"
        },
        {
            "children": [
                10
            ],
            "matrix": [
                1.0000003576278687,
                2.980232227667301e-8,
                2.235174181852706e-8,
                0,
                -2.980231594840177e-8,
                1.0000001192092898,
                3.5390257946410486e-8,
                0,
                -2.2351732742453834e-8,
                -3.5390254338185656e-8,
                0.9999999999999998,
                0,
                27.12680816650392,
                0,
                0.000003337860107421875,
                1
            ],
            "name": "dress_R2C0"
        },
        {
            "matrix": [
                0.999999761581421,
                -2.980232241545089e-8,
                1.8626451520065146e-8,
                0,
                2.980231271487721e-8,
                0.9999995827674867,
                2.402812243063046e-7,
                0,
                -1.8626459818982255e-8,
                -2.4028128103870117e-7,
                0.9999998211860636,
                0,
                36.35870361328124,
                0.00000762939453125,
                0.0000057220458984375,
                1
            ],
            "name": "dress_R3C0"
        },
        {
            "children": [
                12
            ],
            "matrix": [
                -0.011622807010998451,
                -5.542186266891661e-9,
                0.9999324679374695,
                0,
                -7.152396361743782e-7,
                1,
                -2.7710931286143206e-9,
                0,
                -0.9999324679374696,
                -7.152235424471871e-7,
                -0.011622807011002415,
                0,
                1.587350606918335,
                8.935379014474165e-7,
                14.525405883789062,
                1
            ],
            "name": "Spine_0"
        },
        {
            "children": [
                13,
                26,
                38
            ],
            "matrix": [
                0.8771701455116272,
                2.636391798205295e-7,
                0.48017984628677374,
                0,
                -7.158892750554114e-8,
                0.9999999999999999,
                -4.1826726260294703e-7,
                0,
                -0.4801798462868507,
                3.3251599539470835e-7,
                0.8771701455115853,
                0,
                13.656295776367216,
                6.467196271842113e-7,
                -0.000005006790161576902,
                1
            ],
            "name": "Spine_1"
        },
        {
            "children": [
                14
            ],
            "matrix": [
                -0.19485807418823237,
                0.9515553712844849,
                -0.23785020411014557,
                0,
                0.04771637694132824,
                -0.2330147455691915,
                -0.9713018953134643,
                0,
                -0.9796702763148328,
                -0.20061539459967107,
                2.9802321666050346e-8,
                0,
                10.381301879882841,
                -2.596190929412842,
                -2.0634918212890625,
                1
            ],
            "name": "clavicle_R"
        },
        {
            "children": [
                15
            ],
            "matrix": [
                0.3297708928585054,
                0.4245689809322359,
                -0.8432034254074098,
                0,
                -0.8764970349359518,
                -0.19411897072842288,
                -0.4405343861132497,
                0,
                -0.35071917661342616,
                0.8843411239583772,
                0.30811880733944647,
                0,
                -12.975030899047848,
                -0.000015258789048289145,
                0.00001525878909092171,
                1
            ],
            "name": "bicep_R"
        },
        {
            "children": [
                16
            ],
            "matrix": [
                0.9227311611175536,
                -1.6653345369377348e-16,
                -0.3854436874389649,
                0,
                -1.8673560096826858e-7,
                0.9999998211860768,
                -4.47034841810634e-7,
                0,
                0.38544371749325207,
                4.844691616767705e-7,
                0.9227312330658779,
                0,
                -28.1394500732422,
                0,
                0.000011444091796875,
                1
            ],
            "name": "elbow_R"
        },
        {
            "children": [
                17,
                20,
                23
            ],
            "matrix": [
                0.7686896324157719,
                0.322234243154526,
                0.5525230765342717,
                0,
                -0.5862363194404794,
                0.7004250597711771,
                0.40710126224691034,
                0,
                -0.25581898735090214,
                -0.6368434789307978,
                0.7273147436910258,
                0,
                -29.051696777343736,
                -1.4210854715202004e-14,
                0.00000762939453125,
                1
            ],
            "name": "wrist_R"
        },
        {
            "children": [
                18
            ],
            "matrix": [
                0.8671135306358339,
                0.0050710290670395305,
                -0.4980852007865905,
                0,
                0.19858932016194353,
                -0.9205599403412544,
                0.33635068874200624,
                0,
                -0.45681146987608323,
                -0.3905684903954254,
                -0.7992367370441609,
                0,
                -2.6829071044921875,
                -0.06394577026368609,
                3.926528930664062,
                1
            ],
            "name": "Thumb_0_R"
        },
        {
            "children": [
                19
            ],
            "matrix": [
                0.9335083365440369,
                4.917383193206448e-7,
                -0.3585556149482727,
                0,
                0.00025609874970233815,
                0.9999997019710649,
                0.0006681308171203604,
                0,
                0.35855554776600584,
                -0.0007155314108958644,
                0.9335081606520477,
                0,
                -5.609458923339844,
                -0.0000019073486363652137,
                -0.000030517578125,
                1
            ],
            "name": "Thumb_1_R"
        },
        {
            "matrix": [
                0.9560509324073795,
                0.0256548672914505,
                0.29207614064216625,
                0,
                -0.024535411634446176,
                0.9996711605946749,
                -0.007495743353846285,
                0,
                -0.2921723488246321,
                1.0408325806787744e-7,
                0.9563658408833247,
                0,
                -4.590202331542969,
                -0.0000171661376953125,
                0.000026702880859375,
                1
            ],
            "name": "Thumb_2_R"
        },
        {
            "children": [
                21
            ],
            "matrix": [
                0.9805698394775394,
                0.09148313850164416,
                -0.17353406548500067,
                0,
                0.14411511276150862,
                0.26423013833262354,
                0.9536314087134427,
                0,
                0.13309414104294082,
                -0.9601111990431467,
                0.24591203231230818,
                0,
                -10.676010131835923,
                3.7064285278320312,
                2.8745422363281246,
                1
            ],
            "name": "Index_0_R"
        },
        {
            "children": [
                22
            ],
            "matrix": [
                0.6492047905921939,
                1.564621924243781e-7,
                -0.7606135606765747,
                0,
                4.878790919038423e-7,
                0.9999999403952686,
                6.221235741565856e-7,
                0,
                0.7606135362949719,
                -7.749730792233622e-7,
                0.6492047697816591,
                0,
                -4.849235534667969,
                0.000007629394527697286,
                0.000005722045901990214,
                1
            ],
            "name": "Index_1_R"
        },
        {
            "matrix": [
                0.8675278425216673,
                8.107163012582852e-7,
                -0.49738913774490345,
                0,
                -9.81502566166359e-7,
                1.0000003576275827,
                -8.195637861765914e-8,
                0,
                0.49738898685675986,
                5.592877856813727e-7,
                0.8675275793490276,
                0,
