{
    "accessors": {
        "attrbute_1": {
            "bufferView": "bufferView_31",
            "byteOffset": 0,
            "byteStride": 12,
            "count": 2794,
            "max": [
                47.97486877441406,
                22.64814567565918,
                200.54063415527344,
                0
            ],
            "min": [
                -47.83989334106445,
                -13.068387031555176,
                22.191627502441406,
                0
            ],
            "type": 35665
        },
        "attrbute_10": {
            "bufferView": "bufferView_31",
            "byteOffset": 177688,
            "byteStride": 16,
            "count": 314,
            "max": [
                3,
                3,
                -1,
                -1
            ],
            "min": [
                0,
                -1,
                -1,
                -1
            ],
            "type": 35666
        },
        "attrbute_11": {
            "bufferView": "bufferView_31",
            "byteOffset": 182712,
            "byteStride": 12,
            "count": 314,
            "max": [
                1,
                0.9987232089042664,
                0
            ],
            "min": [
                0.0012768121669068933,
                0,
                0
            ],
            "type": 35665
        },
        "attrbute_13": {
            "bufferView": "bufferView_31",
            "byteOffset": 186480,
            "byteStride": 12,
            "count": 496,
            "max": [
                57.976741790771484,
                77.98486328125,
                144.90904235839844,
                0
            ],
            "min": [
                -77.25717163085938,
                -28.041635513305664,
                43.8458251953125,
                0
            ],
            "type": 35665
        },
        "attrbute_14": {
            "bufferView": "bufferView_31",
            "byteOffset": 192432,
            "byteStride": 12,
            "count": 496,
            "max": [
                0.9947026371955872,
                0.9985237717628479,
                0.9911515712738037,
                0
            ],
            "min": [
                -0.9947026968002319,
                -0.9829817414283752,
                -0.9997798204421997,
                0
            ],
            "type": 35665
        },
        "attrbute_15": {
            "bufferView": "bufferView_31",
            "byteOffset": 198384,
            "byteStride": 8,
            "count": 496,
            "max": [
                0.9936569929122925,
                0.9900270104408264
            ],
            "min": [
                0.007530999835580587,
                0.012776970863342285
            ],
            "type": 35664
        },
        "attrbute_16": {
            "bufferView": "bufferView_31",
            "byteOffset": 202352,
            "byteStride": 16,
            "count": 496,
            "max": [
                17,
                18,
                19,
                -1
            ],
            "min": [
                0,
                -1,
                -1,
                -1
            ],
            "type": 35666
        },
        "attrbute_17": {
            "bufferView": "bufferView_31",
            "byteOffset": 210288,
            "byteStride": 12,
            "count": 496,
            "max": [
                1,
                0.9990613460540771,
                0.9797221422195435
            ],
            "min": [
                0.0005155176622793078,
                0,
                0
            ],
            "type": 35665
        },
        "attrbute_19": {
            "bufferView": "bufferView_31",
            "byteOffset": 216240,
            "byteStride": 12,
            "count": 460,
            "max": [
                28.839454650878906,
                35.57818603515625,
                201.21197509765625,
                0
            ],
            "min": [
                -27.391616821289062,
                -6.533928871154785,
                169.23931884765625,
                0
            ],
            "type": 35665
        },
        "attrbute_2": {
            "bufferView": "bufferView_31",
            "byteOffset": 33528,
            "byteStride": 12,
            "count": 2794,
            "max": [
                0.9986366629600525,
                0.9999969005584717,
                0.9994956851005554,
                0
            ],
            "min": [
                -0.998636782169342,
                -0.9986250996589661,
                -0.9999991655349731,
                0
            ],
            "type": 35665
        },
        "attrbute_20": {
            "bufferView": "bufferView_31",
            "byteOffset": 221760,
            "byteStride": 12,
            "count": 460,
            "max": [
                0.9704868197441101,
                0.9914290308952332,
                0.9952532649040222,
                0
            ],
            "min": [
                -0.9693558812141418,
                -0.9884186387062073,
                -0.9977672696113586,
                0
            ],
            "type": 35665
        },
        "attrbute_21": {
            "bufferView": "bufferView_31",
            "byteOffset": 227280,
            "byteStride": 8,
            "count": 460,
            "max": [
                0.9890739917755127,
                0.98540198802948
            ],
            "min": [
                0.012493000365793705,
                0.022427022457122803
            ],
            "type": 35664
        },
        "attrbute_22": {
            "bufferView": "bufferView_31",
            "byteOffset": 230960,
            "byteStride": 16,
            "count": 460,
            "max": [
                6,
                5,
                6,
                -1
            ],
            "min": [
                0,
                -1,
                -1,
                -1
            ],
            "type": 35666
        },
        "attrbute_23": {
            "bufferView": "bufferView_31",
            "byteOffset": 238320,
            "byteStride": 12,
            "count": 460,
            "max": [
                1,
                0.9984267950057983,
                0.9996218681335449
            ],
            "min": [
                0.0001275579706998542,
                0,
                0
            ],
            "type": 35665
        },
        "attrbute_25": {
            "bufferView": "bufferView_31",
            "byteOffset": 243840,
            "byteStride": 12,
            "count": 330,
            "max": [
                9.445467948913574,
                13.448956489562988,
                186.0933380126953,
                0
            ],
            "min": [
                -9.445466041564941,
                -4.119443416595459,
                163.27493286132812,
                0
            ],
            "type": 35665
        },
        "attrbute_26": {
            "bufferView": "bufferView_31",
            "byteOffset": 247800,
            "byteStride": 12,
            "count": 330,
            "max": [
                0.999146044254303,
                0.9999595880508423,
                0.9724770784378052,
                0
            ],
            "min": [
                -0.9991459250450134,
                -0.9985929727554321,
                -0.8309692740440369,
                0
            ],
            "type": 35665
        },
        "attrbute_27": {
            "bufferView": "bufferView_31",
            "byteOffset": 251760,
            "byteStride": 8,
            "count": 330,
            "max": [
                0.986877977848053,
                0.9906030297279358
            ],
            "min": [
                0.01551000028848648,
                0.019096016883850098
            ],
            "type": 35664
        },
        "attrbute_28": {
            "bufferView": "bufferView_31",
            "byteOffset": 254400,
            "byteStride": 16,
            "count": 330,
            "max": [
                3,
                5,
                5,
                -1
            ],
            "min": [
                0,
                -1,
                -1,
                -1
            ],
            "type": 35666
        },
        "attrbute_29": {
            "bufferView": "bufferView_31",
            "byteOffset": 259680,
            "byteStride": 12,
            "count": 330,
            "max": [
                1,
                0.8986756205558777,
                0.1659790277481079
            ],
            "min": [
                0.011931019835174084,
                0,
                0
            ],
            "type": 35665
        },
        "attrbute_3": {
            "bufferView": "bufferView_31",
            "byteOffset": 67056,
            "byteStride": 8,
            "count": 2794,
            "max": [
                1.9921929836273193,
                0.993353009223938
            ],
            "min": [
                0.010409999638795853,
                0.008229970932006836
            ],
            "type": 35664
        },
        "attrbute_4": {
            "bufferView": "bufferView_31",
            "byteOffset": 89408,
            "byteStride": 16,
            "count": 2794,
            "max": [
                29,
                29,
                29,
                -1
            ],
            "min": [
                0,
                -1,
                -1,
                -1
            ],
            "type": 35666
        },
        "attrbute_5": {
            "bufferView": "bufferView_31",
            "byteOffset": 134112,
            "byteStride": 12,
            "count": 2794,
            "max": [
                1,
                0.9998699426651001,
                0.9858946800231934
            ],
            "min": [
                0.00010674978693714365,
                0,
                0
            ],
            "type": 35665
        },
        "attrbute_7": {
            "bufferView": "bufferView_31",
            "byteOffset": 167640,
            "byteStride": 12,
            "count": 314,
            "max": [
                44.74772644042969,
                19.61699867248535,
                156.5248260498047,
                0
            ],
            "min": [
                -44.74773025512695,
                0.025375833734869957,
                115.18203735351562,
                0
            ],
            "type": 35665
        },
        "attrbute_8": {
            "bufferView": "bufferView_31",
            "byteOffset": 171408,
            "byteStride": 12,
            "count": 314,
            "max": [
                0.9951996803283691,
                0.9860164523124695,
                0.9871494770050049,
                0
            ],
            "min": [
                -0.9951996803283691,
                -0.9991534948348999,
                -0.9942995309829712,
                0
            ],
            "type": 35665
        },
        "attrbute_9": {
            "bufferView": "bufferView_31",
            "byteOffset": 175176,
            "byteStride": 8,
            "count": 314,
            "max": [
                1.990440011024475,
                0.9757570028305054
            ],
            "min": [
                0.012618999928236008,
                0.01780599355697632
            ],
            "type": 35664
        },
        "indices_12": {
            "bufferView": "bufferView_33",
            "byteOffset": 25692,
            "count": 1464,
            "type": 5123
        },
        "indices_18": {
            "bufferView": "bufferView_33",
            "byteOffset": 28620,
            "count": 2076,
            "type": 5123
        },
        "indices_24": {
            "bufferView": "bufferView_33",
            "byteOffset": 32772,
            "count": 2394,
            "type": 5123
        },
        "indices_30": {
            "bufferView": "bufferView_33",
            "byteOffset": 37560,
            "count": 1134,
            "type": 5123
        },
        "indices_6": {
            "bufferView": "bufferView_33",
            "byteOffset": 0,
            "count": 12846,
            "type": 5123
        }
    },
    "animations": {},
    "asset": {},
    "bufferViews": {
        "bufferView_31": {
            "buffer": "lina.bin",
            "byteLength": 263640,
            "byteOffset": 0,
            "target": 34962
        },
        "bufferView_32": {
            "buffer": "lina.bin",
            "byteLength": 5504,
            "byteOffset": 263640
        },
        "bufferView_33": {
            "buffer": "lina.bin",
            "byteLength": 39828,
            "byteOffset": 269144,
            "target": 34963
        }
    },
    "buffers": {
        "lina.bin": {
            "byteLength": 308972,
            "path": "lina.bin"
        }
    },
    "cameras": {},
    "images": {
        "image_0": {
            "path": "textures/lina_base_color.png"
        },
        "image_1": {
            "path": "textures/lina_sleeve_color.png"
        },
        "image_2": {
            "path": "textures/lina_base_dress_color.png"
        },
        "image_3": {
            "path": "textures/lina_hair_color.png"
        },
        "image_4": {
            "path": "textures/lina_jewelry_color.png"
        }
    },
    "lights": {},
    "materials": {
        "Material #35": {
            "instanceTechnique": {
                "technique": "technique_0",
                "values": {
                    "ambient": [
                        0.5879999995231628,
                        0.5879999995231628,
                        0.5879999995231628
                    ],
                    "diffuse": "Map #13",
                    "emission": [
                        0,
                        0,
                        0
                    ],
                    "shininess": 2,
                    "specular": [
                        0.8999999761581421,
                        0.8999999761581421,
                        0.8999999761581421
                    ],
                    "transparency": 1
                }
            },
            "name": "Material #35"
        },
        "Material #47": {
            "instanceTechnique": {
                "technique": "technique_0",
                "values": {
                    "ambient": [
                        0.5879999995231628,
                        0.5879999995231628,
                        0.5879999995231628
                    ],
                    "diffuse": "Map #9",
                    "emission": [
                        0,
                        0,
                        0
                    ],
                    "shininess": 2,
                    "specular": [
                        0.8999999761581421,
                        0.8999999761581421,
                        0.8999999761581421
                    ],
                    "transparency": 1
                }
            },
            "name": "Material #47"
        },
        "Material #58": {
            "instanceTechnique": {
                "technique": "technique_0",
                "values": {
                    "ambient": [
                        0.5879999995231628,
                        0.5879999995231628,
                        0.5879999995231628
                    ],
                    "diffuse": "Map #10",
                    "emission": [
                        0,
                        0,
                        0
                    ],
                    "shininess": 2,
                    "specular": [
                        0.8999999761581421,
                        0.8999999761581421,
                        0.8999999761581421
                    ],
                    "transparency": 1
                }
            },
            "name": "Material #58"
        },
        "Material #69": {
            "instanceTechnique": {
                "technique": "technique_0",
                "values": {
                    "ambient": [
                        0.5879999995231628,
                        0.5879999995231628,
                        0.5879999995231628
                    ],
                    "diffuse": "Map #11",
                    "emission": [
                        0,
                        0,
                        0
                    ],
                    "shininess": 2,
                    "specular": [
                        0.8999999761581421,
                        0.8999999761581421,
                        0.8999999761581421
                    ],
                    "transparency": 1
                }
            },
            "name": "Material #69"
        },
        "Material #80": {
            "instanceTechnique": {
                "technique": "technique_0",
                "values": {
                    "ambient": [
                        0.5879999995231628,
                        0.5879999995231628,
                        0.5879999995231628
                    ],
                    "diffuse": "Map #12",
                    "emission": [
                        0,
                        0,
                        0
                    ],
                    "shininess": 2,
                    "specular": [
                        0.8999999761581421,
                        0.8999999761581421,
                        0.8999999761581421
                    ],
                    "transparency": 1
                }
            },
            "name": "Material #80"
        }
    },
    "meshes": {
        "lina_arms_LOD0-mesh": {
            "name": "lina_arms_LOD0-mesh",
            "primitives": [
                {
                    "attributes": {
                        "JOINT": "attrbute_10",
                        "NORMAL": "attrbute_8",
                        "POSITION": "attrbute_7",
                        "TEXCOORD_0": "attrbute_9",
                        "WEIGHT": "attrbute_11"
                    },
                    "indices": "indices_12",
                    "material": "Material #47"
                }
            ]
        },
        "lina_belt_LOD0-mesh": {
            "name": "lina_belt_LOD0-mesh",
            "primitives": [
                {
                    "attributes": {
                        "JOINT": "attrbute_16",
                        "NORMAL": "attrbute_14",
                        "POSITION": "attrbute_13",
                        "TEXCOORD_0": "attrbute_15",
                        "WEIGHT": "attrbute_17"
                    },
                    "indices": "indices_18",
                    "material": "Material #58"
                }
            ]
        },
        "lina_head_LOD0-mesh": {
            "name": "lina_head_LOD0-mesh",
            "primitives": [
                {
                    "attributes": {
                        "JOINT": "attrbute_22",
                        "NORMAL": "attrbute_20",
                        "POSITION": "attrbute_19",
                        "TEXCOORD_0": "attrbute_21",
                        "WEIGHT": "attrbute_23"
                    },
                    "indices": "indices_24",
                    "material": "Material #69"
                }
            ]
        },
        "lina_model_LOD0-mesh": {
            "name": "lina_model_LOD0-mesh",
            "primitives": [
                {
                    "attributes": {
                        "JOINT": "attrbute_4",
                        "NORMAL": "attrbute_2",
                        "POSITION": "attrbute_1",
                        "TEXCOORD_0": "attrbute_3",
                        "WEIGHT": "attrbute_5"
                    },
                    "indices": "indices_6",
                    "material": "Material #35"
                }
            ]
        },
        "lina_neck_LOD0-mesh": {
            "name": "lina_neck_LOD0-mesh",
            "primitives": [
                {
                    "attributes": {
                        "JOINT": "attrbute_28",
                        "NORMAL": "attrbute_26",
                        "POSITION": "attrbute_25",
                        "TEXCOORD_0": "attrbute_27",
                        "WEIGHT": "attrbute_29"
                    },
                    "indices": "indices_30",
                    "material": "Material #80"
                }
            ]
        }
    },
    "nodes": {
        "Head_0": {
            "children": [
                "Head_1"
            ],
            "jointId": "Head_0",
            "matrix": [
                0.6473097205162048,
                1.0018545992807035e-8,
                -0.7622271776199341,
                0,
                5.4028433826249685e-8,
                0.9999999999999999,
                5.902659694356763e-8,
                0,
                0.7622271776199347,
                -7.939043059717111e-8,
                0.6473097205162041,
                0,
                18.220046997070312,
                2.891583790187707e-7,
                0,
                1
            ],
            "name": "Head_0"
        },
        "Head_1": {
            "children": [
                "hair_L",
                "hair_R",
                "hair_back",
                "hair_strand_1",
                "hair_strand_2"
            ],
            "jointId": "Head_1",
            "matrix": [
                0.34690013527870145,
                1.5303368064395825e-15,
                -0.9379020929336543,
                0,
                -4.4722661150011377e-7,
                1.0000000000000002,
                -1.6541488889743047e-7,
                0,
                0.9379020929336549,
                4.768372222772132e-7,
                0.34690013527870156,
                0,
                15.04449462890625,
                6.167806532175737e-7,
                0,
                1
            ],
            "name": "Head_1"
        },
        "Index_0_L": {
            "children": [
                "Index_1_L"
            ],
            "jointId": "Index_0_L",
            "matrix": [
                0.9805694818496702,
                0.09148351848125455,
                -0.17353489995002752,
                0,
                0.14411585885219622,
                0.264230349431262,
                0.9536314317418386,
                0,
                0.1330947307066027,
                -0.9601108999945963,
                0.24591196280675548,
                0,
                10.809700012207031,
                -3.6844635009765696,
                -2.955421447753906,
                1
            ],
            "name": "Index_0_L"
        },
        "Index_0_R": {
            "children": [
                "Index_1_R"
            ],
            "jointId": "Index_0_R",
            "matrix": [
                0.9805698394775394,
                0.09148313850164419,
                -0.1735340654850007,
                0,
                0.14411511276150857,
                0.26423013833262365,
                0.953631408713443,
                0,
                0.13309414104294082,
                -0.9601111990431469,
                0.2459120323123082,
                0,
                -10.676010131835952,
                3.7064285278320312,
                2.874542236328126,
                1
            ],
            "name": "Index_0_R"
        },
        "Index_1_L": {
            "children": [
                "Index_2_L"
            ],
            "jointId": "Index_1_L",
            "matrix": [
                0.6492047309875489,
                5.066394804381646e-7,
                -0.7606140971183777,
                0,
                -3.8540558877642184e-7,
                1.0000002384185183,
                3.371387287155747e-7,
                0,
                0.7606139297528332,
                7.42728321484476e-8,
                0.6492045881365736,
                0,
                4.849235534667969,
                -0.000013351440426134786,
                0.0000019073486363652137,
                1
            ],
            "name": "Index_1_L"
        },
        "Index_1_R": {
            "children": [
                "Index_2_R"
            ],
            "jointId": "Index_1_R",
            "matrix": [
                0.6492047905921936,
                1.5646219243825588e-7,
                -0.7606135606765749,
                0,
                4.878790919038423e-7,
                0.9999999403952683,
                6.221235741635245e-7,
                0,
                0.7606135362949715,
                -7.7497307923724e-7,
                0.6492047697816592,
                0,
                -4.849235534667983,
                0.00000762939453125,
                0.000005722045901990214,
                1
            ],
            "name": "Index_1_R"
        },
        "Index_2_L": {
            "children": [],
            "jointId": "Index_2_L",
            "matrix": [
                0.8675282001495362,
                -4.3539330353906114e-7,
                -0.49738872051239036,
                0,
                1.2596691663369075e-7,
                1.0000000000000482,
                -6.556510787764092e-7,
                0,
                0.497388573397544,
                5.061411271767291e-7,
                0.8675279435564676,
                0,
                3.3535232543945312,
                0.0000019073486328125,
                -0.00005722045899148043,
                1
            ],
            "name": "Index_2_L"
        },
        "Index_2_R": {
            "children": [],
            "jointId": "Index_2_R",
            "matrix": [
                0.8675278425216675,
                8.107163012235907e-7,
                -0.49738913774490373,
                0,
                -9.815025663051369e-7,
                1.000000357627583,
                -8.195637853092297e-8,
                0,
                0.49738898685676003,
                5.592877857230061e-7,
                0.867527579349028,
                0,
                -3.3536148071289205,
                -0.000003814697265625,
                -0.00003051757813210543,
                1
            ],
            "name": "Index_2_R"
        },
        "Mid_0_L": {
            "children": [
                "Mid_1_L"
            ],
            "jointId": "Mid_0_L",
            "matrix": [
                0.9570322036743163,
                0.2311471849679946,
                -0.17510323226451868,
                0,
                0.07254692223167317,
                0.3937890476552503,
                0.9163335742855885,
                0,
                0.28076151636092767,
                -0.8896634813155917,
                0.36009959736016217,
                0,
                11.084014892578125,
                -1.5240440368652344,
                0.8452603816986084,
                1
            ],
            "name": "Mid_0_L"
        },
        "Mid_0_R": {
            "children": [
                "Mid_1_R"
            ],
            "jointId": "Mid_0_R",
            "matrix": [
                0.9570323228836057,
                0.23114664852619166,
                -0.17510282993316653,
                0,
                0.07254685825414717,
                0.3937888197899435,
                0.9163338722489289,
                0,
                0.2807609868769469,
                -0.8896641253753583,
                0.3600995973366345,
                0,
                -11.083984375,
                1.5240669250488281,
                -0.8452603816986084,
                1
            ],
            "name": "Mid_0_R"
        },
        "Mid_1_L": {
            "children": [
                "Mid_2_L"
            ],
            "jointId": "Mid_1_L",
            "matrix": [
                0.41422963142395014,
                2.514570958921103e-8,
                -0.9101725816726685,
                0,
                -6.070474704855666e-8,
                0.9999998211860904,
                -1.1449174941446927e-16,
                0,
                0.9101721103717542,
                5.5251777653086975e-8,
                0.4142294169296809,
                0,
                4.980621337890639,
                0.0000019073486292597863,
                0.00000762939453125,
                1
            ],
            "name": "Mid_1_L"
        },
        "Mid_1_R": {
            "children": [
                "Mid_2_R"
            ],
            "jointId": "Mid_1_R",
            "matrix": [
                0.4142290353775026,
                1.350417732325082e-7,
                -0.9101726412773136,
                0,
                -1.1318549122951715e-7,
                0.9999998807907097,
                9.685749316479253e-8,
                0,
                0.9101723899575989,
                6.289714171714422e-8,
                0.41422892099929576,
                0,
                -4.980621337890611,
                0.0000019073486363652137,
                -0.0000171661376953125,
                1
            ],
            "name": "Mid_1_R"
        },
        "Mid_2_L": {
            "children": [],
            "jointId": "Mid_2_L",
            "matrix": [
                0.9947445392608645,
                -6.859190762797604e-7,
                -0.10239082574844363,
                0,
                6.834078120666887e-7,
                1.0000001192097336,
                -5.960464467824611e-8,
                0,
                0.1023907764783174,
                -1.0683289017321407e-8,
                0.9947440605931582,
                0,
                3.461742401123047,
                -0.000019073486324572286,
                -0.00008392333984375,
                1
            ],
            "name": "Mid_2_L"
        },
        "Mid_2_R": {
            "children": [],
            "jointId": "Mid_2_R",
            "matrix": [
                0.9947443604469298,
                2.1164305506358658e-7,
                -0.10238994657993311,
                0,
                -2.733459504682123e-7,
                0.9999999403953411,
                -5.88595875553044e-7,
                0,
                0.10238997258157226,
                6.134904974169908e-7,
                0.9947446130607327,
                0,
                -3.4617958068847656,
                -0.000003814697269177714,
                -0.00006866455078125,
                1
            ],
            "name": "Mid_2_R"
        },
        "Root_0": {
            "children": [
                "dress_R0C1",
                "front_flap_L",
                "dress_R0C0",
                "Spine_0",
                "back_flap5_0_B_R",
                "dress_R0C2",
                "front_flap_R",
                "dress_R0C3",
                "back_flap4_0_B_L",
                "thigh_R",
                "back_bottom_flap_L",
                "thigh_L",
                "back_bottom_flap_R"
            ],
            "jointId": "Root_0",
            "matrix": [
                -1.629206851037603e-7,
                -1.0000000000000002,
                0,
                0,
                1.0000000000000002,
                -1.629206851037603e-7,
                0,
                0,
                0,
                0,
                1,
                0,
                0,
                2.7016990184783936,
                126.53712463378906,
                1
            ],
            "name": "Root_0"
        },
        "Spine_0": {
            "children": [
                "Spine_1"
            ],
            "jointId": "Spine_0",
            "matrix": [
                -0.011622807010998453,
                -5.5421862668916625e-9,
                0.9999324679374695,
                0,
                -7.152396361743781e-7,
                1.0000000000000002,
                -2.771093128614321e-9,
                0,
                -0.9999324679374697,
                -7.152235424471873e-7,
                -0.011622807011002415,
                0,
                1.5873506069183352,
                8.935379014474165e-7,
                14.525405883789062,
                1
            ],
            "name": "Spine_0"
        },
        "Spine_1": {
            "children": [
                "clavicle_R",
                "Head_0",
                "clavicle_L"
            ],
            "jointId": "Spine_1",
            "matrix": [
                0.8771701455116271,
                2.6363917982052953e-7,
                0.48017984628677374,
                0,
                -7.158892750554115e-8,
                0.9999999999999997,
                -4.1826726260294687e-7,
                0,
                -0.48017984628685073,
                3.325159953947082e-7,
                0.8771701455115852,
                0,
                13.656295776367216,
                6.467196271842113e-7,
                -0.000005006790161576902,
                1
            ],
            "name": "Spine_1"
        },
        "Thumb_0_L": {
            "children": [
                "Thumb_1_L"
            ],
            "jointId": "Thumb_0_L",
            "matrix": [
                0.8661004900932312,
                0.006252144463360286,
                -0.499830663204193,
                0,
                0.1957955595618237,
                -0.9242669780327931,
                0.3277109458934559,
                0,
                -0.4599281706675071,
                -0.3816953101221588,
                -0.801732382070713,
                0,
                2.68292236328125,
                0.06395721435546875,
                -3.926513671875,
                1
            ],
            "name": "Thumb_0_L"
        },
        "Thumb_0_R": {
            "children": [
                "Thumb_1_R"
            ],
            "jointId": "Thumb_0_R",
            "matrix": [
                0.867113530635834,
                0.005071029067039498,
                -0.4980852007865907,
                0,
                0.1985893201619435,
                -0.9205599403412549,
                0.3363506887420064,
                0,
                -0.4568114698760831,
                -0.3905684903954254,
                -0.7992367370441609,
                0,
                -2.6829071044921875,
                -0.06394577026366477,
                3.926528930664063,
                1
            ],
            "name": "Thumb_0_R"
        },
        "Thumb_1_L": {
            "children": [
                "Thumb_2_L"
            ],
            "jointId": "Thumb_1_L",
            "matrix": [
                0.933210253715515,
                -4.172325134832455e-7,
                -0.3593309819698334,
                0,
                1.2004688151878717e-7,
                1.0000001192092933,
                -8.493661767944305e-7,
                0,
                0.35933095428675266,
                7.495005144748934e-7,
                0.9332101818195505,
                0,
                5.609466552734361,
                0.0000057220458984375,
                -0.0000152587890625,
                1
            ],
            "name": "Thumb_1_L"
        },
        "Thumb_1_R": {
            "children": [
                "Thumb_2_R"
            ],
            "jointId": "Thumb_1_R",
            "matrix": [
                0.9335083365440365,
                4.917383193969727e-7,
                -0.35855561494827287,
                0,
                0.0002560987497023659,
                0.9999997019710651,
                0.0006681308171204853,
                0,
                0.35855554776600584,
                -0.0007155314108958713,
                0.9335081606520478,
                0,
                -5.609458923339844,
                -0.0000019073486257070726,
                -0.000030517578125,
                1
            ],
            "name": "Thumb_1_R"
        },
        "Thumb_2_L": {
            "children": [],
            "jointId": "Thumb_2_L",
            "matrix": [
                0.9560509920120246,
                0.025654897093772944,
                0.2920757532119753,
                0,
                -0.024535472339504566,
                0.999671164591773,
                -0.007495651937797918,
                0,
                -0.29217184374244476,
                8.906931150964859e-9,
                0.9563655241752103,
                0,
                4.59002685546875,
                0.000003814697269177714,
                0.000019073486321019573,
                1
            ],
            "name": "Thumb_2_L"
        },
        "Thumb_2_R": {
            "children": [],
            "jointId": "Thumb_2_R",
            "matrix": [
                0.956050932407379,
                0.025654867291450528,
                0.29207614064216614,
                0,
                -0.024535411634446197,
                0.9996711605946748,
                -0.007495743353846229,
                0,
                -0.29217234882463206,
                1.0408325808175523e-7,
                0.9563658408833245,
                0,
                -4.590202331542969,
                -0.0000171661376953125,
                0.000026702880859375,
                1
            ],
            "name": "Thumb_2_R"
        },
        "ankle_L": {
            "children": [],
            "jointId": "ankle_L",
            "matrix": [
                0.8408681750297545,
                -0.1067201793193816,
                0.5306147933006287,
                0,
                0.28400455432176924,
                0.921557109181354,
                -0.26471491771662464,
                0,
                -0.4607412759827618,
                0.3732872578441474,
                0.805216824682839,
                0,
                32.962905883789055,
                0.000011444091796875,
                0.000022411346437323232,
                1
            ],
            "name": "ankle_L"
        },
        "ankle_R": {
            "children": [],
            "jointId": "ankle_R",
            "matrix": [
                0.8794757127761843,
                -0.055563166737556485,
                0.47269004583358754,
                0,
                0.2314495557029486,
                0.917748881112199,
                -0.32275109284372083,
                0,
                -0.41587751372015175,
                0.3932554838254589,
                0.819997578204403,
                0,
                -32.962921142578125,
                -0.000011444091796875,
                -0.000008583068849432607,
                1
            ],
            "name": "ankle_R"
        },
        "back_bottom_flap_L": {
            "children": [],
            "jointId": "back_bottom_flap_L",
            "matrix": [
                -0.5646290779113771,
                0.4983468353748321,
                -0.6579090356826781,
                0,
                0.3245541819087868,
                0.8669778536935753,
                0.3781722514369295,
                0,
                0.7588535660935701,
                -7.922589349634964e-8,
                -0.651261505065885,
                0,
                -28.910211563110348,
                22.857690811157223,
                -45.75532531738281,
                1
            ],
            "name": "back_bottom_flap_L"
        },
        "back_bottom_flap_R": {
            "children": [],
            "jointId": "back_bottom_flap_R",
            "matrix": [
                0.5646285414695743,
                0.4983469247817995,
                0.6579094529151917,
                0,
                0.32455452287244346,
                -0.8669775117253332,
                0.3781718424078441,
                0,
                0.7588535384113204,
