{
    "animations": {},
    "asset": {},
    "attributes": {
        "attribute_1": {
            "bufferView": "bufferView_31",
            "byteOffset": 0,
            "byteStride": 12,
            "count": 2179,
            "max": [
                1,
                1,
                1
            ],
            "min": [
                0,
                0,
                0
            ],
            "type": "FLOAT_VEC3"
        },
        "attribute_10": {
            "bufferView": "bufferView_31",
            "byteOffset": 139828,
            "byteStride": 16,
            "count": 284,
            "max": [
                1,
                1,
                1
            ],
            "min": [
                0,
                0,
                0
            ],
            "type": "FLOAT_VEC4"
        },
        "attribute_11": {
            "bufferView": "bufferView_31",
            "byteOffset": 144372,
            "byteStride": 12,
            "count": 284,
            "max": [
                1,
                1,
                1
            ],
            "min": [
                0,
                0,
                0
            ],
            "type": "FLOAT_VEC3"
        },
        "attribute_13": {
            "bufferView": "bufferView_31",
            "byteOffset": 147780,
            "byteStride": 12,
            "count": 388,
            "max": [
                1,
                1,
                1
            ],
            "min": [
                0,
                0,
                0
            ],
            "type": "FLOAT_VEC3"
        },
        "attribute_14": {
            "bufferView": "bufferView_31",
            "byteOffset": 152436,
            "byteStride": 12,
            "count": 388,
            "max": [
                1,
                1,
                1
            ],
            "min": [
                0,
                0,
                0
            ],
            "type": "FLOAT_VEC3"
        },
        "attribute_15": {
            "bufferView": "bufferView_31",
            "byteOffset": 157092,
            "byteStride": 8,
            "count": 388,
            "max": [
                1,
                1,
                1
            ],
            "min": [
                0,
                0,
                0
            ],
            "type": "FLOAT_VEC2"
        },
        "attribute_16": {
            "bufferView": "bufferView_31",
            "byteOffset": 160196,
            "byteStride": 16,
            "count": 388,
            "max": [
                1,
                1,
                1
            ],
            "min": [
                0,
                0,
                0
            ],
            "type": "FLOAT_VEC4"
        },
        "attribute_17": {
            "bufferView": "bufferView_31",
            "byteOffset": 166404,
            "byteStride": 12,
            "count": 388,
            "max": [
                1,
                1,
                1
            ],
            "min": [
                0,
                0,
                0
            ],
            "type": "FLOAT_VEC3"
        },
        "attribute_19": {
            "bufferView": "bufferView_31",
            "byteOffset": 171060,
            "byteStride": 12,
            "count": 411,
            "max": [
                1,
                1,
                1
            ],
            "min": [
                0,
                0,
                0
            ],
            "type": "FLOAT_VEC3"
        },
        "attribute_2": {
            "bufferView": "bufferView_31",
            "byteOffset": 26148,
            "byteStride": 12,
            "count": 2179,
            "max": [
                1,
                1,
                1
            ],
            "min": [
                0,
                0,
                0
            ],
            "type": "FLOAT_VEC3"
        },
        "attribute_20": {
            "bufferView": "bufferView_31",
            "byteOffset": 175992,
            "byteStride": 12,
            "count": 411,
            "max": [
                1,
                1,
                1
            ],
            "min": [
                0,
                0,
                0
            ],
            "type": "FLOAT_VEC3"
        },
        "attribute_21": {
            "bufferView": "bufferView_31",
            "byteOffset": 180924,
            "byteStride": 8,
            "count": 411,
            "max": [
                1,
                1,
                1
            ],
            "min": [
                0,
                0,
                0
            ],
            "type": "FLOAT_VEC2"
        },
        "attribute_22": {
            "bufferView": "bufferView_31",
            "byteOffset": 184212,
            "byteStride": 16,
            "count": 411,
            "max": [
                1,
                1,
                1
            ],
            "min": [
                0,
                0,
                0
            ],
            "type": "FLOAT_VEC4"
        },
        "attribute_23": {
            "bufferView": "bufferView_31",
            "byteOffset": 190788,
            "byteStride": 12,
            "count": 411,
            "max": [
                1,
                1,
                1
            ],
            "min": [
                0,
                0,
                0
            ],
            "type": "FLOAT_VEC3"
        },
        "attribute_25": {
            "bufferView": "bufferView_31",
            "byteOffset": 195720,
            "byteStride": 12,
            "count": 207,
            "max": [
                1,
                1,
                1
            ],
            "min": [
                0,
                0,
                0
            ],
            "type": "FLOAT_VEC3"
        },
        "attribute_26": {
            "bufferView": "bufferView_31",
            "byteOffset": 198204,
            "byteStride": 12,
            "count": 207,
            "max": [
                1,
                1,
                1
            ],
            "min": [
                0,
                0,
                0
            ],
            "type": "FLOAT_VEC3"
        },
        "attribute_27": {
            "bufferView": "bufferView_31",
            "byteOffset": 200688,
            "byteStride": 8,
            "count": 207,
            "max": [
                1,
                1,
                1
            ],
            "min": [
                0,
                0,
                0
            ],
            "type": "FLOAT_VEC2"
        },
        "attribute_28": {
            "bufferView": "bufferView_31",
            "byteOffset": 202344,
            "byteStride": 16,
            "count": 207,
            "max": [
                1,
                1,
                1
            ],
            "min": [
                0,
                0,
                0
            ],
            "type": "FLOAT_VEC4"
        },
        "attribute_29": {
            "bufferView": "bufferView_31",
            "byteOffset": 205656,
            "byteStride": 12,
            "count": 207,
            "max": [
                1,
                1,
                1
            ],
            "min": [
                0,
                0,
                0
            ],
            "type": "FLOAT_VEC3"
        },
        "attribute_3": {
            "bufferView": "bufferView_31",
            "byteOffset": 52296,
            "byteStride": 8,
            "count": 2179,
            "max": [
                1,
                1,
                1
            ],
            "min": [
                0,
                0,
                0
            ],
            "type": "FLOAT_VEC2"
        },
        "attribute_4": {
            "bufferView": "bufferView_31",
            "byteOffset": 69728,
            "byteStride": 16,
            "count": 2179,
            "max": [
                1,
                1,
                1
            ],
            "min": [
                0,
                0,
                0
            ],
            "type": "FLOAT_VEC4"
        },
        "attribute_5": {
            "bufferView": "bufferView_31",
            "byteOffset": 104592,
            "byteStride": 12,
            "count": 2179,
            "max": [
                1,
                1,
                1
            ],
            "min": [
                0,
                0,
                0
            ],
            "type": "FLOAT_VEC3"
        },
        "attribute_7": {
            "bufferView": "bufferView_31",
            "byteOffset": 130740,
            "byteStride": 12,
            "count": 284,
            "max": [
                1,
                1,
                1
            ],
            "min": [
                0,
                0,
                0
            ],
            "type": "FLOAT_VEC3"
        },
        "attribute_8": {
            "bufferView": "bufferView_31",
            "byteOffset": 134148,
            "byteStride": 12,
            "count": 284,
            "max": [
                1,
                1,
                1
            ],
            "min": [
                0,
                0,
                0
            ],
            "type": "FLOAT_VEC3"
        },
        "attribute_9": {
            "bufferView": "bufferView_31",
            "byteOffset": 137556,
            "byteStride": 8,
            "count": 284,
            "max": [
                1,
                1,
                1
            ],
            "min": [
                0,
                0,
                0
            ],
            "type": "FLOAT_VEC2"
        }
    },
    "bufferViews": {
        "bufferView_31": {
            "buffer": "lina.bin",
            "byteLength": 208140,
            "byteOffset": 0,
            "target": "ARRAY_BUFFER"
        },
        "bufferView_32": {
            "buffer": "lina.bin",
            "byteLength": 39828,
            "byteOffset": 208140,
            "target": "ELEMENT_ARRAY_BUFFER"
        }
    },
    "buffers": {
        "lina.bin": {
            "byteLength": 247968,
            "path": "lina.bin"
        }
    },
    "cameras": {},
    "images": {
        "image_0": {
            "path": "textures/lina_base_color.png"
        },
        "image_1": {
            "path": "textures/lina_sleeve_color.png"
        },
        "image_2": {
            "path": "textures/lina_base_dress_color.png"
        },
        "image_3": {
            "path": "textures/lina_hair_color.png"
        },
        "image_4": {
            "path": "textures/lina_jewelry_color.png"
        }
    },
    "indices": {
        "indices_12": {
            "bufferView": "bufferView_32",
            "byteOffset": 25692,
            "count": 1464,
            "type": "UNSIGNED_SHORT"
        },
        "indices_18": {
            "bufferView": "bufferView_32",
            "byteOffset": 28620,
            "count": 2076,
            "type": "UNSIGNED_SHORT"
        },
        "indices_24": {
            "bufferView": "bufferView_32",
            "byteOffset": 32772,
            "count": 2394,
            "type": "UNSIGNED_SHORT"
        },
        "indices_30": {
            "bufferView": "bufferView_32",
            "byteOffset": 37560,
            "count": 1134,
            "type": "UNSIGNED_SHORT"
        },
        "indices_6": {
            "bufferView": "bufferView_32",
            "byteOffset": 0,
            "count": 12846,
            "type": "UNSIGNED_SHORT"
        }
    },
    "lights": {},
    "materials": {
        "Material #35": {
            "instanceTechnique": {
                "technique": "technique_0",
                "values": [
                    {
                        "parameter": "ambient",
                        "value": [
                            0.5879999995231628,
                            0.5879999995231628,
                            0.5879999995231628
                        ]
                    },
                    {
                        "parameter": "emission",
                        "value": [
                            0,
                            0,
                            0
                        ]
                    },
                    {
                        "parameter": "diffuse",
                        "value": "Map #13"
                    },
                    {
                        "parameter": "shininess",
                        "value": 2
                    },
                    {
                        "parameter": "specular",
                        "value": [
                            0.8999999761581421,
                            0.8999999761581421,
                            0.8999999761581421
                        ]
                    }
                ]
            },
            "name": "Material #35"
        },
        "Material #47": {
            "instanceTechnique": {
                "technique": "technique_0",
                "values": [
                    {
                        "parameter": "ambient",
                        "value": [
                            0.5879999995231628,
                            0.5879999995231628,
                            0.5879999995231628
                        ]
                    },
                    {
                        "parameter": "emission",
                        "value": [
                            0,
                            0,
                            0
                        ]
                    },
                    {
                        "parameter": "diffuse",
                        "value": "Map #9"
                    },
                    {
                        "parameter": "shininess",
                        "value": 2
                    },
                    {
                        "parameter": "specular",
                        "value": [
                            0.8999999761581421,
                            0.8999999761581421,
                            0.8999999761581421
                        ]
                    }
                ]
            },
            "name": "Material #47"
        },
        "Material #58": {
            "instanceTechnique": {
                "technique": "technique_0",
                "values": [
                    {
                        "parameter": "ambient",
                        "value": [
                            0.5879999995231628,
                            0.5879999995231628,
                            0.5879999995231628
                        ]
                    },
                    {
                        "parameter": "emission",
                        "value": [
                            0,
                            0,
                            0
                        ]
                    },
                    {
                        "parameter": "diffuse",
                        "value": "Map #10"
                    },
                    {
                        "parameter": "shininess",
                        "value": 2
                    },
                    {
                        "parameter": "specular",
                        "value": [
                            0.8999999761581421,
                            0.8999999761581421,
                            0.8999999761581421
                        ]
                    }
                ]
            },
            "name": "Material #58"
        },
        "Material #69": {
            "instanceTechnique": {
                "technique": "technique_0",
                "values": [
                    {
                        "parameter": "ambient",
                        "value": [
                            0.5879999995231628,
                            0.5879999995231628,
                            0.5879999995231628
                        ]
                    },
                    {
                        "parameter": "emission",
                        "value": [
                            0,
                            0,
                            0
                        ]
                    },
                    {
                        "parameter": "diffuse",
                        "value": "Map #11"
                    },
                    {
                        "parameter": "shininess",
                        "value": 2
                    },
                    {
                        "parameter": "specular",
                        "value": [
                            0.8999999761581421,
                            0.8999999761581421,
                            0.8999999761581421
                        ]
                    }
                ]
            },
            "name": "Material #69"
        },
        "Material #80": {
            "instanceTechnique": {
                "technique": "technique_0",
                "values": [
                    {
                        "parameter": "ambient",
                        "value": [
                            0.5879999995231628,
                            0.5879999995231628,
                            0.5879999995231628
                        ]
                    },
                    {
                        "parameter": "emission",
                        "value": [
                            0,
                            0,
                            0
                        ]
                    },
                    {
                        "parameter": "diffuse",
                        "value": "Map #12"
                    },
                    {
                        "parameter": "shininess",
                        "value": 2
                    },
                    {
                        "parameter": "specular",
                        "value": [
                            0.8999999761581421,
                            0.8999999761581421,
                            0.8999999761581421
                        ]
                    }
                ]
            },
            "name": "Material #80"
        }
    },
    "meshes": {
        "lina_arms_LOD0-mesh": {
            "name": "lina_arms_LOD0-mesh",
            "primitives": [
                {
                    "indices": "indices_12",
                    "material": "Material #47",
                    "semantics": {
                        "JOINT": "attribute_10",
                        "NORMAL": "attribute_8",
                        "POSITION": "attribute_7",
                        "TEXCOORD_0": "attribute_9",
                        "WEIGHT": "attribute_11"
                    },
                    "skin": "skin_1"
                }
            ]
        },
        "lina_belt_LOD0-mesh": {
            "name": "lina_belt_LOD0-mesh",
            "primitives": [
                {
                    "indices": "indices_18",
                    "material": "Material #58",
                    "semantics": {
                        "JOINT": "attribute_16",
                        "NORMAL": "attribute_14",
                        "POSITION": "attribute_13",
                        "TEXCOORD_0": "attribute_15",
                        "WEIGHT": "attribute_17"
                    },
                    "skin": "skin_2"
                }
            ]
        },
        "lina_head_LOD0-mesh": {
            "name": "lina_head_LOD0-mesh",
            "primitives": [
                {
                    "indices": "indices_24",
                    "material": "Material #69",
                    "semantics": {
                        "JOINT": "attribute_22",
                        "NORMAL": "attribute_20",
                        "POSITION": "attribute_19",
                        "TEXCOORD_0": "attribute_21",
                        "WEIGHT": "attribute_23"
                    },
                    "skin": "skin_3"
                }
            ]
        },
        "lina_model_LOD0-mesh": {
            "name": "lina_model_LOD0-mesh",
            "primitives": [
                {
                    "indices": "indices_6",
                    "material": "Material #35",
                    "semantics": {
                        "JOINT": "attribute_4",
                        "NORMAL": "attribute_2",
                        "POSITION": "attribute_1",
                        "TEXCOORD_0": "attribute_3",
                        "WEIGHT": "attribute_5"
                    },
                    "skin": "skin_0"
                }
            ]
        },
        "lina_neck_LOD0-mesh": {
            "name": "lina_neck_LOD0-mesh",
            "primitives": [
                {
                    "indices": "indices_30",
                    "material": "Material #80",
                    "semantics": {
                        "JOINT": "attribute_28",
                        "NORMAL": "attribute_26",
                        "POSITION": "attribute_25",
                        "TEXCOORD_0": "attribute_27",
                        "WEIGHT": "attribute_29"
                    },
                    "skin": "skin_4"
                }
            ]
        }
    },
    "nodes": {
        "Head_0": {
            "children": [
                "Head_1"
            ],
            "matrix": [
                0.6473097205162046,
                1.0018545992807062e-8,
                -0.7622271776199343,
                0,
                5.402843382624968e-8,
                0.9999999999999999,
                5.902659694356763e-8,
                0,
                0.7622271776199347,
                -7.939043059717111e-8,
                0.6473097205162042,
                0,
                18.220046997070312,
                2.891583790187707e-7,
                0,
                1
            ],
            "name": "Head_0"
        },
        "Head_1": {
            "children": [
                "hair_L",
                "hair_R",
                "hair_back",
                "hair_strand_1",
                "hair_strand_2"
            ],
            "matrix": [
                0.3469001352787015,
                1.5303367156283424e-15,
                -0.9379020929336543,
                0,
                -4.4722661150011367e-7,
                1,
                -1.6541488889743047e-7,
                0,
                0.9379020929336549,
                4.768372222772131e-7,
                0.3469001352787015,
                0,
                15.04449462890625,
                6.167806532175754e-7,
                0,
                1
            ],
            "name": "Head_1"
        },
        "Index_0_L": {
            "children": [
                "Index_1_L"
            ],
            "matrix": [
                0.9805694818496705,
                0.09148351848125462,
                -0.1735348999500276,
                0,
                0.14411585885219616,
                0.26423034943126206,
                0.9536314317418386,
                0,
                0.13309473070660263,
                -0.9601108999945964,
                0.2459119628067554,
                0,
                10.809700012207031,
                -3.6844635009765625,
                -2.9554214477539062,
                1
            ],
            "name": "Index_0_L"
        },
        "Index_0_R": {
            "children": [
                "Index_1_R"
            ],
            "matrix": [
                0.9805698394775394,
                0.09148313850164419,
                -0.17353406548500064,
                0,
                0.14411511276150865,
                0.2642301383326236,
                0.9536314087134427,
                0,
                0.13309414104294082,
                -0.9601111990431466,
                0.2459120323123082,
                0,
                -10.676010131835923,
                3.7064285278320384,
                2.874542236328125,
                1
            ],
            "name": "Index_0_R"
        },
        "Index_1_L": {
            "children": [
                "Index_2_L"
            ],
            "matrix": [
                0.649204730987549,
                5.06639480549187e-7,
                -0.7606140971183776,
                0,
                -3.8540558885968856e-7,
                1.0000002384185183,
                3.371387288127192e-7,
                0,
                0.760613929752833,
                7.427283221783654e-8,
                0.6492045881365736,
                0,
                4.849235534667969,
                -0.0000133514404296875,
                0.0000019073486328125,
                1
            ],
            "name": "Index_1_L"
        },
        "Index_1_R": {
            "children": [
                "Index_2_R"
            ],
            "matrix": [
                0.6492047905921936,
                1.564621925215226e-7,
                -0.7606135606765747,
                0,
                4.878790919593534e-7,
                0.9999999403952681,
                6.221235741461772e-7,
                0,
                0.7606135362949715,
                -7.74973079306629e-7,
                0.649204769781659,
                0,
                -4.849235534667969,
                0.00000762939453125,
                0.000005722045891332073,
                1
            ],
            "name": "Index_1_R"
        },
        "Index_2_L": {
            "children": [],
            "matrix": [
                0.8675282001495366,
                -4.353933036526855e-7,
                -0.49738872051239047,
                0,
                1.259669165643018e-7,
                1.0000000000000484,
                -6.556510787347758e-7,
                0,
                0.49738857339754416,
                5.061411271489735e-7,
                0.8675279435564673,
                0,
                3.3535232543945312,
                0.0000019073486328125,
                -0.000057220458984375,
                1
            ],
            "name": "Index_2_L"
        },
        "Index_2_R": {
            "children": [],
            "matrix": [
                0.8675278425216673,
                8.107163012738977e-7,
                -0.49738913774490334,
                0,
                -9.815025661247256e-7,
                1.0000003576275824,
                -8.195637864194527e-8,
                0,
                0.49738898685676003,
                5.592877856952505e-7,
                0.8675275793490275,
                0,
                -3.3536148071289062,
                -0.000003814697265625,
                -0.00003051757813210543,
                1
            ],
            "name": "Index_2_R"
        },
        "Mid_0_L": {
            "children": [
                "Mid_1_L"
            ],
            "matrix": [
                0.9570322036743164,
                0.2311471849679947,
                -0.17510323226451877,
                0,
                0.07254692223167318,
                0.3937890476552505,
                0.9163335742855886,
                0,
                0.2807615163609278,
                -0.8896634813155917,
                0.3600995973601623,
                0,
                11.084014892578125,
                -1.5240440368652415,
                0.8452603816986088,
                1
            ],
            "name": "Mid_0_L"
        },
        "Mid_0_R": {
            "children": [
                "Mid_1_R"
            ],
            "matrix": [
                0.9570323228836058,
                0.2311466485261917,
                -0.1751028299331665,
                0,
                0.07254685825414717,
                0.3937888197899435,
                0.9163338722489286,
                0,
                0.2807609868769469,
                -0.889664125375358,
                0.3600995973366343,
                0,
                -11.083984375,
                1.5240669250488281,
                -0.8452603816986084,
                1
            ],
            "name": "Mid_0_R"
        },
        "Mid_1_L": {
            "children": [
                "Mid_2_L"
            ],
            "matrix": [
                0.4142296314239502,
                2.5145709505944303e-8,
                -0.9101725816726686,
                0,
                -6.070474707631224e-8,
                0.9999998211860903,
                -1.1102230246251565e-16,
                0,
                0.9101721103717544,
                5.52517776253314e-8,
                0.4142294169296812,
                0,
                4.980621337890625,
                0.0000019073486292597863,
                0.00000762939453125,
                1
            ],
            "name": "Mid_1_L"
        },
        "Mid_1_R": {
            "children": [
                "Mid_2_R"
            ],
            "matrix": [
                0.4142290353775024,
                1.3504177333138745e-7,
                -0.9101726412773136,
                0,
                -1.1318549127115052e-7,
                0.9999998807907096,
                9.685749320989534e-8,
                0,
                0.9101723899575982,
                6.289714170326643e-8,
                0.4142289209992957,
                0,
                -4.980621337890611,
                0.0000019073486328125,
                -0.000017166137702417927,
                1
            ],
            "name": "Mid_1_R"
        },
        "Mid_2_L": {
            "children": [],
            "matrix": [
                0.9947445392608646,
                -6.859190760911092e-7,
                -0.10239082574844363,
                0,
                6.834078120597498e-7,
                1.0000001192097339,
                -5.96046446921239e-8,
                0,
                0.10239077647831737,
                -1.0683288989565831e-8,
                0.9947440605931582,
                0,
                3.4617424011230398,
                -0.000019073486324572286,
                -0.00008392333984375,
                1
            ],
            "name": "Mid_2_L"
        },
        "Mid_2_R": {
            "children": [],
            "matrix": [
                0.9947443604469299,
                2.1164305503756572e-7,
                -0.10238994657993315,
                0,
                -2.7334595041096643e-7,
                0.9999999403953412,
                -5.885958755252885e-7,
                0,
                0.10238997258157237,
                6.134904974308686e-7,
                0.9947446130607331,
                0,
                -3.4617958068847585,
                -0.000003814697265625,
                -0.00006866455078125,
                1
            ],
            "name": "Mid_2_R"
        },
        "Root_0": {
            "children": [
                "dress_R0C1",
                "front_flap_L",
                "dress_R0C0",
                "Spine_0",
                "back_flap5_0_B_R",
                "dress_R0C2",
                "front_flap_R",
                "dress_R0C3",
                "back_flap4_0_B_L",
                "thigh_R",
                "back_bottom_flap_L",
                "thigh_L",
                "back_bottom_flap_R"
            ],
            "matrix": [
                -1.629206851037603e-7,
                -1.0000000000000002,
                0,
                0,
                1.0000000000000002,
                -1.629206851037603e-7,
                0,
                0,
                0,
                0,
                1,
                0,
                0,
                2.7016990184783936,
                126.53712463378906,
                1
            ],
            "name": "Root_0"
        },
        "Spine_0": {
            "children": [
                "Spine_1"
            ],
            "matrix": [
                -0.011622807010998453,
                -5.5421862668916625e-9,
                0.9999324679374695,
                0,
                -7.152396361743781e-7,
                1.0000000000000002,
                -2.771093128614321e-9,
                0,
                -0.9999324679374697,
                -7.152235424471873e-7,
                -0.011622807011002415,
                0,
                1.5873506069183352,
                8.935379014474165e-7,
                14.525405883789062,
                1
            ],
            "name": "Spine_0"
        },
        "Spine_1": {
            "children": [
                "clavicle_R",
                "Head_0",
                "clavicle_L"
            ],
            "matrix": [
                0.8771701455116271,
                2.6363917982052953e-7,
                0.48017984628677374,
                0,
                -7.158892750554115e-8,
                0.9999999999999997,
                -4.1826726260294687e-7,
                0,
                -0.48017984628685073,
                3.325159953947082e-7,
                0.8771701455115852,
                0,
                13.656295776367216,
                6.467196271842113e-7,
                -0.000005006790161576902,
                1
            ],
            "name": "Spine_1"
        },
        "Thumb_0_L": {
            "children": [
                "Thumb_1_L"
            ],
            "matrix": [
                0.8661004900932313,
                0.006252144463360265,
                -0.49983066320419306,
                0,
                0.19579555956182368,
                -0.9242669780327932,
                0.32771094589345584,
                0,
                -0.45992817066750713,
                -0.3816953101221588,
                -0.8017323820707134,
                0,
                2.68292236328125,
                0.06395721435546875,
                -3.926513671875,
                1
            ],
            "name": "Thumb_0_L"
        },
        "Thumb_0_R": {
            "children": [
                "Thumb_1_R"
            ],
            "matrix": [
                0.8671135306358337,
                0.0050710290670395435,
                -0.49808520078659035,
                0,
                0.1985893201619435,
                -0.9205599403412545,
                0.33635068874200624,
                0,
                -0.45681146987608306,
                -0.39056849039542535,
                -0.7992367370441608,
                0,
                -2.6829071044921875,
                -0.06394577026367188,
                3.926528930664062,
                1
            ],
            "name": "Thumb_0_R"
        },
        "Thumb_1_L": {
            "children": [
                "Thumb_2_L"
            ],
            "matrix": [
                0.9332102537155149,
                -4.172325134277344e-7,
                -0.35933098196983326,
                0,
                1.2004688154654275e-7,
                1.0000001192092935,
                -8.493661768083083e-7,
                0,
                0.3593309542867526,
                7.495005144575462e-7,
                0.9332101818195507,
                0,
                5.609466552734361,
                0.000005722045891332073,
                -0.0000152587890625,
                1
            ],
            "name": "Thumb_1_L"
        },
        "Thumb_1_R": {
            "children": [
                "Thumb_2_R"
            ],
            "matrix": [
                0.9335083365440364,
                4.917383193414615e-7,
                -0.35855561494827276,
                0,
                0.0002560987497023659,
                0.9999997019710649,
                0.0006681308171203881,
                0,
                0.3585555477660059,
                -0.000715531410895847,
                0.9335081606520476,
                0,
                -5.609458923339844,
                -0.0000019073486363652137,
                -0.000030517578139210855,
                1
            ],
            "name": "Thumb_1_R"
        },
        "Thumb_2_L": {
            "children": [],
            "matrix": [
                0.9560509920120244,
                0.025654897093772916,
                0.2920757532119751,
                0,
                -0.024535472339504594,
                0.9996711645917726,
                -0.0074956519377978315,
                0,
                -0.2921718437424446,
                8.906931026064768e-9,
                0.9563655241752101,
                0,
                4.59002685546875,
                0.000003814697272730427,
                0.000019073486328125,
                1
            ],
            "name": "Thumb_2_L"
        },
        "Thumb_2_R": {
            "children": [],
            "matrix": [
                0.9560509324073789,
                0.0256548672914505,
                0.2920761406421659,
                0,
                -0.02453541163444614,
                0.9996711605946745,
                -0.007495743353846243,
                0,
                -0.2921723488246319,
                1.040832581095108e-7,
                0.9563658408833241,
                0,
                -4.5902023315429545,
                -0.0000171661376953125,
                0.000026702880859375,
                1
            ],
            "name": "Thumb_2_R"
        },
        "ankle_L": {
            "children": [],
            "matrix": [
                0.8408681750297545,
                -0.10672017931938169,
                0.5306147933006286,
                0,
                0.28400455432176924,
                0.9215571091813537,
                -0.26471491771662486,
                0,
                -0.4607412759827619,
                0.37328725784414724,
                0.805216824682839,
                0,
                32.962905883789055,
                0.000011444091796875,
                0.000022411346437323232,
                1
            ],
            "name": "ankle_L"
        },
        "ankle_R": {
            "children": [],
            "matrix": [
                0.8794757127761844,
                -0.0555631667375565,
                0.47269004583358765,
                0,
                0.2314495557029486,
                0.9177488811121993,
                -0.3227510928437207,
                0,
                -0.4158775137201516,
                0.39325548382545894,
                0.8199975782044031,
                0,
                -32.96292114257814,
                -0.000011444091803980427,
                -0.000008583068849432607,
                1
            ],
            "name": "ankle_R"
        },
        "back_bottom_flap_L": {
            "children": [],
            "matrix": [
                -0.5646290779113771,
                0.4983468353748321,
                -0.6579090356826781,
                0,
                0.3245541819087868,
                0.8669778536935753,
                0.3781722514369295,
                0,
                0.7588535660935701,
                -7.922589349634964e-8,
                -0.651261505065885,
                0,
                -28.910211563110348,
                22.857690811157223,
                -45.75532531738281,
                1
            ],
            "name": "back_bottom_flap_L"
        },
        "back_bottom_flap_R": {
            "children": [],
            "matrix": [
                0.5646285414695743,
                0.4983469247817995,
                0.6579094529151917,
                0,
                0.32455452287244346,
                -0.8669775117253332,
                0.3781718424078441,
                0,
                0.7588535384113204,
                8.727806304253066e-7,
                -0.65126105063729,
                0,
                -28.910203933715817,
                -22.85770797729492,
                -45.75532531738281,
                1
            ],
