{
    "animations": {},
    "asset": {},
    "attributes": {
        "attribute_1": {
            "bufferView": "bufferView_25",
            "byteOffset": 0,
            "byteStride": 12,
            "count": 2376,
            "max": [
                1,
                1,
                1
            ],
            "min": [
                0,
                0,
                0
            ],
            "type": "FLOAT_VEC3"
        },
        "attribute_10": {
            "bufferView": "bufferView_25",
            "byteOffset": 152416,
            "byteStride": 16,
            "count": 308,
            "max": [
                1,
                1,
                1
            ],
            "min": [
                0,
                0,
                0
            ],
            "type": "FLOAT_VEC4"
        },
        "attribute_11": {
            "bufferView": "bufferView_25",
            "byteOffset": 157344,
            "byteStride": 12,
            "count": 308,
            "max": [
                1,
                1,
                1
            ],
            "min": [
                0,
                0,
                0
            ],
            "type": "FLOAT_VEC3"
        },
        "attribute_13": {
            "bufferView": "bufferView_25",
            "byteOffset": 161040,
            "byteStride": 12,
            "count": 379,
            "max": [
                1,
                1,
                1
            ],
            "min": [
                0,
                0,
                0
            ],
            "type": "FLOAT_VEC3"
        },
        "attribute_14": {
            "bufferView": "bufferView_25",
            "byteOffset": 165588,
            "byteStride": 12,
            "count": 379,
            "max": [
                1,
                1,
                1
            ],
            "min": [
                0,
                0,
                0
            ],
            "type": "FLOAT_VEC3"
        },
        "attribute_15": {
            "bufferView": "bufferView_25",
            "byteOffset": 170136,
            "byteStride": 8,
            "count": 379,
            "max": [
                1,
                1,
                1
            ],
            "min": [
                0,
                0,
                0
            ],
            "type": "FLOAT_VEC2"
        },
        "attribute_16": {
            "bufferView": "bufferView_25",
            "byteOffset": 173168,
            "byteStride": 16,
            "count": 379,
            "max": [
                1,
                1,
                1
            ],
            "min": [
                0,
                0,
                0
            ],
            "type": "FLOAT_VEC4"
        },
        "attribute_17": {
            "bufferView": "bufferView_25",
            "byteOffset": 179232,
            "byteStride": 12,
            "count": 379,
            "max": [
                1,
                1,
                1
            ],
            "min": [
                0,
                0,
                0
            ],
            "type": "FLOAT_VEC3"
        },
        "attribute_19": {
            "bufferView": "bufferView_25",
            "byteOffset": 183780,
            "byteStride": 12,
            "count": 185,
            "max": [
                1,
                1,
                1
            ],
            "min": [
                0,
                0,
                0
            ],
            "type": "FLOAT_VEC3"
        },
        "attribute_2": {
            "bufferView": "bufferView_25",
            "byteOffset": 28512,
            "byteStride": 12,
            "count": 2376,
            "max": [
                1,
                1,
                1
            ],
            "min": [
                0,
                0,
                0
            ],
            "type": "FLOAT_VEC3"
        },
        "attribute_20": {
            "bufferView": "bufferView_25",
            "byteOffset": 186000,
            "byteStride": 12,
            "count": 185,
            "max": [
                1,
                1,
                1
            ],
            "min": [
                0,
                0,
                0
            ],
            "type": "FLOAT_VEC3"
        },
        "attribute_21": {
            "bufferView": "bufferView_25",
            "byteOffset": 188220,
            "byteStride": 8,
            "count": 185,
            "max": [
                1,
                1,
                1
            ],
            "min": [
                0,
                0,
                0
            ],
            "type": "FLOAT_VEC2"
        },
        "attribute_22": {
            "bufferView": "bufferView_25",
            "byteOffset": 189700,
            "byteStride": 16,
            "count": 185,
            "max": [
                1,
                1,
                1
            ],
            "min": [
                0,
                0,
                0
            ],
            "type": "FLOAT_VEC4"
        },
        "attribute_23": {
            "bufferView": "bufferView_25",
            "byteOffset": 192660,
            "byteStride": 12,
            "count": 185,
            "max": [
                1,
                1,
                1
            ],
            "min": [
                0,
                0,
                0
            ],
            "type": "FLOAT_VEC3"
        },
        "attribute_3": {
            "bufferView": "bufferView_25",
            "byteOffset": 57024,
            "byteStride": 8,
            "count": 2376,
            "max": [
                1,
                1,
                1
            ],
            "min": [
                0,
                0,
                0
            ],
            "type": "FLOAT_VEC2"
        },
        "attribute_4": {
            "bufferView": "bufferView_25",
            "byteOffset": 76032,
            "byteStride": 16,
            "count": 2376,
            "max": [
                1,
                1,
                1
            ],
            "min": [
                0,
                0,
                0
            ],
            "type": "FLOAT_VEC4"
        },
        "attribute_5": {
            "bufferView": "bufferView_25",
            "byteOffset": 114048,
            "byteStride": 12,
            "count": 2376,
            "max": [
                1,
                1,
                1
            ],
            "min": [
                0,
                0,
                0
            ],
            "type": "FLOAT_VEC3"
        },
        "attribute_7": {
            "bufferView": "bufferView_25",
            "byteOffset": 142560,
            "byteStride": 12,
            "count": 308,
            "max": [
                1,
                1,
                1
            ],
            "min": [
                0,
                0,
                0
            ],
            "type": "FLOAT_VEC3"
        },
        "attribute_8": {
            "bufferView": "bufferView_25",
            "byteOffset": 146256,
            "byteStride": 12,
            "count": 308,
            "max": [
                1,
                1,
                1
            ],
            "min": [
                0,
                0,
                0
            ],
            "type": "FLOAT_VEC3"
        },
        "attribute_9": {
            "bufferView": "bufferView_25",
            "byteOffset": 149952,
            "byteStride": 8,
            "count": 308,
            "max": [
                1,
                1,
                1
            ],
            "min": [
                0,
                0,
                0
            ],
            "type": "FLOAT_VEC2"
        }
    },
    "bufferViews": {
        "bufferView_25": {
            "buffer": "tidehunter.bin",
            "byteLength": 194880,
            "byteOffset": 0,
            "target": "ARRAY_BUFFER"
        },
        "bufferView_26": {
            "buffer": "tidehunter.bin",
            "byteLength": 37182,
            "byteOffset": 194880,
            "target": "ELEMENT_ARRAY_BUFFER"
        }
    },
    "buffers": {
        "tidehunter.bin": {
            "byteLength": 232062,
            "path": "tidehunter.bin"
        }
    },
    "cameras": {},
    "images": {
        "image_0": {
            "path": "textures/tidehunter_color.png"
        },
        "image_1": {
            "path": "textures/anchor.png"
        },
        "image_2": {
            "path": "textures/belt.png"
        },
        "image_3": {
            "path": "textures/bracer.png"
        }
    },
    "indices": {
        "indices_12": {
            "bufferView": "bufferView_26",
            "byteOffset": 27684,
            "count": 1770,
            "type": "UNSIGNED_SHORT"
        },
        "indices_18": {
            "bufferView": "bufferView_26",
            "byteOffset": 31224,
            "count": 1932,
            "type": "UNSIGNED_SHORT"
        },
        "indices_24": {
            "bufferView": "bufferView_26",
            "byteOffset": 35088,
            "count": 1047,
            "type": "UNSIGNED_SHORT"
        },
        "indices_6": {
            "bufferView": "bufferView_26",
            "byteOffset": 0,
            "count": 13842,
            "type": "UNSIGNED_SHORT"
        }
    },
    "lights": {},
    "materials": {
        "Material #35": {
            "instanceTechnique": {
                "technique": "technique_0",
                "values": [
                    {
                        "parameter": "ambient",
                        "value": [
                            0.5879999995231628,
                            0.5879999995231628,
                            0.5879999995231628
                        ]
                    },
                    {
                        "parameter": "emission",
                        "value": [
                            0,
                            0,
                            0
                        ]
                    },
                    {
                        "parameter": "diffuse",
                        "value": "Map #6"
                    },
                    {
                        "parameter": "shininess",
                        "value": 2
                    },
                    {
                        "parameter": "specular",
                        "value": [
                            0.8999999761581421,
                            0.8999999761581421,
                            0.8999999761581421
                        ]
                    }
                ]
            },
            "name": "Material #35"
        },
        "Material #46": {
            "instanceTechnique": {
                "technique": "technique_0",
                "values": [
                    {
                        "parameter": "ambient",
                        "value": [
                            0.5879999995231628,
                            0.5879999995231628,
                            0.5879999995231628
                        ]
                    },
                    {
                        "parameter": "emission",
                        "value": [
                            0,
                            0,
                            0
                        ]
                    },
                    {
                        "parameter": "diffuse",
                        "value": "Map #7"
                    },
                    {
                        "parameter": "shininess",
                        "value": 2
                    },
                    {
                        "parameter": "specular",
                        "value": [
                            0.8999999761581421,
                            0.8999999761581421,
                            0.8999999761581421
                        ]
                    }
                ]
            },
            "name": "Material #46"
        },
        "Material #57": {
            "instanceTechnique": {
                "technique": "technique_0",
                "values": [
                    {
                        "parameter": "ambient",
                        "value": [
                            0.5879999995231628,
                            0.5879999995231628,
                            0.5879999995231628
                        ]
                    },
                    {
                        "parameter": "emission",
                        "value": [
                            0,
                            0,
                            0
                        ]
                    },
                    {
                        "parameter": "diffuse",
                        "value": "Map #8"
                    },
                    {
                        "parameter": "shininess",
                        "value": 2
                    },
                    {
                        "parameter": "specular",
                        "value": [
                            0.8999999761581421,
                            0.8999999761581421,
                            0.8999999761581421
                        ]
                    }
                ]
            },
            "name": "Material #57"
        },
        "Material #68": {
            "instanceTechnique": {
                "technique": "technique_0",
                "values": [
                    {
                        "parameter": "ambient",
                        "value": [
                            0.5879999995231628,
                            0.5879999995231628,
                            0.5879999995231628
                        ]
                    },
                    {
                        "parameter": "emission",
                        "value": [
                            0,
                            0,
                            0
                        ]
                    },
                    {
                        "parameter": "diffuse",
                        "value": "Map #9"
                    },
                    {
                        "parameter": "shininess",
                        "value": 2
                    },
                    {
                        "parameter": "specular",
                        "value": [
                            0.8999999761581421,
                            0.8999999761581421,
                            0.8999999761581421
                        ]
                    }
                ]
            },
            "name": "Material #68"
        }
    },
    "meshes": {
        "tidehunter_anchor_model_LOD0-mesh": {
            "name": "tidehunter_anchor_model_LOD0-mesh",
            "primitives": [
                {
                    "indices": "indices_12",
                    "material": "Material #46",
                    "semantics": {
                        "JOINT": "attribute_10",
                        "NORMAL": "attribute_8",
                        "POSITION": "attribute_7",
                        "TEXCOORD_0": "attribute_9",
                        "WEIGHT": "attribute_11"
                    },
                    "skin": "skin_1"
                }
            ]
        },
        "tidehunter_belt_model_LOD0-mesh": {
            "name": "tidehunter_belt_model_LOD0-mesh",
            "primitives": [
                {
                    "indices": "indices_18",
                    "material": "Material #57",
                    "semantics": {
                        "JOINT": "attribute_16",
                        "NORMAL": "attribute_14",
                        "POSITION": "attribute_13",
                        "TEXCOORD_0": "attribute_15",
                        "WEIGHT": "attribute_17"
                    },
                    "skin": "skin_2"
                }
            ]
        },
        "tidehunter_bracer_model_LOD0-mesh": {
            "name": "tidehunter_bracer_model_LOD0-mesh",
            "primitives": [
                {
                    "indices": "indices_24",
                    "material": "Material #68",
                    "semantics": {
                        "JOINT": "attribute_22",
                        "NORMAL": "attribute_20",
                        "POSITION": "attribute_19",
                        "TEXCOORD_0": "attribute_21",
                        "WEIGHT": "attribute_23"
                    },
                    "skin": "skin_3"
                }
            ]
        },
        "tidehunter_model_LOD0-mesh": {
            "name": "tidehunter_model_LOD0-mesh",
            "primitives": [
                {
                    "indices": "indices_6",
                    "material": "Material #35",
                    "semantics": {
                        "JOINT": "attribute_4",
                        "NORMAL": "attribute_2",
                        "POSITION": "attribute_1",
                        "TEXCOORD_0": "attribute_3",
                        "WEIGHT": "attribute_5"
                    },
                    "skin": "skin_0"
                }
            ]
        }
    },
    "nodes": {
        "ankle_L": {
            "children": [
                "toeBase_L"
            ],
            "matrix": [
                0.42504444718360884,
                -0.4427742362022399,
                0.7894861698150635,
                0,
                0.13173297833141293,
                0.8931668570466572,
                0.4299998086841542,
                0,
                -0.8955356044468388,
                -0.07876765649705325,
                0.43796352640783787,
                0,
                36.15479278564453,
                -0.0000152587890625,
                0.0000019073486292597863,
                1
            ],
            "name": "ankle_L"
        },
        "ankle_R": {
            "children": [
                "toeBase_R"
            ],
            "matrix": [
                0.4250450134277344,
                -0.44277438521385193,
                0.7894853949546816,
                0,
                0.13173351591206045,
                0.8931665293306125,
                0.42999983159626953,
                0,
                -0.8955348976187124,
                -0.07876760231447416,
                0.4379642335418224,
                0,
                -36.15476989746093,
                7.105427357601002e-15,
                -0.000006675720216620107,
                1
            ],
            "name": "ankle_R"
        },
        "bicep_L": {
            "children": [
                "elbow_L"
            ],
            "matrix": [
                0.6240038871765136,
                0.12667706608772272,
                -0.7710850238800049,
                0,
                -0.6125511994858368,
                -0.5333852155361479,
                -0.5833364542721071,
                0,
                -0.48518064835867913,
                0.8363331784230048,
                -0.25523823073863505,
                0,
                37.97515106201173,
                0,
                0.0000152587890625,
                1
            ],
            "name": "bicep_L"
        },
        "bicep_R": {
            "children": [
                "elbow_R",
                "chain_1"
            ],
            "matrix": [
                0.6240032911300659,
                0.1266771256923675,
                -0.7710852622985842,
                0,
                -0.6125517765799688,
                -0.5333848195309421,
                -0.5833362435935346,
                0,
                -0.48518060116289485,
                0.8363335021585032,
                -0.25523762074994727,
                0,
                -37.97516250610351,
                0.00000762939453125,
                0.00005340576171875,
                1
            ],
            "name": "bicep_R"
        },
        "buckle": {
            "children": [],
            "matrix": [
                0.8659732937812805,
                0.053816042840480804,
                -0.4971862137317655,
                0,
                -0.044360994874130665,
                0.998540162722527,
                0.030817514454890057,
                0,
                0.498118869091675,
                -0.004631469323580511,
                0.8670964288703648,
                0,
                39.733528137207024,
                7.189049243927002,
                -10.778236389160156,
                1
            ],
            "name": "buckle"
        },
        "chain_1": {
            "children": [],
            "matrix": [
                -0.3747804760932922,
                -0.31767863035202015,
                -0.8709876537322996,
                0,
                0.8429700175623689,
                -0.507833813181235,
                -0.17750051178573178,
                0,
                -0.3859289955804641,
                -0.800740481322728,
                0.45811991750518316,
                0,
                -115.48072814941406,
                -31.929351806640653,
                2.0724868774414062,
                1
            ],
            "name": "chain_1"
        },
        "clavicle_L": {
            "children": [
                "bicep_L"
            ],
            "matrix": [
                0.05233462154865276,
                0.9080826640129092,
                -0.415507972240448,
                0,
                0.02390737739509874,
                0.4148196218340542,
                0.9095895050826597,
                0,
                0.9983432343197673,
                -0.0575367234293699,
                -4.47034823825021e-7,
                0,
                20.42778778076172,
                19.039495468139645,
                11.840934753417983,
                1
            ],
            "name": "clavicle_L"
        },
        "clavicle_R": {
            "children": [
                "bicep_R"
            ],
            "matrix": [
                -0.052335515618324335,
                0.908082723617554,
                0.41550797224044805,
                0,
                -0.02390715967113477,
                0.4148196042578339,
                -0.9095895501953426,
                0,
                -0.9983433520021696,
                -0.057537450278322314,
                -1.1920929243736111e-7,
                0,
                20.427787780761705,
                -19.03949928283691,
                11.840942382812486,
                1
            ],
            "name": "clavicle_R"
        },
        "elbow_L": {
            "children": [
                "wrist_L"
            ],
            "matrix": [
                0.7343615889549256,
                1.4901161193847656e-7,
                -0.6787588596343996,
                0,
                -1.0092366331537761e-8,
                0.9999998807907127,
                2.0861627941792804e-7,
                0,
                0.6787587133330383,
                -1.4634948528394198e-7,
                0.7343614306687825,
                0,
                51.600124359130874,
                -0.00001525878909092171,
                -0.00005340576171875,
                1
            ],
            "name": "elbow_L"
        },
        "elbow_R": {
            "children": [
                "wrist_R"
            ],
            "matrix": [
                0.7343620061874389,
                -1.6653345369377348e-16,
                -0.678757607936859,
                0,
                1.1018303119891826e-7,
                0.9999997615815018,
                1.192093184165799e-7,
                0,
                0.6787577727003861,
                -1.6233044312918832e-7,
                0.7343621844485339,
                0,
                -51.60010528564453,
                0.000030517578125,
                -0.0000152587890625,
                1
            ],
            "name": "elbow_R"
        },
        "head": {
            "children": [
                "jaw3_0"
            ],
            "matrix": [
                0.9999587535858154,
                1.9491807048353687e-14,
                -0.009083851240575315,
                0,
                -1.975080027748219e-14,
                0.9999999999999999,
                -2.842170943040401e-14,
                0,
                0.009083851240575315,
                2.859995046761561e-14,
                0.9999587535858153,
                0,
                20.032066345214844,
                0,
                -0.000030517578125,
                1
            ],
            "name": "head"
        },
        "hook_1": {
            "children": [
                "hook_R0C0"
            ],
            "matrix": [
                -0.5137398838996888,
                0.35535052418708785,
                0.7808952927589413,
                0,
                -0.828824067359758,
                -0.4406941689156434,
                -0.3447313342832551,
                0,
                0.22163555028610082,
                -0.8243270802701061,
                0.5209252581231686,
                0,
                -41.03280639648439,
                -139.30651855468753,
                22.471288681030266,
                1
            ],
            "name": "hook_1"
        },
        "hook_R0C0": {
            "children": [
                "hook_R1C0"
            ],
            "matrix": [
                -0.9993475079536441,
                -0.03367007523775103,
                0.013078629039227964,
                0,
                0.0148513678200265,
                -0.0529504042318089,
                0.9984864076443719,
                0,
                -0.03292659681118846,
                0.9980292307695953,
                0.0534159061118759,
                0,
                -20.558109283447266,
                0.1687240898609162,
                0.31471905112266535,
                1
            ],
            "name": "hook_R0C0"
        },
        "hook_R1C0": {
            "children": [
                "hook_R2C0"
            ],
            "matrix": [
                1.0000000000000002,
                0.000003834371455009198,
                0.0000018998980522363929,
                0,
                -0.000003834632739641583,
                1.0000003576276926,
                0.00013680383563028503,
                0,
                -0.0000018993734956576636,
                -0.00013680379398870596,
                0.9999999999989875,
                0,
                3.76261138916016,
                -0.000012845732271731577,
                0.00004929304122924805,
                1
            ],
            "name": "hook_R1C0"
        },
        "hook_R2C0": {
            "children": [],
            "matrix": [
                0.9972225427627565,
                0.000007195398211481789,
                0.07447455823421481,
                0,
                0.0000046052355055859265,
                1.0000000000023763,
                -0.0001582801315225743,
                0,
                -0.07447457592086693,
                0.00015818352325257246,
                0.9972227643059943,
                0,
                35.91593170166015,
                -0.11917020380496982,
                1.181060791015625,
                1
            ],
            "name": "hook_R2C0"
        },
        "index_0_L": {
            "children": [
                "index_1_L"
            ],
            "matrix": [
                0.8956733345985414,
                0.34299677610397344,
                -0.28305852413177496,
                0,
                0.2870240327864602,
                0.04031613151531718,
                0.9570744301782235,
                0,
                0.33968537520510766,
                -0.9384709396185696,
                -0.06233825349808596,
                0,
                23.59076690673828,
                2.3370819091796875,
                1.9980239868164062,
                1
            ],
            "name": "index_0_L"
        },
        "index_0_R": {
            "children": [
                "index_1_R"
            ],
            "matrix": [
                0.7089250683784483,
                0.6469439268112183,
                -0.28087121248245234,
                0,
                -0.0940585488331217,
                0.48140498168903867,
                0.8714369974551328,
                0,
                0.6989836560293409,
                -0.5913651791458373,
                0.4021306561527634,
                0,
                -24.94775390625,
                -4.617599487304716,
                -3.30423736572266,
                1
            ],
            "name": "index_0_R"
        },
        "index_1_L": {
            "children": [],
            "matrix": [
                0.6097600460052489,
                -3.5762786865234375e-7,
                -0.7925857901573181,
                0,
                0.28276421901143944,
                0.934195527707482,
                0.21753858224543177,
                0,
                0.7404303168122834,
                -0.3567613795873915,
                0.5696354353531078,
                0,
                12.882698059082017,
                -0.9160995483398509,
                2.2613754272460938,
                1
            ],
            "name": "index_1_L"
        },
        "index_1_R": {
            "children": [],
            "matrix": [
                0.7358236312866212,
                -0.029050827026367174,
                -0.6765496730804448,
                0,
                -0.13928743858981718,
                0.9712231842055202,
                -0.1931947213705656,
                0,
                0.6626931688789144,
                0.23639210343572112,
                0.7106025277597712,
                0,
                -9.527908325195312,
                0.6913032531738281,
                -0.292724609375,
                1
            ],
            "name": "index_1_R"
        },
        "jaw3_0": {
            "children": [
                "tongue_0"
            ],
            "matrix": [
                0.9999999999999999,
                1.9482818282760262e-14,
                -6.076561476220377e-11,
                0,
                -1.9482818313039956e-14,
                0.9999999999999999,
                -1.4210854715202004e-14,
                0,
                6.076561476220377e-11,
                1.4210854688732224e-14,
                0.9999999999999996,
                0,
                3.0501480102539062,
                -6.776263578034403e-21,
                -8.537216186523438,
                1
            ],
            "name": "jaw3_0"
        },
        "knee_L": {
            "children": [
                "ankle_L"
            ],
            "matrix": [
                0.8213489651679994,
                1.4901161249358807e-8,
                -0.570425868034363,
                0,
                2.5553744953388247e-9,
                0.9999998807907116,
                2.980231893212615e-8,
                0,
                0.5704258850971639,
                -2.593575941511883e-8,
                0.8213489897365093,
                0,
                37.24342727661132,
                0,
                0.000015258789066052714,
                1
            ],
            "name": "knee_L"
        },
        "knee_R": {
            "children": [
                "ankle_R"
            ],
            "matrix": [
                0.8213489651679998,
                2.0861625665835604e-7,
                -0.5704259276390078,
                0,
                -2.643410118852163e-7,
                0.9999997615814264,
                -1.490116276203768e-8,
                0,
                0.5704259858225003,
                1.630260769297509e-7,
                0.8213490489457225,
                0,
                -37.2434310913086,
                0,
                -0.0000019073486292597863,
                1
            ],
            "name": "knee_R"
        },
        "knife": {
            "children": [],
            "matrix": [
                -0.3577113747596742,
                -0.9304232597351075,
                0.07971775531768799,
                0,
                0.8790179207328862,
                -0.306668498883086,
                0.3650780727442341,
                0,
                -0.31523019481473213,
                0.20066590760963626,
                0.9275574961719635,
                0,
                -17.35144233703614,
                -41.43470764160155,
                21.943008422851562,
                1
            ],
            "name": "knife"
        },
        "mid_0_L": {
            "children": [
                "mid_1_L"
            ],
            "matrix": [
                0.9198815822601317,
                0.3921965956687926,
                1.0430812832917802e-7,
                0,
                -2.0205953776830654e-7,
                2.0796387859012277e-7,
                0.9999999403953301,
                0,
                0.39219657733221985,
                -0.9198815392524983,
                2.7054920789804093e-7,
                0,
                16.73971176147461,
                7.395294189453125,
                16.897598266601562,
                1
            ],
            "name": "mid_0_L"
        },
        "mid_0_R": {
            "children": [
                "mid_1_R"
            ],
            "matrix": [
                0.5652881860733031,
                0.7079175710678101,
                -0.4234409034252165,
                0,
                0.2896007671563412,
                0.31033655076669875,
                0.905440609261501,
                0,
                0.772386450906557,
                -0.6344636446006909,
                -0.029583883688741527,
                0,
                -17.871110916137695,
                -8.571243286132812,
                -16.834945678710945,
                1
            ],
            "name": "mid_0_R"
        },
        "mid_1_L": {
            "children": [],
            "matrix": [
                0.9714808464050294,
                -4.917383193414615e-7,
                -0.23711754381656652,
                0,
                5.099246222495246e-7,
                0.9999998807906672,
                1.5366821289400368e-8,
                0,
                0.23711756825095529,
                -1.358406765995801e-7,
                0.97148094651406,
                0,
                14.435977935791023,
                -0.000003814697265625,
                -1.3037338256835938,
                1
            ],
            "name": "mid_1_L"
        },
        "mid_1_R": {
            "children": [],
            "matrix": [
                0.47103673219680786,
                -0.4574493765830997,
                -0.7542307972908022,
                0,
                0.5485070939065481,
                0.8215206437055291,
                -0.15570448413743782,
                0,
                0.6908432186625402,
                -0.34035847509706807,
                0.6378807470540859,
                0,
                -14.341598510742188,
                0.9743423461914062,
                1.6906013488769602,
                1
            ],
            "name": "mid_1_R"
        },
        "neck1": {
            "children": [
                "head",
                "neckFat"
            ],
            "matrix": [
                0.7335051298141478,
                1.5210055461146087e-14,
                -0.6796839237213136,
                0,
                -4.7072383093067136e-14,
                1.0000000000000002,
                -2.842170931129e-14,
                0,
                0.6796839237213134,
                5.2841811654220184e-14,
                0.7335051298141483,
                0,
                44.02030944824219,
                0.000003814697265625,
                -0.000045776367173289145,
                1
            ],
            "name": "neck1"
        },
        "neckFat": {
            "children": [],
            "matrix": [
                0.009083460085088632,
                1.917029095465076e-7,
                0.9999587535858153,
                0,
                3.52174925590669e-7,
                1.0000000000000002,
                -1.9490991576119367e-7,
                0,
                -0.9999587535858159,
                3.5393085607781313e-7,
                0.009083460085020784,
                0,
                0.14615249633789062,
                -0.000004638292011804879,
                16.093093872070312,
                1
            ],
            "name": "neckFat"
        },
        "offhand_weapon": {
            "children": [],
            "matrix": [
                -0.24331425130367296,
                0.4186956286430358,
                0.8749240040779114,
                0,
                -0.4622208541913381,
                0.7429715914171232,
                -0.484092191587765,
                0,
                -0.8527311108819429,
                -0.5221947395269259,
                0.01275427680657129,
                0,
                21.81768798828125,
                10.532150268554716,
                -5.31689453125,
                1
            ],
            "name": "offhand_weapon"
        },
        "root1": {
            "children": [
                "spine1",
                "tail0_0",
                "thigh_L",
                "knife",
                "buckle",
                "thigh_R"
            ],
            "matrix": [
                -1.629206851037603e-7,
                -1.0000000000000002,
                0,
                0,
                1.0000000000000002,
                -1.629206851037603e-7,
                0,
                0,
                0,
                0,
                1,
                0,
                0,
                14.76042366027832,
                90.66988372802734,
                1
            ],
            "name": "root1"
        },
        "spine1": {
            "children": [
                "spine2"
            ],
            "matrix": [
                0.27880743145942666,
                4.542351206282544e-8,
                0.9603470563888551,
                0,
                -2.468769695275777e-7,
                0.9999999999999999,
                2.4374127605143255e-8,
                0,
                -0.960347056388852,
                -2.4388325888766416e-7,
                0.27880743145943726,
                0,
                -0.44016265869140625,
                0.0000010131786893907697,
                24.81939697265625,
                1
            ],
            "name": "spine1"
        },
        "spine2": {
            "children": [
                "spine3"
            ],
            "matrix": [
                0.9629170894622808,
                8.88178419369253e-15,
                -0.2697976231575014,
                0,
                3.048173057950941e-8,
                0.9999999999999998,
                1.087903882535102e-7,
                0,
                0.26979762315750133,
                -1.1298002247862054e-7,
                0.9629170894622808,
                0,
                20.544921875000014,
                9.5367431640625e-7,
                -7.105427357601002e-15,
                1
            ],
            "name": "spine2"
        },
        "spine3": {
            "children": [
                "clavicle_R",
                "clavicle_L",
                "neck1"
            ],
            "matrix": [
                0.966737151145935,
                1.4210854761524118e-14,
                -0.2557718455791472,
                0,
                2.2511889426519157e-8,
                1,
