{
    "accessors": {
        "attrbute_1": {
            "bufferView": "bufferView_25",
            "byteOffset": 0,
            "byteStride": 12,
            "count": 2916,
            "max": [
                130.20742797851562,
                71.89298248291016,
                212.7206573486328,
                0
            ],
            "min": [
                -128.87753295898438,
                -112.16455841064453,
                -0.15703414380550385,
                0
            ],
            "type": 35665
        },
        "attrbute_10": {
            "bufferView": "bufferView_25",
            "byteOffset": 188592,
            "byteStride": 16,
            "count": 426,
            "max": [
                3,
                2,
                -1,
                -1
            ],
            "min": [
                0,
                -1,
                -1,
                -1
            ],
            "type": 35666
        },
        "attrbute_11": {
            "bufferView": "bufferView_25",
            "byteOffset": 195408,
            "byteStride": 12,
            "count": 426,
            "max": [
                1,
                0.20000000298023224,
                0
            ],
            "min": [
                0.800000011920929,
                0,
                0
            ],
            "type": 35665
        },
        "attrbute_13": {
            "bufferView": "bufferView_25",
            "byteOffset": 200520,
            "byteStride": 12,
            "count": 476,
            "max": [
                46.06977844238281,
                71.17518615722656,
                127.01382446289062,
                0
            ],
            "min": [
                -52.48849868774414,
                -40.2449951171875,
                38.3774299621582,
                0
            ],
            "type": 35665
        },
        "attrbute_14": {
            "bufferView": "bufferView_25",
            "byteOffset": 206232,
            "byteStride": 12,
            "count": 476,
            "max": [
                0.9999864101409912,
                0.9984214305877686,
                0.9956259727478027,
                0
            ],
            "min": [
                -0.9966457486152649,
                -0.9987233281135559,
                -0.9981375336647034,
                0
            ],
            "type": 35665
        },
        "attrbute_15": {
            "bufferView": "bufferView_25",
            "byteOffset": 211944,
            "byteStride": 8,
            "count": 476,
            "max": [
                0.9923318028450012,
                0.9899097681045532
            ],
            "min": [
                0.008596483618021011,
                0.010946273803710938
            ],
            "type": 35664
        },
        "attrbute_16": {
            "bufferView": "bufferView_25",
            "byteOffset": 215752,
            "byteStride": 16,
            "count": 476,
            "max": [
                11,
                7,
                9,
                -1
            ],
            "min": [
                0,
                -1,
                -1,
                -1
            ],
            "type": 35666
        },
        "attrbute_17": {
            "bufferView": "bufferView_25",
            "byteOffset": 223368,
            "byteStride": 12,
            "count": 476,
            "max": [
                1,
                0.7887488007545471,
                0.7453737258911133
            ],
            "min": [
                0.050500448793172836,
                0,
                0
            ],
            "type": 35665
        },
        "attrbute_19": {
            "bufferView": "bufferView_25",
            "byteOffset": 229080,
            "byteStride": 12,
            "count": 230,
            "max": [
                130.239990234375,
                55.290889739990234,
                138.97900390625,
                0
            ],
            "min": [
                78.14369201660156,
                -21.615787506103516,
                75.06619262695312,
                0
            ],
            "type": 35665
        },
        "attrbute_2": {
            "bufferView": "bufferView_25",
            "byteOffset": 34992,
            "byteStride": 12,
            "count": 2916,
            "max": [
                0.9996788501739502,
                0.9998041987419128,
                0.9999818801879883,
                0
            ],
            "min": [
                -0.9993114471435547,
                -0.9997439980506897,
                -0.9998337030410767,
                0
            ],
            "type": 35665
        },
        "attrbute_20": {
            "bufferView": "bufferView_25",
            "byteOffset": 231840,
            "byteStride": 12,
            "count": 230,
            "max": [
                0.999298632144928,
                0.9992676973342896,
                0.9959458708763123,
                0
            ],
            "min": [
                -0.9948568940162659,
                -0.9949600696563721,
                -0.999426007270813,
                0
            ],
            "type": 35665
        },
        "attrbute_21": {
            "bufferView": "bufferView_25",
            "byteOffset": 234600,
            "byteStride": 8,
            "count": 230,
            "max": [
                0.9909080266952515,
                0.9925360083580017
            ],
            "min": [
                0.01463869959115982,
                0.01898670196533203
            ],
            "type": 35664
        },
        "attrbute_22": {
            "bufferView": "bufferView_25",
            "byteOffset": 236440,
            "byteStride": 16,
            "count": 230,
            "max": [
                0,
                1,
                -1,
                -1
            ],
            "min": [
                0,
                -1,
                -1,
                -1
            ],
            "type": 35666
        },
        "attrbute_23": {
            "bufferView": "bufferView_25",
            "byteOffset": 240120,
            "byteStride": 12,
            "count": 230,
            "max": [
                1,
                0.5,
                0
            ],
            "min": [
                0.5,
                0,
                0
            ],
            "type": 35665
        },
        "attrbute_3": {
            "bufferView": "bufferView_25",
            "byteOffset": 69984,
            "byteStride": 8,
            "count": 2916,
            "max": [
                1.9917830228805542,
                0.9963979721069336
            ],
            "min": [
                0.0048699998296797276,
                0.0047820210456848145
            ],
            "type": 35664
        },
        "attrbute_4": {
            "bufferView": "bufferView_25",
            "byteOffset": 93312,
            "byteStride": 16,
            "count": 2916,
            "max": [
                40,
                40,
                40,
                -1
            ],
            "min": [
                0,
                -1,
                -1,
                -1
            ],
            "type": 35666
        },
        "attrbute_5": {
            "bufferView": "bufferView_25",
            "byteOffset": 139968,
            "byteStride": 12,
            "count": 2916,
            "max": [
                1,
                0.9998853206634521,
                0.9996793866157532
            ],
            "min": [
                0.0001038877380779013,
                0,
                0
            ],
            "type": 35665
        },
        "attrbute_7": {
            "bufferView": "bufferView_25",
            "byteOffset": 174960,
            "byteStride": 12,
            "count": 426,
            "max": [
                24.052412033081055,
                97.69061279296875,
                83.37059783935547,
                0
            ],
            "min": [
                -23.394079208374023,
                -127.39691162109375,
                -83.364501953125,
                0
            ],
            "type": 35665
        },
        "attrbute_8": {
            "bufferView": "bufferView_25",
            "byteOffset": 180072,
            "byteStride": 12,
            "count": 426,
            "max": [
                0.9997527003288269,
                0.9998764395713806,
                0.999481201171875,
                0
            ],
            "min": [
                -0.9998792409896851,
                -0.9997997283935547,
                -0.9997249245643616,
                0
            ],
            "type": 35665
        },
        "attrbute_9": {
            "bufferView": "bufferView_25",
            "byteOffset": 185184,
            "byteStride": 8,
            "count": 426,
            "max": [
                0.994143009185791,
                0.9909272193908691
            ],
            "min": [
                0.011869102716445923,
                0.009181857109069824
            ],
            "type": 35664
        },
        "indices_12": {
            "bufferView": "bufferView_27",
            "byteOffset": 27684,
            "count": 1770,
            "type": 5123
        },
        "indices_18": {
            "bufferView": "bufferView_27",
            "byteOffset": 31224,
            "count": 1932,
            "type": 5123
        },
        "indices_24": {
            "bufferView": "bufferView_27",
            "byteOffset": 35088,
            "count": 1047,
            "type": 5123
        },
        "indices_6": {
            "bufferView": "bufferView_27",
            "byteOffset": 0,
            "count": 13842,
            "type": 5123
        }
    },
    "animations": {},
    "asset": {},
    "bufferViews": {
        "bufferView_25": {
            "buffer": "tidehunter.bin",
            "byteLength": 242880,
            "byteOffset": 0,
            "target": 34962
        },
        "bufferView_26": {
            "buffer": "tidehunter.bin",
            "byteLength": 4864,
            "byteOffset": 242880
        },
        "bufferView_27": {
            "buffer": "tidehunter.bin",
            "byteLength": 37182,
            "byteOffset": 247744,
            "target": 34963
        }
    },
    "buffers": {
        "tidehunter.bin": {
            "byteLength": 284926,
            "path": "tidehunter.bin"
        }
    },
    "cameras": {},
    "images": {
        "image_0": {
            "path": "textures/tidehunter_color.png"
        },
        "image_1": {
            "path": "textures/anchor.png"
        },
        "image_2": {
            "path": "textures/belt.png"
        },
        "image_3": {
            "path": "textures/bracer.png"
        }
    },
    "lights": {},
    "materials": {
        "Material #35": {
            "instanceTechnique": {
                "technique": "technique_0",
                "values": {
                    "ambient": [
                        0.5879999995231628,
                        0.5879999995231628,
                        0.5879999995231628
                    ],
                    "diffuse": "Map #6",
                    "emission": [
                        0,
                        0,
                        0
                    ],
                    "shininess": 2,
                    "specular": [
                        0.8999999761581421,
                        0.8999999761581421,
                        0.8999999761581421
                    ],
                    "transparency": 1
                }
            },
            "name": "Material #35"
        },
        "Material #46": {
            "instanceTechnique": {
                "technique": "technique_0",
                "values": {
                    "ambient": [
                        0.5879999995231628,
                        0.5879999995231628,
                        0.5879999995231628
                    ],
                    "diffuse": "Map #7",
                    "emission": [
                        0,
                        0,
                        0
                    ],
                    "shininess": 2,
                    "specular": [
                        0.8999999761581421,
                        0.8999999761581421,
                        0.8999999761581421
                    ],
                    "transparency": 1
                }
            },
            "name": "Material #46"
        },
        "Material #57": {
            "instanceTechnique": {
                "technique": "technique_0",
                "values": {
                    "ambient": [
                        0.5879999995231628,
                        0.5879999995231628,
                        0.5879999995231628
                    ],
                    "diffuse": "Map #8",
                    "emission": [
                        0,
                        0,
                        0
                    ],
                    "shininess": 2,
                    "specular": [
                        0.8999999761581421,
                        0.8999999761581421,
                        0.8999999761581421
                    ],
                    "transparency": 1
                }
            },
            "name": "Material #57"
        },
        "Material #68": {
            "instanceTechnique": {
                "technique": "technique_0",
                "values": {
                    "ambient": [
                        0.5879999995231628,
                        0.5879999995231628,
                        0.5879999995231628
                    ],
                    "diffuse": "Map #9",
                    "emission": [
                        0,
                        0,
                        0
                    ],
                    "shininess": 2,
                    "specular": [
                        0.8999999761581421,
                        0.8999999761581421,
                        0.8999999761581421
                    ],
                    "transparency": 1
                }
            },
            "name": "Material #68"
        }
    },
    "meshes": {
        "tidehunter_anchor_model_LOD0-mesh": {
            "name": "tidehunter_anchor_model_LOD0-mesh",
            "primitives": [
                {
                    "attributes": {
                        "JOINT": "attrbute_10",
                        "NORMAL": "attrbute_8",
                        "POSITION": "attrbute_7",
                        "TEXCOORD_0": "attrbute_9",
                        "WEIGHT": "attrbute_11"
                    },
                    "indices": "indices_12",
                    "material": "Material #46"
                }
            ]
        },
        "tidehunter_belt_model_LOD0-mesh": {
            "name": "tidehunter_belt_model_LOD0-mesh",
            "primitives": [
                {
                    "attributes": {
                        "JOINT": "attrbute_16",
                        "NORMAL": "attrbute_14",
                        "POSITION": "attrbute_13",
                        "TEXCOORD_0": "attrbute_15",
                        "WEIGHT": "attrbute_17"
                    },
                    "indices": "indices_18",
                    "material": "Material #57"
                }
            ]
        },
        "tidehunter_bracer_model_LOD0-mesh": {
            "name": "tidehunter_bracer_model_LOD0-mesh",
            "primitives": [
                {
                    "attributes": {
                        "JOINT": "attrbute_22",
                        "NORMAL": "attrbute_20",
                        "POSITION": "attrbute_19",
                        "TEXCOORD_0": "attrbute_21",
                        "WEIGHT": "attrbute_23"
                    },
                    "indices": "indices_24",
                    "material": "Material #68"
                }
            ]
        },
        "tidehunter_model_LOD0-mesh": {
            "name": "tidehunter_model_LOD0-mesh",
            "primitives": [
                {
                    "attributes": {
                        "JOINT": "attrbute_4",
                        "NORMAL": "attrbute_2",
                        "POSITION": "attrbute_1",
                        "TEXCOORD_0": "attrbute_3",
                        "WEIGHT": "attrbute_5"
                    },
                    "indices": "indices_6",
                    "material": "Material #35"
                }
            ]
        }
    },
    "nodes": {
        "ankle_L": {
            "children": [
                "toeBase_L"
            ],
            "jointId": "ankle_L",
            "matrix": [
                0.4250444471836088,
                -0.44277423620223993,
                0.7894861698150637,
                0,
                0.1317329783314129,
                0.893166857046657,
                0.42999980868415427,
                0,
                -0.8955356044468386,
                -0.07876765649705325,
                0.4379635264078379,
                0,
                36.15479278564453,
                -0.000015258789055394573,
                0.000001907348634588857,
                1
            ],
            "name": "ankle_L"
        },
        "ankle_R": {
            "children": [
                "toeBase_R"
            ],
            "jointId": "ankle_R",
            "matrix": [
                0.42504501342773443,
                -0.44277438521385193,
                0.7894853949546816,
                0,
                0.1317335159120605,
                0.8931665293306125,
                0.42999983159626964,
                0,
                -0.8955348976187125,
                -0.07876760231447424,
                0.43796423354182246,
                0,
                -36.15476989746094,
                7.105427357601002e-15,
                -0.000006675720211291036,
                1
            ],
            "name": "ankle_R"
        },
        "bicep_L": {
            "children": [
                "elbow_L"
            ],
            "jointId": "bicep_L",
            "matrix": [
                0.6240038871765137,
                0.12667706608772278,
                -0.7710850238800051,
                0,
                -0.6125511994858368,
                -0.533385215536148,
                -0.5833364542721071,
                0,
                -0.48518064835867913,
                0.8363331784230054,
                -0.2552382307386353,
                0,
                37.97515106201171,
                0,
                0.0000152587890625,
                1
            ],
            "name": "bicep_L"
        },
        "bicep_R": {
            "children": [
                "elbow_R",
                "chain_1"
            ],
            "jointId": "bicep_R",
            "matrix": [
                0.624003291130066,
                0.12667712569236778,
                -0.771085262298584,
                0,
                -0.6125517765799688,
                -0.5333848195309419,
                -0.5833362435935344,
                0,
                -0.48518060116289474,
                0.8363335021585033,
                -0.2552376207499474,
                0,
                -37.97516250610352,
                0.000007629394517039145,
                0.00005340576171875,
                1
            ],
            "name": "bicep_R"
        },
        "buckle": {
            "children": [],
            "jointId": "buckle",
            "matrix": [
                0.8659732937812805,
                0.053816042840480804,
                -0.4971862137317655,
                0,
                -0.044360994874130665,
                0.998540162722527,
                0.030817514454890057,
                0,
                0.498118869091675,
                -0.004631469323580511,
                0.8670964288703648,
                0,
                39.733528137207024,
                7.189049243927002,
                -10.778236389160156,
                1
            ],
            "name": "buckle"
        },
        "chain_1": {
            "children": [],
            "jointId": "chain_1",
            "matrix": [
                -0.3747804760932921,
                -0.31767863035202026,
                -0.8709876537322995,
                0,
                0.8429700175623688,
                -0.507833813181235,
                -0.17750051178573176,
                0,
                -0.38592899558046445,
                -0.8007404813227281,
                0.4581199175051832,
                0,
                -115.48072814941406,
                -31.929351806640625,
                2.0724868774414062,
                1
            ],
            "name": "chain_1"
        },
        "clavicle_L": {
            "children": [
                "bicep_L"
            ],
            "jointId": "clavicle_L",
            "matrix": [
                0.05233462154865259,
                0.9080826640129093,
                -0.4155079722404479,
                0,
                0.023907377395098683,
                0.4148196218340542,
                0.9095895050826595,
                0,
                0.9983432343197673,
                -0.057536723429369906,
                -4.4703482404706563e-7,
                0,
                20.42778778076172,
                19.03949546813965,
                11.840934753417969,
                1
            ],
            "name": "clavicle_L"
        },
        "clavicle_R": {
            "children": [
                "bicep_R"
            ],
            "jointId": "clavicle_R",
            "matrix": [
                -0.05233551561832425,
                0.908082723617554,
                0.415507972240448,
                0,
                -0.023907159671134937,
                0.4148196042578339,
                -0.9095895501953424,
                0,
                -0.9983433520021695,
                -0.05753745027832232,
                -1.192092923263388e-7,
                0,
                20.42778778076172,
                -19.039499282836914,
                11.8409423828125,
                1
            ],
            "name": "clavicle_R"
        },
        "elbow_L": {
            "children": [
                "wrist_L"
            ],
            "jointId": "elbow_L",
            "matrix": [
                0.7343615889549251,
                1.4901161182745426e-7,
                -0.6787588596343996,
                0,
                -1.0092366387048912e-8,
                0.9999998807907124,
                2.0861627941792804e-7,
                0,
                0.678758713333038,
                -1.4634948531863645e-7,
                0.7343614306687827,
                0,
                51.60012435913085,
                -0.0000152587890625,
                -0.000053405761732960855,
                1
            ],
            "name": "elbow_L"
        },
        "elbow_R": {
            "children": [
                "wrist_R"
            ],
            "jointId": "elbow_R",
            "matrix": [
                0.7343620061874391,
                -5.551115123125783e-17,
                -0.6787576079368591,
                0,
                1.1018303136545171e-7,
                0.9999997615815017,
                1.1920931847209104e-7,
                0,
                0.6787577727003862,
                -1.623304430389827e-7,
                0.7343621844485336,
                0,
                -51.60010528564452,
                0.000030517578125,
                -0.0000152587890625,
                1
            ],
            "name": "elbow_R"
        },
        "head": {
            "children": [
                "jaw3_0"
            ],
            "jointId": "head",
            "matrix": [
                0.9999587535858154,
                1.9491806990995806e-14,
                -0.009083851240575315,
                0,
                -1.975080023736393e-14,
                0.9999999999999999,
                -2.842170943040401e-14,
                0,
                0.009083851240575317,
                2.859995044114583e-14,
                0.9999587535858153,
                0,
                20.032066345214844,
                0,
                -0.00003051757815342171,
                1
            ],
            "name": "head"
        },
        "hook_1": {
            "children": [
                "hook_R0C0"
            ],
            "jointId": "hook_1",
            "matrix": [
                -0.5137398838996888,
                0.35535052418708807,
                0.7808952927589415,
                0,
                -0.8288240673597579,
                -0.4406941689156434,
                -0.34473133428325503,
                0,
                0.2216355502861007,
                -0.8243270802701059,
                0.5209252581231686,
                0,
                -41.032806396484375,
                -139.30651855468753,
                22.471288681030284,
                1
            ],
            "name": "hook_1"
        },
        "hook_R0C0": {
            "children": [
                "hook_R1C0"
            ],
            "jointId": "hook_R0C0",
            "matrix": [
                -0.999347507953644,
                -0.03367007523775102,
                0.01307862903922796,
                0,
                0.014851367820026502,
                -0.05295040423180891,
                0.998486407644372,
                0,
                -0.03292659681118845,
                0.9980292307695952,
                0.0534159061118759,
                0,
                -20.55810928344727,
                0.1687240898609161,
                0.3147190511226654,
                1
            ],
            "name": "hook_R0C0"
        },
        "hook_R1C0": {
            "children": [
                "hook_R2C0"
            ],
            "jointId": "hook_R1C0",
            "matrix": [
                0.9999999999999999,
                0.000003834371455007897,
                0.0000018998980522155762,
                0,
                -0.00000383463273963356,
                1.0000003576276923,
                0.00013680383563027115,
                0,
                -0.0000018993734956507247,
                -0.00013680379398871984,
                0.9999999999989873,
                0,
                3.7626113891601527,
                -0.000012845732271665224,
                0.00004929304122935907,
                1
            ],
            "name": "hook_R1C0"
        },
        "hook_R2C0": {
            "children": [],
            "jointId": "hook_R2C0",
            "matrix": [
                0.9972225427627563,
                0.000007195398211479621,
                0.07447455823421478,
                0,
                0.000004605235505589613,
                1.0000000000023765,
                -0.00015828013152258125,
                0,
                -0.0744745759208669,
                0.00015818352325256552,
                0.9972227643059944,
                0,
                35.915931701660156,
                -0.11917020380496975,
                1.181060791015625,
                1
            ],
            "name": "hook_R2C0"
        },
        "index_0_L": {
            "children": [
                "index_1_L"
            ],
            "jointId": "index_0_L",
            "matrix": [
                0.8956733345985415,
                0.34299677610397356,
                -0.28305852413177496,
                0,
                0.28702403278646016,
                0.040316131515317266,
                0.9570744301782232,
                0,
                0.33968537520510755,
                -0.9384709396185693,
                -0.062338253498086034,
                0,
                23.590766906738274,
                2.3370819091796875,
                1.9980239868164134,
                1
            ],
            "name": "index_0_L"
        },
        "index_0_R": {
            "children": [
                "index_1_R"
            ],
            "jointId": "index_0_R",
            "matrix": [
                0.7089250683784482,
                0.6469439268112185,
                -0.2808712124824525,
                0,
                -0.09405854883312159,
                0.4814049816890388,
                0.8714369974551328,
                0,
                0.6989836560293409,
                -0.5913651791458372,
                0.4021306561527631,
                0,
                -24.94775390625,
                -4.6175994873046875,
                -3.3042373657226527,
                1
            ],
            "name": "index_0_R"
        },
        "index_1_L": {
            "children": [],
            "jointId": "index_1_L",
            "matrix": [
                0.6097600460052489,
                -3.5762786876336605e-7,
                -0.7925857901573181,
                0,
                0.2827642190114396,
                0.9341955277074819,
                0.21753858224543182,
                0,
                0.7404303168122834,
                -0.3567613795873915,
                0.569635435353108,
                0,
                12.882698059082031,
                -0.9160995483398438,
                2.2613754272460795,
                1
            ],
            "name": "index_1_L"
        },
        "index_1_R": {
            "children": [],
            "jointId": "index_1_R",
            "matrix": [
                0.7358236312866211,
                -0.02905082702636727,
                -0.6765496730804444,
                0,
                -0.13928743858981713,
                0.9712231842055206,
                -0.1931947213705655,
                0,
                0.6626931688789146,
                0.23639210343572112,
                0.7106025277597713,
                0,
                -9.527908325195327,
                0.6913032531738281,
                -0.2927246093749858,
                1
            ],
            "name": "index_1_R"
        },
        "jaw3_0": {
            "children": [
                "tongue_0"
            ],
            "jointId": "jaw3_0",
            "matrix": [
                0.9999999999999999,
                1.9482818331281494e-14,
                -6.07656147621773e-11,
                0,
                -1.9482818325565502e-14,
                0.9999999999999999,
                -1.4210854741671783e-14,
                0,
                6.076561476223024e-11,
                1.4210854662262445e-14,
                0.9999999999999996,
                0,
                3.0501480102539134,
                6.776263578034403e-21,
                -8.537216186523438,
                1
            ],
            "name": "jaw3_0"
        },
        "knee_L": {
            "children": [
                "ankle_L"
            ],
            "jointId": "knee_L",
            "matrix": [
                0.8213489651679994,
                1.4901161193847656e-8,
                -0.5704258680343628,
                0,
                2.555374550849976e-9,
                0.9999998807907116,
                2.980231891824836e-8,
                0,
                0.5704258850971637,
                -2.5935759477568876e-8,
                0.8213489897365092,
                0,
                37.24342727661132,
                0,
                0.000015258789066052714,
                1
            ],
            "name": "knee_L"
        },
        "knee_R": {
            "children": [
                "ankle_R"
            ],
            "jointId": "knee_R",
            "matrix": [
                0.8213489651679995,
                2.0861625663060046e-7,
                -0.5704259276390076,
                0,
                -2.6434101194072745e-7,
                0.9999997615814262,
                -1.4901162720404315e-8,
                0,
                0.5704259858225,
                1.6302607690893423e-7,
                0.8213490489457222,
                0,
                -37.2434310913086,
                0,
                -0.0000019073486292597863,
                1
            ],
            "name": "knee_R"
        },
        "knife": {
            "children": [],
            "jointId": "knife",
            "matrix": [
                -0.3577113747596742,
                -0.9304232597351075,
                0.07971775531768799,
                0,
                0.8790179207328862,
                -0.306668498883086,
                0.3650780727442341,
                0,
                -0.31523019481473213,
                0.20066590760963626,
                0.9275574961719635,
                0,
                -17.35144233703614,
                -41.43470764160155,
                21.943008422851562,
                1
            ],
            "name": "knife"
        },
        "mid_0_L": {
            "children": [
                "mid_1_L"
            ],
            "jointId": "mid_0_L",
            "matrix": [
                0.9198815822601316,
                0.39219659566879267,
                1.0430812841244474e-7,
                0,
                -2.0205953785157327e-7,
                2.0796387863175614e-7,
                0.9999999403953301,
                0,
                0.3921965773322197,
                -0.919881539252498,
                2.7054920808625843e-7,
                0,
                16.73971176147461,
                7.395294189453125,
                16.89759826660157,
                1
            ],
            "name": "mid_0_L"
        },
        "mid_0_R": {
            "children": [
                "mid_1_R"
            ],
            "jointId": "mid_0_R",
            "matrix": [
                0.5652881860733033,
                0.7079175710678098,
                -0.4234409034252166,
                0,
                0.2896007671563412,
                0.31033655076669886,
                0.9054406092615013,
                0,
                0.772386450906557,
                -0.634463644600691,
                -0.02958388368874175,
                0,
                -17.8711109161377,
                -8.571243286132812,
                -16.83494567871094,
                1
            ],
            "name": "mid_0_R"
        },
        "mid_1_L": {
            "children": [],
            "jointId": "mid_1_L",
            "matrix": [
                0.9714808464050292,
                -4.917383193414615e-7,
                -0.23711754381656644,
                0,
                5.099246223050358e-7,
                0.9999998807906673,
                1.5366821238226025e-8,
                0,
                0.2371175682509553,
                -1.3584067677305245e-7,
                0.9714809465140599,
                0,
                14.435977935791023,
                -0.0000038146972585195726,
                -1.3037338256835795,
                1
            ],
            "name": "mid_1_L"
        },
        "mid_1_R": {
            "children": [],
            "jointId": "mid_1_R",
            "matrix": [
                0.47103673219680764,
                -0.45744937658309953,
                -0.7542307972908022,
                0,
                0.5485070939065477,
                0.8215206437055289,
                -0.15570448413743793,
                0,
                0.69084321866254,
                -0.3403584750970679,
                0.6378807470540859,
                0,
                -14.341598510742188,
                0.9743423461913956,
                1.6906013488769602,
                1
            ],
            "name": "mid_1_R"
        },
        "neck1": {
            "children": [
                "head",
                "neckFat"
            ],
            "jointId": "neck1",
            "matrix": [
                0.7335051298141477,
                1.5210055509329358e-14,
                -0.6796839237213134,
                0,
                -4.7072383053362466e-14,
                1.0000000000000002,
                -2.842170935099467e-14,
                0,
                0.6796839237213134,
                5.2841811654220184e-14,
                0.733505129814148,
                0,
                44.02030944824217,
                0.000003814697265625,
                -0.0000457763671875,
                1
            ],
            "name": "neck1"
        },
        "neckFat": {
            "children": [],
            "jointId": "neckFat",
            "matrix": [
                0.00908346008508863,
                1.9170290954650758e-7,
                0.9999587535858153,
                0,
                3.52174925590669e-7,
                1.0000000000000002,
                -1.9490991576119373e-7,
                0,
                -0.9999587535858159,
                3.539308560778132e-7,
                0.009083460085020782,
                0,
                0.14615249633789062,
                -0.000004638292011804882,
                16.093093872070312,
                1
            ],
            "name": "neckFat"
        },
        "offhand_weapon": {
            "children": [],
            "jointId": "offhand_weapon",
            "matrix": [
                -0.24331425130367285,
                0.4186956286430357,
                0.8749240040779112,
                0,
                -0.46222085419133796,
                0.7429715914171231,
                -0.48409219158776484,
                0,
                -0.8527311108819428,
                -0.5221947395269257,
                0.012754276806571208,
                0,
                21.817687988281243,
                10.532150268554688,
                -5.3168945312499964,
                1
            ],
            "name": "offhand_weapon"
        },
        "root1": {
            "children": [
                "spine1",
                "tail0_0",
                "thigh_L",
                "knife",
                "buckle",
                "thigh_R"
            ],
            "jointId": "root1",
            "matrix": [
                -1.629206851037603e-7,
                -1.0000000000000002,
                0,
                0,
                1.0000000000000002,
                -1.629206851037603e-7,
                0,
                0,
                0,
                0,
                1,
                0,
                0,
                14.76042366027832,
                90.66988372802734,
                1
            ],
            "name": "root1"
        },
        "spine1": {
            "children": [
                "spine2"
            ],
            "jointId": "spine1",
            "matrix": [
                0.27880743145942666,
                4.542351206282544e-8,
                0.9603470563888551,
                0,
                -2.468769695275777e-7,
                0.9999999999999999,
                2.4374127605143255e-8,
                0,
                -0.960347056388852,
                -2.4388325888766416e-7,
                0.27880743145943726,
                0,
                -0.44016265869140625,
                0.0000010131786893907697,
                24.81939697265625,
                1
            ],
            "name": "spine1"
        },
        "spine2": {
            "children": [
                "spine3"
            ],
            "jointId": "spine2",
            "matrix": [
                0.9629170894622806,
                8.881784183766363e-15,
                -0.26979762315750133,
                0,
                3.0481730579509404e-8,
                0.9999999999999996,
                1.0879038825351015e-7,
                0,
                0.2697976231575012,
                -1.1298002247862044e-7,
                0.9629170894622804,
                0,
                20.544921875000014,
