{
    "accessors": [
        {
            "bufferView": 0,
            "byteOffset": 0,
            "componentType": 5126,
            "count": 2916,
            "max": [
                130.20742797851562,
                71.89298248291016,
                212.7206573486328
            ],
            "min": [
                -128.87753295898438,
                -112.16455841064453,
                -0.15703414380550385
            ],
            "type": "VEC3"
        },
        {
            "bufferView": 0,
            "byteOffset": 34992,
            "componentType": 5126,
            "count": 2916,
            "max": [
                0.9996788501739502,
                0.9998041987419128,
                0.9999818801879883
            ],
            "min": [
                -0.9993114471435547,
                -0.9997439980506897,
                -0.9998337030410767
            ],
            "type": "VEC3"
        },
        {
            "bufferView": 0,
            "byteOffset": 69984,
            "componentType": 5126,
            "count": 2916,
            "max": [
                1.9917830228805542,
                0.9952179789543152
            ],
            "min": [
                0.0048699998296797276,
                0.0036020278930664062
            ],
            "type": "VEC2"
        },
        {
            "bufferView": 0,
            "byteOffset": 93312,
            "componentType": 5123,
            "count": 2916,
            "max": [
                40,
                40,
                40,
                0
            ],
            "min": [
                0,
                0,
                0,
                0
            ],
            "type": "VEC4"
        },
        {
            "bufferView": 0,
            "byteOffset": 116640,
            "componentType": 5126,
            "count": 2916,
            "max": [
                1,
                0.9998853206634521,
                0.9996793866157532,
                0
            ],
            "min": [
                0.0001038877380779013,
                0,
                0,
                0
            ],
            "type": "VEC4"
        },
        {
            "bufferView": 2,
            "byteOffset": 0,
            "componentType": 5123,
            "count": 13842,
            "max": [
                2915
            ],
            "min": [
                0
            ],
            "type": "SCALAR"
        },
        {
            "bufferView": 1,
            "byteOffset": 0,
            "componentType": 5126,
            "count": 41,
            "max": [
                0.9080827499310372,
                0.9999999999999933,
                0.9206830287719853,
                0,
                0.8087911445113215,
                0.908784124606622,
                0.9999999999999905,
                0,
                0.9999999999999838,
                0.861229480816565,
                1.0000001788135702,
                0,
                132.25544296147226,
                142.98025757405347,
                123.22654333765914,
                1
            ],
            "min": [
                -0.9610988418052296,
                -0.9999999999999242,
                -0.1274530885754322,
                0,
                -0.9999999999999732,
                -0.9721029364588529,
                -0.9796420667824961,
                0,
                -0.9881004883878378,
                -0.677953048412192,
                -0.7375591900411235,
                0,
                -196.77822875976244,
                -142.98025480727222,
                -180.8664398193288,
                1
            ],
            "type": "MAT4"
        },
        {
            "bufferView": 0,
            "byteOffset": 163296,
            "componentType": 5126,
            "count": 426,
            "max": [
                24.052412033081055,
                97.69061279296875,
                83.37059783935547
            ],
            "min": [
                -23.394079208374023,
                -127.39691162109375,
                -83.364501953125
            ],
            "type": "VEC3"
        },
        {
            "bufferView": 0,
            "byteOffset": 168408,
            "componentType": 5126,
            "count": 426,
            "max": [
                0.9997527003288269,
                0.9998764395713806,
                0.999481201171875
            ],
            "min": [
                -0.9998792409896851,
                -0.9997997283935547,
                -0.9997249245643616
            ],
            "type": "VEC3"
        },
        {
            "bufferView": 0,
            "byteOffset": 173520,
            "componentType": 5126,
            "count": 426,
            "max": [
                0.994143009185791,
                0.9908181428909302
            ],
            "min": [
                0.011869102716445923,
                0.00907278060913086
            ],
            "type": "VEC2"
        },
        {
            "bufferView": 0,
            "byteOffset": 176928,
            "componentType": 5123,
            "count": 426,
            "max": [
                3,
                2,
                0,
                0
            ],
            "min": [
                0,
                0,
                0,
                0
            ],
            "type": "VEC4"
        },
        {
            "bufferView": 0,
            "byteOffset": 180336,
            "componentType": 5126,
            "count": 426,
            "max": [
                1,
                0.20000000298023224,
                0,
                0
            ],
            "min": [
                0.800000011920929,
                0,
                0,
                0
            ],
            "type": "VEC4"
        },
        {
            "bufferView": 2,
            "byteOffset": 27684,
            "componentType": 5123,
            "count": 1770,
            "max": [
                425
            ],
            "min": [
                0
            ],
            "type": "SCALAR"
        },
        {
            "bufferView": 1,
            "byteOffset": 2624,
            "componentType": 5126,
            "count": 4,
            "max": [
                0.018971598135941375,
                0.9986831948006608,
                0.9999877341400326,
                0,
                0.9993652821374946,
                -0.001466861162795062,
                0.03134830269069405,
                0,
                0.03213666237467229,
                0.04856688479288794,
                -0.004411636666841365,
                0,
                0.000032424813963118125,
                0.11924072429345134,
                2.4475327748415996,
                1
            ],
            "min": [
                -0.0021394789588284383,
                -0.004414789992388784,
                0.047662941174071376,
                0,
                -0.9999965213585456,
                -0.016916422124252706,
                -0.04316832860987751,
                0,
                -0.04230522688731841,
                -0.9999889677380773,
                -0.9983094519299773,
                0,
                -60.206622730791295,
                -0.0000030548916136687386,
                -0.862115365170027,
                1
            ],
            "type": "MAT4"
        },
        {
            "bufferView": 0,
            "byteOffset": 187152,
            "componentType": 5126,
            "count": 476,
            "max": [
                46.06977844238281,
                71.17518615722656,
                127.01382446289062
            ],
            "min": [
                -52.48849868774414,
                -40.2449951171875,
                38.3774299621582
            ],
            "type": "VEC3"
        },
        {
            "bufferView": 0,
            "byteOffset": 192864,
            "componentType": 5126,
            "count": 476,
            "max": [
                0.9999864101409912,
                0.9984214305877686,
                0.9956259727478027
            ],
            "min": [
                -0.9966457486152649,
                -0.9987233281135559,
                -0.9981375336647034
            ],
            "type": "VEC3"
        },
        {
            "bufferView": 0,
            "byteOffset": 198576,
            "componentType": 5126,
            "count": 476,
            "max": [
                0.9923318028450012,
                0.9890537261962891
            ],
            "min": [
                0.008596483618021011,
                0.010090231895446777
            ],
            "type": "VEC2"
        },
        {
            "bufferView": 0,
            "byteOffset": 202384,
            "componentType": 5123,
            "count": 476,
            "max": [
                11,
                7,
                9,
                0
            ],
            "min": [
                0,
                0,
                0,
                0
            ],
            "type": "VEC4"
        },
        {
            "bufferView": 0,
            "byteOffset": 206192,
            "componentType": 5126,
            "count": 476,
            "max": [
                1,
                0.7887488007545471,
                0.7453737258911133,
                0
            ],
            "min": [
                0.050500448793172836,
                0,
                0,
                0
            ],
            "type": "VEC4"
        },
        {
            "bufferView": 2,
            "byteOffset": 31224,
            "componentType": 5123,
            "count": 1932,
            "max": [
                475
            ],
            "min": [
                0
            ],
            "type": "SCALAR"
        },
        {
            "bufferView": 1,
            "byteOffset": 2880,
            "componentType": 5126,
            "count": 12,
            "max": [
                0.6635612921245927,
                0.9999999999999925,
                0.4300002397877709,
                0,
                0.7401747659529918,
                0.3797630448180547,
                0.9603470059209405,
                0,
                0.9603470059209475,
                0.5981906778869243,
                1,
                0,
                67.71036078826204,
                46.94913267050669,
                64.59287042319566,
                1
            ],
            "min": [
                -0.9304233991548412,
                -0.9999999999999373,
                -0.0789705962733278,
                0,
                -0.9999999999999732,
                -0.879017812978562,
                -0.8873114788907039,
                0,
                -0.9475356830732246,
                -0.24090209505097776,
                -0.5213047621818603,
                0,
                -106.67174873131228,
                -142.98017771173386,
                -106.26305030383564,
                1
            ],
            "type": "MAT4"
        },
        {
            "bufferView": 0,
            "byteOffset": 213808,
            "componentType": 5126,
            "count": 230,
            "max": [
                130.239990234375,
                55.290889739990234,
                138.97900390625
            ],
            "min": [
                78.14369201660156,
                -21.615787506103516,
                75.06619262695312
            ],
            "type": "VEC3"
        },
        {
            "bufferView": 0,
            "byteOffset": 216568,
            "componentType": 5126,
            "count": 230,
            "max": [
                0.999298632144928,
                0.9992676973342896,
                0.9959458708763123
            ],
            "min": [
                -0.9948568940162659,
                -0.9949600696563721,
                -0.999426007270813
            ],
            "type": "VEC3"
        },
        {
            "bufferView": 0,
            "byteOffset": 219328,
            "componentType": 5126,
            "count": 230,
            "max": [
                0.9909080266952515,
                0.981013298034668
            ],
            "min": [
                0.01463869959115982,
                0.007463991641998291
            ],
            "type": "VEC2"
        },
        {
            "bufferView": 0,
            "byteOffset": 221168,
            "componentType": 5123,
            "count": 230,
            "max": [
                0,
                1,
                0,
                0
            ],
            "min": [
                0,
                0,
                0,
                0
            ],
            "type": "VEC4"
        },
        {
            "bufferView": 0,
            "byteOffset": 223008,
            "componentType": 5126,
            "count": 230,
            "max": [
                1,
                0.5,
                0,
                0
            ],
            "min": [
                0.5,
                0,
                0,
                0
            ],
            "type": "VEC4"
        },
        {
            "bufferView": 2,
            "byteOffset": 35088,
            "componentType": 5123,
            "count": 1047,
            "max": [
                229
            ],
            "min": [
                0
            ],
            "type": "SCALAR"
        },
        {
            "bufferView": 1,
            "byteOffset": 3648,
            "componentType": 5126,
            "count": 2,
            "max": [
                0.5408957301357201,
                -0.7439426820752991,
                0.3924042903767027,
                0,
                -0.2572553030024353,
                0.29872138071805443,
                0.9192942993082832,
                0,
                -0.800781713502213,
                -0.41637150127443767,
                -0.030274827654641637,
                0,
                58.78801032267147,
                142.98023423061437,
                -22.739142999223922,
                1
            ],
            "min": [
                0.33341043753540966,
                -0.8587202276277826,
                0.3891492617438362,
                0,
                -0.2913365250934424,
                0.29785475828105185,
                0.908784098840939,
                0,
                -0.8966385420248233,
                -0.5981906532275353,
                -0.15057971463841305,
                0,
                36.995515868583055,
                140.38948866390672,
                -33.621004740305885,
                1
            ],
            "type": "MAT4"
        }
    ],
    "asset": {
        "generator": "ClayGL - fbx2gltf",
        "version": "2.0"
    },
    "bufferViews": [
        {
            "buffer": 0,
            "byteLength": 226688,
            "byteOffset": 0,
            "target": 34962
        },
        {
            "buffer": 0,
            "byteLength": 3776,
            "byteOffset": 226688,
            "target": 34962
        },
        {
            "buffer": 0,
            "byteLength": 37182,
            "byteOffset": 230464,
            "target": 34963
        }
    ],
    "buffers": [
        {
            "byteLength": 267646,
            "uri": "tidehunter.bin"
        }
    ],
    "images": [
        {
            "uri": "textures/tidehunter_color.png"
        },
        {
            "uri": "textures/anchor.png"
        },
        {
            "uri": "textures/belt.png"
        },
        {
            "uri": "textures/bracer.png"
        }
    ],
    "materials": [
        {
            "emissiveFactor": [
                0,
                0,
                0
            ],
            "name": "Material #35",
            "pbrMetallicRoughness": {
                "baseColorFactor": [
                    1,
                    1,
                    1,
                    1
                ],
                "baseColorTexture": {
                    "index": 0,
                    "texCoord": 0
                },
                "metallicFactor": 0,
                "roughnessFactor": 0.9230769230769231
            }
        },
        {
            "emissiveFactor": [
                0,
                0,
                0
            ],
            "name": "Material #46",
            "pbrMetallicRoughness": {
                "baseColorFactor": [
                    1,
                    1,
                    1,
                    1
                ],
                "baseColorTexture": {
                    "index": 1,
                    "texCoord": 0
                },
                "metallicFactor": 0,
                "roughnessFactor": 0.9230769230769231
            }
        },
        {
            "emissiveFactor": [
                0,
                0,
                0
            ],
            "name": "Material #57",
            "pbrMetallicRoughness": {
                "baseColorFactor": [
                    1,
                    1,
                    1,
                    1
                ],
                "baseColorTexture": {
                    "index": 2,
                    "texCoord": 0
                },
                "metallicFactor": 0,
                "roughnessFactor": 0.9230769230769231
            }
        },
        {
            "emissiveFactor": [
                0,
                0,
                0
            ],
            "name": "Material #68",
            "pbrMetallicRoughness": {
                "baseColorFactor": [
                    1,
                    1,
                    1,
                    1
                ],
                "baseColorTexture": {
                    "index": 3,
                    "texCoord": 0
                },
                "metallicFactor": 0,
                "roughnessFactor": 0.9230769230769231
            }
        }
    ],
    "meshes": [
        {
            "name": "tidehunter_model_LOD0",
            "primitives": [
                {
                    "attributes": {
                        "JOINTS_0": 3,
                        "NORMAL": 1,
                        "POSITION": 0,
                        "TEXCOORD_0": 2,
                        "WEIGHTS_0": 4
                    },
                    "indices": 5,
                    "material": 0
                }
            ]
        },
        {
            "name": "tidehunter_anchor_model_LOD0",
            "primitives": [
                {
                    "attributes": {
                        "JOINTS_0": 10,
                        "NORMAL": 8,
                        "POSITION": 7,
                        "TEXCOORD_0": 9,
                        "WEIGHTS_0": 11
                    },
                    "indices": 12,
                    "material": 1
                }
            ]
        },
        {
            "name": "tidehunter_belt_model_LOD0",
            "primitives": [
                {
                    "attributes": {
                        "JOINTS_0": 17,
                        "NORMAL": 15,
                        "POSITION": 14,
                        "TEXCOORD_0": 16,
                        "WEIGHTS_0": 18
                    },
                    "indices": 19,
                    "material": 2
                }
            ]
        },
        {
            "name": "tidehunter_bracer_model_LOD0",
            "primitives": [
                {
                    "attributes": {
                        "JOINTS_0": 24,
                        "NORMAL": 22,
                        "POSITION": 21,
                        "TEXCOORD_0": 23,
                        "WEIGHTS_0": 25
                    },
                    "indices": 26,
                    "material": 3
                }
            ]
        }
    ],
    "nodes": [
        {
            "children": [
                1,
                36,
                39,
                43,
                44,
                45
            ],
            "matrix": [
                1.6292068478213574e-7,
                1.469367938527879e-39,
                1.0000000000000002,
                0,
                1.0000000000000002,
                6.123233995736847e-17,
                -1.6292068478213574e-7,
                0,
                -6.123233995736685e-17,
                1,
                9.976014756666736e-24,
                0,
                0,
                90.66988372802734,
                -14.76042366027832,
                1
            ],
            "name": "root1"
        },
        {
            "children": [
                2
            ],
            "matrix": [
                0.2788074314594267,
                4.542351206282546e-8,
                0.9603470563888551,
                0,
                -2.4687696952757777e-7,
                1,
                2.4374127605143248e-8,
                0,
                -0.9603470563888519,
                -2.438832588876642e-7,
                0.27880743145943726,
                0,
                -0.44016265869140625,
                0.0000010131786893907697,
                24.81939697265625,
                1
            ],
            "name": "spine1"
        },
        {
            "children": [
                3
            ],
            "matrix": [
                0.9629170894622807,
                8.881784197001252e-15,
                -0.2697976231575012,
                0,
                3.048173057950934e-8,
                0.9999999999999998,
                1.0879038825351033e-7,
                0,
                0.2697976231575012,
                -1.1298002247862054e-7,
                0.9629170894622806,
                0,
                20.544921874999986,
                9.5367431640625e-7,
                0,
                1
            ],
            "name": "spine2"
        },
        {
            "children": [
                4,
                19,
                30
            ],
            "matrix": [
                0.9667371511459352,
                1.4210854662262445e-14,
                -0.25577184557914734,
                0,
                2.2511889426519183e-8,
                1,
                8.508791893291345e-8,
                0,
                0.25577184557914706,
                -8.801555985223553e-8,
                0.9667371511459351,
                0,
                17.95504760742189,
                0.0000021578143787337467,
                -0.000015258789048289145,
                1
            ],
            "name": "spine3"
        },
        {
            "children": [
                5
            ],
            "matrix": [
                -0.05233551561832425,
                0.9080827236175539,
                0.415507972240448,
                0,
                -0.023907159671134992,
                0.41481960425783376,
                -0.9095895501953424,
                0,
                -0.9983433520021698,
                -0.0575374502783223,
                -1.1920929243736111e-7,
                0,
                20.427787780761733,
                -19.039499282836918,
                11.840942382812514,
                1
            ],
            "name": "clavicle_R"
        },
        {
            "children": [
                6,
                18
            ],
            "matrix": [
                0.6240032911300659,
                0.12667712569236772,
                -0.771085262298584,
                0,
                -0.6125517765799685,
                -0.5333848195309416,
                -0.5833362435935343,
                0,
                -0.48518060116289474,
                0.836333502158503,
                -0.2552376207499476,
                0,
                -37.975162506103516,
                0.00000762939453125,
                0.00005340576171875,
                1
            ],
            "name": "bicep_R"
        },
        {
            "children": [
                7
            ],
            "matrix": [
                0.7343620061874391,
                1.3877787807814457e-16,
                -0.6787576079368594,
                0,
                1.1018303139320729e-7,
                0.9999997615815022,
                1.1920931847209104e-7,
                0,
                0.6787577727003864,
                -1.6233044308755495e-7,
                0.7343621844485341,
                0,
                -51.60010528564453,
                0.000030517578125,
                -0.000015258789048289145,
                1
            ],
            "name": "elbow_R"
        },
        {
            "children": [
                8,
                10,
                14,
                16
            ],
            "matrix": [
                0.9171487092971802,
                0.17299586534500114,
                -0.35904172062873835,
                0,
                -0.17968272877162622,
                0.9836112211582634,
                0.014942251229300596,
                0,
                0.35574226214202603,
                0.05080930813629875,
                0.9332017354637743,
                0,
                -54.17977905273437,
                -2.842170943040401e-14,
                -0.0000038146972585195726,
                1
            ],
            "name": "wrist_R"
        },
        {
            "children": [
                9
            ],
            "matrix": [
                0.5970205068588254,
                0.25952154397964483,
                -0.7590880393981931,
                0,
                0.7938435886402863,
                -0.3275471668260428,
                0.5123718659882308,
                0,
                -0.11566561305643153,
                -0.9084937954298269,
                -0.4015719384284231,
                0,
                -7.698043823242195,
                -1.4234161376953125,
                7.791110992431642,
                1
            ],
            "name": "thumb_0_R"
        },
        {
            "matrix": [
                0.9327176809310913,
                -2.980232248483983e-8,
                -0.36060756444931025,
                0,
                1.2412960528895844e-7,
                0.9999999999999949,
                2.384186123249865e-7,
                0,
                0.36060761482988535,
                -2.671393671688227e-7,
                0.9327178112413396,
                0,
                -9.325538635253906,
                -0.000007629394541908141,
                0.000030517578125,
                1
            ],
            "name": "thumb_1_R"
        },
        {
            "children": [
                11
            ],
            "matrix": [
                -0.5137398838996888,
                0.35535052418708785,
                0.7808952927589417,
                0,
                -0.8288240673597576,
                -0.44069416891564334,
                -0.34473133428325514,
                0,
                0.2216355502861008,
                -0.8243270802701056,
                0.5209252581231687,
                0,
                -41.03280639648437,
                -139.3065185546875,
                22.471288681030277,
                1
            ],
            "name": "hook_1"
        },
        {
            "children": [
                12
            ],
            "matrix": [
                -0.9993475079536442,
                -0.03367007523775101,
                0.013078629039227962,
                0,
                0.014851367820026506,
                -0.052950404231808884,
                0.9984864076443719,
                0,
                -0.03292659681118847,
                0.9980292307695952,
                0.0534159061118759,
                0,
                -20.558109283447262,
                0.16872408986091614,
                0.31471905112266535,
                1
            ],
            "name": "hook_R0C0"
        },
        {
            "children": [
                13
            ],
            "matrix": [
                1.0000000000000002,
                0.000003834371455013752,
                0.0000018998980522155762,
                0,
                -0.0000038346327396292235,
                1.0000003576276923,
                0.00013680383563025424,
                0,
                -0.0000018993734956646025,
                -0.00013680379398870173,
                0.9999999999989875,
                0,
                3.7626113891601527,
                -0.000012845732271671295,
                0.00004929304122924805,
                1
            ],
            "name": "hook_R1C0"
        },
        {
            "matrix": [
                0.9972225427627566,
                0.0000071953982114757176,
                0.07447455823421484,
                0,
                0.00000460523550558159,
                1.0000000000023765,
                -0.00015828013152257734,
                0,
                -0.07447457592086693,
                0.00015818352325257658,
                0.9972227643059941,
                0,
                35.91593170166015,
                -0.11917020380496957,
                1.1810607910156254,
                1
            ],
            "name": "hook_R2C0"
        },
        {
            "children": [
                15
            ],
            "matrix": [
                0.5652881860733031,
                0.7079175710678098,
                -0.4234409034252167,
                0,
                0.28960076715634103,
                0.31033655076669875,
                0.9054406092615015,
                0,
                0.772386450906557,
                -0.6344636446006909,
                -0.02958388368874154,
                0,
                -17.871110916137695,
                -8.571243286132812,
                -16.834945678710938,
                1
            ],
            "name": "mid_0_R"
        },
        {
            "matrix": [
                0.47103673219680775,
                -0.45744937658309937,
                -0.7542307972908023,
                0,
                0.5485070939065477,
                0.8215206437055287,
                -0.1557044841374379,
                0,
                0.6908432186625402,
                -0.34035847509706785,
                0.6378807470540859,
                0,
                -14.341598510742173,
                0.9743423461914151,
                1.690601348876946,
                1
            ],
            "name": "mid_1_R"
        },
        {
            "children": [
                17
            ],
            "matrix": [
                0.7089250683784479,
                0.6469439268112182,
                -0.28087121248245245,
                0,
                -0.09405854883312181,
                0.4814049816890387,
                0.8714369974551331,
                0,
                0.6989836560293408,
                -0.591365179145837,
                0.40213065615276344,
                0,
                -24.947753906249993,
                -4.6175994873046875,
                -3.3042373657226527,
                1
            ],
            "name": "index_0_R"
        },
        {
            "matrix": [
                0.7358236312866211,
                -0.02905082702636716,
                -0.6765496730804449,
                0,
                -0.13928743858981718,
                0.9712231842055199,
                -0.1931947213705655,
                0,
                0.6626931688789142,
                0.23639210343572117,
                0.7106025277597712,
                0,
                -9.527908325195312,
                0.6913032531738281,
                -0.292724609375,
                1
            ],
            "name": "index_1_R"
        },
        {
            "matrix": [
                -0.37478047609329235,
                -0.3176786303520203,
                -0.8709876537322998,
                0,
                0.8429700175623693,
                -0.5078338131812352,
                -0.17750051178573178,
                0,
                -0.3859289955804644,
                -0.8007404813227286,
                0.4581199175051833,
                0,
                -115.48072814941409,
                -31.929351806640625,
                2.0724868774414062,
                1
            ],
            "name": "chain_1"
        },
        {
            "children": [
                20
            ],
            "matrix": [
                0.05233462154865259,
                0.908082664012909,
                -0.415507972240448,
                0,
                0.02390737739509874,
                0.4148196218340541,
                0.9095895050826595,
                0,
                0.9983432343197677,
                -0.057536723429369864,
                -4.470348239360433e-7,
                0,
                20.427787780761733,
                19.039495468139645,
                11.840934753417983,
                1
            ],
            "name": "clavicle_L"
        },
        {
            "children": [
                21
            ],
            "matrix": [
                0.6240038871765136,
                0.12667706608772283,
                -0.7710850238800049,
                0,
                -0.6125511994858368,
                -0.533385215536148,
                -0.5833364542721071,
                0,
                -0.485180648358679,
                0.8363331784230054,
                -0.25523823073863533,
                0,
                37.975151062011726,
                -1.4210854715202004e-14,
                0.0000152587890625,
                1
            ],
            "name": "bicep_L"
        },
        {
            "children": [
                22
            ],
            "matrix": [
                0.7343615889549258,
                1.4901161203562108e-7,
                -0.6787588596343995,
                0,
                -1.009236627602661e-8,
                0.9999998807907126,
                2.0861627941792804e-7,
                0,
                0.6787587133330382,
                -1.463494853082281e-7,
                0.7343614306687826,
                0,
                51.60012435913087,
                -0.0000152587890625,
                -0.00005340576171875,
                1
            ],
            "name": "elbow_L"
        },
        {
            "children": [
                23,
                25,
                27,
                29
            ],
            "matrix": [
                0.9732996821403506,
                0.2015465497970581,
                -0.1098467484116554,
                0,
                -0.20790319449230027,
                0.9768835953193578,
                -0.049747443637369215,
                0,
                0.09728105870107256,
                0.0712566593710415,
                0.9927026419541972,
                0,
                54.179771423339844,
                0.00001525878903407829,
                7.105427357601002e-15,
                1
            ],
            "name": "wrist_L"
        },
        {
            "children": [
                24
            ],
            "matrix": [
                0.8956733345985409,
                0.34299677610397344,
                -0.2830585241317749,
                0,
                0.2870240327864601,
                0.04031613151531724,
                0.9570744301782232,
                0,
                0.33968537520510755,
                -0.9384709396185695,
                -0.06233825349808608,
                0,
                23.59076690673827,
                2.3370819091796875,
                1.9980239868163956,
                1
            ],
            "name": "index_0_L"
        },
        {
            "matrix": [
                0.609760046005249,
                -3.5762786876336605e-7,
                -0.7925857901573181,
                0,
                0.28276421901143944,
                0.934195527707482,
                0.2175385822454318,
                0,
                0.7404303168122834,
                -0.3567613795873914,
                0.5696354353531079,
                0,
                12.882698059082024,
                -0.9160995483398438,
                2.2613754272460938,
                1
            ],
            "name": "index_1_L"
        },
        {
            "children": [
                26
            ],
            "matrix": [
                0.653539717197418,
                0.6491748094558716,
                -0.3891764283180238,
                0,
                0.7567336269533534,
                -0.5498847989818179,
                0.353526346767178,
                0,
                0.015498191247918292,
                -0.5255462123698378,
                -0.8506236623346826,
                0,
                7.6980438232421875,
                1.423431396484375,
                -7.791145324707038,
                1
            ],
            "name": "thumb_0_L"
        },
        {
            "matrix": [
                0.9651104211807251,
                0.20417913794517514,
                -0.16392871737480172,
                0,
                -0.19934600790267945,
                0.9788681739294471,
                0.04559024426540205,
                0,
                0.16977318608861575,
                -0.011321084794495534,
                0.9854182011800706,
                0,
                9.325492858886705,
                0.00000762939453125,
                0.00000762939453125,
                1
            ],
            "name": "thumb_1_L"
        },
        {
            "children": [
                28
            ],
            "matrix": [
                0.9198815822601313,
                0.39219659566879256,
                1.0430812832917802e-7,
                0,
                -2.0205953776830654e-7,
                2.0796387850685605e-7,
                0.99999994039533,
                0,
                0.3921965773322198,
                -0.9198815392524982,
                2.7054920787028536e-7,
                0,
                16.739711761474616,
                7.395294189453125,
                16.89759826660156,
                1
            ],
            "name": "mid_0_L"
        },
        {
            "matrix": [
                0.9714808464050293,
                -4.917383194108504e-7,
                -0.2371175438165665,
                0,
                5.099246223327913e-7,
                0.9999998807906674,
                1.536682125991007e-8,
                0,
                0.23711756825095529,
                -1.358406766516218e-7,
                0.9714809465140601,
                0,
                14.435977935791023,
                -0.000003814697265625,
                -1.303733825683608,
                1
            ],
            "name": "mid_1_L"
        },
        {
            "matrix": [
                -0.24331425130367293,
                0.4186956286430358,
                0.8749240040779112,
                0,
                -0.4622208541913382,
                0.7429715914171233,
                -0.4840921915877648,
                0,
                -0.8527311108819426,
                -0.5221947395269256,
                0.012754276806571221,
                0,
                21.817687988281243,
                10.532150268554688,
                -5.316894531250007,
                1
            ],
            "name": "offhand_weapon"
        },
        {
            "children": [
                31,
                35
            ],
            "matrix": [
                0.733505129814148,
                1.5210055543243763e-14,
                -0.6796839237213133,
                0,
