{
    "animations": {},
    "asset": {},
    "attributes": {
        "attribute_1": {
            "bufferView": "bufferView_43",
            "byteOffset": 0,
            "byteStride": 12,
            "count": 1130,
            "max": [
                1,
                1,
                1
            ],
            "min": [
                0,
                0,
                0
            ],
            "type": "FLOAT_VEC3"
        },
        "attribute_10": {
            "bufferView": "bufferView_43",
            "byteOffset": 79640,
            "byteStride": 16,
            "count": 370,
            "max": [
                1,
                1,
                1
            ],
            "min": [
                0,
                0,
                0
            ],
            "type": "FLOAT_VEC4"
        },
        "attribute_11": {
            "bufferView": "bufferView_43",
            "byteOffset": 85560,
            "byteStride": 12,
            "count": 370,
            "max": [
                1,
                1,
                1
            ],
            "min": [
                0,
                0,
                0
            ],
            "type": "FLOAT_VEC3"
        },
        "attribute_13": {
            "bufferView": "bufferView_43",
            "byteOffset": 90000,
            "byteStride": 12,
            "count": 250,
            "max": [
                1,
                1,
                1
            ],
            "min": [
                0,
                0,
                0
            ],
            "type": "FLOAT_VEC3"
        },
        "attribute_14": {
            "bufferView": "bufferView_43",
            "byteOffset": 93000,
            "byteStride": 12,
            "count": 250,
            "max": [
                1,
                1,
                1
            ],
            "min": [
                0,
                0,
                0
            ],
            "type": "FLOAT_VEC3"
        },
        "attribute_15": {
            "bufferView": "bufferView_43",
            "byteOffset": 96000,
            "byteStride": 8,
            "count": 250,
            "max": [
                1,
                1,
                1
            ],
            "min": [
                0,
                0,
                0
            ],
            "type": "FLOAT_VEC2"
        },
        "attribute_16": {
            "bufferView": "bufferView_43",
            "byteOffset": 98000,
            "byteStride": 16,
            "count": 250,
            "max": [
                1,
                1,
                1
            ],
            "min": [
                0,
                0,
                0
            ],
            "type": "FLOAT_VEC4"
        },
        "attribute_17": {
            "bufferView": "bufferView_43",
            "byteOffset": 102000,
            "byteStride": 12,
            "count": 250,
            "max": [
                1,
                1,
                1
            ],
            "min": [
                0,
                0,
                0
            ],
            "type": "FLOAT_VEC3"
        },
        "attribute_19": {
            "bufferView": "bufferView_43",
            "byteOffset": 105000,
            "byteStride": 12,
            "count": 515,
            "max": [
                1,
                1,
                1
            ],
            "min": [
                0,
                0,
                0
            ],
            "type": "FLOAT_VEC3"
        },
        "attribute_2": {
            "bufferView": "bufferView_43",
            "byteOffset": 13560,
            "byteStride": 12,
            "count": 1130,
            "max": [
                1,
                1,
                1
            ],
            "min": [
                0,
                0,
                0
            ],
            "type": "FLOAT_VEC3"
        },
        "attribute_20": {
            "bufferView": "bufferView_43",
            "byteOffset": 111180,
            "byteStride": 12,
            "count": 515,
            "max": [
                1,
                1,
                1
            ],
            "min": [
                0,
                0,
                0
            ],
            "type": "FLOAT_VEC3"
        },
        "attribute_21": {
            "bufferView": "bufferView_43",
            "byteOffset": 117360,
            "byteStride": 8,
            "count": 515,
            "max": [
                1,
                1,
                1
            ],
            "min": [
                0,
                0,
                0
            ],
            "type": "FLOAT_VEC2"
        },
        "attribute_22": {
            "bufferView": "bufferView_43",
            "byteOffset": 121480,
            "byteStride": 16,
            "count": 515,
            "max": [
                1,
                1,
                1
            ],
            "min": [
                0,
                0,
                0
            ],
            "type": "FLOAT_VEC4"
        },
        "attribute_23": {
            "bufferView": "bufferView_43",
            "byteOffset": 129720,
            "byteStride": 12,
            "count": 515,
            "max": [
                1,
                1,
                1
            ],
            "min": [
                0,
                0,
                0
            ],
            "type": "FLOAT_VEC3"
        },
        "attribute_25": {
            "bufferView": "bufferView_43",
            "byteOffset": 135900,
            "byteStride": 12,
            "count": 696,
            "max": [
                1,
                1,
                1
            ],
            "min": [
                0,
                0,
                0
            ],
            "type": "FLOAT_VEC3"
        },
        "attribute_26": {
            "bufferView": "bufferView_43",
            "byteOffset": 144252,
            "byteStride": 12,
            "count": 696,
            "max": [
                1,
                1,
                1
            ],
            "min": [
                0,
                0,
                0
            ],
            "type": "FLOAT_VEC3"
        },
        "attribute_27": {
            "bufferView": "bufferView_43",
            "byteOffset": 152604,
            "byteStride": 8,
            "count": 696,
            "max": [
                1,
                1,
                1
            ],
            "min": [
                0,
                0,
                0
            ],
            "type": "FLOAT_VEC2"
        },
        "attribute_28": {
            "bufferView": "bufferView_43",
            "byteOffset": 158172,
            "byteStride": 16,
            "count": 696,
            "max": [
                1,
                1,
                1
            ],
            "min": [
                0,
                0,
                0
            ],
            "type": "FLOAT_VEC4"
        },
        "attribute_29": {
            "bufferView": "bufferView_43",
            "byteOffset": 169308,
            "byteStride": 12,
            "count": 696,
            "max": [
                1,
                1,
                1
            ],
            "min": [
                0,
                0,
                0
            ],
            "type": "FLOAT_VEC3"
        },
        "attribute_3": {
            "bufferView": "bufferView_43",
            "byteOffset": 27120,
            "byteStride": 8,
            "count": 1130,
            "max": [
                1,
                1,
                1
            ],
            "min": [
                0,
                0,
                0
            ],
            "type": "FLOAT_VEC2"
        },
        "attribute_31": {
            "bufferView": "bufferView_43",
            "byteOffset": 177660,
            "byteStride": 12,
            "count": 616,
            "max": [
                1,
                1,
                1
            ],
            "min": [
                0,
                0,
                0
            ],
            "type": "FLOAT_VEC3"
        },
        "attribute_32": {
            "bufferView": "bufferView_43",
            "byteOffset": 185052,
            "byteStride": 12,
            "count": 616,
            "max": [
                1,
                1,
                1
            ],
            "min": [
                0,
                0,
                0
            ],
            "type": "FLOAT_VEC3"
        },
        "attribute_33": {
            "bufferView": "bufferView_43",
            "byteOffset": 192444,
            "byteStride": 8,
            "count": 616,
            "max": [
                1,
                1,
                1
            ],
            "min": [
                0,
                0,
                0
            ],
            "type": "FLOAT_VEC2"
        },
        "attribute_34": {
            "bufferView": "bufferView_43",
            "byteOffset": 197372,
            "byteStride": 16,
            "count": 616,
            "max": [
                1,
                1,
                1
            ],
            "min": [
                0,
                0,
                0
            ],
            "type": "FLOAT_VEC4"
        },
        "attribute_35": {
            "bufferView": "bufferView_43",
            "byteOffset": 207228,
            "byteStride": 12,
            "count": 616,
            "max": [
                1,
                1,
                1
            ],
            "min": [
                0,
                0,
                0
            ],
            "type": "FLOAT_VEC3"
        },
        "attribute_37": {
            "bufferView": "bufferView_43",
            "byteOffset": 214620,
            "byteStride": 12,
            "count": 790,
            "max": [
                1,
                1,
                1
            ],
            "min": [
                0,
                0,
                0
            ],
            "type": "FLOAT_VEC3"
        },
        "attribute_38": {
            "bufferView": "bufferView_43",
            "byteOffset": 224100,
            "byteStride": 12,
            "count": 790,
            "max": [
                1,
                1,
                1
            ],
            "min": [
                0,
                0,
                0
            ],
            "type": "FLOAT_VEC3"
        },
        "attribute_39": {
            "bufferView": "bufferView_43",
            "byteOffset": 233580,
            "byteStride": 8,
            "count": 790,
            "max": [
                1,
                1,
                1
            ],
            "min": [
                0,
                0,
                0
            ],
            "type": "FLOAT_VEC2"
        },
        "attribute_4": {
            "bufferView": "bufferView_43",
            "byteOffset": 36160,
            "byteStride": 16,
            "count": 1130,
            "max": [
                1,
                1,
                1
            ],
            "min": [
                0,
                0,
                0
            ],
            "type": "FLOAT_VEC4"
        },
        "attribute_40": {
            "bufferView": "bufferView_43",
            "byteOffset": 239900,
            "byteStride": 16,
            "count": 790,
            "max": [
                1,
                1,
                1
            ],
            "min": [
                0,
                0,
                0
            ],
            "type": "FLOAT_VEC4"
        },
        "attribute_41": {
            "bufferView": "bufferView_43",
            "byteOffset": 252540,
            "byteStride": 12,
            "count": 790,
            "max": [
                1,
                1,
                1
            ],
            "min": [
                0,
                0,
                0
            ],
            "type": "FLOAT_VEC3"
        },
        "attribute_5": {
            "bufferView": "bufferView_43",
            "byteOffset": 54240,
            "byteStride": 12,
            "count": 1130,
            "max": [
                1,
                1,
                1
            ],
            "min": [
                0,
                0,
                0
            ],
            "type": "FLOAT_VEC3"
        },
        "attribute_7": {
            "bufferView": "bufferView_43",
            "byteOffset": 67800,
            "byteStride": 12,
            "count": 370,
            "max": [
                1,
                1,
                1
            ],
            "min": [
                0,
                0,
                0
            ],
            "type": "FLOAT_VEC3"
        },
        "attribute_8": {
            "bufferView": "bufferView_43",
            "byteOffset": 72240,
            "byteStride": 12,
            "count": 370,
            "max": [
                1,
                1,
                1
            ],
            "min": [
                0,
                0,
                0
            ],
            "type": "FLOAT_VEC3"
        },
        "attribute_9": {
            "bufferView": "bufferView_43",
            "byteOffset": 76680,
            "byteStride": 8,
            "count": 370,
            "max": [
                1,
                1,
                1
            ],
            "min": [
                0,
                0,
                0
            ],
            "type": "FLOAT_VEC2"
        }
    },
    "bufferViews": {
        "bufferView_43": {
            "buffer": "phantom_assassin.bin",
            "byteLength": 262020,
            "byteOffset": 0,
            "target": "ARRAY_BUFFER"
        },
        "bufferView_44": {
            "buffer": "phantom_assassin.bin",
            "byteLength": 41826,
            "byteOffset": 262020,
            "target": "ELEMENT_ARRAY_BUFFER"
        }
    },
    "buffers": {
        "phantom_assassin.bin": {
            "byteLength": 303846,
            "path": "phantom_assassin.bin"
        }
    },
    "cameras": {},
    "images": {
        "image_0": {
            "path": "textures/phantom_assassin_body_color.png"
        },
        "image_1": {
            "path": "textures/phantom_assassin_cape_color.png"
        },
        "image_2": {
            "path": "textures/phantom_assassin_dagger_color.png"
        },
        "image_3": {
            "path": "textures/phantom_assassin_head_color.png"
        },
        "image_4": {
            "path": "textures/phantom_assassin_helmet_color.png"
        },
        "image_5": {
            "path": "textures/phantom_assassin_shoulders_color.png"
        },
        "image_6": {
            "path": "textures/phantom_assassin_weapon_color.png"
        }
    },
    "indices": {
        "indices_12": {
            "bufferView": "bufferView_44",
            "byteOffset": 12996,
            "count": 1488,
            "type": "UNSIGNED_SHORT"
        },
        "indices_18": {
            "bufferView": "bufferView_44",
            "byteOffset": 15972,
            "count": 1302,
            "type": "UNSIGNED_SHORT"
        },
        "indices_24": {
            "bufferView": "bufferView_44",
            "byteOffset": 18576,
            "count": 2928,
            "type": "UNSIGNED_SHORT"
        },
        "indices_30": {
            "bufferView": "bufferView_44",
            "byteOffset": 24432,
            "count": 3729,
            "type": "UNSIGNED_SHORT"
        },
        "indices_36": {
            "bufferView": "bufferView_44",
            "byteOffset": 31890,
            "count": 2988,
            "type": "UNSIGNED_SHORT"
        },
        "indices_42": {
            "bufferView": "bufferView_44",
            "byteOffset": 37866,
            "count": 1980,
            "type": "UNSIGNED_SHORT"
        },
        "indices_6": {
            "bufferView": "bufferView_44",
            "byteOffset": 0,
            "count": 6498,
            "type": "UNSIGNED_SHORT"
        }
    },
    "lights": {},
    "materials": {
        "Material #101": {
            "instanceTechnique": {
                "technique": "technique_0",
                "values": [
                    {
                        "parameter": "ambient",
                        "value": [
                            0.5879999995231628,
                            0.5879999995231628,
                            0.5879999995231628
                        ]
                    },
                    {
                        "parameter": "emission",
                        "value": [
                            0,
                            0,
                            0
                        ]
                    },
                    {
                        "parameter": "diffuse",
                        "value": "Map #14"
                    },
                    {
                        "parameter": "shininess",
                        "value": 2
                    },
                    {
                        "parameter": "specular",
                        "value": [
                            0.8999999761581421,
                            0.8999999761581421,
                            0.8999999761581421
                        ]
                    }
                ]
            },
            "name": "Material #101"
        },
        "Material #35": {
            "instanceTechnique": {
                "technique": "technique_0",
                "values": [
                    {
                        "parameter": "ambient",
                        "value": [
                            0.5879999995231628,
                            0.5879999995231628,
                            0.5879999995231628
                        ]
                    },
                    {
                        "parameter": "emission",
                        "value": [
                            0,
                            0,
                            0
                        ]
                    },
                    {
                        "parameter": "diffuse",
                        "value": "Map #8"
                    },
                    {
                        "parameter": "shininess",
                        "value": 2
                    },
                    {
                        "parameter": "specular",
                        "value": [
                            0.8999999761581421,
                            0.8999999761581421,
                            0.8999999761581421
                        ]
                    }
                ]
            },
            "name": "Material #35"
        },
        "Material #46": {
            "instanceTechnique": {
                "technique": "technique_0",
                "values": [
                    {
                        "parameter": "ambient",
                        "value": [
                            0.5879999995231628,
                            0.5879999995231628,
                            0.5879999995231628
                        ]
                    },
                    {
                        "parameter": "emission",
                        "value": [
                            0,
                            0,
                            0
                        ]
                    },
                    {
                        "parameter": "diffuse",
                        "value": "Map #10"
                    },
                    {
                        "parameter": "shininess",
                        "value": 2
                    },
                    {
                        "parameter": "specular",
                        "value": [
                            0.8999999761581421,
                            0.8999999761581421,
                            0.8999999761581421
                        ]
                    }
                ]
            },
            "name": "Material #46"
        },
        "Material #57": {
            "instanceTechnique": {
                "technique": "technique_0",
                "values": [
                    {
                        "parameter": "ambient",
                        "value": [
                            0.5879999995231628,
                            0.5879999995231628,
                            0.5879999995231628
                        ]
                    },
                    {
                        "parameter": "emission",
                        "value": [
                            0,
                            0,
                            0
                        ]
                    },
                    {
                        "parameter": "diffuse",
                        "value": "Map #9"
                    },
                    {
                        "parameter": "shininess",
                        "value": 2
                    },
                    {
                        "parameter": "specular",
                        "value": [
                            0.8999999761581421,
                            0.8999999761581421,
                            0.8999999761581421
                        ]
                    }
                ]
            },
            "name": "Material #57"
        },
        "Material #68": {
            "instanceTechnique": {
                "technique": "technique_0",
                "values": [
                    {
                        "parameter": "ambient",
                        "value": [
                            0.5879999995231628,
                            0.5879999995231628,
                            0.5879999995231628
                        ]
                    },
                    {
                        "parameter": "emission",
                        "value": [
                            0,
                            0,
                            0
                        ]
                    },
                    {
                        "parameter": "diffuse",
                        "value": "Map #11"
                    },
                    {
                        "parameter": "shininess",
                        "value": 2
                    },
                    {
                        "parameter": "specular",
                        "value": [
                            0.8999999761581421,
                            0.8999999761581421,
                            0.8999999761581421
                        ]
                    }
                ]
            },
            "name": "Material #68"
        },
        "Material #79": {
            "instanceTechnique": {
                "technique": "technique_0",
                "values": [
                    {
                        "parameter": "ambient",
                        "value": [
                            0.5879999995231628,
                            0.5879999995231628,
                            0.5879999995231628
                        ]
                    },
                    {
                        "parameter": "emission",
                        "value": [
                            0,
                            0,
                            0
                        ]
                    },
                    {
                        "parameter": "diffuse",
                        "value": "Map #12"
                    },
                    {
                        "parameter": "shininess",
                        "value": 2
                    },
                    {
                        "parameter": "specular",
                        "value": [
                            0.8999999761581421,
                            0.8999999761581421,
                            0.8999999761581421
                        ]
                    }
                ]
            },
            "name": "Material #79"
        },
        "Material #90": {
            "instanceTechnique": {
                "technique": "technique_0",
                "values": [
                    {
                        "parameter": "ambient",
                        "value": [
                            0.5879999995231628,
                            0.5879999995231628,
                            0.5879999995231628
                        ]
                    },
                    {
                        "parameter": "emission",
                        "value": [
                            0,
                            0,
                            0
                        ]
                    },
                    {
                        "parameter": "diffuse",
                        "value": "Map #13"
                    },
                    {
                        "parameter": "shininess",
                        "value": 2
                    },
                    {
                        "parameter": "specular",
                        "value": [
                            0.8999999761581421,
                            0.8999999761581421,
                            0.8999999761581421
                        ]
                    }
                ]
            },
            "name": "Material #90"
        }
    },
    "meshes": {
        "phantom_assassin_cape_model_LOD0-mesh": {
            "name": "phantom_assassin_cape_model_LOD0-mesh",
            "primitives": [
                {
                    "indices": "indices_12",
                    "material": "Material #46",
                    "semantics": {
                        "JOINT": "attribute_10",
                        "NORMAL": "attribute_8",
                        "POSITION": "attribute_7",
                        "TEXCOORD_0": "attribute_9",
                        "WEIGHT": "attribute_11"
                    },
                    "skin": "skin_1"
                }
            ]
        },
        "phantom_assassin_daggers_model_LOD0-mesh": {
            "name": "phantom_assassin_daggers_model_LOD0-mesh",
            "primitives": [
                {
                    "indices": "indices_18",
                    "material": "Material #57",
                    "semantics": {
                        "JOINT": "attribute_16",
                        "NORMAL": "attribute_14",
                        "POSITION": "attribute_13",
                        "TEXCOORD_0": "attribute_15",
                        "WEIGHT": "attribute_17"
                    },
                    "skin": "skin_2"
                }
            ]
        },
        "phantom_assassin_head_model_LOD0-mesh": {
            "name": "phantom_assassin_head_model_LOD0-mesh",
            "primitives": [
                {
                    "indices": "indices_24",
                    "material": "Material #68",
                    "semantics": {
                        "JOINT": "attribute_22",
                        "NORMAL": "attribute_20",
                        "POSITION": "attribute_19",
                        "TEXCOORD_0": "attribute_21",
                        "WEIGHT": "attribute_23"
                    },
                    "skin": "skin_3"
                }
            ]
        },
        "phantom_assassin_helmet_model_LOD0-mesh": {
            "name": "phantom_assassin_helmet_model_LOD0-mesh",
            "primitives": [
                {
                    "indices": "indices_30",
                    "material": "Material #79",
                    "semantics": {
                        "JOINT": "attribute_28",
                        "NORMAL": "attribute_26",
                        "POSITION": "attribute_25",
                        "TEXCOORD_0": "attribute_27",
                        "WEIGHT": "attribute_29"
                    },
                    "skin": "skin_4"
                }
            ]
        },
        "phantom_assassin_model_LOD0-mesh": {
            "name": "phantom_assassin_model_LOD0-mesh",
            "primitives": [
                {
                    "indices": "indices_6",
                    "material": "Material #35",
                    "semantics": {
                        "JOINT": "attribute_4",
                        "NORMAL": "attribute_2",
                        "POSITION": "attribute_1",
                        "TEXCOORD_0": "attribute_3",
                        "WEIGHT": "attribute_5"
                    },
                    "skin": "skin_0"
                }
            ]
        },
        "phantom_assassin_shoulders_model_LOD0-mesh": {
            "name": "phantom_assassin_shoulders_model_LOD0-mesh",
            "primitives": [
                {
                    "indices": "indices_36",
                    "material": "Material #90",
                    "semantics": {
                        "JOINT": "attribute_34",
                        "NORMAL": "attribute_32",
                        "POSITION": "attribute_31",
                        "TEXCOORD_0": "attribute_33",
                        "WEIGHT": "attribute_35"
                    },
                    "skin": "skin_5"
                }
            ]
        },
        "phantom_assassin_weapon_model_LOD0-mesh": {
            "name": "phantom_assassin_weapon_model_LOD0-mesh",
            "primitives": [
                {
                    "indices": "indices_42",
                    "material": "Material #101",
                    "semantics": {
                        "JOINT": "attribute_40",
                        "NORMAL": "attribute_38",
                        "POSITION": "attribute_37",
                        "TEXCOORD_0": "attribute_39",
                        "WEIGHT": "attribute_41"
                    },
                    "skin": "skin_6"
                }
            ]
        }
    },
    "nodes": {
        "Index1_0_R": {
            "children": [
                "Index1_1_R"
            ],
            "matrix": [
                0.9222831130027771,
                0.3823662996292117,
                0.056476775556802764,
                0,
                -0.05217052620475125,
                -0.021630134425646343,
                0.9984038433500096,
                0,
                0.3829776511725546,
                -0.9237575913335887,
                -8.566582857822923e-7,
                0,
                -11.112205505371094,
                1.7626686096191406,
                -0.5192337036132817,
                1
            ],
            "name": "Index1_0_R"
        },
        "Index1_1_R": {
            "children": [],
            "matrix": [
                0.8643929958343508,
                -1.1175870902324636e-8,
                -0.5028164386749269,
                0,
                -2.2652400179234977e-7,
                1.0000003576278749,
                -4.116445277459191e-7,
                0,
                0.5028166200172004,
                4.697226398259202e-7,
                0.8643933075802961,
                0,
                -4.936073303222656,
                0,
                -0.0000019073486399179274,
                1
            ],
            "name": "Index1_1_R"
        },
        "Index_0_L": {
            "children": [
                "Index_1_L"
            ],
            "matrix": [
                0.9222834706306459,
                0.3823671340942383,
                0.05647619068622588,
                0,
                -0.052169765407799086,
                -0.0216303809157434,
                0.9984040774931935,
                0,
                0.382978373685624,
                -0.9237576050277138,
                -0.0000013390962186762648,
                0,
                11.112190246582031,
                -1.7626533508300781,
                0.5192334651947026,
                1
            ],
            "name": "Index_0_L"
        },
        "Index_1_L": {
            "children": [],
            "matrix": [
                0.8643931746482851,
                -8.940696717002483e-8,
                -0.5028156638145449,
                0,
                -7.100975742135862e-8,
                1.0000000000000335,
                -2.9988587801552113e-7,
                0,
                0.5028156788841055,
                2.949241332886321e-7,
                0.8643932005543975,
                0,
                4.936073303222656,
                -0.00000476837158203125,
                0.0000152587890625,
                1
            ],
            "name": "Index_1_L"
        },
        "Thumb1_0_R": {
            "children": [
                "Thumb1_1_R"
            ],
            "matrix": [
                0.7850236296653749,
                0.46076637506485013,
                -0.4140435457229616,
                0,
                0.3928924175208562,
                0.1464110219235659,
                0.9078540443255665,
                0,
                0.4789292079466001,
                -0.8753615421376434,
                -0.06609551036268696,
                0,
                -4.443893432617202,
                -2.6936912536621094,
                3.61773681640625,
                1
            ],
            "name": "Thumb1_0_R"
        },
        "Thumb1_1_R": {
            "children": [],
            "matrix": [
                0.8938906192779539,
                0.4482851028442384,
                2.9802322443206464e-8,
                0,
                -0.4482851924653574,
                0.8938907979844914,
                -2.875458450242018e-8,
                0,
                -3.9530264339671106e-8,
                1.2343510658041623e-8,
                0.9999999403953563,
                0,
                -5.381660461425781,
                -0.0000038146972585195726,
                -0.000007629394534802714,
                1
            ],
            "name": "Thumb1_1_R"
        },
        "Thumb_0_L": {
            "children": [
                "Thumb_1_L"
            ],
            "matrix": [
                0.7850234508514404,
                0.4607665836811067,
                -0.41404479742050165,
                0,
                0.39289397305587487,
                0.1464109818128759,
                0.9078541085220229,
                0,
                0.47892916733871727,
                -0.8753617869894754,
                -0.06609630790913827,
                0,
                4.443878173828139,
                2.693706512451179,
                -3.617729187011718,
                1
            ],
            "name": "Thumb_0_L"
        },
        "Thumb_1_L": {
            "children": [],
            "matrix": [
                0.8938902616500853,
                0.44828516244888317,
                -2.682209014892578e-7,
                0,
                -0.4482850608496939,
                0.8938900590588654,
                -4.1857128963958615e-7,
                0,
                5.212074893901075e-8,
                4.943966969150893e-7,
                1.000000119209324,
                0,
                5.381645202636733,
                -0.00000762939453125,
                0.000009536743160509786,
                1
            ],
            "name": "Thumb_1_L"
        },
        "ankle_L": {
            "children": [
                "toeBase_L"
            ],
            "matrix": [
                0.41551691293716425,
                -0.2848062515258789,
                0.8638464212417603,
                0,
                0.11906813964388648,
                0.958573342914573,
                0.2587645781675033,
                0,
                -0.9017585054847268,
                -0.004664475404090235,
                0.43221506679620597,
                0,
                48.52368545532227,
                -0.00000762939453125,
                0,
                1
            ],
            "name": "ankle_L"
        },
        "ankle_R": {
            "children": [
                "toeBase_R"
            ],
            "matrix": [
                0.41551724076271057,
                -0.284807026386261,
                0.8638458251953122,
                0,
                0.11906794089646255,
                0.9585734615153625,
                0.25876570605853183,
                0,
                -0.901758021030632,
                -0.004665268770001535,
                0.4322152084536578,
                0,
                -48.52367401123047,
                -0.00000762939453125,
                0.000015735626221591303,
                1
            ],
            "name": "ankle_R"
        },
        "bicep_L": {
            "children": [
                "elbow_L"
            ],
            "matrix": [
                0.5258210301399231,
                0.07050369679927827,
                -0.8476681709289553,
                0,
                -0.850485588920598,
                0.05958506282587212,
                -0.5226128059009966,
                0,
                0.01366222761692625,
                0.9957304555151009,
                0.09129346527683659,
                0,
                13.032924652099613,
                0.000005722045901990214,
                -0.00001525878903407829,
                1
            ],
            "name": "bicep_L"
        },
        "bicep_R": {
            "children": [
                "elbow_R"
            ],
            "matrix": [
                0.5180469751358034,
                0.07087730616331095,
                -0.8524103760719305,
                0,
                -0.8551701567674356,
                0.022370654280257106,
                -0.5178641105490664,
                0,
                -0.017635841926082266,
                0.9972342263854551,
                0.07220123398765503,
                0,
                -13.032905578613285,
                -0.00000762939453125,
                -2.842170943040401e-14,
                1
            ],
            "name": "bicep_R"
        },
        "cape_L_R0C0": {
            "children": [
                "cape_L_R1C0"
            ],
            "matrix": [
                -0.7423706650733949,
                0.19617407023906713,
                0.6406258344650272,
                0,
                0.6347111612325851,
                -0.10025821235712039,
                0.7662179420170214,
                0,
                0.21454009210013864,
                0.975430084928388,
                -0.050085115851669706,
                0,
                -5.0980377197265625,
                17.359914779663086,
                3.7268066406250036,
                1
            ],
            "name": "cape_L_R0C0"
        },
        "cape_L_R1C0": {
            "children": [
                "cape_L_R2C0"
            ],
            "matrix": [
                0.9746372699737549,
                -0.14923885464668274,
                -0.16676433384418493,
                0,
                0.16023873094318797,
                0.9855726380545516,
                0.05450150752647782,
                0,
                0.15622458580281381,
                -0.07984128728873414,
                0.9844894426377815,
                0,
                12.06582641601564,
                -0.00002288818359375,
                -0.000019073486321019573,
                1
            ],
            "name": "cape_L_R1C0"
        },
        "cape_L_R2C0": {
            "children": [
                "cape_L_R3C0"
            ],
            "matrix": [
                0.9995231628417967,
                -0.021930009126663208,
                0.021737314760684967,
                0,
                0.022077706797520358,
                0.9997344593914105,
                -0.006578250783609702,
                0,
                -0.021587284052775775,
                0.007055024918415181,
                0.9997420304070542,
                0,
