{
    "accessors": {
        "attrbute_1": {
            "bufferView": "bufferView_43",
            "byteOffset": 0,
            "byteStride": 12,
            "count": 1437,
            "max": [
                40.167301177978516,
                19.502321243286133,
                155.50502014160156,
                0
            ],
            "min": [
                -40.19755554199219,
                -14.446362495422363,
                -0.11080042272806168,
                0
            ],
            "type": 35665
        },
        "attrbute_10": {
            "bufferView": "bufferView_43",
            "byteOffset": 98060,
            "byteStride": 16,
            "count": 370,
            "max": [
                17,
                18,
                17,
                -1
            ],
            "min": [
                0,
                -1,
                -1,
                -1
            ],
            "type": 35666
        },
        "attrbute_11": {
            "bufferView": "bufferView_43",
            "byteOffset": 103980,
            "byteStride": 12,
            "count": 370,
            "max": [
                1,
                0.8999999761581421,
                0.6846334338188171
            ],
            "min": [
                0.053799714893102646,
                0,
                0
            ],
            "type": 35665
        },
        "attrbute_13": {
            "bufferView": "bufferView_43",
            "byteOffset": 108420,
            "byteStride": 12,
            "count": 398,
            "max": [
                19.399700164794922,
                1.0303775072097778,
                121.20899963378906,
                0
            ],
            "min": [
                -19.399696350097656,
                -10.21320915222168,
                82.37510681152344,
                0
            ],
            "type": 35665
        },
        "attrbute_14": {
            "bufferView": "bufferView_43",
            "byteOffset": 113196,
            "byteStride": 12,
            "count": 398,
            "max": [
                0.9969661831855774,
                0.9925801157951355,
                0.9522881507873535,
                0
            ],
            "min": [
                -0.9969660639762878,
                -0.9970357418060303,
                -0.9601616859436035,
                0
            ],
            "type": 35665
        },
        "attrbute_15": {
            "bufferView": "bufferView_43",
            "byteOffset": 117972,
            "byteStride": 8,
            "count": 398,
            "max": [
                0.986037015914917,
                0.9878050088882446
            ],
            "min": [
                0.014390300028026104,
                0.012195110321044922
            ],
            "type": 35664
        },
        "attrbute_16": {
            "bufferView": "bufferView_43",
            "byteOffset": 121156,
            "byteStride": 16,
            "count": 398,
            "max": [
                1,
                -1,
                -1,
                -1
            ],
            "min": [
                0,
                -1,
                -1,
                -1
            ],
            "type": 35666
        },
        "attrbute_17": {
            "bufferView": "bufferView_43",
            "byteOffset": 127524,
            "byteStride": 12,
            "count": 398,
            "max": [
                1,
                0,
                0
            ],
            "min": [
                1,
                0,
                0
            ],
            "type": 35665
        },
        "attrbute_19": {
            "bufferView": "bufferView_43",
            "byteOffset": 132300,
            "byteStride": 12,
            "count": 626,
            "max": [
                7.696970462799072,
                12.510486602783203,
                174.12098693847656,
                0
            ],
            "min": [
                -7.696969509124756,
                -9.549562454223633,
                144.218994140625,
                0
            ],
            "type": 35665
        },
        "attrbute_2": {
            "bufferView": "bufferView_43",
            "byteOffset": 17244,
            "byteStride": 12,
            "count": 1437,
            "max": [
                0.9980658292770386,
                0.9996813535690308,
                0.9937982559204102,
                0
            ],
            "min": [
                -0.9980659484863281,
                -0.9997366070747375,
                -0.9991364479064941,
                0
            ],
            "type": 35665
        },
        "attrbute_20": {
            "bufferView": "bufferView_43",
            "byteOffset": 139812,
            "byteStride": 12,
            "count": 626,
            "max": [
                0.9907976984977722,
                0.9999263286590576,
                0.9993079900741577,
                0
            ],
            "min": [
                -0.9907978177070618,
                -0.9999673366546631,
                -0.9925262928009033,
                0
            ],
            "type": 35665
        },
        "attrbute_21": {
            "bufferView": "bufferView_43",
            "byteOffset": 147324,
            "byteStride": 8,
            "count": 626,
            "max": [
                1.988029956817627,
                0.9884989857673645
            ],
            "min": [
                0.01627819985151291,
                0.014331579208374023
            ],
            "type": 35664
        },
        "attrbute_22": {
            "bufferView": "bufferView_43",
            "byteOffset": 152332,
            "byteStride": 16,
            "count": 626,
            "max": [
                1,
                2,
                2,
                -1
            ],
            "min": [
                0,
                -1,
                -1,
                -1
            ],
            "type": 35666
        },
        "attrbute_23": {
            "bufferView": "bufferView_43",
            "byteOffset": 162348,
            "byteStride": 12,
            "count": 626,
            "max": [
                1,
                0.9911302328109741,
                0.9969931840896606
            ],
            "min": [
                0.00010572645987849683,
                0,
                0
            ],
            "type": 35665
        },
        "attrbute_25": {
            "bufferView": "bufferView_43",
            "byteOffset": 169860,
            "byteStride": 12,
            "count": 1172,
            "max": [
                10.28029727935791,
                42.60061264038086,
                190.27499389648438,
                0
            ],
            "min": [
                -10.280303001403809,
                -9.863523483276367,
                141.45501708984375,
                0
            ],
            "type": 35665
        },
        "attrbute_26": {
            "bufferView": "bufferView_43",
            "byteOffset": 183924,
            "byteStride": 12,
            "count": 1172,
            "max": [
                0.9987732768058777,
                0.9962846040725708,
                0.9999648332595825,
                0
            ],
            "min": [
                -0.9987732768058777,
                -0.9993340969085693,
                -0.999410092830658,
                0
            ],
            "type": 35665
        },
        "attrbute_27": {
            "bufferView": "bufferView_43",
            "byteOffset": 197988,
            "byteStride": 8,
            "count": 1172,
            "max": [
                1.9961600303649902,
                0.9926310181617737
            ],
            "min": [
                0.006693189963698387,
                0.014941990375518799
            ],
            "type": 35664
        },
        "attrbute_28": {
            "bufferView": "bufferView_43",
            "byteOffset": 207364,
            "byteStride": 16,
            "count": 1172,
            "max": [
                3,
                3,
                3,
                -1
            ],
            "min": [
                0,
                -1,
                -1,
                -1
            ],
            "type": 35666
        },
        "attrbute_29": {
            "bufferView": "bufferView_43",
            "byteOffset": 226116,
            "byteStride": 12,
            "count": 1172,
            "max": [
                1,
                0.9997899532318115,
                0.4454383850097656
            ],
            "min": [
                0.00015183966024778783,
                0,
                0
            ],
            "type": 35665
        },
        "attrbute_3": {
            "bufferView": "bufferView_43",
            "byteOffset": 34488,
            "byteStride": 8,
            "count": 1437,
            "max": [
                1.9968299865722656,
                0.9940590262413025
            ],
            "min": [
                0.001912359963171184,
                0.005238592624664307
            ],
            "type": 35664
        },
        "attrbute_31": {
            "bufferView": "bufferView_43",
            "byteOffset": 240180,
            "byteStride": 12,
            "count": 689,
            "max": [
                34.487892150878906,
                31.27479362487793,
                169.96701049804688,
                0
            ],
            "min": [
                -34.48789978027344,
                -9.653796195983887,
                115.26300048828125,
                0
            ],
            "type": 35665
        },
        "attrbute_32": {
            "bufferView": "bufferView_43",
            "byteOffset": 248448,
            "byteStride": 12,
            "count": 689,
            "max": [
                0.9988198280334473,
                0.9622271656990051,
                0.9966676235198975,
                0
            ],
            "min": [
                -0.9988949298858643,
                -0.9996171593666077,
                -0.9916526079177856,
                0
            ],
            "type": 35665
        },
        "attrbute_33": {
            "bufferView": "bufferView_43",
            "byteOffset": 256716,
            "byteStride": 8,
            "count": 689,
            "max": [
                1.9466500282287598,
                0.9917600154876709
            ],
            "min": [
                0.0116756996139884,
                0.010054409503936768
            ],
            "type": 35664
        },
        "attrbute_34": {
            "bufferView": "bufferView_43",
            "byteOffset": 262228,
            "byteStride": 16,
            "count": 689,
            "max": [
                5,
                5,
                5,
                -1
            ],
            "min": [
                0,
                -1,
                -1,
                -1
            ],
            "type": 35666
        },
        "attrbute_35": {
            "bufferView": "bufferView_43",
            "byteOffset": 273252,
            "byteStride": 12,
            "count": 689,
            "max": [
                1,
                0.9997087121009827,
                0.9919718503952026
            ],
            "min": [
                0.000291271397145465,
                0,
                0
            ],
            "type": 35665
        },
        "attrbute_37": {
            "bufferView": "bufferView_43",
            "byteOffset": 281520,
            "byteStride": 12,
            "count": 827,
            "max": [
                -9.079498291015625,
                57.29178237915039,
                122.58230590820312,
                0
            ],
            "min": [
                -49.20342254638672,
                -52.13542556762695,
                35.688419342041016,
                0
            ],
            "type": 35665
        },
        "attrbute_38": {
            "bufferView": "bufferView_43",
            "byteOffset": 291444,
            "byteStride": 12,
            "count": 827,
            "max": [
                0.9735201597213745,
                0.9919191598892212,
                0.9589841365814209,
                0
            ],
            "min": [
                -0.9933334589004517,
                -0.9880815744400024,
                -0.9954370260238647,
                0
            ],
            "type": 35665
        },
        "attrbute_39": {
            "bufferView": "bufferView_43",
            "byteOffset": 301368,
            "byteStride": 8,
            "count": 827,
            "max": [
                0.9859769940376282,
                0.9908429980278015
            ],
            "min": [
                0.005693669896572828,
                0.010484695434570312
            ],
            "type": 35664
        },
        "attrbute_4": {
            "bufferView": "bufferView_43",
            "byteOffset": 45984,
            "byteStride": 16,
            "count": 1437,
            "max": [
                28,
                28,
                27,
                -1
            ],
            "min": [
                0,
                -1,
                -1,
                -1
            ],
            "type": 35666
        },
        "attrbute_40": {
            "bufferView": "bufferView_43",
            "byteOffset": 307984,
            "byteStride": 16,
            "count": 827,
            "max": [
                0,
                -1,
                -1,
                -1
            ],
            "min": [
                0,
                -1,
                -1,
                -1
            ],
            "type": 35666
        },
        "attrbute_41": {
            "bufferView": "bufferView_43",
            "byteOffset": 321216,
            "byteStride": 12,
            "count": 827,
            "max": [
                1,
                0,
                0
            ],
            "min": [
                1,
                0,
                0
            ],
            "type": 35665
        },
        "attrbute_5": {
            "bufferView": "bufferView_43",
            "byteOffset": 68976,
            "byteStride": 12,
            "count": 1437,
            "max": [
                1,
                0.9998427629470825,
                0.9162788987159729
            ],
            "min": [
                0.0001572489709360525,
                0,
                0
            ],
            "type": 35665
        },
        "attrbute_7": {
            "bufferView": "bufferView_43",
            "byteOffset": 86220,
            "byteStride": 12,
            "count": 370,
            "max": [
                42.33509063720703,
                41.72574996948242,
                145.74600219726562,
                0
            ],
            "min": [
                -42.50421905517578,
                -2.38568115234375,
                16.265165328979492,
                0
            ],
            "type": 35665
        },
        "attrbute_8": {
            "bufferView": "bufferView_43",
            "byteOffset": 90660,
            "byteStride": 12,
            "count": 370,
            "max": [
                0.9928421378135681,
                0.9989519119262695,
                0.7234836220741272,
                0
            ],
            "min": [
                -0.9928421378135681,
                -0.9989519119262695,
                -0.7234838008880615,
                0
            ],
            "type": 35665
        },
        "attrbute_9": {
            "bufferView": "bufferView_43",
            "byteOffset": 95100,
            "byteStride": 8,
            "count": 370,
            "max": [
                0.9288191795349121,
                0.9937950968742371
            ],
            "min": [
                0.009770140051841736,
                0.0024871826171875
            ],
            "type": 35664
        },
        "indices_12": {
            "bufferView": "bufferView_45",
            "byteOffset": 12996,
            "count": 1488,
            "type": 5123
        },
        "indices_18": {
            "bufferView": "bufferView_45",
            "byteOffset": 15972,
            "count": 1302,
            "type": 5123
        },
        "indices_24": {
            "bufferView": "bufferView_45",
            "byteOffset": 18576,
            "count": 2928,
            "type": 5123
        },
        "indices_30": {
            "bufferView": "bufferView_45",
            "byteOffset": 24432,
            "count": 3729,
            "type": 5123
        },
        "indices_36": {
            "bufferView": "bufferView_45",
            "byteOffset": 31890,
            "count": 2988,
            "type": 5123
        },
        "indices_42": {
            "bufferView": "bufferView_45",
            "byteOffset": 37866,
            "count": 1980,
            "type": 5123
        },
        "indices_6": {
            "bufferView": "bufferView_45",
            "byteOffset": 0,
            "count": 6498,
            "type": 5123
        }
    },
    "animations": {},
    "asset": {},
    "bufferViews": {
        "bufferView_43": {
            "buffer": "phantom_assassin.bin",
            "byteLength": 331140,
            "byteOffset": 0,
            "target": 34962
        },
        "bufferView_44": {
            "buffer": "phantom_assassin.bin",
            "byteLength": 5568,
            "byteOffset": 331140
        },
        "bufferView_45": {
            "buffer": "phantom_assassin.bin",
            "byteLength": 41826,
            "byteOffset": 336708,
            "target": 34963
        }
    },
    "buffers": {
        "phantom_assassin.bin": {
            "byteLength": 378534,
            "path": "phantom_assassin.bin"
        }
    },
    "cameras": {},
    "images": {
        "image_0": {
            "path": "textures/phantom_assassin_body_color.png"
        },
        "image_1": {
            "path": "textures/phantom_assassin_cape_color.png"
        },
        "image_2": {
            "path": "textures/phantom_assassin_dagger_color.png"
        },
        "image_3": {
            "path": "textures/phantom_assassin_head_color.png"
        },
        "image_4": {
            "path": "textures/phantom_assassin_helmet_color.png"
        },
        "image_5": {
            "path": "textures/phantom_assassin_shoulders_color.png"
        },
        "image_6": {
            "path": "textures/phantom_assassin_weapon_color.png"
        }
    },
    "lights": {},
    "materials": {
        "Material #101": {
            "instanceTechnique": {
                "technique": "technique_0",
                "values": {
                    "ambient": [
                        0.5879999995231628,
                        0.5879999995231628,
                        0.5879999995231628
                    ],
                    "diffuse": "Map #14",
                    "emission": [
                        0,
                        0,
                        0
                    ],
                    "shininess": 2,
                    "specular": [
                        0.8999999761581421,
                        0.8999999761581421,
                        0.8999999761581421
                    ],
                    "transparency": 1
                }
            },
            "name": "Material #101"
        },
        "Material #35": {
            "instanceTechnique": {
                "technique": "technique_0",
                "values": {
                    "ambient": [
                        0.5879999995231628,
                        0.5879999995231628,
                        0.5879999995231628
                    ],
                    "diffuse": "Map #8",
                    "emission": [
                        0,
                        0,
                        0
                    ],
                    "shininess": 2,
                    "specular": [
                        0.8999999761581421,
                        0.8999999761581421,
                        0.8999999761581421
                    ],
                    "transparency": 1
                }
            },
            "name": "Material #35"
        },
        "Material #46": {
            "instanceTechnique": {
                "technique": "technique_0",
                "values": {
                    "ambient": [
                        0.5879999995231628,
                        0.5879999995231628,
                        0.5879999995231628
                    ],
                    "diffuse": "Map #10",
                    "emission": [
                        0,
                        0,
                        0
                    ],
                    "shininess": 2,
                    "specular": [
                        0.8999999761581421,
                        0.8999999761581421,
                        0.8999999761581421
                    ],
                    "transparency": 1
                }
            },
            "name": "Material #46"
        },
        "Material #57": {
            "instanceTechnique": {
                "technique": "technique_0",
                "values": {
                    "ambient": [
                        0.5879999995231628,
                        0.5879999995231628,
                        0.5879999995231628
                    ],
                    "diffuse": "Map #9",
                    "emission": [
                        0,
                        0,
                        0
                    ],
                    "shininess": 2,
                    "specular": [
                        0.8999999761581421,
                        0.8999999761581421,
                        0.8999999761581421
                    ],
                    "transparency": 1
                }
            },
            "name": "Material #57"
        },
        "Material #68": {
            "instanceTechnique": {
                "technique": "technique_0",
                "values": {
                    "ambient": [
                        0.5879999995231628,
                        0.5879999995231628,
                        0.5879999995231628
                    ],
                    "diffuse": "Map #11",
                    "emission": [
                        0,
                        0,
                        0
                    ],
                    "shininess": 2,
                    "specular": [
                        0.8999999761581421,
                        0.8999999761581421,
                        0.8999999761581421
                    ],
                    "transparency": 1
                }
            },
            "name": "Material #68"
        },
        "Material #79": {
            "instanceTechnique": {
                "technique": "technique_0",
                "values": {
                    "ambient": [
                        0.5879999995231628,
                        0.5879999995231628,
                        0.5879999995231628
                    ],
                    "diffuse": "Map #12",
                    "emission": [
                        0,
                        0,
                        0
                    ],
                    "shininess": 2,
                    "specular": [
                        0.8999999761581421,
                        0.8999999761581421,
                        0.8999999761581421
                    ],
                    "transparency": 1
                }
            },
            "name": "Material #79"
        },
        "Material #90": {
            "instanceTechnique": {
                "technique": "technique_0",
                "values": {
                    "ambient": [
                        0.5879999995231628,
                        0.5879999995231628,
                        0.5879999995231628
                    ],
                    "diffuse": "Map #13",
                    "emission": [
                        0,
                        0,
                        0
                    ],
                    "shininess": 2,
                    "specular": [
                        0.8999999761581421,
                        0.8999999761581421,
                        0.8999999761581421
                    ],
                    "transparency": 1
                }
            },
            "name": "Material #90"
        }
    },
    "meshes": {
        "phantom_assassin_cape_model_LOD0-mesh": {
            "name": "phantom_assassin_cape_model_LOD0-mesh",
            "primitives": [
                {
                    "attributes": {
                        "JOINT": "attrbute_10",
                        "NORMAL": "attrbute_8",
                        "POSITION": "attrbute_7",
                        "TEXCOORD_0": "attrbute_9",
                        "WEIGHT": "attrbute_11"
                    },
                    "indices": "indices_12",
                    "material": "Material #46"
                }
            ]
        },
        "phantom_assassin_daggers_model_LOD0-mesh": {
            "name": "phantom_assassin_daggers_model_LOD0-mesh",
            "primitives": [
                {
                    "attributes": {
                        "JOINT": "attrbute_16",
                        "NORMAL": "attrbute_14",
                        "POSITION": "attrbute_13",
                        "TEXCOORD_0": "attrbute_15",
                        "WEIGHT": "attrbute_17"
                    },
                    "indices": "indices_18",
                    "material": "Material #57"
                }
            ]
        },
        "phantom_assassin_head_model_LOD0-mesh": {
            "name": "phantom_assassin_head_model_LOD0-mesh",
            "primitives": [
                {
                    "attributes": {
                        "JOINT": "attrbute_22",
                        "NORMAL": "attrbute_20",
                        "POSITION": "attrbute_19",
                        "TEXCOORD_0": "attrbute_21",
                        "WEIGHT": "attrbute_23"
                    },
                    "indices": "indices_24",
                    "material": "Material #68"
                }
            ]
        },
        "phantom_assassin_helmet_model_LOD0-mesh": {
            "name": "phantom_assassin_helmet_model_LOD0-mesh",
            "primitives": [
                {
                    "attributes": {
                        "JOINT": "attrbute_28",
                        "NORMAL": "attrbute_26",
                        "POSITION": "attrbute_25",
                        "TEXCOORD_0": "attrbute_27",
                        "WEIGHT": "attrbute_29"
                    },
                    "indices": "indices_30",
                    "material": "Material #79"
                }
            ]
        },
        "phantom_assassin_model_LOD0-mesh": {
            "name": "phantom_assassin_model_LOD0-mesh",
            "primitives": [
                {
                    "attributes": {
                        "JOINT": "attrbute_4",
                        "NORMAL": "attrbute_2",
                        "POSITION": "attrbute_1",
                        "TEXCOORD_0": "attrbute_3",
                        "WEIGHT": "attrbute_5"
                    },
                    "indices": "indices_6",
                    "material": "Material #35"
                }
            ]
        },
        "phantom_assassin_shoulders_model_LOD0-mesh": {
            "name": "phantom_assassin_shoulders_model_LOD0-mesh",
            "primitives": [
                {
                    "attributes": {
                        "JOINT": "attrbute_34",
                        "NORMAL": "attrbute_32",
                        "POSITION": "attrbute_31",
                        "TEXCOORD_0": "attrbute_33",
                        "WEIGHT": "attrbute_35"
                    },
                    "indices": "indices_36",
                    "material": "Material #90"
                }
            ]
        },
        "phantom_assassin_weapon_model_LOD0-mesh": {
            "name": "phantom_assassin_weapon_model_LOD0-mesh",
            "primitives": [
                {
                    "attributes": {
                        "JOINT": "attrbute_40",
                        "NORMAL": "attrbute_38",
                        "POSITION": "attrbute_37",
                        "TEXCOORD_0": "attrbute_39",
                        "WEIGHT": "attrbute_41"
                    },
                    "indices": "indices_42",
                    "material": "Material #101"
                }
            ]
        }
    },
    "nodes": {
        "Index1_0_R": {
            "children": [
                "Index1_1_R"
            ],
            "jointId": "Index1_0_R",
            "matrix": [
                0.922283113002777,
                0.38236629962921165,
                0.05647677555680276,
                0,
                -0.05217052620475124,
                -0.021630134425646343,
                0.9984038433500092,
                0,
                0.3829776511725547,
                -0.9237575913335889,
                -8.566582857834364e-7,
                0,
                -11.11220550537108,
                1.7626686096191406,
                -0.5192337036132817,
                1
            ],
            "name": "Index1_0_R"
        },
        "Index1_1_R": {
            "children": [],
            "jointId": "Index1_1_R",
            "matrix": [
                0.8643929958343508,
                -1.117587090926353e-8,
                -0.502816438674927,
                0,
                -2.2652400178541088e-7,
                1.0000003576278746,
                -4.1164452773551075e-7,
                0,
                0.5028166200172005,
                4.697226398189813e-7,
                0.8643933075802959,
                0,
                -4.936073303222656,
                1.7763568394002505e-15,
                -0.0000019073486328125,
                1
            ],
            "name": "Index1_1_R"
        },
        "Index_0_L": {
            "children": [
                "Index_1_L"
            ],
            "jointId": "Index_0_L",
            "matrix": [
                0.9222834706306459,
                0.38236713409423817,
                0.056476190686225884,
                0,
                -0.0521697654077991,
                -0.021630380915743402,
                0.9984040774931936,
                0,
                0.3829783736856239,
                -0.9237576050277136,
                -0.0000013390962186760264,
                0,
                11.112190246582031,
                -1.7626533508300781,
                0.5192334651947017,
                1
            ],
            "name": "Index_0_L"
        },
        "Index_1_L": {
            "children": [],
            "jointId": "Index_1_L",
            "matrix": [
                0.8643931746482849,
                -8.940696715614704e-8,
                -0.5028156638145445,
                0,
                -7.100975742829752e-8,
                1.0000000000000335,
                -2.9988587801552113e-7,
                0,
                0.5028156788841054,
                2.949241332886321e-7,
                0.8643932005543973,
                0,
                4.936073303222656,
                -0.00000476837158203125,
                0.0000152587890625,
                1
            ],
            "name": "Index_1_L"
        },
        "Thumb1_0_R": {
            "children": [
                "Thumb1_1_R"
            ],
            "jointId": "Thumb1_0_R",
            "matrix": [
                0.7850236296653748,
                0.46076637506484996,
                -0.4140435457229615,
                0,
                0.392892417520856,
                0.14641102192356584,
                0.9078540443255665,
                0,
                0.47892920794660027,
                -0.8753615421376436,
                -0.06609551036268689,
                0,
                -4.443893432617159,
                -2.6936912536621094,
                3.6177368164062504,
                1
            ],
            "name": "Thumb1_0_R"
        },
        "Thumb1_1_R": {
            "children": [],
            "jointId": "Thumb1_1_R",
            "matrix": [
                0.8938906192779539,
                0.4482851028442382,
                2.9802322554228766e-8,
                0,
                -0.4482851924653575,
                0.8938907979844916,
                -2.8754584518032693e-8,
                0,
                -3.953026445069341e-8,
                1.234351074130835e-8,
                0.9999999403953566,
                0,
                -5.381660461425781,
                -0.000003814697265625,
                -0.000007629394527697286,
                1
            ],
            "name": "Thumb1_1_R"
        },
        "Thumb_0_L": {
            "children": [
                "Thumb_1_L"
            ],
            "jointId": "Thumb_0_L",
            "matrix": [
                0.7850234508514405,
                0.46076658368110657,
                -0.4140447974205017,
                0,
                0.39289397305587487,
                0.14641098181287596,
                0.9078541085220229,
                0,
                0.4789291673387173,
                -0.8753617869894754,
                -0.06609630790913827,
                0,
                4.443878173828139,
                2.693706512451172,
                -3.6177291870117183,
                1
            ],
            "name": "Thumb_0_L"
        },
        "Thumb_1_L": {
            "children": [],
            "jointId": "Thumb_1_L",
            "matrix": [
                0.8938902616500853,
                0.44828516244888317,
                -2.6822090143374666e-7,
                0,
                -0.448285060849694,
                0.8938900590588654,
                -4.185712896103127e-7,
                0,
                5.21207487724773e-8,
                4.943966968873337e-7,
                1.0000001192093242,
                0,
                5.3816452026367045,
                -0.000007629394524144573,
                0.0000095367431640625,
                1
            ],
            "name": "Thumb_1_L"
        },
        "ankle_L": {
            "children": [
                "toeBase_L"
            ],
            "jointId": "ankle_L",
            "matrix": [
                0.4155169129371642,
                -0.2848062515258789,
                0.8638464212417605,
                0,
                0.11906813964388642,
                0.9585733429145729,
                0.25876457816750315,
                0,
                -0.9017585054847268,
                -0.0046644754040902625,
                0.432215066796206,
                0,
                48.523685455322266,
                -0.00000762939453125,
                -1.7763568394002505e-15,
                1
            ],
            "name": "ankle_L"
        },
        "ankle_R": {
            "children": [
                "toeBase_R"
            ],
            "jointId": "ankle_R",
            "matrix": [
                0.41551724076271057,
                -0.28480702638626093,
                0.8638458251953122,
                0,
                0.1190679408964626,
                0.9585734615153625,
                0.2587657060585317,
                0,
                -0.9017580210306323,
                -0.004665268770001507,
                0.43221520845365763,
                0,
                -48.52367401123047,
                -0.00000762939453125,
                0.000015735626221591303,
                1
            ],
            "name": "ankle_R"
        },
        "bicep_L": {
            "children": [
                "elbow_L"
            ],
            "jointId": "bicep_L",
            "matrix": [
                0.5258210301399231,
                0.07050369679927829,
                -0.8476681709289552,
                0,
                -0.8504855889205979,
                0.05958506282587223,
                -0.5226128059009966,
                0,
                0.01366222761692626,
                0.9957304555151006,
                0.0912934652768366,
                0,
                13.03292465209961,
                0.000005722045901990214,
                -0.0000152587890625,
                1
            ],
            "name": "bicep_L"
        },
        "bicep_R": {
            "children": [
                "elbow_R"
            ],
            "jointId": "bicep_R",
            "matrix": [
                0.5180469751358034,
                0.07087730616331096,
                -0.8524103760719302,
                0,
                -0.8551701567674356,
                0.022370654280257106,
                -0.5178641105490662,
                0,
                -0.017635841926082158,
                0.9972342263854549,
                0.07220123398765504,
                0,
                -13.032905578613281,
                -0.000007629394527697286,
                0,
                1
            ],
            "name": "bicep_R"
        },
        "cape_L_R0C0": {
            "children": [
                "cape_L_R1C0"
            ],
            "jointId": "cape_L_R0C0",
            "matrix": [
                -0.7423706650733949,
                0.19617407023906716,
                0.6406258344650271,
                0,
                0.6347111612325851,
                -0.1002582123571204,
                0.7662179420170214,
                0,
                0.2145400921001387,
                0.975430084928388,
                -0.05008511585166974,
                0,
                -5.0980377197265625,
                17.359914779663086,
                3.726806640625,
                1
            ],
            "name": "cape_L_R0C0"
        },
        "cape_L_R1C0": {
            "children": [
                "cape_L_R2C0"
            ],
            "jointId": "cape_L_R1C0",
            "matrix": [
                0.9746372699737549,
                -0.1492388546466828,
                -0.16676433384418504,
                0,
                0.16023873094318797,
                0.9855726380545515,
                0.054501507526477866,
                0,
                0.15622458580281384,
                -0.07984128728873413,
                0.9844894426377815,
                0,
                12.065826416015625,
                -0.00002288818359375,
                -0.000019073486328125,
                1
            ],
            "name": "cape_L_R1C0"
        },
        "cape_L_R2C0": {
            "children": [
                "cape_L_R3C0"
            ],
            "jointId": "cape_L_R2C0",
            "matrix": [
                0.9995231628417967,
                -0.021930009126663264,
                0.02173731476068498,
                0,
                0.022077706797520358,
                0.9997344593914107,
                -0.0065782507836097005,
                0,
                -0.021587284052775782,
                0.007055024918415177,
                0.9997420304070543,
                0,
                25.044944763183594,
                0.000003814697272730427,
                -3.552713678800501e-15,
                1
            ],
            "name": "cape_L_R2C0"
        },
        "cape_L_R3C0": {
            "children": [
                "cape_L_R4C0"
            ],
            "jointId": "cape_L_R3C0",
            "matrix": [
                0.9739058017730714,
                -0.22672070562839516,
                -0.010270249098539345,
                0,
                0.22673930303081258,
                0.9739553399955793,
                0.0006699718072800862,
