{
    "animations": {},
    "asset": {},
    "attributes": {
        "attribute_1": {
            "bufferView": "bufferView_31",
            "byteOffset": 0,
            "byteStride": 12,
            "count": 1544,
            "max": [
                1,
                1,
                1
            ],
            "min": [
                0,
                0,
                0
            ],
            "type": "FLOAT_VEC3"
        },
        "attribute_10": {
            "bufferView": "bufferView_31",
            "byteOffset": 109152,
            "byteStride": 16,
            "count": 516,
            "max": [
                1,
                1,
                1
            ],
            "min": [
                0,
                0,
                0
            ],
            "type": "FLOAT_VEC4"
        },
        "attribute_11": {
            "bufferView": "bufferView_31",
            "byteOffset": 117408,
            "byteStride": 12,
            "count": 516,
            "max": [
                1,
                1,
                1
            ],
            "min": [
                0,
                0,
                0
            ],
            "type": "FLOAT_VEC3"
        },
        "attribute_13": {
            "bufferView": "bufferView_31",
            "byteOffset": 123600,
            "byteStride": 12,
            "count": 128,
            "max": [
                1,
                1,
                1
            ],
            "min": [
                0,
                0,
                0
            ],
            "type": "FLOAT_VEC3"
        },
        "attribute_14": {
            "bufferView": "bufferView_31",
            "byteOffset": 125136,
            "byteStride": 12,
            "count": 128,
            "max": [
                1,
                1,
                1
            ],
            "min": [
                0,
                0,
                0
            ],
            "type": "FLOAT_VEC3"
        },
        "attribute_15": {
            "bufferView": "bufferView_31",
            "byteOffset": 126672,
            "byteStride": 8,
            "count": 128,
            "max": [
                1,
                1,
                1
            ],
            "min": [
                0,
                0,
                0
            ],
            "type": "FLOAT_VEC2"
        },
        "attribute_16": {
            "bufferView": "bufferView_31",
            "byteOffset": 127696,
            "byteStride": 16,
            "count": 128,
            "max": [
                1,
                1,
                1
            ],
            "min": [
                0,
                0,
                0
            ],
            "type": "FLOAT_VEC4"
        },
        "attribute_17": {
            "bufferView": "bufferView_31",
            "byteOffset": 129744,
            "byteStride": 12,
            "count": 128,
            "max": [
                1,
                1,
                1
            ],
            "min": [
                0,
                0,
                0
            ],
            "type": "FLOAT_VEC3"
        },
        "attribute_19": {
            "bufferView": "bufferView_31",
            "byteOffset": 131280,
            "byteStride": 12,
            "count": 150,
            "max": [
                1,
                1,
                1
            ],
            "min": [
                0,
                0,
                0
            ],
            "type": "FLOAT_VEC3"
        },
        "attribute_2": {
            "bufferView": "bufferView_31",
            "byteOffset": 18528,
            "byteStride": 12,
            "count": 1544,
            "max": [
                1,
                1,
                1
            ],
            "min": [
                0,
                0,
                0
            ],
            "type": "FLOAT_VEC3"
        },
        "attribute_20": {
            "bufferView": "bufferView_31",
            "byteOffset": 133080,
            "byteStride": 12,
            "count": 150,
            "max": [
                1,
                1,
                1
            ],
            "min": [
                0,
                0,
                0
            ],
            "type": "FLOAT_VEC3"
        },
        "attribute_21": {
            "bufferView": "bufferView_31",
            "byteOffset": 134880,
            "byteStride": 8,
            "count": 150,
            "max": [
                1,
                1,
                1
            ],
            "min": [
                0,
                0,
                0
            ],
            "type": "FLOAT_VEC2"
        },
        "attribute_22": {
            "bufferView": "bufferView_31",
            "byteOffset": 136080,
            "byteStride": 16,
            "count": 150,
            "max": [
                1,
                1,
                1
            ],
            "min": [
                0,
                0,
                0
            ],
            "type": "FLOAT_VEC4"
        },
        "attribute_23": {
            "bufferView": "bufferView_31",
            "byteOffset": 138480,
            "byteStride": 12,
            "count": 150,
            "max": [
                1,
                1,
                1
            ],
            "min": [
                0,
                0,
                0
            ],
            "type": "FLOAT_VEC3"
        },
        "attribute_25": {
            "bufferView": "bufferView_31",
            "byteOffset": 140280,
            "byteStride": 12,
            "count": 737,
            "max": [
                1,
                1,
                1
            ],
            "min": [
                0,
                0,
                0
            ],
            "type": "FLOAT_VEC3"
        },
        "attribute_26": {
            "bufferView": "bufferView_31",
            "byteOffset": 149124,
            "byteStride": 12,
            "count": 737,
            "max": [
                1,
                1,
                1
            ],
            "min": [
                0,
                0,
                0
            ],
            "type": "FLOAT_VEC3"
        },
        "attribute_27": {
            "bufferView": "bufferView_31",
            "byteOffset": 157968,
            "byteStride": 8,
            "count": 737,
            "max": [
                1,
                1,
                1
            ],
            "min": [
                0,
                0,
                0
            ],
            "type": "FLOAT_VEC2"
        },
        "attribute_28": {
            "bufferView": "bufferView_31",
            "byteOffset": 163864,
            "byteStride": 16,
            "count": 737,
            "max": [
                1,
                1,
                1
            ],
            "min": [
                0,
                0,
                0
            ],
            "type": "FLOAT_VEC4"
        },
        "attribute_29": {
            "bufferView": "bufferView_31",
            "byteOffset": 175656,
            "byteStride": 12,
            "count": 737,
            "max": [
                1,
                1,
                1
            ],
            "min": [
                0,
                0,
                0
            ],
            "type": "FLOAT_VEC3"
        },
        "attribute_3": {
            "bufferView": "bufferView_31",
            "byteOffset": 37056,
            "byteStride": 8,
            "count": 1544,
            "max": [
                1,
                1,
                1
            ],
            "min": [
                0,
                0,
                0
            ],
            "type": "FLOAT_VEC2"
        },
        "attribute_4": {
            "bufferView": "bufferView_31",
            "byteOffset": 49408,
            "byteStride": 16,
            "count": 1544,
            "max": [
                1,
                1,
                1
            ],
            "min": [
                0,
                0,
                0
            ],
            "type": "FLOAT_VEC4"
        },
        "attribute_5": {
            "bufferView": "bufferView_31",
            "byteOffset": 74112,
            "byteStride": 12,
            "count": 1544,
            "max": [
                1,
                1,
                1
            ],
            "min": [
                0,
                0,
                0
            ],
            "type": "FLOAT_VEC3"
        },
        "attribute_7": {
            "bufferView": "bufferView_31",
            "byteOffset": 92640,
            "byteStride": 12,
            "count": 516,
            "max": [
                1,
                1,
                1
            ],
            "min": [
                0,
                0,
                0
            ],
            "type": "FLOAT_VEC3"
        },
        "attribute_8": {
            "bufferView": "bufferView_31",
            "byteOffset": 98832,
            "byteStride": 12,
            "count": 516,
            "max": [
                1,
                1,
                1
            ],
            "min": [
                0,
                0,
                0
            ],
            "type": "FLOAT_VEC3"
        },
        "attribute_9": {
            "bufferView": "bufferView_31",
            "byteOffset": 105024,
            "byteStride": 8,
            "count": 516,
            "max": [
                1,
                1,
                1
            ],
            "min": [
                0,
                0,
                0
            ],
            "type": "FLOAT_VEC2"
        }
    },
    "bufferViews": {
        "bufferView_31": {
            "buffer": "witchdoctor.bin",
            "byteLength": 184500,
            "byteOffset": 0,
            "target": "ARRAY_BUFFER"
        },
        "bufferView_32": {
            "buffer": "witchdoctor.bin",
            "byteLength": 35538,
            "byteOffset": 184500,
            "target": "ELEMENT_ARRAY_BUFFER"
        }
    },
    "buffers": {
        "witchdoctor.bin": {
            "byteLength": 220038,
            "path": "witchdoctor.bin"
        }
    },
    "cameras": {},
    "images": {
        "image_0": {
            "path": "textures/witchdoctor_body_color.png"
        },
        "image_1": {
            "path": "textures/witchdoctor_bag_color.png"
        },
        "image_2": {
            "path": "textures/witchdoctor_belt_color.png"
        },
        "image_3": {
            "path": "textures/witchdoctor_head_color.png"
        },
        "image_4": {
            "path": "textures/witchdoctor_staff_color.png"
        }
    },
    "indices": {
        "indices_12": {
            "bufferView": "bufferView_32",
            "byteOffset": 18306,
            "count": 2922,
            "type": "UNSIGNED_SHORT"
        },
        "indices_18": {
            "bufferView": "bufferView_32",
            "byteOffset": 24150,
            "count": 768,
            "type": "UNSIGNED_SHORT"
        },
        "indices_24": {
            "bufferView": "bufferView_32",
            "byteOffset": 25686,
            "count": 750,
            "type": "UNSIGNED_SHORT"
        },
        "indices_30": {
            "bufferView": "bufferView_32",
            "byteOffset": 27186,
            "count": 4176,
            "type": "UNSIGNED_SHORT"
        },
        "indices_6": {
            "bufferView": "bufferView_32",
            "byteOffset": 0,
            "count": 9153,
            "type": "UNSIGNED_SHORT"
        }
    },
    "lights": {},
    "materials": {
        "Material #35": {
            "instanceTechnique": {
                "technique": "technique_0",
                "values": [
                    {
                        "parameter": "ambient",
                        "value": [
                            0.5879999995231628,
                            0.5879999995231628,
                            0.5879999995231628
                        ]
                    },
                    {
                        "parameter": "emission",
                        "value": [
                            0,
                            0,
                            0
                        ]
                    },
                    {
                        "parameter": "diffuse",
                        "value": "Map #6"
                    },
                    {
                        "parameter": "shininess",
                        "value": 2
                    },
                    {
                        "parameter": "specular",
                        "value": [
                            0.8999999761581421,
                            0.8999999761581421,
                            0.8999999761581421
                        ]
                    }
                ]
            },
            "name": "Material #35"
        },
        "Material #46": {
            "instanceTechnique": {
                "technique": "technique_0",
                "values": [
                    {
                        "parameter": "ambient",
                        "value": [
                            0.5879999995231628,
                            0.5879999995231628,
                            0.5879999995231628
                        ]
                    },
                    {
                        "parameter": "emission",
                        "value": [
                            0,
                            0,
                            0
                        ]
                    },
                    {
                        "parameter": "diffuse",
                        "value": "Map #7"
                    },
                    {
                        "parameter": "shininess",
                        "value": 2
                    },
                    {
                        "parameter": "specular",
                        "value": [
                            0.8999999761581421,
                            0.8999999761581421,
                            0.8999999761581421
                        ]
                    }
                ]
            },
            "name": "Material #46"
        },
        "Material #57": {
            "instanceTechnique": {
                "technique": "technique_0",
                "values": [
                    {
                        "parameter": "ambient",
                        "value": [
                            0.5879999995231628,
                            0.5879999995231628,
                            0.5879999995231628
                        ]
                    },
                    {
                        "parameter": "emission",
                        "value": [
                            0,
                            0,
                            0
                        ]
                    },
                    {
                        "parameter": "diffuse",
                        "value": "Map #8"
                    },
                    {
                        "parameter": "shininess",
                        "value": 2
                    },
                    {
                        "parameter": "specular",
                        "value": [
                            0.8999999761581421,
                            0.8999999761581421,
                            0.8999999761581421
                        ]
                    }
                ]
            },
            "name": "Material #57"
        },
        "Material #68": {
            "instanceTechnique": {
                "technique": "technique_0",
                "values": [
                    {
                        "parameter": "ambient",
                        "value": [
                            0.5879999995231628,
                            0.5879999995231628,
                            0.5879999995231628
                        ]
                    },
                    {
                        "parameter": "emission",
                        "value": [
                            0,
                            0,
                            0
                        ]
                    },
                    {
                        "parameter": "diffuse",
                        "value": "Map #9"
                    },
                    {
                        "parameter": "shininess",
                        "value": 2
                    },
                    {
                        "parameter": "specular",
                        "value": [
                            0.8999999761581421,
                            0.8999999761581421,
                            0.8999999761581421
                        ]
                    }
                ]
            },
            "name": "Material #68"
        },
        "Material #79": {
            "instanceTechnique": {
                "technique": "technique_0",
                "values": [
                    {
                        "parameter": "ambient",
                        "value": [
                            0.5879999995231628,
                            0.5879999995231628,
                            0.5879999995231628
                        ]
                    },
                    {
                        "parameter": "emission",
                        "value": [
                            0,
                            0,
                            0
                        ]
                    },
                    {
                        "parameter": "diffuse",
                        "value": "Map #10"
                    },
                    {
                        "parameter": "shininess",
                        "value": 2
                    },
                    {
                        "parameter": "specular",
                        "value": [
                            0.8999999761581421,
                            0.8999999761581421,
                            0.8999999761581421
                        ]
                    }
                ]
            },
            "name": "Material #79"
        }
    },
    "meshes": {
        "witchdoctor_bag_model_LOD0-mesh": {
            "name": "witchdoctor_bag_model_LOD0-mesh",
            "primitives": [
                {
                    "indices": "indices_12",
                    "material": "Material #46",
                    "semantics": {
                        "JOINT": "attribute_10",
                        "NORMAL": "attribute_8",
                        "POSITION": "attribute_7",
                        "TEXCOORD_0": "attribute_9",
                        "WEIGHT": "attribute_11"
                    },
                    "skin": "skin_1"
                }
            ]
        },
        "witchdoctor_belt_model_LOD0-mesh": {
            "name": "witchdoctor_belt_model_LOD0-mesh",
            "primitives": [
                {
                    "indices": "indices_18",
                    "material": "Material #57",
                    "semantics": {
                        "JOINT": "attribute_16",
                        "NORMAL": "attribute_14",
                        "POSITION": "attribute_13",
                        "TEXCOORD_0": "attribute_15",
                        "WEIGHT": "attribute_17"
                    },
                    "skin": "skin_2"
                }
            ]
        },
        "witchdoctor_head_model_LOD0-mesh": {
            "name": "witchdoctor_head_model_LOD0-mesh",
            "primitives": [
                {
                    "indices": "indices_24",
                    "material": "Material #68",
                    "semantics": {
                        "JOINT": "attribute_22",
                        "NORMAL": "attribute_20",
                        "POSITION": "attribute_19",
                        "TEXCOORD_0": "attribute_21",
                        "WEIGHT": "attribute_23"
                    },
                    "skin": "skin_3"
                }
            ]
        },
        "witchdoctor_model_LOD0-mesh": {
            "name": "witchdoctor_model_LOD0-mesh",
            "primitives": [
                {
                    "indices": "indices_6",
                    "material": "Material #35",
                    "semantics": {
                        "JOINT": "attribute_4",
                        "NORMAL": "attribute_2",
                        "POSITION": "attribute_1",
                        "TEXCOORD_0": "attribute_3",
                        "WEIGHT": "attribute_5"
                    },
                    "skin": "skin_0"
                }
            ]
        },
        "witchdoctor_staff_model_LOD0-mesh": {
            "name": "witchdoctor_staff_model_LOD0-mesh",
            "primitives": [
                {
                    "indices": "indices_30",
                    "material": "Material #79",
                    "semantics": {
                        "JOINT": "attribute_28",
                        "NORMAL": "attribute_26",
                        "POSITION": "attribute_25",
                        "TEXCOORD_0": "attribute_27",
                        "WEIGHT": "attribute_29"
                    },
                    "skin": "skin_4"
                }
            ]
        }
    },
    "nodes": {
        "ankle_L": {
            "children": [
                "toeBase_L"
            ],
            "matrix": [
                -0.36408489942550676,
                -0.28561252355575556,
                0.886491656303406,
                0,
                -0.1225113661146223,
                0.9582350161321629,
                0.25841121129319444,
                0,
                -0.9232730791033895,
                -0.014521687989409046,
                -0.38386978566678315,
                0,
                37.40773391723633,
                -0.000011444091796875,
                9.536743181826068e-7,
                1
            ],
            "name": "ankle_L"
        },
        "ankle_R": {
            "children": [
                "toeBase_R"
            ],
            "matrix": [
                -0.3638393580913542,
                -0.28705039620399464,
                0.8861281871795657,
                0,
                -0.12333368730736781,
                0.9578010535724664,
                0.2596278118901632,
                0,
                -0.9232603320001762,
                -0.01482663317599503,
                -0.3838885190600108,
                0,
                -37.407752990722656,
                0.00000762939453125,
                0.000003814697270065892,
                1
            ],
            "name": "ankle_R"
        },
        "backFlap_R0C0": {
            "children": [
                "backFlap_R1C0"
            ],
            "matrix": [
                0.3656488955020909,
                -6.617444900424222e-24,
                -0.9307528734207153,
                0,
                -0.9307528734207153,
                -1.6292068767908154e-7,
                -0.3656488955020908,
                0,
                -1.5163889422968342e-7,
                1.0000000000000002,
                -5.9571767945731987e-8,
                0,
                -17.74566268920898,
                -0.000002384185791015625,
                8.990341186523438,
                1
            ],
            "name": "backFlap_R0C0"
        },
        "backFlap_R1C0": {
            "children": [
                "backFlap_R2C0"
            ],
            "matrix": [
                0.9285933375358582,
                0.37109896540641785,
                -1.620653478084933e-8,
                0,
                -0.3710989654064179,
                0.9285933375358582,
                4.8178820932776034e-9,
                0,
                1.683719080005954e-8,
                1.5403750330264595e-9,
                0.9999999999999997,
                0,
                4.1549758911132955,
                0.000003814697269177714,
                -1.1920928955078125e-7,
                1
            ],
            "name": "backFlap_R1C0"
        },
        "backFlap_R2C0": {
            "children": [
                "backFlap_R3C0"
            ],
            "matrix": [
                0.9995935559272763,
                -0.005859920289367438,
                -0.02789827436208725,
                0,
                0.005862202354847681,
                0.9999828338631281,
                9.812640272853782e-12,
                0,
                0.027897793051576834,
                -0.00016354532537226707,
                0.9996106626371608,
                0,
                12.528068542480469,
                -0.0000021457672114699733,
                4.1723251331671207e-7,
                1
            ],
            "name": "backFlap_R2C0"
        },
        "backFlap_R3C0": {
            "children": [],
            "matrix": [
                0.9993274807929993,
                -1.4210854717848982e-13,
                0.03666532039642335,
                0,
                -6.508677290487397e-11,
                0.9999999999999999,
                1.7778409854972959e-9,
                0,
                -0.03666532476933979,
                -1.779031992847222e-9,
                0.9993275999785276,
                0,
                12.53602600097657,
                -0.3498802185058585,
                0.07348966598510742,
                1
            ],
            "name": "backFlap_R3C0"
        },
        "back_mid_pouch_jnt": {
            "children": [],
            "matrix": [
                -0.5289477109909061,
                0.8422394990921022,
                0.10414751619100578,
                0,
                0.7974029816181035,
                0.5352484240854417,
                -0.2786709063143915,
                0,
                -0.2904524878518109,
                -0.0643548090196747,
                -0.9547228788977835,
                0,
                -4.590080261230469,
                -12.066939353942873,
                24.351728439331055,
                1
            ],
            "name": "back_mid_pouch_jnt"
        },
        "back_top_pouch_jnt": {
            "children": [],
            "matrix": [
                -0.3486537039279936,
                0.8796824812889098,
                -0.3234181702136993,
                0,
                0.9208090218730866,
                0.38585000329495106,
                0.05683667125234833,
                0,
                0.17478912253877033,
                -0.2779900474539949,
                -0.9445475790539817,
                0,
                -5.977699279785156,
                -2.3677947521209717,
                18.033172607421875,
                1
            ],
            "name": "back_top_pouch_jnt"
        },
        "base_pouch_jnt": {
            "children": [],
            "matrix": [
                -1.0578906998209878e-7,
                0.37496572732925404,
                -0.9270386695861818,
                0,
                -2.1783400631901957e-7,
                0.9270386695861734,
                0.3749657273292753,
                0,
                1,
                2.416078250123536e-7,
                -1.6390272214518354e-8,
                0,
                -13.63220691680908,
                -33.37627410888672,
                -10.301055908203125,
                1
            ],
            "name": "base_pouch_jnt"
        },
        "bicep_L": {
            "children": [
                "elbow_L"
            ],
            "matrix": [
                0.543861985206604,
                -0.4029085338115693,
                -0.7361243963241577,
                0,
                -0.5581830674425733,
                -0.8286955798528779,
                0.04118049889121256,
                0,
                -0.6266149330563533,
                0.3884956192873072,
                -0.675592663814391,
                0,
                15.578275680541985,
                1.4210854715202004e-14,
                0.0000152587890625,
                1
            ],
            "name": "bicep_L"
        },
        "bicep_R": {
            "children": [
                "elbow_R"
            ],
            "matrix": [
                0.12868064641952504,
                -0.4787172079086303,
                -0.8684876561164857,
                0,
                -0.8037685905669477,
                -0.5633099018877926,
                0.19140937748785536,
                0,
                -0.5808588479160588,
                0.6734326357452273,
                -0.4572650864177387,
                0,
                -24.64209747314453,
                -0.000007629394538355427,
                -0.000007629394545460855,
                1
            ],
            "name": "bicep_R"
        },
        "clavicle_L": {
            "children": [
                "bicep_L"
            ],
            "matrix": [
                0.33501091599464417,
                0.5799250602722168,
                -0.7425997257232664,
                0,
                0.3714585671325723,
                0.6430186918090816,
                0.6697354055016485,
                0,
                0.865901749493659,
                -0.5002136439268059,
                1.4901163275515827e-7,
                0,
                13.634124755859375,
                8.850987434387207,
                1.5713119506835938,
                1
            ],
            "name": "clavicle_L"
        },
        "clavicle_R": {
            "children": [
                "bicep_R"
            ],
            "matrix": [
                -0.13804101943969727,
                0.6390815973281863,
                -0.7566502094268797,
                0,
                0.15975158609810242,
                -0.7395937050549252,
                -0.6538199448556032,
                0,
                -0.9774580849728967,
                -0.21113005541587745,
                -2.980232355342949e-8,
                0,
                20.94976806640625,
                -4.139103412628173,
                4.660575866699219,
                1
            ],
            "name": "clavicle_R"
        },
        "elbow_L": {
            "children": [
                "wrist_L"
            ],
            "matrix": [
                0.6991275548934939,
                -5.9604644719879474e-8,
                -0.7149968147277834,
                0,
                9.478035944976426e-8,
                0.9999998807907076,
                9.313220986073567e-9,
                0,
                0.7149969312019291,
                -7.427880532873132e-8,
                0.6991276687825179,
                0,
                45.028686523437486,
                -0.000015258789048289145,
                -3.552713678800501e-15,
                1
            ],
            "name": "elbow_L"
        },
        "elbow_R": {
            "children": [
                "wrist_R"
            ],
            "matrix": [
                -0.42824393510818504,
                2.3841857893502905e-7,
                -0.9036633968353267,
                0,
                -3.865795700219721e-7,
                1.000000357627838,
                4.4703483859098725e-7,
                0,
                0.9036632764219272,
                5.407775003629656e-7,
                -0.42824387804441844,
                0,
                -41.42957687377928,
                0.0000152587890625,
                -0.000030517578125,
                1
            ],
            "name": "elbow_R"
        },
        "front_mid_pouch_jnt": {
            "children": [],
            "matrix": [
                -0.6049565672874453,
                0.7878134846687317,
                0.11566109210252763,
                0,
                0.7155174608333801,
                0.6015819782548533,
                -0.35515320594121447,
                0,
                -0.3493741259703272,
                -0.13209473815751147,
                -0.9276253061546449,
                0,
                -10.391685485839844,
                -20.027332305908207,
                -14.844013214111328,
                1
            ],
            "name": "front_mid_pouch_jnt"
        },
        "front_top_pouch_jnt": {
            "children": [],
            "matrix": [
                -0.5872479677200317,
                0.7786354422569275,
                -0.221058040857315,
                0,
                0.8032368079825725,
                0.5942740902158278,
                -0.04060614123713665,
                0,
                0.099751690411663,
                -0.20140783920536276,
                -0.9744149481701099,
                0,
                -0.3627319335937358,
                -5.328502655029296,
                -24.243354797363278,
                1
            ],
            "name": "front_top_pouch_jnt"
        },
        "hair2_0": {
            "children": [
                "hair2_1"
            ],
            "matrix": [
                -0.339929163455963,
                -0.04549872875213609,
                0.9393497109413146,
                0,
                0.04894781861520878,
                0.9966194055433562,
                0.06598576261303266,
                0,
                -0.9391763192616476,
                0.06840959709987696,
                -0.33655290160782625,
                0,
                3.504384994506836,
                0.09289932250976562,
                12.122283935546875,
                1
            ],
            "name": "hair2_0"
        },
        "hair2_1": {
            "children": [],
            "matrix": [
                1.000000119209289,
                1.1175870895385742e-7,
                -5.960464476983951e-7,
                0,
                -1.1175899761184382e-7,
                1.0000000000000047,
                -5.066394806046981e-7,
                0,
                5.960463912435543e-7,
                5.066396076142121e-7,
                1.0000001192092678,
                0,
                11.233871459960938,
                0.00000286102294921875,
                -0.000007629394545460855,
                1
            ],
            "name": "hair2_1"
        },
        "head": {
            "children": [
                "jaw1_0",
                "hair2_0"
            ],
            "matrix": [
                0.9292604923248288,
                -0.13964061439037323,
                -0.3420170545578002,
                0,
                0.07825331210020507,
                0.9792037055084754,
                -0.18718041942387847,
                0,
                0.3610422725517616,
                0.1471753674009749,
                0.9208624453588409,
                0,
                11.923141479492202,
                -0.00000858306884765625,
                -0.000022888183579539145,
                1
            ],
            "name": "head"
        },
        "index_0_L": {
            "children": [
                "index_1_L"
            ],
            "matrix": [
                0.984760344028473,
                1.7136335374312583e-7,
                -0.1739148050546645,
                0,
                0.17391486465894382,
                -3.4235576939350976e-7,
                0.984760681526318,
                0,
                1.0921118268059082e-7,
                -0.9999998807907093,
                -3.6694110912630085e-7,
                0,
                22.798324584960945,
                -9.205322265625,
                -8.62020492553711,
                1
            ],
            "name": "index_0_L"
        },
        "index_0_R": {
            "children": [],
            "matrix": [
                0.7442425489425659,
                0.5879714488983153,
                0.31684750318527233,
                0,
                -0.49920975978648474,
                0.17452814667532526,
                0.8487224109480397,
                0,
                0.44372570757509633,
                -0.7898286419676329,
                0.4234123293173563,
                0,
                -21.124404907226562,
                -1.1390571594238281,
                -2.3431777954101562,
                1
            ],
            "name": "index_0_R"
        },
        "index_1_L": {
            "children": [],
            "matrix": [
                0.8752223849296571,
                -3.8743019104003906e-7,
                -0.48372101783752464,
                0,
                1.750071339512438e-7,
                1.000000357627875,
                -4.842877604563367e-7,
                0,
                0.48372100654985006,
                3.392047305816881e-7,
                0.8752223645059902,
                0,
                6.932899475097656,
                -1.4210854715202004e-14,
                -0.000015258789076710855,
                1
            ],
            "name": "index_1_L"
        },
        "jaw1_0": {
            "children": [],
            "matrix": [
                0.9999999999999992,
                -1.776356842708973e-15,
                -6.441337774276686e-8,
                0,
                1.2830677507735258e-8,
                0.9799604415893554,
                0.19919271767139424,
                0,
                6.312256174322645e-8,
                -0.1991927176713951,
                0.9799604415893549,
                0,
                2.8413829803466797,
                -0.000003814697265625,
                -3.14678955078125,
                1
            ],
            "name": "jaw1_0"
        },
        "joint7": {
            "children": [],
            "matrix": [
                -0.048495203256606945,
                0.3958604633808139,
                -0.9170290827751162,
                0,
                0.5067950415055451,
                0.8009009306723824,
                0.3189297814915259,
                0,
                0.8607013354911475,
                -0.4492793311333254,
                -0.2394600286320333,
                0,
                7.750396728515625,
                16.82120323181152,
                20.411804199218764,
                1
            ],
            "name": "joint7"
        },
        "knee_L": {
            "children": [
                "ankle_L"
            ],
            "matrix": [
                0.3880820572376254,
                1.862645149230957e-7,
                -0.9216248393058779,
                0,
                2.4311338719940068e-8,
                1.0000001192092893,
                2.123416418253754e-7,
                0,
                0.9216248259779497,
                -1.04811900769608e-7,
                0.38808205162541876,
                0,
                38.33551025390624,
                -0.000003814697265625,
                -0.000011444091796875,
                1
            ],
            "name": "knee_L"
        },
        "knee_R": {
            "children": [
                "ankle_R"
            ],
            "matrix": [
                0.38808158040046703,
                -5.551115123125783e-17,
                -0.9216248989105225,
                0,
                -7.077526599508221e-8,
                0.9999999403953528,
                -2.980233839572355e-8,
                0,
                0.9216251094122024,
                7.679400804844194e-8,
                0.388081669039375,
                0,
                -38.33550262451172,
                -0.0000019073486328125,
                0.000003814697272730427,
                1
            ],
            "name": "knee_R"
        },
        "loinCloth_R0C0": {
            "children": [
                "loinCloth_R1C0"
            ],
            "matrix": [
