{
    "accessors": [
        {
            "bufferView": 0,
            "byteOffset": 0,
            "componentType": 5126,
            "count": 1957,
            "max": [
                53.11021041870117,
                21.471647262573242,
                173.42520141601562
            ],
            "min": [
                -79.02130126953125,
                -77.26051330566406,
                -1.6318178176879883
            ],
            "type": "VEC3"
        },
        {
            "bufferView": 0,
            "byteOffset": 23484,
            "componentType": 5126,
            "count": 1957,
            "max": [
                0.9993173480033875,
                0.9979347586631775,
                0.9994649291038513
            ],
            "min": [
                -0.9983972311019897,
                -0.9996841549873352,
                -0.9997384548187256
            ],
            "type": "VEC3"
        },
        {
            "bufferView": 0,
            "byteOffset": 46968,
            "componentType": 5126,
            "count": 1957,
            "max": [
                0.9990000128746033,
                0.9897000193595886
            ],
            "min": [
                0.01269999984651804,
                0.0008810162544250488
            ],
            "type": "VEC2"
        },
        {
            "bufferView": 0,
            "byteOffset": 62624,
            "componentType": 5123,
            "count": 1957,
            "max": [
                46,
                46,
                45,
                0
            ],
            "min": [
                0,
                0,
                0,
                0
            ],
            "type": "VEC4"
        },
        {
            "bufferView": 0,
            "byteOffset": 78280,
            "componentType": 5126,
            "count": 1957,
            "max": [
                1,
                0.999897837638855,
                0.9989724159240723,
                0
            ],
            "min": [
                0.00010218791430816054,
                0,
                0,
                0
            ],
            "type": "VEC4"
        },
        {
            "bufferView": 2,
            "byteOffset": 0,
            "componentType": 5123,
            "count": 9153,
            "max": [
                1956
            ],
            "min": [
                0
            ],
            "type": "SCALAR"
        },
        {
            "bufferView": 1,
            "byteOffset": 0,
            "componentType": 5126,
            "count": 47,
            "max": [
                0.9333023294860592,
                0.9999999999999933,
                0.9999999999999964,
                0,
                0.95388290869883,
                0.9999999999999958,
                0.9981005358538568,
                0,
                0.9981005358557214,
                0.9851961082075469,
                1.0000001190940198,
                0,
                142.20426732939575,
                122.410272985686,
                104.00361330921665,
                1
            ],
            "min": [
                -0.7047180832053073,
                -0.8771699083288683,
                -0.9999999999989153,
                0,
                -1.0000000596045626,
                -0.9956567426427504,
                -0.9787094479297443,
                0,
                -0.9999827996829872,
                -0.4968441217443794,
                -0.9370360718417554,
                0,
                -144.44999330491152,
                -153.86965140126466,
                -165.9975700029928,
                1
            ],
            "type": "MAT4"
        },
        {
            "bufferView": 0,
            "byteOffset": 109592,
            "componentType": 5126,
            "count": 709,
            "max": [
                27.446300506591797,
                23.1585636138916,
                150.23680114746094
            ],
            "min": [
                -47.78409957885742,
                -35.41290283203125,
                45.87799835205078
            ],
            "type": "VEC3"
        },
        {
            "bufferView": 0,
            "byteOffset": 118100,
            "componentType": 5126,
            "count": 709,
            "max": [
                0.9987488985061646,
                0.9997862577438354,
                0.99489426612854
            ],
            "min": [
                -0.9986127614974976,
                -0.9981524348258972,
                -0.998424232006073
            ],
            "type": "VEC3"
        },
        {
            "bufferView": 0,
            "byteOffset": 126608,
            "componentType": 5126,
            "count": 709,
            "max": [
                0.9966999888420105,
                0.9961000084877014
            ],
            "min": [
                0.010999999940395355,
                0.01410001516342163
            ],
            "type": "VEC2"
        },
        {
            "bufferView": 0,
            "byteOffset": 132280,
            "componentType": 5123,
            "count": 709,
            "max": [
                12,
                15,
                16,
                0
            ],
            "min": [
                0,
                0,
                0,
                0
            ],
            "type": "VEC4"
        },
        {
            "bufferView": 0,
            "byteOffset": 137952,
            "componentType": 5126,
            "count": 709,
            "max": [
                1,
                0.9997420310974121,
                0.9963698983192444,
                0
            ],
            "min": [
                0.00020457965729292482,
                0,
                0,
                0
            ],
            "type": "VEC4"
        },
        {
            "bufferView": 2,
            "byteOffset": 18306,
            "componentType": 5123,
            "count": 2922,
            "max": [
                708
            ],
            "min": [
                0
            ],
            "type": "SCALAR"
        },
        {
            "bufferView": 1,
            "byteOffset": 3008,
            "componentType": 5126,
            "count": 17,
            "max": [
                0.8796823476198726,
                0.9999999999999732,
                0.25962767024452726,
                0,
                0.3842582843807668,
                0.23066343811614048,
                0.9981004982358168,
                0,
                0.9981004982359865,
                0.9225615149578547,
                1,
                0,
                107.00173777095969,
                75.10720841983989,
                104.00358562552833,
                1
            ],
            "min": [
                -0.12333347619484925,
                -0.8771694921156097,
                -0.5002141579785231,
                0,
                -1.0000003576278678,
                -0.5708278039635184,
                -0.9999999999999937,
                0,
                -0.9270386773921476,
                -0.42115028618697653,
                -0.6823910689158853,
                0,
                -105.08452352232243,
                -101.84639870807284,
                -140.69299152566117,
                1
            ],
            "type": "MAT4"
        },
        {
            "bufferView": 0,
            "byteOffset": 149296,
            "componentType": 5126,
            "count": 193,
            "max": [
                22.30137825012207,
                5.629859447479248,
                85.36100006103516
            ],
            "min": [
                -22.470300674438477,
                -27.219907760620117,
                17.20389747619629
            ],
            "type": "VEC3"
        },
        {
            "bufferView": 0,
            "byteOffset": 151612,
            "componentType": 5126,
            "count": 193,
            "max": [
                0.9692476987838745,
                0.9985361695289612,
                0.8503865599632263
            ],
            "min": [
                -0.9829990267753601,
                -0.9999786019325256,
                -0.9733584523200989
            ],
            "type": "VEC3"
        },
        {
            "bufferView": 0,
            "byteOffset": 153928,
            "componentType": 5126,
            "count": 193,
            "max": [
                0.9876058101654053,
                0.980485737323761
            ],
            "min": [
                0.019951552152633667,
                0.018823683261871338
            ],
            "type": "VEC2"
        },
        {
            "bufferView": 0,
            "byteOffset": 155472,
            "componentType": 5123,
            "count": 193,
            "max": [
                16,
                13,
                15,
                0
            ],
            "min": [
                0,
                0,
                0,
                0
            ],
            "type": "VEC4"
        },
        {
            "bufferView": 0,
            "byteOffset": 157016,
            "componentType": 5126,
            "count": 193,
            "max": [
                1,
                0.9885246157646179,
                0.6963009834289551,
                0
            ],
            "min": [
                0.0006946307839825749,
                0,
                0,
                0
            ],
            "type": "VEC4"
        },
        {
            "bufferView": 2,
            "byteOffset": 24150,
            "componentType": 5123,
            "count": 768,
            "max": [
                192
            ],
            "min": [
                0
            ],
            "type": "SCALAR"
        },
        {
            "bufferView": 1,
            "byteOffset": 4096,
            "componentType": 5126,
            "count": 17,
            "max": [
                0.37496573048658677,
                0.9999999999999732,
                0.9999999999999964,
                0,
                0.3842582843807668,
                0.9999999999999912,
                0.9510172349267411,
                0,
                0.9510172349270226,
                0.3749657304865885,
                1,
                0,
                80.55174282645322,
                27.045180491151363,
                45.832734175686575,
                1
            ],
            "min": [
                -0.02789835313981942,
                -1.128179320261127e-8,
                -0.9999999999968132,
                0,
                -0.9999999999999732,
                -0.9956566072811349,
                -0.9999999999999937,
                0,
                -0.9999827993335821,
                -0.3656488859356853,
                -0.4205204138985701,
                0,
                -84.74982397950038,
                -18.47347214715715,
                -75.44525909423828,
                1
            ],
            "type": "MAT4"
        },
        {
            "bufferView": 0,
            "byteOffset": 160104,
            "componentType": 5126,
            "count": 199,
            "max": [
                14.737895965576172,
                -21.384536743164062,
                179.2167510986328
            ],
            "min": [
                -9.857189178466797,
                -60.04838943481445,
                118.09364318847656
            ],
            "type": "VEC3"
        },
        {
            "bufferView": 0,
            "byteOffset": 162492,
            "componentType": 5126,
            "count": 199,
            "max": [
                0.9920169115066528,
                0.9994542598724365,
                0.9999456405639648
            ],
            "min": [
                -0.9845932722091675,
                -0.9946714043617249,
                -0.9997557997703552
            ],
            "type": "VEC3"
        },
        {
            "bufferView": 0,
            "byteOffset": 164880,
            "componentType": 5126,
            "count": 199,
            "max": [
                0.9893254041671753,
                0.9795555472373962
            ],
            "min": [
                0.007930620573461056,
                0.01660001277923584
            ],
            "type": "VEC2"
        },
        {
            "bufferView": 0,
            "byteOffset": 166472,
            "componentType": 5123,
            "count": 199,
            "max": [
                3,
                3,
                4,
                0
            ],
            "min": [
                0,
                0,
                0,
                0
            ],
            "type": "VEC4"
        },
        {
            "bufferView": 0,
            "byteOffset": 168064,
            "componentType": 5126,
            "count": 199,
            "max": [
                1,
                0.9998664855957031,
                0.013784166425466537,
                0
            ],
            "min": [
                0.00012159378093201667,
                0,
                0,
                0
            ],
            "type": "VEC4"
        },
        {
            "bufferView": 2,
            "byteOffset": 25686,
            "componentType": 5123,
            "count": 750,
            "max": [
                198
            ],
            "min": [
                0
            ],
            "type": "SCALAR"
        },
        {
            "bufferView": 1,
            "byteOffset": 5184,
            "componentType": 5126,
            "count": 5,
            "max": [
                0.14252494593794424,
                0.9999999999999852,
                0.1991929127224224,
                0,
                0.3399292448060794,
                6.472480724368787e-8,
                0.9981005248604012,
                0,
                0.9981005248603939,
                -1.0308090734629792e-7,
                0.9999999999999601,
                0,
                -30.385662225318903,
                26.234072592939278,
                85.04745109436271,
                1
            ],
            "min": [
                3.6812188691951656e-8,
                0.9799603289523926,
                -2.651428228583205e-7,
                0,
                -0.9999999999999988,
                -0.048948270112428964,
                7.19230898646547e-15,
                0,
                6.123233995736442e-17,
                -0.19919292435731864,
                -0.34343525454712676,
                0,
                -144.45002402384594,
                -1.689839150234267,
                -140.69292090645462,
                1
            ],
            "type": "MAT4"
        },
        {
            "bufferView": 0,
            "byteOffset": 171248,
            "componentType": 5126,
            "count": 1044,
            "max": [
                -49.68421173095703,
                -18.137678146362305,
                247.55648803710938
            ],
            "min": [
                -110.85768127441406,
                -68.76590728759766,
                -5.660508155822754
            ],
            "type": "VEC3"
        },
        {
            "bufferView": 0,
            "byteOffset": 183776,
            "componentType": 5126,
            "count": 1044,
            "max": [
                0.9982529878616333,
                0.9981446266174316,
                0.9921661615371704
            ],
            "min": [
                -0.9994539022445679,
                -0.9975132346153259,
                -0.9977774620056152
            ],
            "type": "VEC3"
        },
        {
            "bufferView": 0,
            "byteOffset": 196304,
            "componentType": 5126,
            "count": 1044,
            "max": [
                0.9965000152587891,
                0.9926999807357788
            ],
            "min": [
                0.00839999970048666,
                0.008800029754638672
            ],
            "type": "VEC2"
        },
        {
            "bufferView": 0,
            "byteOffset": 204656,
            "componentType": 5123,
            "count": 1044,
            "max": [
                7,
                6,
                5,
                0
            ],
            "min": [
                0,
                0,
                0,
                0
            ],
            "type": "VEC4"
        },
        {
            "bufferView": 0,
            "byteOffset": 213008,
            "componentType": 5126,
            "count": 1044,
            "max": [
                1,
                0.9995092749595642,
                0.9372403621673584,
                0
            ],
            "min": [
                0.0004907301627099514,
                0,
                0,
                0
            ],
            "type": "VEC4"
        },
        {
            "bufferView": 2,
            "byteOffset": 27186,
            "componentType": 5123,
            "count": 4176,
            "max": [
                1043
            ],
            "min": [
                0
            ],
            "type": "SCALAR"
        },
        {
            "bufferView": 1,
            "byteOffset": 5504,
            "componentType": 5126,
            "count": 8,
            "max": [
                0.9333024949682518,
                0.9993024069486163,
                0.08762512954233165,
                0,
                0.35807269892283505,
                0.9333033599103359,
                0.9991114973607804,
                0,
                0.04974313942949448,
                0.2179073064688466,
                0.998863197201164,
                0,
                192.43635872864698,
                92.0540389447814,
                46.47638539276363,
                1
            ],
            "min": [
                -0.0640587319886961,
                -0.9993696604755381,
                -0.9998865653944914,
                0,
                -0.9987617955497179,
                -0.9975144620624604,
                -0.0032773601946718732,
                0,
                -0.9985078386594761,
                -0.039263303616430746,
                -0.14925581029946342,
                0,
                -56.486912390159304,
                -129.03464221672294,
                -214.9671702322114,
                1
            ],
            "type": "MAT4"
        }
    ],
    "asset": {
        "generator": "ClayGL - fbx2gltf",
        "version": "2.0"
    },
    "bufferViews": [
        {
            "buffer": 0,
            "byteLength": 229712,
            "byteOffset": 0,
            "target": 34962
        },
        {
            "buffer": 0,
            "byteLength": 6016,
            "byteOffset": 229712,
            "target": 34962
        },
        {
            "buffer": 0,
            "byteLength": 35538,
            "byteOffset": 235728,
            "target": 34963
        }
    ],
    "buffers": [
        {
            "byteLength": 271266,
            "uri": "witchdoctor.bin"
        }
    ],
    "images": [
        {
            "uri": "textures/witchdoctor_body_color.png"
        },
        {
            "uri": "textures/witchdoctor_bag_color.png"
        },
        {
            "uri": "textures/witchdoctor_belt_color.png"
        },
        {
            "uri": "textures/witchdoctor_head_color.png"
        },
        {
            "uri": "textures/witchdoctor_staff_color.png"
        }
    ],
    "materials": [
        {
            "emissiveFactor": [
                0,
                0,
                0
            ],
            "name": "Material #35",
            "pbrMetallicRoughness": {
                "baseColorFactor": [
                    1,
                    1,
                    1,
                    1
                ],
                "baseColorTexture": {
                    "index": 0,
                    "texCoord": 0
                },
                "metallicFactor": 0,
                "roughnessFactor": 0.9230769230769231
            }
        },
        {
            "emissiveFactor": [
                0,
                0,
                0
            ],
            "name": "Material #46",
            "pbrMetallicRoughness": {
                "baseColorFactor": [
                    1,
                    1,
                    1,
                    1
                ],
                "baseColorTexture": {
                    "index": 1,
                    "texCoord": 0
                },
                "metallicFactor": 0,
                "roughnessFactor": 0.9230769230769231
            }
        },
        {
            "emissiveFactor": [
                0,
                0,
                0
            ],
            "name": "Material #57",
            "pbrMetallicRoughness": {
                "baseColorFactor": [
                    1,
                    1,
                    1,
                    1
                ],
                "baseColorTexture": {
                    "index": 2,
                    "texCoord": 0
                },
                "metallicFactor": 0,
                "roughnessFactor": 0.9230769230769231
            }
        },
        {
            "emissiveFactor": [
                0,
                0,
                0
            ],
            "name": "Material #68",
            "pbrMetallicRoughness": {
                "baseColorFactor": [
                    1,
                    1,
                    1,
                    1
                ],
                "baseColorTexture": {
                    "index": 3,
                    "texCoord": 0
                },
                "metallicFactor": 0,
                "roughnessFactor": 0.9230769230769231
            }
        },
        {
            "emissiveFactor": [
                0,
                0,
                0
            ],
            "name": "Material #79",
            "pbrMetallicRoughness": {
                "baseColorFactor": [
                    1,
                    1,
                    1,
                    1
                ],
                "baseColorTexture": {
                    "index": 4,
                    "texCoord": 0
                },
                "metallicFactor": 0,
                "roughnessFactor": 0.9230769230769231
            }
        }
    ],
    "meshes": [
        {
            "name": "witchdoctor_model_LOD0",
            "primitives": [
                {
                    "attributes": {
                        "JOINTS_0": 3,
                        "NORMAL": 1,
                        "POSITION": 0,
                        "TEXCOORD_0": 2,
                        "WEIGHTS_0": 4
                    },
                    "indices": 5,
                    "material": 0
                }
            ]
        },
        {
            "name": "witchdoctor_bag_model_LOD0",
            "primitives": [
                {
                    "attributes": {
                        "JOINTS_0": 10,
                        "NORMAL": 8,
                        "POSITION": 7,
                        "TEXCOORD_0": 9,
                        "WEIGHTS_0": 11
                    },
                    "indices": 12,
                    "material": 1
                }
            ]
        },
        {
            "name": "witchdoctor_belt_model_LOD0",
            "primitives": [
                {
                    "attributes": {
                        "JOINTS_0": 17,
                        "NORMAL": 15,
                        "POSITION": 14,
                        "TEXCOORD_0": 16,
                        "WEIGHTS_0": 18
                    },
                    "indices": 19,
                    "material": 2
                }
            ]
        },
        {
            "name": "witchdoctor_head_model_LOD0",
            "primitives": [
                {
                    "attributes": {
                        "JOINTS_0": 24,
                        "NORMAL": 22,
                        "POSITION": 21,
                        "TEXCOORD_0": 23,
                        "WEIGHTS_0": 25
                    },
                    "indices": 26,
                    "material": 3
                }
            ]
        },
        {
            "name": "witchdoctor_staff_model_LOD0",
            "primitives": [
                {
                    "attributes": {
                        "JOINTS_0": 31,
                        "NORMAL": 29,
                        "POSITION": 28,
                        "TEXCOORD_0": 30,
                        "WEIGHTS_0": 32
                    },
                    "indices": 33,
                    "material": 4
                }
            ]
        }
    ],
    "nodes": [
        {
            "children": [
                1,
                5,
                9,
                49,
                53,
                57,
                58
            ],
            "matrix": [
                1.6292068478213574e-7,
                1.469367938527879e-39,
                1.0000000000000002,
                0,
                1.0000000000000002,
                6.123233995736847e-17,
                -1.6292068478213574e-7,
                0,
                -6.123233995736685e-17,
                1,
                9.976014756666736e-24,
                0,
                0.5448794960975647,
                75.44525909423828,
                13.63221549987793,
                1
            ],
            "name": "root"
        },
        {
            "children": [
                2
            ],
            "matrix": [
                -0.09310197085142122,
                -8.139232352894333e-9,
                -0.9956565499305724,
                0,
                0.9956565499305706,
                0.0000026341494563541137,
                -0.09310197085144255,
                0,
                0.0000026234660894102592,
                -1,
                -2.3714063956043438e-7,
                0,
                9.295715332031254,
                -7.79172134399414,
                -3.8874740600585938,
                1
            ],
            "name": "loinCloth_R0C0"
        },
        {
            "children": [
                3
            ],
            "matrix": [
                1,
                2.7755575615628914e-17,
                2.842170943040401e-14,
                0,
                0,
                1.0000000000000002,
                6.86796909121767e-7,
                0,
                -2.842170945687379e-14,
                -6.86796909121767e-7,
                1,
                0,
                3.501373291015639,
                -0.0000019073486363652137,
                9.5367431640625e-7,
                1
            ],
            "name": "loinCloth_R1C0"
        },
        {
            "children": [
                4
            ],
            "matrix": [
                1,
                -2.7755575615628914e-17,
                2.8421709403934228e-14,
                0,
                1.3877787807814457e-17,
                1,
                -4.5119463678414714e-13,
                0,
                -2.842170935099467e-14,
                4.511946376311801e-13,
                0.9999999999999999,
                0,
                11.348289489746094,
                0,
                -9.536743155180716e-7,
                1
            ],
            "name": "loinCloth_R2C0"
        },
        {
            "matrix": [
                1,
                -2.7755575615628914e-17,
                2.8421709403934228e-14,
                0,
                1.3877787807814457e-17,
                1.0000000000000002,
                -4.5119463678414714e-13,
                0,
                -2.8421709377464448e-14,
                4.511946376311801e-13,
                1,
                0,
                10.192878723144531,
                0,
                0.000001430511474609375,
                1
            ],
            "name": "loinCloth_R3C0"
        },
        {
            "children": [
                6
            ],
            "matrix": [
                -0.3842583000659941,
                0.19141589105129236,
                0.9031641483306886,
                0,
                0.27415419332996877,
                0.9578008035105622,
                -0.08635447954043884,
                0,
                -0.8815809439086417,
                0.2144238074947136,
                -0.42052036692676503,
                0,
                0.552952766418457,
                -16.37192726135254,
                -4.2628326416015625,
                1
            ],
            "name": "thigh_R"
        },
        {
            "children": [
                7
            ],
            "matrix": [
                0.3880815804004671,
                2.7755575615628914e-17,
                -0.9216248989105227,
                0,
                -7.077526603671558e-8,
                0.999999940395353,
                -2.980233843041802e-8,
                0,
                0.9216251094122028,
                7.679400795823632e-8,
                0.3880816690393752,
                0,
                -38.335502624511726,
                -0.0000019073486292597863,
                0.000003814697265625,
                1
            ],
            "name": "knee_R"
        },
        {
            "children": [
                8
            ],
            "matrix": [
                -0.3638393580913543,
                -0.2870503962039947,
                0.8861281871795657,
                0,
                -0.12333368730736785,
                0.9578010535724669,
                0.2596278118901634,
                0,
                -0.9232603320001762,
                -0.014826633175995085,
                -0.38388851906001076,
                0,
                -37.407752990722656,
                0.000007629394527697286,
                0.000003814697272286338,
                1
            ],
            "name": "ankle_R"
        },
        {
            "matrix": [
                -0.9370213150978092,
                0.0055699874646964395,
                -0.3492275178432464,
                0,
                0.0052154665713197955,
                0.9999843841217497,
                0.001955450541701376,
                0,
                0.3492329638836394,
                0.000010914393337944361,
                -0.9370357534299542,
                0,
                -21.777671813964844,
                -0.0000152587890625,
                -0.000007629394529473643,
                1
            ],
            "name": "toeBase_R"
        },
        {
            "children": [
                10,
                11,
                12
            ],
            "matrix": [
                -0.309137910604477,
                -1.474084428233602e-7,
                0.9510172009468082,
                0,
                -7.035773280204463e-7,
                1,
                -7.370422137452148e-8,
                0,
                -0.9510172009467768,
                -6.918989101420735e-7,
                -0.309137910604574,
                0,
                -8.33632469177246,
                -7.748603820800781e-7,
                15.391143798828125,
                1
            ],
            "name": "spine1"
        },
        {
            "matrix": [
                -0.6049565672874454,
                0.787813484668732,
                0.11566109210252765,
                0,
                0.71551746083338,
                0.6015819782548535,
                -0.35515320594121447,
                0,
                -0.34937412597032697,
                -0.13209473815751147,
                -0.9276253061546449,
                0,
                -10.391685485839872,
                -20.027332305908203,
                -14.844013214111328,
                1
            ],
            "name": "front_mid_pouch_jnt"
        },
        {
            "matrix": [
                -0.5289477109909058,
                0.8422394990921022,
                0.10414751619100573,
                0,
                0.7974029816181035,
                0.5352484240854418,
                -0.27867090631439156,
                0,
                -0.2904524878518107,
                -0.06435480901967468,
                -0.9547228788977836,
                0,
                -4.590080261230483,
                -12.066939353942876,
                24.351728439331055,
                1
            ],
            "name": "back_mid_pouch_jnt"
        },
        {
            "children": [
                13,
                14,
                15
            ],
            "matrix": [
                0.9301654696464542,
                -2.131628213236001e-14,
                -0.3671403527259827,
                0,
                -1.7506613953889447e-7,
                0.9999999999999998,
                -4.4353745920489e-7,
                0,
                0.36714035272598255,
                4.768370732677977e-7,
                0.9301654696464542,
                0,
                15.152587890624986,
                0.000002086162567138672,
                0,
                1
            ],
            "name": "spine2"
        },
        {
            "matrix": [
                -0.5872479677200316,
                0.7786354422569272,
                -0.22105804085731498,
                0,
                0.8032368079825725,
                0.5942740902158278,
                -0.040606141237136656,
                0,
                0.099751690411663,
                -0.2014078392053628,
                -0.9744149481701101,
                0,
                -0.36273193359375,
                -5.328502655029296,
                -24.24335479736328,
                1
            ],
            "name": "front_top_pouch_jnt"
        },
        {
            "matrix": [
                -0.3486537039279936,
                0.8796824812889097,
                -0.3234181702136992,
                0,
                0.9208090218730866,
                0.38585000329495106,
                0.056836671252348356,
                0,
                0.1747891225387703,
                -0.2779900474539949,
                -0.9445475790539816,
                0,
                -5.977699279785142,
                -2.3677947521209717,
                18.033172607421875,
                1
            ],
            "name": "back_top_pouch_jnt"
        },
        {
            "children": [
                16,
                21,
                22,
                34
            ],
            "matrix": [
                0.7409111261367797,
                5.539058633985405e-8,
                -0.6716030836105348,
                0,
                1.3278325929968546e-7,
                0.9999999999999992,
                2.2896139739713965e-7,
                0,
                0.6716030836105452,
                -2.588176931848908e-7,
                0.7409111261367701,
                0,
                16.621452331542955,
                -4.172325135387567e-7,
                0,
                1
            ],
            "name": "spine3"
        },
        {
            "children": [
                17
            ],
            "matrix": [
                0.9014459848403933,
                0.14860199391841897,
                -0.4065866172313689,
                0,
                -0.13546067995043903,
                0.9888972032408772,
                0.06109795326276875,
                0,
                0.4111516463381353,
                -5.021778761613134e-9,
                0.9115671404277302,
                0,
                24.680099487304688,
                8.940696717418817e-7,
                1.4210854715202004e-14,
                1
            ],
            "name": "neck1"
        },
        {
            "children": [
                18,
                19
            ],
            "matrix": [
                0.9292604923248288,
                -0.13964061439037317,
                -0.3420170545578002,
                0,
                0.07825331210020504,
                0.9792037055084755,
                -0.18718041942387842,
                0,
                0.3610422725517615,
                0.14717536740097487,
                0.9208624453588411,
                0,
                11.923141479492188,
                -0.000008583068849432607,
                -0.00002288818359375,
                1
            ],
            "name": "head"
        },
        {
            "matrix": [
                0.9999999999999998,
                -1.7763568394002505e-15,
                -6.441337774276687e-8,
                0,
                1.2830677507735223e-8,
                0.9799604415893558,
                0.19919271767139435,
                0,
                6.312256174322644e-8,
                -0.19919271767139507,
                0.9799604415893552,
                0,
                2.8413829803466797,
                -0.0000038146972620722863,
                -3.1467895507812784,
                1
            ],
            "name": "jaw1_0"
        },
        {
            "children": [
                20
            ],
            "matrix": [
                -0.3399291634559632,
                -0.04549872875213615,
                0.9393497109413149,
                0,
                0.048947818615208805,
                0.9966194055433565,
                0.06598576261303267,
                0,
                -0.939176319261648,
                0.068409597099877,
                -0.33655290160782636,
                0,
                3.504384994506836,
                0.09289932250976918,
                12.122283935546875,
                1
            ],
            "name": "hair2_0"
        },
        {
            "matrix": [
                1.0000001192092896,
                1.1175870895038797e-7,
                -5.960464478094174e-7,
                0,
                -1.1175899763612995e-7,
                1.0000000000000047,
                -5.06639480611637e-7,
                0,
                5.960463912435543e-7,
                5.066396076003343e-7,
                1.000000119209268,
                0,
                11.233871459960938,
                0.0000028610229456660363,
                -0.00000762939453125,
                1
            ],
            "name": "hair2_1"
        },
        {
            "matrix": [
                -0.04849520325660672,
                0.39586046338081404,
                -0.9170290827751162,
                0,
                0.5067950415055451,
                0.8009009306723825,
                0.3189297814915258,
                0,
                0.8607013354911475,
                -0.44927933113332547,
                -0.2394600286320333,
                0,
                7.750396728515625,
                16.821203231811527,
                20.41180419921875,
                1
            ],
            "name": "joint7"
        },
        {
            "children": [
                23
            ],
            "matrix": [
                0.3350109159946443,
                0.5799250602722169,
                -0.7425997257232664,
                0,
                0.3714585671325721,
                0.6430186918090817,
                0.6697354055016482,
                0,
                0.8659017494936591,
                -0.5002136439268061,
                1.4901163281066943e-7,
                0,
                13.63412475585939,
                8.850987434387205,
                1.5713119506835938,
                1
            ],
            "name": "clavicle_L"
        },
        {
            "children": [
                24
            ],
