{
    "accessors": {
        "attrbute_1": {
            "bufferView": "bufferView_31",
            "byteOffset": 0,
            "byteStride": 12,
            "count": 1957,
            "max": [
                53.11021041870117,
                21.471647262573242,
                173.42520141601562,
                0
            ],
            "min": [
                -79.02130126953125,
                -77.26051330566406,
                -1.6318178176879883,
                0
            ],
            "type": 35665
        },
        "attrbute_10": {
            "bufferView": "bufferView_31",
            "byteOffset": 140108,
            "byteStride": 16,
            "count": 709,
            "max": [
                12,
                15,
                16,
                -1
            ],
            "min": [
                0,
                -1,
                -1,
                -1
            ],
            "type": 35666
        },
        "attrbute_11": {
            "bufferView": "bufferView_31",
            "byteOffset": 151452,
            "byteStride": 12,
            "count": 709,
            "max": [
                1,
                0.9997420310974121,
                0.9963698983192444
            ],
            "min": [
                0.00020457965729292482,
                0,
                0
            ],
            "type": 35665
        },
        "attrbute_13": {
            "bufferView": "bufferView_31",
            "byteOffset": 159960,
            "byteStride": 12,
            "count": 193,
            "max": [
                22.30137825012207,
                5.629859447479248,
                85.36100006103516,
                0
            ],
            "min": [
                -22.470300674438477,
                -27.219907760620117,
                17.20389747619629,
                0
            ],
            "type": 35665
        },
        "attrbute_14": {
            "bufferView": "bufferView_31",
            "byteOffset": 162276,
            "byteStride": 12,
            "count": 193,
            "max": [
                0.9692476987838745,
                0.9985361695289612,
                0.8503865599632263,
                0
            ],
            "min": [
                -0.9829990267753601,
                -0.9999786019325256,
                -0.9733584523200989,
                0
            ],
            "type": 35665
        },
        "attrbute_15": {
            "bufferView": "bufferView_31",
            "byteOffset": 164592,
            "byteStride": 8,
            "count": 193,
            "max": [
                0.9876058101654053,
                0.9811763167381287
            ],
            "min": [
                0.019951552152633667,
                0.019514262676239014
            ],
            "type": 35664
        },
        "attrbute_16": {
            "bufferView": "bufferView_31",
            "byteOffset": 166136,
            "byteStride": 16,
            "count": 193,
            "max": [
                16,
                13,
                15,
                -1
            ],
            "min": [
                0,
                -1,
                -1,
                -1
            ],
            "type": 35666
        },
        "attrbute_17": {
            "bufferView": "bufferView_31",
            "byteOffset": 169224,
            "byteStride": 12,
            "count": 193,
            "max": [
                1,
                0.9885246157646179,
                0.6963009834289551
            ],
            "min": [
                0.0006946307839825749,
                0,
                0
            ],
            "type": 35665
        },
        "attrbute_19": {
            "bufferView": "bufferView_31",
            "byteOffset": 171540,
            "byteStride": 12,
            "count": 199,
            "max": [
                14.737895965576172,
                -21.384536743164062,
                179.2167510986328,
                0
            ],
            "min": [
                -9.857189178466797,
                -60.04838943481445,
                118.09364318847656,
                0
            ],
            "type": 35665
        },
        "attrbute_2": {
            "bufferView": "bufferView_31",
            "byteOffset": 23484,
            "byteStride": 12,
            "count": 1957,
            "max": [
                0.9993173480033875,
                0.9979347586631775,
                0.9994649291038513,
                0
            ],
            "min": [
                -0.9983972311019897,
                -0.9996841549873352,
                -0.9997384548187256,
                0
            ],
            "type": 35665
        },
        "attrbute_20": {
            "bufferView": "bufferView_31",
            "byteOffset": 173928,
            "byteStride": 12,
            "count": 199,
            "max": [
                0.9920169115066528,
                0.9994542598724365,
                0.9999456405639648,
                0
            ],
            "min": [
                -0.9845932722091675,
                -0.9946714043617249,
                -0.9997557997703552,
                0
            ],
            "type": 35665
        },
        "attrbute_21": {
            "bufferView": "bufferView_31",
            "byteOffset": 176316,
            "byteStride": 8,
            "count": 199,
            "max": [
                0.9893254041671753,
                0.9833999872207642
            ],
            "min": [
                0.007930620573461056,
                0.02044445276260376
            ],
            "type": 35664
        },
        "attrbute_22": {
            "bufferView": "bufferView_31",
            "byteOffset": 177908,
            "byteStride": 16,
            "count": 199,
            "max": [
                3,
                3,
                4,
                -1
            ],
            "min": [
                0,
                -1,
                -1,
                -1
            ],
            "type": 35666
        },
        "attrbute_23": {
            "bufferView": "bufferView_31",
            "byteOffset": 181092,
            "byteStride": 12,
            "count": 199,
            "max": [
                1,
                0.9998664855957031,
                0.013784166425466537
            ],
            "min": [
                0.00012159378093201667,
                0,
                0
            ],
            "type": 35665
        },
        "attrbute_25": {
            "bufferView": "bufferView_31",
            "byteOffset": 183480,
            "byteStride": 12,
            "count": 1044,
            "max": [
                -49.68421173095703,
                -18.137678146362305,
                247.55648803710938,
                0
            ],
            "min": [
                -110.85768127441406,
                -68.76590728759766,
                -5.660508155822754,
                0
            ],
            "type": 35665
        },
        "attrbute_26": {
            "bufferView": "bufferView_31",
            "byteOffset": 196008,
            "byteStride": 12,
            "count": 1044,
            "max": [
                0.9982529878616333,
                0.9981446266174316,
                0.9921661615371704,
                0
            ],
            "min": [
                -0.9994539022445679,
                -0.9975132346153259,
                -0.9977774620056152,
                0
            ],
            "type": 35665
        },
        "attrbute_27": {
            "bufferView": "bufferView_31",
            "byteOffset": 208536,
            "byteStride": 8,
            "count": 1044,
            "max": [
                0.9965000152587891,
                0.9911999702453613
            ],
            "min": [
                0.00839999970048666,
                0.007300019264221191
            ],
            "type": 35664
        },
        "attrbute_28": {
            "bufferView": "bufferView_31",
            "byteOffset": 216888,
            "byteStride": 16,
            "count": 1044,
            "max": [
                7,
                6,
                5,
                -1
            ],
            "min": [
                0,
                -1,
                -1,
                -1
            ],
            "type": 35666
        },
        "attrbute_29": {
            "bufferView": "bufferView_31",
            "byteOffset": 233592,
            "byteStride": 12,
            "count": 1044,
            "max": [
                1,
                0.9995092749595642,
                0.9372403621673584
            ],
            "min": [
                0.0004907301627099514,
                0,
                0
            ],
            "type": 35665
        },
        "attrbute_3": {
            "bufferView": "bufferView_31",
            "byteOffset": 46968,
            "byteStride": 8,
            "count": 1957,
            "max": [
                0.9990000128746033,
                0.999118983745575
            ],
            "min": [
                0.01269999984651804,
                0.010299980640411377
            ],
            "type": 35664
        },
        "attrbute_4": {
            "bufferView": "bufferView_31",
            "byteOffset": 62624,
            "byteStride": 16,
            "count": 1957,
            "max": [
                46,
                46,
                45,
                -1
            ],
            "min": [
                0,
                -1,
                -1,
                -1
            ],
            "type": 35666
        },
        "attrbute_5": {
            "bufferView": "bufferView_31",
            "byteOffset": 93936,
            "byteStride": 12,
            "count": 1957,
            "max": [
                1,
                0.999897837638855,
                0.9989724159240723
            ],
            "min": [
                0.00010218791430816054,
                0,
                0
            ],
            "type": 35665
        },
        "attrbute_7": {
            "bufferView": "bufferView_31",
            "byteOffset": 117420,
            "byteStride": 12,
            "count": 709,
            "max": [
                27.446300506591797,
                23.1585636138916,
                150.23680114746094,
                0
            ],
            "min": [
                -47.78409957885742,
                -35.41290283203125,
                45.87799835205078,
                0
            ],
            "type": 35665
        },
        "attrbute_8": {
            "bufferView": "bufferView_31",
            "byteOffset": 125928,
            "byteStride": 12,
            "count": 709,
            "max": [
                0.9987488985061646,
                0.9997862577438354,
                0.99489426612854,
                0
            ],
            "min": [
                -0.9986127614974976,
                -0.9981524348258972,
                -0.998424232006073,
                0
            ],
            "type": 35665
        },
        "attrbute_9": {
            "bufferView": "bufferView_31",
            "byteOffset": 134436,
            "byteStride": 8,
            "count": 709,
            "max": [
                0.9966999888420105,
                0.9858999848365784
            ],
            "min": [
                0.010999999940395355,
                0.003899991512298584
            ],
            "type": 35664
        },
        "indices_12": {
            "bufferView": "bufferView_33",
            "byteOffset": 18306,
            "count": 2922,
            "type": 5123
        },
        "indices_18": {
            "bufferView": "bufferView_33",
            "byteOffset": 24150,
            "count": 768,
            "type": 5123
        },
        "indices_24": {
            "bufferView": "bufferView_33",
            "byteOffset": 25686,
            "count": 750,
            "type": 5123
        },
        "indices_30": {
            "bufferView": "bufferView_33",
            "byteOffset": 27186,
            "count": 4176,
            "type": 5123
        },
        "indices_6": {
            "bufferView": "bufferView_33",
            "byteOffset": 0,
            "count": 9153,
            "type": 5123
        }
    },
    "animations": {},
    "asset": {},
    "bufferViews": {
        "bufferView_31": {
            "buffer": "witchdoctor.bin",
            "byteLength": 246120,
            "byteOffset": 0,
            "target": 34962
        },
        "bufferView_32": {
            "buffer": "witchdoctor.bin",
            "byteLength": 6784,
            "byteOffset": 246120
        },
        "bufferView_33": {
            "buffer": "witchdoctor.bin",
            "byteLength": 35538,
            "byteOffset": 252904,
            "target": 34963
        }
    },
    "buffers": {
        "witchdoctor.bin": {
            "byteLength": 288442,
            "path": "witchdoctor.bin"
        }
    },
    "cameras": {},
    "images": {
        "image_0": {
            "path": "textures/witchdoctor_body_color.png"
        },
        "image_1": {
            "path": "textures/witchdoctor_bag_color.png"
        },
        "image_2": {
            "path": "textures/witchdoctor_belt_color.png"
        },
        "image_3": {
            "path": "textures/witchdoctor_head_color.png"
        },
        "image_4": {
            "path": "textures/witchdoctor_staff_color.png"
        }
    },
    "lights": {},
    "materials": {
        "Material #35": {
            "instanceTechnique": {
                "technique": "technique_0",
                "values": {
                    "ambient": [
                        0.5879999995231628,
                        0.5879999995231628,
                        0.5879999995231628
                    ],
                    "diffuse": "Map #6",
                    "emission": [
                        0,
                        0,
                        0
                    ],
                    "shininess": 2,
                    "specular": [
                        0.8999999761581421,
                        0.8999999761581421,
                        0.8999999761581421
                    ],
                    "transparency": 1
                }
            },
            "name": "Material #35"
        },
        "Material #46": {
            "instanceTechnique": {
                "technique": "technique_0",
                "values": {
                    "ambient": [
                        0.5879999995231628,
                        0.5879999995231628,
                        0.5879999995231628
                    ],
                    "diffuse": "Map #7",
                    "emission": [
                        0,
                        0,
                        0
                    ],
                    "shininess": 2,
                    "specular": [
                        0.8999999761581421,
                        0.8999999761581421,
                        0.8999999761581421
                    ],
                    "transparency": 1
                }
            },
            "name": "Material #46"
        },
        "Material #57": {
            "instanceTechnique": {
                "technique": "technique_0",
                "values": {
                    "ambient": [
                        0.5879999995231628,
                        0.5879999995231628,
                        0.5879999995231628
                    ],
                    "diffuse": "Map #8",
                    "emission": [
                        0,
                        0,
                        0
                    ],
                    "shininess": 2,
                    "specular": [
                        0.8999999761581421,
                        0.8999999761581421,
                        0.8999999761581421
                    ],
                    "transparency": 1
                }
            },
            "name": "Material #57"
        },
        "Material #68": {
            "instanceTechnique": {
                "technique": "technique_0",
                "values": {
                    "ambient": [
                        0.5879999995231628,
                        0.5879999995231628,
                        0.5879999995231628
                    ],
                    "diffuse": "Map #9",
                    "emission": [
                        0,
                        0,
                        0
                    ],
                    "shininess": 2,
                    "specular": [
                        0.8999999761581421,
                        0.8999999761581421,
                        0.8999999761581421
                    ],
                    "transparency": 1
                }
            },
            "name": "Material #68"
        },
        "Material #79": {
            "instanceTechnique": {
                "technique": "technique_0",
                "values": {
                    "ambient": [
                        0.5879999995231628,
                        0.5879999995231628,
                        0.5879999995231628
                    ],
                    "diffuse": "Map #10",
                    "emission": [
                        0,
                        0,
                        0
                    ],
                    "shininess": 2,
                    "specular": [
                        0.8999999761581421,
                        0.8999999761581421,
                        0.8999999761581421
                    ],
                    "transparency": 1
                }
            },
            "name": "Material #79"
        }
    },
    "meshes": {
        "witchdoctor_bag_model_LOD0-mesh": {
            "name": "witchdoctor_bag_model_LOD0-mesh",
            "primitives": [
                {
                    "attributes": {
                        "JOINT": "attrbute_10",
                        "NORMAL": "attrbute_8",
                        "POSITION": "attrbute_7",
                        "TEXCOORD_0": "attrbute_9",
                        "WEIGHT": "attrbute_11"
                    },
                    "indices": "indices_12",
                    "material": "Material #46"
                }
            ]
        },
        "witchdoctor_belt_model_LOD0-mesh": {
            "name": "witchdoctor_belt_model_LOD0-mesh",
            "primitives": [
                {
                    "attributes": {
                        "JOINT": "attrbute_16",
                        "NORMAL": "attrbute_14",
                        "POSITION": "attrbute_13",
                        "TEXCOORD_0": "attrbute_15",
                        "WEIGHT": "attrbute_17"
                    },
                    "indices": "indices_18",
                    "material": "Material #57"
                }
            ]
        },
        "witchdoctor_head_model_LOD0-mesh": {
            "name": "witchdoctor_head_model_LOD0-mesh",
            "primitives": [
                {
                    "attributes": {
                        "JOINT": "attrbute_22",
                        "NORMAL": "attrbute_20",
                        "POSITION": "attrbute_19",
                        "TEXCOORD_0": "attrbute_21",
                        "WEIGHT": "attrbute_23"
                    },
                    "indices": "indices_24",
                    "material": "Material #68"
                }
            ]
        },
        "witchdoctor_model_LOD0-mesh": {
            "name": "witchdoctor_model_LOD0-mesh",
            "primitives": [
                {
                    "attributes": {
                        "JOINT": "attrbute_4",
                        "NORMAL": "attrbute_2",
                        "POSITION": "attrbute_1",
                        "TEXCOORD_0": "attrbute_3",
                        "WEIGHT": "attrbute_5"
                    },
                    "indices": "indices_6",
                    "material": "Material #35"
                }
            ]
        },
        "witchdoctor_staff_model_LOD0-mesh": {
            "name": "witchdoctor_staff_model_LOD0-mesh",
            "primitives": [
                {
                    "attributes": {
                        "JOINT": "attrbute_28",
                        "NORMAL": "attrbute_26",
                        "POSITION": "attrbute_25",
                        "TEXCOORD_0": "attrbute_27",
                        "WEIGHT": "attrbute_29"
                    },
                    "indices": "indices_30",
                    "material": "Material #79"
                }
            ]
        }
    },
    "nodes": {
        "ankle_L": {
            "children": [
                "toeBase_L"
            ],
            "jointId": "ankle_L",
            "matrix": [
                -0.36408489942550676,
                -0.2856125235557555,
                0.886491656303406,
                0,
                -0.12251136611462228,
                0.9582350161321627,
                0.2584112112931945,
                0,
                -0.9232730791033894,
                -0.014521687989409018,
                -0.3838697856667831,
                0,
                37.40773391723633,
                -0.000011444091796875,
                9.536743190707853e-7,
                1
            ],
            "name": "ankle_L"
        },
        "ankle_R": {
            "children": [
                "toeBase_R"
            ],
            "jointId": "ankle_R",
            "matrix": [
                -0.36383935809135415,
                -0.2870503962039946,
                0.8861281871795654,
                0,
                -0.12333368730736782,
                0.9578010535724664,
                0.25962781189016315,
                0,
                -0.9232603320001761,
                -0.014826633175995002,
                -0.38388851906001087,
                0,
                -37.40775299072265,
                0.00000762939453125,
                0.000003814697266513178,
                1
            ],
            "name": "ankle_R"
        },
        "backFlap_R0C0": {
            "children": [
                "backFlap_R1C0"
            ],
            "jointId": "backFlap_R0C0",
            "matrix": [
                0.3656488955020909,
                -6.617444900424222e-24,
                -0.9307528734207153,
                0,
                -0.9307528734207153,
                -1.6292068767908154e-7,
                -0.3656488955020908,
                0,
                -1.5163889422968342e-7,
                1.0000000000000002,
                -5.9571767945731987e-8,
                0,
                -17.74566268920898,
                -0.000002384185791015625,
                8.990341186523438,
                1
            ],
            "name": "backFlap_R0C0"
        },
        "backFlap_R1C0": {
            "children": [
                "backFlap_R2C0"
            ],
            "jointId": "backFlap_R1C0",
            "matrix": [
                0.9285933375358583,
                0.3710989654064179,
                -1.6206534780849324e-8,
                0,
                -0.3710989654064179,
                0.9285933375358582,
                4.817882093277607e-9,
                0,
                1.683719080005954e-8,
                1.5403750330264595e-9,
                0.9999999999999997,
                0,
                4.1549758911132955,
                0.000003814697269177714,
                -1.1920928955078125e-7,
                1
            ],
            "name": "backFlap_R1C0"
        },
        "backFlap_R2C0": {
            "children": [
                "backFlap_R3C0"
            ],
            "jointId": "backFlap_R2C0",
            "matrix": [
                0.9995935559272763,
                -0.0058599202893674365,
                -0.02789827436208725,
                0,
                0.005862202354847679,
                0.999982833863128,
                9.812640299806551e-12,
                0,
                0.02789779305157684,
                -0.00016354532537226705,
                0.9996106626371608,
                0,
                12.528068542480455,
                -0.0000021457672114699733,
                4.1723251331671207e-7,
                1
            ],
            "name": "backFlap_R2C0"
        },
        "backFlap_R3C0": {
            "children": [],
            "jointId": "backFlap_R3C0",
            "matrix": [
                0.9993274807929993,
                -1.4210854716525493e-13,
                0.03666532039642337,
                0,
                -6.508677290492691e-11,
                0.9999999999999997,
                1.7778409854972963e-9,
                0,
                -0.0366653247693398,
                -1.7790319928472253e-9,
                0.9993275999785274,
                0,
                12.536026000976577,
                -0.34988021850585893,
                0.07348966598510742,
                1
            ],
            "name": "backFlap_R3C0"
        },
        "back_mid_pouch_jnt": {
            "children": [],
            "jointId": "back_mid_pouch_jnt",
            "matrix": [
                -0.5289477109909059,
                0.842239499092102,
                0.10414751619100568,
                0,
                0.7974029816181035,
                0.5352484240854417,
                -0.27867090631439145,
                0,
                -0.29045248785181077,
                -0.06435480901967469,
                -0.9547228788977836,
                0,
                -4.590080261230469,
                -12.066939353942873,
                24.351728439331055,
                1
            ],
            "name": "back_mid_pouch_jnt"
        },
        "back_top_pouch_jnt": {
            "children": [],
            "jointId": "back_top_pouch_jnt",
            "matrix": [
                -0.3486537039279936,
                0.8796824812889099,
                -0.32341817021369923,
                0,
                0.9208090218730866,
                0.3858500032949511,
                0.05683667125234834,
                0,
                0.17478912253877027,
                -0.27799004745399486,
                -0.9445475790539819,
                0,
                -5.977699279785156,
                -2.3677947521209717,
                18.033172607421875,
                1
            ],
            "name": "back_top_pouch_jnt"
        },
        "base_pouch_jnt": {
            "children": [],
            "jointId": "base_pouch_jnt",
            "matrix": [
                -1.0578906998209878e-7,
                0.37496572732925404,
                -0.9270386695861818,
                0,
                -2.1783400631901957e-7,
                0.9270386695861734,
                0.3749657273292753,
                0,
                1,
                2.416078250123536e-7,
                -1.6390272214518354e-8,
                0,
                -13.63220691680908,
                -33.37627410888672,
                -10.301055908203125,
                1
            ],
            "name": "base_pouch_jnt"
        },
        "bicep_L": {
            "children": [
                "elbow_L"
            ],
            "jointId": "bicep_L",
            "matrix": [
                0.5438619852066039,
                -0.402908533811569,
                -0.7361243963241577,
                0,
                -0.5581830674425733,
                -0.8286955798528777,
                0.041180498891212614,
                0,
                -0.6266149330563533,
                0.3884956192873072,
                -0.6755926638143911,
                0,
                15.578275680541989,
                1.4210854715202004e-14,
                0.0000152587890625,
                1
            ],
            "name": "bicep_L"
        },
        "bicep_R": {
            "children": [
                "elbow_R"
            ],
            "jointId": "bicep_R",
            "matrix": [
                0.1286806464195252,
                -0.47871720790863054,
                -0.8684876561164854,
                0,
                -0.8037685905669476,
                -0.5633099018877926,
                0.19140937748785553,
                0,
                -0.5808588479160588,
                0.6734326357452274,
                -0.45726508641773866,
                0,
                -24.64209747314453,
                -0.00000762939453125,
                -0.00000762939453125,
                1
            ],
            "name": "bicep_R"
        },
        "clavicle_L": {
            "children": [
                "bicep_L"
            ],
            "jointId": "clavicle_L",
            "matrix": [
                0.33501091599464405,
                0.5799250602722168,
                -0.7425997257232665,
                0,
                0.37145856713257236,
                0.6430186918090816,
                0.6697354055016485,
                0,
                0.8659017494936593,
                -0.5002136439268059,
                1.4901163275515827e-7,
                0,
                13.63412475585939,
                8.850987434387207,
                1.5713119506835938,
                1
            ],
            "name": "clavicle_L"
        },
        "clavicle_R": {
            "children": [
                "bicep_R"
            ],
            "jointId": "clavicle_R",
            "matrix": [
                -0.13804101943969727,
                0.6390815973281861,
                -0.7566502094268795,
                0,
                0.1597515860981024,
                -0.7395937050549252,
                -0.6538199448556032,
                0,
                -0.9774580849728971,
                -0.21113005541587748,
                -2.980232349791834e-8,
                0,
                20.94976806640625,
                -4.139103412628173,
                4.6605758666992045,
                1
            ],
            "name": "clavicle_R"
        },
        "elbow_L": {
            "children": [
                "wrist_L"
            ],
            "jointId": "elbow_L",
            "matrix": [
                0.6991275548934935,
                -5.960464483090178e-8,
                -0.7149968147277833,
                0,
                9.478035928323081e-8,
                0.9999998807907077,
                9.313220975665226e-9,
                0,
                0.7149969312019289,
                -7.427880532873132e-8,
                0.6991276687825181,
                0,
                45.028686523437486,
                -0.0000152587890625,
                -1.7763568394002505e-15,
                1
            ],
            "name": "elbow_L"
        },
        "elbow_R": {
            "children": [
                "wrist_R"
            ],
            "jointId": "elbow_R",
            "matrix": [
                -0.42824393510818515,
                2.3841857926809595e-7,
                -0.903663396835327,
                0,
                -3.865795700219721e-7,
                1.0000003576278385,
                4.470348385354761e-7,
                0,
                0.9036632764219277,
                5.407775002796988e-7,
                -0.42824387804441866,
                0,
                -41.429576873779304,
                0.0000152587890625,
                -0.000030517578110789145,
                1
            ],
            "name": "elbow_R"
        },
        "front_mid_pouch_jnt": {
            "children": [],
            "jointId": "front_mid_pouch_jnt",
            "matrix": [
                -0.6049565672874448,
                0.7878134846687318,
                0.11566109210252754,
                0,
                0.7155174608333801,
                0.6015819782548534,
                -0.35515320594121447,
                0,
                -0.34937412597032713,
                -0.13209473815751144,
                -0.9276253061546449,
                0,
                -10.391685485839844,
                -20.027332305908207,
                -14.844013214111328,
                1
            ],
            "name": "front_mid_pouch_jnt"
        },
        "front_top_pouch_jnt": {
            "children": [],
            "jointId": "front_top_pouch_jnt",
            "matrix": [
                -0.587247967720032,
                0.7786354422569276,
                -0.22105804085731506,
                0,
                0.8032368079825725,
                0.5942740902158279,
                -0.04060614123713668,
                0,
                0.09975169041166299,
                -0.20140783920536273,
                -0.9744149481701099,
                0,
                -0.36273193359375,
                -5.328502655029296,
                -24.243354797363274,
                1
            ],
            "name": "front_top_pouch_jnt"
        },
        "hair2_0": {
            "children": [
                "hair2_1"
            ],
            "jointId": "hair2_0",
            "matrix": [
                -0.33992916345596313,
                -0.04549872875213615,
                0.9393497109413149,
                0,
                0.0489478186152088,
                0.9966194055433566,
                0.06598576261303268,
                0,
                -0.939176319261648,
                0.06840959709987698,
                -0.3365529016078263,
                0,
                3.504384994506836,
                0.09289932250976918,
                12.122283935546847,
                1
            ],
            "name": "hair2_0"
        },
        "hair2_1": {
            "children": [],
            "jointId": "hair2_1",
            "matrix": [
                1.0000001192092893,
                1.1175870896773521e-7,
                -5.960464477539062e-7,
                0,
                -1.1175899758408825e-7,
                1.0000000000000047,
                -5.066394806046981e-7,
                0,
                5.960463910215097e-7,
                5.066396075933954e-7,
                1.000000119209268,
                0,
                11.233871459960966,
                0.000002861022947442393,
                -0.00000762939453125,
                1
            ],
            "name": "hair2_1"
        },
        "head": {
            "children": [
                "jaw1_0",
                "hair2_0"
            ],
            "jointId": "head",
            "matrix": [
                0.9292604923248293,
                -0.13964061439037323,
                -0.3420170545578003,
                0,
                0.07825331210020506,
                0.9792037055084755,
                -0.18718041942387845,
                0,
                0.3610422725517616,
                0.1471753674009749,
                0.9208624453588411,
                0,
                11.923141479492188,
                -0.00000858306884765625,
                -0.00002288818359375,
                1
            ],
            "name": "head"
        },
        "index_0_L": {
            "children": [
                "index_1_L"
            ],
            "jointId": "index_0_L",
            "matrix": [
                0.9847603440284728,
                1.7136335370149247e-7,
                -0.17391480505466464,
                0,
                0.17391486465894387,
                -3.423557692269763e-7,
                0.984760681526318,
                0,
                1.0921118268059082e-7,
                -0.9999998807907092,
                -3.669411090950758e-7,
                0,
                22.79832458496094,
                -9.205322265625014,
                -8.620204925537102,
                1
            ],
            "name": "index_0_L"
        },
        "index_0_R": {
            "children": [],
            "jointId": "index_0_R",
            "matrix": [
                0.7442425489425661,
                0.5879714488983154,
                0.3168475031852722,
                0,
                -0.49920975978648496,
                0.1745281466753253,
                0.8487224109480395,
                0,
                0.44372570757509666,
                -0.789828641967633,
                0.42341232931735634,
                0,
                -21.124404907226562,
                -1.139057159423821,
                -2.343177795410142,
                1
            ],
            "name": "index_0_R"
        },
        "index_1_L": {
            "children": [],
            "jointId": "index_1_L",
            "matrix": [
                0.8752223849296571,
                -3.874301910955502e-7,
                -0.48372101783752464,
                0,
                1.7500713400675494e-7,
                1.0000003576278753,
                -4.8428776043552e-7,
                0,
                0.48372100654985006,
                3.3920473052617695e-7,
                0.8752223645059908,
                0,
                6.932899475097656,
                0,
                -0.000015258789048289145,
                1
            ],
            "name": "index_1_L"
        },
        "jaw1_0": {
            "children": [],
            "jointId": "jaw1_0",
            "matrix": [
                0.9999999999999997,
                -1.7763568294740831e-15,
                -6.441337774276687e-8,
                0,
                1.2830677507735268e-8,
                0.9799604415893556,
                0.19919271767139432,
                0,
                6.312256174322649e-8,
                -0.19919271767139518,
                0.9799604415893552,
                0,
                2.8413829803466797,
                -0.000003814697265625,
                -3.14678955078125,
                1
            ],
            "name": "jaw1_0"
        },
        "joint7": {
            "children": [],
            "jointId": "joint7",
            "matrix": [
                -0.048495203256606945,
                0.39586046338081377,
                -0.917029082775116,
                0,
                0.5067950415055452,
                0.8009009306723824,
                0.3189297814915258,
                0,
                0.8607013354911475,
                -0.44927933113332535,
                -0.23946002863203308,
                0,
                7.750396728515625,
                16.82120323181152,
                20.411804199218764,
                1
            ],
            "name": "joint7"
        },
        "knee_L": {
            "children": [
                "ankle_L"
            ],
            "jointId": "knee_L",
            "matrix": [
                0.3880820572376255,
                1.8626451488146234e-7,
                -0.9216248393058779,
                0,
                2.4311338733817855e-8,
                1.0000001192092896,
                2.123416418323143e-7,
                0,
                0.92162482597795,
                -1.0481190081124137e-7,
                0.38808205162541887,
                0,
                38.33551025390624,
                -0.000003814697265625,
                -0.000011444091796875,
                1
            ],
            "name": "knee_L"
        },
        "knee_R": {
            "children": [
                "ankle_R"
            ],
            "jointId": "knee_R",
            "matrix": [
                0.38808158040046714,
                0,
                -0.9216248989105225,
                0,
                -7.077526596732664e-8,
                0.9999999403953528,
                -2.9802338409601337e-8,
                0,
                0.9216251094122025,
                7.679400800680858e-8,
                0.3880816690393751,
                0,
                -38.33550262451172,
                -0.0000019073486328125,
