{
    "animations": {},
    "asset": {},
    "attributes": {
        "attribute_1": {
            "bufferView": "bufferView_37",
            "byteOffset": 0,
            "byteStride": 12,
            "count": 409,
            "max": [
                1,
                1,
                1
            ],
            "min": [
                0,
                0,
                0
            ],
            "type": "FLOAT_VEC3"
        },
        "attribute_10": {
            "bufferView": "bufferView_37",
            "byteOffset": 82620,
            "byteStride": 16,
            "count": 1815,
            "max": [
                1,
                1,
                1
            ],
            "min": [
                0,
                0,
                0
            ],
            "type": "FLOAT_VEC4"
        },
        "attribute_11": {
            "bufferView": "bufferView_37",
            "byteOffset": 111660,
            "byteStride": 12,
            "count": 1815,
            "max": [
                1,
                1,
                1
            ],
            "min": [
                0,
                0,
                0
            ],
            "type": "FLOAT_VEC3"
        },
        "attribute_13": {
            "bufferView": "bufferView_37",
            "byteOffset": 133440,
            "byteStride": 12,
            "count": 516,
            "max": [
                1,
                1,
                1
            ],
            "min": [
                0,
                0,
                0
            ],
            "type": "FLOAT_VEC3"
        },
        "attribute_14": {
            "bufferView": "bufferView_37",
            "byteOffset": 139632,
            "byteStride": 12,
            "count": 516,
            "max": [
                1,
                1,
                1
            ],
            "min": [
                0,
                0,
                0
            ],
            "type": "FLOAT_VEC3"
        },
        "attribute_15": {
            "bufferView": "bufferView_37",
            "byteOffset": 145824,
            "byteStride": 8,
            "count": 516,
            "max": [
                1,
                1,
                1
            ],
            "min": [
                0,
                0,
                0
            ],
            "type": "FLOAT_VEC2"
        },
        "attribute_16": {
            "bufferView": "bufferView_37",
            "byteOffset": 149952,
            "byteStride": 16,
            "count": 516,
            "max": [
                1,
                1,
                1
            ],
            "min": [
                0,
                0,
                0
            ],
            "type": "FLOAT_VEC4"
        },
        "attribute_17": {
            "bufferView": "bufferView_37",
            "byteOffset": 158208,
            "byteStride": 12,
            "count": 516,
            "max": [
                1,
                1,
                1
            ],
            "min": [
                0,
                0,
                0
            ],
            "type": "FLOAT_VEC3"
        },
        "attribute_19": {
            "bufferView": "bufferView_37",
            "byteOffset": 164400,
            "byteStride": 12,
            "count": 561,
            "max": [
                1,
                1,
                1
            ],
            "min": [
                0,
                0,
                0
            ],
            "type": "FLOAT_VEC3"
        },
        "attribute_2": {
            "bufferView": "bufferView_37",
            "byteOffset": 4908,
            "byteStride": 12,
            "count": 409,
            "max": [
                1,
                1,
                1
            ],
            "min": [
                0,
                0,
                0
            ],
            "type": "FLOAT_VEC3"
        },
        "attribute_20": {
            "bufferView": "bufferView_37",
            "byteOffset": 171132,
            "byteStride": 12,
            "count": 561,
            "max": [
                1,
                1,
                1
            ],
            "min": [
                0,
                0,
                0
            ],
            "type": "FLOAT_VEC3"
        },
        "attribute_21": {
            "bufferView": "bufferView_37",
            "byteOffset": 177864,
            "byteStride": 8,
            "count": 561,
            "max": [
                1,
                1,
                1
            ],
            "min": [
                0,
                0,
                0
            ],
            "type": "FLOAT_VEC2"
        },
        "attribute_22": {
            "bufferView": "bufferView_37",
            "byteOffset": 182352,
            "byteStride": 16,
            "count": 561,
            "max": [
                1,
                1,
                1
            ],
            "min": [
                0,
                0,
                0
            ],
            "type": "FLOAT_VEC4"
        },
        "attribute_23": {
            "bufferView": "bufferView_37",
            "byteOffset": 191328,
            "byteStride": 12,
            "count": 561,
            "max": [
                1,
                1,
                1
            ],
            "min": [
                0,
                0,
                0
            ],
            "type": "FLOAT_VEC3"
        },
        "attribute_25": {
            "bufferView": "bufferView_37",
            "byteOffset": 198060,
            "byteStride": 12,
            "count": 397,
            "max": [
                1,
                1,
                1
            ],
            "min": [
                0,
                0,
                0
            ],
            "type": "FLOAT_VEC3"
        },
        "attribute_26": {
            "bufferView": "bufferView_37",
            "byteOffset": 202824,
            "byteStride": 12,
            "count": 397,
            "max": [
                1,
                1,
                1
            ],
            "min": [
                0,
                0,
                0
            ],
            "type": "FLOAT_VEC3"
        },
        "attribute_27": {
            "bufferView": "bufferView_37",
            "byteOffset": 207588,
            "byteStride": 8,
            "count": 397,
            "max": [
                1,
                1,
                1
            ],
            "min": [
                0,
                0,
                0
            ],
            "type": "FLOAT_VEC2"
        },
        "attribute_28": {
            "bufferView": "bufferView_37",
            "byteOffset": 210764,
            "byteStride": 16,
            "count": 397,
            "max": [
                1,
                1,
                1
            ],
            "min": [
                0,
                0,
                0
            ],
            "type": "FLOAT_VEC4"
        },
        "attribute_29": {
            "bufferView": "bufferView_37",
            "byteOffset": 217116,
            "byteStride": 12,
            "count": 397,
            "max": [
                1,
                1,
                1
            ],
            "min": [
                0,
                0,
                0
            ],
            "type": "FLOAT_VEC3"
        },
        "attribute_3": {
            "bufferView": "bufferView_37",
            "byteOffset": 9816,
            "byteStride": 8,
            "count": 409,
            "max": [
                1,
                1,
                1
            ],
            "min": [
                0,
                0,
                0
            ],
            "type": "FLOAT_VEC2"
        },
        "attribute_31": {
            "bufferView": "bufferView_37",
            "byteOffset": 221880,
            "byteStride": 12,
            "count": 249,
            "max": [
                1,
                1,
                1
            ],
            "min": [
                0,
                0,
                0
            ],
            "type": "FLOAT_VEC3"
        },
        "attribute_32": {
            "bufferView": "bufferView_37",
            "byteOffset": 224868,
            "byteStride": 12,
            "count": 249,
            "max": [
                1,
                1,
                1
            ],
            "min": [
                0,
                0,
                0
            ],
            "type": "FLOAT_VEC3"
        },
        "attribute_33": {
            "bufferView": "bufferView_37",
            "byteOffset": 227856,
            "byteStride": 8,
            "count": 249,
            "max": [
                1,
                1,
                1
            ],
            "min": [
                0,
                0,
                0
            ],
            "type": "FLOAT_VEC2"
        },
        "attribute_34": {
            "bufferView": "bufferView_37",
            "byteOffset": 229848,
            "byteStride": 16,
            "count": 249,
            "max": [
                1,
                1,
                1
            ],
            "min": [
                0,
                0,
                0
            ],
            "type": "FLOAT_VEC4"
        },
        "attribute_35": {
            "bufferView": "bufferView_37",
            "byteOffset": 233832,
            "byteStride": 12,
            "count": 249,
            "max": [
                1,
                1,
                1
            ],
            "min": [
                0,
                0,
                0
            ],
            "type": "FLOAT_VEC3"
        },
        "attribute_4": {
            "bufferView": "bufferView_37",
            "byteOffset": 13088,
            "byteStride": 16,
            "count": 409,
            "max": [
                1,
                1,
                1
            ],
            "min": [
                0,
                0,
                0
            ],
            "type": "FLOAT_VEC4"
        },
        "attribute_5": {
            "bufferView": "bufferView_37",
            "byteOffset": 19632,
            "byteStride": 12,
            "count": 409,
            "max": [
                1,
                1,
                1
            ],
            "min": [
                0,
                0,
                0
            ],
            "type": "FLOAT_VEC3"
        },
        "attribute_7": {
            "bufferView": "bufferView_37",
            "byteOffset": 24540,
            "byteStride": 12,
            "count": 1815,
            "max": [
                1,
                1,
                1
            ],
            "min": [
                0,
                0,
                0
            ],
            "type": "FLOAT_VEC3"
        },
        "attribute_8": {
            "bufferView": "bufferView_37",
            "byteOffset": 46320,
            "byteStride": 12,
            "count": 1815,
            "max": [
                1,
                1,
                1
            ],
            "min": [
                0,
                0,
                0
            ],
            "type": "FLOAT_VEC3"
        },
        "attribute_9": {
            "bufferView": "bufferView_37",
            "byteOffset": 68100,
            "byteStride": 8,
            "count": 1815,
            "max": [
                1,
                1,
                1
            ],
            "min": [
                0,
                0,
                0
            ],
            "type": "FLOAT_VEC2"
        }
    },
    "bufferViews": {
        "bufferView_37": {
            "buffer": "lone_druid.bin",
            "byteLength": 236820,
            "byteOffset": 0,
            "target": "ARRAY_BUFFER"
        },
        "bufferView_38": {
            "buffer": "lone_druid.bin",
            "byteLength": 40740,
            "byteOffset": 236820,
            "target": "ELEMENT_ARRAY_BUFFER"
        }
    },
    "buffers": {
        "lone_druid.bin": {
            "byteLength": 277560,
            "path": "lone_druid.bin"
        }
    },
    "cameras": {},
    "images": {
        "image_0": {
            "path": "textures/lonedruid_body_color.png"
        },
        "image_1": {
            "path": "textures/lonedruid_base_color.png"
        },
        "image_2": {
            "path": "textures/lonedruid_head_color.png"
        },
        "image_3": {
            "path": "textures/lonedruid_arms_color.png"
        },
        "image_4": {
            "path": "textures/lonedruid_shoulder_color.png"
        },
        "image_5": {
            "path": "textures/lonedruid_weapon_color.png"
        }
    },
    "indices": {
        "indices_12": {
            "bufferView": "bufferView_38",
            "byteOffset": 2952,
            "count": 9684,
            "type": "UNSIGNED_SHORT"
        },
        "indices_18": {
            "bufferView": "bufferView_38",
            "byteOffset": 22320,
            "count": 2748,
            "type": "UNSIGNED_SHORT"
        },
        "indices_24": {
            "bufferView": "bufferView_38",
            "byteOffset": 27816,
            "count": 3090,
            "type": "UNSIGNED_SHORT"
        },
        "indices_30": {
            "bufferView": "bufferView_38",
            "byteOffset": 33996,
            "count": 2214,
            "type": "UNSIGNED_SHORT"
        },
        "indices_36": {
            "bufferView": "bufferView_38",
            "byteOffset": 38424,
            "count": 1158,
            "type": "UNSIGNED_SHORT"
        },
        "indices_6": {
            "bufferView": "bufferView_38",
            "byteOffset": 0,
            "count": 1476,
            "type": "UNSIGNED_SHORT"
        }
    },
    "lights": {},
    "materials": {
        "Material #35": {
            "instanceTechnique": {
                "technique": "technique_0",
                "values": [
                    {
                        "parameter": "ambient",
                        "value": [
                            0.5879999995231628,
                            0.5879999995231628,
                            0.5879999995231628
                        ]
                    },
                    {
                        "parameter": "emission",
                        "value": [
                            0,
                            0,
                            0
                        ]
                    },
                    {
                        "parameter": "diffuse",
                        "value": "Map #8"
                    },
                    {
                        "parameter": "shininess",
                        "value": 2
                    },
                    {
                        "parameter": "specular",
                        "value": [
                            0.8999999761581421,
                            0.8999999761581421,
                            0.8999999761581421
                        ]
                    }
                ]
            },
            "name": "Material #35"
        },
        "Material #46": {
            "instanceTechnique": {
                "technique": "technique_0",
                "values": [
                    {
                        "parameter": "ambient",
                        "value": [
                            0.5879999995231628,
                            0.5879999995231628,
                            0.5879999995231628
                        ]
                    },
                    {
                        "parameter": "emission",
                        "value": [
                            0,
                            0,
                            0
                        ]
                    },
                    {
                        "parameter": "diffuse",
                        "value": "Map #10"
                    },
                    {
                        "parameter": "shininess",
                        "value": 2
                    },
                    {
                        "parameter": "specular",
                        "value": [
                            0.8999999761581421,
                            0.8999999761581421,
                            0.8999999761581421
                        ]
                    }
                ]
            },
            "name": "Material #46"
        },
        "Material #57": {
            "instanceTechnique": {
                "technique": "technique_0",
                "values": [
                    {
                        "parameter": "ambient",
                        "value": [
                            0.5879999995231628,
                            0.5879999995231628,
                            0.5879999995231628
                        ]
                    },
                    {
                        "parameter": "emission",
                        "value": [
                            0,
                            0,
                            0
                        ]
                    },
                    {
                        "parameter": "diffuse",
                        "value": "Map #9"
                    },
                    {
                        "parameter": "shininess",
                        "value": 2
                    },
                    {
                        "parameter": "specular",
                        "value": [
                            0.8999999761581421,
                            0.8999999761581421,
                            0.8999999761581421
                        ]
                    }
                ]
            },
            "name": "Material #57"
        },
        "Material #68": {
            "instanceTechnique": {
                "technique": "technique_0",
                "values": [
                    {
                        "parameter": "ambient",
                        "value": [
                            0.5879999995231628,
                            0.5879999995231628,
                            0.5879999995231628
                        ]
                    },
                    {
                        "parameter": "emission",
                        "value": [
                            0,
                            0,
                            0
                        ]
                    },
                    {
                        "parameter": "diffuse",
                        "value": "Map #7"
                    },
                    {
                        "parameter": "shininess",
                        "value": 2
                    },
                    {
                        "parameter": "specular",
                        "value": [
                            0.8999999761581421,
                            0.8999999761581421,
                            0.8999999761581421
                        ]
                    }
                ]
            },
            "name": "Material #68"
        },
        "Material #79": {
            "instanceTechnique": {
                "technique": "technique_0",
                "values": [
                    {
                        "parameter": "ambient",
                        "value": [
                            0.5879999995231628,
                            0.5879999995231628,
                            0.5879999995231628
                        ]
                    },
                    {
                        "parameter": "emission",
                        "value": [
                            0,
                            0,
                            0
                        ]
                    },
                    {
                        "parameter": "diffuse",
                        "value": "Map #11"
                    },
                    {
                        "parameter": "shininess",
                        "value": 2
                    },
                    {
                        "parameter": "specular",
                        "value": [
                            0.8999999761581421,
                            0.8999999761581421,
                            0.8999999761581421
                        ]
                    }
                ]
            },
            "name": "Material #79"
        },
        "Material #90": {
            "instanceTechnique": {
                "technique": "technique_0",
                "values": [
                    {
                        "parameter": "ambient",
                        "value": [
                            0.5879999995231628,
                            0.5879999995231628,
                            0.5879999995231628
                        ]
                    },
                    {
                        "parameter": "emission",
                        "value": [
                            0,
                            0,
                            0
                        ]
                    },
                    {
                        "parameter": "diffuse",
                        "value": "Map #12"
                    },
                    {
                        "parameter": "shininess",
                        "value": 2
                    },
                    {
                        "parameter": "specular",
                        "value": [
                            0.8999999761581421,
                            0.8999999761581421,
                            0.8999999761581421
                        ]
                    }
                ]
            },
            "name": "Material #90"
        }
    },
    "meshes": {
        "arms_model_LOD0-mesh": {
            "name": "arms_model_LOD0-mesh",
            "primitives": [
                {
                    "indices": "indices_24",
                    "material": "Material #68",
                    "semantics": {
                        "JOINT": "attribute_22",
                        "NORMAL": "attribute_20",
                        "POSITION": "attribute_19",
                        "TEXCOORD_0": "attribute_21",
                        "WEIGHT": "attribute_23"
                    },
                    "skin": "skin_3"
                }
            ]
        },
        "body_model_LOD0-mesh": {
            "name": "body_model_LOD0-mesh",
            "primitives": [
                {
                    "indices": "indices_6",
                    "material": "Material #35",
                    "semantics": {
                        "JOINT": "attribute_4",
                        "NORMAL": "attribute_2",
                        "POSITION": "attribute_1",
                        "TEXCOORD_0": "attribute_3",
                        "WEIGHT": "attribute_5"
                    },
                    "skin": "skin_0"
                }
            ]
        },
        "head_model_LOD0-mesh": {
            "name": "head_model_LOD0-mesh",
            "primitives": [
                {
                    "indices": "indices_18",
                    "material": "Material #57",
                    "semantics": {
                        "JOINT": "attribute_16",
                        "NORMAL": "attribute_14",
                        "POSITION": "attribute_13",
                        "TEXCOORD_0": "attribute_15",
                        "WEIGHT": "attribute_17"
                    },
                    "skin": "skin_2"
                }
            ]
        },
        "lone_druid_model_LOD0-mesh": {
            "name": "lone_druid_model_LOD0-mesh",
            "primitives": [
                {
                    "indices": "indices_12",
                    "material": "Material #46",
                    "semantics": {
                        "JOINT": "attribute_10",
                        "NORMAL": "attribute_8",
                        "POSITION": "attribute_7",
                        "TEXCOORD_0": "attribute_9",
                        "WEIGHT": "attribute_11"
                    },
                    "skin": "skin_1"
                }
            ]
        },
        "shoulder_model_LOD0-mesh": {
            "name": "shoulder_model_LOD0-mesh",
            "primitives": [
                {
                    "indices": "indices_30",
                    "material": "Material #79",
                    "semantics": {
                        "JOINT": "attribute_28",
                        "NORMAL": "attribute_26",
                        "POSITION": "attribute_25",
                        "TEXCOORD_0": "attribute_27",
                        "WEIGHT": "attribute_29"
                    },
                    "skin": "skin_4"
                }
            ]
        },
        "weapon_model_LOD0-mesh": {
            "name": "weapon_model_LOD0-mesh",
            "primitives": [
                {
                    "indices": "indices_36",
                    "material": "Material #90",
                    "semantics": {
                        "JOINT": "attribute_34",
                        "NORMAL": "attribute_32",
                        "POSITION": "attribute_31",
                        "TEXCOORD_0": "attribute_33",
                        "WEIGHT": "attribute_35"
                    },
                    "skin": "skin_5"
                }
            ]
        }
    },
    "nodes": {
        "BCollar0_0": {
            "children": [
                "BCollar0_1"
            ],
            "matrix": [
                0.8807207942008974,
                -7.105427357601002e-15,
                0.4736357629299164,
                0,
                -7.035352241741321e-8,
                0.9999999999999996,
                1.3082166105959906e-7,
                0,
                -0.4736357629299165,
                -1.4853930149206924e-7,
                0.8807207942008971,
                0,
                16.034683227539062,
                -0.0000013655298971571028,
                13.183594703674315,
                1
            ],
            "name": "BCollar0_0"
        },
        "BCollar0_1": {
            "children": [],
            "matrix": [
                0.510865390300751,
                1.6646110623241844e-7,
                0.8596608042716982,
                0,
                -4.5564658612916007e-7,
                0.9999999999999997,
                7.713852312464069e-8,
                0,
                -0.8596608042716611,
                -4.311089124187281e-7,
                0.5108653903008125,
                0,
                21.54949951171875,
                -0.0000023246975615620613,
                0.0000152587890625,
                1
            ],
            "name": "BCollar0_1"
        },
        "BSkirt_R0C0": {
            "children": [
                "BSkirt_R1C0"
            ],
            "matrix": [
                -0.009270371869211728,
                -1.511060077072107e-7,
                -0.9999570250511172,
                0,
                -0.9999570250511304,
                0.000009374522981243305,
                0.009270371867795245,
                0,
                0.000009372719380098708,
                1.0000000000000002,
                -2.380048300318979e-7,
                0,
                -23.119728088378903,
                -0.000003704498794832033,
                1.4225845336914062,
                1
            ],
            "name": "BSkirt_R0C0"
        },
        "BSkirt_R1C0": {
            "children": [],
            "matrix": [
                0.9999570250511172,
                -0.009270534850656985,
                -2.842170943040401e-14,
                0,
                0.009270534850656988,
                0.999957025051117,
                -0.000009536743164062498,
                0,
                8.841073874748049e-8,
                0.000009536333372666991,
                1.0000000000000002,
                0,
                31.422134399414055,
                -0.0000019073486337006784,
                0.000003347995516378446,
                1
            ],
            "name": "BSkirt_R1C0"
        },
        "CBeard1_0": {
            "children": [],
            "matrix": [
                1.0000001192092898,
                -4.296334055720245e-15,
                -1.0587911840678754e-22,
                0,
                4.296333563415438e-15,
                0.9999999999999998,
                9.55449763750948e-8,
                0,
                -3.1763735522036263e-22,
                -9.554498776494361e-8,
                1.0000001192092896,
                0,
                15.977487564086918,
                3.4644745028345084e-7,
                -8.213378906250028,
                1
            ],
            "name": "CBeard1_0"
        },
        "FSkirt_R0C0": {
            "children": [
                "FSkirt_R1C0"
            ],
            "matrix": [
                0.016725311055774444,
                -8.772775572649254e-8,
                -0.9998600482940676,
                0,
                -0.9998600482940813,
                -0.000009223558910408855,
                -0.0167253110549654,
                0,
                -0.000009220802146394709,
                1.0000000000000002,
                -2.4198240565917437e-7,
                0,
                16.690670013427734,
                0.0000027585085717873876,
                0.8980178833007812,
                1
            ],
            "name": "FSkirt_R0C0"
        },
        "FSkirt_R1C0": {
            "children": [],
            "matrix": [
                1.000000238418579,
                -3.469446951953614e-18,
                -2.8421709377464448e-14,
                0,
                -3.469446951953614e-18,
                1.0000002384185789,
                0.000003814698629867051,
                0,
                2.842170260120087e-14,
                -0.000003814697720372242,
                1,
                0,
                30.0932159423828,
                0.000015258789055394573,
                -4.471512511371482e-7,
                1
            ],
            "name": "FSkirt_R1C0"
        },
        "Head_0": {
            "children": [
                "Head_1"
            ],
            "matrix": [
                0.971345067024231,
                -3.552713678800501e-15,
                -0.23767445981502539,
                0,
                3.603188464771613e-15,
                1,
                -2.220446169191502e-16,
                0,
                0.2376744598150253,
                -6.407039335522742e-16,
                0.9713450670242311,
                0,
                7.0829315185546875,
                -1.1708107194863175e-7,
                -0.0000019073486310361432,
                1
            ],
            "name": "Head_0"
        },
        "Head_1": {
            "children": [
                "RBeard_R0C0",
                "CBeard1_0",
                "LBeard_R0C0"
            ],
            "matrix": [
                0.29252171516418474,
                6.361810363421384e-15,
                -0.9562585949897765,
                0,
                -2.755510593910463e-14,
                0.9999999999999999,
                -1.7763568394002505e-15,
                0,
                0.9562585949897764,
                2.6869429816921847e-14,
                0.2925217151641849,
                0,
                16.42350769042966,
                -0.00000242678288486786,
                0.00000762939453125,
                1
            ],
            "name": "Head_1"
        },
        "LBeard_R0C0": {
            "children": [
                "LBeard_R1C0"
            ],
            "matrix": [
                -0.017007146030664326,
                -0.044628538191318214,
                -0.9988590478897094,
                0,
                -0.9991429417139481,
                -0.03694957090183033,
                0.01866286869079865,
                0,
                -0.03774029743872028,
                0.9983200436971322,
                -0.043961867833391725,
                0,
                8.801054000854492,
                8.761830329895021,
                -5.735412597656278,
                1
            ],
            "name": "LBeard_R0C0"
        },
        "LBeard_R1C0": {
            "children": [],
            "matrix": [
                0.9988589286804199,
                -0.018662858754396442,
                0.04396214336156845,
                0,
                0.017131148756258274,
                0.9992418289033606,
                0.03496436031166948,
                0,
                -0.04458135156522026,
                -0.0341713446172862,
                0.9984214310144789,
                0,
                18.07635498046875,
                -0.33774566650390625,
                0.7956008911132804,
                1
            ],
            "name": "LBeard_R1C0"
        },
        "Lweapon_1": {
            "children": [],
            "matrix": [
                0.03662566095590602,
                0.9391665458679198,
                -0.341503232717514,
                0,
                0.32360831025531117,
                0.31217263623670843,
                0.8932110607431829,
                0,
                0.9454820177761902,
                -0.14322774572080466,
                -0.29248860282591865,
                0,
                -8.049367904663088,
                38.807415008544915,
                -44.202857971191406,
                1
            ],
            "name": "Lweapon_1"
        },
        "RBeard_R0C0": {
            "children": [
                "RBeard_R1C0"
            ],
            "matrix": [
                0.03619699180126177,
                -0.04331202432513221,
                -0.9984056353569026,
                0,
                -0.9993446469995824,
                -0.0014777916163194937,
                -0.03616692711749081,
                0,
                0.00009102734863014076,
                0.9990604520678389,
                -0.04333713087524853,
                0,
                8.14880561828613,
                -7.979326248168945,
                -6.9388275146484375,
                1
            ],
            "name": "RBeard_R0C0"
        },
        "RBeard_R1C0": {
            "children": [],
            "matrix": [
                0.9984055161476134,
                0.03616752102971076,
                0.04333711788058281,
                0,
                -0.03619760593594264,
                0.9993444680013199,
                -0.00009051420057407431,
                0,
                -0.04331199589395448,
                -0.0014783304890680045,
                0.9990605116898672,
                0,
                16.731414794921875,
                -0.3888816833496094,
                0.14824771881103516,
                1
            ],
            "name": "RBeard_R1C0"
        },
        "RShoulderArmor2_0": {
            "children": [
                "Skull_R0C0"
            ],
            "matrix": [
                0.29052841663360585,
                0.7430174350738524,
                0.6029244065284728,
                0,
                0.8787683519025468,
                -0.45651525938550225,
                0.13914118971854628,
                0,
                0.3786284872191852,
                0.48940637289636263,
                -0.7855707907224229,
                0,
                -25.306615829467777,
                3.946835517883299,
                -0.7443237304687216,
                1
            ],
            "name": "RShoulderArmor2_0"
        },
        "Root_0": {
            "children": [
                "BSkirt_R0C0",
                "FSkirt_R0C0",
                "Spine_0",
                "thigh_L",
                "Lweapon_1",
                "thigh_R"
            ],
            "matrix": [
                -1.629206851037603e-7,
                -1.0000000000000002,
                0,
                0,
                1.0000000000000002,
                -1.629206851037603e-7,
                0,
                0,
                0,
                0,
                1,
                0,
                -8.096687992916081e-15,
                -16.713336944580078,
                93.92584991455078,
                1
            ],
            "name": "Root_0"
        },
        "Skull_R0C0": {
            "children": [
                "Skull_R1C0"
            ],
            "matrix": [
                0.6563464999198915,
                0.059471085667610175,
                -0.752112090587616,
                0,
                -0.7484826735436897,
                -0.07390935184040708,
                -0.659023380462836,
                0,
                -0.09478090675613912,
                0.9954900713444388,
                -0.0039970652407625385,
                0,
                25.89496612548828,
                0,
                -0.00002288818359375,
                1
            ],
            "name": "Skull_R0C0"
        },
        "Skull_R1C0": {
            "children": [
                "Skull_R2C0"
            ],
            "matrix": [
                0.9999999403953552,
                4.4060584514227336e-8,
                -9.046189575201504e-9,
                0,
                -4.401902743226284e-8,
                0.9999896287918113,
                0.004543652757460805,
                0,
                9.246294506140127e-9,
                -0.004543653840221379,
                0.9999898670912174,
                0,
                10.084915161132798,
                -0.0000286102294921875,
                -0.000003814697265625,
                1
            ],
            "name": "Skull_R1C0"
        },
        "Skull_R2C0": {
            "children": [],
            "matrix": [
                0.9999719262123113,
                -0.007488191593438389,
                -0.0008422169485129419,
                0,
                0.007477205095520887,
                0.999895572461536,
                -0.012365505097705148,
                0,
                0.0009347240230961172,
                0.012358857268426223,
                0.999923229088841,
                0,
                15.363845825195327,
                -0.000003814697265625,
                0.0000019073486292597863,
                1
            ],
            "name": "Skull_R2C0"
        },
        "Spine_0": {
            "children": [
                "Spine_2"
            ],
            "matrix": [
                -0.21293310821056377,
                -5.07672090347583e-8,
                0.9770667552947996,
                0,
                -4.713694462325876e-7,
                1.0000000000000002,
                -5.0767209096242965e-8,
                0,
                -0.9770667552947948,
                -4.713694350036182e-7,
                -0.21293310821058703,
                0,
                -0.6953372955322266,
                8.130109563353471e-7,
                21.191177368164062,
                1
            ],
            "name": "Spine_0"
        },
        "Spine_2": {
            "children": [
                "Spine_3"
            ],
            "matrix": [
                0.9677693843841557,
                1.0658141023166613e-14,
                -0.25183811783790594,
                0,
                -1.200857834501508e-7,
                0.9999999999999999,
                -4.614684030457285e-7,
                0,
                0.25183811783790594,
                4.768371700114803e-7,
                0.9677693843841559,
                0,
                15.79214477539064,
                0.0000013088301784591732,
                -0.000007629394538355427,
                1
            ],
            "name": "Spine_2"
        },
