{
    "accessors": {
        "attrbute_1": {
            "bufferView": "bufferView_37",
            "byteOffset": 0,
            "byteStride": 12,
            "count": 427,
            "max": [
                38.44929504394531,
                20.343120574951172,
                190.69606018066406,
                0
            ],
            "min": [
                -42.32822036743164,
                -41.69391632080078,
                22.07794761657715,
                0
            ],
            "type": 35665
        },
        "attrbute_10": {
            "bufferView": "bufferView_37",
            "byteOffset": 92308,
            "byteStride": 16,
            "count": 2084,
            "max": [
                47,
                48,
                47,
                -1
            ],
            "min": [
                0,
                -1,
                -1,
                -1
            ],
            "type": 35666
        },
        "attrbute_11": {
            "bufferView": "bufferView_37",
            "byteOffset": 125652,
            "byteStride": 12,
            "count": 2084,
            "max": [
                1,
                0.9990841746330261,
                0.9947802424430847
            ],
            "min": [
                0.00011013686889782548,
                0,
                0
            ],
            "type": 35665
        },
        "attrbute_13": {
            "bufferView": "bufferView_37",
            "byteOffset": 150660,
            "byteStride": 12,
            "count": 630,
            "max": [
                13.592259407043457,
                -4.1570868492126465,
                188.97482299804688,
                0
            ],
            "min": [
                -13.452381134033203,
                -42.52065658569336,
                126.17076110839844,
                0
            ],
            "type": 35665
        },
        "attrbute_14": {
            "bufferView": "bufferView_37",
            "byteOffset": 158220,
            "byteStride": 12,
            "count": 630,
            "max": [
                0.9980324506759644,
                0.9992340803146362,
                0.9999998807907104,
                0
            ],
            "min": [
                -0.9980324506759644,
                -0.9995953440666199,
                -0.9987251162528992,
                0
            ],
            "type": 35665
        },
        "attrbute_15": {
            "bufferView": "bufferView_37",
            "byteOffset": 165780,
            "byteStride": 8,
            "count": 630,
            "max": [
                0.9843924045562744,
                0.9873559474945068
            ],
            "min": [
                0.015431776642799377,
                0.011707782745361328
            ],
            "type": 35664
        },
        "attrbute_16": {
            "bufferView": "bufferView_37",
            "byteOffset": 170820,
            "byteStride": 16,
            "count": 630,
            "max": [
                5,
                7,
                7,
                -1
            ],
            "min": [
                0,
                -1,
                -1,
                -1
            ],
            "type": 35666
        },
        "attrbute_17": {
            "bufferView": "bufferView_37",
            "byteOffset": 180900,
            "byteStride": 12,
            "count": 630,
            "max": [
                1,
                0.9998727440834045,
                0.9816102385520935
            ],
            "min": [
                0.0001272206282010302,
                0,
                0
            ],
            "type": 35665
        },
        "attrbute_19": {
            "bufferView": "bufferView_37",
            "byteOffset": 188460,
            "byteStride": 12,
            "count": 672,
            "max": [
                65.98084259033203,
                14.816938400268555,
                125.88948822021484,
                0
            ],
            "min": [
                -73.54570007324219,
                -39.77914047241211,
                62.4430046081543,
                0
            ],
            "type": 35665
        },
        "attrbute_2": {
            "bufferView": "bufferView_37",
            "byteOffset": 5124,
            "byteStride": 12,
            "count": 427,
            "max": [
                0.998222291469574,
                0.9999976754188538,
                0.9998490810394287,
                0
            ],
            "min": [
                -0.9991019368171692,
                -0.9997876286506653,
                -0.9998581409454346,
                0
            ],
            "type": 35665
        },
        "attrbute_20": {
            "bufferView": "bufferView_37",
            "byteOffset": 196524,
            "byteStride": 12,
            "count": 672,
            "max": [
                0.9978110790252686,
                0.994473934173584,
                0.9888647198677063,
                0
            ],
            "min": [
                -0.9987657070159912,
                -0.9993288516998291,
                -0.9866396188735962,
                0
            ],
            "type": 35665
        },
        "attrbute_21": {
            "bufferView": "bufferView_37",
            "byteOffset": 204588,
            "byteStride": 8,
            "count": 672,
            "max": [
                0.9941580295562744,
                0.9897823333740234
            ],
            "min": [
                0.012000784277915955,
                0.012247204780578613
            ],
            "type": 35664
        },
        "attrbute_22": {
            "bufferView": "bufferView_37",
            "byteOffset": 209964,
            "byteStride": 16,
            "count": 672,
            "max": [
                5,
                7,
                5,
                -1
            ],
            "min": [
                0,
                -1,
                -1,
                -1
            ],
            "type": 35666
        },
        "attrbute_23": {
            "bufferView": "bufferView_37",
            "byteOffset": 220716,
            "byteStride": 12,
            "count": 672,
            "max": [
                1,
                0.9101880192756653,
                0.11047225445508957
            ],
            "min": [
                0.08981198817491531,
                0,
                0
            ],
            "type": 35665
        },
        "attrbute_25": {
            "bufferView": "bufferView_37",
            "byteOffset": 228780,
            "byteStride": 12,
            "count": 487,
            "max": [
                -11.01810073852539,
                23.757312774658203,
                178.1265869140625,
                0
            ],
            "min": [
                -58.94615173339844,
                -42.6881217956543,
                94.38898468017578,
                0
            ],
            "type": 35665
        },
        "attrbute_26": {
            "bufferView": "bufferView_37",
            "byteOffset": 234624,
            "byteStride": 12,
            "count": 487,
            "max": [
                0.9995831251144409,
                0.9972224235534668,
                0.9982737898826599,
                0
            ],
            "min": [
                -0.9989176988601685,
                -0.9939770698547363,
                -0.9886074066162109,
                0
            ],
            "type": 35665
        },
        "attrbute_27": {
            "bufferView": "bufferView_37",
            "byteOffset": 240468,
            "byteStride": 8,
            "count": 487,
            "max": [
                0.9873926043510437,
                0.9840633869171143
            ],
            "min": [
                0.012230128049850464,
                0.009026110172271729
            ],
            "type": 35664
        },
        "attrbute_28": {
            "bufferView": "bufferView_37",
            "byteOffset": 244364,
            "byteStride": 16,
            "count": 487,
            "max": [
                1,
                2,
                3,
                -1
            ],
            "min": [
                0,
                -1,
                -1,
                -1
            ],
            "type": 35666
        },
        "attrbute_29": {
            "bufferView": "bufferView_37",
            "byteOffset": 252156,
            "byteStride": 12,
            "count": 487,
            "max": [
                1,
                0.4523563086986542,
                0.35780930519104004
            ],
            "min": [
                0.1898343861103058,
                0,
                0
            ],
            "type": 35665
        },
        "attrbute_3": {
            "bufferView": "bufferView_37",
            "byteOffset": 10248,
            "byteStride": 8,
            "count": 427,
            "max": [
                0.9899315237998962,
                0.9903324842453003
            ],
            "min": [
                0.005126753821969032,
                0.008879303932189941
            ],
            "type": 35664
        },
        "attrbute_31": {
            "bufferView": "bufferView_37",
            "byteOffset": 258000,
            "byteStride": 12,
            "count": 265,
            "max": [
                48.193199157714844,
                14.214521408081055,
                61.934783935546875,
                0
            ],
            "min": [
                25.837387084960938,
                -76.58624267578125,
                19.34110450744629,
                0
            ],
            "type": 35665
        },
        "attrbute_32": {
            "bufferView": "bufferView_37",
            "byteOffset": 261180,
            "byteStride": 12,
            "count": 265,
            "max": [
                0.9995168447494507,
                0.9453249573707581,
                0.93534255027771,
                0
            ],
            "min": [
                -0.9964411854743958,
                -0.9979907274246216,
                -0.9671725034713745,
                0
            ],
            "type": 35665
        },
        "attrbute_33": {
            "bufferView": "bufferView_37",
            "byteOffset": 264360,
            "byteStride": 8,
            "count": 265,
            "max": [
                0.985293984413147,
                0.9772130250930786
            ],
            "min": [
                0.013156999833881855,
                0.017026007175445557
            ],
            "type": 35664
        },
        "attrbute_34": {
            "bufferView": "bufferView_37",
            "byteOffset": 266480,
            "byteStride": 16,
            "count": 265,
            "max": [
                0,
                -1,
                -1,
                -1
            ],
            "min": [
                0,
                -1,
                -1,
                -1
            ],
            "type": 35666
        },
        "attrbute_35": {
            "bufferView": "bufferView_37",
            "byteOffset": 270720,
            "byteStride": 12,
            "count": 265,
            "max": [
                1,
                0,
                0
            ],
            "min": [
                1,
                0,
                0
            ],
            "type": 35665
        },
        "attrbute_4": {
            "bufferView": "bufferView_37",
            "byteOffset": 13664,
            "byteStride": 16,
            "count": 427,
            "max": [
                11,
                14,
                14,
                -1
            ],
            "min": [
                0,
                -1,
                -1,
                -1
            ],
            "type": 35666
        },
        "attrbute_5": {
            "bufferView": "bufferView_37",
            "byteOffset": 20496,
            "byteStride": 12,
            "count": 427,
            "max": [
                1,
                0.9994786977767944,
                0.9599999785423279
            ],
            "min": [
                0.0005213202093727887,
                0,
                0
            ],
            "type": 35665
        },
        "attrbute_7": {
            "bufferView": "bufferView_37",
            "byteOffset": 25620,
            "byteStride": 12,
            "count": 2084,
            "max": [
                56.79090881347656,
                12.347025871276855,
                185.60987854003906,
                0
            ],
            "min": [
                -56.790870666503906,
                -43.7227783203125,
                0.18044106662273407,
                0
            ],
            "type": 35665
        },
        "attrbute_8": {
            "bufferView": "bufferView_37",
            "byteOffset": 50628,
            "byteStride": 12,
            "count": 2084,
            "max": [
                0.9990967512130737,
                0.9991312026977539,
                1,
                0
            ],
            "min": [
                -0.9993191361427307,
                -0.9999951124191284,
                -0.9993605613708496,
                0
            ],
            "type": 35665
        },
        "attrbute_9": {
            "bufferView": "bufferView_37",
            "byteOffset": 75636,
            "byteStride": 8,
            "count": 2084,
            "max": [
                0.9926437139511108,
                0.9943252801895142
            ],
            "min": [
                0.008146324194967747,
                0.0076361894607543945
            ],
            "type": 35664
        },
        "indices_12": {
            "bufferView": "bufferView_39",
            "byteOffset": 2952,
            "count": 9684,
            "type": 5123
        },
        "indices_18": {
            "bufferView": "bufferView_39",
            "byteOffset": 22320,
            "count": 2748,
            "type": 5123
        },
        "indices_24": {
            "bufferView": "bufferView_39",
            "byteOffset": 27816,
            "count": 3090,
            "type": 5123
        },
        "indices_30": {
            "bufferView": "bufferView_39",
            "byteOffset": 33996,
            "count": 2214,
            "type": 5123
        },
        "indices_36": {
            "bufferView": "bufferView_39",
            "byteOffset": 38424,
            "count": 1158,
            "type": 5123
        },
        "indices_6": {
            "bufferView": "bufferView_39",
            "byteOffset": 0,
            "count": 1476,
            "type": 5123
        }
    },
    "animations": {},
    "asset": {},
    "bufferViews": {
        "bufferView_37": {
            "buffer": "lone_druid.bin",
            "byteLength": 273900,
            "byteOffset": 0,
            "target": 34962
        },
        "bufferView_38": {
            "buffer": "lone_druid.bin",
            "byteLength": 6592,
            "byteOffset": 273900
        },
        "bufferView_39": {
            "buffer": "lone_druid.bin",
            "byteLength": 40740,
            "byteOffset": 280492,
            "target": 34963
        }
    },
    "buffers": {
        "lone_druid.bin": {
            "byteLength": 321232,
            "path": "lone_druid.bin"
        }
    },
    "cameras": {},
    "images": {
        "image_0": {
            "path": "textures/lonedruid_body_color.png"
        },
        "image_1": {
            "path": "textures/lonedruid_base_color.png"
        },
        "image_2": {
            "path": "textures/lonedruid_head_color.png"
        },
        "image_3": {
            "path": "textures/lonedruid_arms_color.png"
        },
        "image_4": {
            "path": "textures/lonedruid_shoulder_color.png"
        },
        "image_5": {
            "path": "textures/lonedruid_weapon_color.png"
        }
    },
    "lights": {},
    "materials": {
        "Material #35": {
            "instanceTechnique": {
                "technique": "technique_0",
                "values": {
                    "ambient": [
                        0.5879999995231628,
                        0.5879999995231628,
                        0.5879999995231628
                    ],
                    "diffuse": "Map #8",
                    "emission": [
                        0,
                        0,
                        0
                    ],
                    "shininess": 2,
                    "specular": [
                        0.8999999761581421,
                        0.8999999761581421,
                        0.8999999761581421
                    ],
                    "transparency": 1
                }
            },
            "name": "Material #35"
        },
        "Material #46": {
            "instanceTechnique": {
                "technique": "technique_0",
                "values": {
                    "ambient": [
                        0.5879999995231628,
                        0.5879999995231628,
                        0.5879999995231628
                    ],
                    "diffuse": "Map #10",
                    "emission": [
                        0,
                        0,
                        0
                    ],
                    "shininess": 2,
                    "specular": [
                        0.8999999761581421,
                        0.8999999761581421,
                        0.8999999761581421
                    ],
                    "transparency": 1
                }
            },
            "name": "Material #46"
        },
        "Material #57": {
            "instanceTechnique": {
                "technique": "technique_0",
                "values": {
                    "ambient": [
                        0.5879999995231628,
                        0.5879999995231628,
                        0.5879999995231628
                    ],
                    "diffuse": "Map #9",
                    "emission": [
                        0,
                        0,
                        0
                    ],
                    "shininess": 2,
                    "specular": [
                        0.8999999761581421,
                        0.8999999761581421,
                        0.8999999761581421
                    ],
                    "transparency": 1
                }
            },
            "name": "Material #57"
        },
        "Material #68": {
            "instanceTechnique": {
                "technique": "technique_0",
                "values": {
                    "ambient": [
                        0.5879999995231628,
                        0.5879999995231628,
                        0.5879999995231628
                    ],
                    "diffuse": "Map #7",
                    "emission": [
                        0,
                        0,
                        0
                    ],
                    "shininess": 2,
                    "specular": [
                        0.8999999761581421,
                        0.8999999761581421,
                        0.8999999761581421
                    ],
                    "transparency": 1
                }
            },
            "name": "Material #68"
        },
        "Material #79": {
            "instanceTechnique": {
                "technique": "technique_0",
                "values": {
                    "ambient": [
                        0.5879999995231628,
                        0.5879999995231628,
                        0.5879999995231628
                    ],
                    "diffuse": "Map #11",
                    "emission": [
                        0,
                        0,
                        0
                    ],
                    "shininess": 2,
                    "specular": [
                        0.8999999761581421,
                        0.8999999761581421,
                        0.8999999761581421
                    ],
                    "transparency": 1
                }
            },
            "name": "Material #79"
        },
        "Material #90": {
            "instanceTechnique": {
                "technique": "technique_0",
                "values": {
                    "ambient": [
                        0.5879999995231628,
                        0.5879999995231628,
                        0.5879999995231628
                    ],
                    "diffuse": "Map #12",
                    "emission": [
                        0,
                        0,
                        0
                    ],
                    "shininess": 2,
                    "specular": [
                        0.8999999761581421,
                        0.8999999761581421,
                        0.8999999761581421
                    ],
                    "transparency": 1
                }
            },
            "name": "Material #90"
        }
    },
    "meshes": {
        "arms_model_LOD0-mesh": {
            "name": "arms_model_LOD0-mesh",
            "primitives": [
                {
                    "attributes": {
                        "JOINT": "attrbute_22",
                        "NORMAL": "attrbute_20",
                        "POSITION": "attrbute_19",
                        "TEXCOORD_0": "attrbute_21",
                        "WEIGHT": "attrbute_23"
                    },
                    "indices": "indices_24",
                    "material": "Material #68"
                }
            ]
        },
        "body_model_LOD0-mesh": {
            "name": "body_model_LOD0-mesh",
            "primitives": [
                {
                    "attributes": {
                        "JOINT": "attrbute_4",
                        "NORMAL": "attrbute_2",
                        "POSITION": "attrbute_1",
                        "TEXCOORD_0": "attrbute_3",
                        "WEIGHT": "attrbute_5"
                    },
                    "indices": "indices_6",
                    "material": "Material #35"
                }
            ]
        },
        "head_model_LOD0-mesh": {
            "name": "head_model_LOD0-mesh",
            "primitives": [
                {
                    "attributes": {
                        "JOINT": "attrbute_16",
                        "NORMAL": "attrbute_14",
                        "POSITION": "attrbute_13",
                        "TEXCOORD_0": "attrbute_15",
                        "WEIGHT": "attrbute_17"
                    },
                    "indices": "indices_18",
                    "material": "Material #57"
                }
            ]
        },
        "lone_druid_model_LOD0-mesh": {
            "name": "lone_druid_model_LOD0-mesh",
            "primitives": [
                {
                    "attributes": {
                        "JOINT": "attrbute_10",
                        "NORMAL": "attrbute_8",
                        "POSITION": "attrbute_7",
                        "TEXCOORD_0": "attrbute_9",
                        "WEIGHT": "attrbute_11"
                    },
                    "indices": "indices_12",
                    "material": "Material #46"
                }
            ]
        },
        "shoulder_model_LOD0-mesh": {
            "name": "shoulder_model_LOD0-mesh",
            "primitives": [
                {
                    "attributes": {
                        "JOINT": "attrbute_28",
                        "NORMAL": "attrbute_26",
                        "POSITION": "attrbute_25",
                        "TEXCOORD_0": "attrbute_27",
                        "WEIGHT": "attrbute_29"
                    },
                    "indices": "indices_30",
                    "material": "Material #79"
                }
            ]
        },
        "weapon_model_LOD0-mesh": {
            "name": "weapon_model_LOD0-mesh",
            "primitives": [
                {
                    "attributes": {
                        "JOINT": "attrbute_34",
                        "NORMAL": "attrbute_32",
                        "POSITION": "attrbute_31",
                        "TEXCOORD_0": "attrbute_33",
                        "WEIGHT": "attrbute_35"
                    },
                    "indices": "indices_36",
                    "material": "Material #90"
                }
            ]
        }
    },
    "nodes": {
        "BCollar0_0": {
            "children": [
                "BCollar0_1"
            ],
            "jointId": "BCollar0_0",
            "matrix": [
                0.8807207942008973,
                -7.105427350983557e-15,
                0.47363576292991644,
                0,
                -7.035352241741321e-8,
                0.9999999999999996,
                1.3082166105959906e-7,
                0,
                -0.4736357629299165,
                -1.4853930149206932e-7,
                0.8807207942008971,
                0,
                16.03468322753909,
                -0.0000013655298971571045,
                13.183594703674316,
                1
            ],
            "name": "BCollar0_0"
        },
        "BCollar0_1": {
            "children": [],
            "jointId": "BCollar0_1",
            "matrix": [
                0.510865390300751,
                1.6646110623241841e-7,
                0.8596608042716981,
                0,
                -4.5564658612915986e-7,
                0.9999999999999996,
                7.713852312464061e-8,
                0,
                -0.8596608042716612,
                -4.311089124187279e-7,
                0.5108653903008125,
                0,
                21.54949951171878,
                -0.0000023246975615620613,
                0.0000152587890625,
                1
            ],
            "name": "BCollar0_1"
        },
        "BSkirt_R0C0": {
            "children": [
                "BSkirt_R1C0"
            ],
            "jointId": "BSkirt_R0C0",
            "matrix": [
                -0.009270371869211728,
                -1.511060077072107e-7,
                -0.9999570250511172,
                0,
                -0.9999570250511304,
                0.000009374522981243305,
                0.009270371867795245,
                0,
                0.000009372719380098708,
                1.0000000000000002,
                -2.380048300318979e-7,
                0,
                -23.119728088378903,
                -0.000003704498794832033,
                1.4225845336914062,
                1
            ],
            "name": "BSkirt_R0C0"
        },
        "BSkirt_R1C0": {
            "children": [],
            "jointId": "BSkirt_R1C0",
            "matrix": [
                0.9999570250511172,
                -0.009270534850656985,
                -2.842170943040401e-14,
                0,
                0.009270534850656988,
                0.999957025051117,
                -0.000009536743164062498,
                0,
                8.841073874748052e-8,
                0.000009536333372666991,
                1.0000000000000002,
                0,
                31.422134399414055,
                -0.0000019073486337006784,
                0.000003347995516378446,
                1
            ],
            "name": "BSkirt_R1C0"
        },
        "CBeard1_0": {
            "children": [],
            "jointId": "CBeard1_0",
            "matrix": [
                1.0000001192092898,
                -4.2963340655451985e-15,
                0,
                0,
                4.2963335459878884e-15,
                0.9999999999999998,
                9.55449763750948e-8,
                0,
                -3.1763735522036263e-22,
                -9.554498776494361e-8,
                1.0000001192092896,
                0,
                15.977487564086914,
                3.4644745028344914e-7,
                -8.21337890625,
                1
            ],
            "name": "CBeard1_0"
        },
        "FSkirt_R0C0": {
            "children": [
                "FSkirt_R1C0"
            ],
            "jointId": "FSkirt_R0C0",
            "matrix": [
                0.016725311055774444,
                -8.772775572649254e-8,
                -0.9998600482940676,
                0,
                -0.9998600482940813,
                -0.000009223558910408855,
                -0.0167253110549654,
                0,
                -0.000009220802146394709,
                1.0000000000000002,
                -2.4198240565917437e-7,
                0,
                16.690670013427734,
                0.0000027585085717873876,
                0.8980178833007812,
                1
            ],
            "name": "FSkirt_R0C0"
        },
        "FSkirt_R1C0": {
            "children": [],
            "jointId": "FSkirt_R1C0",
            "matrix": [
                1.000000238418579,
                -3.469446951953614e-18,
                -2.8421709377464448e-14,
                0,
                -3.469446951953614e-18,
                1.0000002384185789,
                0.000003814698629867051,
                0,
                2.842170260120087e-14,
                -0.000003814697720372242,
                1,
                0,
                30.0932159423828,
                0.000015258789055394573,
                -4.471512511371482e-7,
                1
            ],
            "name": "FSkirt_R1C0"
        },
        "Head_0": {
            "children": [
                "Head_1"
            ],
            "jointId": "Head_0",
            "matrix": [
                0.9713450670242312,
                -3.5527136589481662e-15,
                -0.23767445981502533,
                0,
                3.603188458154168e-15,
                1,
                -2.2204460864734406e-16,
                0,
                0.23767445981502533,
                -6.407039335522742e-16,
                0.971345067024231,
                0,
                7.082931518554716,
                -1.1708107194863175e-7,
                -0.0000019073486310361432,
                1
            ],
            "name": "Head_0"
        },
        "Head_1": {
            "children": [
                "RBeard_R0C0",
                "CBeard1_0",
                "LBeard_R0C0"
            ],
            "jointId": "Head_1",
            "matrix": [
                0.2925217151641848,
                6.361810340361566e-15,
                -0.9562585949897765,
                0,
                -2.7555105932487184e-14,
                0.9999999999999999,
                -1.7763568526351403e-15,
                0,
                0.9562585949897767,
                2.6869429830156737e-14,
                0.2925217151641849,
                0,
                16.42350769042966,
                -0.000002426782884867862,
                0.000007629394524144573,
                1
            ],
            "name": "Head_1"
        },
        "LBeard_R0C0": {
            "children": [
                "LBeard_R1C0"
            ],
            "jointId": "LBeard_R0C0",
            "matrix": [
                -0.017007146030664326,
                -0.04462853819131822,
                -0.9988590478897094,
                0,
                -0.9991429417139481,
                -0.03694957090183033,
                0.01866286869079865,
                0,
                -0.03774029743872028,
                0.9983200436971322,
                -0.043961867833391725,
                0,
                8.801054000854492,
                8.761830329895021,
                -5.73541259765625,
                1
            ],
            "name": "LBeard_R0C0"
        },
        "LBeard_R1C0": {
            "children": [],
            "jointId": "LBeard_R1C0",
            "matrix": [
                0.9988589286804199,
                -0.018662858754396446,
                0.04396214336156846,
                0,
                0.017131148756258274,
                0.9992418289033607,
                0.034964360311669496,
                0,
                -0.04458135156522027,
                -0.03417134461728619,
                0.9984214310144791,
                0,
                18.07635498046875,
                -0.3377456665039027,
                0.7956008911132812,
                1
            ],
            "name": "LBeard_R1C0"
        },
        "Lweapon_1": {
            "children": [],
            "jointId": "Lweapon_1",
            "matrix": [
                0.03662566095590602,
                0.9391665458679198,
                -0.341503232717514,
                0,
                0.32360831025531117,
                0.31217263623670843,
                0.8932110607431829,
                0,
                0.9454820177761902,
                -0.14322774572080466,
                -0.29248860282591865,
                0,
                -8.049367904663088,
                38.807415008544915,
                -44.202857971191406,
                1
            ],
            "name": "Lweapon_1"
        },
        "RBeard_R0C0": {
            "children": [
                "RBeard_R1C0"
            ],
            "jointId": "RBeard_R0C0",
            "matrix": [
                0.03619699180126177,
                -0.04331202432513221,
                -0.9984056353569026,
                0,
                -0.9993446469995823,
                -0.0014777916163194937,
                -0.03616692711749081,
                0,
                0.00009102734863014065,
                0.9990604520678389,
                -0.04333713087524853,
                0,
                8.148805618286126,
                -7.979326248168945,
                -6.9388275146484375,
                1
            ],
            "name": "RBeard_R0C0"
        },
        "RBeard_R1C0": {
            "children": [],
            "jointId": "RBeard_R1C0",
            "matrix": [
                0.9984055161476133,
                0.03616752102971074,
                0.04333711788058279,
                0,
                -0.036197605935942644,
                0.9993444680013199,
                -0.00009051420057407392,
                0,
                -0.04331199589395448,
                -0.0014783304890680043,
                0.9990605116898673,
                0,
                16.731414794921875,
                -0.3888816833496094,
                0.1482477188110316,
                1
            ],
            "name": "RBeard_R1C0"
        },
        "RShoulderArmor2_0": {
            "children": [
                "Skull_R0C0"
            ],
            "jointId": "RShoulderArmor2_0",
            "matrix": [
                0.2905284166336057,
                0.7430174350738523,
                0.6029244065284729,
                0,
                0.8787683519025469,
                -0.4565152593855023,
                0.1391411897185463,
                0,
                0.37862848721918524,
                0.4894063728963626,
                -0.785570790722423,
                0,
                -25.306615829467777,
                3.9468355178833026,
                -0.7443237304687216,
                1
            ],
            "name": "RShoulderArmor2_0"
        },
        "Root_0": {
            "children": [
                "BSkirt_R0C0",
                "FSkirt_R0C0",
                "Spine_0",
                "thigh_L",
                "Lweapon_1",
                "thigh_R"
            ],
            "jointId": "Root_0",
            "matrix": [
                -1.629206851037603e-7,
                -1.0000000000000002,
                0,
                0,
                1.0000000000000002,
                -1.629206851037603e-7,
                0,
                0,
                0,
                0,
                1,
                0,
                -8.096687992916081e-15,
                -16.713336944580078,
                93.92584991455078,
                1
            ],
            "name": "Root_0"
        },
        "Skull_R0C0": {
            "children": [
                "Skull_R1C0"
            ],
            "jointId": "Skull_R0C0",
            "matrix": [
                0.6563464999198914,
                0.05947108566761015,
                -0.752112090587616,
                0,
                -0.7484826735436892,
                -0.073909351840407,
                -0.6590233804628362,
                0,
                -0.09478090675613911,
                0.9954900713444386,
                -0.003997065240762566,
                0,
                25.894966125488267,
                -7.105427357601002e-15,
                -0.00002288818359375,
                1
            ],
            "name": "Skull_R0C0"
        },
        "Skull_R1C0": {
            "children": [
                "Skull_R2C0"
            ],
            "jointId": "Skull_R1C0",
            "matrix": [
                0.9999999403953554,
                4.4060584514227336e-8,
                -9.04618957520145e-9,
                0,
                -4.4019027432262946e-8,
                0.9999896287918113,
                0.004543652757460804,
                0,
                9.246294506140048e-9,
                -0.0045436538402213785,
                0.9999898670912173,
                0,
                10.084915161132827,
                -0.000028610229488634786,
                -0.0000038146972620722863,
                1
            ],
            "name": "Skull_R1C0"
        },
        "Skull_R2C0": {
            "children": [],
            "jointId": "Skull_R2C0",
            "matrix": [
                0.9999719262123111,
                -0.007488191593438387,
                -0.000842216948512942,
                0,
                0.007477205095520888,
                0.9998955724615359,
                -0.012365505097705154,
                0,
                0.0009347240230961172,
                0.012358857268426218,
                0.9999232290888413,
                0,
                15.363845825195327,
                -0.000003814697269177714,
                0.0000019073486292597863,
                1
            ],
            "name": "Skull_R2C0"
        },
        "Spine_0": {
            "children": [
                "Spine_2"
            ],
            "jointId": "Spine_0",
            "matrix": [
                -0.21293310821056377,
                -5.07672090347583e-8,
                0.9770667552947996,
                0,
                -4.713694462325876e-7,
                1.0000000000000002,
                -5.0767209096242965e-8,
                0,
                -0.9770667552947948,
                -4.713694350036182e-7,
                -0.21293310821058703,
                0,
                -0.6953372955322266,
                8.130109563353471e-7,
                21.191177368164062,
                1
            ],
            "name": "Spine_0"
        },
        "Spine_2": {
            "children": [
                "Spine_3"
            ],
            "jointId": "Spine_2",
            "matrix": [
                0.9677693843841555,
                1.0658141023166613e-14,
                -0.251838117837906,
                0,
                -1.200857834501508e-7,
                0.9999999999999999,
                -4.614684030457285e-7,
                0,
                0.2518381178379059,
                4.768371700114802e-7,
                0.9677693843841557,
                0,
                15.79214477539064,
                0.0000013088301784591732,
                -0.000007629394538355427,
                1
            ],
            "name": "Spine_2"
        },
        "Spine_3": {
            "children": [
                "clavicle_L",
                "BCollar0_0",
                "clavicle_R",
                "Head_0"
