{
    "animations": {},
    "asset": {},
    "attributes": {
        "attribute_1": {
            "bufferView": "bufferView_31",
            "byteOffset": 0,
            "byteStride": 12,
            "count": 887,
            "max": [
                1,
                1,
                1
            ],
            "min": [
                0,
                0,
                0
            ],
            "type": "FLOAT_VEC3"
        },
        "attribute_10": {
            "bufferView": "bufferView_31",
            "byteOffset": 61220,
            "byteStride": 16,
            "count": 250,
            "max": [
                1,
                1,
                1
            ],
            "min": [
                0,
                0,
                0
            ],
            "type": "FLOAT_VEC4"
        },
        "attribute_11": {
            "bufferView": "bufferView_31",
            "byteOffset": 65220,
            "byteStride": 12,
            "count": 250,
            "max": [
                1,
                1,
                1
            ],
            "min": [
                0,
                0,
                0
            ],
            "type": "FLOAT_VEC3"
        },
        "attribute_13": {
            "bufferView": "bufferView_31",
            "byteOffset": 68220,
            "byteStride": 12,
            "count": 810,
            "max": [
                1,
                1,
                1
            ],
            "min": [
                0,
                0,
                0
            ],
            "type": "FLOAT_VEC3"
        },
        "attribute_14": {
            "bufferView": "bufferView_31",
            "byteOffset": 77940,
            "byteStride": 12,
            "count": 810,
            "max": [
                1,
                1,
                1
            ],
            "min": [
                0,
                0,
                0
            ],
            "type": "FLOAT_VEC3"
        },
        "attribute_15": {
            "bufferView": "bufferView_31",
            "byteOffset": 87660,
            "byteStride": 8,
            "count": 810,
            "max": [
                1,
                1,
                1
            ],
            "min": [
                0,
                0,
                0
            ],
            "type": "FLOAT_VEC2"
        },
        "attribute_16": {
            "bufferView": "bufferView_31",
            "byteOffset": 94140,
            "byteStride": 16,
            "count": 810,
            "max": [
                1,
                1,
                1
            ],
            "min": [
                0,
                0,
                0
            ],
            "type": "FLOAT_VEC4"
        },
        "attribute_17": {
            "bufferView": "bufferView_31",
            "byteOffset": 107100,
            "byteStride": 12,
            "count": 810,
            "max": [
                1,
                1,
                1
            ],
            "min": [
                0,
                0,
                0
            ],
            "type": "FLOAT_VEC3"
        },
        "attribute_19": {
            "bufferView": "bufferView_31",
            "byteOffset": 116820,
            "byteStride": 12,
            "count": 366,
            "max": [
                1,
                1,
                1
            ],
            "min": [
                0,
                0,
                0
            ],
            "type": "FLOAT_VEC3"
        },
        "attribute_2": {
            "bufferView": "bufferView_31",
            "byteOffset": 10644,
            "byteStride": 12,
            "count": 887,
            "max": [
                1,
                1,
                1
            ],
            "min": [
                0,
                0,
                0
            ],
            "type": "FLOAT_VEC3"
        },
        "attribute_20": {
            "bufferView": "bufferView_31",
            "byteOffset": 121212,
            "byteStride": 12,
            "count": 366,
            "max": [
                1,
                1,
                1
            ],
            "min": [
                0,
                0,
                0
            ],
            "type": "FLOAT_VEC3"
        },
        "attribute_21": {
            "bufferView": "bufferView_31",
            "byteOffset": 125604,
            "byteStride": 8,
            "count": 366,
            "max": [
                1,
                1,
                1
            ],
            "min": [
                0,
                0,
                0
            ],
            "type": "FLOAT_VEC2"
        },
        "attribute_22": {
            "bufferView": "bufferView_31",
            "byteOffset": 128532,
            "byteStride": 16,
            "count": 366,
            "max": [
                1,
                1,
                1
            ],
            "min": [
                0,
                0,
                0
            ],
            "type": "FLOAT_VEC4"
        },
        "attribute_23": {
            "bufferView": "bufferView_31",
            "byteOffset": 134388,
            "byteStride": 12,
            "count": 366,
            "max": [
                1,
                1,
                1
            ],
            "min": [
                0,
                0,
                0
            ],
            "type": "FLOAT_VEC3"
        },
        "attribute_25": {
            "bufferView": "bufferView_31",
            "byteOffset": 138780,
            "byteStride": 12,
            "count": 902,
            "max": [
                1,
                1,
                1
            ],
            "min": [
                0,
                0,
                0
            ],
            "type": "FLOAT_VEC3"
        },
        "attribute_26": {
            "bufferView": "bufferView_31",
            "byteOffset": 149604,
            "byteStride": 12,
            "count": 902,
            "max": [
                1,
                1,
                1
            ],
            "min": [
                0,
                0,
                0
            ],
            "type": "FLOAT_VEC3"
        },
        "attribute_27": {
            "bufferView": "bufferView_31",
            "byteOffset": 160428,
            "byteStride": 8,
            "count": 902,
            "max": [
                1,
                1,
                1
            ],
            "min": [
                0,
                0,
                0
            ],
            "type": "FLOAT_VEC2"
        },
        "attribute_28": {
            "bufferView": "bufferView_31",
            "byteOffset": 167644,
            "byteStride": 16,
            "count": 902,
            "max": [
                1,
                1,
                1
            ],
            "min": [
                0,
                0,
                0
            ],
            "type": "FLOAT_VEC4"
        },
        "attribute_29": {
            "bufferView": "bufferView_31",
            "byteOffset": 182076,
            "byteStride": 12,
            "count": 902,
            "max": [
                1,
                1,
                1
            ],
            "min": [
                0,
                0,
                0
            ],
            "type": "FLOAT_VEC3"
        },
        "attribute_3": {
            "bufferView": "bufferView_31",
            "byteOffset": 21288,
            "byteStride": 8,
            "count": 887,
            "max": [
                1,
                1,
                1
            ],
            "min": [
                0,
                0,
                0
            ],
            "type": "FLOAT_VEC2"
        },
        "attribute_4": {
            "bufferView": "bufferView_31",
            "byteOffset": 28384,
            "byteStride": 16,
            "count": 887,
            "max": [
                1,
                1,
                1
            ],
            "min": [
                0,
                0,
                0
            ],
            "type": "FLOAT_VEC4"
        },
        "attribute_5": {
            "bufferView": "bufferView_31",
            "byteOffset": 42576,
            "byteStride": 12,
            "count": 887,
            "max": [
                1,
                1,
                1
            ],
            "min": [
                0,
                0,
                0
            ],
            "type": "FLOAT_VEC3"
        },
        "attribute_7": {
            "bufferView": "bufferView_31",
            "byteOffset": 53220,
            "byteStride": 12,
            "count": 250,
            "max": [
                1,
                1,
                1
            ],
            "min": [
                0,
                0,
                0
            ],
            "type": "FLOAT_VEC3"
        },
        "attribute_8": {
            "bufferView": "bufferView_31",
            "byteOffset": 56220,
            "byteStride": 12,
            "count": 250,
            "max": [
                1,
                1,
                1
            ],
            "min": [
                0,
                0,
                0
            ],
            "type": "FLOAT_VEC3"
        },
        "attribute_9": {
            "bufferView": "bufferView_31",
            "byteOffset": 59220,
            "byteStride": 8,
            "count": 250,
            "max": [
                1,
                1,
                1
            ],
            "min": [
                0,
                0,
                0
            ],
            "type": "FLOAT_VEC2"
        }
    },
    "bufferViews": {
        "bufferView_31": {
            "buffer": "weaver.bin",
            "byteLength": 192900,
            "byteOffset": 0,
            "target": "ARRAY_BUFFER"
        },
        "bufferView_32": {
            "buffer": "weaver.bin",
            "byteLength": 37740,
            "byteOffset": 192900,
            "target": "ELEMENT_ARRAY_BUFFER"
        }
    },
    "buffers": {
        "weaver.bin": {
            "byteLength": 230640,
            "path": "weaver.bin"
        }
    },
    "cameras": {},
    "images": {
        "image_0": {
            "path": "textures/weaver_color.png"
        },
        "image_1": {
            "path": "textures/weaver_antlers_color.png"
        },
        "image_2": {
            "path": "textures/weaver_arms_color.png"
        },
        "image_3": {
            "path": "textures/weaver_head_color.png"
        },
        "image_4": {
            "path": "textures/weaver_legs_color.png"
        }
    },
    "indices": {
        "indices_12": {
            "bufferView": "bufferView_32",
            "byteOffset": 10644,
            "count": 1452,
            "type": "UNSIGNED_SHORT"
        },
        "indices_18": {
            "bufferView": "bufferView_32",
            "byteOffset": 13548,
            "count": 4782,
            "type": "UNSIGNED_SHORT"
        },
        "indices_24": {
            "bufferView": "bufferView_32",
            "byteOffset": 23112,
            "count": 2040,
            "type": "UNSIGNED_SHORT"
        },
        "indices_30": {
            "bufferView": "bufferView_32",
            "byteOffset": 27192,
            "count": 5274,
            "type": "UNSIGNED_SHORT"
        },
        "indices_6": {
            "bufferView": "bufferView_32",
            "byteOffset": 0,
            "count": 5322,
            "type": "UNSIGNED_SHORT"
        }
    },
    "lights": {},
    "materials": {
        "Material #35": {
            "instanceTechnique": {
                "technique": "technique_0",
                "values": [
                    {
                        "parameter": "ambient",
                        "value": [
                            0.5879999995231628,
                            0.5879999995231628,
                            0.5879999995231628
                        ]
                    },
                    {
                        "parameter": "emission",
                        "value": [
                            0,
                            0,
                            0
                        ]
                    },
                    {
                        "parameter": "diffuse",
                        "value": "Map #7"
                    },
                    {
                        "parameter": "shininess",
                        "value": 2
                    },
                    {
                        "parameter": "specular",
                        "value": [
                            0.8999999761581421,
                            0.8999999761581421,
                            0.8999999761581421
                        ]
                    }
                ]
            },
            "name": "Material #35"
        },
        "Material #46": {
            "instanceTechnique": {
                "technique": "technique_0",
                "values": [
                    {
                        "parameter": "ambient",
                        "value": [
                            0.5879999995231628,
                            0.5879999995231628,
                            0.5879999995231628
                        ]
                    },
                    {
                        "parameter": "emission",
                        "value": [
                            0,
                            0,
                            0
                        ]
                    },
                    {
                        "parameter": "diffuse",
                        "value": "Map #8"
                    },
                    {
                        "parameter": "shininess",
                        "value": 2
                    },
                    {
                        "parameter": "specular",
                        "value": [
                            0.8999999761581421,
                            0.8999999761581421,
                            0.8999999761581421
                        ]
                    }
                ]
            },
            "name": "Material #46"
        },
        "Material #57": {
            "instanceTechnique": {
                "technique": "technique_0",
                "values": [
                    {
                        "parameter": "ambient",
                        "value": [
                            0.5879999995231628,
                            0.5879999995231628,
                            0.5879999995231628
                        ]
                    },
                    {
                        "parameter": "emission",
                        "value": [
                            0,
                            0,
                            0
                        ]
                    },
                    {
                        "parameter": "diffuse",
                        "value": "Map #9"
                    },
                    {
                        "parameter": "shininess",
                        "value": 2
                    },
                    {
                        "parameter": "specular",
                        "value": [
                            0.8999999761581421,
                            0.8999999761581421,
                            0.8999999761581421
                        ]
                    }
                ]
            },
            "name": "Material #57"
        },
        "Material #79": {
            "instanceTechnique": {
                "technique": "technique_0",
                "values": [
                    {
                        "parameter": "ambient",
                        "value": [
                            0.5879999995231628,
                            0.5879999995231628,
                            0.5879999995231628
                        ]
                    },
                    {
                        "parameter": "emission",
                        "value": [
                            0,
                            0,
                            0
                        ]
                    },
                    {
                        "parameter": "diffuse",
                        "value": "Map #10"
                    },
                    {
                        "parameter": "shininess",
                        "value": 2
                    },
                    {
                        "parameter": "specular",
                        "value": [
                            0.8999999761581421,
                            0.8999999761581421,
                            0.8999999761581421
                        ]
                    }
                ]
            },
            "name": "Material #79"
        },
        "Material #90": {
            "instanceTechnique": {
                "technique": "technique_0",
                "values": [
                    {
                        "parameter": "ambient",
                        "value": [
                            0.5879999995231628,
                            0.5879999995231628,
                            0.5879999995231628
                        ]
                    },
                    {
                        "parameter": "emission",
                        "value": [
                            0,
                            0,
                            0
                        ]
                    },
                    {
                        "parameter": "diffuse",
                        "value": "Map #11"
                    },
                    {
                        "parameter": "shininess",
                        "value": 2
                    },
                    {
                        "parameter": "specular",
                        "value": [
                            0.8999999761581421,
                            0.8999999761581421,
                            0.8999999761581421
                        ]
                    }
                ]
            },
            "name": "Material #90"
        }
    },
    "meshes": {
        "weaver_antlers_model_LOD0-mesh": {
            "name": "weaver_antlers_model_LOD0-mesh",
            "primitives": [
                {
                    "indices": "indices_12",
                    "material": "Material #46",
                    "semantics": {
                        "JOINT": "attribute_10",
                        "NORMAL": "attribute_8",
                        "POSITION": "attribute_7",
                        "TEXCOORD_0": "attribute_9",
                        "WEIGHT": "attribute_11"
                    },
                    "skin": "skin_1"
                }
            ]
        },
        "weaver_arms_model_LOD0-mesh": {
            "name": "weaver_arms_model_LOD0-mesh",
            "primitives": [
                {
                    "indices": "indices_18",
                    "material": "Material #57",
                    "semantics": {
                        "JOINT": "attribute_16",
                        "NORMAL": "attribute_14",
                        "POSITION": "attribute_13",
                        "TEXCOORD_0": "attribute_15",
                        "WEIGHT": "attribute_17"
                    },
                    "skin": "skin_2"
                }
            ]
        },
        "weaver_head_model_LOD0-mesh": {
            "name": "weaver_head_model_LOD0-mesh",
            "primitives": [
                {
                    "indices": "indices_24",
                    "material": "Material #79",
                    "semantics": {
                        "JOINT": "attribute_22",
                        "NORMAL": "attribute_20",
                        "POSITION": "attribute_19",
                        "TEXCOORD_0": "attribute_21",
                        "WEIGHT": "attribute_23"
                    },
                    "skin": "skin_3"
                }
            ]
        },
        "weaver_legs_model_LOD0-mesh": {
            "name": "weaver_legs_model_LOD0-mesh",
            "primitives": [
                {
                    "indices": "indices_30",
                    "material": "Material #90",
                    "semantics": {
                        "JOINT": "attribute_28",
                        "NORMAL": "attribute_26",
                        "POSITION": "attribute_25",
                        "TEXCOORD_0": "attribute_27",
                        "WEIGHT": "attribute_29"
                    },
                    "skin": "skin_4"
                }
            ]
        },
        "weaver_model_LOD0-mesh": {
            "name": "weaver_model_LOD0-mesh",
            "primitives": [
                {
                    "indices": "indices_6",
                    "material": "Material #35",
                    "semantics": {
                        "JOINT": "attribute_4",
                        "NORMAL": "attribute_2",
                        "POSITION": "attribute_1",
                        "TEXCOORD_0": "attribute_3",
                        "WEIGHT": "attribute_5"
                    },
                    "skin": "skin_0"
                }
            ]
        }
    },
    "nodes": {
        "ArbitraryChain0_0": {
            "children": [
                "ArbitraryChain0_1"
            ],
            "matrix": [
                -0.826963007450104,
                -0.0023453363683074977,
                0.5622516274452211,
                0,
                -0.0019397217097151132,
                0.9999973773957652,
                0.0013183636694913024,
                0,
                -0.5622531509206737,
                -3.737029802113377e-7,
                -0.8269652497456165,
                0,
                -17.486978530883786,
                0.32961490750312805,
                4.451557159423828,
                1
            ],
            "name": "ArbitraryChain0_0"
        },
        "ArbitraryChain0_1": {
            "children": [],
            "matrix": [
                1,
                9.848736226482791e-8,
                5.960464488641293e-8,
                0,
                -9.848735638845214e-8,
                0.9999999403953553,
                -1.1641532117641351e-10,
                0,
                -5.96046413892104e-8,
                1.1640945130585167e-10,
                0.9999999403953754,
                0,
                29.37453842163086,
                0.000007629394531305511,
                0.0000019073486470233547,
                1
            ],
            "name": "ArbitraryChain0_1"
        },
        "Head_0": {
            "children": [
                "Head_1",
                "lant1_0",
                "rant2_0"
            ],
            "matrix": [
                0.7999427318572997,
                5.6774275947191226e-8,
                -0.6000761985778806,
                0,
                -3.7874525660418146e-8,
                0.9999999999999998,
                4.41224372593752e-8,
                0,
                0.6000761985778813,
                -1.2567821616222699e-8,
                0.7999427318572991,
                0,
                23.89816665649414,
                0.0000012405216693912868,
                0.000007629394545460855,
                1
            ],
            "name": "Head_0"
        },
        "Head_1": {
            "children": [
                "mandibleL3_0",
                "mandibleR4_0"
            ],
            "matrix": [
                0.9808297157287595,
                -7.105427357601002e-15,
                0.19486826658248907,
                0,
                5.126775624641477e-15,
                0.9999999999999999,
                1.0658141016549168e-14,
                0,
                -0.194868266582489,
                -9.454775516039185e-15,
                0.9808297157287598,
                0,
                20.531040191650384,
                7.413327693973903e-7,
                0,
                1
            ],
            "name": "Head_1"
        },
        "Index_0_L": {
            "children": [
                "Index_1_L"
            ],
            "matrix": [
                0.9168189167976378,
                -0.17378507554531095,
                -0.3595018386840822,
                0,
                0.2939034987160664,
                0.9031565347541596,
                0.312936259592456,
                0,
                0.2703028669225599,
                -0.3925648521047293,
                0.87910730942441,
                0,
                12.328849792480469,
                2.4157676696777273,
                -4.024780273437493,
                1
            ],
            "name": "Index_0_L"
        },
        "Index_0_R": {
            "children": [
                "Index_1_R"
            ],
            "matrix": [
                0.9608225822448733,
                -0.20844362676143646,
                0.18267799913883212,
                0,
                0.21551856970798045,
                0.9763039268140163,
                -0.019546838474423955,
                0,
                -0.17427489944204327,
                0.05815156674627674,
                0.9829787014491781,
                0,
                -12.789161682128892,
                -1.1954727172851634,
                -2.725837707519524,
                1
            ],
            "name": "Index_0_R"
        },
        "Index_1_L": {
            "children": [],
            "matrix": [
                1.0000003576278687,
                4.470348355378739e-8,
                -3.725290298461914e-8,
                0,
                -4.470347617080428e-8,
                1.000000238418578,
                5.9604644719879474e-8,
                0,
                3.725290559364325e-8,
                -5.960465021548345e-8,
                1.0000003576278667,
                0,
                9.0495185852051,
                0.0000038146972585195726,
                0.00000762939453125,
                1
            ],
            "name": "Index_1_L"
        },
        "Index_1_R": {
            "children": [],
            "matrix": [
                0.9999999999999999,
                1.4901161193847656e-8,
                -4.656612914710756e-9,
                0,
                -1.4901161249358807e-8,
                1.000000000000001,
                -1.490116120078655e-8,
                0,
                4.656612092451828e-9,
                1.4901159486879756e-8,
                0.9999998807907108,
                0,
                -7.01043701171875,
                0.000011444091796875,
                -0.000003814697265625,
                1
            ],
            "name": "Index_1_R"
        },
        "Mid_0_L": {
            "children": [
                "Mid_1_L"
            ],
            "matrix": [
                0.95937168598175,
                -0.21626622974872584,
                0.18120393157005318,
                0,
                0.2015399190563361,
                0.974734729872647,
                0.09630317038817175,
                0,
                -0.19745290780892455,
                -0.05587071460011433,
                0.9787192735282951,
                0,
                12.774246215820312,
                1.2632789611816335,
                2.5221900939941406,
                1
            ],
            "name": "Mid_0_L"
        },
        "Mid_0_R": {
            "children": [
                "Mid_1_R"
            ],
            "matrix": [
                0.9120506644248961,
                -0.16655962169170374,
                -0.37472856044769276,
                0,
                0.28361211447122703,
                0.9162158228191193,
                0.28304236132685107,
                0,
                0.2961887634604877,
                -0.36442647863472694,
                0.8828734445271798,
                0,
                -12.332473754882812,
                -2.375957489013672,
                3.978099822998047,
                1
            ],
            "name": "Mid_0_R"
        },
        "Mid_1_L": {
            "children": [],
            "matrix": [
                1.000000238418579,
                5.551115123125783e-17,
                -1.3597309589559459e-7,
                0,
                -1.0547118733938987e-15,
                0.9999997615814208,
                -7.45058058304604e-9,
                0,
                1.3597304721925385e-7,
                7.450581485102248e-9,
                0.9999998807907023,
                0,
                7.0309906005859375,
                0,
                -0.000007629394545460855,
                1
            ],
            "name": "Mid_1_L"
        },
        "Mid_1_R": {
            "children": [],
            "matrix": [
                0.9999998211860657,
                4.4703483609298544e-8,
                1.3877787807814457e-16,
                0,
                -4.470348091700771e-8,
                0.9999997615814207,
                2.980232233218416e-8,
                0,
                1.4432899320127035e-15,
                -2.980232954863382e-8,
                1.0000000000000004,
                0,
                -9.051170349121087,
                7.105427357601002e-15,
                0.000007629394517039145,
                1
            ],
            "name": "Mid_1_R"
        },
        "Ring_0_L": {
            "children": [],
            "matrix": [
                0.9999999999999994,
                -5.004112608730793e-7,
                -7.45301331761531e-9,
                0,
                5.004113205336988e-7,
                1.0000001192093053,
                9.31322574615055e-10,
                0,
                7.453012851569323e-9,
                -9.313261931652167e-10,
                1.0000000000000002,
                0,
                8.982681274414062,
                3.7515830993652273,
                7.97236633300782,
                1
            ],
            "name": "Ring_0_L"
        },
        "Ring_0_R": {
            "children": [],
            "matrix": [
                1,
                3.715989009833719e-7,
                -8.567671017090061e-8,
                0,
                -3.715989035366461e-7,
                0.9999999999999648,
                -2.9801412892986763e-8,
                0,
                8.567669909671582e-8,
                2.980144473035994e-8,
                0.9999999999999982,
                0,
                -7.790138244628906,
                -6.096260070800788,
                7.46275711059571,
                1
            ],
            "name": "Ring_0_R"
        },
        "Root_0": {
            "children": [
                "Spine_0",
                "ArbitraryChain0_0",
                "thigh_A_L",
                "thigh_A_R"
            ],
            "matrix": [
                -1.629206851037603e-7,
                -1.0000000000000002,
                0,
                0,
                1.0000000000000002,
                -1.629206851037603e-7,
                0,
                0,
                0,
                0,
                1,
                0,
                -0.13066795468330383,
                23.448705673217773,
                23.278013229370117,
                1
            ],
            "name": "Root_0"
        },
        "Spine_0": {
            "children": [
                "thigh_R",
                "Spine_1",
                "thigh_L"
            ],
            "matrix": [
                0.5641458630561828,
                1.5790200791343525e-7,
                0.825675129890442,
                0,
                -2.798957118253474e-7,
                1,
                0,
                0,
                -0.8256751298904214,
                -2.3110292821716562e-7,
                0.5641458630562131,
                0,
                27.456375122070312,
                0.10446751862764359,
                -2.864044189453125,
                1
            ],
            "name": "Spine_0"
        },
        "Spine_1": {
            "children": [
                "Spine_2"
            ],
            "matrix": [
                0.9437862038612372,
                1.2658500736506542e-7,
                0.3305569291114809,
                0,
                -1.5271660943111032e-7,
                1.0000000000000002,
                5.3082601425558427e-8,
                0,
                -0.3305569291114687,
                -1.0058016032837036e-7,
                0.9437862038612415,
                0,
                23.941644668579105,
                0.0000027157366275787354,
                0.00000476837158203125,
                1
            ],
            "name": "Spine_1"
        },
        "Spine_2": {
            "children": [
                "clavicle_R",
                "Spine_3",
                "clavicle_L"
            ],
            "matrix": [
                0.7265205383300781,
                -1.0658140996696833e-14,
                -0.6871448159217837,
                0,
                2.139044634537068e-14,
                1.0000000000000002,
                7.105427400614394e-15,
                0,
                0.6871448159217834,
                -1.9860573208415456e-14,
                0.7265205383300782,
                0,
                25.037559509277344,
                0.0000010579824447631836,
                -0.0000019073486363652137,
                1
            ],
            "name": "Spine_2"
        },
        "Spine_3": {
            "children": [
                "Head_0"
            ],
            "matrix": [
                0.6417199969291687,
                5.745202003026877e-8,
                -0.766939103603363,
                0,
                -8.952817475720655e-8,
                1.0000000000000002,
                5.293955920339377e-23,
                0,
                0.7669391036033606,
                6.866265809553694e-8,
                0.6417199969291718,
                0,
                22.79328155517578,
                5.6438148021698e-7,
                0.000011444091796875,
                1
            ],
            "name": "Spine_3"
        },
        "Thumb_0_L": {
            "children": [],
            "matrix": [
                0.9999999999999994,
                -5.004112608730793e-7,
                -7.45301331761531e-9,
                0,
                5.004113205336988e-7,
                1.0000001192093053,
                9.31322574615055e-10,
                0,
                7.453012851569323e-9,
                -9.313261931652167e-10,
                1.0000000000000002,
                0,
                7.805213928222656,
                6.035072326660156,
                -7.226776123046875,
                1
            ],
            "name": "Thumb_0_L"
        },
        "Thumb_0_R": {
            "children": [],
            "matrix": [
                1,
                3.715989009833719e-7,
                -8.567671017090061e-8,
                0,
                -3.715989035366461e-7,
                0.9999999999999648,
                -2.9801412892986763e-8,
                0,
                8.567669909671582e-8,
                2.980144473035994e-8,
                0.9999999999999982,
                0,
                -8.901550292968736,
                -3.726226806640632,
                -8.064212799072273,
                1
            ],
            "name": "Thumb_0_R"
        },
        "ankle_A_L": {
            "children": [
                "toeBall_A_L"
            ],
            "matrix": [
                0.940118193626404,
                -0.01724065095186221,
                0.34041246771812456,
                0,
                0.01621111426551808,
                0.9998512879961862,
                0.005868538286900898,
                0,
                -0.34046306511245455,
                0.0000013457982485642894,
                0.9402579967708562,
                0,
                43.97668457031251,
                -0.000011920928948860876,
                0.00006866455078125,
                1
            ],
            "name": "ankle_A_L"
        },
        "ankle_A_R": {
            "children": [
                "toeBall_A_R"
            ],
            "matrix": [
                0.9436085224151614,
                0.0020553544163704057,
                0.3310566842556,
                0,
                -0.001939338185694084,
                0.9999983310762014,
                -0.0006807744926859288,
                0,
                -0.3310575002841488,
                3.537437025802337e-7,
                0.9436108461393481,
                0,
                -43.97665023803711,
                0.0000071525573677178045,
                0.000007629394545460855,
                1
            ],
            "name": "ankle_A_R"
        },
        "ankle_L": {
            "children": [
                "toeBall_L"
            ],
            "matrix": [
                0.8964189291000368,
                -0.09099033474922198,
                0.4337665736675261,
                0,
                0.08190513079970493,
                0.9958517961215692,
                0.03963324906548072,
                0,
                -0.43557352397205773,
                -2.867312943050093e-7,
                0.9001530996550735,
                0,
                29.76787757873535,
                -0.000003814697266513178,
                -1.4210854715202004e-14,
                1
            ],
            "name": "ankle_L"
        },
        "ankle_R": {
            "children": [
                "toeBall_R"
            ],
            "matrix": [
                0.8956770300865176,
                -0.08852421492338172,
                0.43580517172813427,
                0,
                0.0796017604549185,
                0.9960740851197105,
                0.0387310869439569,
                0,
                -0.4375228301539511,
                3.139588981987407e-7,
                0.8992072658209931,
                0,
                -29.76789665222168,
                0.000009059906004971197,
                1.4210854715202004e-14,
                1
            ],
            "name": "ankle_R"
        },
        "beetle_model": {
            "children": [],
            "matrix": [
                1,
                0,
                0,
                0,
                0,
                -4.371138844755023e-8,
                1,
                0,
                0,
                -1,
                -4.371138844755023e-8,
                0,
                0,
                0,
                0,
                1
            ],
            "name": "beetle_model"
        },
        "bicep_L": {
            "children": [
                "elbow_L"
            ],
            "matrix": [
                0.9410593509674072,
                -0.28607782721519476,
                -0.1804630756378174,
                0,
                -0.3114511938840282,
                -0.524784185200517,
                -0.7922115835063832,
                0,
                0.13193003020173177,
                0.801723740083665,
                -0.5829524772500136,
                0,
                8.591703414916996,
                -0.000007629394538355427,
                0.000003814697272730427,
                1
            ],
            "name": "bicep_L"
        },
        "bicep_R": {
            "children": [
                "elbow_R"
            ],
            "matrix": [
                0.9410589933395388,
                -0.2860781252384186,
                -0.18046328425407407,
                0,
                -0.3114516382164405,
                -0.524784070805422,
