{
    "accessors": [
        {
            "bufferView": 0,
            "byteOffset": 0,
            "componentType": 5126,
            "count": 1044,
            "max": [
                31.364168167114258,
                83.66751861572266,
                84.08258819580078
            ],
            "min": [
                -31.36417007446289,
                -88.54461669921875,
                6.846398830413818
            ],
            "type": "VEC3"
        },
        {
            "bufferView": 0,
            "byteOffset": 12528,
            "componentType": 5126,
            "count": 1044,
            "max": [
                0.9989639520645142,
                0.9998878240585327,
                0.9999819397926331
            ],
            "min": [
                -0.9989752173423767,
                -0.9971990585327148,
                -0.9999839067459106
            ],
            "type": "VEC3"
        },
        {
            "bufferView": 0,
            "byteOffset": 25056,
            "componentType": 5126,
            "count": 1044,
            "max": [
                0.9935588240623474,
                0.9936389923095703
            ],
            "min": [
                0.002653207629919052,
                0.0060304999351501465
            ],
            "type": "VEC2"
        },
        {
            "bufferView": 0,
            "byteOffset": 33408,
            "componentType": 5123,
            "count": 1044,
            "max": [
                19,
                21,
                25,
                0
            ],
            "min": [
                0,
                0,
                0,
                0
            ],
            "type": "VEC4"
        },
        {
            "bufferView": 0,
            "byteOffset": 41760,
            "componentType": 5126,
            "count": 1044,
            "max": [
                1,
                0.9997938871383667,
                0.9988574385643005,
                0
            ],
            "min": [
                0.00010657994425855577,
                0,
                0,
                0
            ],
            "type": "VEC4"
        },
        {
            "bufferView": 2,
            "byteOffset": 0,
            "componentType": 5123,
            "count": 5322,
            "max": [
                1043
            ],
            "min": [
                0
            ],
            "type": "SCALAR"
        },
        {
            "bufferView": 1,
            "byteOffset": 0,
            "componentType": 5126,
            "count": 26,
            "max": [
                0.9905949756603433,
                0.999999999999992,
                1.0000002383493343,
                0,
                0.9999997615732802,
                0.886031042154818,
                0.9657428528426832,
                0,
                0.9657428528426809,
                0.9999999999390137,
                1,
                0,
                74.04642484316207,
                79.71166668179063,
                67.08777447536012,
                1
            ],
            "min": [
                -0.34909607093796435,
                -0.9369681015490839,
                -0.6554643096557506,
                0,
                -0.9999999999999732,
                -0.8860308249633203,
                -0.920307116447541,
                0,
                -0.8518977238417103,
                -0.9999998807606516,
                -0.826965300669504,
                0,
                -78.8173592020714,
                -79.71167519557292,
                -105.73488882511042,
                1
            ],
            "type": "MAT4"
        },
        {
            "bufferView": 0,
            "byteOffset": 58464,
            "componentType": 5126,
            "count": 310,
            "max": [
                38.36248016357422,
                101.87193298339844,
                114.34903717041016
            ],
            "min": [
                -38.36252975463867,
                -58.52388381958008,
                75.51398468017578
            ],
            "type": "VEC3"
        },
        {
            "bufferView": 0,
            "byteOffset": 62184,
            "componentType": 5126,
            "count": 310,
            "max": [
                0.9912630319595337,
                0.98443603515625,
                0.9979601502418518
            ],
            "min": [
                -0.9912633299827576,
                -0.9557763338088989,
                -0.9782631993293762
            ],
            "type": "VEC3"
        },
        {
            "bufferView": 0,
            "byteOffset": 65904,
            "componentType": 5126,
            "count": 310,
            "max": [
                0.9900000095367432,
                0.8212244510650635
            ],
            "min": [
                0.009999999776482582,
                0.0867164134979248
            ],
            "type": "VEC2"
        },
        {
            "bufferView": 0,
            "byteOffset": 68384,
            "componentType": 5123,
            "count": 310,
            "max": [
                8,
                8,
                8,
                0
            ],
            "min": [
                0,
                0,
                0,
                0
            ],
            "type": "VEC4"
        },
        {
            "bufferView": 0,
            "byteOffset": 70864,
            "componentType": 5126,
            "count": 310,
            "max": [
                1,
                0.9998716711997986,
                0.9993435740470886,
                0
            ],
            "min": [
                0.00012832450738642365,
                0,
                0,
                0
            ],
            "type": "VEC4"
        },
        {
            "bufferView": 2,
            "byteOffset": 10644,
            "componentType": 5123,
            "count": 1452,
            "max": [
                309
            ],
            "min": [
                0
            ],
            "type": "SCALAR"
        },
        {
            "bufferView": 1,
            "byteOffset": 1664,
            "componentType": 5126,
            "count": 9,
            "max": [
                0.3498205791745567,
                0.999999999999999,
                0.1011672451258428,
                0,
                0.9111703879245407,
                0.3494779753178683,
                6.123232998135289e-17,
                0,
                0.5271319270570974,
                0.041569636784351334,
                1,
                0,
                23.44870569450566,
                27.263882599017645,
                -23.278013229370117,
                1
            ],
            "min": [
                -0.3490962972912382,
                -0.9369681009388893,
                -0.15072718646950076,
                0,
                -0.9999999999999732,
                -0.33567978378154606,
                -0.8231374648723367,
                0,
                -0.8231374648723379,
                -0.09700468615098744,
                0.5678419037002922,
                0,
                -41.948205194155804,
                -20.8864146556525,
                -105.73495190153928,
                1
            ],
            "type": "MAT4"
        },
        {
            "bufferView": 0,
            "byteOffset": 75824,
            "componentType": 5126,
            "count": 988,
            "max": [
                66.84741973876953,
                -11.393537521362305,
                76.3802261352539
            ],
            "min": [
                -66.84742736816406,
                -103.46949768066406,
                28.68124771118164
            ],
            "type": "VEC3"
        },
        {
            "bufferView": 0,
            "byteOffset": 87680,
            "componentType": 5126,
            "count": 988,
            "max": [
                0.9990296363830566,
                0.9994862079620361,
                0.9964105486869812
            ],
            "min": [
                -0.9990293979644775,
                -0.99625563621521,
                -0.9896226525306702
            ],
            "type": "VEC3"
        },
        {
            "bufferView": 0,
            "byteOffset": 99536,
            "componentType": 5126,
            "count": 988,
            "max": [
                0.9866496920585632,
                0.9762159585952759
            ],
            "min": [
                0.005537789314985275,
                0.0003465414047241211
            ],
            "type": "VEC2"
        },
        {
            "bufferView": 0,
            "byteOffset": 107440,
            "componentType": 5123,
            "count": 988,
            "max": [
                21,
                21,
                20,
                0
            ],
            "min": [
                0,
                0,
                0,
                0
            ],
            "type": "VEC4"
        },
        {
            "bufferView": 0,
            "byteOffset": 115344,
            "componentType": 5126,
            "count": 988,
            "max": [
                1,
                0.9998992085456848,
                0.9988917112350464,
                0
            ],
            "min": [
                0.00010075775935547426,
                0,
                0,
                0
            ],
            "type": "VEC4"
        },
        {
            "bufferView": 2,
            "byteOffset": 13548,
            "componentType": 5123,
            "count": 4782,
            "max": [
                987
            ],
            "min": [
                0
            ],
            "type": "SCALAR"
        },
        {
            "bufferView": 1,
            "byteOffset": 2240,
            "componentType": 5126,
            "count": 22,
            "max": [
                0.9905950500496913,
                0.9999999999999842,
                1.0000002383914368,
                0,
                0.9999998807591434,
                0.5236114159886661,
                0.9203069802841047,
                0,
                0.523317484736277,
                0.9999999998027007,
                0.9481864277457753,
                0,
                102.3655396130967,
                79.71188153912782,
                80.1692701263024,
                1
            ],
            "min": [
                -0.37472085911550873,
                -0.20644640095247327,
                -0.04277203160363794,
                0,
                -0.9999999999960127,
                -0.5236119791354702,
                -0.9203072848157285,
                0,
                -0.3839314191959761,
                -1.0000001191864174,
                -0.5228386776933206,
                0,
                -102.50032852411768,
                -79.71226935399191,
                -86.13688544657705,
                1
            ],
            "type": "MAT4"
        },
        {
            "bufferView": 0,
            "byteOffset": 131152,
            "componentType": 5126,
            "count": 489,
            "max": [
                32.305843353271484,
                -6.6634745597839355,
                101.06471252441406
            ],
            "min": [
                -32.27294158935547,
                -78.967041015625,
                62.2620964050293
            ],
            "type": "VEC3"
        },
        {
            "bufferView": 0,
            "byteOffset": 137020,
            "componentType": 5126,
            "count": 489,
            "max": [
                0.9946448802947998,
                0.9972044229507446,
                0.9940155148506165
            ],
            "min": [
                -0.9946451783180237,
                -0.9822955131530762,
                -0.9924959540367126
            ],
            "type": "VEC3"
        },
        {
            "bufferView": 0,
            "byteOffset": 142888,
            "componentType": 5126,
            "count": 489,
            "max": [
                0.9878414869308472,
                0.9885919690132141
            ],
            "min": [
                0.02705654315650463,
                0.008227765560150146
            ],
            "type": "VEC2"
        },
        {
            "bufferView": 0,
            "byteOffset": 146800,
            "componentType": 5123,
            "count": 489,
            "max": [
                9,
                10,
                10,
                0
            ],
            "min": [
                0,
                0,
                0,
                0
            ],
            "type": "VEC4"
        },
        {
            "bufferView": 0,
            "byteOffset": 150712,
            "componentType": 5126,
            "count": 489,
            "max": [
                1,
                0.9998199343681335,
                0.9740927219390869,
                0
            ],
            "min": [
                0.00011970593186561018,
                0,
                0,
                0
            ],
            "type": "VEC4"
        },
        {
            "bufferView": 2,
            "byteOffset": 23112,
            "componentType": 5123,
            "count": 2040,
            "max": [
                488
            ],
            "min": [
                0
            ],
            "type": "SCALAR"
        },
        {
            "bufferView": 1,
            "byteOffset": 3648,
            "componentType": 5126,
            "count": 11,
            "max": [
                0.9905950061138257,
                0.9999999999999962,
                0.101167300873847,
                0,
                0.9111702675888713,
                0.5236113600911703,
                0.9657428528426846,
                0,
                0.9657428528426847,
                0.8419851117920432,
                0.9748968257619115,
                0,
                21.72749859340699,
                37.43005635672915,
                63.90464436466428,
                1
            ],
            "min": [
                -0.34909615816064465,
                -0.9369681566987245,
                -0.1507269654849363,
                0,
                -0.9481863433281055,
                -0.5236118814691747,
                -0.8513583114598333,
                0,
                -0.8231377646378757,
                -0.8419848032325821,
                -0.5228384647809861,
                0,
                -54.14278979870615,
                -37.4301031631161,
                -105.73494233972245,
                1
            ],
            "type": "MAT4"
        },
        {
            "bufferView": 0,
            "byteOffset": 158536,
            "componentType": 5126,
            "count": 1104,
            "max": [
                99.05455017089844,
                120.73779296875,
                84.48970031738281
            ],
            "min": [
                -99.08434295654297,
                -45.584266662597656,
                -0.8146947026252747
            ],
            "type": "VEC3"
        },
        {
            "bufferView": 0,
            "byteOffset": 171784,
            "componentType": 5126,
            "count": 1104,
            "max": [
                0.9987276196479797,
                0.9987598657608032,
                0.9961463212966919
            ],
            "min": [
                -0.998727560043335,
                -0.9993227124214172,
                -0.9904327988624573
            ],
            "type": "VEC3"
        },
        {
            "bufferView": 0,
            "byteOffset": 185032,
            "componentType": 5126,
            "count": 1104,
            "max": [
                0.9968262314796448,
                0.994083821773529
            ],
            "min": [
                0.009577212855219841,
                0.009766221046447754
            ],
            "type": "VEC2"
        },
        {
            "bufferView": 0,
            "byteOffset": 193864,
            "componentType": 5123,
            "count": 1104,
            "max": [
                18,
                18,
                18,
                0
            ],
            "min": [
                0,
                0,
                0,
                0
            ],
            "type": "VEC4"
        },
        {
            "bufferView": 0,
            "byteOffset": 202696,
            "componentType": 5126,
            "count": 1104,
            "max": [
                1,
                0.9998986721038818,
                0.8583863377571106,
                0
            ],
            "min": [
                0.00010131935414392501,
                0,
                0,
                0
            ],
            "type": "VEC4"
        },
        {
            "bufferView": 2,
            "byteOffset": 27192,
            "componentType": 5123,
            "count": 5274,
            "max": [
                1103
            ],
            "min": [
                0
            ],
            "type": "SCALAR"
        },
        {
            "bufferView": 1,
            "byteOffset": 4352,
            "componentType": 5126,
            "count": 19,
            "max": [
                1.0000001192092318,
                0.9999999999999863,
                0.7448262429582977,
                0,
                0.9999999999996693,
                1.0000002384182112,
                0.8256751505958835,
                0,
                0.8518974633021374,
                0.18142038460986665,
                1.0000001192087358,
                0,
                108.26659560055154,
                64.6797437288196,
                92.9489236287581,
                1
            ],
            "min": [
                -0.002345201071032947,
                -1.0000001192074826,
                -0.6554644207669957,
                0,
                -1.0000001788138628,
                -0.9999999999998719,
                -0.786311735944889,
                0,
                -0.8518975074573687,
                -0.18251368777380536,
                -1.0000001192092132,
                0,
                -108.37429713953917,
                -63.77760826280111,
                -92.94893408234803,
                1
            ],
            "type": "MAT4"
        }
    ],
    "asset": {
        "generator": "ClayGL - fbx2gltf",
        "version": "2.0"
    },
    "bufferViews": [
        {
            "buffer": 0,
            "byteLength": 220360,
            "byteOffset": 0,
            "target": 34962
        },
        {
            "buffer": 0,
            "byteLength": 5568,
            "byteOffset": 220360,
            "target": 34962
        },
        {
            "buffer": 0,
            "byteLength": 37740,
            "byteOffset": 225928,
            "target": 34963
        }
    ],
    "buffers": [
        {
            "byteLength": 263668,
            "uri": "weaver.bin"
        }
    ],
    "images": [
        {
            "uri": "textures/weaver_color.png"
        },
        {
            "uri": "textures/weaver_antlers_color.png"
        },
        {
            "uri": "textures/weaver_arms_color.png"
        },
        {
            "uri": "textures/weaver_head_color.png"
        },
        {
            "uri": "textures/weaver_legs_color.png"
        }
    ],
    "materials": [
        {
            "emissiveFactor": [
                0,
                0,
                0
            ],
            "name": "Material #35",
            "pbrMetallicRoughness": {
                "baseColorFactor": [
                    1,
                    1,
                    1,
                    1
                ],
                "baseColorTexture": {
                    "index": 0,
                    "texCoord": 0
                },
                "metallicFactor": 0,
                "roughnessFactor": 0.9230769230769231
            }
        },
        {
            "emissiveFactor": [
                0,
                0,
                0
            ],
            "name": "Material #46",
            "pbrMetallicRoughness": {
                "baseColorFactor": [
                    1,
                    1,
                    1,
                    1
                ],
                "baseColorTexture": {
                    "index": 1,
                    "texCoord": 0
                },
                "metallicFactor": 0,
                "roughnessFactor": 0.9230769230769231
            }
        },
        {
            "emissiveFactor": [
                0,
                0,
                0
            ],
            "name": "Material #57",
            "pbrMetallicRoughness": {
                "baseColorFactor": [
                    1,
                    1,
                    1,
                    1
                ],
                "baseColorTexture": {
                    "index": 2,
                    "texCoord": 0
                },
                "metallicFactor": 0,
                "roughnessFactor": 0.9230769230769231
            }
        },
        {
            "emissiveFactor": [
                0,
                0,
                0
            ],
            "name": "Material #79",
            "pbrMetallicRoughness": {
                "baseColorFactor": [
                    1,
                    1,
                    1,
                    1
                ],
                "baseColorTexture": {
                    "index": 3,
                    "texCoord": 0
                },
                "metallicFactor": 0,
                "roughnessFactor": 0.9230769230769231
            }
        },
        {
            "emissiveFactor": [
                0,
                0,
                0
            ],
            "name": "Material #90",
            "pbrMetallicRoughness": {
                "baseColorFactor": [
                    1,
                    1,
                    1,
                    1
                ],
                "baseColorTexture": {
                    "index": 4,
                    "texCoord": 0
                },
                "metallicFactor": 0,
                "roughnessFactor": 0.9230769230769231
            }
        }
    ],
    "meshes": [
        {
            "name": "weaver_model_LOD0",
            "primitives": [
                {
                    "attributes": {
                        "JOINTS_0": 3,
                        "NORMAL": 1,
                        "POSITION": 0,
                        "TEXCOORD_0": 2,
                        "WEIGHTS_0": 4
                    },
                    "indices": 5,
                    "material": 0
                }
            ]
        },
        {
            "name": "weaver_antlers_model_LOD0",
            "primitives": [
                {
                    "attributes": {
                        "JOINTS_0": 10,
                        "NORMAL": 8,
                        "POSITION": 7,
                        "TEXCOORD_0": 9,
                        "WEIGHTS_0": 11
                    },
                    "indices": 12,
                    "material": 1
                }
            ]
        },
        {
            "name": "weaver_arms_model_LOD0",
            "primitives": [
                {
                    "attributes": {
                        "JOINTS_0": 17,
                        "NORMAL": 15,
                        "POSITION": 14,
                        "TEXCOORD_0": 16,
                        "WEIGHTS_0": 18
                    },
                    "indices": 19,
                    "material": 2
                }
            ]
        },
        {
            "name": "weaver_head_model_LOD0",
            "primitives": [
                {
                    "attributes": {
                        "JOINTS_0": 24,
                        "NORMAL": 22,
                        "POSITION": 21,
                        "TEXCOORD_0": 23,
                        "WEIGHTS_0": 25
                    },
                    "indices": 26,
                    "material": 3
                }
            ]
        },
        {
            "name": "weaver_legs_model_LOD0",
            "primitives": [
                {
                    "attributes": {
                        "JOINTS_0": 31,
                        "NORMAL": 29,
                        "POSITION": 28,
                        "TEXCOORD_0": 30,
                        "WEIGHTS_0": 32
                    },
                    "indices": 33,
                    "material": 4
                }
            ]
        }
    ],
    "nodes": [
        {
            "children": [
                1,
                43,
                45,
                49
            ],
            "matrix": [
                1.6292068478213574e-7,
                1.469367938527879e-39,
                1.0000000000000002,
                0,
                1.0000000000000002,
                6.123233995736847e-17,
                -1.6292068478213574e-7,
                0,
                -6.123233995736685e-17,
                1,
                9.976014756666736e-24,
                0,
                -0.13066795468330383,
                23.278013229370117,
                -23.448705673217773,
                1
            ],
            "name": "Root_0"
        },
        {
            "children": [
                2,
                6,
                39
            ],
            "matrix": [
                0.5641458630561828,
                1.5790200791343525e-7,
                0.825675129890442,
                0,
                -2.798957118253474e-7,
                1,
                -1.0927715428274867e-23,
                0,
                -0.8256751298904215,
                -2.3110292821716565e-7,
                0.5641458630562131,
                0,
                27.456375122070316,
                0.10446751862764363,
                -2.864044189453125,
                1
            ],
            "name": "Spine_0"
        },
        {
            "children": [
                3
            ],
            "matrix": [
                -0.7928448319435123,
                0.598174571990967,
                -0.11655092239379883,
                0,
                0.45943865465471995,
                0.46103568436589865,
                -0.7591852381139843,
                0,
                -0.4003911904846903,
                -0.6554641240599907,
                -0.6403543120950268,
                0,
                -3.3525609970092773,
                -20.73468017578125,
                -0.8077430725097638,
                1
            ],
            "name": "thigh_R"
        },
        {
            "children": [
                4
            ],
            "matrix": [
                -0.2535606920719147,
                4.135072230737613e-7,
                -0.9673194289207456,
                0,
                1.1014259754249522e-7,
                1.0000003576279308,
                3.986062166450033e-7,
                0,
                0.9673194627640355,
                -5.472204744894071e-9,
                -0.2535607009431622,
                0,
                -42.90458297729493,
                -0.000002861022947442393,
                -0.000008583068851208964,
                1
            ],
            "name": "knee_R"
        },
        {
            "children": [
                5
            ],
            "matrix": [
                0.8956770300865177,
                -0.0885242149233817,
                0.4358051717281343,
                0,
                0.07960176045491857,
                0.9960740851197107,
                0.03873108694395688,
                0,
                -0.4375228301539512,
                3.139588981571073e-7,
                0.8992072658209929,
                0,
                -29.767896652221687,
                0.000009059906009412089,
                1.4210854715202004e-14,
                1
            ],
            "name": "ankle_R"
        },
        {
            "matrix": [
                0.7158337831497189,
                0.5264708995819091,
                0.45870533585548395,
                0,
                -0.4425497041929506,
                0.8501922610029246,
                -0.28517099161185644,
                0,
                -0.5401220623858923,
                0.0011351193009426022,
                0.8415860506197482,
                0,
                -38.48802185058593,
                -0.00000762939453125,
                -0.000003814697272730427,
                1
            ],
            "name": "toeBall_R"
        },
        {
            "children": [
                7
            ],
            "matrix": [
                0.9437862038612368,
                1.265850073650654e-7,
                0.3305569291114807,
                0,
                -1.5271660943111022e-7,
                0.9999999999999999,
                5.3082601425558466e-8,
                0,
                -0.33055692911146856,
                -1.0058016032837034e-7,
                0.9437862038612407,
                0,
                23.941644668579098,
                0.000002715736627582205,
                0.000004768371574925823,
                1
            ],
            "name": "Spine_1"
        },
        {
            "children": [
                8,
                18,
                29
            ],
            "matrix": [
                0.7265205383300777,
                -1.0658140930522384e-14,
                -0.6871448159217834,
                0,
                2.139044642478002e-14,
                0.9999999999999999,
                7.1054272517218835e-15,
                0,
                0.6871448159217832,
                -1.9860573261355015e-14,
                0.7265205383300777,
                0,
                25.037559509277344,
                0.0000010579824447631836,
                -0.0000019073486310361432,
                1
            ],
            "name": "Spine_2"
        },
        {
            "children": [
                9
            ],
            "matrix": [
                -0.042408458888530724,
                0.9905947446823118,
                -0.1300895810127258,
                0,
                0.005564333619538286,
                -0.12997054771773883,
                -0.9915022812903238,
                0,
                -0.9990850675531491,
                -0.04277195858930073,
                -1.4901161171643196e-7,
                0,
                10.41653442382811,
                -13.89881134033203,
                -2.3409957885742045,
                1
            ],
            "name": "clavicle_R"
        },
        {
            "children": [
                10
            ],
            "matrix": [
                0.9410589933395388,
                -0.28607812523841863,
                -0.1804632842540741,
                0,
                -0.31145163821644045,
                -0.5247840708054219,
                -0.792211682247967,
                0,
                0.1319301995149349,
                0.8017236571851993,
                -0.5829523744680843,
                0,
                -8.591709136962894,
                -0.00002288818359375,
                -0.000011444091796875,
                1
            ],
            "name": "bicep_R"
        },
        {
            "children": [
                11
            ],
            "matrix": [
                -0.01812429726124401,
                -3.576278685968326e-7,
                -0.9998359084129329,
                0,
                -0.000019731960146946587,
                1.0000001191310297,
                -1.6653345369377348e-16,
                0,
                0.999835671885023,
                0.00001972871528086763,
                -0.018124292980694946,
                0,
                -30.056732177734368,
                -0.000007629394517039145,
                -0.000003814697265625,
                1
            ],
            "name": "elbow_R"
        },
        {
            "children": [
                12,
                13,
                15,
                16
            ],
            "matrix": [
                0.9207703471183774,
                -0.38972514867782587,
                -0.017217315733432756,
                0,
                0.38393231544951145,
                0.8974967889522906,
                0.21701535314537554,
                0,
                -0.06912384679725965,
                -0.20643156089242778,
                0.9760163901911746,
                0,
                -36.31371307373046,
                0.0000152587890625,
                -0.000003814697265625,
                1
            ],
            "name": "wrist_R"
        },
        {
            "matrix": [
                0.9999999999999999,
                3.7159890098337185e-7,
                -8.567671017090106e-8,
                0,
                -3.715989035366461e-7,
                0.999999999999965,
                -2.980141289332109e-8,
                0,
                8.567669909671692e-8,
                2.980144472941543e-8,
                0.9999999999999984,
                0,
                -8.90155029296875,
                -3.726226806640625,
                -8.064212799072266,
                1
            ],
            "name": "Thumb_0_R"
        },
        {
            "children": [
                14
            ],
            "matrix": [
                0.9120506644248961,
                -0.1665596216917038,
                -0.3747285604476929,
                0,
                0.28361211447122703,
                0.9162158228191194,
                0.2830423613268511,
                0,
                0.2961887634604876,
                -0.364426478634727,
                0.8828734445271799,
                0,
                -12.332473754882827,
                -2.3759574890136648,
                3.9780998229980398,
                1
            ],
            "name": "Mid_0_R"
        },
        {
            "matrix": [
                0.9999998211860653,
                4.470348363705412e-8,
                1.1102230246251565e-16,
                0,
                -4.470348102803001e-8,
                0.9999997615814205,
                2.9802322429328676e-8,
                0,
                1.27675647831893e-15,
                -2.980232950700046e-8,
                1.0000000000000002,
                0,
                -9.051170349121094,
                3.552713678800501e-15,
                0.00000762939453125,
                1
            ],
            "name": "Mid_1_R"
        },
        {
            "matrix": [
                0.9999999999999999,
                3.7159890098337185e-7,
                -8.567671017090106e-8,
                0,
                -3.715989035366461e-7,
                0.999999999999965,
                -2.980141289332109e-8,
                0,
                8.567669909671692e-8,
                2.980144472941543e-8,
                0.9999999999999984,
                0,
                -7.7901382446289205,
                -6.096260070800781,
                7.462757110595696,
                1
            ],
            "name": "Ring_0_R"
        },
        {
            "children": [
                17
            ],
            "matrix": [
                0.9608225822448732,
                -0.2084436267614365,
                0.18267799913883215,
                0,
                0.21551856970798042,
                0.9763039268140168,
                -0.019546838474423966,
                0,
                -0.17427489944204327,
                0.05815156674627674,
                0.9829787014491782,
                0,
                -12.789161682128906,
                -1.1954727172851562,
                -2.7258377075195384,
                1
            ],
            "name": "Index_0_R"
        },
        {
            "matrix": [
                0.9999999999999998,
                1.4901161249358807e-8,
                -4.656612845321817e-9,
                0,
                -1.4901161277114383e-8,
                1.0000000000000007,
                -1.4901161193847656e-8,
                0,
                4.6566120681657e-9,
                1.4901159473001968e-8,
                0.9999998807907111,
                0,
                -7.01043701171875,
                0.000011444091789769573,
                -0.000003814697265625,
                1
            ],
            "name": "Index_1_R"
        },
        {
            "children": [
                19
            ],
            "matrix": [
                0.6417199969291689,
                5.7452020030268613e-8,
                -0.766939103603363,
                0,
                -8.952817475720651e-8,
                1,
                -1.0587911840678754e-22,
                0,
                0.7669391036033604,
                6.866265809553689e-8,
                0.6417199969291718,
                0,
                22.793281555175795,
                5.643814802204494e-7,
                0.000011444091796875,
                1
            ],
            "name": "Spine_3"
        },
        {
            "children": [
                20,
                23,
                26
            ],
            "matrix": [
                0.7999427318572999,
                5.677427594719152e-8,
                -0.600076198577881,
                0,
                -3.7874525660417835e-8,
                1,
                4.412243725937507e-8,
                0,
                0.6000761985778815,
                -1.2567821616222553e-8,
                0.7999427318572996,
                0,
                23.898166656494137,
                0.000001240521669384348,
                0.000007629394545460855,
                1
            ],
            "name": "Head_0"
        },
        {
            "children": [
                21,
                22
            ],
            "matrix": [
                0.9808297157287602,
                -7.105427357601002e-15,
                0.19486826658248918,
                0,
                5.1267756511112566e-15,
                1.0000000000000007,
                1.065814124815974e-14,
                0,
                -0.19486826658248907,
                -9.454775674857862e-15,
                0.9808297157287602,
                0,
                20.531040191650384,
                7.413327693939209e-7,
                0,
                1
            ],
            "name": "Head_1"
        },
        {
            "matrix": [
                1.0000000000000002,
                2.131628186104477e-14,
                2.980232233218416e-8,
                0,
                -2.131628175516565e-14,
                1,
                -2.1316282337500802e-14,
                0,
                -2.9802322387695312e-8,
                2.1316281384588736e-14,
                1.0000000000000002,
                0,
                1.9642200469970703,
                10.986473083496092,
                -7.4770355224609375,
                1
            ],
            "name": "mandibleL3_0"
        },
        {
            "matrix": [
                1.0000000000000002,
                2.131628186104477e-14,
                2.980232233218416e-8,
                0,
                -2.131628175516565e-14,
                1,
                -2.1316282337500802e-14,
                0,
                -2.9802322387695312e-8,
                2.1316281384588736e-14,
                1.0000000000000002,
                0,
                1.9477386474609446,
                -10.792987823486325,
                -7.4224700927734375,
                1
