{
    "accessors": {
        "attrbute_1": {
            "bufferView": "bufferView_31",
            "byteOffset": 0,
            "byteStride": 12,
            "count": 1044,
            "max": [
                31.364168167114258,
                83.66751861572266,
                84.08258819580078,
                0
            ],
            "min": [
                -31.36417007446289,
                -88.54461669921875,
                6.846398830413818,
                0
            ],
            "type": 35665
        },
        "attrbute_10": {
            "bufferView": "bufferView_31",
            "byteOffset": 72560,
            "byteStride": 16,
            "count": 310,
            "max": [
                8,
                8,
                8,
                -1
            ],
            "min": [
                0,
                -1,
                -1,
                -1
            ],
            "type": 35666
        },
        "attrbute_11": {
            "bufferView": "bufferView_31",
            "byteOffset": 77520,
            "byteStride": 12,
            "count": 310,
            "max": [
                1,
                0.9998716711997986,
                0.9993435740470886
            ],
            "min": [
                0.00012832450738642365,
                0,
                0
            ],
            "type": 35665
        },
        "attrbute_13": {
            "bufferView": "bufferView_31",
            "byteOffset": 81240,
            "byteStride": 12,
            "count": 988,
            "max": [
                66.84741973876953,
                -11.393537521362305,
                76.3802261352539,
                0
            ],
            "min": [
                -66.84742736816406,
                -103.46949768066406,
                28.68124771118164,
                0
            ],
            "type": 35665
        },
        "attrbute_14": {
            "bufferView": "bufferView_31",
            "byteOffset": 93096,
            "byteStride": 12,
            "count": 988,
            "max": [
                0.9990296363830566,
                0.9994862079620361,
                0.9964105486869812,
                0
            ],
            "min": [
                -0.9990293979644775,
                -0.99625563621521,
                -0.9896226525306702,
                0
            ],
            "type": 35665
        },
        "attrbute_15": {
            "bufferView": "bufferView_31",
            "byteOffset": 104952,
            "byteStride": 8,
            "count": 988,
            "max": [
                0.9866496920585632,
                0.9996534585952759
            ],
            "min": [
                0.005537789314985275,
                0.02378404140472412
            ],
            "type": 35664
        },
        "attrbute_16": {
            "bufferView": "bufferView_31",
            "byteOffset": 112856,
            "byteStride": 16,
            "count": 988,
            "max": [
                21,
                21,
                20,
                -1
            ],
            "min": [
                0,
                -1,
                -1,
                -1
            ],
            "type": 35666
        },
        "attrbute_17": {
            "bufferView": "bufferView_31",
            "byteOffset": 128664,
            "byteStride": 12,
            "count": 988,
            "max": [
                1,
                0.9998992085456848,
                0.9988917112350464
            ],
            "min": [
                0.00010075775935547426,
                0,
                0
            ],
            "type": 35665
        },
        "attrbute_19": {
            "bufferView": "bufferView_31",
            "byteOffset": 140520,
            "byteStride": 12,
            "count": 489,
            "max": [
                32.305843353271484,
                -6.6634745597839355,
                101.06471252441406,
                0
            ],
            "min": [
                -32.27294158935547,
                -78.967041015625,
                62.2620964050293,
                0
            ],
            "type": 35665
        },
        "attrbute_2": {
            "bufferView": "bufferView_31",
            "byteOffset": 12528,
            "byteStride": 12,
            "count": 1044,
            "max": [
                0.9989639520645142,
                0.9998878240585327,
                0.9999819397926331,
                0
            ],
            "min": [
                -0.9989752173423767,
                -0.9971990585327148,
                -0.9999839067459106,
                0
            ],
            "type": 35665
        },
        "attrbute_20": {
            "bufferView": "bufferView_31",
            "byteOffset": 146388,
            "byteStride": 12,
            "count": 489,
            "max": [
                0.9946448802947998,
                0.9972044229507446,
                0.9940155148506165,
                0
            ],
            "min": [
                -0.9946451783180237,
                -0.9822955131530762,
                -0.9924959540367126,
                0
            ],
            "type": 35665
        },
        "attrbute_21": {
            "bufferView": "bufferView_31",
            "byteOffset": 152256,
            "byteStride": 8,
            "count": 489,
            "max": [
                0.9878414869308472,
                0.9917722344398499
            ],
            "min": [
                0.02705654315650463,
                0.011408030986785889
            ],
            "type": 35664
        },
        "attrbute_22": {
            "bufferView": "bufferView_31",
            "byteOffset": 156168,
            "byteStride": 16,
            "count": 489,
            "max": [
                9,
                10,
                10,
                -1
            ],
            "min": [
                0,
                -1,
                -1,
                -1
            ],
            "type": 35666
        },
        "attrbute_23": {
            "bufferView": "bufferView_31",
            "byteOffset": 163992,
            "byteStride": 12,
            "count": 489,
            "max": [
                1,
                0.9998199343681335,
                0.9740927219390869
            ],
            "min": [
                0.00011970593186561018,
                0,
                0
            ],
            "type": 35665
        },
        "attrbute_25": {
            "bufferView": "bufferView_31",
            "byteOffset": 169860,
            "byteStride": 12,
            "count": 1104,
            "max": [
                99.05455017089844,
                120.73779296875,
                84.48970031738281,
                0
            ],
            "min": [
                -99.08434295654297,
                -45.584266662597656,
                -0.8146947026252747,
                0
            ],
            "type": 35665
        },
        "attrbute_26": {
            "bufferView": "bufferView_31",
            "byteOffset": 183108,
            "byteStride": 12,
            "count": 1104,
            "max": [
                0.9987276196479797,
                0.9987598657608032,
                0.9961463212966919,
                0
            ],
            "min": [
                -0.998727560043335,
                -0.9993227124214172,
                -0.9904327988624573,
                0
            ],
            "type": 35665
        },
        "attrbute_27": {
            "bufferView": "bufferView_31",
            "byteOffset": 196356,
            "byteStride": 8,
            "count": 1104,
            "max": [
                0.9968262314796448,
                0.9902337789535522
            ],
            "min": [
                0.009577212855219841,
                0.005916178226470947
            ],
            "type": 35664
        },
        "attrbute_28": {
            "bufferView": "bufferView_31",
            "byteOffset": 205188,
            "byteStride": 16,
            "count": 1104,
            "max": [
                18,
                18,
                18,
                -1
            ],
            "min": [
                0,
                -1,
                -1,
                -1
            ],
            "type": 35666
        },
        "attrbute_29": {
            "bufferView": "bufferView_31",
            "byteOffset": 222852,
            "byteStride": 12,
            "count": 1104,
            "max": [
                1,
                0.9998986721038818,
                0.8583863377571106
            ],
            "min": [
                0.00010131935414392501,
                0,
                0
            ],
            "type": 35665
        },
        "attrbute_3": {
            "bufferView": "bufferView_31",
            "byteOffset": 25056,
            "byteStride": 8,
            "count": 1044,
            "max": [
                0.9935588240623474,
                0.9939695000648499
            ],
            "min": [
                0.002653207629919052,
                0.0063610076904296875
            ],
            "type": 35664
        },
        "attrbute_4": {
            "bufferView": "bufferView_31",
            "byteOffset": 33408,
            "byteStride": 16,
            "count": 1044,
            "max": [
                19,
                21,
                25,
                -1
            ],
            "min": [
                0,
                -1,
                -1,
                -1
            ],
            "type": 35666
        },
        "attrbute_5": {
            "bufferView": "bufferView_31",
            "byteOffset": 50112,
            "byteStride": 12,
            "count": 1044,
            "max": [
                1,
                0.9997938871383667,
                0.9988574385643005
            ],
            "min": [
                0.00010657994425855577,
                0,
                0
            ],
            "type": 35665
        },
        "attrbute_7": {
            "bufferView": "bufferView_31",
            "byteOffset": 62640,
            "byteStride": 12,
            "count": 310,
            "max": [
                38.36248016357422,
                101.87193298339844,
                114.34903717041016,
                0
            ],
            "min": [
                -38.36252975463867,
                -58.52388381958008,
                75.51398468017578,
                0
            ],
            "type": 35665
        },
        "attrbute_8": {
            "bufferView": "bufferView_31",
            "byteOffset": 66360,
            "byteStride": 12,
            "count": 310,
            "max": [
                0.9912630319595337,
                0.98443603515625,
                0.9979601502418518,
                0
            ],
            "min": [
                -0.9912633299827576,
                -0.9557763338088989,
                -0.9782631993293762,
                0
            ],
            "type": 35665
        },
        "attrbute_9": {
            "bufferView": "bufferView_31",
            "byteOffset": 70080,
            "byteStride": 8,
            "count": 310,
            "max": [
                0.9900000095367432,
                0.9132835865020752
            ],
            "min": [
                0.009999999776482582,
                0.17877554893493652
            ],
            "type": 35664
        },
        "indices_12": {
            "bufferView": "bufferView_33",
            "byteOffset": 10644,
            "count": 1452,
            "type": 5123
        },
        "indices_18": {
            "bufferView": "bufferView_33",
            "byteOffset": 13548,
            "count": 4782,
            "type": 5123
        },
        "indices_24": {
            "bufferView": "bufferView_33",
            "byteOffset": 23112,
            "count": 2040,
            "type": 5123
        },
        "indices_30": {
            "bufferView": "bufferView_33",
            "byteOffset": 27192,
            "count": 5274,
            "type": 5123
        },
        "indices_6": {
            "bufferView": "bufferView_33",
            "byteOffset": 0,
            "count": 5322,
            "type": 5123
        }
    },
    "animations": {},
    "asset": {},
    "bufferViews": {
        "bufferView_31": {
            "buffer": "weaver.bin",
            "byteLength": 236100,
            "byteOffset": 0,
            "target": 34962
        },
        "bufferView_32": {
            "buffer": "weaver.bin",
            "byteLength": 6336,
            "byteOffset": 236100
        },
        "bufferView_33": {
            "buffer": "weaver.bin",
            "byteLength": 37740,
            "byteOffset": 242436,
            "target": 34963
        }
    },
    "buffers": {
        "weaver.bin": {
            "byteLength": 280176,
            "path": "weaver.bin"
        }
    },
    "cameras": {},
    "images": {
        "image_0": {
            "path": "textures/weaver_color.png"
        },
        "image_1": {
            "path": "textures/weaver_antlers_color.png"
        },
        "image_2": {
            "path": "textures/weaver_arms_color.png"
        },
        "image_3": {
            "path": "textures/weaver_head_color.png"
        },
        "image_4": {
            "path": "textures/weaver_legs_color.png"
        }
    },
    "lights": {},
    "materials": {
        "Material #35": {
            "instanceTechnique": {
                "technique": "technique_0",
                "values": {
                    "ambient": [
                        0.5879999995231628,
                        0.5879999995231628,
                        0.5879999995231628
                    ],
                    "diffuse": "Map #7",
                    "emission": [
                        0,
                        0,
                        0
                    ],
                    "shininess": 2,
                    "specular": [
                        0.8999999761581421,
                        0.8999999761581421,
                        0.8999999761581421
                    ],
                    "transparency": 1
                }
            },
            "name": "Material #35"
        },
        "Material #46": {
            "instanceTechnique": {
                "technique": "technique_0",
                "values": {
                    "ambient": [
                        0.5879999995231628,
                        0.5879999995231628,
                        0.5879999995231628
                    ],
                    "diffuse": "Map #8",
                    "emission": [
                        0,
                        0,
                        0
                    ],
                    "shininess": 2,
                    "specular": [
                        0.8999999761581421,
                        0.8999999761581421,
                        0.8999999761581421
                    ],
                    "transparency": 1
                }
            },
            "name": "Material #46"
        },
        "Material #57": {
            "instanceTechnique": {
                "technique": "technique_0",
                "values": {
                    "ambient": [
                        0.5879999995231628,
                        0.5879999995231628,
                        0.5879999995231628
                    ],
                    "diffuse": "Map #9",
                    "emission": [
                        0,
                        0,
                        0
                    ],
                    "shininess": 2,
                    "specular": [
                        0.8999999761581421,
                        0.8999999761581421,
                        0.8999999761581421
                    ],
                    "transparency": 1
                }
            },
            "name": "Material #57"
        },
        "Material #79": {
            "instanceTechnique": {
                "technique": "technique_0",
                "values": {
                    "ambient": [
                        0.5879999995231628,
                        0.5879999995231628,
                        0.5879999995231628
                    ],
                    "diffuse": "Map #10",
                    "emission": [
                        0,
                        0,
                        0
                    ],
                    "shininess": 2,
                    "specular": [
                        0.8999999761581421,
                        0.8999999761581421,
                        0.8999999761581421
                    ],
                    "transparency": 1
                }
            },
            "name": "Material #79"
        },
        "Material #90": {
            "instanceTechnique": {
                "technique": "technique_0",
                "values": {
                    "ambient": [
                        0.5879999995231628,
                        0.5879999995231628,
                        0.5879999995231628
                    ],
                    "diffuse": "Map #11",
                    "emission": [
                        0,
                        0,
                        0
                    ],
                    "shininess": 2,
                    "specular": [
                        0.8999999761581421,
                        0.8999999761581421,
                        0.8999999761581421
                    ],
                    "transparency": 1
                }
            },
            "name": "Material #90"
        }
    },
    "meshes": {
        "weaver_antlers_model_LOD0-mesh": {
            "name": "weaver_antlers_model_LOD0-mesh",
            "primitives": [
                {
                    "attributes": {
                        "JOINT": "attrbute_10",
                        "NORMAL": "attrbute_8",
                        "POSITION": "attrbute_7",
                        "TEXCOORD_0": "attrbute_9",
                        "WEIGHT": "attrbute_11"
                    },
                    "indices": "indices_12",
                    "material": "Material #46"
                }
            ]
        },
        "weaver_arms_model_LOD0-mesh": {
            "name": "weaver_arms_model_LOD0-mesh",
            "primitives": [
                {
                    "attributes": {
                        "JOINT": "attrbute_16",
                        "NORMAL": "attrbute_14",
                        "POSITION": "attrbute_13",
                        "TEXCOORD_0": "attrbute_15",
                        "WEIGHT": "attrbute_17"
                    },
                    "indices": "indices_18",
                    "material": "Material #57"
                }
            ]
        },
        "weaver_head_model_LOD0-mesh": {
            "name": "weaver_head_model_LOD0-mesh",
            "primitives": [
                {
                    "attributes": {
                        "JOINT": "attrbute_22",
                        "NORMAL": "attrbute_20",
                        "POSITION": "attrbute_19",
                        "TEXCOORD_0": "attrbute_21",
                        "WEIGHT": "attrbute_23"
                    },
                    "indices": "indices_24",
                    "material": "Material #79"
                }
            ]
        },
        "weaver_legs_model_LOD0-mesh": {
            "name": "weaver_legs_model_LOD0-mesh",
            "primitives": [
                {
                    "attributes": {
                        "JOINT": "attrbute_28",
                        "NORMAL": "attrbute_26",
                        "POSITION": "attrbute_25",
                        "TEXCOORD_0": "attrbute_27",
                        "WEIGHT": "attrbute_29"
                    },
                    "indices": "indices_30",
                    "material": "Material #90"
                }
            ]
        },
        "weaver_model_LOD0-mesh": {
            "name": "weaver_model_LOD0-mesh",
            "primitives": [
                {
                    "attributes": {
                        "JOINT": "attrbute_4",
                        "NORMAL": "attrbute_2",
                        "POSITION": "attrbute_1",
                        "TEXCOORD_0": "attrbute_3",
                        "WEIGHT": "attrbute_5"
                    },
                    "indices": "indices_6",
                    "material": "Material #35"
                }
            ]
        }
    },
    "nodes": {
        "ArbitraryChain0_0": {
            "children": [
                "ArbitraryChain0_1"
            ],
            "jointId": "ArbitraryChain0_0",
            "matrix": [
                -0.826963007450104,
                -0.0023453363683074977,
                0.5622516274452211,
                0,
                -0.0019397217097151132,
                0.9999973773957652,
                0.0013183636694913024,
                0,
                -0.5622531509206737,
                -3.737029802113377e-7,
                -0.8269652497456165,
                0,
                -17.486978530883786,
                0.32961490750312805,
                4.451557159423828,
                1
            ],
            "name": "ArbitraryChain0_0"
        },
        "ArbitraryChain0_1": {
            "children": [],
            "jointId": "ArbitraryChain0_1",
            "matrix": [
                1,
                9.848736226482791e-8,
                5.960464488641293e-8,
                0,
                -9.848735638845214e-8,
                0.9999999403953553,
                -1.1641532117641351e-10,
                0,
                -5.96046413892104e-8,
                1.1640945130585167e-10,
                0.9999999403953754,
                0,
                29.37453842163086,
                0.000007629394531305511,
                0.0000019073486470233547,
                1
            ],
            "name": "ArbitraryChain0_1"
        },
        "Head_0": {
            "children": [
                "Head_1",
                "lant1_0",
                "rant2_0"
            ],
            "jointId": "Head_0",
            "matrix": [
                0.7999427318572998,
                5.677427594719124e-8,
                -0.6000761985778806,
                0,
                -3.7874525660418166e-8,
                0.9999999999999998,
                4.412243725937515e-8,
                0,
                0.6000761985778814,
                -1.2567821616222739e-8,
                0.7999427318572992,
                0,
                23.898166656494144,
                0.0000012405216693912868,
                0.000007629394545460855,
                1
            ],
            "name": "Head_0"
        },
        "Head_1": {
            "children": [
                "mandibleL3_0",
                "mandibleR4_0"
            ],
            "jointId": "Head_1",
            "matrix": [
                0.9808297157287598,
                -7.105427410540561e-15,
                0.19486826658248912,
                0,
                5.1267755849368076e-15,
                0.9999999999999999,
                1.0658140976844499e-14,
                0,
                -0.19486826658248912,
                -9.454775476334515e-15,
                0.9808297157287598,
                0,
                20.531040191650384,
                7.413327693973903e-7,
                0,
                1
            ],
            "name": "Head_1"
        },
        "Index_0_L": {
            "children": [
                "Index_1_L"
            ],
            "jointId": "Index_0_L",
            "matrix": [
                0.9168189167976377,
                -0.17378507554531095,
                -0.3595018386840822,
                0,
                0.2939034987160664,
                0.9031565347541595,
                0.3129362595924559,
                0,
                0.2703028669225599,
                -0.39256485210472924,
                0.87910730942441,
                0,
                12.328849792480483,
                2.4157676696777344,
                -4.0247802734375,
                1
            ],
            "name": "Index_0_L"
        },
        "Index_0_R": {
            "children": [
                "Index_1_R"
            ],
            "jointId": "Index_0_R",
            "matrix": [
                0.9608225822448734,
                -0.20844362676143646,
                0.1826779991388321,
                0,
                0.2155185697079804,
                0.9763039268140161,
                -0.019546838474423952,
                0,
                -0.17427489944204325,
                0.05815156674627674,
                0.9829787014491781,
                0,
                -12.789161682128892,
                -1.1954727172851562,
                -2.725837707519524,
                1
            ],
            "name": "Index_0_R"
        },
        "Index_1_L": {
            "children": [],
            "jointId": "Index_1_L",
            "matrix": [
                1.0000003576278687,
                4.470348355378739e-8,
                -3.7252902887474626e-8,
                0,
                -4.470347605978198e-8,
                1.0000002384185782,
                5.9604644719879474e-8,
                0,
                3.725290571854334e-8,
                -5.96046502709946e-8,
                1.0000003576278669,
                0,
                9.049518585205085,
                0.000003814697265625,
                0.000007629394517039145,
                1
            ],
            "name": "Index_1_L"
        },
        "Index_1_R": {
            "children": [],
            "jointId": "Index_1_R",
            "matrix": [
                1,
                1.4901161221603232e-8,
                -4.656612885220457e-9,
                0,
                -1.490116130486996e-8,
                1.000000000000001,
                -1.4901161186908762e-8,
                0,
                4.65661211326851e-9,
                1.490115949381865e-8,
                0.9999998807907109,
                0,
                -7.010437011718736,
                0.000011444091800427714,
                -0.000003814697265625,
                1
            ],
            "name": "Index_1_R"
        },
        "Mid_0_L": {
            "children": [
                "Mid_1_L"
            ],
            "jointId": "Mid_0_L",
            "matrix": [
                0.9593716859817502,
                -0.21626622974872584,
                0.18120393157005316,
                0,
                0.20153991905633606,
                0.9747347298726468,
                0.09630317038817174,
                0,
                -0.19745290780892452,
                -0.05587071460011434,
                0.9787192735282951,
                0,
                12.774246215820327,
                1.2632789611816406,
                2.5221900939941335,
                1
            ],
            "name": "Mid_0_L"
        },
        "Mid_0_R": {
            "children": [
                "Mid_1_R"
            ],
            "jointId": "Mid_0_R",
            "matrix": [
                0.9120506644248961,
                -0.16655962169170382,
                -0.37472856044769276,
                0,
                0.283612114471227,
                0.9162158228191194,
                0.2830423613268511,
                0,
                0.2961887634604877,
                -0.3644264786347269,
                0.8828734445271798,
                0,
                -12.332473754882812,
                -2.3759574890136648,
                3.978099822998047,
                1
            ],
            "name": "Mid_0_R"
        },
        "Mid_1_L": {
            "children": [],
            "jointId": "Mid_1_L",
            "matrix": [
                1.000000238418579,
                5.551115123125783e-17,
                -1.359730958817168e-7,
                0,
                -1.0824674490095276e-15,
                0.999999761581421,
                -7.450580610801616e-9,
                0,
                1.3597304722098857e-7,
                7.45058147122446e-9,
                0.9999998807907027,
                0,
                7.0309906005859375,
                -7.105427357601002e-15,
                -0.00000762939453125,
                1
            ],
            "name": "Mid_1_L"
        },
        "Mid_1_R": {
            "children": [],
            "jointId": "Mid_1_R",
            "matrix": [
                0.999999821186065,
                4.470348349827624e-8,
                1.1796119636642288e-16,
                0,
                -4.470348111129674e-8,
                0.9999997615814203,
                2.9802322443206464e-8,
                0,
                1.3461454173580023e-15,
                -2.980232949312267e-8,
                0.9999999999999999,
                0,
                -9.0511703491211,
                7.105427357601002e-15,
                0.000007629394517039145,
                1
            ],
            "name": "Mid_1_R"
        },
        "Ring_0_L": {
            "children": [],
            "jointId": "Ring_0_L",
            "matrix": [
                0.9999999999999994,
                -5.004112608730795e-7,
                -7.453013317615246e-9,
                0,
                5.004113205336993e-7,
                1.0000001192093053,
                9.31322574615055e-10,
                0,
                7.453012851569093e-9,
                -9.313261931647931e-10,
                1.0000000000000002,
                0,
                8.982681274414077,
                3.7515830993652344,
                7.9723663330078125,
                1
            ],
            "name": "Ring_0_L"
        },
        "Ring_0_R": {
            "children": [],
            "jointId": "Ring_0_R",
            "matrix": [
                1,
                3.715989009833719e-7,
                -8.567671017090158e-8,
                0,
                -3.7159890353664605e-7,
                0.9999999999999648,
                -2.980141289299015e-8,
                0,
                8.567669909671621e-8,
                2.980144473036333e-8,
                0.9999999999999982,
                0,
                -7.790138244628906,
                -6.096260070800781,
                7.46275711059571,
                1
            ],
            "name": "Ring_0_R"
        },
        "Root_0": {
            "children": [
                "Spine_0",
                "ArbitraryChain0_0",
                "thigh_A_L",
                "thigh_A_R"
            ],
            "jointId": "Root_0",
            "matrix": [
                -1.629206851037603e-7,
                -1.0000000000000002,
                0,
                0,
                1.0000000000000002,
                -1.629206851037603e-7,
                0,
                0,
                0,
                0,
                1,
                0,
                -0.13066795468330383,
                23.448705673217773,
                23.278013229370117,
                1
            ],
            "name": "Root_0"
        },
        "Spine_0": {
            "children": [
                "thigh_R",
                "Spine_1",
                "thigh_L"
            ],
            "jointId": "Spine_0",
            "matrix": [
                0.5641458630561828,
                1.5790200791343525e-7,
                0.825675129890442,
                0,
                -2.798957118253474e-7,
                1,
                0,
                0,
                -0.8256751298904214,
                -2.3110292821716562e-7,
                0.5641458630562131,
                0,
                27.456375122070312,
                0.10446751862764359,
                -2.864044189453125,
                1
            ],
            "name": "Spine_0"
        },
        "Spine_1": {
            "children": [
                "Spine_2"
            ],
            "jointId": "Spine_1",
            "matrix": [
                0.9437862038612372,
                1.2658500736506542e-7,
                0.3305569291114809,
                0,
                -1.5271660943111032e-7,
                1.0000000000000002,
                5.3082601425558427e-8,
                0,
                -0.3305569291114687,
                -1.0058016032837036e-7,
                0.9437862038612415,
                0,
                23.941644668579105,
                0.0000027157366275787354,
                0.00000476837158203125,
                1
            ],
            "name": "Spine_1"
        },
        "Spine_2": {
            "children": [
                "clavicle_R",
                "Spine_3",
                "clavicle_L"
            ],
            "jointId": "Spine_2",
            "matrix": [
                0.7265205383300781,
                -1.0658141076106172e-14,
                -0.6871448159217839,
                0,
                2.139044635860557e-14,
                1.0000000000000002,
                7.1054273476748345e-15,
                0,
                0.6871448159217834,
                -1.9860573208415456e-14,
                0.7265205383300782,
                0,
                25.037559509277344,
                0.0000010579824447631836,
                -0.0000019073486363652137,
                1
            ],
            "name": "Spine_2"
        },
        "Spine_3": {
            "children": [
                "Head_0"
            ],
            "jointId": "Spine_3",
            "matrix": [
                0.6417199969291689,
                5.745202003026868e-8,
                -0.766939103603363,
                0,
                -8.95281747572066e-8,
                1.0000000000000002,
                7.940933880509066e-23,
                0,
                0.7669391036033607,
                6.866265809553697e-8,
                0.641719996929172,
                0,
                22.793281555175795,
                5.6438148021698e-7,
                0.000011444091803980427,
                1
            ],
            "name": "Spine_3"
        },
        "Thumb_0_L": {
            "children": [],
            "jointId": "Thumb_0_L",
            "matrix": [
                0.9999999999999994,
                -5.004112608730795e-7,
                -7.453013317615246e-9,
                0,
                5.004113205336993e-7,
                1.0000001192093053,
                9.31322574615055e-10,
                0,
                7.453012851569093e-9,
                -9.313261931647931e-10,
                1.0000000000000002,
                0,
                7.8052139282226705,
                6.035072326660156,
                -7.226776123046882,
                1
            ],
            "name": "Thumb_0_L"
        },
        "Thumb_0_R": {
            "children": [],
            "jointId": "Thumb_0_R",
            "matrix": [
                1,
                3.715989009833719e-7,
                -8.567671017090158e-8,
                0,
                -3.7159890353664605e-7,
                0.9999999999999648,
                -2.980141289299015e-8,
                0,
                8.567669909671621e-8,
                2.980144473036333e-8,
                0.9999999999999982,
                0,
                -8.90155029296875,
                -3.726226806640625,
                -8.064212799072273,
                1
            ],
            "name": "Thumb_0_R"
        },
        "ankle_A_L": {
            "children": [
                "toeBall_A_L"
            ],
            "jointId": "ankle_A_L",
            "matrix": [
                0.940118193626404,
                -0.017240650951862238,
                0.34041246771812456,
                0,
                0.016211114265518106,
                0.9998512879961863,
                0.0058685382869008845,
                0,
                -0.34046306511245455,
                0.0000013457982485642894,
                0.9402579967708562,
                0,
                43.97668457031251,
                -0.000011920928948860876,
                0.00006866455078125,
                1
            ],
            "name": "ankle_A_L"
        },
        "ankle_A_R": {
            "children": [
                "toeBall_A_R"
            ],
            "jointId": "ankle_A_R",
            "matrix": [
                0.9436085224151614,
                0.002055354416370475,
                0.33105668425560003,
                0,
                -0.0019393381856941116,
                0.9999983310762015,
                -0.0006807744926860676,
                0,
                -0.3310575002841489,
                3.5374370249696696e-7,
                0.9436108461393483,
                0,
                -43.97665023803711,
                0.0000071525573677178045,
                0.000007629394545460855,
                1
            ],
            "name": "ankle_A_R"
        },
        "ankle_L": {
            "children": [
                "toeBall_L"
            ],
            "jointId": "ankle_L",
            "matrix": [
                0.8964189291000364,
                -0.09099033474922183,
                0.43376657366752636,
                0,
                0.0819051307997049,
                0.9958517961215688,
                0.03963324906548078,
                0,
                -0.43557352397205773,
                -2.8673129429113153e-7,
                0.9001530996550735,
                0,
                29.767877578735348,
                -0.0000038146972629604647,
                -1.4210854715202004e-14,
                1
            ],
            "name": "ankle_L"
        },
        "ankle_R": {
            "children": [
                "toeBall_R"
            ],
            "jointId": "ankle_R",
            "matrix": [
                0.8956770300865177,
                -0.08852421492338183,
                0.43580517172813404,
                0,
                0.07960176045491854,
                0.9960740851197105,
                0.03873108694395687,
                0,
                -0.43752283015395116,
                3.1395889825425183e-7,
                0.899207265820993,
                0,
                -29.76789665222168,
                0.000009059906004971197,
                1.4210854715202004e-14,
                1
            ],
            "name": "ankle_R"
        },
        "beetle_model": {
            "children": [],
            "jointId": "beetle_model",
            "matrix": [
                1,
                0,
                0,
                0,
                0,
                -4.371138844755023e-8,
                1,
                0,
                0,
                -1,
                -4.371138844755023e-8,
                0,
                0,
                0,
                0,
                1
            ],
            "name": "beetle_model"
        },
        "bicep_L": {
            "children": [
                "elbow_L"
            ],
            "jointId": "bicep_L",
            "matrix": [
                0.9410593509674072,
                -0.2860778272151947,
                -0.18046307563781738,
                0,
                -0.3114511938840282,
                -0.5247841852005168,
                -0.792211583506383,
                0,
                0.13193003020173175,
                0.8017237400836648,
                -0.5829524772500133,
                0,
                8.591703414916996,
                -0.00000762939453125,
                0.000003814697265625,
                1
            ],
            "name": "bicep_L"
        },
        "bicep_R": {
            "children": [
