{
    "animations": {},
    "asset": {},
    "attributes": {
        "attribute_1": {
            "bufferView": "bufferView_37",
            "byteOffset": 0,
            "byteStride": 12,
            "count": 1337,
            "max": [
                1,
                1,
                1
            ],
            "min": [
                0,
                0,
                0
            ],
            "type": "FLOAT_VEC3"
        },
        "attribute_10": {
            "bufferView": "bufferView_37",
            "byteOffset": 86556,
            "byteStride": 16,
            "count": 198,
            "max": [
                1,
                1,
                1
            ],
            "min": [
                0,
                0,
                0
            ],
            "type": "FLOAT_VEC4"
        },
        "attribute_11": {
            "bufferView": "bufferView_37",
            "byteOffset": 89724,
            "byteStride": 12,
            "count": 198,
            "max": [
                1,
                1,
                1
            ],
            "min": [
                0,
                0,
                0
            ],
            "type": "FLOAT_VEC3"
        },
        "attribute_13": {
            "bufferView": "bufferView_37",
            "byteOffset": 92100,
            "byteStride": 12,
            "count": 992,
            "max": [
                1,
                1,
                1
            ],
            "min": [
                0,
                0,
                0
            ],
            "type": "FLOAT_VEC3"
        },
        "attribute_14": {
            "bufferView": "bufferView_37",
            "byteOffset": 104004,
            "byteStride": 12,
            "count": 992,
            "max": [
                1,
                1,
                1
            ],
            "min": [
                0,
                0,
                0
            ],
            "type": "FLOAT_VEC3"
        },
        "attribute_15": {
            "bufferView": "bufferView_37",
            "byteOffset": 115908,
            "byteStride": 8,
            "count": 992,
            "max": [
                1,
                1,
                1
            ],
            "min": [
                0,
                0,
                0
            ],
            "type": "FLOAT_VEC2"
        },
        "attribute_16": {
            "bufferView": "bufferView_37",
            "byteOffset": 123844,
            "byteStride": 16,
            "count": 992,
            "max": [
                1,
                1,
                1
            ],
            "min": [
                0,
                0,
                0
            ],
            "type": "FLOAT_VEC4"
        },
        "attribute_17": {
            "bufferView": "bufferView_37",
            "byteOffset": 139716,
            "byteStride": 12,
            "count": 992,
            "max": [
                1,
                1,
                1
            ],
            "min": [
                0,
                0,
                0
            ],
            "type": "FLOAT_VEC3"
        },
        "attribute_19": {
            "bufferView": "bufferView_37",
            "byteOffset": 151620,
            "byteStride": 12,
            "count": 360,
            "max": [
                1,
                1,
                1
            ],
            "min": [
                0,
                0,
                0
            ],
            "type": "FLOAT_VEC3"
        },
        "attribute_2": {
            "bufferView": "bufferView_37",
            "byteOffset": 16044,
            "byteStride": 12,
            "count": 1337,
            "max": [
                1,
                1,
                1
            ],
            "min": [
                0,
                0,
                0
            ],
            "type": "FLOAT_VEC3"
        },
        "attribute_20": {
            "bufferView": "bufferView_37",
            "byteOffset": 155940,
            "byteStride": 12,
            "count": 360,
            "max": [
                1,
                1,
                1
            ],
            "min": [
                0,
                0,
                0
            ],
            "type": "FLOAT_VEC3"
        },
        "attribute_21": {
            "bufferView": "bufferView_37",
            "byteOffset": 160260,
            "byteStride": 8,
            "count": 360,
            "max": [
                1,
                1,
                1
            ],
            "min": [
                0,
                0,
                0
            ],
            "type": "FLOAT_VEC2"
        },
        "attribute_22": {
            "bufferView": "bufferView_37",
            "byteOffset": 163140,
            "byteStride": 16,
            "count": 360,
            "max": [
                1,
                1,
                1
            ],
            "min": [
                0,
                0,
                0
            ],
            "type": "FLOAT_VEC4"
        },
        "attribute_23": {
            "bufferView": "bufferView_37",
            "byteOffset": 168900,
            "byteStride": 12,
            "count": 360,
            "max": [
                1,
                1,
                1
            ],
            "min": [
                0,
                0,
                0
            ],
            "type": "FLOAT_VEC3"
        },
        "attribute_25": {
            "bufferView": "bufferView_37",
            "byteOffset": 173220,
            "byteStride": 12,
            "count": 399,
            "max": [
                1,
                1,
                1
            ],
            "min": [
                0,
                0,
                0
            ],
            "type": "FLOAT_VEC3"
        },
        "attribute_26": {
            "bufferView": "bufferView_37",
            "byteOffset": 178008,
            "byteStride": 12,
            "count": 399,
            "max": [
                1,
                1,
                1
            ],
            "min": [
                0,
                0,
                0
            ],
            "type": "FLOAT_VEC3"
        },
        "attribute_27": {
            "bufferView": "bufferView_37",
            "byteOffset": 182796,
            "byteStride": 8,
            "count": 399,
            "max": [
                1,
                1,
                1
            ],
            "min": [
                0,
                0,
                0
            ],
            "type": "FLOAT_VEC2"
        },
        "attribute_28": {
            "bufferView": "bufferView_37",
            "byteOffset": 185988,
            "byteStride": 16,
            "count": 399,
            "max": [
                1,
                1,
                1
            ],
            "min": [
                0,
                0,
                0
            ],
            "type": "FLOAT_VEC4"
        },
        "attribute_29": {
            "bufferView": "bufferView_37",
            "byteOffset": 192372,
            "byteStride": 12,
            "count": 399,
            "max": [
                1,
                1,
                1
            ],
            "min": [
                0,
                0,
                0
            ],
            "type": "FLOAT_VEC3"
        },
        "attribute_3": {
            "bufferView": "bufferView_37",
            "byteOffset": 32088,
            "byteStride": 8,
            "count": 1337,
            "max": [
                1,
                1,
                1
            ],
            "min": [
                0,
                0,
                0
            ],
            "type": "FLOAT_VEC2"
        },
        "attribute_31": {
            "bufferView": "bufferView_37",
            "byteOffset": 197160,
            "byteStride": 12,
            "count": 836,
            "max": [
                1,
                1,
                1
            ],
            "min": [
                0,
                0,
                0
            ],
            "type": "FLOAT_VEC3"
        },
        "attribute_32": {
            "bufferView": "bufferView_37",
            "byteOffset": 207192,
            "byteStride": 12,
            "count": 836,
            "max": [
                1,
                1,
                1
            ],
            "min": [
                0,
                0,
                0
            ],
            "type": "FLOAT_VEC3"
        },
        "attribute_33": {
            "bufferView": "bufferView_37",
            "byteOffset": 217224,
            "byteStride": 8,
            "count": 836,
            "max": [
                1,
                1,
                1
            ],
            "min": [
                0,
                0,
                0
            ],
            "type": "FLOAT_VEC2"
        },
        "attribute_34": {
            "bufferView": "bufferView_37",
            "byteOffset": 223912,
            "byteStride": 16,
            "count": 836,
            "max": [
                1,
                1,
                1
            ],
            "min": [
                0,
                0,
                0
            ],
            "type": "FLOAT_VEC4"
        },
        "attribute_35": {
            "bufferView": "bufferView_37",
            "byteOffset": 237288,
            "byteStride": 12,
            "count": 836,
            "max": [
                1,
                1,
                1
            ],
            "min": [
                0,
                0,
                0
            ],
            "type": "FLOAT_VEC3"
        },
        "attribute_4": {
            "bufferView": "bufferView_37",
            "byteOffset": 42784,
            "byteStride": 16,
            "count": 1337,
            "max": [
                1,
                1,
                1
            ],
            "min": [
                0,
                0,
                0
            ],
            "type": "FLOAT_VEC4"
        },
        "attribute_5": {
            "bufferView": "bufferView_37",
            "byteOffset": 64176,
            "byteStride": 12,
            "count": 1337,
            "max": [
                1,
                1,
                1
            ],
            "min": [
                0,
                0,
                0
            ],
            "type": "FLOAT_VEC3"
        },
        "attribute_7": {
            "bufferView": "bufferView_37",
            "byteOffset": 80220,
            "byteStride": 12,
            "count": 198,
            "max": [
                1,
                1,
                1
            ],
            "min": [
                0,
                0,
                0
            ],
            "type": "FLOAT_VEC3"
        },
        "attribute_8": {
            "bufferView": "bufferView_37",
            "byteOffset": 82596,
            "byteStride": 12,
            "count": 198,
            "max": [
                1,
                1,
                1
            ],
            "min": [
                0,
                0,
                0
            ],
            "type": "FLOAT_VEC3"
        },
        "attribute_9": {
            "bufferView": "bufferView_37",
            "byteOffset": 84972,
            "byteStride": 8,
            "count": 198,
            "max": [
                1,
                1,
                1
            ],
            "min": [
                0,
                0,
                0
            ],
            "type": "FLOAT_VEC2"
        }
    },
    "bufferViews": {
        "bufferView_37": {
            "buffer": "sand_king.bin",
            "byteLength": 247320,
            "byteOffset": 0,
            "target": "ARRAY_BUFFER"
        },
        "bufferView_38": {
            "buffer": "sand_king.bin",
            "byteLength": 47952,
            "byteOffset": 247320,
            "target": "ELEMENT_ARRAY_BUFFER"
        }
    },
    "buffers": {
        "sand_king.bin": {
            "byteLength": 295272,
            "path": "sand_king.bin"
        }
    },
    "cameras": {},
    "images": {
        "image_0": {
            "path": "textures/sand_king_color.png"
        },
        "image_1": {
            "path": "textures/sand_king_arms_color.png"
        },
        "image_2": {
            "path": "textures/sand_king_head_color.png"
        },
        "image_3": {
            "path": "textures/sand_king_legs_color.png"
        },
        "image_4": {
            "path": "textures/sand_king_shoulder_color.png"
        },
        "image_5": {
            "path": "textures/sand_king_tail_color.png"
        }
    },
    "indices": {
        "indices_12": {
            "bufferView": "bufferView_38",
            "byteOffset": 15516,
            "count": 1122,
            "type": "UNSIGNED_SHORT"
        },
        "indices_18": {
            "bufferView": "bufferView_38",
            "byteOffset": 17760,
            "count": 5916,
            "type": "UNSIGNED_SHORT"
        },
        "indices_24": {
            "bufferView": "bufferView_38",
            "byteOffset": 29592,
            "count": 1998,
            "type": "UNSIGNED_SHORT"
        },
        "indices_30": {
            "bufferView": "bufferView_38",
            "byteOffset": 33588,
            "count": 2244,
            "type": "UNSIGNED_SHORT"
        },
        "indices_36": {
            "bufferView": "bufferView_38",
            "byteOffset": 38076,
            "count": 4938,
            "type": "UNSIGNED_SHORT"
        },
        "indices_6": {
            "bufferView": "bufferView_38",
            "byteOffset": 0,
            "count": 7758,
            "type": "UNSIGNED_SHORT"
        }
    },
    "lights": {},
    "materials": {
        "Material #101": {
            "instanceTechnique": {
                "technique": "technique_0",
                "values": [
                    {
                        "parameter": "ambient",
                        "value": [
                            0.5879999995231628,
                            0.5879999995231628,
                            0.5879999995231628
                        ]
                    },
                    {
                        "parameter": "emission",
                        "value": [
                            0,
                            0,
                            0
                        ]
                    },
                    {
                        "parameter": "diffuse",
                        "value": "Map #13"
                    },
                    {
                        "parameter": "shininess",
                        "value": 2
                    },
                    {
                        "parameter": "specular",
                        "value": [
                            0.8999999761581421,
                            0.8999999761581421,
                            0.8999999761581421
                        ]
                    }
                ]
            },
            "name": "Material #101"
        },
        "Material #35": {
            "instanceTechnique": {
                "technique": "technique_0",
                "values": [
                    {
                        "parameter": "ambient",
                        "value": [
                            0.5879999995231628,
                            0.5879999995231628,
                            0.5879999995231628
                        ]
                    },
                    {
                        "parameter": "emission",
                        "value": [
                            0,
                            0,
                            0
                        ]
                    },
                    {
                        "parameter": "diffuse",
                        "value": "Map #8"
                    },
                    {
                        "parameter": "shininess",
                        "value": 2
                    },
                    {
                        "parameter": "specular",
                        "value": [
                            0.8999999761581421,
                            0.8999999761581421,
                            0.8999999761581421
                        ]
                    }
                ]
            },
            "name": "Material #35"
        },
        "Material #46": {
            "instanceTechnique": {
                "technique": "technique_0",
                "values": [
                    {
                        "parameter": "ambient",
                        "value": [
                            0.5879999995231628,
                            0.5879999995231628,
                            0.5879999995231628
                        ]
                    },
                    {
                        "parameter": "emission",
                        "value": [
                            0,
                            0,
                            0
                        ]
                    },
                    {
                        "parameter": "diffuse",
                        "value": "Map #9"
                    },
                    {
                        "parameter": "shininess",
                        "value": 2
                    },
                    {
                        "parameter": "specular",
                        "value": [
                            0.8999999761581421,
                            0.8999999761581421,
                            0.8999999761581421
                        ]
                    }
                ]
            },
            "name": "Material #46"
        },
        "Material #57": {
            "instanceTechnique": {
                "technique": "technique_0",
                "values": [
                    {
                        "parameter": "ambient",
                        "value": [
                            0.5879999995231628,
                            0.5879999995231628,
                            0.5879999995231628
                        ]
                    },
                    {
                        "parameter": "emission",
                        "value": [
                            0,
                            0,
                            0
                        ]
                    },
                    {
                        "parameter": "diffuse",
                        "value": "Map #10"
                    },
                    {
                        "parameter": "shininess",
                        "value": 2
                    },
                    {
                        "parameter": "specular",
                        "value": [
                            0.8999999761581421,
                            0.8999999761581421,
                            0.8999999761581421
                        ]
                    }
                ]
            },
            "name": "Material #57"
        },
        "Material #68": {
            "instanceTechnique": {
                "technique": "technique_0",
                "values": [
                    {
                        "parameter": "ambient",
                        "value": [
                            0.5879999995231628,
                            0.5879999995231628,
                            0.5879999995231628
                        ]
                    },
                    {
                        "parameter": "emission",
                        "value": [
                            0,
                            0,
                            0
                        ]
                    },
                    {
                        "parameter": "diffuse",
                        "value": "Map #11"
                    },
                    {
                        "parameter": "shininess",
                        "value": 2
                    },
                    {
                        "parameter": "specular",
                        "value": [
                            0.8999999761581421,
                            0.8999999761581421,
                            0.8999999761581421
                        ]
                    }
                ]
            },
            "name": "Material #68"
        },
        "Material #79": {
            "instanceTechnique": {
                "technique": "technique_0",
                "values": [
                    {
                        "parameter": "ambient",
                        "value": [
                            0.5879999995231628,
                            0.5879999995231628,
                            0.5879999995231628
                        ]
                    },
                    {
                        "parameter": "emission",
                        "value": [
                            0,
                            0,
                            0
                        ]
                    },
                    {
                        "parameter": "diffuse",
                        "value": "Map #12"
                    },
                    {
                        "parameter": "shininess",
                        "value": 2
                    },
                    {
                        "parameter": "specular",
                        "value": [
                            0.8999999761581421,
                            0.8999999761581421,
                            0.8999999761581421
                        ]
                    }
                ]
            },
            "name": "Material #79"
        }
    },
    "meshes": {
        "sand_king_arms_model_LOD0-mesh": {
            "name": "sand_king_arms_model_LOD0-mesh",
            "primitives": [
                {
                    "indices": "indices_12",
                    "material": "Material #46",
                    "semantics": {
                        "JOINT": "attribute_10",
                        "NORMAL": "attribute_8",
                        "POSITION": "attribute_7",
                        "TEXCOORD_0": "attribute_9",
                        "WEIGHT": "attribute_11"
                    },
                    "skin": "skin_1"
                }
            ]
        },
        "sand_king_head_model_LOD0-mesh": {
            "name": "sand_king_head_model_LOD0-mesh",
            "primitives": [
                {
                    "indices": "indices_18",
                    "material": "Material #57",
                    "semantics": {
                        "JOINT": "attribute_16",
                        "NORMAL": "attribute_14",
                        "POSITION": "attribute_13",
                        "TEXCOORD_0": "attribute_15",
                        "WEIGHT": "attribute_17"
                    },
                    "skin": "skin_2"
                }
            ]
        },
        "sand_king_legs_model_LOD0-mesh": {
            "name": "sand_king_legs_model_LOD0-mesh",
            "primitives": [
                {
                    "indices": "indices_24",
                    "material": "Material #68",
                    "semantics": {
                        "JOINT": "attribute_22",
                        "NORMAL": "attribute_20",
                        "POSITION": "attribute_19",
                        "TEXCOORD_0": "attribute_21",
                        "WEIGHT": "attribute_23"
                    },
                    "skin": "skin_3"
                }
            ]
        },
        "sand_king_model_LOD0-mesh": {
            "name": "sand_king_model_LOD0-mesh",
            "primitives": [
                {
                    "indices": "indices_6",
                    "material": "Material #35",
                    "semantics": {
                        "JOINT": "attribute_4",
                        "NORMAL": "attribute_2",
                        "POSITION": "attribute_1",
                        "TEXCOORD_0": "attribute_3",
                        "WEIGHT": "attribute_5"
                    },
                    "skin": "skin_0"
                }
            ]
        },
        "sand_king_shoulder_model_LOD0-mesh": {
            "name": "sand_king_shoulder_model_LOD0-mesh",
            "primitives": [
                {
                    "indices": "indices_30",
                    "material": "Material #79",
                    "semantics": {
                        "JOINT": "attribute_28",
                        "NORMAL": "attribute_26",
                        "POSITION": "attribute_25",
                        "TEXCOORD_0": "attribute_27",
                        "WEIGHT": "attribute_29"
                    },
                    "skin": "skin_4"
                }
            ]
        },
        "sand_king_tail_model_LOD0-mesh": {
            "name": "sand_king_tail_model_LOD0-mesh",
            "primitives": [
                {
                    "indices": "indices_36",
                    "material": "Material #101",
                    "semantics": {
                        "JOINT": "attribute_34",
                        "NORMAL": "attribute_32",
                        "POSITION": "attribute_31",
                        "TEXCOORD_0": "attribute_33",
                        "WEIGHT": "attribute_35"
                    },
                    "skin": "skin_5"
                }
            ]
        }
    },
    "nodes": {
        "bicep_L": {
            "children": [
                "elbow_L"
            ],
            "matrix": [
                0.9665231704711911,
                -0.24744731187820432,
                -0.06784769892692555,
                0,
                -0.24891028937583431,
                -0.9684269782228018,
                -0.013897443152551207,
                0,
                -0.062266638852306044,
                0.03032018230454847,
                -0.9975990029954007,
                0,
                21.34033584594727,
                0.0000019073486328125,
                -0.00000762939453125,
                1
            ],
            "name": "bicep_L"
        },
        "bicep_R": {
            "children": [
                "elbow_R"
            ],
            "matrix": [
                0.9665229320526123,
                -0.24744726717472082,
                -0.06784760951995833,
                0,
                -0.2489103036826349,
                -0.9684270477950996,
                -0.013897174935675514,
                0,
                -0.06226663840551916,
                0.03031990549448306,
                -0.9975990628889784,
                0,
                -21.340330123901367,
                -0.0000019073486328125,
                1.4210854715202004e-14,
                1
            ],
            "name": "bicep_R"
        },
        "clavicle_L": {
            "children": [
                "bicep_L"
            ],
            "matrix": [
                -0.5211579203605652,
                0.8483965992927553,
                -0.0928299278020859,
                0,
                -0.04858860753967728,
                0.07909833222328624,
                0.9956820598160765,
                0,
                0.8520758034903172,
                0.5234179687401009,
                -3.1292438465446715e-7,
                0,
                11.408996582031264,
                2.5506536960601807,
                6.5901088714599645,
                1
            ],
            "name": "clavicle_L"
        },
        "clavicle_R": {
            "children": [
                "bicep_R"
            ],
            "matrix": [
                0.5211578011512754,
                0.8483967781066893,
                0.09282983839511869,
                0,
                0.048588518333672545,
                0.07909827895315766,
                -0.9956821210891886,
                0,
                -0.852075924234823,
                0.5234178096054168,
                3.427267076805407e-7,
                0,
                11.40899658203125,
                -2.5506520271301265,
                6.590106964111328,
                1
            ],
            "name": "clavicle_R"
        },
        "elbow_L": {
            "children": [
                "wrist_L"
            ],
            "matrix": [
                -0.24175679683685258,
                1.0849907994790742e-7,
                -0.97033703327179,
                0,
                1.235846208080208e-7,
                0.9999998211860847,
                8.102508288528737e-8,
                0,
                0.9703367808231382,
                -1.0033036177098213e-7,
                -0.24175673393997837,
                0,
                33.91653060913086,
                0.000006675720216620107,
                0.0000152587890625,
                1
            ],
            "name": "elbow_L"
        },
        "elbow_R": {
            "children": [
                "wrist_R"
            ],
            "matrix": [
                -0.24175703525543263,
                7.869675754026279e-8,
                -0.9703366756439209,
                0,
                -2.492025687819699e-7,
                0.9999997019767455,
                1.4319072110966988e-7,
                0,
                0.9703369069276112,
                2.764279046110589e-7,
                -0.2417570928791823,
                0,
                -33.916534423828125,
                0.0000057220458984375,
                0.00000762939453125,
                1
            ],
            "name": "elbow_R"
        },
        "head": {
            "children": [
                "jaw"
            ],
            "matrix": [
                0.8613318204879762,
                6.339373475552048e-14,
                -0.5080429911613464,
                0,
                -6.521761784782872e-14,
                1,
                1.4210854708584559e-14,
                0,
                0.5080429911613462,
                2.089309232890037e-14,
                0.8613318204879762,
                0,
                17.474308013916016,
                -0.000001135088382397954,
                -0.000030517578125,
                1
            ],
            "name": "head"
        },
        "jaw": {
            "children": [
                "tongue"
            ],
            "matrix": [
                -1.62920699314615e-7,
                1.0000000000000002,
                8.881784254903895e-16,
                0,
                -0.06615198403596685,
                -1.0777528386421745e-8,
                0.9978094100952152,
                0,
                0.9978094100952152,
                1.625638068166611e-7,
                0.06615198403596866,
                0,
                1.005028724670412,
                2.86373051494593e-7,
                -6.499259948730483,
                1
            ],
            "name": "jaw"
        },
        "neck1": {
            "children": [
                "head"
            ],
            "matrix": [
                0.5995863676071165,
                -5.062617002382317e-14,
                -0.8003098964691158,
                0,
                8.028585972209596e-14,
                0.9999999999999998,
                -3.1086244908707245e-15,
                0,
                0.8003098964691162,
                -6.238967917489194e-14,
                0.5995863676071166,
                0,
                12.199371337890625,
                2.2915799036127282e-7,
                -0.000003814697265625,
                1
            ],
            "name": "neck1"
        },
        "quadAnkle_A_L": {
            "children": [
                "quadToe_A_L"
            ],
            "matrix": [
                -0.1782381534576411,
                3.203749656954802e-7,
                -0.983987331390381,
                0,
                8.102890963757048e-7,
                1.0000002384184152,
                1.7881389745288967e-7,
                0,
                0.9839874572660297,
                -7.654426621289678e-7,
                -0.17823817625883726,
                0,
                27.247718811035156,
                -0.00001001358031427202,
                0.000015258789055394573,
                1
            ],
            "name": "quadAnkle_A_L"
        },
        "quadAnkle_R": {
            "children": [
                "quadToe_R"
            ],
            "matrix": [
                -0.1782382428646087,
                -4.4703483609298544e-8,
                -0.9839872121810913,
                0,
                5.768151233043195e-8,
                1.0000001192092889,
                -5.587932404294005e-8,
                0,
                0.9839871701505961,
                -6.671769235688796e-8,
                -0.17823823525125326,
                0,
                -27.247714996337898,
                0.0000057220459144247116,
                -0.00000762939453125,
                1
            ],
            "name": "quadAnkle_R"
        },
        "quadClavicle_A_L": {
            "children": [
                "quadHumerous_A_L"
            ],
            "matrix": [
                0.07485704869031895,
                0.8780308961868287,
                -0.4727136492729187,
                0,
                0.04015585849612373,
                0.47100495233527834,
                0.8812160387218362,
                0,
                0.9963853951995858,
                -0.08494745578816758,
                -4.3772160444060895e-8,
                0,
                -15.04996681213379,
                24.267173767089844,
                -11.390613555908203,
                1
            ],
            "name": "quadClavicle_A_L"
        },
        "quadClavicle_A_R": {
            "children": [
                "quadHumerous_A_R"
            ],
            "matrix": [
                -0.6864373087882997,
                0.5984708070755003,
                0.4130814373493194,
                0,
                -0.31136087180616767,
                0.27146030564314855,
                -0.910694001468041,
                0,
                -0.6571590114572955,
                -0.753751763670335,
                -8.940696688236085e-8,
                0,
                1.7931995391845703,
                -22.747571945190426,
                -12.400196075439453,
                1
            ],
            "name": "quadClavicle_A_R"
        },
        "quadClavicle_L": {
            "children": [
                "quadHumerous_L"
            ],
            "matrix": [
                0.6864367723464967,
                0.5984715819358827,
                -0.4130813479423524,
                0,
                0.3113608076115893,
                0.2714603357109749,
                0.9106942403276709,
                0,
                0.6571597548144371,
                -0.753751277609425,
                -2.3841857874602953e-7,
                0,
                1.793191909790039,
                22.74757575988769,
                -12.400199890136719,
                1
            ],
            "name": "quadClavicle_L"
        },
        "quadClavicle_R": {
            "children": [
                "quadHumerous_R"
            ],
            "matrix": [
                -0.07485735416412355,
                0.8780308961868288,
                0.4727133214473725,
                0,
                -0.04015580546634745,
                0.47100484677111426,
                -0.8812164713168497,
                0,
                -0.9963855731417043,
                -0.08494771933377386,
                -1.3876704577560847e-7,
                0,
                -15.049957275390627,
                -24.26717948913574,
                -11.390613555908203,
                1
            ],
            "name": "quadClavicle_R"
        },
        "quadElbow_A_L": {
            "children": [
                "quadWrist_A_L"
            ],
            "matrix": [
                -0.04392358660697865,
                6.332993507038309e-8,
                -0.9990348815917967,
                0,
                -4.097713409562109e-8,
                0.9999999403953544,
                6.519271266575144e-8,
                0,
                0.9990348776685152,
                4.3801086483524765e-8,
                -0.043923586434484685,
                0,
                23.916061401367188,
                0.000007629394527697286,
                0,
                1
            ],
            "name": "quadElbow_A_L"
        },
        "quadElbow_A_R": {
            "children": [
                "quadWrist_A_R"
            ],
            "matrix": [
                -0.23346441984176652,
                7.674098015005015e-7,
                -0.9723654985427856,
                0,
                -2.7378279771755887e-7,
                0.9999999403954507,
                8.549545402504466e-7,
                0,
                0.972365352003842,
                4.6581836985956637e-7,
                -0.2334643846574792,
                0,
                -22.93848419189453,
                -0.00000762939453125,
                -0.0000019073486328125,
                1
            ],
            "name": "quadElbow_A_R"
        },
        "quadElbow_L": {
            "children": [
                "quadWrist_L"
            ],
            "matrix": [
                -0.23346406221389732,
                -1.3224780555723403e-7,
                -0.9723657369613643,
                0,
                -3.892752871090255e-8,
                1.000000357627873,
                -1.266598248089723e-7,
                0,
                0.972365637780638,
                8.281274242738501e-9,
                -0.233464038400703,
                0,
                22.938476562500007,
                0.0000019073486328125,
                0.000010490417484021464,
                1
            ],
            "name": "quadElbow_L"
        },
        "quadElbow_R": {
            "children": [
                "quadWrist_R"
            ],
            "matrix": [
                -0.04392358660697898,
                -1.7508864403464885e-7,
                -0.999034643173218,
                0,
                -4.6198432447630555e-8,
                0.9999996423721298,
                -1.7322660605251228e-7,
                0,
                0.9990347556137209,
                3.854511877038336e-8,
                -0.04392359155054831,
                0,
                -23.916072845458984,
                -3.552713678800501e-15,
                0.000015258789055394573,
                1
            ],
            "name": "quadElbow_R"
        },
        "quadHumerous_A_L": {
            "children": [
                "quadElbow_A_L"
            ],
            "matrix": [
                0.39378994703292863,
                0.9164950847625732,
                -0.0704718306660652,
                0,
                -0.12200217006391159,
                -0.023875675828667897,
                -0.9922428148783755,
                0,
                -0.9110682238625704,
                0.3993329611495099,
                0.10241238791117405,
                0,
                18.513580322265625,
                0.000003814697269177714,
                3.552713678800501e-15,
                1
            ],
            "name": "quadHumerous_A_L"
        },
        "quadHumerous_A_R": {
            "children": [
                "quadElbow_A_R"
            ],
            "matrix": [
                0.29587987065315247,
                0.9459053277969363,
                0.13310824334621435,
                0,
                0.12819627434102163,
                0.09876574244527868,
                -0.9868189659102913,
                0,
                -0.946583689223885,
