{
    "accessors": [
        {
            "bufferView": 0,
            "byteOffset": 0,
            "componentType": 5126,
            "count": 1524,
            "max": [
                65.55902862548828,
                69.70410919189453,
                100.96414184570312
            ],
            "min": [
                -64.59123229980469,
                -29.165706634521484,
                1.82725191116333
            ],
            "type": "VEC3"
        },
        {
            "bufferView": 0,
            "byteOffset": 18288,
            "componentType": 5126,
            "count": 1524,
            "max": [
                0.9996265172958374,
                0.9990665912628174,
                0.9997912049293518
            ],
            "min": [
                -0.9994242191314697,
                -0.9994706511497498,
                -0.9996675252914429
            ],
            "type": "VEC3"
        },
        {
            "bufferView": 0,
            "byteOffset": 36576,
            "componentType": 5126,
            "count": 1524,
            "max": [
                0.9918476939201355,
                0.9943350553512573
            ],
            "min": [
                0.009036660194396973,
                0.005211591720581055
            ],
            "type": "VEC2"
        },
        {
            "bufferView": 0,
            "byteOffset": 48768,
            "componentType": 5123,
            "count": 1524,
            "max": [
                33,
                34,
                35,
                0
            ],
            "min": [
                0,
                0,
                0,
                0
            ],
            "type": "VEC4"
        },
        {
            "bufferView": 0,
            "byteOffset": 60960,
            "componentType": 5126,
            "count": 1524,
            "max": [
                1,
                0.9997138977050781,
                0.9964128732681274,
                0
            ],
            "min": [
                0.0001052494699251838,
                0,
                0,
                0
            ],
            "type": "VEC4"
        },
        {
            "bufferView": 2,
            "byteOffset": 0,
            "componentType": 5123,
            "count": 7758,
            "max": [
                1523
            ],
            "min": [
                0
            ],
            "type": "SCALAR"
        },
        {
            "bufferView": 1,
            "byteOffset": 0,
            "componentType": 5126,
            "count": 36,
            "max": [
                1.0000000596040852,
                0.9999999999999736,
                0.8806476923834454,
                0,
                0.99999977953572,
                0.9987474514758817,
                0.999999761581179,
                0,
                0.9955979183756296,
                0.999999880790523,
                1,
                0,
                78.57538795490551,
                95.68610867991451,
                87.53966005064639,
                1
            ],
            "min": [
                -0.2676667652896777,
                -0.7519145211451538,
                -0.8922224640332863,
                0,
                -0.9999999999999732,
                -0.998747755913094,
                -0.999999523163043,
                0,
                -0.9213564769049849,
                -1.0000001192084769,
                -0.9999997795357235,
                0,
                -148.11101325748012,
                -99.70818710955565,
                -106.229629721522,
                1
            ],
            "type": "MAT4"
        },
        {
            "bufferView": 0,
            "byteOffset": 85344,
            "componentType": 5126,
            "count": 258,
            "max": [
                117.88809204101562,
                9.18864917755127,
                110.523193359375
            ],
            "min": [
                -117.87405395507812,
                -22.60803985595703,
                86.34495544433594
            ],
            "type": "VEC3"
        },
        {
            "bufferView": 0,
            "byteOffset": 88440,
            "componentType": 5126,
            "count": 258,
            "max": [
                0.9962241649627686,
                0.9965173006057739,
                0.9828388094902039
            ],
            "min": [
                -0.9686616659164429,
                -0.9762143492698669,
                -0.9972256422042847
            ],
            "type": "VEC3"
        },
        {
            "bufferView": 0,
            "byteOffset": 91536,
            "componentType": 5126,
            "count": 258,
            "max": [
                0.9727070331573486,
                0.9847866296768188
            ],
            "min": [
                0.0230599083006382,
                0.02368903160095215
            ],
            "type": "VEC2"
        },
        {
            "bufferView": 0,
            "byteOffset": 93600,
            "componentType": 5123,
            "count": 258,
            "max": [
                2,
                3,
                0,
                0
            ],
            "min": [
                0,
                0,
                0,
                0
            ],
            "type": "VEC4"
        },
        {
            "bufferView": 0,
            "byteOffset": 95664,
            "componentType": 5126,
            "count": 258,
            "max": [
                1,
                0.9820221066474915,
                0,
                0
            ],
            "min": [
                0.017977893352508545,
                0,
                0,
                0
            ],
            "type": "VEC4"
        },
        {
            "bufferView": 2,
            "byteOffset": 15516,
            "componentType": 5123,
            "count": 1122,
            "max": [
                257
            ],
            "min": [
                0
            ],
            "type": "SCALAR"
        },
        {
            "bufferView": 1,
            "byteOffset": 2304,
            "componentType": 5126,
            "count": 4,
            "max": [
                1.0000000596042786,
                5.499458471945647e-7,
                0.8806475721037124,
                0,
                0.11703270461211594,
                0.9554780219032705,
                0.9999999999998881,
                0,
                0.9213562840399152,
                0.9999997615811915,
                0.3887094148293992,
                0,
                78.57534868391578,
                95.686105332723,
                15.951439535534382,
                1
            ],
            "min": [
                0.37068241161453264,
                -0.2950499514995617,
                1.3411042696504016e-7,
                0,
                -0.11703244074848419,
                -0.9554780870840909,
                -0.9999997615814544,
                0,
                -0.9213565420672137,
                -0.9999998807903037,
                -0.3887096652656015,
                0,
                -78.57535119996885,
                -95.68599536482125,
                -15.951414600254818,
                1
            ],
            "type": "MAT4"
        },
        {
            "bufferView": 0,
            "byteOffset": 99792,
            "componentType": 5126,
            "count": 1240,
            "max": [
                20.483362197875977,
                6.819155216217041,
                144.32821655273438
            ],
            "min": [
                -20.483356475830078,
                -39.420684814453125,
                66.346923828125
            ],
            "type": "VEC3"
        },
        {
            "bufferView": 0,
            "byteOffset": 114672,
            "componentType": 5126,
            "count": 1240,
            "max": [
                0.9931565523147583,
                0.9977931380271912,
                0.9965053200721741
            ],
            "min": [
                -0.9931558966636658,
                -0.9997890591621399,
                -0.9999878406524658
            ],
            "type": "VEC3"
        },
        {
            "bufferView": 0,
            "byteOffset": 129552,
            "componentType": 5126,
            "count": 1240,
            "max": [
                0.9939714670181274,
                0.9931915402412415
            ],
            "min": [
                0.007253509480506182,
                0.007515311241149902
            ],
            "type": "VEC2"
        },
        {
            "bufferView": 0,
            "byteOffset": 139472,
            "componentType": 5123,
            "count": 1240,
            "max": [
                4,
                6,
                5,
                0
            ],
            "min": [
                0,
                0,
                0,
                0
            ],
            "type": "VEC4"
        },
        {
            "bufferView": 0,
            "byteOffset": 149392,
            "componentType": 5126,
            "count": 1240,
            "max": [
                1,
                0.9958374500274658,
                0.7934958338737488,
                0
            ],
            "min": [
                0.004162524826824665,
                0,
                0,
                0
            ],
            "type": "VEC4"
        },
        {
            "bufferView": 2,
            "byteOffset": 17760,
            "componentType": 5123,
            "count": 5916,
            "max": [
                1239
            ],
            "min": [
                0
            ],
            "type": "SCALAR"
        },
        {
            "bufferView": 1,
            "byteOffset": 2560,
            "componentType": 5126,
            "count": 7,
            "max": [
                0.9999999999997965,
                0.9999999999999905,
                0.5234178683221746,
                0,
                4.4414264266370146e-7,
                0.9887734854061748,
                0.9845039577535982,
                0,
                0.9845039577536037,
                1.0000001788139135,
                0.9978094978400878,
                0,
                49.64478759212382,
                18.075110716426636,
                82.60978059561967,
                1
            ],
            "min": [
                5.106961839807714e-8,
                -0.2950496053921165,
                -0.5725893558656301,
                0,
                -0.9978094978400223,
                -0.9887732005046195,
                -1.000000178813722,
                0,
                -0.5999232897795859,
                -0.12676925201306735,
                -0.8388724448046522,
                0,
                -83.97532621403187,
                -98.8039535903381,
                -106.22963770751394,
                1
            ],
            "type": "MAT4"
        },
        {
            "bufferView": 0,
            "byteOffset": 169232,
            "componentType": 5126,
            "count": 444,
            "max": [
                82.21073913574219,
                85.52253723144531,
                53.73757553100586
            ],
            "min": [
                -82.21073913574219,
                -41.68398666381836,
                -1.1457854509353638
            ],
            "type": "VEC3"
        },
        {
            "bufferView": 0,
            "byteOffset": 174560,
            "componentType": 5126,
            "count": 444,
            "max": [
                0.9956530928611755,
                0.9774534106254578,
                0.9056288003921509
            ],
            "min": [
                -0.9968832731246948,
                -0.9781601428985596,
                -0.9904509782791138
            ],
            "type": "VEC3"
        },
        {
            "bufferView": 0,
            "byteOffset": 179888,
            "componentType": 5126,
            "count": 444,
            "max": [
                0.9553194642066956,
                0.990922749042511
            ],
            "min": [
                0.015233896672725677,
                0.016889750957489014
            ],
            "type": "VEC2"
        },
        {
            "bufferView": 0,
            "byteOffset": 183440,
            "componentType": 5123,
            "count": 444,
            "max": [
                10,
                12,
                12,
                0
            ],
            "min": [
                0,
                0,
                0,
                0
            ],
            "type": "VEC4"
        },
        {
            "bufferView": 0,
            "byteOffset": 186992,
            "componentType": 5126,
            "count": 444,
            "max": [
                1,
                0.9822011590003967,
                0.49724599719047546,
                0
            ],
            "min": [
                0.0001913805172080174,
                0,
                0,
                0
            ],
            "type": "VEC4"
        },
        {
            "bufferView": 2,
            "byteOffset": 29592,
            "componentType": 5123,
            "count": 1998,
            "max": [
                443
            ],
            "min": [
                0
            ],
            "type": "SCALAR"
        },
        {
            "bufferView": 1,
            "byteOffset": 3008,
            "componentType": 5126,
            "count": 13,
            "max": [
                0.7834199849838092,
                0.9999999999999732,
                0.8099210239128756,
                0,
                0.48894761310155616,
                0.998747548594689,
                0.7122791697053085,
                0,
                0.9474635789562539,
                0.26766677573033654,
                1,
                0,
                54.48108487411575,
                99.70821897327131,
                87.53967190203743,
                1
            ],
            "min": [
                -0.26766748258029227,
                -0.7519135488699942,
                -0.8922223187705646,
                0,
                -0.9999999999999732,
                -0.998747726286201,
                -0.7122793058724652,
                0,
                -0.9474632827340937,
                -0.26766663518191885,
                -0.7825728075289279,
                0,
                -54.48111040545217,
                -99.70823137985049,
                -87.53967295119634,
                1
            ],
            "type": "MAT4"
        },
        {
            "bufferView": 0,
            "byteOffset": 194096,
            "componentType": 5126,
            "count": 522,
            "max": [
                36.312843322753906,
                27.72955322265625,
                117.69595336914062
            ],
            "min": [
                -36.31284713745117,
                -16.988637924194336,
                75.24745178222656
            ],
            "type": "VEC3"
        },
        {
            "bufferView": 0,
            "byteOffset": 200360,
            "componentType": 5126,
            "count": 522,
            "max": [
                0.9980234503746033,
                0.9931075572967529,
                0.9999642372131348
            ],
            "min": [
                -0.998023509979248,
                -0.9999988079071045,
                -0.9947630167007446
            ],
            "type": "VEC3"
        },
        {
            "bufferView": 0,
            "byteOffset": 206624,
            "componentType": 5126,
            "count": 522,
            "max": [
                0.9959654211997986,
                0.9897403717041016
            ],
            "min": [
                0.008518585935235023,
                0.006523072719573975
            ],
            "type": "VEC2"
        },
        {
            "bufferView": 0,
            "byteOffset": 210800,
            "componentType": 5123,
            "count": 522,
            "max": [
                6,
                8,
                9,
                0
            ],
            "min": [
                0,
                0,
                0,
                0
            ],
            "type": "VEC4"
        },
        {
            "bufferView": 0,
            "byteOffset": 214976,
            "componentType": 5126,
            "count": 522,
            "max": [
                1,
                0.9998566508293152,
                0.9993793368339539,
                0
            ],
            "min": [
                0.00014337868196889758,
                0,
                0,
                0
            ],
            "type": "VEC4"
        },
        {
            "bufferView": 2,
            "byteOffset": 33588,
            "componentType": 5123,
            "count": 2244,
            "max": [
                521
            ],
            "min": [
                0
            ],
            "type": "SCALAR"
        },
        {
            "bufferView": 1,
            "byteOffset": 3840,
            "componentType": 5126,
            "count": 10,
            "max": [
                0.8483967931487867,
                0.9999999999999922,
                0.880647471172991,
                0,
                0.23453144182215652,
                0.9887733338575143,
                0.9955979755425696,
                0,
                0.9955979755425779,
                0.12676929202229179,
                0.9978095608574085,
                0,
                49.64480818579593,
                18.075111530193176,
                82.60975774310278,
                1
            ],
            "min": [
                -1.2318798117498517e-14,
                -0.295049690446956,
                -0.5725898465663973,
                0,
                -0.997809560857401,
                -0.9887732434480493,
                -0.27085912236246507,
                0,
                -0.59992368851319,
                -0.12676933624668102,
                -0.8388723336009904,
                0,
                -83.97531093455822,
                -18.075110767430576,
                -106.22963750761198,
                1
            ],
            "type": "MAT4"
        },
        {
            "bufferView": 0,
            "byteOffset": 223328,
            "componentType": 5126,
            "count": 973,
            "max": [
                39.69698715209961,
                263.9224548339844,
                46.53779983520508
            ],
            "min": [
                -39.69704818725586,
                38.364173889160156,
                9.16444206237793
            ],
            "type": "VEC3"
        },
        {
            "bufferView": 0,
            "byteOffset": 235004,
            "componentType": 5126,
            "count": 973,
            "max": [
                0.9989690780639648,
                0.9991881251335144,
                0.9994329214096069
            ],
            "min": [
                -0.9989690780639648,
                -0.6971533894538879,
                -0.9995378255844116
            ],
            "type": "VEC3"
        },
        {
            "bufferView": 0,
            "byteOffset": 246680,
            "componentType": 5126,
            "count": 973,
            "max": [
                0.9843936562538147,
                0.9860300421714783
            ],
            "min": [
                0.008749603293836117,
                0.01640152931213379
            ],
            "type": "VEC2"
        },
        {
            "bufferView": 0,
            "byteOffset": 254464,
            "componentType": 5123,
            "count": 973,
            "max": [
                19,
                24,
                24,
                0
            ],
            "min": [
                0,
                0,
                0,
                0
            ],
            "type": "VEC4"
        },
        {
            "bufferView": 0,
            "byteOffset": 262248,
            "componentType": 5126,
            "count": 973,
            "max": [
                1,
                0.999870240688324,
                0.9992415308952332,
                0
            ],
            "min": [
                0.00012975178833585232,
                0,
                0,
                0
            ],
            "type": "VEC4"
        },
        {
            "bufferView": 2,
            "byteOffset": 38076,
            "componentType": 5123,
            "count": 4938,
            "max": [
                972
            ],
            "min": [
                0
            ],
            "type": "SCALAR"
        },
        {
            "bufferView": 1,
            "byteOffset": 4480,
            "componentType": 5126,
            "count": 25,
            "max": [
                0.8690296517869583,
                0.999999999999998,
                0.6293115761116792,
                0,
                0.99999977953572,
                0.8690002468479237,
                0.9834090380911572,
                0,
                0.9834090380911649,
                0.9102723087902195,
                1,
                0,
                35.10921048116795,
                166.947250446005,
                26.356594659087936,
                1
            ],
            "min": [
                -0.8690286874619402,
                0.3217491708216624,
                -0.0000014080136265866277,
                0,
                -0.9999999999999732,
                -0.8690013298651214,
                -0.7771530282925649,
                0,
                -0.4140101055628357,
                -0.9102722848943748,
                -0.9999997795357235,
                0,
                -256.3167907198014,
                -166.94695636940168,
                -32.83373260498047,
                1
            ],
            "type": "MAT4"
        }
    ],
    "asset": {
        "generator": "ClayGL - fbx2gltf",
        "version": "2.0"
    },
    "bufferViews": [
        {
            "buffer": 0,
            "byteLength": 277816,
            "byteOffset": 0,
            "target": 34962
        },
        {
            "buffer": 0,
            "byteLength": 6080,
            "byteOffset": 277816,
            "target": 34962
        },
        {
            "buffer": 0,
            "byteLength": 47952,
            "byteOffset": 283896,
            "target": 34963
        }
    ],
    "buffers": [
        {
            "byteLength": 331848,
            "uri": "sand_king.bin"
        }
    ],
    "images": [
        {
            "uri": "textures/sand_king_color.png"
        },
        {
            "uri": "textures/sand_king_arms_color.png"
        },
        {
            "uri": "textures/sand_king_head_color.png"
        },
        {
            "uri": "textures/sand_king_legs_color.png"
        },
        {
            "uri": "textures/sand_king_shoulder_color.png"
        },
        {
            "uri": "textures/sand_king_tail_color.png"
        }
    ],
    "materials": [
        {
            "emissiveFactor": [
                0,
                0,
                0
            ],
            "name": "Material #35",
            "pbrMetallicRoughness": {
                "baseColorFactor": [
                    1,
                    1,
                    1,
                    1
                ],
                "baseColorTexture": {
                    "index": 0,
                    "texCoord": 0
                },
                "metallicFactor": 0,
                "roughnessFactor": 0.9230769230769231
            }
        },
        {
            "emissiveFactor": [
                0,
                0,
                0
            ],
            "name": "Material #46",
            "pbrMetallicRoughness": {
                "baseColorFactor": [
                    1,
                    1,
                    1,
                    1
                ],
                "baseColorTexture": {
                    "index": 1,
                    "texCoord": 0
                },
                "metallicFactor": 0,
                "roughnessFactor": 0.9230769230769231
            }
        },
        {
            "emissiveFactor": [
                0,
                0,
                0
            ],
            "name": "Material #57",
            "pbrMetallicRoughness": {
                "baseColorFactor": [
                    1,
                    1,
                    1,
                    1
                ],
                "baseColorTexture": {
                    "index": 2,
                    "texCoord": 0
                },
                "metallicFactor": 0,
                "roughnessFactor": 0.9230769230769231
            }
        },
        {
            "emissiveFactor": [
                0,
                0,
                0
            ],
            "name": "Material #68",
            "pbrMetallicRoughness": {
                "baseColorFactor": [
                    1,
                    1,
                    1,
                    1
                ],
                "baseColorTexture": {
                    "index": 3,
                    "texCoord": 0
                },
                "metallicFactor": 0,
                "roughnessFactor": 0.9230769230769231
            }
        },
        {
            "emissiveFactor": [
                0,
                0,
                0
            ],
            "name": "Material #79",
            "pbrMetallicRoughness": {
                "baseColorFactor": [
                    1,
                    1,
                    1,
                    1
                ],
                "baseColorTexture": {
                    "index": 4,
                    "texCoord": 0
                },
                "metallicFactor": 0,
                "roughnessFactor": 0.9230769230769231
            }
        },
        {
            "emissiveFactor": [
                0,
                0,
                0
            ],
            "name": "Material #101",
            "pbrMetallicRoughness": {
                "baseColorFactor": [
                    1,
                    1,
                    1,
                    1
                ],
                "baseColorTexture": {
                    "index": 5,
                    "texCoord": 0
                },
                "metallicFactor": 0,
                "roughnessFactor": 0.9230769230769231
            }
        }
    ],
    "meshes": [
        {
            "name": "sand_king_model_LOD0",
            "primitives": [
                {
                    "attributes": {
                        "JOINTS_0": 3,
                        "NORMAL": 1,
                        "POSITION": 0,
                        "TEXCOORD_0": 2,
                        "WEIGHTS_0": 4
                    },
                    "indices": 5,
                    "material": 0
                }
            ]
        },
        {
            "name": "sand_king_arms_model_LOD0",
            "primitives": [
                {
                    "attributes": {
                        "JOINTS_0": 10,
                        "NORMAL": 8,
                        "POSITION": 7,
                        "TEXCOORD_0": 9,
                        "WEIGHTS_0": 11
                    },
                    "indices": 12,
                    "material": 1
                }
            ]
        },
        {
            "name": "sand_king_head_model_LOD0",
            "primitives": [
                {
                    "attributes": {
                        "JOINTS_0": 17,
                        "NORMAL": 15,
                        "POSITION": 14,
                        "TEXCOORD_0": 16,
                        "WEIGHTS_0": 18
                    },
                    "indices": 19,
                    "material": 2
                }
            ]
        },
        {
            "name": "sand_king_legs_model_LOD0",
            "primitives": [
                {
                    "attributes": {
                        "JOINTS_0": 24,
                        "NORMAL": 22,
                        "POSITION": 21,
                        "TEXCOORD_0": 23,
                        "WEIGHTS_0": 25
                    },
                    "indices": 26,
                    "material": 3
                }
            ]
        },
        {
            "name": "sand_king_shoulder_model_LOD0",
            "primitives": [
                {
                    "attributes": {
                        "JOINTS_0": 31,
                        "NORMAL": 29,
                        "POSITION": 28,
                        "TEXCOORD_0": 30,
                        "WEIGHTS_0": 32
                    },
                    "indices": 33,
                    "material": 4
                }
            ]
        },
        {
            "name": "sand_king_tail_model_LOD0",
            "primitives": [
                {
                    "attributes": {
                        "JOINTS_0": 38,
                        "NORMAL": 36,
                        "POSITION": 35,
                        "TEXCOORD_0": 37,
                        "WEIGHTS_0": 39
                    },
                    "indices": 40,
                    "material": 5
                }
            ]
        }
    ],
    "nodes": [
        {
            "children": [
                1,
                18,
                22,
                43,
                47,
                51,
                55,
                59
            ],
            "matrix": [
                1.6292068478213574e-7,
                1.469367938527879e-39,
                1.0000000000000002,
                0,
                1.0000000000000002,
                6.123233995736847e-17,
                -1.6292068478213574e-7,
                0,
                -6.123233995736685e-17,
                1,
                9.976014756666736e-24,
                0,
                0,
                32.83373260498047,
                -5.763950824737549,
                1
            ],
            "name": "root"
        },
        {
            "children": [
                2
            ],
            "matrix": [
                0.18140207231044803,
                2.9554167113587977e-8,
                0.9834089875221251,
                0,
                -2.4889309399986193e-7,
                0.9999999999999999,
                1.585866726827655e-8,
                0,
                -0.9834089875221239,
                -2.476405006782003e-7,
                0.18140207231045513,
                0,
                3.649421215057373,
                0.0000011287175993857088,
                12.219963073730469,
                1
            ],
            "name": "spine1"
        },
        {
            "children": [
                3
            ],
            "matrix": [
                0.962077856063843,
                7.555951242466109e-8,
                0.27277487516403215,
                0,
                5.1531376891074016e-8,
                0.9999999999999997,
                -4.587545276990521e-7,
                0,
                -0.2727748751640651,
                4.554140373667758e-7,
                0.9620778560638337,
                0,
                17.809040069580078,
                7.655421541130632e-7,
                -0.000002861022947442393,
                1
            ],
            "name": "spine2"
        },
        {
            "children": [
                4,
                10,
                14
            ],
            "matrix": [
                0.9637342691421513,
                5.329070523163835e-15,
                -0.2668642997741699,
                0,
                -1.5736215013642672e-14,
                1,
                -3.685940441093775e-14,
                0,
                0.26686429977417,
                3.972210517210042e-14,
                0.9637342691421512,
                0,
                23.016601562499986,
                0.000001001657096821873,
                -0.000010013580322265625,
                1
            ],
            "name": "spine3"
        },
        {
            "children": [
                5
            ],
            "matrix": [
                0.5995863676071167,
                -5.0626169916289693e-14,
                -0.8003098964691161,
                0,
                8.028585971878724e-14,
                1,
                -3.1086244623329934e-15,
                0,
                0.8003098964691161,
                -6.238967921790533e-14,
                0.5995863676071165,
                0,
                12.19937133789061,
                2.2915799036127367e-7,
                -0.000003814697265625,
                1
            ],
            "name": "neck1"
        },
        {
            "children": [
                6
            ],
            "matrix": [
                0.8613318204879762,
                6.339373471271388e-14,
                -0.5080429911613464,
                0,
                -6.521761789580519e-14,
                1,
                1.4210854711893281e-14,
                0,
                0.5080429911613462,
                2.0893092327659598e-14,
                0.861331820487976,
                0,
                17.474308013916016,
                -0.0000011350883823979534,
                -0.000030517578125,
                1
            ],
            "name": "head"
        },
        {
            "children": [
                7
            ],
            "matrix": [
                -1.6292069931461504e-7,
                1,
                8.881784147370416e-16,
                0,
                -0.06615198403596684,
                -1.077752838642175e-8,
                0.9978094100952154,
                0,
                0.9978094100952148,
                1.625638068166611e-7,
                0.06615198403596863,
                0,
                1.0050287246704137,
                2.863730514945928e-7,
                -6.499259948730469,
                1
            ],
            "name": "jaw"
        },
        {
            "children": [
                8
            ],
            "matrix": [
                -3.09169479395981e-7,
                0.2439032196998594,
                0.96979957818985,
                0,
                2.7670030140742996e-7,
                0.9697995781898708,
                -0.24390321969977644,
                0,
                -1,
                1.929364036621278e-7,
                -3.6732052421737606e-7,
                0,
                -0.0000014302943327493271,
                -4.574821472167969,
                0.6771221160888707,
                1
            ],
            "name": "tongue"
        },
        {
            "children": [
                9
            ],
            "matrix": [
                0.8888540267944339,
                -0.4581905007362366,
                -8.662256334446289e-8,
                0,
                0.4581905007362366,
                0.8888540267944336,
                1.421085462917522e-14,
                0,
                7.699480650343821e-8,
                -3.968964767362597e-8,
                0.9999999999999998,
                0,
                6.066658020019531,
                -0.00001525878903407829,
                9.094947017729282e-13,
                1
            ],
            "name": "tongue2"
        },
        {
            "matrix": [
                6.12323823339278e-17,
                -6.617444900424222e-24,
                -1.0000000000000187,
                0,
                -0.5880187749862682,
                0.808847308158876,
                -3.60057162265552e-17,
                0,
                0.8088473081588886,
                0.5880187749862776,
                4.9527657552294246e-17,
                0,
                5.414888381958001,
                -0.04409027099609375,
                -0.0000076293945312499975,
                1
            ],
            "name": "tongue3"
        },
        {
            "children": [
                11
            ],
            "matrix": [
                -0.5211579203605651,
                0.8483965992927552,
                -0.09282992780208583,
                0,
                -0.04858860753967739,
                0.07909833222328623,
                0.995682059816076,
                0,
                0.852075803490317,
                0.5234179687401012,
                -3.1292438462671157e-7,
                0,
                11.408996582031236,
                2.550653696060181,
                6.590108871459961,
                1
            ],
            "name": "clavicle_L"
        },
        {
            "children": [
                12
            ],
            "matrix": [
                0.9665231704711913,
                -0.2474473118782044,
                -0.06784769892692555,
                0,
                -0.24891028937583426,
                -0.968426978222802,
                -0.013897443152551203,
                0,
                -0.062266638852306086,
                0.03032018230454847,
                -0.9975990029954009,
                0,
                21.340335845947266,
                0.0000019073486328125,
                -0.000007629394517039145,
                1
            ],
            "name": "bicep_L"
        },
        {
            "children": [
                13
            ],
            "matrix": [
                -0.24175679683685264,
                1.0849907997045882e-7,
                -0.9703370332717897,
                0,
                1.2358462081474286e-7,
                0.9999998211860848,
                8.102508286533805e-8,
                0,
                0.9703367808231378,
                -1.0033036174084131e-7,
                -0.24175673393997837,
                0,
                33.91653060913086,
                0.000006675720213067393,
                0.0000152587890625,
                1
            ],
            "name": "elbow_L"
        },
        {
            "matrix": [
                0.3706823885440826,
                -0.29505011439323436,
                0.8806474208831785,
                0,
                -0.9213561963807552,
                0.002661636475161712,
                0.3887092877391036,
                0,
                -0.11703271192570405,
                -0.955477880540303,
                -0.27085969606314475,
                0,
                31.974273681640625,
                -0.000025749206544745107,
                -0.000015258789064276357,
                1
            ],
            "name": "wrist_L"
        },
        {
            "children": [
                15
            ],
            "matrix": [
                0.5211578011512754,
                0.8483967781066895,
                0.0928298383951187,
                0,
                0.048588518333672684,
                0.07909827895315771,
                -0.9956821210891886,
                0,
                -0.8520759242348233,
                0.523417809605417,
                3.427267076805407e-7,
                0,
                11.408996582031222,
                -2.550652027130127,
                6.590106964111325,
                1
            ],
            "name": "clavicle_R"
        },
        {
            "children": [
                16
            ],
            "matrix": [
                0.9665229320526123,
                -0.2474472671747208,
                -0.06784760951995844,
                0,
                -0.2489103036826349,
                -0.9684270477950998,
                -0.013897174935675438,
