{
    "accessors": {
        "attrbute_1": {
            "bufferView": "bufferView_37",
            "byteOffset": 0,
            "byteStride": 12,
            "count": 1524,
            "max": [
                65.55902862548828,
                69.70410919189453,
                100.96414184570312,
                0
            ],
            "min": [
                -64.59123229980469,
                -29.165706634521484,
                1.82725191116333,
                0
            ],
            "type": 35665
        },
        "attrbute_10": {
            "bufferView": "bufferView_37",
            "byteOffset": 99696,
            "byteStride": 16,
            "count": 258,
            "max": [
                2,
                3,
                -1,
                -1
            ],
            "min": [
                0,
                -1,
                -1,
                -1
            ],
            "type": 35666
        },
        "attrbute_11": {
            "bufferView": "bufferView_37",
            "byteOffset": 103824,
            "byteStride": 12,
            "count": 258,
            "max": [
                1,
                0.9820221066474915,
                0
            ],
            "min": [
                0.017977893352508545,
                0,
                0
            ],
            "type": 35665
        },
        "attrbute_13": {
            "bufferView": "bufferView_37",
            "byteOffset": 106920,
            "byteStride": 12,
            "count": 1240,
            "max": [
                20.483362197875977,
                6.819155216217041,
                144.32821655273438,
                0
            ],
            "min": [
                -20.483356475830078,
                -39.420684814453125,
                66.346923828125,
                0
            ],
            "type": 35665
        },
        "attrbute_14": {
            "bufferView": "bufferView_37",
            "byteOffset": 121800,
            "byteStride": 12,
            "count": 1240,
            "max": [
                0.9931565523147583,
                0.9977931380271912,
                0.9965053200721741,
                0
            ],
            "min": [
                -0.9931558966636658,
                -0.9997890591621399,
                -0.9999878406524658,
                0
            ],
            "type": 35665
        },
        "attrbute_15": {
            "bufferView": "bufferView_37",
            "byteOffset": 136680,
            "byteStride": 8,
            "count": 1240,
            "max": [
                0.9939714670181274,
                0.9924846887588501
            ],
            "min": [
                0.007253509480506182,
                0.006808459758758545
            ],
            "type": 35664
        },
        "attrbute_16": {
            "bufferView": "bufferView_37",
            "byteOffset": 146600,
            "byteStride": 16,
            "count": 1240,
            "max": [
                4,
                6,
                5,
                -1
            ],
            "min": [
                0,
                -1,
                -1,
                -1
            ],
            "type": 35666
        },
        "attrbute_17": {
            "bufferView": "bufferView_37",
            "byteOffset": 166440,
            "byteStride": 12,
            "count": 1240,
            "max": [
                1,
                0.9958374500274658,
                0.7934958338737488
            ],
            "min": [
                0.004162524826824665,
                0,
                0
            ],
            "type": 35665
        },
        "attrbute_19": {
            "bufferView": "bufferView_37",
            "byteOffset": 181320,
            "byteStride": 12,
            "count": 444,
            "max": [
                82.21073913574219,
                85.52253723144531,
                53.73757553100586,
                0
            ],
            "min": [
                -82.21073913574219,
                -41.68398666381836,
                -1.1457854509353638,
                0
            ],
            "type": 35665
        },
        "attrbute_2": {
            "bufferView": "bufferView_37",
            "byteOffset": 18288,
            "byteStride": 12,
            "count": 1524,
            "max": [
                0.9996265172958374,
                0.9990665912628174,
                0.9997912049293518,
                0
            ],
            "min": [
                -0.9994242191314697,
                -0.9994706511497498,
                -0.9996675252914429,
                0
            ],
            "type": 35665
        },
        "attrbute_20": {
            "bufferView": "bufferView_37",
            "byteOffset": 186648,
            "byteStride": 12,
            "count": 444,
            "max": [
                0.9956530928611755,
                0.9774534106254578,
                0.9056288003921509,
                0
            ],
            "min": [
                -0.9968832731246948,
                -0.9781601428985596,
                -0.9904509782791138,
                0
            ],
            "type": 35665
        },
        "attrbute_21": {
            "bufferView": "bufferView_37",
            "byteOffset": 191976,
            "byteStride": 8,
            "count": 444,
            "max": [
                0.9553194642066956,
                0.983110249042511
            ],
            "min": [
                0.015233896672725677,
                0.009077250957489014
            ],
            "type": 35664
        },
        "attrbute_22": {
            "bufferView": "bufferView_37",
            "byteOffset": 195528,
            "byteStride": 16,
            "count": 444,
            "max": [
                10,
                12,
                12,
                -1
            ],
            "min": [
                0,
                -1,
                -1,
                -1
            ],
            "type": 35666
        },
        "attrbute_23": {
            "bufferView": "bufferView_37",
            "byteOffset": 202632,
            "byteStride": 12,
            "count": 444,
            "max": [
                1,
                0.9822011590003967,
                0.49724599719047546
            ],
            "min": [
                0.0001913805172080174,
                0,
                0
            ],
            "type": 35665
        },
        "attrbute_25": {
            "bufferView": "bufferView_37",
            "byteOffset": 207960,
            "byteStride": 12,
            "count": 522,
            "max": [
                36.312843322753906,
                27.72955322265625,
                117.69595336914062,
                0
            ],
            "min": [
                -36.31284713745117,
                -16.988637924194336,
                75.24745178222656,
                0
            ],
            "type": 35665
        },
        "attrbute_26": {
            "bufferView": "bufferView_37",
            "byteOffset": 214224,
            "byteStride": 12,
            "count": 522,
            "max": [
                0.9980234503746033,
                0.9931075572967529,
                0.9999642372131348,
                0
            ],
            "min": [
                -0.998023509979248,
                -0.9999988079071045,
                -0.9947630167007446,
                0
            ],
            "type": 35665
        },
        "attrbute_27": {
            "bufferView": "bufferView_37",
            "byteOffset": 220488,
            "byteStride": 8,
            "count": 522,
            "max": [
                0.9959654211997986,
                0.993476927280426
            ],
            "min": [
                0.008518585935235023,
                0.010259628295898438
            ],
            "type": 35664
        },
        "attrbute_28": {
            "bufferView": "bufferView_37",
            "byteOffset": 224664,
            "byteStride": 16,
            "count": 522,
            "max": [
                6,
                8,
                9,
                -1
            ],
            "min": [
                0,
                -1,
                -1,
                -1
            ],
            "type": 35666
        },
        "attrbute_29": {
            "bufferView": "bufferView_37",
            "byteOffset": 233016,
            "byteStride": 12,
            "count": 522,
            "max": [
                1,
                0.9998566508293152,
                0.9993793368339539
            ],
            "min": [
                0.00014337868196889758,
                0,
                0
            ],
            "type": 35665
        },
        "attrbute_3": {
            "bufferView": "bufferView_37",
            "byteOffset": 36576,
            "byteStride": 8,
            "count": 1524,
            "max": [
                0.9918476939201355,
                0.994788408279419
            ],
            "min": [
                0.009036660194396973,
                0.005664944648742676
            ],
            "type": 35664
        },
        "attrbute_31": {
            "bufferView": "bufferView_37",
            "byteOffset": 239280,
            "byteStride": 12,
            "count": 973,
            "max": [
                39.69698715209961,
                263.9224548339844,
                46.53779983520508,
                0
            ],
            "min": [
                -39.69704818725586,
                38.364173889160156,
                9.16444206237793,
                0
            ],
            "type": 35665
        },
        "attrbute_32": {
            "bufferView": "bufferView_37",
            "byteOffset": 250956,
            "byteStride": 12,
            "count": 973,
            "max": [
                0.9989690780639648,
                0.9991881251335144,
                0.9994329214096069,
                0
            ],
            "min": [
                -0.9989690780639648,
                -0.6971533894538879,
                -0.9995378255844116,
                0
            ],
            "type": 35665
        },
        "attrbute_33": {
            "bufferView": "bufferView_37",
            "byteOffset": 262632,
            "byteStride": 8,
            "count": 973,
            "max": [
                0.9843936562538147,
                0.9835984706878662
            ],
            "min": [
                0.008749603293836117,
                0.013969957828521729
            ],
            "type": 35664
        },
        "attrbute_34": {
            "bufferView": "bufferView_37",
            "byteOffset": 270416,
            "byteStride": 16,
            "count": 973,
            "max": [
                19,
                24,
                24,
                -1
            ],
            "min": [
                0,
                -1,
                -1,
                -1
            ],
            "type": 35666
        },
        "attrbute_35": {
            "bufferView": "bufferView_37",
            "byteOffset": 285984,
            "byteStride": 12,
            "count": 973,
            "max": [
                1,
                0.999870240688324,
                0.9992415308952332
            ],
            "min": [
                0.00012975178833585232,
                0,
                0
            ],
            "type": 35665
        },
        "attrbute_4": {
            "bufferView": "bufferView_37",
            "byteOffset": 48768,
            "byteStride": 16,
            "count": 1524,
            "max": [
                33,
                34,
                35,
                -1
            ],
            "min": [
                0,
                -1,
                -1,
                -1
            ],
            "type": 35666
        },
        "attrbute_5": {
            "bufferView": "bufferView_37",
            "byteOffset": 73152,
            "byteStride": 12,
            "count": 1524,
            "max": [
                1,
                0.9997138977050781,
                0.9964128732681274
            ],
            "min": [
                0.0001052494699251838,
                0,
                0
            ],
            "type": 35665
        },
        "attrbute_7": {
            "bufferView": "bufferView_37",
            "byteOffset": 91440,
            "byteStride": 12,
            "count": 258,
            "max": [
                117.88809204101562,
                9.18864917755127,
                110.523193359375,
                0
            ],
            "min": [
                -117.87405395507812,
                -22.60803985595703,
                86.34495544433594,
                0
            ],
            "type": 35665
        },
        "attrbute_8": {
            "bufferView": "bufferView_37",
            "byteOffset": 94536,
            "byteStride": 12,
            "count": 258,
            "max": [
                0.9962241649627686,
                0.9965173006057739,
                0.9828388094902039,
                0
            ],
            "min": [
                -0.9686616659164429,
                -0.9762143492698669,
                -0.9972256422042847,
                0
            ],
            "type": 35665
        },
        "attrbute_9": {
            "bufferView": "bufferView_37",
            "byteOffset": 97632,
            "byteStride": 8,
            "count": 258,
            "max": [
                0.9727070331573486,
                0.9763109683990479
            ],
            "min": [
                0.0230599083006382,
                0.015213370323181152
            ],
            "type": 35664
        },
        "indices_12": {
            "bufferView": "bufferView_39",
            "byteOffset": 15516,
            "count": 1122,
            "type": 5123
        },
        "indices_18": {
            "bufferView": "bufferView_39",
            "byteOffset": 17760,
            "count": 5916,
            "type": 5123
        },
        "indices_24": {
            "bufferView": "bufferView_39",
            "byteOffset": 29592,
            "count": 1998,
            "type": 5123
        },
        "indices_30": {
            "bufferView": "bufferView_39",
            "byteOffset": 33588,
            "count": 2244,
            "type": 5123
        },
        "indices_36": {
            "bufferView": "bufferView_39",
            "byteOffset": 38076,
            "count": 4938,
            "type": 5123
        },
        "indices_6": {
            "bufferView": "bufferView_39",
            "byteOffset": 0,
            "count": 7758,
            "type": 5123
        }
    },
    "animations": {},
    "asset": {},
    "bufferViews": {
        "bufferView_37": {
            "buffer": "sand_king.bin",
            "byteLength": 297660,
            "byteOffset": 0,
            "target": 34962
        },
        "bufferView_38": {
            "buffer": "sand_king.bin",
            "byteLength": 7360,
            "byteOffset": 297660
        },
        "bufferView_39": {
            "buffer": "sand_king.bin",
            "byteLength": 47952,
            "byteOffset": 305020,
            "target": 34963
        }
    },
    "buffers": {
        "sand_king.bin": {
            "byteLength": 352972,
            "path": "sand_king.bin"
        }
    },
    "cameras": {},
    "images": {
        "image_0": {
            "path": "textures/sand_king_color.png"
        },
        "image_1": {
            "path": "textures/sand_king_arms_color.png"
        },
        "image_2": {
            "path": "textures/sand_king_head_color.png"
        },
        "image_3": {
            "path": "textures/sand_king_legs_color.png"
        },
        "image_4": {
            "path": "textures/sand_king_shoulder_color.png"
        },
        "image_5": {
            "path": "textures/sand_king_tail_color.png"
        }
    },
    "lights": {},
    "materials": {
        "Material #101": {
            "instanceTechnique": {
                "technique": "technique_0",
                "values": {
                    "ambient": [
                        0.5879999995231628,
                        0.5879999995231628,
                        0.5879999995231628
                    ],
                    "diffuse": "Map #13",
                    "emission": [
                        0,
                        0,
                        0
                    ],
                    "shininess": 2,
                    "specular": [
                        0.8999999761581421,
                        0.8999999761581421,
                        0.8999999761581421
                    ],
                    "transparency": 1
                }
            },
            "name": "Material #101"
        },
        "Material #35": {
            "instanceTechnique": {
                "technique": "technique_0",
                "values": {
                    "ambient": [
                        0.5879999995231628,
                        0.5879999995231628,
                        0.5879999995231628
                    ],
                    "diffuse": "Map #8",
                    "emission": [
                        0,
                        0,
                        0
                    ],
                    "shininess": 2,
                    "specular": [
                        0.8999999761581421,
                        0.8999999761581421,
                        0.8999999761581421
                    ],
                    "transparency": 1
                }
            },
            "name": "Material #35"
        },
        "Material #46": {
            "instanceTechnique": {
                "technique": "technique_0",
                "values": {
                    "ambient": [
                        0.5879999995231628,
                        0.5879999995231628,
                        0.5879999995231628
                    ],
                    "diffuse": "Map #9",
                    "emission": [
                        0,
                        0,
                        0
                    ],
                    "shininess": 2,
                    "specular": [
                        0.8999999761581421,
                        0.8999999761581421,
                        0.8999999761581421
                    ],
                    "transparency": 1
                }
            },
            "name": "Material #46"
        },
        "Material #57": {
            "instanceTechnique": {
                "technique": "technique_0",
                "values": {
                    "ambient": [
                        0.5879999995231628,
                        0.5879999995231628,
                        0.5879999995231628
                    ],
                    "diffuse": "Map #10",
                    "emission": [
                        0,
                        0,
                        0
                    ],
                    "shininess": 2,
                    "specular": [
                        0.8999999761581421,
                        0.8999999761581421,
                        0.8999999761581421
                    ],
                    "transparency": 1
                }
            },
            "name": "Material #57"
        },
        "Material #68": {
            "instanceTechnique": {
                "technique": "technique_0",
                "values": {
                    "ambient": [
                        0.5879999995231628,
                        0.5879999995231628,
                        0.5879999995231628
                    ],
                    "diffuse": "Map #11",
                    "emission": [
                        0,
                        0,
                        0
                    ],
                    "shininess": 2,
                    "specular": [
                        0.8999999761581421,
                        0.8999999761581421,
                        0.8999999761581421
                    ],
                    "transparency": 1
                }
            },
            "name": "Material #68"
        },
        "Material #79": {
            "instanceTechnique": {
                "technique": "technique_0",
                "values": {
                    "ambient": [
                        0.5879999995231628,
                        0.5879999995231628,
                        0.5879999995231628
                    ],
                    "diffuse": "Map #12",
                    "emission": [
                        0,
                        0,
                        0
                    ],
                    "shininess": 2,
                    "specular": [
                        0.8999999761581421,
                        0.8999999761581421,
                        0.8999999761581421
                    ],
                    "transparency": 1
                }
            },
            "name": "Material #79"
        }
    },
    "meshes": {
        "sand_king_arms_model_LOD0-mesh": {
            "name": "sand_king_arms_model_LOD0-mesh",
            "primitives": [
                {
                    "attributes": {
                        "JOINT": "attrbute_10",
                        "NORMAL": "attrbute_8",
                        "POSITION": "attrbute_7",
                        "TEXCOORD_0": "attrbute_9",
                        "WEIGHT": "attrbute_11"
                    },
                    "indices": "indices_12",
                    "material": "Material #46"
                }
            ]
        },
        "sand_king_head_model_LOD0-mesh": {
            "name": "sand_king_head_model_LOD0-mesh",
            "primitives": [
                {
                    "attributes": {
                        "JOINT": "attrbute_16",
                        "NORMAL": "attrbute_14",
                        "POSITION": "attrbute_13",
                        "TEXCOORD_0": "attrbute_15",
                        "WEIGHT": "attrbute_17"
                    },
                    "indices": "indices_18",
                    "material": "Material #57"
                }
            ]
        },
        "sand_king_legs_model_LOD0-mesh": {
            "name": "sand_king_legs_model_LOD0-mesh",
            "primitives": [
                {
                    "attributes": {
                        "JOINT": "attrbute_22",
                        "NORMAL": "attrbute_20",
                        "POSITION": "attrbute_19",
                        "TEXCOORD_0": "attrbute_21",
                        "WEIGHT": "attrbute_23"
                    },
                    "indices": "indices_24",
                    "material": "Material #68"
                }
            ]
        },
        "sand_king_model_LOD0-mesh": {
            "name": "sand_king_model_LOD0-mesh",
            "primitives": [
                {
                    "attributes": {
                        "JOINT": "attrbute_4",
                        "NORMAL": "attrbute_2",
                        "POSITION": "attrbute_1",
                        "TEXCOORD_0": "attrbute_3",
                        "WEIGHT": "attrbute_5"
                    },
                    "indices": "indices_6",
                    "material": "Material #35"
                }
            ]
        },
        "sand_king_shoulder_model_LOD0-mesh": {
            "name": "sand_king_shoulder_model_LOD0-mesh",
            "primitives": [
                {
                    "attributes": {
                        "JOINT": "attrbute_28",
                        "NORMAL": "attrbute_26",
                        "POSITION": "attrbute_25",
                        "TEXCOORD_0": "attrbute_27",
                        "WEIGHT": "attrbute_29"
                    },
                    "indices": "indices_30",
                    "material": "Material #79"
                }
            ]
        },
        "sand_king_tail_model_LOD0-mesh": {
            "name": "sand_king_tail_model_LOD0-mesh",
            "primitives": [
                {
                    "attributes": {
                        "JOINT": "attrbute_34",
                        "NORMAL": "attrbute_32",
                        "POSITION": "attrbute_31",
                        "TEXCOORD_0": "attrbute_33",
                        "WEIGHT": "attrbute_35"
                    },
                    "indices": "indices_36",
                    "material": "Material #101"
                }
            ]
        }
    },
    "nodes": {
        "bicep_L": {
            "children": [
                "elbow_L"
            ],
            "jointId": "bicep_L",
            "matrix": [
                0.9665231704711912,
                -0.2474473118782043,
                -0.06784769892692577,
                0,
                -0.2489102893758344,
                -0.968426978222802,
                -0.013897443152551184,
                0,
                -0.062266638852306044,
                0.0303201823045485,
                -0.9975990029954009,
                0,
                21.340335845947262,
                0.0000019073486292597863,
                -0.00000762939453125,
                1
            ],
            "name": "bicep_L"
        },
        "bicep_R": {
            "children": [
                "elbow_R"
            ],
            "jointId": "bicep_R",
            "matrix": [
                0.9665229320526123,
                -0.24744726717472076,
                -0.06784760951995833,
                0,
                -0.24891030368263484,
                -0.9684270477950994,
                -0.013897174935675492,
                0,
                -0.062266638405519215,
                0.030319905494483032,
                -0.997599062888978,
                0,
                -21.340330123901367,
                -0.0000019073486363652137,
                1.4210854715202004e-14,
                1
            ],
            "name": "bicep_R"
        },
        "clavicle_L": {
            "children": [
                "bicep_L"
            ],
            "jointId": "clavicle_L",
            "matrix": [
                -0.5211579203605652,
                0.8483965992927552,
                -0.0928299278020859,
                0,
                -0.04858860753967727,
                0.07909833222328622,
                0.9956820598160764,
                0,
                0.8520758034903173,
                0.5234179687401009,
                -3.129243846822227e-7,
                0,
                11.40899658203125,
                2.5506536960601807,
                6.5901088714599645,
                1
            ],
            "name": "clavicle_L"
        },
        "clavicle_R": {
            "children": [
                "bicep_R"
            ],
            "jointId": "clavicle_R",
            "matrix": [
                0.5211578011512754,
                0.8483967781066895,
                0.0928298383951187,
                0,
                0.04858851833367256,
                0.07909827895315767,
                -0.9956821210891887,
                0,
                -0.852075924234823,
                0.523417809605417,
                3.427267077082963e-7,
                0,
                11.40899658203125,
                -2.5506520271301265,
                6.590106964111332,
                1
            ],
            "name": "clavicle_R"
        },
        "elbow_L": {
            "children": [
                "wrist_L"
            ],
            "jointId": "elbow_L",
            "matrix": [
                -0.2417567968368527,
                1.0849907985683444e-7,
                -0.97033703327179,
                0,
                1.2358462073949923e-7,
                0.9999998211860848,
                8.102508289526203e-8,
                0,
                0.9703367808231382,
                -1.0033036168316176e-7,
                -0.24175673393997849,
                0,
                33.91653060913086,
                0.00000667572021484375,
                0.0000152587890625,
                1
            ],
            "name": "elbow_L"
        },
        "elbow_R": {
            "children": [
                "wrist_R"
            ],
            "jointId": "elbow_R",
            "matrix": [
                -0.24175703525543268,
                7.869675754113015e-8,
                -0.9703366756439207,
                0,
                -2.492025688092918e-7,
                0.9999997019767454,
                1.4319072109188896e-7,
                0,
                0.9703369069276111,
                2.7642790477759235e-7,
                -0.241757092879182,
                0,
                -33.91653442382812,
                0.0000057220458984375,
                0.00000762939453125,
                1
            ],
            "name": "elbow_R"
        },
        "head": {
            "children": [
                "jaw"
            ],
            "jointId": "head",
            "matrix": [
                0.8613318204879761,
                6.339373480742606e-14,
                -0.5080429911613462,
                0,
                -6.521761782632202e-14,
                1,
                1.4210854665571167e-14,
                0,
                0.5080429911613463,
                2.089309231566548e-14,
                0.8613318204879763,
                0,
                17.47430801391601,
                -0.0000011350883823979515,
                -0.000030517578125,
                1
            ],
            "name": "head"
        },
        "jaw": {
            "children": [
                "tongue"
            ],
            "jointId": "jaw",
            "matrix": [
                -1.6292069931461498e-7,
                1.0000000000000002,
                8.881784197001252e-16,
                0,
                -0.06615198403596682,
                -1.0777528386421748e-8,
                0.9978094100952152,
                0,
                0.997809410095215,
                1.6256380681666108e-7,
                0.06615198403596864,
                0,
                1.0050287246704102,
                2.863730514945924e-7,
                -6.499259948730483,
                1
            ],
            "name": "jaw"
        },
        "neck1": {
            "children": [
                "head"
            ],
            "jointId": "neck1",
            "matrix": [
                0.5995863676071167,
                -5.0626169984118504e-14,
                -0.8003098964691161,
                0,
                8.028585971216979e-14,
                0.9999999999999998,
                -3.1086245458782353e-15,
                0,
                0.8003098964691161,
                -6.238967919474427e-14,
                0.5995863676071166,
                0,
                12.199371337890625,
                2.291579903612726e-7,
                -0.0000038146972620722863,
                1
            ],
            "name": "neck1"
        },
        "quadAnkle_A_L": {
            "children": [
                "quadToe_A_L"
            ],
            "jointId": "quadAnkle_A_L",
            "matrix": [
                -0.17823815345764127,
                3.2037496563996903e-7,
                -0.9839873313903811,
                0,
                8.102890963201936e-7,
                1.000000238418415,
                1.7881389745288967e-7,
                0,
                0.9839874572660297,
                -7.654426621289678e-7,
                -0.17823817625883726,
                0,
                27.247718811035156,
                -0.00001001358031427202,
                0.000015258789055394573,
                1
            ],
            "name": "quadAnkle_A_L"
        },
        "quadAnkle_R": {
            "children": [
                "quadToe_R"
            ],
            "jointId": "quadAnkle_R",
            "matrix": [
                -0.17823824286460888,
                -4.470348352603182e-8,
                -0.9839872121810914,
                0,
                5.7681512302676374e-8,
                1.0000001192092887,
                -5.587932413314567e-8,
                0,
                0.983987170150596,
                -6.671769229443791e-8,
                -0.1782382352512531,
                0,
                -27.24771499633789,
                0.0000057220459037665705,
                -0.00000762939453125,
                1
            ],
            "name": "quadAnkle_R"
        },
        "quadClavicle_A_L": {
            "children": [
                "quadHumerous_A_L"
            ],
            "jointId": "quadClavicle_A_L",
            "matrix": [
                0.07485704869031895,
                0.8780308961868287,
                -0.4727136492729187,
                0,
                0.04015585849612373,
                0.47100495233527834,
                0.8812160387218362,
                0,
                0.9963853951995858,
                -0.08494745578816758,
                -4.3772160444060895e-8,
                0,
                -15.04996681213379,
                24.267173767089844,
                -11.390613555908203,
                1
            ],
            "name": "quadClavicle_A_L"
        },
        "quadClavicle_A_R": {
            "children": [
                "quadHumerous_A_R"
            ],
            "jointId": "quadClavicle_A_R",
            "matrix": [
                -0.6864373087882997,
                0.5984708070755003,
                0.4130814373493194,
                0,
                -0.31136087180616767,
                0.27146030564314855,
                -0.910694001468041,
                0,
                -0.6571590114572955,
                -0.753751763670335,
                -8.940696688236085e-8,
                0,
                1.7931995391845703,
                -22.747571945190426,
                -12.400196075439453,
                1
            ],
            "name": "quadClavicle_A_R"
        },
        "quadClavicle_L": {
            "children": [
                "quadHumerous_L"
            ],
            "jointId": "quadClavicle_L",
            "matrix": [
                0.6864367723464967,
                0.5984715819358827,
                -0.4130813479423524,
                0,
                0.3113608076115893,
                0.2714603357109749,
                0.9106942403276709,
                0,
                0.6571597548144371,
                -0.753751277609425,
                -2.3841857874602953e-7,
                0,
                1.793191909790039,
                22.74757575988769,
                -12.400199890136719,
                1
            ],
            "name": "quadClavicle_L"
        },
        "quadClavicle_R": {
            "children": [
                "quadHumerous_R"
            ],
            "jointId": "quadClavicle_R",
            "matrix": [
                -0.07485735416412355,
                0.8780308961868288,
                0.4727133214473725,
                0,
                -0.04015580546634745,
                0.47100484677111426,
                -0.8812164713168497,
                0,
                -0.9963855731417043,
                -0.08494771933377386,
                -1.3876704577560847e-7,
                0,
                -15.049957275390627,
                -24.26717948913574,
                -11.390613555908203,
                1
            ],
            "name": "quadClavicle_R"
        },
        "quadElbow_A_L": {
            "children": [
                "quadWrist_A_L"
            ],
            "jointId": "quadElbow_A_L",
            "matrix": [
                -0.04392358660697859,
                6.332993505303586e-8,
                -0.9990348815917969,
                0,
                -4.0977134102559987e-8,
                0.9999999403953548,
                6.519271267269033e-8,
                0,
                0.9990348776685152,
                4.3801086507810894e-8,
                -0.043923586434484685,
                0,
                23.916061401367188,
                0.000007629394534802714,
                3.552713678800501e-15,
                1
            ],
            "name": "quadElbow_A_L"
        },
        "quadElbow_A_R": {
            "children": [
                "quadWrist_A_R"
            ],
            "jointId": "quadElbow_A_R",
            "matrix": [
                -0.2334644198417663,
                7.674098015109099e-7,
                -0.972365498542786,
                0,
                -2.737827976620477e-7,
                0.9999999403954506,
                8.54954540253916e-7,
                0,
                0.9723653520038419,
                4.658183699705887e-7,
                -0.23346438465747932,
                0,
                -22.938484191894524,
                -0.000007629394538355427,
                -0.0000019073486363652137,
                1
            ],
            "name": "quadElbow_A_R"
        },
        "quadElbow_L": {
            "children": [
                "quadWrist_L"
            ],
            "jointId": "quadElbow_L",
            "matrix": [
                -0.23346406221389748,
                -1.3224780556070348e-7,
                -0.9723657369613646,
                0,
                -3.8927528679677526e-8,
                1.0000003576278733,
                -1.2665982483325844e-7,
                0,
                0.9723656377806382,
                8.281274242738501e-9,
                -0.23346403840070296,
                0,
                22.938476562499996,
                0.0000019073486328125,
                0.00001049041748046875,
                1
            ],
            "name": "quadElbow_L"
        },
        "quadElbow_R": {
            "children": [
                "quadWrist_R"
            ],
            "jointId": "quadElbow_R",
            "matrix": [
                -0.04392358660697904,
                -1.7508864402424051e-7,
                -0.9990346431732182,
                0,
                -4.6198432447630555e-8,
                0.9999996423721301,
                -1.7322660605598172e-7,
                0,
                0.9990347556137208,
                3.8545118773852804e-8,
                -0.04392359155054837,
                0,
                -23.91607284545899,
                0,
                0.0000152587890625,
                1
            ],
            "name": "quadElbow_R"
        },
        "quadHumerous_A_L": {
            "children": [
                "quadElbow_A_L"
            ],
            "jointId": "quadHumerous_A_L",
            "matrix": [
                0.3937899470329286,
                0.916495084762573,
                -0.07047183066606522,
                0,
                -0.12200217006391159,
                -0.023875675828667876,
                -0.9922428148783753,
                0,
                -0.9110682238625705,
                0.3993329611495099,
                0.1024123879111741,
                0,
                18.513580322265625,
                0.000003814697269177714,
                3.552713678800501e-15,
                1
            ],
            "name": "quadHumerous_A_L"
        },
        "quadHumerous_A_R": {
            "children": [
                "quadElbow_A_R"
            ],
            "jointId": "quadHumerous_A_R",
            "matrix": [
                0.2958798706531527,
                0.9459053277969363,
                0.1331082433462143,
                0,
                0.12819627434102182,
                0.09876574244527869,
                -0.9868189659102917,
                0,
                -0.9465836892238852,
                0.30904379575991264,
                -0.09203872798529443,
