{
    "accessors": {
        "attrbute_1": {
            "bufferView": "bufferView_37",
            "byteOffset": 0,
            "byteStride": 12,
            "count": 1662,
            "max": [
                59.20964813232422,
                12.007561683654785,
                238.26483154296875,
                0
            ],
            "min": [
                -70.62040710449219,
                -67.76753234863281,
                62.24012756347656,
                0
            ],
            "type": 35665
        },
        "attrbute_10": {
            "bufferView": "bufferView_37",
            "byteOffset": 105864,
            "byteStride": 16,
            "count": 192,
            "max": [
                23,
                23,
                23,
                -1
            ],
            "min": [
                0,
                -1,
                -1,
                -1
            ],
            "type": 35666
        },
        "attrbute_11": {
            "bufferView": "bufferView_37",
            "byteOffset": 108936,
            "byteStride": 12,
            "count": 192,
            "max": [
                1,
                0.9979105591773987,
                0.9854020476341248
            ],
            "min": [
                0.002089442452415824,
                0,
                0
            ],
            "type": 35665
        },
        "attrbute_13": {
            "bufferView": "bufferView_37",
            "byteOffset": 111240,
            "byteStride": 12,
            "count": 426,
            "max": [
                29.986434936523438,
                28.897621154785156,
                245.60504150390625,
                0
            ],
            "min": [
                -31.587865829467773,
                -75.2557144165039,
                170.31549072265625,
                0
            ],
            "type": 35665
        },
        "attrbute_14": {
            "bufferView": "bufferView_37",
            "byteOffset": 116352,
            "byteStride": 12,
            "count": 426,
            "max": [
                0.9986338019371033,
                0.9811007380485535,
                0.9976736307144165,
                0
            ],
            "min": [
                -0.9986338019371033,
                -0.9986332654953003,
                -0.9995579719543457,
                0
            ],
            "type": 35665
        },
        "attrbute_15": {
            "bufferView": "bufferView_37",
            "byteOffset": 121464,
            "byteStride": 8,
            "count": 426,
            "max": [
                1.988895058631897,
                0.9881870150566101
            ],
            "min": [
                0.011308000423014164,
                0.008903980255126953
            ],
            "type": 35664
        },
        "attrbute_16": {
            "bufferView": "bufferView_37",
            "byteOffset": 124872,
            "byteStride": 16,
            "count": 426,
            "max": [
                7,
                12,
                12,
                -1
            ],
            "min": [
                0,
                -1,
                -1,
                -1
            ],
            "type": 35666
        },
        "attrbute_17": {
            "bufferView": "bufferView_37",
            "byteOffset": 131688,
            "byteStride": 12,
            "count": 426,
            "max": [
                1,
                0.998198390007019,
                0.983024001121521
            ],
            "min": [
                0.000711318280082196,
                0,
                0
            ],
            "type": 35665
        },
        "attrbute_19": {
            "bufferView": "bufferView_37",
            "byteOffset": 136800,
            "byteStride": 12,
            "count": 2161,
            "max": [
                56.614479064941406,
                119.32357025146484,
                195.83743286132812,
                0
            ],
            "min": [
                -64.42079162597656,
                -163.77279663085938,
                -0.17642802000045776,
                0
            ],
            "type": 35665
        },
        "attrbute_2": {
            "bufferView": "bufferView_37",
            "byteOffset": 19944,
            "byteStride": 12,
            "count": 1662,
            "max": [
                0.9996851086616516,
                0.99969881772995,
                0.9991562366485596,
                0
            ],
            "min": [
                -0.9996851086616516,
                -0.9986231923103333,
                -0.9814295768737793,
                0
            ],
            "type": 35665
        },
        "attrbute_20": {
            "bufferView": "bufferView_37",
            "byteOffset": 162732,
            "byteStride": 12,
            "count": 2161,
            "max": [
                0.9997780323028564,
                0.9999602437019348,
                0.9998819231987,
                0
            ],
            "min": [
                -0.9997780323028564,
                -0.998689591884613,
                -0.9997282028198242,
                0
            ],
            "type": 35665
        },
        "attrbute_21": {
            "bufferView": "bufferView_37",
            "byteOffset": 188664,
            "byteStride": 8,
            "count": 2161,
            "max": [
                1.9948660135269165,
                0.9935160279273987
            ],
            "min": [
                0.005464000161737204,
                0.0036050081253051758
            ],
            "type": 35664
        },
        "attrbute_22": {
            "bufferView": "bufferView_37",
            "byteOffset": 205952,
            "byteStride": 16,
            "count": 2161,
            "max": [
                49,
                49,
                49,
                -1
            ],
            "min": [
                0,
                -1,
                -1,
                -1
            ],
            "type": 35666
        },
        "attrbute_23": {
            "bufferView": "bufferView_37",
            "byteOffset": 240528,
            "byteStride": 12,
            "count": 2161,
            "max": [
                1,
                0.9998950958251953,
                0.9853312969207764
            ],
            "min": [
                0.0001049327474902384,
                0,
                0
            ],
            "type": 35665
        },
        "attrbute_25": {
            "bufferView": "bufferView_37",
            "byteOffset": 266460,
            "byteStride": 12,
            "count": 110,
            "max": [
                41.56314468383789,
                -0.9221369028091431,
                232.6991729736328,
                0
            ],
            "min": [
                -41.5440788269043,
                -28.295223236083984,
                193.71971130371094,
                0
            ],
            "type": 35665
        },
        "attrbute_26": {
            "bufferView": "bufferView_37",
            "byteOffset": 267780,
            "byteStride": 12,
            "count": 110,
            "max": [
                0.9979512691497803,
                0.9747347235679626,
                0.9702793955802917,
                0
            ],
            "min": [
                -0.9974729418754578,
                -0.9946088194847107,
                -0.35596588253974915,
                0
            ],
            "type": 35665
        },
        "attrbute_27": {
            "bufferView": "bufferView_37",
            "byteOffset": 269100,
            "byteStride": 8,
            "count": 110,
            "max": [
                0.9869199991226196,
                0.990788996219635
            ],
            "min": [
                0.01946200057864189,
                0.0073999762535095215
            ],
            "type": 35664
        },
        "attrbute_28": {
            "bufferView": "bufferView_37",
            "byteOffset": 269980,
            "byteStride": 16,
            "count": 110,
            "max": [
                1,
                1,
                -1,
                -1
            ],
            "min": [
                0,
                -1,
                -1,
                -1
            ],
            "type": 35666
        },
        "attrbute_29": {
            "bufferView": "bufferView_37",
            "byteOffset": 271740,
            "byteStride": 12,
            "count": 110,
            "max": [
                1,
                0.3019607663154602,
                0
            ],
            "min": [
                0.6980392336845398,
                0,
                0
            ],
            "type": 35665
        },
        "attrbute_3": {
            "bufferView": "bufferView_37",
            "byteOffset": 39888,
            "byteStride": 8,
            "count": 1662,
            "max": [
                1.999235987663269,
                0.9966840147972107
            ],
            "min": [
                0.00317199993878603,
                0.0022550225257873535
            ],
            "type": 35664
        },
        "attrbute_31": {
            "bufferView": "bufferView_37",
            "byteOffset": 273060,
            "byteStride": 12,
            "count": 210,
            "max": [
                17.230100631713867,
                35.20998764038086,
                5.407441139221191,
                0
            ],
            "min": [
                -17.146080017089844,
                -167.9288330078125,
                -5.275576114654541,
                0
            ],
            "type": 35665
        },
        "attrbute_32": {
            "bufferView": "bufferView_37",
            "byteOffset": 275580,
            "byteStride": 12,
            "count": 210,
            "max": [
                0.999908447265625,
                0.9999854564666748,
                0.999925434589386,
                0
            ],
            "min": [
                -0.9998978972434998,
                -0.9999854564666748,
                -0.999997615814209,
                0
            ],
            "type": 35665
        },
        "attrbute_33": {
            "bufferView": "bufferView_37",
            "byteOffset": 278100,
            "byteStride": 8,
            "count": 210,
            "max": [
                0.9942830204963684,
                0.9969620108604431
            ],
            "min": [
                0.003406000090762973,
                0.0037419795989990234
            ],
            "type": 35664
        },
        "attrbute_34": {
            "bufferView": "bufferView_37",
            "byteOffset": 279780,
            "byteStride": 16,
            "count": 210,
            "max": [
                0,
                -1,
                -1,
                -1
            ],
            "min": [
                0,
                -1,
                -1,
                -1
            ],
            "type": 35666
        },
        "attrbute_35": {
            "bufferView": "bufferView_37",
            "byteOffset": 283140,
            "byteStride": 12,
            "count": 210,
            "max": [
                1,
                0,
                0
            ],
            "min": [
                1,
                0,
                0
            ],
            "type": 35665
        },
        "attrbute_4": {
            "bufferView": "bufferView_37",
            "byteOffset": 53184,
            "byteStride": 16,
            "count": 1662,
            "max": [
                36,
                36,
                37,
                -1
            ],
            "min": [
                0,
                -1,
                -1,
                -1
            ],
            "type": 35666
        },
        "attrbute_5": {
            "bufferView": "bufferView_37",
            "byteOffset": 79776,
            "byteStride": 12,
            "count": 1662,
            "max": [
                1,
                0.9997516870498657,
                0.998602569103241
            ],
            "min": [
                0.00010208168532699347,
                0,
                0
            ],
            "type": 35665
        },
        "attrbute_7": {
            "bufferView": "bufferView_37",
            "byteOffset": 99720,
            "byteStride": 12,
            "count": 192,
            "max": [
                100.93446350097656,
                77.51644134521484,
                218.15347290039062,
                0
            ],
            "min": [
                -59.445716857910156,
                -48.02946853637695,
                101.5057373046875,
                0
            ],
            "type": 35665
        },
        "attrbute_8": {
            "bufferView": "bufferView_37",
            "byteOffset": 102024,
            "byteStride": 12,
            "count": 192,
            "max": [
                0.9941338300704956,
                0.9928644895553589,
                0.9355469942092896,
                0
            ],
            "min": [
                -0.9999449253082275,
                -0.9971426129341125,
                -0.6671131253242493,
                0
            ],
            "type": 35665
        },
        "attrbute_9": {
            "bufferView": "bufferView_37",
            "byteOffset": 104328,
            "byteStride": 8,
            "count": 192,
            "max": [
                0.9939190149307251,
                0.9922159910202026
            ],
            "min": [
                0.0077599999494850636,
                0.0070729851722717285
            ],
            "type": 35664
        },
        "indices_12": {
            "bufferView": "bufferView_39",
            "byteOffset": 13488,
            "count": 840,
            "type": 5123
        },
        "indices_18": {
            "bufferView": "bufferView_39",
            "byteOffset": 15168,
            "count": 1590,
            "type": 5123
        },
        "indices_24": {
            "bufferView": "bufferView_39",
            "byteOffset": 18348,
            "count": 8526,
            "type": 5123
        },
        "indices_30": {
            "bufferView": "bufferView_39",
            "byteOffset": 35400,
            "count": 444,
            "type": 5123
        },
        "indices_36": {
            "bufferView": "bufferView_39",
            "byteOffset": 36288,
            "count": 984,
            "type": 5123
        },
        "indices_6": {
            "bufferView": "bufferView_39",
            "byteOffset": 0,
            "count": 6744,
            "type": 5123
        }
    },
    "animations": {},
    "asset": {},
    "bufferViews": {
        "bufferView_37": {
            "buffer": "abaddon.bin",
            "byteLength": 285660,
            "byteOffset": 0,
            "target": 34962
        },
        "bufferView_38": {
            "buffer": "abaddon.bin",
            "byteLength": 10496,
            "byteOffset": 285660
        },
        "bufferView_39": {
            "buffer": "abaddon.bin",
            "byteLength": 38256,
            "byteOffset": 296156,
            "target": 34963
        }
    },
    "buffers": {
        "abaddon.bin": {
            "byteLength": 334412,
            "path": "abaddon.bin"
        }
    },
    "cameras": {},
    "images": {
        "image_0": {
            "path": "textures/abaddon_body_color.png"
        },
        "image_1": {
            "path": "textures/abaddon_body_normal.png"
        },
        "image_2": {
            "path": "textures/abaddon_cape_color.png"
        },
        "image_3": {
            "path": "textures/abaddon_helm_color.png"
        },
        "image_4": {
            "path": "textures/abaddon_mount_color.png"
        },
        "image_5": {
            "path": "textures/abaddon_shoulders_color.png"
        },
        "image_6": {
            "path": "textures/abaddon_weapon_color.png"
        }
    },
    "lights": {},
    "materials": {
        "Material #107": {
            "instanceTechnique": {
                "technique": "technique_0",
                "values": {
                    "ambient": [
                        0.5879999995231628,
                        0.5879999995231628,
                        0.5879999995231628
                    ],
                    "diffuse": "Map #19",
                    "emission": [
                        0,
                        0,
                        0
                    ],
                    "normalMap": "Map #20",
                    "shininess": 2,
                    "specular": [
                        0.8999999761581421,
                        0.8999999761581421,
                        0.8999999761581421
                    ],
                    "transparency": 1
                }
            },
            "name": "Material #107"
        },
        "Material #118": {
            "instanceTechnique": {
                "technique": "technique_1",
                "values": {
                    "ambient": [
                        0.5879999995231628,
                        0.5879999995231628,
                        0.5879999995231628
                    ],
                    "diffuse": "Map #21",
                    "emission": [
                        0,
                        0,
                        0
                    ],
                    "shininess": 2,
                    "specular": [
                        0.8999999761581421,
                        0.8999999761581421,
                        0.8999999761581421
                    ],
                    "transparency": 1
                }
            },
            "name": "Material #118"
        },
        "Material #129": {
            "instanceTechnique": {
                "technique": "technique_1",
                "values": {
                    "ambient": [
                        0.5879999995231628,
                        0.5879999995231628,
                        0.5879999995231628
                    ],
                    "diffuse": "Map #23",
                    "emission": [
                        0,
                        0,
                        0
                    ],
                    "shininess": 2,
                    "specular": [
                        0.8999999761581421,
                        0.8999999761581421,
                        0.8999999761581421
                    ],
                    "transparency": 1
                }
            },
            "name": "Material #129"
        },
        "Material #140": {
            "instanceTechnique": {
                "technique": "technique_1",
                "values": {
                    "ambient": [
                        0.5879999995231628,
                        0.5879999995231628,
                        0.5879999995231628
                    ],
                    "diffuse": "Map #25",
                    "emission": [
                        0,
                        0,
                        0
                    ],
                    "shininess": 2,
                    "specular": [
                        0.8999999761581421,
                        0.8999999761581421,
                        0.8999999761581421
                    ],
                    "transparency": 1
                }
            },
            "name": "Material #140"
        },
        "Material #151": {
            "instanceTechnique": {
                "technique": "technique_1",
                "values": {
                    "ambient": [
                        0.5879999995231628,
                        0.5879999995231628,
                        0.5879999995231628
                    ],
                    "diffuse": "Map #27",
                    "emission": [
                        0,
                        0,
                        0
                    ],
                    "shininess": 2,
                    "specular": [
                        0.8999999761581421,
                        0.8999999761581421,
                        0.8999999761581421
                    ],
                    "transparency": 1
                }
            },
            "name": "Material #151"
        },
        "Material #162": {
            "instanceTechnique": {
                "technique": "technique_1",
                "values": {
                    "ambient": [
                        0.5879999995231628,
                        0.5879999995231628,
                        0.5879999995231628
                    ],
                    "diffuse": "Map #29",
                    "emission": [
                        0,
                        0,
                        0
                    ],
                    "shininess": 2,
                    "specular": [
                        0.8999999761581421,
                        0.8999999761581421,
                        0.8999999761581421
                    ],
                    "transparency": 1
                }
            },
            "name": "Material #162"
        }
    },
    "meshes": {
        "abaddon_model_LOD0-mesh": {
            "name": "abaddon_model_LOD0-mesh",
            "primitives": [
                {
                    "attributes": {
                        "JOINT": "attrbute_4",
                        "NORMAL": "attrbute_2",
                        "POSITION": "attrbute_1",
                        "TEXCOORD_0": "attrbute_3",
                        "WEIGHT": "attrbute_5"
                    },
                    "indices": "indices_6",
                    "material": "Material #107"
                }
            ]
        },
        "cape_model_LOD0-mesh": {
            "name": "cape_model_LOD0-mesh",
            "primitives": [
                {
                    "attributes": {
                        "JOINT": "attrbute_10",
                        "NORMAL": "attrbute_8",
                        "POSITION": "attrbute_7",
                        "TEXCOORD_0": "attrbute_9",
                        "WEIGHT": "attrbute_11"
                    },
                    "indices": "indices_12",
                    "material": "Material #118"
                }
            ]
        },
        "helmet_model_LOD0-mesh": {
            "name": "helmet_model_LOD0-mesh",
            "primitives": [
                {
                    "attributes": {
                        "JOINT": "attrbute_16",
                        "NORMAL": "attrbute_14",
                        "POSITION": "attrbute_13",
                        "TEXCOORD_0": "attrbute_15",
                        "WEIGHT": "attrbute_17"
                    },
                    "indices": "indices_18",
                    "material": "Material #129"
                }
            ]
        },
        "mount_model_LOD0-mesh": {
            "name": "mount_model_LOD0-mesh",
            "primitives": [
                {
                    "attributes": {
                        "JOINT": "attrbute_22",
                        "NORMAL": "attrbute_20",
                        "POSITION": "attrbute_19",
                        "TEXCOORD_0": "attrbute_21",
                        "WEIGHT": "attrbute_23"
                    },
                    "indices": "indices_24",
                    "material": "Material #140"
                }
            ]
        },
        "shoulders_model_LOD0-mesh": {
            "name": "shoulders_model_LOD0-mesh",
            "primitives": [
                {
                    "attributes": {
                        "JOINT": "attrbute_28",
                        "NORMAL": "attrbute_26",
                        "POSITION": "attrbute_25",
                        "TEXCOORD_0": "attrbute_27",
                        "WEIGHT": "attrbute_29"
                    },
                    "indices": "indices_30",
                    "material": "Material #151"
                }
            ]
        },
        "weapon_model_LOD0-mesh": {
            "name": "weapon_model_LOD0-mesh",
            "primitives": [
                {
                    "attributes": {
                        "JOINT": "attrbute_34",
                        "NORMAL": "attrbute_32",
                        "POSITION": "attrbute_31",
                        "TEXCOORD_0": "attrbute_33",
                        "WEIGHT": "attrbute_35"
                    },
                    "indices": "indices_36",
                    "material": "Material #162"
                }
            ]
        }
    },
    "nodes": {
        "Cloth_R0C0": {
            "children": [
                "Cloth_R1C0"
            ],
            "jointId": "Cloth_R0C0",
            "matrix": [
                -0.9417165517807006,
                0.038884632289409866,
                0.3341524600982666,
                0,
                0.33461306708358085,
                0.005817905407709475,
                0.9423376278888993,
                0,
                0.034698385719920226,
                0.9992267490751292,
                -0.018490124409653797,
                0,
                -20.138824462890653,
                32.762134552001946,
                11.749878883361816,
                1
            ],
            "name": "Cloth_R0C0"
        },
        "Cloth_R0C1": {
            "children": [
                "Cloth_R1C1"
            ],
            "jointId": "Cloth_R0C1",
            "matrix": [
                -0.7309820652008054,
                0.022444279864430327,
                0.682027280330658,
                0,
                0.6819833574287663,
                -0.010749183889424257,
                0.7312887257172187,
                0,
                0.02374448918848492,
                0.999690353801536,
                -0.0074491658631206225,
                0,
                -0.6364593505859659,
                7.314297199249268,
                19.896995544433594,
                1
            ],
            "name": "Cloth_R0C1"
        },
        "Cloth_R0C2": {
            "children": [
                "Cloth_R1C2"
            ],
            "jointId": "Cloth_R0C2",
            "matrix": [
                -0.9844822287559508,
                -0.009092413820326321,
                0.17524875700473785,
                0,
                0.1753418437478615,
                -0.010713078690569236,
                0.98444932980417,
                0,
                -0.007073566856015562,
                0.99990129471061,
                0.012141115998140764,
                0,
                -0.9730682373046875,
                -19.108690261840817,
                19.557523727416992,
                1
            ],
            "name": "Cloth_R0C2"
        },
        "Cloth_R1C0": {
            "children": [
                "Cloth_R2C0"
            ],
            "jointId": "Cloth_R1C0",
            "matrix": [
                0.9082270264625552,
                0.3389422893524171,
                0.245441660284996,
                0,
                -0.3913277731657472,
                0.8957013842338604,
                0.21114338122554785,
                0,
                -0.14827702641723337,
                -0.2878142880395284,
                0.9461378163040528,
                0,
                3.561920166015625,
                -0.000007629394545460855,
                -0.000011444091796875,
                1
            ],
            "name": "Cloth_R1C0"
        },
        "Cloth_R1C1": {
            "children": [
                "Cloth_R2C1"
            ],
            "jointId": "Cloth_R1C1",
            "matrix": [
                0.9765809774398801,
                0.2141631543636321,
                0.020595051348209388,
                0,
                -0.2140339248674768,
                0.976790998706722,
                -0.008311796934403079,
                0,
                -0.021897135444067663,
                0.0037091020885260603,
                0.9997534157037069,
                0,
                3.48541259765625,
                -0.2100677490234375,
                9.5367431640625e-7,
                1
            ],
            "name": "Cloth_R1C1"
        },
        "Cloth_R1C2": {
            "children": [
                "Cloth_R2C2"
            ],
            "jointId": "Cloth_R1C2",
            "matrix": [
                0.7438938021659851,
                0.6544204354286194,
                -0.13548457622528082,
                0,
                -0.6547059248161714,
                0.7543102570343857,
                0.04874626565341158,
                0,
                0.13409793635923026,
                0.05244050144948535,
                0.9895795024712943,
                0,
                2.91339111328125,
                2.0938758850097656,
                -8.305521011352539,
                1
            ],
            "name": "Cloth_R1C2"
        },
        "Cloth_R2C0": {
            "children": [
                "Cloth_R3C0"
            ],
            "jointId": "Cloth_R2C0",
            "matrix": [
                0.9809222221374512,
                0.1842018365859986,
                0.06214380636811255,
                0,
                -0.18624898905783022,
                0.9820777941299461,
                0.02888846006252524,
                0,
                -0.05570874306868902,
                -0.03991155225526892,
                0.9976493055895891,
                0,
                28.349525451660156,
                -0.0000152587890625,
                0,
                1
            ],
            "name": "Cloth_R2C0"
        },
        "Cloth_R2C1": {
            "children": [
                "Cloth_R3C1"
            ],
            "jointId": "Cloth_R2C1",
            "matrix": [
                0.8628848791122438,
                0.5053231120109558,
                0.008841409347951407,
                0,
                -0.5052973662762447,
                0.8629304993351024,
                -0.005120061337293091,
                0,
                -0.010216805557008095,
                -0.00004951734207559594,
                0.9999479650172369,
                0,
                21.190650939941406,
                -0.0000152587890625,
                0.00000858306884765625,
                1
            ],
            "name": "Cloth_R2C1"
        },
        "Cloth_R2C2": {
            "children": [
                "Cloth_R3C2"
            ],
            "jointId": "Cloth_R2C2",
            "matrix": [
                0.9852628707885742,
                0.15383371710777272,
                -0.07478106021881109,
                0,
                -0.1588213237710216,
                0.9850951322340126,
                -0.06605827050717097,
                0,
                0.06350447200809775,
                0.07696159173201497,
                0.9950097780314777,
                0,
                22.424087524414062,
                0.1714630126953125,
                -5.061767578125,
                1
            ],
            "name": "Cloth_R2C2"
        },
        "Cloth_R3C0": {
            "children": [
                "Cloth_R4C0"
            ],
            "jointId": "Cloth_R3C0",
            "matrix": [
                0.997969388961792,
                -0.06097045540809626,
                -0.018415801227092715,
                0,
                0.059103180218176066,
                0.9942791120896235,
                -0.08897172589047107,
                0,
                0.023735097457632123,
                0.08770264246253787,
                0.9958638469841108,
                0,
                29.407180786132827,
                0,
                -0.00000762939453125,
                1
            ],
            "name": "Cloth_R3C0"
        },
        "Cloth_R3C1": {
            "children": [
                "Cloth_R4C1"
            ],
            "jointId": "Cloth_R3C1",
            "matrix": [
                0.9488834738731383,
                0.29738897085189825,
                0.10573421418666838,
                0,
                -0.2938128763176976,
                0.9546422162451194,
                -0.0482897944737305,
                0,
                -0.11529923073823692,
                0.014755318674897142,
                0.9932212233315159,
                0,
                21.190719604492195,
                -0.0000152587890625,
                0,
                1
            ],
            "name": "Cloth_R3C1"
        },
        "Cloth_R3C2": {
            "children": [
                "Cloth_R4C2"
            ],
            "jointId": "Cloth_R3C2",
            "matrix": [
                0.9607870578765872,
                0.27599298954010004,
                0.02676221355795865,
                0,
                -0.27605348982553957,
                0.9611413306275522,
                -0.0014815255964344687,
                0,
                -0.026131152951532607,
                -0.005964370168311084,
                0.9996407008248513,
                0,
                25.02460479736329,
                -0.9598388671875,
                -5.9756011962890625,
                1
            ],
            "name": "Cloth_R3C2"
        },
        "Cloth_R4C0": {
            "children": [],
            "jointId": "Cloth_R4C0",
            "matrix": [
                0.999927878379822,
                0.007998406887054388,
                -0.008959032595157637,
                0,
                -0.008488260110712409,
                0.9983923428233699,
                -0.0560439676367904,
                0,
                0.008496364563355452,
                0.05611595559678817,
                0.9983879333501939,
                0,
                21.19068908691407,
                0.000030517578125,
                -0.000015258789055394573,
                1
            ],
            "name": "Cloth_R4C0"
        },
        "Cloth_R4C1": {
            "children": [],
            "jointId": "Cloth_R4C1",
            "matrix": [
                0.9887710809707644,
                -0.1487882286310197,
                -0.013910790905356386,
                0,
                0.14852301785009367,
                0.9887361503968145,
                -0.01847741757222593,
                0,
                0.01650332522354735,
                0.016203864624287245,
                0.999732258294492,
                0,
                21.190704345703125,
                -0.00001525878909092171,
                -0.000007629394529473643,
                1
            ],
            "name": "Cloth_R4C1"
        },
        "Cloth_R4C2": {
            "children": [],
            "jointId": "Cloth_R4C2",
            "matrix": [
                0.9995682835578924,
                0.006599724292755155,
                0.02862350642681122,
                0,
                -0.006603647486964487,
                0.9999781252645138,
                0.00004250556226233215,
                0,
                -0.028622604263751773,
                -0.00023150679454077283,
                0.9995901574480318,
                0,
                21.19074630737306,
                -0.000030517578125,
                0.000007629394524144573,
                1
            ],
            "name": "Cloth_R4C2"
        },
        "Index_0_L": {
            "children": [
                "Index_1_L"
            ],
            "jointId": "Index_0_L",
            "matrix": [
                0.9586192965507507,
                -0.24093437194824235,
                -0.15165662765502935,
                0,
                0.27729477982626927,
                0.9108413799030527,
                0.3057375841714721,
                0,
                0.06447243745143509,
                -0.3351395300495803,
                0.939959941272005,
                0,
                -5.301612854003906,
                -1.2667922973632812,
                8.921302795410156,
                1
            ],
            "name": "Index_0_L"
        },
        "Index_0_R1": {
            "children": [
                "Index_1_R1"
            ],
            "jointId": "Index_0_R1",
            "matrix": [
                0.9903154373168948,
                0.1388354897499085,
                -3.725290298461914e-8,
                0,
                -9.08568781321506e-8,
                9.164073971196229e-7,
                0.9999999403953973,
                0,
                0.13883550441679415,
                -0.9903155419357433,
                9.20146703442537e-7,
                0,
                -12.147369384765625,
                1.6532135009765483,
                4.9177093505859375,
                1
            ],
            "name": "Index_0_R1"
        },
        "Index_1_L": {
            "children": [],
            "jointId": "Index_1_L",
            "matrix": [
                1.0000000000000002,
                -2.9802322387695312e-8,
                6.332993509466922e-8,
                0,
                2.980232782778813e-8,
                1.0000001192092896,
                -2.980232241545089e-8,
                0,
                -6.332993426894085e-8,
                2.9802320777871927e-8,
                0.9999999999999992,
                0,
                -6.862049102783203,
                0.0000152587890625,
                5.973022460937493,
                1
            ],
            "name": "Index_1_L"
        },
        "Index_1_R1": {
            "children": [
                "Index_2_R"
            ],
            "jointId": "Index_1_R1",
            "matrix": [
                1.0000001192092896,
                2.6822090157252454e-7,
                2.980232260973992e-8,
                0,
                -2.6822084941979796e-7,
                0.9999998211860446,
                9.350478649000626e-7,
                0,
                -2.9802062762041004e-8,
                -9.350478729630574e-7,
                0.9999998211860418,
                0,
                -8.84811401367186,
                0.5665435791015625,
                -1.0192413330078125,
                1
            ],
            "name": "Index_1_R1"
        },
        "Index_2_R": {
            "children": [],
            "jointId": "Index_2_R",
            "matrix": [
                0.9999999403953551,
                -7.45058059414827e-8,
                -8.940696716308594e-8,
                0,
                7.450580905010717e-8,
                0.9999999999999993,
                -1.490116123548102e-8,
                0,
                8.940697371340178e-8,
                1.4901154539448402e-8,
                1.0000000000000127,
                0,
                -4.637504577636733,
                0.0000152587890625,
                1.43231201171875,
                1
            ],
            "name": "Index_2_R"
        },
        "Mid_0_R": {
            "children": [
                "Mid_1_R"
            ],
            "jointId": "Mid_0_R",
            "matrix": [
                0.9977021813392637,
                0.06775307655334473,
                7.450580624679404e-9,
                0,
                -3.393545011665111e-8,
                3.8975192545587234e-7,
                1.0000000000001024,
                0,
                0.06775305988964225,
                -0.9977019359569096,
                3.9115548124135646e-7,
                0,
                -11.460845947265625,
                1.0265045166015625,
                -1.8078460693359375,
                1
            ],
            "name": "Mid_0_R"
        },
        "Mid_1_R": {
            "children": [
                "Mid_2_R"
            ],
            "jointId": "Mid_1_R",
            "matrix": [
                0.9999998807907102,
