{
    "animations": {},
    "asset": {},
    "attributes": {
        "attribute_1": {
            "bufferView": "bufferView_37",
            "byteOffset": 0,
            "byteStride": 12,
            "count": 1338,
            "max": [
                1,
                1,
                1
            ],
            "min": [
                0,
                0,
                0
            ],
            "type": "FLOAT_VEC3"
        },
        "attribute_10": {
            "bufferView": "bufferView_37",
            "byteOffset": 86136,
            "byteStride": 16,
            "count": 183,
            "max": [
                1,
                1,
                1
            ],
            "min": [
                0,
                0,
                0
            ],
            "type": "FLOAT_VEC4"
        },
        "attribute_11": {
            "bufferView": "bufferView_37",
            "byteOffset": 89064,
            "byteStride": 12,
            "count": 183,
            "max": [
                1,
                1,
                1
            ],
            "min": [
                0,
                0,
                0
            ],
            "type": "FLOAT_VEC3"
        },
        "attribute_13": {
            "bufferView": "bufferView_37",
            "byteOffset": 91260,
            "byteStride": 12,
            "count": 355,
            "max": [
                1,
                1,
                1
            ],
            "min": [
                0,
                0,
                0
            ],
            "type": "FLOAT_VEC3"
        },
        "attribute_14": {
            "bufferView": "bufferView_37",
            "byteOffset": 95520,
            "byteStride": 12,
            "count": 355,
            "max": [
                1,
                1,
                1
            ],
            "min": [
                0,
                0,
                0
            ],
            "type": "FLOAT_VEC3"
        },
        "attribute_15": {
            "bufferView": "bufferView_37",
            "byteOffset": 99780,
            "byteStride": 8,
            "count": 355,
            "max": [
                1,
                1,
                1
            ],
            "min": [
                0,
                0,
                0
            ],
            "type": "FLOAT_VEC2"
        },
        "attribute_16": {
            "bufferView": "bufferView_37",
            "byteOffset": 102620,
            "byteStride": 16,
            "count": 355,
            "max": [
                1,
                1,
                1
            ],
            "min": [
                0,
                0,
                0
            ],
            "type": "FLOAT_VEC4"
        },
        "attribute_17": {
            "bufferView": "bufferView_37",
            "byteOffset": 108300,
            "byteStride": 12,
            "count": 355,
            "max": [
                1,
                1,
                1
            ],
            "min": [
                0,
                0,
                0
            ],
            "type": "FLOAT_VEC3"
        },
        "attribute_19": {
            "bufferView": "bufferView_37",
            "byteOffset": 112560,
            "byteStride": 12,
            "count": 1711,
            "max": [
                1,
                1,
                1
            ],
            "min": [
                0,
                0,
                0
            ],
            "type": "FLOAT_VEC3"
        },
        "attribute_2": {
            "bufferView": "bufferView_37",
            "byteOffset": 16056,
            "byteStride": 12,
            "count": 1338,
            "max": [
                1,
                1,
                1
            ],
            "min": [
                0,
                0,
                0
            ],
            "type": "FLOAT_VEC3"
        },
        "attribute_20": {
            "bufferView": "bufferView_37",
            "byteOffset": 133092,
            "byteStride": 12,
            "count": 1711,
            "max": [
                1,
                1,
                1
            ],
            "min": [
                0,
                0,
                0
            ],
            "type": "FLOAT_VEC3"
        },
        "attribute_21": {
            "bufferView": "bufferView_37",
            "byteOffset": 153624,
            "byteStride": 8,
            "count": 1711,
            "max": [
                1,
                1,
                1
            ],
            "min": [
                0,
                0,
                0
            ],
            "type": "FLOAT_VEC2"
        },
        "attribute_22": {
            "bufferView": "bufferView_37",
            "byteOffset": 167312,
            "byteStride": 16,
            "count": 1711,
            "max": [
                1,
                1,
                1
            ],
            "min": [
                0,
                0,
                0
            ],
            "type": "FLOAT_VEC4"
        },
        "attribute_23": {
            "bufferView": "bufferView_37",
            "byteOffset": 194688,
            "byteStride": 12,
            "count": 1711,
            "max": [
                1,
                1,
                1
            ],
            "min": [
                0,
                0,
                0
            ],
            "type": "FLOAT_VEC3"
        },
        "attribute_25": {
            "bufferView": "bufferView_37",
            "byteOffset": 215220,
            "byteStride": 12,
            "count": 92,
            "max": [
                1,
                1,
                1
            ],
            "min": [
                0,
                0,
                0
            ],
            "type": "FLOAT_VEC3"
        },
        "attribute_26": {
            "bufferView": "bufferView_37",
            "byteOffset": 216324,
            "byteStride": 12,
            "count": 92,
            "max": [
                1,
                1,
                1
            ],
            "min": [
                0,
                0,
                0
            ],
            "type": "FLOAT_VEC3"
        },
        "attribute_27": {
            "bufferView": "bufferView_37",
            "byteOffset": 217428,
            "byteStride": 8,
            "count": 92,
            "max": [
                1,
                1,
                1
            ],
            "min": [
                0,
                0,
                0
            ],
            "type": "FLOAT_VEC2"
        },
        "attribute_28": {
            "bufferView": "bufferView_37",
            "byteOffset": 218164,
            "byteStride": 16,
            "count": 92,
            "max": [
                1,
                1,
                1
            ],
            "min": [
                0,
                0,
                0
            ],
            "type": "FLOAT_VEC4"
        },
        "attribute_29": {
            "bufferView": "bufferView_37",
            "byteOffset": 219636,
            "byteStride": 12,
            "count": 92,
            "max": [
                1,
                1,
                1
            ],
            "min": [
                0,
                0,
                0
            ],
            "type": "FLOAT_VEC3"
        },
        "attribute_3": {
            "bufferView": "bufferView_37",
            "byteOffset": 32112,
            "byteStride": 8,
            "count": 1338,
            "max": [
                1,
                1,
                1
            ],
            "min": [
                0,
                0,
                0
            ],
            "type": "FLOAT_VEC2"
        },
        "attribute_31": {
            "bufferView": "bufferView_37",
            "byteOffset": 220740,
            "byteStride": 12,
            "count": 170,
            "max": [
                1,
                1,
                1
            ],
            "min": [
                0,
                0,
                0
            ],
            "type": "FLOAT_VEC3"
        },
        "attribute_32": {
            "bufferView": "bufferView_37",
            "byteOffset": 222780,
            "byteStride": 12,
            "count": 170,
            "max": [
                1,
                1,
                1
            ],
            "min": [
                0,
                0,
                0
            ],
            "type": "FLOAT_VEC3"
        },
        "attribute_33": {
            "bufferView": "bufferView_37",
            "byteOffset": 224820,
            "byteStride": 8,
            "count": 170,
            "max": [
                1,
                1,
                1
            ],
            "min": [
                0,
                0,
                0
            ],
            "type": "FLOAT_VEC2"
        },
        "attribute_34": {
            "bufferView": "bufferView_37",
            "byteOffset": 226180,
            "byteStride": 16,
            "count": 170,
            "max": [
                1,
                1,
                1
            ],
            "min": [
                0,
                0,
                0
            ],
            "type": "FLOAT_VEC4"
        },
        "attribute_35": {
            "bufferView": "bufferView_37",
            "byteOffset": 228900,
            "byteStride": 12,
            "count": 170,
            "max": [
                1,
                1,
                1
            ],
            "min": [
                0,
                0,
                0
            ],
            "type": "FLOAT_VEC3"
        },
        "attribute_4": {
            "bufferView": "bufferView_37",
            "byteOffset": 42816,
            "byteStride": 16,
            "count": 1338,
            "max": [
                1,
                1,
                1
            ],
            "min": [
                0,
                0,
                0
            ],
            "type": "FLOAT_VEC4"
        },
        "attribute_5": {
            "bufferView": "bufferView_37",
            "byteOffset": 64224,
            "byteStride": 12,
            "count": 1338,
            "max": [
                1,
                1,
                1
            ],
            "min": [
                0,
                0,
                0
            ],
            "type": "FLOAT_VEC3"
        },
        "attribute_7": {
            "bufferView": "bufferView_37",
            "byteOffset": 80280,
            "byteStride": 12,
            "count": 183,
            "max": [
                1,
                1,
                1
            ],
            "min": [
                0,
                0,
                0
            ],
            "type": "FLOAT_VEC3"
        },
        "attribute_8": {
            "bufferView": "bufferView_37",
            "byteOffset": 82476,
            "byteStride": 12,
            "count": 183,
            "max": [
                1,
                1,
                1
            ],
            "min": [
                0,
                0,
                0
            ],
            "type": "FLOAT_VEC3"
        },
        "attribute_9": {
            "bufferView": "bufferView_37",
            "byteOffset": 84672,
            "byteStride": 8,
            "count": 183,
            "max": [
                1,
                1,
                1
            ],
            "min": [
                0,
                0,
                0
            ],
            "type": "FLOAT_VEC2"
        }
    },
    "bufferViews": {
        "bufferView_37": {
            "buffer": "abaddon.bin",
            "byteLength": 230940,
            "byteOffset": 0,
            "target": "ARRAY_BUFFER"
        },
        "bufferView_38": {
            "buffer": "abaddon.bin",
            "byteLength": 38256,
            "byteOffset": 230940,
            "target": "ELEMENT_ARRAY_BUFFER"
        }
    },
    "buffers": {
        "abaddon.bin": {
            "byteLength": 269196,
            "path": "abaddon.bin"
        }
    },
    "cameras": {},
    "images": {
        "image_0": {
            "path": "textures/abaddon_body_color.png"
        },
        "image_1": {
            "path": "textures/abaddon_body_normal.png"
        },
        "image_2": {
            "path": "textures/abaddon_cape_color.png"
        },
        "image_3": {
            "path": "textures/abaddon_helm_color.png"
        },
        "image_4": {
            "path": "textures/abaddon_mount_color.png"
        },
        "image_5": {
            "path": "textures/abaddon_shoulders_color.png"
        },
        "image_6": {
            "path": "textures/abaddon_weapon_color.png"
        }
    },
    "indices": {
        "indices_12": {
            "bufferView": "bufferView_38",
            "byteOffset": 13488,
            "count": 840,
            "type": "UNSIGNED_SHORT"
        },
        "indices_18": {
            "bufferView": "bufferView_38",
            "byteOffset": 15168,
            "count": 1590,
            "type": "UNSIGNED_SHORT"
        },
        "indices_24": {
            "bufferView": "bufferView_38",
            "byteOffset": 18348,
            "count": 8526,
            "type": "UNSIGNED_SHORT"
        },
        "indices_30": {
            "bufferView": "bufferView_38",
            "byteOffset": 35400,
            "count": 444,
            "type": "UNSIGNED_SHORT"
        },
        "indices_36": {
            "bufferView": "bufferView_38",
            "byteOffset": 36288,
            "count": 984,
            "type": "UNSIGNED_SHORT"
        },
        "indices_6": {
            "bufferView": "bufferView_38",
            "byteOffset": 0,
            "count": 6744,
            "type": "UNSIGNED_SHORT"
        }
    },
    "lights": {},
    "materials": {
        "Material #107": {
            "instanceTechnique": {
                "technique": "technique_0",
                "values": [
                    {
                        "parameter": "ambient",
                        "value": [
                            0.5879999995231628,
                            0.5879999995231628,
                            0.5879999995231628
                        ]
                    },
                    {
                        "parameter": "emission",
                        "value": [
                            0,
                            0,
                            0
                        ]
                    },
                    {
                        "parameter": "diffuse",
                        "value": "Map #19"
                    },
                    {
                        "parameter": "normalMap",
                        "value": "Map #20"
                    },
                    {
                        "parameter": "shininess",
                        "value": 2
                    },
                    {
                        "parameter": "specular",
                        "value": [
                            0.8999999761581421,
                            0.8999999761581421,
                            0.8999999761581421
                        ]
                    }
                ]
            },
            "name": "Material #107"
        },
        "Material #118": {
            "instanceTechnique": {
                "technique": "technique_1",
                "values": [
                    {
                        "parameter": "ambient",
                        "value": [
                            0.5879999995231628,
                            0.5879999995231628,
                            0.5879999995231628
                        ]
                    },
                    {
                        "parameter": "emission",
                        "value": [
                            0,
                            0,
                            0
                        ]
                    },
                    {
                        "parameter": "diffuse",
                        "value": "Map #21"
                    },
                    {
                        "parameter": "shininess",
                        "value": 2
                    },
                    {
                        "parameter": "specular",
                        "value": [
                            0.8999999761581421,
                            0.8999999761581421,
                            0.8999999761581421
                        ]
                    }
                ]
            },
            "name": "Material #118"
        },
        "Material #129": {
            "instanceTechnique": {
                "technique": "technique_1",
                "values": [
                    {
                        "parameter": "ambient",
                        "value": [
                            0.5879999995231628,
                            0.5879999995231628,
                            0.5879999995231628
                        ]
                    },
                    {
                        "parameter": "emission",
                        "value": [
                            0,
                            0,
                            0
                        ]
                    },
                    {
                        "parameter": "diffuse",
                        "value": "Map #23"
                    },
                    {
                        "parameter": "shininess",
                        "value": 2
                    },
                    {
                        "parameter": "specular",
                        "value": [
                            0.8999999761581421,
                            0.8999999761581421,
                            0.8999999761581421
                        ]
                    }
                ]
            },
            "name": "Material #129"
        },
        "Material #140": {
            "instanceTechnique": {
                "technique": "technique_1",
                "values": [
                    {
                        "parameter": "ambient",
                        "value": [
                            0.5879999995231628,
                            0.5879999995231628,
                            0.5879999995231628
                        ]
                    },
                    {
                        "parameter": "emission",
                        "value": [
                            0,
                            0,
                            0
                        ]
                    },
                    {
                        "parameter": "diffuse",
                        "value": "Map #25"
                    },
                    {
                        "parameter": "shininess",
                        "value": 2
                    },
                    {
                        "parameter": "specular",
                        "value": [
                            0.8999999761581421,
                            0.8999999761581421,
                            0.8999999761581421
                        ]
                    }
                ]
            },
            "name": "Material #140"
        },
        "Material #151": {
            "instanceTechnique": {
                "technique": "technique_1",
                "values": [
                    {
                        "parameter": "ambient",
                        "value": [
                            0.5879999995231628,
                            0.5879999995231628,
                            0.5879999995231628
                        ]
                    },
                    {
                        "parameter": "emission",
                        "value": [
                            0,
                            0,
                            0
                        ]
                    },
                    {
                        "parameter": "diffuse",
                        "value": "Map #27"
                    },
                    {
                        "parameter": "shininess",
                        "value": 2
                    },
                    {
                        "parameter": "specular",
                        "value": [
                            0.8999999761581421,
                            0.8999999761581421,
                            0.8999999761581421
                        ]
                    }
                ]
            },
            "name": "Material #151"
        },
        "Material #162": {
            "instanceTechnique": {
                "technique": "technique_1",
                "values": [
                    {
                        "parameter": "ambient",
                        "value": [
                            0.5879999995231628,
                            0.5879999995231628,
                            0.5879999995231628
                        ]
                    },
                    {
                        "parameter": "emission",
                        "value": [
                            0,
                            0,
                            0
                        ]
                    },
                    {
                        "parameter": "diffuse",
                        "value": "Map #29"
                    },
                    {
                        "parameter": "shininess",
                        "value": 2
                    },
                    {
                        "parameter": "specular",
                        "value": [
                            0.8999999761581421,
                            0.8999999761581421,
                            0.8999999761581421
                        ]
                    }
                ]
            },
            "name": "Material #162"
        }
    },
    "meshes": {
        "abaddon_model_LOD0-mesh": {
            "name": "abaddon_model_LOD0-mesh",
            "primitives": [
                {
                    "indices": "indices_6",
                    "material": "Material #107",
                    "semantics": {
                        "JOINT": "attribute_4",
                        "NORMAL": "attribute_2",
                        "POSITION": "attribute_1",
                        "TEXCOORD_0": "attribute_3",
                        "WEIGHT": "attribute_5"
                    },
                    "skin": "skin_0"
                }
            ]
        },
        "cape_model_LOD0-mesh": {
            "name": "cape_model_LOD0-mesh",
            "primitives": [
                {
                    "indices": "indices_12",
                    "material": "Material #118",
                    "semantics": {
                        "JOINT": "attribute_10",
                        "NORMAL": "attribute_8",
                        "POSITION": "attribute_7",
                        "TEXCOORD_0": "attribute_9",
                        "WEIGHT": "attribute_11"
                    },
                    "skin": "skin_1"
                }
            ]
        },
        "helmet_model_LOD0-mesh": {
            "name": "helmet_model_LOD0-mesh",
            "primitives": [
                {
                    "indices": "indices_18",
                    "material": "Material #129",
                    "semantics": {
                        "JOINT": "attribute_16",
                        "NORMAL": "attribute_14",
                        "POSITION": "attribute_13",
                        "TEXCOORD_0": "attribute_15",
                        "WEIGHT": "attribute_17"
                    },
                    "skin": "skin_2"
                }
            ]
        },
        "mount_model_LOD0-mesh": {
            "name": "mount_model_LOD0-mesh",
            "primitives": [
                {
                    "indices": "indices_24",
                    "material": "Material #140",
                    "semantics": {
                        "JOINT": "attribute_22",
                        "NORMAL": "attribute_20",
                        "POSITION": "attribute_19",
                        "TEXCOORD_0": "attribute_21",
                        "WEIGHT": "attribute_23"
                    },
                    "skin": "skin_3"
                }
            ]
        },
        "shoulders_model_LOD0-mesh": {
            "name": "shoulders_model_LOD0-mesh",
            "primitives": [
                {
                    "indices": "indices_30",
                    "material": "Material #151",
                    "semantics": {
                        "JOINT": "attribute_28",
                        "NORMAL": "attribute_26",
                        "POSITION": "attribute_25",
                        "TEXCOORD_0": "attribute_27",
                        "WEIGHT": "attribute_29"
                    },
                    "skin": "skin_4"
                }
            ]
        },
        "weapon_model_LOD0-mesh": {
            "name": "weapon_model_LOD0-mesh",
            "primitives": [
                {
                    "indices": "indices_36",
                    "material": "Material #162",
                    "semantics": {
                        "JOINT": "attribute_34",
                        "NORMAL": "attribute_32",
                        "POSITION": "attribute_31",
                        "TEXCOORD_0": "attribute_33",
                        "WEIGHT": "attribute_35"
                    },
                    "skin": "skin_5"
                }
            ]
        }
    },
    "nodes": {
        "Cloth_R0C0": {
            "children": [
                "Cloth_R1C0"
            ],
            "matrix": [
                -0.9417165517807008,
                0.03888463228940987,
                0.33415246009826666,
                0,
                0.33461306708358074,
                0.005817905407709478,
                0.9423376278888992,
                0,
                0.034698385719920226,
                0.999226749075129,
                -0.018490124409653794,
                0,
                -20.138824462890625,
                32.762134552001946,
                11.749878883361816,
                1
            ],
            "name": "Cloth_R0C0"
        },
        "Cloth_R0C1": {
            "children": [
                "Cloth_R1C1"
            ],
            "matrix": [
                -0.7309820652008054,
                0.022444279864430323,
                0.6820272803306577,
                0,
                0.6819833574287665,
                -0.010749183889424255,
                0.7312887257172189,
                0,
                0.02374448918848492,
                0.9996903538015359,
                -0.0074491658631206225,
                0,
                -0.6364593505859375,
                7.314297199249267,
                19.896995544433594,
                1
            ],
            "name": "Cloth_R0C1"
        },
        "Cloth_R0C2": {
            "children": [
                "Cloth_R1C2"
            ],
            "matrix": [
                -0.9844822287559508,
                -0.009092413820326321,
                0.17524875700473783,
                0,
                0.17534184374786155,
                -0.010713078690569236,
                0.9844493298041701,
                0,
                -0.007073566856015566,
                0.99990129471061,
                0.012141115998140764,
                0,
                -0.9730682373046875,
                -19.108690261840817,
                19.557523727416992,
                1
            ],
            "name": "Cloth_R0C2"
        },
        "Cloth_R1C0": {
            "children": [
                "Cloth_R2C0"
            ],
            "matrix": [
                0.908227026462555,
                0.3389422893524173,
                0.245441660284996,
                0,
                -0.39132777316574713,
                0.8957013842338604,
                0.21114338122554785,
                0,
                -0.14827702641723337,
                -0.28781428803952847,
                0.9461378163040527,
                0,
                3.561920166015625,
                -0.00000762939453125,
                -0.000011444091796875,
                1
            ],
            "name": "Cloth_R1C0"
        },
        "Cloth_R1C1": {
            "children": [
                "Cloth_R2C1"
            ],
            "matrix": [
                0.9765809774398801,
                0.21416315436363192,
                0.020595051348209374,
                0,
                -0.21403392486747663,
                0.9767909987067217,
                -0.008311796934403082,
                0,
                -0.021897135444067652,
                0.003709102088526057,
                0.9997534157037068,
                0,
                3.48541259765625,
                -0.21006774902346592,
                9.5367431640625e-7,
                1
            ],
            "name": "Cloth_R1C1"
        },
        "Cloth_R1C2": {
            "children": [
                "Cloth_R2C2"
            ],
            "matrix": [
                0.7438938021659851,
                0.6544204354286195,
                -0.1354845762252808,
                0,
                -0.6547059248161714,
                0.7543102570343858,
                0.04874626565341156,
                0,
                0.13409793635923029,
                0.052440501449485394,
                0.9895795024712946,
                0,
                2.9133911132812216,
                2.0938758850097656,
                -8.305521011352536,
                1
            ],
            "name": "Cloth_R1C2"
        },
        "Cloth_R2C0": {
            "children": [
                "Cloth_R3C0"
            ],
            "matrix": [
                0.9809222221374512,
                0.18420183658599865,
                0.06214380636811245,
                0,
                -0.18624898905783038,
                0.9820777941299459,
                0.02888846006252524,
                0,
                -0.055708743068689004,
                -0.039911552255268955,
                0.9976493055895886,
                0,
                28.349525451660156,
                -0.00001525878903407829,
                -1.4210854715202004e-14,
                1
            ],
            "name": "Cloth_R2C0"
        },
        "Cloth_R2C1": {
            "children": [
                "Cloth_R3C1"
            ],
            "matrix": [
                0.862884879112244,
                0.505323112010956,
                0.008841409347951421,
                0,
                -0.5052973662762449,
                0.8629304993351025,
                -0.005120061337293071,
                0,
                -0.010216805557008123,
                -0.000049517342075609816,
                0.9999479650172369,
                0,
                21.190650939941406,
                -0.0000152587890625,
                0.00000858306884765625,
                1
            ],
            "name": "Cloth_R2C1"
        },
        "Cloth_R2C2": {
            "children": [
                "Cloth_R3C2"
            ],
            "matrix": [
                0.9852628707885741,
                0.15383371710777288,
                -0.07478106021881105,
                0,
                -0.15882132377102176,
                0.9850951322340126,
                -0.06605827050717097,
                0,
                0.06350447200809772,
                0.07696159173201497,
                0.9950097780314778,
                0,
                22.42408752441405,
                0.1714630126953125,
                -5.061767578125,
                1
            ],
            "name": "Cloth_R2C2"
        },
        "Cloth_R3C0": {
            "children": [
                "Cloth_R4C0"
            ],
            "matrix": [
                0.9979693889617922,
                -0.06097045540809615,
                -0.018415801227092805,
                0,
                0.05910318021817573,
                0.9942791120896233,
                -0.088971725890471,
                0,
                0.023735097457632096,
                0.08770264246253799,
                0.995863846984111,
                0,
                29.407180786132805,
                0,
                -0.000007629394538355427,
                1
            ],
            "name": "Cloth_R3C0"
        },
        "Cloth_R3C1": {
            "children": [
                "Cloth_R4C1"
            ],
            "matrix": [
                0.9488834738731384,
                0.29738897085189825,
                0.10573421418666841,
                0,
                -0.29381287631769754,
                0.9546422162451192,
                -0.0482897944737305,
                0,
                -0.11529923073823686,
                0.014755318674897135,
                0.9932212233315159,
                0,
                21.190719604492195,
                -0.00001525878909092171,
                0,
                1
            ],
            "name": "Cloth_R3C1"
        },
        "Cloth_R3C2": {
            "children": [
                "Cloth_R4C2"
            ],
            "matrix": [
                0.9607870578765874,
                0.2759929895401002,
                0.026762213557958648,
                0,
                -0.2760534898255397,
                0.9611413306275525,
                -0.0014815255964344687,
                0,
                -0.02613115295153262,
                -0.0059643701683111255,
                0.9996407008248517,
                0,
                25.02460479736329,
                -0.9598388671875,
                -5.9756011962890625,
                1
            ],
            "name": "Cloth_R3C2"
        },
        "Cloth_R4C0": {
            "children": [],
            "matrix": [
                0.9999278783798216,
                0.007998406887054388,
                -0.008959032595157596,
                0,
                -0.008488260110712464,
                0.9983923428233696,
                -0.05604396763679036,
                0,
                0.008496364563355507,
                0.056115955596788156,
                0.9983879333501938,
                0,
                21.19068908691405,
                0.000030517578125,
                -0.0000152587890625,
                1
            ],
            "name": "Cloth_R4C0"
        },
        "Cloth_R4C1": {
            "children": [],
            "matrix": [
                0.9887710809707643,
                -0.14878822863101968,
                -0.013910790905356383,
                0,
                0.14852301785009364,
                0.9887361503968143,
                -0.018477417572225943,
                0,
                0.016503325223547367,
                0.016203864624287245,
                0.999732258294492,
                0,
                21.190704345703125,
                -0.00001525878909092171,
                -0.00000762939453125,
                1
            ],
            "name": "Cloth_R4C1"
        },
        "Cloth_R4C2": {
            "children": [],
            "matrix": [
                0.9995682835578923,
                0.006599724292755155,
                0.028623506426811267,
                0,
                -0.006603647486964542,
                0.999978125264514,
                0.000042505562262318275,
                0,
                -0.028622604263751694,
                -0.00023150679454081446,
                0.9995901574480319,
                0,
                21.190746307373047,
                -0.000030517578125,
                0.000007629394524144573,
                1
            ],
            "name": "Cloth_R4C2"
        },
        "Index_0_L": {
            "children": [
                "Index_1_L"
            ],
            "matrix": [
                0.9586192965507505,
                -0.2409343719482423,
                -0.1516566276550293,
                0,
                0.2772947798262691,
                0.9108413799030526,
                0.305737584171472,
                0,
                0.06447243745143506,
                -0.3351395300495803,
                0.939959941272005,
                0,
                -5.301612854003906,
                -1.2667922973632955,
                8.921302795410156,
                1
            ],
            "name": "Index_0_L"
        },
        "Index_0_R1": {
            "children": [
                "Index_1_R1"
            ],
            "matrix": [
                0.9903154373168949,
                0.13883548974990856,
                -3.7252903026252504e-8,
                0,
                -9.085687811827281e-8,
                9.164073972098286e-7,
                0.9999999403953971,
                0,
                0.13883550441679432,
                -0.9903155419357434,
                9.201467035674371e-7,
                0,
                -12.14736938476561,
                1.6532135009765767,
                4.9177093505859375,
                1
            ],
            "name": "Index_0_R1"
        },
        "Index_1_L": {
            "children": [],
            "matrix": [
                1.0000000000000007,
                -2.9802322443206464e-8,
                6.332993505997475e-8,
                0,
                2.980232777227698e-8,
                1.0000001192092896,
                -2.9802322304428586e-8,
                0,
                -6.332993417179633e-8,
                2.9802320777871927e-8,
                0.9999999999999992,
                0,
                -6.862049102783217,
                0.0000152587890625,
                5.9730224609375,
                1
            ],
            "name": "Index_1_L"
        },
        "Index_1_R1": {
            "children": [
                "Index_2_R"
            ],
            "matrix": [
                1.0000001192092893,
                2.682209015170134e-7,
                2.9802322554228766e-8,
                0,
                -2.682208493920424e-7,
                0.9999998211860445,
                9.350478649139404e-7,
                0,
                -2.9802062762041004e-8,
                -9.350478728381573e-7,
                0.9999998211860416,
                0,
                -8.84811401367189,
                0.5665435791015625,
                -1.0192413330078125,
                1
            ],
            "name": "Index_1_R1"
        },
        "Index_2_R": {
            "children": [],
            "matrix": [
                0.9999999403953553,
                -7.450580599699386e-8,
                -8.940696721859709e-8,
                0,
                7.450580906398496e-8,
                0.9999999999999996,
                -1.490116127017549e-8,
                0,
                8.940697360237948e-8,
                1.4901154490876145e-8,
                1.0000000000000129,
                0,
                -4.637504577636733,
                0.000015258789069605427,
                1.43231201171875,
                1
            ],
            "name": "Index_2_R"
        },
        "Mid_0_R": {
            "children": [
                "Mid_1_R"
            ],
            "matrix": [
                0.9977021813392639,
                0.06775307655334467,
                7.450580610801616e-9,
                0,
                -3.393545007501775e-8,
                3.897519254905668e-7,
                1.0000000000001021,
                0,
                0.06775305988964225,
                -0.9977019359569098,
                3.9115548126217314e-7,
                0,
                -11.460845947265625,
                1.0265045166015767,
