{
    "accessors": {
        "attrbute_1": {
            "bufferView": "bufferView_37",
            "byteOffset": 0,
            "byteStride": 12,
            "count": 3439,
            "max": [
                57.35940933227539,
                26.81309700012207,
                187.035888671875,
                0
            ],
            "min": [
                -56.67964172363281,
                -25.17677879333496,
                -0.3950299620628357,
                0
            ],
            "type": 35665
        },
        "attrbute_10": {
            "bufferView": "bufferView_37",
            "byteOffset": 214084,
            "byteStride": 16,
            "count": 242,
            "max": [
                9,
                9,
                10,
                -1
            ],
            "min": [
                0,
                -1,
                -1,
                -1
            ],
            "type": 35666
        },
        "attrbute_11": {
            "bufferView": "bufferView_37",
            "byteOffset": 217956,
            "byteStride": 12,
            "count": 242,
            "max": [
                1,
                0.9992344975471497,
                0.9737650156021118
            ],
            "min": [
                0.00022627566067967564,
                0,
                0
            ],
            "type": 35665
        },
        "attrbute_13": {
            "bufferView": "bufferView_37",
            "byteOffset": 220860,
            "byteStride": 12,
            "count": 451,
            "max": [
                -31.148006439208984,
                27.160104751586914,
                131.36880493164062,
                0
            ],
            "min": [
                -66.2142105102539,
                -25.782438278198242,
                65.48139953613281,
                0
            ],
            "type": 35665
        },
        "attrbute_14": {
            "bufferView": "bufferView_37",
            "byteOffset": 226272,
            "byteStride": 12,
            "count": 451,
            "max": [
                0.9966605305671692,
                0.9951934814453125,
                0.9919265508651733,
                0
            ],
            "min": [
                -0.9988173246383667,
                -0.9994093775749207,
                -0.9956105947494507,
                0
            ],
            "type": 35665
        },
        "attrbute_15": {
            "bufferView": "bufferView_37",
            "byteOffset": 231684,
            "byteStride": 8,
            "count": 451,
            "max": [
                0.9958951473236084,
                0.9911187887191772
            ],
            "min": [
                0.004645884037017822,
                0.01669377088546753
            ],
            "type": 35664
        },
        "attrbute_16": {
            "bufferView": "bufferView_37",
            "byteOffset": 235292,
            "byteStride": 16,
            "count": 451,
            "max": [
                7,
                8,
                8,
                -1
            ],
            "min": [
                0,
                -1,
                -1,
                -1
            ],
            "type": 35666
        },
        "attrbute_17": {
            "bufferView": "bufferView_37",
            "byteOffset": 242508,
            "byteStride": 12,
            "count": 451,
            "max": [
                1,
                0.9698377251625061,
                0.8976936936378479
            ],
            "min": [
                0.00013117898197378963,
                0,
                0
            ],
            "type": 35665
        },
        "attrbute_19": {
            "bufferView": "bufferView_37",
            "byteOffset": 247920,
            "byteStride": 12,
            "count": 440,
            "max": [
                13.188523292541504,
                6.859701633453369,
                199.17169189453125,
                0
            ],
            "min": [
                -13.188538551330566,
                -18.791404724121094,
                160.64956665039062,
                0
            ],
            "type": 35665
        },
        "attrbute_2": {
            "bufferView": "bufferView_37",
            "byteOffset": 41268,
            "byteStride": 12,
            "count": 3439,
            "max": [
                0.9965972900390625,
                0.9995834827423096,
                0.9996576905250549,
                0
            ],
            "min": [
                -0.9987586140632629,
                -0.9995795488357544,
                -0.9999376535415649,
                0
            ],
            "type": 35665
        },
        "attrbute_20": {
            "bufferView": "bufferView_37",
            "byteOffset": 253200,
            "byteStride": 12,
            "count": 440,
            "max": [
                0.9689056873321533,
                0.9932029843330383,
                0.9958269000053406,
                0
            ],
            "min": [
                -0.968905508518219,
                -0.9975939989089966,
                -0.9346009492874146,
                0
            ],
            "type": 35665
        },
        "attrbute_21": {
            "bufferView": "bufferView_37",
            "byteOffset": 258480,
            "byteStride": 8,
            "count": 440,
            "max": [
                0.9945408701896667,
                0.9930711984634399
            ],
            "min": [
                0.005459129810333252,
                0.006928801536560059
            ],
            "type": 35664
        },
        "attrbute_22": {
            "bufferView": "bufferView_37",
            "byteOffset": 262000,
            "byteStride": 16,
            "count": 440,
            "max": [
                2,
                -1,
                -1,
                -1
            ],
            "min": [
                0,
                -1,
                -1,
                -1
            ],
            "type": 35666
        },
        "attrbute_23": {
            "bufferView": "bufferView_37",
            "byteOffset": 269040,
            "byteStride": 12,
            "count": 440,
            "max": [
                1,
                0,
                0
            ],
            "min": [
                1,
                0,
                0
            ],
            "type": 35665
        },
        "attrbute_25": {
            "bufferView": "bufferView_37",
            "byteOffset": 274320,
            "byteStride": 12,
            "count": 188,
            "max": [
                -13.783903121948242,
                30.935501098632812,
                183.65289306640625,
                0
            ],
            "min": [
                -45.75550079345703,
                -12.30219841003418,
                131.7386016845703,
                0
            ],
            "type": 35665
        },
        "attrbute_26": {
            "bufferView": "bufferView_37",
            "byteOffset": 276576,
            "byteStride": 12,
            "count": 188,
            "max": [
                0.9380431771278381,
                0.9916238188743591,
                0.8833499550819397,
                0
            ],
            "min": [
                -0.971802830696106,
                -0.9589232802391052,
                -0.995863676071167,
                0
            ],
            "type": 35665
        },
        "attrbute_27": {
            "bufferView": "bufferView_37",
            "byteOffset": 278832,
            "byteStride": 8,
            "count": 188,
            "max": [
                0.992144763469696,
                0.9919372200965881
            ],
            "min": [
                0.007855236530303955,
                0.00806272029876709
            ],
            "type": 35664
        },
        "attrbute_28": {
            "bufferView": "bufferView_37",
            "byteOffset": 280336,
            "byteStride": 16,
            "count": 188,
            "max": [
                0,
                -1,
                -1,
                -1
            ],
            "min": [
                0,
                -1,
                -1,
                -1
            ],
            "type": 35666
        },
        "attrbute_29": {
            "bufferView": "bufferView_37",
            "byteOffset": 283344,
            "byteStride": 12,
            "count": 188,
            "max": [
                1,
                0,
                0
            ],
            "min": [
                1,
                0,
                0
            ],
            "type": 35665
        },
        "attrbute_3": {
            "bufferView": "bufferView_37",
            "byteOffset": 82536,
            "byteStride": 8,
            "count": 3439,
            "max": [
                0.9761857390403748,
                0.9966868758201599
            ],
            "min": [
                0.004530102014541626,
                -0.009598851203918457
            ],
            "type": 35664
        },
        "attrbute_31": {
            "bufferView": "bufferView_37",
            "byteOffset": 285600,
            "byteStride": 12,
            "count": 289,
            "max": [
                -40.920352935791016,
                16.511775970458984,
                57.7589111328125,
                0
            ],
            "min": [
                -92.3568115234375,
                -152.6830596923828,
                46.45663833618164,
                0
            ],
            "type": 35665
        },
        "attrbute_32": {
            "bufferView": "bufferView_37",
            "byteOffset": 289068,
            "byteStride": 12,
            "count": 289,
            "max": [
                0.9998529553413391,
                0.9481128454208374,
                0.9998925924301147,
                0
            ],
            "min": [
                -0.9998493790626526,
                -0.9999998807907104,
                -0.9998987317085266,
                0
            ],
            "type": 35665
        },
        "attrbute_33": {
            "bufferView": "bufferView_37",
            "byteOffset": 292536,
            "byteStride": 8,
            "count": 289,
            "max": [
                0.9956008791923523,
                0.9916729927062988
            ],
            "min": [
                0.012291969731450081,
                0.003400444984436035
            ],
            "type": 35664
        },
        "attrbute_34": {
            "bufferView": "bufferView_37",
            "byteOffset": 294848,
            "byteStride": 16,
            "count": 289,
            "max": [
                0,
                -1,
                -1,
                -1
            ],
            "min": [
                0,
                -1,
                -1,
                -1
            ],
            "type": 35666
        },
        "attrbute_35": {
            "bufferView": "bufferView_37",
            "byteOffset": 299472,
            "byteStride": 12,
            "count": 289,
            "max": [
                1,
                0,
                0
            ],
            "min": [
                1,
                0,
                0
            ],
            "type": 35665
        },
        "attrbute_4": {
            "bufferView": "bufferView_37",
            "byteOffset": 110048,
            "byteStride": 16,
            "count": 3439,
            "max": [
                38,
                38,
                35,
                -1
            ],
            "min": [
                0,
                -1,
                -1,
                -1
            ],
            "type": 35666
        },
        "attrbute_5": {
            "bufferView": "bufferView_37",
            "byteOffset": 165072,
            "byteStride": 12,
            "count": 3439,
            "max": [
                1,
                0.999876081943512,
                0.9992377758026123
            ],
            "min": [
                0.00012209595297463238,
                0,
                0
            ],
            "type": 35665
        },
        "attrbute_7": {
            "bufferView": "bufferView_37",
            "byteOffset": 206340,
            "byteStride": 12,
            "count": 242,
            "max": [
                56.06729507446289,
                34.4720573425293,
                172.27859497070312,
                0
            ],
            "min": [
                -19.017261505126953,
                -18.613611221313477,
                52.74524688720703,
                0
            ],
            "type": 35665
        },
        "attrbute_8": {
            "bufferView": "bufferView_37",
            "byteOffset": 209244,
            "byteStride": 12,
            "count": 242,
            "max": [
                0.9791146516799927,
                0.9999041557312012,
                0.997890055179596,
                0
            ],
            "min": [
                -0.979114830493927,
                -0.9999041557312012,
                -0.9978901147842407,
                0
            ],
            "type": 35665
        },
        "attrbute_9": {
            "bufferView": "bufferView_37",
            "byteOffset": 212148,
            "byteStride": 8,
            "count": 242,
            "max": [
                0.9896988868713379,
                0.9978610873222351
            ],
            "min": [
                0.007690968457609415,
                0.0021389126777648926
            ],
            "type": 35664
        },
        "indices_12": {
            "bufferView": "bufferView_39",
            "byteOffset": 28050,
            "count": 1146,
            "type": 5123
        },
        "indices_18": {
            "bufferView": "bufferView_39",
            "byteOffset": 30342,
            "count": 1950,
            "type": 5123
        },
        "indices_24": {
            "bufferView": "bufferView_39",
            "byteOffset": 34242,
            "count": 1704,
            "type": 5123
        },
        "indices_30": {
            "bufferView": "bufferView_39",
            "byteOffset": 37650,
            "count": 726,
            "type": 5123
        },
        "indices_36": {
            "bufferView": "bufferView_39",
            "byteOffset": 39102,
            "count": 810,
            "type": 5123
        },
        "indices_6": {
            "bufferView": "bufferView_39",
            "byteOffset": 0,
            "count": 14025,
            "type": 5123
        }
    },
    "animations": {},
    "asset": {},
    "bufferViews": {
        "bufferView_37": {
            "buffer": "skeleton_king.bin",
            "byteLength": 302940,
            "byteOffset": 0,
            "target": 34962
        },
        "bufferView_38": {
            "buffer": "skeleton_king.bin",
            "byteLength": 6080,
            "byteOffset": 302940
        },
        "bufferView_39": {
            "buffer": "skeleton_king.bin",
            "byteLength": 40722,
            "byteOffset": 309020,
            "target": 34963
        }
    },
    "buffers": {
        "skeleton_king.bin": {
            "byteLength": 349742,
            "path": "skeleton_king.bin"
        }
    },
    "cameras": {},
    "images": {
        "image_0": {
            "path": "textures/skeleton_king.png"
        },
        "image_1": {
            "path": "textures/skeleton_king_cloak.png"
        },
        "image_2": {
            "path": "textures/skeleton_king_gauntlet_color.png"
        },
        "image_3": {
            "path": "textures/skeleton_king_head_color.png"
        },
        "image_4": {
            "path": "textures/skeleton_king_shoulder_color.png"
        },
        "image_5": {
            "path": "textures/skeleton_king_sword.png"
        }
    },
    "lights": {},
    "materials": {
        "Material #35": {
            "instanceTechnique": {
                "technique": "technique_0",
                "values": {
                    "ambient": [
                        0.5879999995231628,
                        0.5879999995231628,
                        0.5879999995231628
                    ],
                    "diffuse": "Map #7",
                    "emission": [
                        0,
                        0,
                        0
                    ],
                    "shininess": 2,
                    "specular": [
                        0.8999999761581421,
                        0.8999999761581421,
                        0.8999999761581421
                    ],
                    "transparency": 1
                }
            },
            "name": "Material #35"
        },
        "Material #46": {
            "instanceTechnique": {
                "technique": "technique_0",
                "values": {
                    "ambient": [
                        0.5879999995231628,
                        0.5879999995231628,
                        0.5879999995231628
                    ],
                    "diffuse": "Map #8",
                    "emission": [
                        0,
                        0,
                        0
                    ],
                    "shininess": 2,
                    "specular": [
                        0.8999999761581421,
                        0.8999999761581421,
                        0.8999999761581421
                    ],
                    "transparency": 1
                }
            },
            "name": "Material #46"
        },
        "Material #57": {
            "instanceTechnique": {
                "technique": "technique_0",
                "values": {
                    "ambient": [
                        0.5879999995231628,
                        0.5879999995231628,
                        0.5879999995231628
                    ],
                    "diffuse": "Map #9",
                    "emission": [
                        0,
                        0,
                        0
                    ],
                    "shininess": 2,
                    "specular": [
                        0.8999999761581421,
                        0.8999999761581421,
                        0.8999999761581421
                    ],
                    "transparency": 1
                }
            },
            "name": "Material #57"
        },
        "Material #68": {
            "instanceTechnique": {
                "technique": "technique_0",
                "values": {
                    "ambient": [
                        0.5879999995231628,
                        0.5879999995231628,
                        0.5879999995231628
                    ],
                    "diffuse": "Map #10",
                    "emission": [
                        0,
                        0,
                        0
                    ],
                    "shininess": 2,
                    "specular": [
                        0.8999999761581421,
                        0.8999999761581421,
                        0.8999999761581421
                    ],
                    "transparency": 1
                }
            },
            "name": "Material #68"
        },
        "Material #79": {
            "instanceTechnique": {
                "technique": "technique_0",
                "values": {
                    "ambient": [
                        0.5879999995231628,
                        0.5879999995231628,
                        0.5879999995231628
                    ],
                    "diffuse": "Map #11",
                    "emission": [
                        0,
                        0,
                        0
                    ],
                    "shininess": 2,
                    "specular": [
                        0.8999999761581421,
                        0.8999999761581421,
                        0.8999999761581421
                    ],
                    "transparency": 1
                }
            },
            "name": "Material #79"
        },
        "Material #90": {
            "instanceTechnique": {
                "technique": "technique_0",
                "values": {
                    "ambient": [
                        0.5879999995231628,
                        0.5879999995231628,
                        0.5879999995231628
                    ],
                    "diffuse": "Map #12",
                    "emission": [
                        0,
                        0,
                        0
                    ],
                    "shininess": 2,
                    "specular": [
                        0.8999999761581421,
                        0.8999999761581421,
                        0.8999999761581421
                    ],
                    "transparency": 1
                }
            },
            "name": "Material #90"
        }
    },
    "meshes": {
        "skeleton_king_cape_model_LOD0-mesh": {
            "name": "skeleton_king_cape_model_LOD0-mesh",
            "primitives": [
                {
                    "attributes": {
                        "JOINT": "attrbute_10",
                        "NORMAL": "attrbute_8",
                        "POSITION": "attrbute_7",
                        "TEXCOORD_0": "attrbute_9",
                        "WEIGHT": "attrbute_11"
                    },
                    "indices": "indices_12",
                    "material": "Material #46"
                }
            ]
        },
        "skeleton_king_gauntlet_model_LOD0-mesh": {
            "name": "skeleton_king_gauntlet_model_LOD0-mesh",
            "primitives": [
                {
                    "attributes": {
                        "JOINT": "attrbute_16",
                        "NORMAL": "attrbute_14",
                        "POSITION": "attrbute_13",
                        "TEXCOORD_0": "attrbute_15",
                        "WEIGHT": "attrbute_17"
                    },
                    "indices": "indices_18",
                    "material": "Material #57"
                }
            ]
        },
        "skeleton_king_head_model_LOD0-mesh": {
            "name": "skeleton_king_head_model_LOD0-mesh",
            "primitives": [
                {
                    "attributes": {
                        "JOINT": "attrbute_22",
                        "NORMAL": "attrbute_20",
                        "POSITION": "attrbute_19",
                        "TEXCOORD_0": "attrbute_21",
                        "WEIGHT": "attrbute_23"
                    },
                    "indices": "indices_24",
                    "material": "Material #68"
                }
            ]
        },
        "skeleton_king_model_LOD0-mesh": {
            "name": "skeleton_king_model_LOD0-mesh",
            "primitives": [
                {
                    "attributes": {
                        "JOINT": "attrbute_4",
                        "NORMAL": "attrbute_2",
                        "POSITION": "attrbute_1",
                        "TEXCOORD_0": "attrbute_3",
                        "WEIGHT": "attrbute_5"
                    },
                    "indices": "indices_6",
                    "material": "Material #35"
                }
            ]
        },
        "skeleton_king_shoulder_model_LOD0-mesh": {
            "name": "skeleton_king_shoulder_model_LOD0-mesh",
            "primitives": [
                {
                    "attributes": {
                        "JOINT": "attrbute_28",
                        "NORMAL": "attrbute_26",
                        "POSITION": "attrbute_25",
                        "TEXCOORD_0": "attrbute_27",
                        "WEIGHT": "attrbute_29"
                    },
                    "indices": "indices_30",
                    "material": "Material #79"
                }
            ]
        },
        "skeleton_king_weapon_model_LOD0-mesh": {
            "name": "skeleton_king_weapon_model_LOD0-mesh",
            "primitives": [
                {
                    "attributes": {
                        "JOINT": "attrbute_34",
                        "NORMAL": "attrbute_32",
                        "POSITION": "attrbute_31",
                        "TEXCOORD_0": "attrbute_33",
                        "WEIGHT": "attrbute_35"
                    },
                    "indices": "indices_36",
                    "material": "Material #90"
                }
            ]
        }
    },
    "nodes": {
        "Cloak2_0": {
            "children": [
                "Cloak2_1"
            ],
            "jointId": "Cloak2_0",
            "matrix": [
                -0.9767939448356632,
                0.1721404641866685,
                -0.1274419128894806,
                0,
                0.17069372101442468,
                0.9850723802595124,
                0.02227072414898764,
                0,
                0.12937320246993256,
                3.741715383753886e-7,
                -0.991596041846584,
                0,
                -7.275772094726534,
                0.5057709217071533,
                19.81364059448243,
                1
            ],
            "name": "Cloak2_0"
        },
        "Cloak2_1": {
            "children": [],
            "jointId": "Cloak2_1",
            "matrix": [
                0.9984977245330813,
                -0.04664896428585051,
                0.028745487332344076,
                0,
                0.04677275128361466,
                0.9988989839054105,
                -0.003648666667307415,
                0,
                -0.028543623110051854,
                0.004987689416632206,
                0.9995799667119079,
                0,
                42.402870178222656,
                0.0000133514404296875,
                0.000003814697265625,
                1
            ],
            "name": "Cloak2_1"
        },
        "Cloak3_0": {
            "children": [],
            "jointId": "Cloak3_0",
            "matrix": [
                -0.0022555149625750623,
                0.0004350897215726864,
                0.9999974370002745,
                0,
                0.1894790152309399,
                0.9818848381912442,
                1.647535045655808e-7,
                0,
                -0.9818823960714337,
                0.18947854434883232,
                -0.0022970964903905773,
                0,
                34.16393280029298,
                -0.000003814697265625,
                -0.0000095367431640625,
                1
            ],
            "name": "Cloak3_0"
        },
        "Cloak4_0": {
            "children": [
                "Cloak4_1"
            ],
            "jointId": "Cloak4_0",
            "matrix": [
                0.6126151084899901,
                -0.024346500635147136,
                -0.7900064587593076,
                0,
                0.7418987051395708,
                0.3623962760054732,
                0.564141304963057,
                0,
                0.27256038849317027,
                -0.9317057648732225,
                0.24007194480527283,
                0,
                26.684923171997067,
                3.299610137939453,
                -0.3701324462890909,
                1
            ],
            "name": "Cloak4_0"
        },
        "Cloak4_1": {
            "children": [],
            "jointId": "Cloak4_1",
            "matrix": [
                0.9969458580017094,
                0.04643350839614879,
                0.06279435008764267,
                0,
                -0.04465018889242611,
                0.9985668066821599,
                -0.02951124303869528,
                0,
                -0.06407466383651453,
                0.02661733176973577,
                0.9975903011818812,
                0,
                32.46697235107425,
                0,
                -0.0000026226043705612767,
                1
            ],
            "name": "Cloak4_1"
        },
        "Head_0": {
            "children": [
                "Head_1"
            ],
            "jointId": "Head_0",
            "matrix": [
                0.9827196002006532,
                -3.552713665565611e-15,
                -0.1851007640361787,
                0,
                4.78623933587958e-15,
                1,
                6.217248954444489e-15,
                0,
                0.18510076403617873,
                -6.995748953973005e-15,
                0.9827196002006533,
                0,
                9.031326293945341,
                -4.76837158203125e-7,
                0.000015258789069605427,
                1
            ],
            "name": "Head_0"
        },
        "Head_1": {
            "children": [
                "jaw_M",
                "jaw_R",
                "jaw_L"
            ],
            "jointId": "Head_1",
            "matrix": [
                0.39180919528007524,
                -6.8059436507517715e-15,
                -0.920046627521515,
                0,
                4.3871243665228444e-7,
                0.9999999999999998,
                1.868291832352044e-7,
                0,
                0.9200466275215147,
                -4.768372897318996e-7,
                0.39180919528007513,
                0,
                12.009521484375,
                -6.456432402046626e-7,
                -0.000015258789076710855,
                1
            ],
            "name": "Head_1"
        },
        "Root_0": {
            "children": [
                "thigh_L",
                "Spine_0",
                "thigh_R"
            ],
            "jointId": "Root_0",
            "matrix": [
                -1.629206851037603e-7,
                -1.0000000000000002,
                0,
                0,
                1.0000000000000002,
                -1.629206851037603e-7,
                0,
                0,
                0,
                0,
                1,
                0,
                0,
                9.034344673156738,
                101.46045684814453,
                1
            ],
            "name": "Root_0"
        },
        "ShoulderPad6_0": {
            "children": [],
            "jointId": "ShoulderPad6_0",
            "matrix": [
                -0.281446009874344,
                0.9364109635353093,
                -0.20957778394222268,
                0,
                0.92015039721149,
                0.32532904223758546,
                0.21790966231821737,
                0,
                0.272234664170661,
                -0.13151324118890484,
                -0.9532012273530954,
                0,
                -8.865596771240238,
                -4.422157287597656,
                -7.8526458740234375,
                1
            ],
            "name": "ShoulderPad6_0"
        },
        "Spine_0": {
            "children": [
                "Spine_1"
            ],
            "jointId": "Spine_0",
            "matrix": [
                -0.12538880109787043,
                1.53557014820956e-17,
                0.992107689380646,
                0,
                -2.365369056000509e-7,
                1,
                -2.989501980622873e-8,
                0,
                -0.9921076893806461,
                -2.3841858356041456e-7,
                -0.12538880109787037,
                0,
                -1.0334844589233416,
                9.536743164062498e-7,
                5.45782470703125,
                1
            ],
            "name": "Spine_0"
        },
        "Spine_1": {
            "children": [
                "Spine_2"
            ],
            "jointId": "Spine_1",
            "matrix": [
                0.9893390536308287,
                -1.3234889800848443e-23,
                -0.14563085138797763,
                0,
                -4.860953883394155e-7,
                0.9999999999999998,
                -0.0000033022752177203074,
                0,
                0.14563085138797763,
                0.0000033378603239875866,
                0.9893390536308291,
                0,
                17.587127685546875,
                -2.2737367544323206e-13,
                -0.000023841857908379893,
                1
            ],
            "name": "Spine_1"
        },
        "Spine_2": {
            "children": [
                "Spine_3"
            ],
            "jointId": "Spine_2",
            "matrix": [
                0.9884795546531676,
                5.124474000695046e-7,
                -0.1513555943965912,
                0,
                -7.532004801405736e-9,
                1,
                0.0000033365279250565887,
                0,
                0.15135559439826124,
                -0.0000032969496263832167,
                0.9884795546529119,
                0,
                16.394065856933594,
                -2.7829810278490186e-7,
                0.000007629394529473643,
                1
            ],
            "name": "Spine_2"
        },
        "Spine_3": {
            "children": [
                "clavicle_L",
                "cape1_0",
                "Head_0",
                "clavicle_R",
                "Cloak2_0"
            ],
            "jointId": "Spine_3",
            "matrix": [
                0.9990296959877014,
                -6.617444900424222e-24,
                -0.04403850436210638,
                0,
                -3.7194436309031476e-16,
                1,
                -8.437694975570661e-15,
                0,
                0.04403850436210638,
                8.445887739625578e-15,
                0.9990296959877019,
                0,
                15.520431518554716,
                6.683692390652141e-7,
                -0.0000038146972585195726,
                1
            ],
            "name": "Spine_3"
        },
        "ankle_L": {
            "children": [
                "toeBase_L"
            ],
            "jointId": "ankle_L",
            "matrix": [
                0.15883681178092995,
                -0.05120962858200086,
                0.9859757423400877,
                0,
                0.11644189972411426,
                0.9926558973148316,
                0.03279825082164949,
                0,
                -0.9804140774941078,
                0.10959930283079528,
                0.1636332203287282,
                0,
                42.47548294067382,
                0.000019073486328125,
                -0.0000019073486310361432,
                1
            ],
            "name": "ankle_L"
        },
        "ankle_R": {
            "children": [
                "toeBase_R"
            ],
            "jointId": "ankle_R",
            "matrix": [
                0.1381665766239168,
                -0.08793590962886816,
                0.9864977598190307,
                0,
                0.16381640222563304,
                0.9843602919666662,
                0.06480163340461292,
                0,
                -0.976767412564399,
                0.1526510625738901,
                0.15041100511195482,
                0,
                -42.47556304931641,
                -0.00000762939453125,
                -0.000014305114747870107,
                1
            ],
            "name": "ankle_R"
        },
        "bicep_L": {
            "children": [
                "elbow_L"
            ],
            "jointId": "bicep_L",
            "matrix": [
                0.626143217086792,
                0.263315737247467,
                -0.7339001297950741,
                0,
                -0.7329254464861056,
                -0.12236303917296486,
                -0.6692142307651486,
                0,
                -0.26601688579889315,
                0.9569180205887516,
                0.11637401594006172,
                0,
                17.160491943359375,
                0.000011444091796875,
                -0.000030517578125,
                1
            ],
            "name": "bicep_L"
        },
        "bicep_R": {
            "children": [
                "elbow_R"
            ],
            "jointId": "bicep_R",
            "matrix": [
                0.6017075777053833,
                0.2566809356212616,
                -0.7563487887382506,
                0,
                -0.7324148937789331,
                -0.20043416050956062,
                -0.6506881835325327,
                0,
                -0.3186172573305128,
                0.9454847458953293,
                0.06739415971512652,
                0,
                -17.160509109497074,
                7.105427357601002e-15,
                0,
                1
            ],
            "name": "bicep_R"
        },
        "cape1_0": {
            "children": [
                "cape1_1"
            ],
            "jointId": "cape1_0",
            "matrix": [
                -0.9564497470855718,
                0.2906652390956879,
                -0.02679203450679779,
                0,
                0.29055123034962865,
                0.9568247968178855,
                0.008138895028461414,
                0,
                0.02800097856036185,
                -1.4497992755892043e-8,
                -0.9996080390787075,
                0,
                -3.5979614257812784,
                18.95348930358887,
                10.282772064208984,
                1
            ],
            "name": "cape1_0"
        },
        "cape1_1": {
            "children": [
                "Cloak3_0"
            ],
            "jointId": "cape1_1",
            "matrix": [
                0.9783403873443605,
                -0.09917818009853371,
                0.18169717490673068,
                0,
                0.10723836664000308,
                0.9936151730298305,
                -0.03506207832146613,
                0,
                -0.17705963255881935,
                0.05378754211699864,
                0.9827293139336984,
                0,
                45.711761474609375,
                -0.00000762939453125,
                0.000003814697272730427,
                1
            ],
            "name": "cape1_1"
        },
        "clavicle_L": {
            "children": [
                "bicep_L",
                "Cloak4_0"
            ],
            "jointId": "clavicle_L",
            "matrix": [
                -0.2054471969604491,
                0.9201502203941343,
                -0.33333924412727356,
                0,
                -0.07263784251720962,
                0.32532880322935065,
                0.9428071151756372,
                0,
                0.9759688318156999,
                0.21791007787060587,
                -1.6391276913552133e-7,
                0,
                3.9320831298828125,
                8.840166091918945,
                2.9020156860351562,
                1
            ],
            "name": "clavicle_L"
        },
        "clavicle_R": {
            "children": [
                "bicep_R",
                "ShoulderPad6_0"
            ],
            "jointId": "clavicle_R",
            "matrix": [
                0.20544715225696572,
                0.9201501607894895,
                0.33333939313888555,
                0,
                0.07263724909344779,
                0.3253290238210802,
                -0.9428068689785521,
                0,
                -0.9759690001203023,
                0.21790987161982697,
                7.450580354895209e-7,
                0,
                3.9320678710937784,
                -8.840164184570314,
                2.902008056640625,
                1
            ],
            "name": "clavicle_R"
        },
        "elbow_L": {
            "children": [
                "wrist_L"
            ],
            "jointId": "elbow_L",
            "matrix": [
                0.6735732555389403,
