{
    "animations": {},
    "asset": {},
    "attributes": {
        "attribute_1": {
            "bufferView": "bufferView_37",
            "byteOffset": 0,
            "byteStride": 12,
            "count": 2377,
            "max": [
                1,
                1,
                1
            ],
            "min": [
                0,
                0,
                0
            ],
            "type": "FLOAT_VEC3"
        },
        "attribute_10": {
            "bufferView": "bufferView_37",
            "byteOffset": 150108,
            "byteStride": 16,
            "count": 234,
            "max": [
                1,
                1,
                1
            ],
            "min": [
                0,
                0,
                0
            ],
            "type": "FLOAT_VEC4"
        },
        "attribute_11": {
            "bufferView": "bufferView_37",
            "byteOffset": 153852,
            "byteStride": 12,
            "count": 234,
            "max": [
                1,
                1,
                1
            ],
            "min": [
                0,
                0,
                0
            ],
            "type": "FLOAT_VEC3"
        },
        "attribute_13": {
            "bufferView": "bufferView_37",
            "byteOffset": 156660,
            "byteStride": 12,
            "count": 327,
            "max": [
                1,
                1,
                1
            ],
            "min": [
                0,
                0,
                0
            ],
            "type": "FLOAT_VEC3"
        },
        "attribute_14": {
            "bufferView": "bufferView_37",
            "byteOffset": 160584,
            "byteStride": 12,
            "count": 327,
            "max": [
                1,
                1,
                1
            ],
            "min": [
                0,
                0,
                0
            ],
            "type": "FLOAT_VEC3"
        },
        "attribute_15": {
            "bufferView": "bufferView_37",
            "byteOffset": 164508,
            "byteStride": 8,
            "count": 327,
            "max": [
                1,
                1,
                1
            ],
            "min": [
                0,
                0,
                0
            ],
            "type": "FLOAT_VEC2"
        },
        "attribute_16": {
            "bufferView": "bufferView_37",
            "byteOffset": 167124,
            "byteStride": 16,
            "count": 327,
            "max": [
                1,
                1,
                1
            ],
            "min": [
                0,
                0,
                0
            ],
            "type": "FLOAT_VEC4"
        },
        "attribute_17": {
            "bufferView": "bufferView_37",
            "byteOffset": 172356,
            "byteStride": 12,
            "count": 327,
            "max": [
                1,
                1,
                1
            ],
            "min": [
                0,
                0,
                0
            ],
            "type": "FLOAT_VEC3"
        },
        "attribute_19": {
            "bufferView": "bufferView_37",
            "byteOffset": 176280,
            "byteStride": 12,
            "count": 300,
            "max": [
                1,
                1,
                1
            ],
            "min": [
                0,
                0,
                0
            ],
            "type": "FLOAT_VEC3"
        },
        "attribute_2": {
            "bufferView": "bufferView_37",
            "byteOffset": 28524,
            "byteStride": 12,
            "count": 2377,
            "max": [
                1,
                1,
                1
            ],
            "min": [
                0,
                0,
                0
            ],
            "type": "FLOAT_VEC3"
        },
        "attribute_20": {
            "bufferView": "bufferView_37",
            "byteOffset": 179880,
            "byteStride": 12,
            "count": 300,
            "max": [
                1,
                1,
                1
            ],
            "min": [
                0,
                0,
                0
            ],
            "type": "FLOAT_VEC3"
        },
        "attribute_21": {
            "bufferView": "bufferView_37",
            "byteOffset": 183480,
            "byteStride": 8,
            "count": 300,
            "max": [
                1,
                1,
                1
            ],
            "min": [
                0,
                0,
                0
            ],
            "type": "FLOAT_VEC2"
        },
        "attribute_22": {
            "bufferView": "bufferView_37",
            "byteOffset": 185880,
            "byteStride": 16,
            "count": 300,
            "max": [
                1,
                1,
                1
            ],
            "min": [
                0,
                0,
                0
            ],
            "type": "FLOAT_VEC4"
        },
        "attribute_23": {
            "bufferView": "bufferView_37",
            "byteOffset": 190680,
            "byteStride": 12,
            "count": 300,
            "max": [
                1,
                1,
                1
            ],
            "min": [
                0,
                0,
                0
            ],
            "type": "FLOAT_VEC3"
        },
        "attribute_25": {
            "bufferView": "bufferView_37",
            "byteOffset": 194280,
            "byteStride": 12,
            "count": 123,
            "max": [
                1,
                1,
                1
            ],
            "min": [
                0,
                0,
                0
            ],
            "type": "FLOAT_VEC3"
        },
        "attribute_26": {
            "bufferView": "bufferView_37",
            "byteOffset": 195756,
            "byteStride": 12,
            "count": 123,
            "max": [
                1,
                1,
                1
            ],
            "min": [
                0,
                0,
                0
            ],
            "type": "FLOAT_VEC3"
        },
        "attribute_27": {
            "bufferView": "bufferView_37",
            "byteOffset": 197232,
            "byteStride": 8,
            "count": 123,
            "max": [
                1,
                1,
                1
            ],
            "min": [
                0,
                0,
                0
            ],
            "type": "FLOAT_VEC2"
        },
        "attribute_28": {
            "bufferView": "bufferView_37",
            "byteOffset": 198216,
            "byteStride": 16,
            "count": 123,
            "max": [
                1,
                1,
                1
            ],
            "min": [
                0,
                0,
                0
            ],
            "type": "FLOAT_VEC4"
        },
        "attribute_29": {
            "bufferView": "bufferView_37",
            "byteOffset": 200184,
            "byteStride": 12,
            "count": 123,
            "max": [
                1,
                1,
                1
            ],
            "min": [
                0,
                0,
                0
            ],
            "type": "FLOAT_VEC3"
        },
        "attribute_3": {
            "bufferView": "bufferView_37",
            "byteOffset": 57048,
            "byteStride": 8,
            "count": 2377,
            "max": [
                1,
                1,
                1
            ],
            "min": [
                0,
                0,
                0
            ],
            "type": "FLOAT_VEC2"
        },
        "attribute_31": {
            "bufferView": "bufferView_37",
            "byteOffset": 201660,
            "byteStride": 12,
            "count": 186,
            "max": [
                1,
                1,
                1
            ],
            "min": [
                0,
                0,
                0
            ],
            "type": "FLOAT_VEC3"
        },
        "attribute_32": {
            "bufferView": "bufferView_37",
            "byteOffset": 203892,
            "byteStride": 12,
            "count": 186,
            "max": [
                1,
                1,
                1
            ],
            "min": [
                0,
                0,
                0
            ],
            "type": "FLOAT_VEC3"
        },
        "attribute_33": {
            "bufferView": "bufferView_37",
            "byteOffset": 206124,
            "byteStride": 8,
            "count": 186,
            "max": [
                1,
                1,
                1
            ],
            "min": [
                0,
                0,
                0
            ],
            "type": "FLOAT_VEC2"
        },
        "attribute_34": {
            "bufferView": "bufferView_37",
            "byteOffset": 207612,
            "byteStride": 16,
            "count": 186,
            "max": [
                1,
                1,
                1
            ],
            "min": [
                0,
                0,
                0
            ],
            "type": "FLOAT_VEC4"
        },
        "attribute_35": {
            "bufferView": "bufferView_37",
            "byteOffset": 210588,
            "byteStride": 12,
            "count": 186,
            "max": [
                1,
                1,
                1
            ],
            "min": [
                0,
                0,
                0
            ],
            "type": "FLOAT_VEC3"
        },
        "attribute_4": {
            "bufferView": "bufferView_37",
            "byteOffset": 76064,
            "byteStride": 16,
            "count": 2377,
            "max": [
                1,
                1,
                1
            ],
            "min": [
                0,
                0,
                0
            ],
            "type": "FLOAT_VEC4"
        },
        "attribute_5": {
            "bufferView": "bufferView_37",
            "byteOffset": 114096,
            "byteStride": 12,
            "count": 2377,
            "max": [
                1,
                1,
                1
            ],
            "min": [
                0,
                0,
                0
            ],
            "type": "FLOAT_VEC3"
        },
        "attribute_7": {
            "bufferView": "bufferView_37",
            "byteOffset": 142620,
            "byteStride": 12,
            "count": 234,
            "max": [
                1,
                1,
                1
            ],
            "min": [
                0,
                0,
                0
            ],
            "type": "FLOAT_VEC3"
        },
        "attribute_8": {
            "bufferView": "bufferView_37",
            "byteOffset": 145428,
            "byteStride": 12,
            "count": 234,
            "max": [
                1,
                1,
                1
            ],
            "min": [
                0,
                0,
                0
            ],
            "type": "FLOAT_VEC3"
        },
        "attribute_9": {
            "bufferView": "bufferView_37",
            "byteOffset": 148236,
            "byteStride": 8,
            "count": 234,
            "max": [
                1,
                1,
                1
            ],
            "min": [
                0,
                0,
                0
            ],
            "type": "FLOAT_VEC2"
        }
    },
    "bufferViews": {
        "bufferView_37": {
            "buffer": "skeleton_king.bin",
            "byteLength": 212820,
            "byteOffset": 0,
            "target": "ARRAY_BUFFER"
        },
        "bufferView_38": {
            "buffer": "skeleton_king.bin",
            "byteLength": 40722,
            "byteOffset": 212820,
            "target": "ELEMENT_ARRAY_BUFFER"
        }
    },
    "buffers": {
        "skeleton_king.bin": {
            "byteLength": 253542,
            "path": "skeleton_king.bin"
        }
    },
    "cameras": {},
    "images": {
        "image_0": {
            "path": "textures/skeleton_king.png"
        },
        "image_1": {
            "path": "textures/skeleton_king_cloak.png"
        },
        "image_2": {
            "path": "textures/skeleton_king_gauntlet_color.png"
        },
        "image_3": {
            "path": "textures/skeleton_king_head_color.png"
        },
        "image_4": {
            "path": "textures/skeleton_king_shoulder_color.png"
        },
        "image_5": {
            "path": "textures/skeleton_king_sword.png"
        }
    },
    "indices": {
        "indices_12": {
            "bufferView": "bufferView_38",
            "byteOffset": 28050,
            "count": 1146,
            "type": "UNSIGNED_SHORT"
        },
        "indices_18": {
            "bufferView": "bufferView_38",
            "byteOffset": 30342,
            "count": 1950,
            "type": "UNSIGNED_SHORT"
        },
        "indices_24": {
            "bufferView": "bufferView_38",
            "byteOffset": 34242,
            "count": 1704,
            "type": "UNSIGNED_SHORT"
        },
        "indices_30": {
            "bufferView": "bufferView_38",
            "byteOffset": 37650,
            "count": 726,
            "type": "UNSIGNED_SHORT"
        },
        "indices_36": {
            "bufferView": "bufferView_38",
            "byteOffset": 39102,
            "count": 810,
            "type": "UNSIGNED_SHORT"
        },
        "indices_6": {
            "bufferView": "bufferView_38",
            "byteOffset": 0,
            "count": 14025,
            "type": "UNSIGNED_SHORT"
        }
    },
    "lights": {},
    "materials": {
        "Material #35": {
            "instanceTechnique": {
                "technique": "technique_0",
                "values": [
                    {
                        "parameter": "ambient",
                        "value": [
                            0.5879999995231628,
                            0.5879999995231628,
                            0.5879999995231628
                        ]
                    },
                    {
                        "parameter": "emission",
                        "value": [
                            0,
                            0,
                            0
                        ]
                    },
                    {
                        "parameter": "diffuse",
                        "value": "Map #7"
                    },
                    {
                        "parameter": "shininess",
                        "value": 2
                    },
                    {
                        "parameter": "specular",
                        "value": [
                            0.8999999761581421,
                            0.8999999761581421,
                            0.8999999761581421
                        ]
                    }
                ]
            },
            "name": "Material #35"
        },
        "Material #46": {
            "instanceTechnique": {
                "technique": "technique_0",
                "values": [
                    {
                        "parameter": "ambient",
                        "value": [
                            0.5879999995231628,
                            0.5879999995231628,
                            0.5879999995231628
                        ]
                    },
                    {
                        "parameter": "emission",
                        "value": [
                            0,
                            0,
                            0
                        ]
                    },
                    {
                        "parameter": "diffuse",
                        "value": "Map #8"
                    },
                    {
                        "parameter": "shininess",
                        "value": 2
                    },
                    {
                        "parameter": "specular",
                        "value": [
                            0.8999999761581421,
                            0.8999999761581421,
                            0.8999999761581421
                        ]
                    }
                ]
            },
            "name": "Material #46"
        },
        "Material #57": {
            "instanceTechnique": {
                "technique": "technique_0",
                "values": [
                    {
                        "parameter": "ambient",
                        "value": [
                            0.5879999995231628,
                            0.5879999995231628,
                            0.5879999995231628
                        ]
                    },
                    {
                        "parameter": "emission",
                        "value": [
                            0,
                            0,
                            0
                        ]
                    },
                    {
                        "parameter": "diffuse",
                        "value": "Map #9"
                    },
                    {
                        "parameter": "shininess",
                        "value": 2
                    },
                    {
                        "parameter": "specular",
                        "value": [
                            0.8999999761581421,
                            0.8999999761581421,
                            0.8999999761581421
                        ]
                    }
                ]
            },
            "name": "Material #57"
        },
        "Material #68": {
            "instanceTechnique": {
                "technique": "technique_0",
                "values": [
                    {
                        "parameter": "ambient",
                        "value": [
                            0.5879999995231628,
                            0.5879999995231628,
                            0.5879999995231628
                        ]
                    },
                    {
                        "parameter": "emission",
                        "value": [
                            0,
                            0,
                            0
                        ]
                    },
                    {
                        "parameter": "diffuse",
                        "value": "Map #10"
                    },
                    {
                        "parameter": "shininess",
                        "value": 2
                    },
                    {
                        "parameter": "specular",
                        "value": [
                            0.8999999761581421,
                            0.8999999761581421,
                            0.8999999761581421
                        ]
                    }
                ]
            },
            "name": "Material #68"
        },
        "Material #79": {
            "instanceTechnique": {
                "technique": "technique_0",
                "values": [
                    {
                        "parameter": "ambient",
                        "value": [
                            0.5879999995231628,
                            0.5879999995231628,
                            0.5879999995231628
                        ]
                    },
                    {
                        "parameter": "emission",
                        "value": [
                            0,
                            0,
                            0
                        ]
                    },
                    {
                        "parameter": "diffuse",
                        "value": "Map #11"
                    },
                    {
                        "parameter": "shininess",
                        "value": 2
                    },
                    {
                        "parameter": "specular",
                        "value": [
                            0.8999999761581421,
                            0.8999999761581421,
                            0.8999999761581421
                        ]
                    }
                ]
            },
            "name": "Material #79"
        },
        "Material #90": {
            "instanceTechnique": {
                "technique": "technique_0",
                "values": [
                    {
                        "parameter": "ambient",
                        "value": [
                            0.5879999995231628,
                            0.5879999995231628,
                            0.5879999995231628
                        ]
                    },
                    {
                        "parameter": "emission",
                        "value": [
                            0,
                            0,
                            0
                        ]
                    },
                    {
                        "parameter": "diffuse",
                        "value": "Map #12"
                    },
                    {
                        "parameter": "shininess",
                        "value": 2
                    },
                    {
                        "parameter": "specular",
                        "value": [
                            0.8999999761581421,
                            0.8999999761581421,
                            0.8999999761581421
                        ]
                    }
                ]
            },
            "name": "Material #90"
        }
    },
    "meshes": {
        "skeleton_king_cape_model_LOD0-mesh": {
            "name": "skeleton_king_cape_model_LOD0-mesh",
            "primitives": [
                {
                    "indices": "indices_12",
                    "material": "Material #46",
                    "semantics": {
                        "JOINT": "attribute_10",
                        "NORMAL": "attribute_8",
                        "POSITION": "attribute_7",
                        "TEXCOORD_0": "attribute_9",
                        "WEIGHT": "attribute_11"
                    },
                    "skin": "skin_1"
                }
            ]
        },
        "skeleton_king_gauntlet_model_LOD0-mesh": {
            "name": "skeleton_king_gauntlet_model_LOD0-mesh",
            "primitives": [
                {
                    "indices": "indices_18",
                    "material": "Material #57",
                    "semantics": {
                        "JOINT": "attribute_16",
                        "NORMAL": "attribute_14",
                        "POSITION": "attribute_13",
                        "TEXCOORD_0": "attribute_15",
                        "WEIGHT": "attribute_17"
                    },
                    "skin": "skin_2"
                }
            ]
        },
        "skeleton_king_head_model_LOD0-mesh": {
            "name": "skeleton_king_head_model_LOD0-mesh",
            "primitives": [
                {
                    "indices": "indices_24",
                    "material": "Material #68",
                    "semantics": {
                        "JOINT": "attribute_22",
                        "NORMAL": "attribute_20",
                        "POSITION": "attribute_19",
                        "TEXCOORD_0": "attribute_21",
                        "WEIGHT": "attribute_23"
                    },
                    "skin": "skin_3"
                }
            ]
        },
        "skeleton_king_model_LOD0-mesh": {
            "name": "skeleton_king_model_LOD0-mesh",
            "primitives": [
                {
                    "indices": "indices_6",
                    "material": "Material #35",
                    "semantics": {
                        "JOINT": "attribute_4",
                        "NORMAL": "attribute_2",
                        "POSITION": "attribute_1",
                        "TEXCOORD_0": "attribute_3",
                        "WEIGHT": "attribute_5"
                    },
                    "skin": "skin_0"
                }
            ]
        },
        "skeleton_king_shoulder_model_LOD0-mesh": {
            "name": "skeleton_king_shoulder_model_LOD0-mesh",
            "primitives": [
                {
                    "indices": "indices_30",
                    "material": "Material #79",
                    "semantics": {
                        "JOINT": "attribute_28",
                        "NORMAL": "attribute_26",
                        "POSITION": "attribute_25",
                        "TEXCOORD_0": "attribute_27",
                        "WEIGHT": "attribute_29"
                    },
                    "skin": "skin_4"
                }
            ]
        },
        "skeleton_king_weapon_model_LOD0-mesh": {
            "name": "skeleton_king_weapon_model_LOD0-mesh",
            "primitives": [
                {
                    "indices": "indices_36",
                    "material": "Material #90",
                    "semantics": {
                        "JOINT": "attribute_34",
                        "NORMAL": "attribute_32",
                        "POSITION": "attribute_31",
                        "TEXCOORD_0": "attribute_33",
                        "WEIGHT": "attribute_35"
                    },
                    "skin": "skin_5"
                }
            ]
        }
    },
    "nodes": {
        "Cloak2_0": {
            "children": [
                "Cloak2_1"
            ],
            "matrix": [
                -0.9767939448356632,
                0.17214046418666853,
                -0.1274419128894806,
                0,
                0.17069372101442465,
                0.9850723802595124,
                0.02227072414898763,
                0,
                0.1293732024699326,
                3.7417153837106876e-7,
                -0.9915960418465842,
                0,
                -7.275772094726534,
                0.5057709217071533,
                19.81364059448243,
                1
            ],
            "name": "Cloak2_0"
        },
        "Cloak2_1": {
            "children": [],
            "matrix": [
                0.9984977245330813,
                -0.04664896428585054,
                0.028745487332344048,
                0,
                0.04677275128361463,
                0.9988989839054107,
                -0.0036486666673074134,
                0,
                -0.02854362311005186,
                0.004987689416632208,
                0.9995799667119079,
                0,
                42.402870178222656,
                0.000013351440433240214,
                0.000003814697265625,
                1
            ],
            "name": "Cloak2_1"
        },
        "Cloak3_0": {
            "children": [],
            "matrix": [
                -0.002255514962575063,
                0.00043508972157268685,
                0.999997437000275,
                0,
                0.18947901523094,
                0.9818848381912444,
                1.6475350456560632e-7,
                0,
                -0.9818823960714338,
                0.18947854434883243,
                -0.0022970964903905777,
                0,
                34.16393280029297,
                -0.000003814697265625,
                -0.000009536743167615214,
                1
            ],
            "name": "Cloak3_0"
        },
        "Cloak4_0": {
            "children": [
                "Cloak4_1"
            ],
            "matrix": [
                0.6126151084899902,
                -0.024346500635147095,
                -0.7900064587593075,
                0,
                0.7418987051395708,
                0.3623962760054733,
                0.564141304963057,
                0,
                0.2725603884931701,
                -0.931705764873223,
                0.24007194480527283,
                0,
                26.68492317199706,
                3.299610137939453,
                -0.3701324462890909,
                1
            ],
            "name": "Cloak4_0"
        },
        "Cloak4_1": {
            "children": [],
            "matrix": [
                0.9969458580017094,
                0.046433508396148626,
                0.06279435008764267,
                0,
                -0.04465018889242611,
                0.99856680668216,
                -0.029511243038695262,
                0,
                -0.06407466383651454,
                0.02661733176973577,
                0.9975903011818811,
                0,
                32.46697235107422,
                0,
                -0.000002622604369229009,
                1
            ],
            "name": "Cloak4_1"
        },
        "Head_0": {
            "children": [
                "Head_1"
            ],
            "matrix": [
                0.9827196002006532,
                -3.552713672183056e-15,
                -0.18510076403617862,
                0,
                4.786239329262135e-15,
                1,
                6.2172489511357664e-15,
                0,
                0.18510076403617864,
                -6.995748945701199e-15,
                0.9827196002006532,
                0,
                9.031326293945341,
                -4.76837158203125e-7,
                0.000015258789069605427,
                1
            ],
            "name": "Head_0"
        },
        "Head_1": {
            "children": [
                "jaw_M",
                "jaw_R",
                "jaw_L"
            ],
            "matrix": [
                0.39180919528007524,
                -6.805943652830822e-15,
                -0.9200466275215149,
                0,
                4.387124366522844e-7,
                0.9999999999999998,
                1.8682918323520436e-7,
                0,
                0.9200466275215148,
                -4.768372897318996e-7,
                0.39180919528007513,
                0,
                12.009521484375,
                -6.45643240204663e-7,
                -0.0000152587890625,
                1
            ],
            "name": "Head_1"
        },
        "Root_0": {
            "children": [
                "thigh_L",
                "Spine_0",
                "thigh_R"
            ],
            "matrix": [
                -1.629206851037603e-7,
                -1.0000000000000002,
                0,
                0,
                1.0000000000000002,
                -1.629206851037603e-7,
                0,
                0,
                0,
                0,
                1,
                0,
                0,
                9.034344673156738,
                101.46045684814453,
                1
            ],
            "name": "Root_0"
        },
        "ShoulderPad6_0": {
            "children": [],
            "matrix": [
                -0.28144600987434404,
                0.9364109635353093,
                -0.20957778394222273,
                0,
                0.9201503972114901,
                0.3253290422375855,
                0.2179096623182174,
                0,
                0.27223466417066106,
                -0.1315132411889048,
                -0.9532012273530954,
                0,
                -8.865596771240234,
                -4.422157287597656,
                -7.8526458740234375,
                1
            ],
            "name": "ShoulderPad6_0"
        },
        "Spine_0": {
            "children": [
                "Spine_1"
            ],
            "matrix": [
                -0.12538880109787043,
                1.53557014820956e-17,
                0.992107689380646,
                0,
                -2.365369056000509e-7,
                1,
                -2.989501980622873e-8,
                0,
                -0.9921076893806461,
                -2.3841858356041456e-7,
                -0.12538880109787037,
                0,
                -1.0334844589233416,
                9.536743164062498e-7,
                5.45782470703125,
                1
            ],
            "name": "Spine_0"
        },
        "Spine_1": {
            "children": [
                "Spine_2"
            ],
            "matrix": [
                0.9893390536308287,
                -1.3234889800848443e-23,
                -0.14563085138797763,
                0,
                -4.860953883394155e-7,
                0.9999999999999998,
                -0.0000033022752177203074,
                0,
                0.14563085138797763,
                0.0000033378603239875866,
                0.9893390536308291,
                0,
                17.587127685546875,
                -2.2737367544323206e-13,
                -0.000023841857908379893,
                1
            ],
            "name": "Spine_1"
        },
        "Spine_2": {
            "children": [
                "Spine_3"
            ],
            "matrix": [
                0.9884795546531675,
                5.124474000695043e-7,
                -0.15135559439659113,
                0,
                -7.532004801405571e-9,
                1,
                0.000003336527925056589,
                0,
                0.1513555943982613,
                -0.0000032969496263832176,
                0.9884795546529122,
                0,
                16.394065856933594,
                -2.7829810278490186e-7,
                0.000007629394529473643,
                1
            ],
            "name": "Spine_2"
        },
        "Spine_3": {
            "children": [
                "clavicle_L",
                "cape1_0",
                "Head_0",
                "clavicle_R",
                "Cloak2_0"
            ],
            "matrix": [
                0.9990296959877014,
                0,
                -0.04403850436210635,
                0,
                -3.7194436970775966e-16,
                1,
                -8.437694970607577e-15,
                0,
                0.04403850436210635,
                8.445887731353772e-15,
                0.9990296959877017,
                0,
                15.520431518554716,
                6.683692390652136e-7,
                -0.000003814697265625,
                1
            ],
            "name": "Spine_3"
        },
        "ankle_L": {
            "children": [
                "toeBase_L"
            ],
            "matrix": [
                0.15883681178093,
                -0.051209628582000906,
                0.9859757423400879,
                0,
                0.11644189972411427,
                0.9926558973148317,
                0.03279825082164953,
                0,
                -0.9804140774941079,
                0.10959930283079522,
                0.1636332203287282,
                0,
                42.47548294067383,
                0.000019073486328125,
                -0.0000019073486328125,
                1
            ],
            "name": "ankle_L"
        },
        "ankle_R": {
            "children": [
                "toeBase_R"
            ],
            "matrix": [
                0.13816657662391676,
                -0.08793590962886817,
                0.9864977598190305,
                0,
                0.16381640222563304,
                0.9843602919666662,
                0.06480163340461288,
                0,
                -0.976767412564399,
                0.1526510625738901,
                0.15041100511195482,
                0,
                -42.475563049316406,
                -0.000007629394524144573,
                -0.000014305114747870107,
                1
            ],
            "name": "ankle_R"
        },
        "bicep_L": {
            "children": [
                "elbow_L"
            ],
            "matrix": [
                0.6261432170867921,
                0.2633157372474672,
                -0.733900129795074,
                0,
                -0.7329254464861055,
                -0.12236303917296495,
                -0.6692142307651485,
                0,
                -0.2660168857988931,
                0.956918020588752,
                0.11637401594006172,
                0,
                17.160491943359368,
                0.000011444091796875,
                -0.000030517578125,
                1
            ],
            "name": "bicep_L"
        },
        "bicep_R": {
            "children": [
                "elbow_R"
            ],
            "matrix": [
                0.6017075777053833,
                0.2566809356212617,
                -0.7563487887382508,
                0,
                -0.7324148937789329,
                -0.20043416050956056,
                -0.6506881835325328,
                0,
                -0.31861725733051294,
                0.9454847458953295,
                0.06739415971512655,
                0,
                -17.160509109497067,
                0,
                0,
                1
            ],
            "name": "bicep_R"
        },
        "cape1_0": {
            "children": [
                "cape1_1"
            ],
            "matrix": [
                -0.9564497470855718,
                0.2906652390956879,
                -0.026792034506797763,
                0,
                0.29055123034962865,
                0.9568247968178855,
                0.008138895028461414,
                0,
                0.02800097856036185,
                -1.4497992756430057e-8,
                -0.9996080390787079,
                0,
                -3.5979614257812784,
                18.95348930358887,
                10.282772064208984,
                1
            ],
            "name": "cape1_0"
        },
        "cape1_1": {
            "children": [
                "Cloak3_0"
            ],
            "matrix": [
                0.9783403873443605,
                -0.09917818009853357,
                0.1816971749067307,
                0,
                0.10723836664000305,
                0.9936151730298305,
                -0.03506207832146614,
                0,
                -0.17705963255881924,
                0.053787542116998634,
                0.9827293139336982,
                0,
                45.7117614746094,
                -0.000007629394524144573,
                0.000003814697265625,
                1
            ],
            "name": "cape1_1"
        },
        "clavicle_L": {
            "children": [
                "bicep_L",
                "Cloak4_0"
            ],
            "matrix": [
                -0.20544719696044914,
                0.9201502203941345,
                -0.3333392441272735,
                0,
                -0.07263784251720959,
                0.32532880322935054,
                0.9428071151756373,
                0,
                0.9759688318156999,
                0.21791007787060584,
                -1.6391276913552133e-7,
                0,
                3.9320831298828125,
                8.840166091918945,
                2.9020156860351562,
                1
            ],
            "name": "clavicle_L"
        },
        "clavicle_R": {
            "children": [
                "bicep_R",
                "ShoulderPad6_0"
            ],
            "matrix": [
                0.2054471522569658,
                0.9201501607894897,
                0.3333393931388856,
                0,
                0.07263724909344779,
                0.3253290238210802,
                -0.9428068689785525,
                0,
                -0.9759690001203023,
                0.21790987161982697,
                7.450580354895209e-7,
                0,
                3.9320678710937784,
                -8.840164184570314,
                2.902008056640632,
