{
    "accessors": [
        {
            "bufferView": 0,
            "byteOffset": 0,
            "componentType": 5126,
            "count": 3439,
            "max": [
                57.35940933227539,
                26.81309700012207,
                187.035888671875
            ],
            "min": [
                -56.67964172363281,
                -25.17677879333496,
                -0.3950299620628357
            ],
            "type": "VEC3"
        },
        {
            "bufferView": 0,
            "byteOffset": 41268,
            "componentType": 5126,
            "count": 3439,
            "max": [
                0.9965972900390625,
                0.9995834827423096,
                0.9996576905250549
            ],
            "min": [
                -0.9987586140632629,
                -0.9995795488357544,
                -0.9999376535415649
            ],
            "type": "VEC3"
        },
        {
            "bufferView": 0,
            "byteOffset": 82536,
            "componentType": 5126,
            "count": 3439,
            "max": [
                0.9761857390403748,
                1.0095988512039185
            ],
            "min": [
                0.004530102014541626,
                0.003313124179840088
            ],
            "type": "VEC2"
        },
        {
            "bufferView": 0,
            "byteOffset": 110048,
            "componentType": 5123,
            "count": 3439,
            "max": [
                38,
                38,
                35,
                0
            ],
            "min": [
                0,
                0,
                0,
                0
            ],
            "type": "VEC4"
        },
        {
            "bufferView": 0,
            "byteOffset": 137560,
            "componentType": 5126,
            "count": 3439,
            "max": [
                1,
                0.999876081943512,
                0.9992377758026123,
                0
            ],
            "min": [
                0.00012209595297463238,
                0,
                0,
                0
            ],
            "type": "VEC4"
        },
        {
            "bufferView": 2,
            "byteOffset": 0,
            "componentType": 5123,
            "count": 14025,
            "max": [
                3438
            ],
            "min": [
                0
            ],
            "type": "SCALAR"
        },
        {
            "bufferView": 1,
            "byteOffset": 0,
            "componentType": 5126,
            "count": 39,
            "max": [
                0.9999999999997675,
                0.9999999999999942,
                0.8132835390322872,
                0,
                0.9897781927563855,
                0.9364110502331816,
                0.9997912699996803,
                0,
                0.9997912700103341,
                1.00000011920868,
                1.0000001192092847,
                0,
                147.68098900168155,
                97.13528261513828,
                152.5646908434093,
                1
            ],
            "min": [
                -0.6880800646787917,
                -0.8809297687060778,
                -0.4057235405569119,
                0,
                -1.0000000596045253,
                -0.9364109031122553,
                -1.000000119208451,
                0,
                -0.9839588516742743,
                -0.9168534810735921,
                -0.9995054415380462,
                0,
                -150.4154579385492,
                -174.9121173526529,
                -175.91764354211787,
                1
            ],
            "type": "MAT4"
        },
        {
            "bufferView": 0,
            "byteOffset": 192584,
            "componentType": 5126,
            "count": 242,
            "max": [
                56.06729507446289,
                34.4720573425293,
                172.27859497070312
            ],
            "min": [
                -19.017261505126953,
                -18.613611221313477,
                52.74524688720703
            ],
            "type": "VEC3"
        },
        {
            "bufferView": 0,
            "byteOffset": 195488,
            "componentType": 5126,
            "count": 242,
            "max": [
                0.9791146516799927,
                0.9999041557312012,
                0.997890055179596
            ],
            "min": [
                -0.979114830493927,
                -0.9999041557312012,
                -0.9978901147842407
            ],
            "type": "VEC3"
        },
        {
            "bufferView": 0,
            "byteOffset": 198392,
            "componentType": 5126,
            "count": 242,
            "max": [
                0.9896988868713379,
                0.9978610873222351
            ],
            "min": [
                0.007690968457609415,
                0.0021389126777648926
            ],
            "type": "VEC2"
        },
        {
            "bufferView": 0,
            "byteOffset": 200328,
            "componentType": 5123,
            "count": 242,
            "max": [
                9,
                9,
                10,
                0
            ],
            "min": [
                0,
                0,
                0,
                0
            ],
            "type": "VEC4"
        },
        {
            "bufferView": 0,
            "byteOffset": 202264,
            "componentType": 5126,
            "count": 242,
            "max": [
                1,
                0.9992344975471497,
                0.9737650156021118,
                0
            ],
            "min": [
                0.00022627566067967564,
                0,
                0,
                0
            ],
            "type": "VEC4"
        },
        {
            "bufferView": 2,
            "byteOffset": 28050,
            "componentType": 5123,
            "count": 1146,
            "max": [
                241
            ],
            "min": [
                0
            ],
            "type": "SCALAR"
        },
        {
            "bufferView": 1,
            "byteOffset": 2496,
            "componentType": 5126,
            "count": 11,
            "max": [
                0.9201502361279595,
                0.9999999999999937,
                0.21791013426209765,
                0,
                0.28144598696455464,
                0.9364109661490477,
                0.9851808560522833,
                0,
                0.9851808560522856,
                0.4231447494131509,
                0.9999998807800796,
                0,
                147.68105669493724,
                34.534968659941825,
                152.56468495342878,
                1
            ],
            "min": [
                4.932217696387309e-8,
                0.32532863366330744,
                -6.494045230566262e-8,
                0,
                -0.9999999999997142,
                -0.9364109336858417,
                -0.9999974079819562,
                0,
                -0.9903878484935634,
                -0.13151338621574113,
                -0.9532011135061266,
                0,
                -150.41545044075124,
                -94.85024581351128,
                -152.5647378292607,
                1
            ],
            "type": "MAT4"
        },
        {
            "bufferView": 0,
            "byteOffset": 206136,
            "componentType": 5126,
            "count": 451,
            "max": [
                -31.148006439208984,
                27.160104751586914,
                131.36880493164062
            ],
            "min": [
                -66.2142105102539,
                -25.782438278198242,
                65.48139953613281
            ],
            "type": "VEC3"
        },
        {
            "bufferView": 0,
            "byteOffset": 211548,
            "componentType": 5126,
            "count": 451,
            "max": [
                0.9966605305671692,
                0.9951934814453125,
                0.9919265508651733
            ],
            "min": [
                -0.9988173246383667,
                -0.9994093775749207,
                -0.9956105947494507
            ],
            "type": "VEC3"
        },
        {
            "bufferView": 0,
            "byteOffset": 216960,
            "componentType": 5126,
            "count": 451,
            "max": [
                0.9958951473236084,
                0.9833062291145325
            ],
            "min": [
                0.004645884037017822,
                0.008881211280822754
            ],
            "type": "VEC2"
        },
        {
            "bufferView": 0,
            "byteOffset": 220568,
            "componentType": 5123,
            "count": 451,
            "max": [
                7,
                8,
                8,
                0
            ],
            "min": [
                0,
                0,
                0,
                0
            ],
            "type": "VEC4"
        },
        {
            "bufferView": 0,
            "byteOffset": 224176,
            "componentType": 5126,
            "count": 451,
            "max": [
                1,
                0.9698377251625061,
                0.8976936936378479,
                0
            ],
            "min": [
                0.00013117898197378963,
                0,
                0,
                0
            ],
            "type": "VEC4"
        },
        {
            "bufferView": 2,
            "byteOffset": 30342,
            "componentType": 5123,
            "count": 1950,
            "max": [
                450
            ],
            "min": [
                0
            ],
            "type": "SCALAR"
        },
        {
            "bufferView": 1,
            "byteOffset": 3200,
            "componentType": 5126,
            "count": 9,
            "max": [
                0.28479070096931713,
                0.9999999999999732,
                0.9946974187841576,
                0,
                0.8619524458180581,
                0.38764167312249664,
                0.8606123800810627,
                0,
                0.9437600132141708,
                0.5491105734792449,
                1,
                0,
                9.034344673156495,
                62.626359628119026,
                76.27933087949192,
                1
            ],
            "min": [
                -0.40209099697658723,
                -0.880929941729989,
                -0.405723500638731,
                0,
                -0.9999999999999732,
                -0.8777614315040746,
                -0.7988296624231616,
                0,
                6.123233995736603e-17,
                -0.12075753868122413,
                -0.9090062654861145,
                0,
                -92.3219159120045,
                -96.9817972255751,
                -101.46045684814453,
                1
            ],
            "type": "MAT4"
        },
        {
            "bufferView": 0,
            "byteOffset": 231392,
            "componentType": 5126,
            "count": 440,
            "max": [
                13.188523292541504,
                6.859701633453369,
                199.17169189453125
            ],
            "min": [
                -13.188538551330566,
                -18.791404724121094,
                160.64956665039062
            ],
            "type": "VEC3"
        },
        {
            "bufferView": 0,
            "byteOffset": 236672,
            "componentType": 5126,
            "count": 440,
            "max": [
                0.9689056873321533,
                0.9932029843330383,
                0.9958269000053406
            ],
            "min": [
                -0.968905508518219,
                -0.9975939989089966,
                -0.9346009492874146
            ],
            "type": "VEC3"
        },
        {
            "bufferView": 0,
            "byteOffset": 241952,
            "componentType": 5126,
            "count": 440,
            "max": [
                0.9945408701896667,
                0.9930711984634399
            ],
            "min": [
                0.005459129810333252,
                0.006928801536560059
            ],
            "type": "VEC2"
        },
        {
            "bufferView": 0,
            "byteOffset": 245472,
            "componentType": 5123,
            "count": 440,
            "max": [
                2,
                0,
                0,
                0
            ],
            "min": [
                0,
                0,
                0,
                0
            ],
            "type": "VEC4"
        },
        {
            "bufferView": 0,
            "byteOffset": 248992,
            "componentType": 5126,
            "count": 440,
            "max": [
                1,
                0,
                0,
                0
            ],
            "min": [
                1,
                0,
                0,
                0
            ],
            "type": "VEC4"
        },
        {
            "bufferView": 2,
            "byteOffset": 34242,
            "componentType": 5123,
            "count": 1704,
            "max": [
                439
            ],
            "min": [
                0
            ],
            "type": "SCALAR"
        },
        {
            "bufferView": 1,
            "byteOffset": 3776,
            "componentType": 5126,
            "count": 3,
            "max": [
                0.9999999999996818,
                0.9999999999997269,
                3.545683250581855e-7,
                0,
                3.5456787372811613e-7,
                3.941438891431332e-7,
                -1.7311941906418312e-13,
                0,
                4.393844506010706e-7,
                0.9999999999987528,
                0.9999999999997322,
                0,
                10.977218371847126,
                -0.00008158717516550186,
                -0.6352344068773831,
                1
            ],
            "min": [
                3.941438891431797e-7,
                -4.3938408639279015e-7,
                -4.393843369754811e-7,
                0,
                -0.9999999999998447,
                -0.000001027188019324114,
                -0.9999999999988196,
                0,
                6.123233995731642e-17,
                4.39384336975547e-7,
                -0.0000010271878635325036,
                0,
                -10.977377193942292,
                -172.56334470912276,
                -175.9176177978026,
                1
            ],
            "type": "MAT4"
        },
        {
            "bufferView": 0,
            "byteOffset": 256032,
            "componentType": 5126,
            "count": 188,
            "max": [
                -13.783903121948242,
                30.935501098632812,
                183.65289306640625
            ],
            "min": [
                -45.75550079345703,
                -12.30219841003418,
                131.7386016845703
            ],
            "type": "VEC3"
        },
        {
            "bufferView": 0,
            "byteOffset": 258288,
            "componentType": 5126,
            "count": 188,
            "max": [
                0.9380431771278381,
                0.9916238188743591,
                0.8833499550819397
            ],
            "min": [
                -0.971802830696106,
                -0.9589232802391052,
                -0.995863676071167
            ],
            "type": "VEC3"
        },
        {
            "bufferView": 0,
            "byteOffset": 260544,
            "componentType": 5126,
            "count": 188,
            "max": [
                0.992144763469696,
                0.9919372797012329
            ],
            "min": [
                0.007855236530303955,
                0.008062779903411865
            ],
            "type": "VEC2"
        },
        {
            "bufferView": 0,
            "byteOffset": 262048,
            "componentType": 5123,
            "count": 188,
            "max": [
                0,
                0,
                0,
                0
            ],
            "min": [
                0,
                0,
                0,
                0
            ],
            "type": "VEC4"
        },
        {
            "bufferView": 0,
            "byteOffset": 263552,
            "componentType": 5126,
            "count": 188,
            "max": [
                1,
                0,
                0,
                0
            ],
            "min": [
                1,
                0,
                0,
                0
            ],
            "type": "VEC4"
        },
        {
            "bufferView": 2,
            "byteOffset": 37650,
            "componentType": 5123,
            "count": 726,
            "max": [
                187
            ],
            "min": [
                0
            ],
            "type": "SCALAR"
        },
        {
            "bufferView": 1,
            "byteOffset": 3968,
            "componentType": 5126,
            "count": 1,
            "max": [
                1.7790791290733778e-7,
                0.9999998807906845,
                -1.4947725530139686e-7,
                0,
                -0.9999999999999685,
                1.7790789169906292e-7,
                -2.6531954177832286e-14,
                0,
                6.123233995735785e-17,
                1.4947723748232578e-7,
                0.999999999999963,
                0,
                11.26606536726593,
                20.147637687248537,
                -166.16438594618185,
                1
            ],
            "min": [
                1.7790791290733778e-7,
                0.9999998807906845,
                -1.4947725530139686e-7,
                0,
                -0.9999999999999685,
                1.7790789169906292e-7,
                -2.6531954177832286e-14,
                0,
                6.123233995735785e-17,
                1.4947723748232578e-7,
                0.999999999999963,
                0,
                11.26606536726593,
                20.147637687248537,
                -166.16438594618185,
                1
            ],
            "type": "MAT4"
        },
        {
            "bufferView": 0,
            "byteOffset": 266560,
            "componentType": 5126,
            "count": 289,
            "max": [
                -40.920352935791016,
                16.511775970458984,
                57.7589111328125
            ],
            "min": [
                -92.3568115234375,
                -152.6830596923828,
                46.45663833618164
            ],
            "type": "VEC3"
        },
        {
            "bufferView": 0,
            "byteOffset": 270028,
            "componentType": 5126,
            "count": 289,
            "max": [
                0.9998529553413391,
                0.9481128454208374,
                0.9998925924301147
            ],
            "min": [
                -0.9998493790626526,
                -0.9999998807907104,
                -0.9998987317085266
            ],
            "type": "VEC3"
        },
        {
            "bufferView": 0,
            "byteOffset": 273496,
            "componentType": 5126,
            "count": 289,
            "max": [
                0.9956008791923523,
                0.996599555015564
            ],
            "min": [
                0.012291969731450081,
                0.008327007293701172
            ],
            "type": "VEC2"
        },
        {
            "bufferView": 0,
            "byteOffset": 275808,
            "componentType": 5123,
            "count": 289,
            "max": [
                0,
                0,
                0,
                0
            ],
            "min": [
                0,
                0,
                0,
                0
            ],
            "type": "VEC4"
        },
        {
            "bufferView": 0,
            "byteOffset": 278120,
            "componentType": 5126,
            "count": 289,
            "max": [
                1,
                0,
                0,
                0
            ],
            "min": [
                1,
                0,
                0,
                0
            ],
            "type": "VEC4"
        },
        {
            "bufferView": 2,
            "byteOffset": 39102,
            "componentType": 5123,
            "count": 810,
            "max": [
                288
            ],
            "min": [
                0
            ],
            "type": "SCALAR"
        },
        {
            "bufferView": 1,
            "byteOffset": 4032,
            "componentType": 5126,
            "count": 1,
            "max": [
                -5.960462744557205e-8,
                0.9999995029039824,
                0.000924512490817507,
                0,
                -0.9999998257657451,
                1.5726206161348485e-7,
                -0.0002345739491752044,
                0,
                -0.00023457401067914527,
                -0.0009245126150229413,
                0.999999328655463,
                0,
                -14.270907057392739,
                65.4279422109305,
                -52.09112924647924,
                1
            ],
            "min": [
                -5.960462744557205e-8,
                0.9999995029039824,
                0.000924512490817507,
                0,
                -0.9999998257657451,
                1.5726206161348485e-7,
                -0.0002345739491752044,
                0,
                -0.00023457401067914527,
                -0.0009245126150229413,
                0.999999328655463,
                0,
                -14.270907057392739,
                65.4279422109305,
                -52.09112924647924,
                1
            ],
            "type": "MAT4"
        }
    ],
    "asset": {
        "generator": "ClayGL - fbx2gltf",
        "version": "2.0"
    },
    "bufferViews": [
        {
            "buffer": 0,
            "byteLength": 282744,
            "byteOffset": 0,
            "target": 34962
        },
        {
            "buffer": 0,
            "byteLength": 4096,
            "byteOffset": 282744,
            "target": 34962
        },
        {
            "buffer": 0,
            "byteLength": 40722,
            "byteOffset": 286840,
            "target": 34963
        }
    ],
    "buffers": [
        {
            "byteLength": 327562,
            "uri": "skeleton_king.bin"
        }
    ],
    "images": [
        {
            "uri": "textures/skeleton_king.png"
        },
        {
            "uri": "textures/skeleton_king_cloak.png"
        },
        {
            "uri": "textures/skeleton_king_gauntlet_color.png"
        },
        {
            "uri": "textures/skeleton_king_head_color.png"
        },
        {
            "uri": "textures/skeleton_king_shoulder_color.png"
        },
        {
            "uri": "textures/skeleton_king_sword.png"
        }
    ],
    "materials": [
        {
            "emissiveFactor": [
                0,
                0,
                0
            ],
            "name": "Material #35",
            "pbrMetallicRoughness": {
                "baseColorFactor": [
                    1,
                    1,
                    1,
                    1
                ],
                "baseColorTexture": {
                    "index": 0,
                    "texCoord": 0
                },
                "metallicFactor": 0,
                "roughnessFactor": 0.9230769230769231
            }
        },
        {
            "emissiveFactor": [
                0,
                0,
                0
            ],
            "name": "Material #46",
            "pbrMetallicRoughness": {
                "baseColorFactor": [
                    1,
                    1,
                    1,
                    1
                ],
                "baseColorTexture": {
                    "index": 1,
                    "texCoord": 0
                },
                "metallicFactor": 0,
                "roughnessFactor": 0.9230769230769231
            }
        },
        {
            "emissiveFactor": [
                0,
                0,
                0
            ],
            "name": "Material #57",
            "pbrMetallicRoughness": {
                "baseColorFactor": [
                    1,
                    1,
                    1,
                    1
                ],
                "baseColorTexture": {
                    "index": 2,
                    "texCoord": 0
                },
                "metallicFactor": 0,
                "roughnessFactor": 0.9230769230769231
            }
        },
        {
            "emissiveFactor": [
                0,
                0,
                0
            ],
            "name": "Material #68",
            "pbrMetallicRoughness": {
                "baseColorFactor": [
                    1,
                    1,
                    1,
                    1
                ],
                "baseColorTexture": {
                    "index": 3,
                    "texCoord": 0
                },
                "metallicFactor": 0,
                "roughnessFactor": 0.9230769230769231
            }
        },
        {
            "emissiveFactor": [
                0,
                0,
                0
            ],
            "name": "Material #79",
            "pbrMetallicRoughness": {
                "baseColorFactor": [
                    1,
                    1,
                    1,
                    1
                ],
                "baseColorTexture": {
                    "index": 4,
                    "texCoord": 0
                },
                "metallicFactor": 0,
                "roughnessFactor": 0.9230769230769231
            }
        },
        {
            "emissiveFactor": [
                0,
                0,
                0
            ],
            "name": "Material #90",
            "pbrMetallicRoughness": {
                "baseColorFactor": [
                    1,
                    1,
                    1,
                    1
                ],
                "baseColorTexture": {
                    "index": 5,
                    "texCoord": 0
                },
                "metallicFactor": 0,
                "roughnessFactor": 0.9230769230769231
            }
        }
    ],
    "meshes": [
        {
            "name": "skeleton_king_model_LOD0",
            "primitives": [
                {
                    "attributes": {
                        "JOINTS_0": 3,
                        "NORMAL": 1,
                        "POSITION": 0,
                        "TEXCOORD_0": 2,
                        "WEIGHTS_0": 4
                    },
                    "indices": 5,
                    "material": 0
                }
            ]
        },
        {
            "name": "skeleton_king_cape_model_LOD0",
            "primitives": [
                {
                    "attributes": {
                        "JOINTS_0": 10,
                        "NORMAL": 8,
                        "POSITION": 7,
                        "TEXCOORD_0": 9,
                        "WEIGHTS_0": 11
                    },
                    "indices": 12,
                    "material": 1
                }
            ]
        },
        {
            "name": "skeleton_king_gauntlet_model_LOD0",
            "primitives": [
                {
                    "attributes": {
                        "JOINTS_0": 17,
                        "NORMAL": 15,
                        "POSITION": 14,
                        "TEXCOORD_0": 16,
                        "WEIGHTS_0": 18
                    },
                    "indices": 19,
                    "material": 2
                }
            ]
        },
        {
            "name": "skeleton_king_head_model_LOD0",
            "primitives": [
                {
                    "attributes": {
                        "JOINTS_0": 24,
                        "NORMAL": 22,
                        "POSITION": 21,
                        "TEXCOORD_0": 23,
                        "WEIGHTS_0": 25
                    },
                    "indices": 26,
                    "material": 3
                }
            ]
        },
        {
            "name": "skeleton_king_shoulder_model_LOD0",
            "primitives": [
                {
                    "attributes": {
                        "JOINTS_0": 31,
                        "NORMAL": 29,
                        "POSITION": 28,
                        "TEXCOORD_0": 30,
                        "WEIGHTS_0": 32
                    },
                    "indices": 33,
                    "material": 4
                }
            ]
        },
        {
            "name": "skeleton_king_weapon_model_LOD0",
            "primitives": [
                {
                    "attributes": {
                        "JOINTS_0": 38,
                        "NORMAL": 36,
                        "POSITION": 35,
                        "TEXCOORD_0": 37,
                        "WEIGHTS_0": 39
                    },
                    "indices": 40,
                    "material": 5
                }
            ]
        }
    ],
    "nodes": [
        {
            "children": [
                1,
                5,
                47
            ],
            "matrix": [
                1.6292068478213574e-7,
                1.469367938527879e-39,
                1.0000000000000002,
                0,
                1.0000000000000002,
                6.123233995736847e-17,
                -1.6292068478213574e-7,
                0,
                -6.123233995736685e-17,
                1,
                9.976014756666736e-24,
                0,
                0,
                101.46045684814453,
                -9.034344673156738,
                1
            ],
            "name": "Root_0"
        },
        {
            "children": [
                2
            ],
            "matrix": [
                0.042257755994796614,
                0.1733190566301341,
                -0.9839586019515989,
                0,
                -0.18080986433600185,
                0.9699036868129629,
                0.16307817480703513,
                0,
                0.9826097955736157,
                0.17101813223456153,
                0.07232376055643153,
                0,
                -1.2127513885498047,
                16.497816085815426,
                -3.686431884765625,
                1
            ],
            "name": "thigh_L"
        },
        {
            "children": [
                3
            ],
            "matrix": [
                0.9827138185501098,
                -4.917383193692171e-7,
                -0.1851330995559692,
                0,
                4.121360025997889e-7,
                0.9999999999999842,
                -4.6845526122107906e-7,
                0,
                0.18513309075502227,
                3.8405742464053816e-7,
                0.9827137718323643,
                0,
                46.74451446533204,
                -0.0000038146972585195726,
                0.000007867813110351562,
                1
            ],
            "name": "knee_L"
        },
        {
            "children": [
                4
            ],
            "matrix": [
                0.15883681178092998,
                -0.05120962858200087,
                0.9859757423400878,
                0,
                0.11644189972411426,
                0.9926558973148314,
                0.0327982508216495,
                0,
                -0.9804140774941079,
                0.10959930283079522,
                0.16363322032872823,
                0,
                42.47548294067382,
                0.000019073486328125,
                -0.0000019073486328125,
                1
            ],
            "name": "ankle_L"
        },
        {
            "matrix": [
                0.9521569013595579,
                0.008661629632115364,
                0.3054868280887603,
                0,
                0.0013621056873172888,
                0.9994678496021593,
                -0.03258392100011845,
                0,
                -0.3056065549306141,
                0.031441116970289576,
                0.9516386054557439,
                0,
                18.37998580932617,
                -0.00000762939453125,
                -0.000010490417481356928,
                1
            ],
            "name": "toeBase_L"
        },
        {
            "children": [
                6
            ],
            "matrix": [
                -0.12538880109787043,
                1.535570479081805e-17,
                0.992107689380646,
                0,
                -2.365369056000509e-7,
                1.0000000000000002,
                -2.989501980622873e-8,
                0,
                -0.9921076893806461,
                -2.3841858356041466e-7,
                -0.12538880109787037,
                0,
                -1.0334844589233416,
                9.536743164062502e-7,
                5.45782470703125,
                1
            ],
            "name": "Spine_0"
        },
        {
            "children": [
                7
            ],
            "matrix": [
                0.9893390536308289,
                -9.926167350636332e-24,
                -0.1456308513879776,
                0,
                -4.860953883394155e-7,
                0.9999999999999998,
                -0.000003302275217720308,
                0,
                0.14563085138797763,
                0.000003337860323987588,
                0.989339053630829,
                0,
                17.58712768554686,
                -2.2737367501971559e-13,
                -0.000023841857908379893,
                1
            ],
            "name": "Spine_1"
        },
        {
            "children": [
                8
            ],
            "matrix": [
                0.9884795546531678,
                5.124474000695045e-7,
                -0.15135559439659124,
                0,
                -7.53200480140579e-9,
                1.0000000000000002,
                0.0000033365279250565912,
                0,
                0.15135559439826127,
                -0.0000032969496263832167,
                0.9884795546529124,
                0,
                16.394065856933622,
                -2.7829810278490186e-7,
                0.00000762939453125,
                1
            ],
            "name": "Spine_2"
        },
        {
            "children": [
                9,
                25,
                28,
                33,
                45
            ],
            "matrix": [
                0.999029695987702,
                5.293955920339377e-23,
                -0.044038504362106295,
                0,
                -3.7194436970775966e-16,
                0.9999999999999998,
                -8.43769493421163e-15,
                0,
                0.044038504362106434,
                8.44588770157527e-15,
                0.9990296959877015,
                0,
                15.520431518554688,
                6.683692390652136e-7,
                -0.000003814697265625,
                1
            ],
            "name": "Spine_3"
        },
        {
            "children": [
                10,
                23
            ],
            "matrix": [
                -0.2054471969604491,
                0.9201502203941342,
                -0.3333392441272735,
                0,
                -0.07263784251720956,
                0.3253288032293505,
                0.9428071151756368,
                0,
                0.9759688318156999,
                0.2179100778706058,
                -1.6391276913552133e-7,
                0,
                3.9320831298828693,
                8.840166091918944,
                2.902015686035149,
                1
            ],
            "name": "clavicle_L"
        },
        {
            "children": [
                11
            ],
            "matrix": [
                0.6261432170867922,
                0.2633157372474671,
                -0.733900129795074,
                0,
                -0.7329254464861054,
                -0.12236303917296487,
                -0.6692142307651486,
                0,
                -0.26601688579889315,
                0.9569180205887519,
                0.11637401594006169,
                0,
                17.160491943359368,
                0.000011444091796875,
                -0.000030517578125,
                1
            ],
            "name": "bicep_L"
        },
        {
            "children": [
                12
            ],
            "matrix": [
                0.6735732555389408,
                2.3841857915707365e-7,
                -0.739120662212372,
                0,
                -1.0584908734234677e-8,
                1.0000002384186073,
                3.1292444693797883e-7,
                0,
                0.7391204812790563,
                -2.0295391550684272e-7,
                0.6735730906512613,
                0,
                35.136657714843764,
                0.0000152587890625,
                -0.00003814697265625,
                1
            ],
            "name": "elbow_L"
        },
        {
            "children": [
                13,
                15,
                17,
                19,
                21
            ],
            "matrix": [
                0.9784647226333619,
                -0.10999947786331163,
                -0.1746626496315002,
                0,
                0.11448676058125508,
                0.9932991786011428,
                0.015795394350012898,
                0,
                0.17175478191083243,
                -0.03545179723260372,
                0.9845016927833585,
                0,
                36.40405273437499,
                -0.00002288818359375,
                -0.000011444091796875,
                1
            ],
            "name": "wrist_L"
        },
        {
            "children": [
                14
            ],
            "matrix": [
                0.6246228814125059,
                0.7809213399887083,
                0.0027810633182527023,
                0,
                -0.0017365993954442382,
                -0.0021722196215024914,
                0.9999960653763422,
                0,
                0.7809244524458534,
                -0.6246253685350911,
                -6.705522532790553e-7,
                0,
                11.31405258178711,
                8.570037841796875,
                11.029968261718754,
                1
            ],
            "name": "pinky_0_L"
        },
        {
            "matrix": [
                0.9999998807907104,
                5.96046448031462e-8,
                5.51342964061341e-7,
                0,
                -5.960431617713091e-8,
                0.9999998807907124,
                -5.960464475873728e-7,
                0,
                -5.513430654247031e-7,
                5.960464858900671e-7,
                0.9999999999998103,
                0,
                7.2058258056640625,
                0.000013351440433240214,
                0.000009536743160509786,
                1
            ],
            "name": "pinky_1_L"
        },
        {
            "children": [
                16
            ],
            "matrix": [
                0.7114654779434204,
                0.7021245956420898,
