{
    "accessors": {
        "attrbute_1": {
            "bufferView": "bufferView_25",
            "byteOffset": 0,
            "byteStride": 12,
            "count": 2740,
            "max": [
                86.85148620605469,
                101.53993225097656,
                118.38670349121094,
                0
            ],
            "min": [
                -86.85145568847656,
                -43.43800735473633,
                0.3176012933254242,
                0
            ],
            "type": 35665
        },
        "attrbute_10": {
            "bufferView": "bufferView_25",
            "byteOffset": 201456,
            "byteStride": 16,
            "count": 1158,
            "max": [
                40,
                42,
                34,
                -1
            ],
            "min": [
                0,
                -1,
                -1,
                -1
            ],
            "type": 35666
        },
        "attrbute_11": {
            "bufferView": "bufferView_25",
            "byteOffset": 219984,
            "byteStride": 12,
            "count": 1158,
            "max": [
                1,
                0.9994410276412964,
                0.9524556994438171
            ],
            "min": [
                0.00012052921374561265,
                0,
                0
            ],
            "type": 35665
        },
        "attrbute_13": {
            "bufferView": "bufferView_25",
            "byteOffset": 233880,
            "byteStride": 12,
            "count": 225,
            "max": [
                12.614826202392578,
                -16.46628189086914,
                141.57412719726562,
                0
            ],
            "min": [
                -12.614823341369629,
                -49.49253845214844,
                87.4762191772461,
                0
            ],
            "type": 35665
        },
        "attrbute_14": {
            "bufferView": "bufferView_25",
            "byteOffset": 236580,
            "byteStride": 12,
            "count": 225,
            "max": [
                0.9652888178825378,
                0.9986743927001953,
                0.9999688267707825,
                0
            ],
            "min": [
                -0.9652889966964722,
                -0.9972599148750305,
                -0.9881144165992737,
                0
            ],
            "type": 35665
        },
        "attrbute_15": {
            "bufferView": "bufferView_25",
            "byteOffset": 239280,
            "byteStride": 8,
            "count": 225,
            "max": [
                0.9969969987869263,
                0.9862290024757385
            ],
            "min": [
                0.011838999576866627,
                0.009516000747680664
            ],
            "type": 35664
        },
        "attrbute_16": {
            "bufferView": "bufferView_25",
            "byteOffset": 241080,
            "byteStride": 16,
            "count": 225,
            "max": [
                0,
                1,
                -1,
                -1
            ],
            "min": [
                0,
                -1,
                -1,
                -1
            ],
            "type": 35666
        },
        "attrbute_17": {
            "bufferView": "bufferView_25",
            "byteOffset": 244680,
            "byteStride": 12,
            "count": 225,
            "max": [
                1,
                0.04570922255516052,
                0
            ],
            "min": [
                0.9542908072471619,
                0,
                0
            ],
            "type": 35665
        },
        "attrbute_19": {
            "bufferView": "bufferView_25",
            "byteOffset": 247380,
            "byteStride": 12,
            "count": 514,
            "max": [
                51.751976013183594,
                -35.67040252685547,
                91.35328674316406,
                0
            ],
            "min": [
                -51.75197219848633,
                -95.9883804321289,
                16.353363037109375,
                0
            ],
            "type": 35665
        },
        "attrbute_2": {
            "bufferView": "bufferView_25",
            "byteOffset": 32880,
            "byteStride": 12,
            "count": 2740,
            "max": [
                0.9999969005584717,
                0.9991054534912109,
                0.9992102384567261,
                0
            ],
            "min": [
                -0.9999969005584717,
                -0.9990264773368835,
                -0.9969682693481445,
                0
            ],
            "type": 35665
        },
        "attrbute_20": {
            "bufferView": "bufferView_25",
            "byteOffset": 253548,
            "byteStride": 12,
            "count": 514,
            "max": [
                0.9990752339363098,
                0.9963581562042236,
                0.9984399676322937,
                0
            ],
            "min": [
                -0.999075174331665,
                -0.9838255643844604,
                -0.9885866045951843,
                0
            ],
            "type": 35665
        },
        "attrbute_21": {
            "bufferView": "bufferView_25",
            "byteOffset": 259716,
            "byteStride": 8,
            "count": 514,
            "max": [
                0.9835500121116638,
                0.9809079766273499
            ],
            "min": [
                0.014374000020325184,
                0.013561010360717773
            ],
            "type": 35664
        },
        "attrbute_22": {
            "bufferView": "bufferView_25",
            "byteOffset": 263828,
            "byteStride": 16,
            "count": 514,
            "max": [
                6,
                6,
                6,
                -1
            ],
            "min": [
                0,
                -1,
                -1,
                -1
            ],
            "type": 35666
        },
        "attrbute_23": {
            "bufferView": "bufferView_25",
            "byteOffset": 272052,
            "byteStride": 12,
            "count": 514,
            "max": [
                1,
                0.9998971819877625,
                0.24932020902633667
            ],
            "min": [
                0.00010281801223754883,
                0,
                0
            ],
            "type": 35665
        },
        "attrbute_3": {
            "bufferView": "bufferView_25",
            "byteOffset": 65760,
            "byteStride": 8,
            "count": 2740,
            "max": [
                1.9941370487213135,
                0.9943220019340515
            ],
            "min": [
                0.007325999904423952,
                0.0063610076904296875
            ],
            "type": 35664
        },
        "attrbute_4": {
            "bufferView": "bufferView_25",
            "byteOffset": 87680,
            "byteStride": 16,
            "count": 2740,
            "max": [
                50,
                51,
                51,
                -1
            ],
            "min": [
                0,
                -1,
                -1,
                -1
            ],
            "type": 35666
        },
        "attrbute_5": {
            "bufferView": "bufferView_25",
            "byteOffset": 131520,
            "byteStride": 12,
            "count": 2740,
            "max": [
                1,
                0.9998958706855774,
                0.9997449517250061
            ],
            "min": [
                0.00010305357864126563,
                0,
                0
            ],
            "type": 35665
        },
        "attrbute_7": {
            "bufferView": "bufferView_25",
            "byteOffset": 164400,
            "byteStride": 12,
            "count": 1158,
            "max": [
                58.627376556396484,
                70.95630645751953,
                132.27151489257812,
                0
            ],
            "min": [
                -58.62737274169922,
                -27.24309539794922,
                30.062192916870117,
                0
            ],
            "type": 35665
        },
        "attrbute_8": {
            "bufferView": "bufferView_25",
            "byteOffset": 178296,
            "byteStride": 12,
            "count": 1158,
            "max": [
                0.9990677833557129,
                0.9872288107872009,
                0.9981750249862671,
                0
            ],
            "min": [
                -0.9985967874526978,
                -0.9975930452346802,
                -0.99759840965271,
                0
            ],
            "type": 35665
        },
        "attrbute_9": {
            "bufferView": "bufferView_25",
            "byteOffset": 192192,
            "byteStride": 8,
            "count": 1158,
            "max": [
                1.9875400066375732,
                0.9970639944076538
            ],
            "min": [
                0.0065449997782707214,
                0.010245025157928467
            ],
            "type": 35664
        },
        "indices_12": {
            "bufferView": "bufferView_27",
            "byteOffset": 25716,
            "count": 4488,
            "type": 5123
        },
        "indices_18": {
            "bufferView": "bufferView_27",
            "byteOffset": 34692,
            "count": 936,
            "type": 5123
        },
        "indices_24": {
            "bufferView": "bufferView_27",
            "byteOffset": 36564,
            "count": 2088,
            "type": 5123
        },
        "indices_6": {
            "bufferView": "bufferView_27",
            "byteOffset": 0,
            "count": 12858,
            "type": 5123
        }
    },
    "animations": {},
    "asset": {},
    "bufferViews": {
        "bufferView_25": {
            "buffer": "nerubian_assassin.bin",
            "byteLength": 278220,
            "byteOffset": 0,
            "target": 34962
        },
        "bufferView_26": {
            "buffer": "nerubian_assassin.bin",
            "byteLength": 8384,
            "byteOffset": 278220
        },
        "bufferView_27": {
            "buffer": "nerubian_assassin.bin",
            "byteLength": 40740,
            "byteOffset": 286604,
            "target": 34963
        }
    },
    "buffers": {
        "nerubian_assassin.bin": {
            "byteLength": 327344,
            "path": "nerubian_assassin.bin"
        }
    },
    "cameras": {},
    "images": {
        "image_0": {
            "path": "textures/nyx_color.png"
        },
        "image_1": {
            "path": "textures/armor_color.png"
        },
        "image_2": {
            "path": "textures/helmet_color.png"
        },
        "image_3": {
            "path": "textures/weapon_color.png"
        }
    },
    "lights": {},
    "materials": {
        "Material #35": {
            "instanceTechnique": {
                "technique": "technique_0",
                "values": {
                    "ambient": [
                        0.5879999995231628,
                        0.5879999995231628,
                        0.5879999995231628
                    ],
                    "diffuse": "Map #5",
                    "emission": [
                        0,
                        0,
                        0
                    ],
                    "shininess": 2,
                    "specular": [
                        0.8999999761581421,
                        0.8999999761581421,
                        0.8999999761581421
                    ],
                    "transparency": 1
                }
            },
            "name": "Material #35"
        },
        "Material #46": {
            "instanceTechnique": {
                "technique": "technique_0",
                "values": {
                    "ambient": [
                        0.5879999995231628,
                        0.5879999995231628,
                        0.5879999995231628
                    ],
                    "diffuse": "Map #6",
                    "emission": [
                        0,
                        0,
                        0
                    ],
                    "shininess": 2,
                    "specular": [
                        0.8999999761581421,
                        0.8999999761581421,
                        0.8999999761581421
                    ],
                    "transparency": 1
                }
            },
            "name": "Material #46"
        },
        "Material #57": {
            "instanceTechnique": {
                "technique": "technique_0",
                "values": {
                    "ambient": [
                        0.5879999995231628,
                        0.5879999995231628,
                        0.5879999995231628
                    ],
                    "diffuse": "Map #7",
                    "emission": [
                        0,
                        0,
                        0
                    ],
                    "shininess": 2,
                    "specular": [
                        0.8999999761581421,
                        0.8999999761581421,
                        0.8999999761581421
                    ],
                    "transparency": 1
                }
            },
            "name": "Material #57"
        },
        "Material #68": {
            "instanceTechnique": {
                "technique": "technique_0",
                "values": {
                    "ambient": [
                        0.5879999995231628,
                        0.5879999995231628,
                        0.5879999995231628
                    ],
                    "diffuse": "Map #8",
                    "emission": [
                        0,
                        0,
                        0
                    ],
                    "shininess": 2,
                    "specular": [
                        0.8999999761581421,
                        0.8999999761581421,
                        0.8999999761581421
                    ],
                    "transparency": 1
                }
            },
            "name": "Material #68"
        }
    },
    "meshes": {
        "nerubian_assassin_armor_model_LOD0-mesh": {
            "name": "nerubian_assassin_armor_model_LOD0-mesh",
            "primitives": [
                {
                    "attributes": {
                        "JOINT": "attrbute_10",
                        "NORMAL": "attrbute_8",
                        "POSITION": "attrbute_7",
                        "TEXCOORD_0": "attrbute_9",
                        "WEIGHT": "attrbute_11"
                    },
                    "indices": "indices_12",
                    "material": "Material #46"
                }
            ]
        },
        "nerubian_assassin_helmet_model_LOD0-mesh": {
            "name": "nerubian_assassin_helmet_model_LOD0-mesh",
            "primitives": [
                {
                    "attributes": {
                        "JOINT": "attrbute_16",
                        "NORMAL": "attrbute_14",
                        "POSITION": "attrbute_13",
                        "TEXCOORD_0": "attrbute_15",
                        "WEIGHT": "attrbute_17"
                    },
                    "indices": "indices_18",
                    "material": "Material #57"
                }
            ]
        },
        "nerubian_assassin_model_LOD0-mesh": {
            "name": "nerubian_assassin_model_LOD0-mesh",
            "primitives": [
                {
                    "attributes": {
                        "JOINT": "attrbute_4",
                        "NORMAL": "attrbute_2",
                        "POSITION": "attrbute_1",
                        "TEXCOORD_0": "attrbute_3",
                        "WEIGHT": "attrbute_5"
                    },
                    "indices": "indices_6",
                    "material": "Material #35"
                }
            ]
        },
        "nerubian_assassin_weapon_model_LOD0-mesh": {
            "name": "nerubian_assassin_weapon_model_LOD0-mesh",
            "primitives": [
                {
                    "attributes": {
                        "JOINT": "attrbute_22",
                        "NORMAL": "attrbute_20",
                        "POSITION": "attrbute_19",
                        "TEXCOORD_0": "attrbute_21",
                        "WEIGHT": "attrbute_23"
                    },
                    "indices": "indices_24",
                    "material": "Material #68"
                }
            ]
        }
    },
    "nodes": {
        "ArachnidLeg_0_A_L": {
            "children": [
                "ArachnidLeg_1_A_L"
            ],
            "jointId": "ArachnidLeg_0_A_L",
            "matrix": [
                -0.19075778126716625,
                0.9810138940811161,
                -0.034972522407770164,
                0,
                -0.10306575906749144,
                -0.055445476261039295,
                -0.9931278804178136,
                0,
                -0.9762114345193451,
                -0.18584242370119225,
                0.11168561107564084,
                0,
                20.273624420166016,
                -0.0000019073486328125,
                0,
                1
            ],
            "name": "ArachnidLeg_0_A_L"
        },
        "ArachnidLeg_0_A_R": {
            "children": [
                "ArachnidLeg_1_A_R"
            ],
            "jointId": "ArachnidLeg_0_A_R",
            "matrix": [
                -0.19075840711593645,
                0.9810142517089845,
                -0.03497246280312538,
                0,
                -0.1030657459224488,
                -0.05544546322056411,
                -0.9931280015113404,
                0,
                -0.9762113504284945,
                -0.18584296942965023,
                0.11168560383695852,
                0,
                -20.273628234863274,
                -0.0000038146972585195726,
                0.0000019073486328125,
                1
            ],
            "name": "ArachnidLeg_0_A_R"
        },
        "ArachnidLeg_0_B_L": {
            "children": [
                "ArachnidLeg_1_B_L"
            ],
            "jointId": "ArachnidLeg_0_B_L",
            "matrix": [
                -0.5600160360336307,
                0.8165767192840576,
                0.13994526863098147,
                0,
                -0.009978669794250591,
                0.1622572657845438,
                -0.9866980300814508,
                0,
                -0.8284216895322076,
                -0.5539631287202719,
                -0.08271831262765182,
                0,
                15.880784988403317,
                -0.000003814697265625,
                0.0000019073486328125,
                1
            ],
            "name": "ArachnidLeg_0_B_L"
        },
        "ArachnidLeg_0_B_R": {
            "children": [
                "ArachnidLeg_1_B_R"
            ],
            "jointId": "ArachnidLeg_0_B_R",
            "matrix": [
                -0.5600165724754335,
                0.816576480865479,
                0.13994535803794853,
                0,
                -0.009978759212067145,
                0.16225738829225328,
                -0.9866982341791382,
                0,
                -0.8284214439605612,
                -0.5539636462148854,
                -0.08271837680563596,
                0,
                -15.88077545166016,
                0.00000762939453125,
                -3.552713678800501e-15,
                1
            ],
            "name": "ArachnidLeg_0_B_R"
        },
        "ArachnidLeg_0_C_L": {
            "children": [
                "ArachnidLeg_1_C_L"
            ],
            "jointId": "ArachnidLeg_0_C_L",
            "matrix": [
                -0.24926099181175254,
                -0.25529128313064614,
                0.9341812729835517,
                0,
                0.41630297526066273,
                0.8427074799684385,
                0.341372681721706,
                0,
                -0.8743914267406356,
                0.4739935590750837,
                -0.10377563024733352,
                0,
                39.511596679687514,
                -0.0000028610229527714637,
                0.000003814697265625,
                1
            ],
            "name": "ArachnidLeg_0_C_L"
        },
        "ArachnidLeg_0_C_R": {
            "children": [
                "ArachnidLeg_1_C_R"
            ],
            "jointId": "ArachnidLeg_0_C_R",
            "matrix": [
                -0.2492615878581999,
                0.25529146194457997,
                0.9341813921928404,
                0,
                -0.4163022677007966,
                0.8427080646275373,
                -0.3413730360639543,
                0,
                -0.87439186606652,
                -0.47399304500404016,
                -0.1037763418813406,
                0,
                39.511608123779304,
                0.0000019073486328125,
                0.000003814697265625,
                1
            ],
            "name": "ArachnidLeg_0_C_R"
        },
        "ArachnidLeg_0_L": {
            "children": [
                "ArachnidLeg_1_L"
            ],
            "jointId": "ArachnidLeg_0_L",
            "matrix": [
                0.11426767706871027,
                0.9933931231498717,
                -0.010623308829963249,
                0,
                -0.00222760471217994,
                -0.010437116388078193,
                -0.9999429585778704,
                0,
                -0.9934473131759157,
                0.11428482106512178,
                0.0010202621344889262,
                0,
                12.747572898864744,
                -0.000003814697269177714,
                -0.0000019073486328125,
                1
            ],
            "name": "ArachnidLeg_0_L"
        },
        "ArachnidLeg_0_R": {
            "children": [
                "ArachnidLeg_1_R"
            ],
            "jointId": "ArachnidLeg_0_R",
            "matrix": [
                0.11426717042922968,
                0.9933935403823853,
                -0.010623026639223092,
                0,
                -0.002227212997948881,
                -0.01043687542569843,
                -0.9999430781489739,
                0,
                -0.9934479175061905,
                0.11428433182283776,
                0.0010199068352957261,
                0,
                -12.747573852539059,
                -0.0000019073486328125,
                9.536743181826068e-7,
                1
            ],
            "name": "ArachnidLeg_0_R"
        },
        "ArachnidLeg_1_A_L": {
            "children": [
                "ArachnidLeg_2_A_L"
            ],
            "jointId": "ArachnidLeg_1_A_L",
            "matrix": [
                -0.38979625701904314,
                1.6065314407259779e-7,
                -0.9209015369415282,
                0,
                -3.615794205887035e-8,
                1.0000004768371586,
                1.8975693290117224e-7,
                0,
                0.9209013347485142,
                1.0726437190029803e-7,
                -0.3897961714354123,
                0,
                43.51737213134766,
                3.552713678800501e-15,
                -0.00000762939453125,
                1
            ],
            "name": "ArachnidLeg_1_A_L"
        },
        "ArachnidLeg_1_A_R": {
            "children": [
                "ArachnidLeg_2_A_R"
            ],
            "jointId": "ArachnidLeg_1_A_R",
            "matrix": [
                -0.38979575037956227,
                4.38187271266377e-7,
                -0.9209014177322387,
                0,
                3.3534952711966604e-7,
                1.0000002384185667,
                3.338789030813208e-7,
                0,
                0.9209011786302702,
                -1.786791884008168e-7,
                -0.38979564917344933,
                0,
                -43.517353057861314,
                0.0000057220458984375,
                -0.000005722045891332073,
                1
            ],
            "name": "ArachnidLeg_1_A_R"
        },
        "ArachnidLeg_1_B_L": {
            "children": [
                "ArachnidLeg_2_B_L"
            ],
            "jointId": "ArachnidLeg_1_B_L",
            "matrix": [
                -0.4156494736671447,
                -3.278255461675039e-7,
                -0.909524738788605,
                0,
                -0.0000013185657305181397,
                0.9999999403949197,
                2.421436336996763e-7,
                0,
                0.9095245063042781,
                0.000001299914770894195,
                -0.41564936742312797,
                0,
                33.6853485107422,
                -0.0000057220458984375,
                0.0000019073486257070726,
                1
            ],
            "name": "ArachnidLeg_1_B_L"
        },
        "ArachnidLeg_1_B_R": {
            "children": [
                "ArachnidLeg_2_B_R"
            ],
            "jointId": "ArachnidLeg_1_B_R",
            "matrix": [
                -0.4156498610973358,
                2.980232215177292e-8,
                -0.90952467918396,
                0,
                8.78715879573666e-7,
                0.9999998807903446,
                -3.688034226276282e-7,
                0,
                0.9095244847405222,
                -9.525067796514741e-7,
                -0.41564977223733945,
                0,
                -33.68536376953124,
                0.0000019073486328125,
                0.0000057220458984375,
                1
            ],
            "name": "ArachnidLeg_1_B_R"
        },
        "ArachnidLeg_1_C_L": {
            "children": [
                "ArachnidLeg_2_C_L"
            ],
            "jointId": "ArachnidLeg_1_C_L",
            "matrix": [
                0.862989068031311,
                -0.1712609231472016,
                -0.4753103852272035,
                0,
                0.057574949559718036,
                0.9680019626285065,
                -0.24424957096209,
                0,
                0.5019315525029975,
                0.18341865036128513,
                0.8452350460104994,
                0,
                36.32312774658203,
                -0.000028610229488634786,
                0.000005722045894884786,
                1
            ],
            "name": "ArachnidLeg_1_C_L"
        },
        "ArachnidLeg_1_C_R": {
            "children": [
                "ArachnidLeg_2_C_R"
            ],
            "jointId": "ArachnidLeg_1_C_R",
            "matrix": [
                0.8629885911941527,
                0.17126049101352692,
                -0.4753108322620394,
                0,
                -0.0575740493047498,
                0.9680013814196716,
                0.24424994404683287,
                0,
                0.5019320377441449,
                -0.1834193933856315,
                0.8452345275689379,
                0,
                36.32313919067382,
                -0.0000019073486328125,
                -0.000009536743167615214,
                1
            ],
            "name": "ArachnidLeg_1_C_R"
        },
        "ArachnidLeg_1_L": {
            "children": [
                "ArachnidLeg_2_L"
            ],
            "jointId": "ArachnidLeg_1_L",
            "matrix": [
                -0.21891462802886968,
                -5.452893674469037e-7,
                -0.9757441282272341,
                0,
                1.0562410505433883e-7,
                1.0000002384185738,
                -5.825422287591281e-7,
                0,
                0.9757441913413282,
                -2.3058907557080982e-7,
                -0.21891464218880402,
                0,
                30.272205352783214,
                -9.536743146298932e-7,
                0.000007629394533026357,
                1
            ],
            "name": "ArachnidLeg_1_L"
        },
        "ArachnidLeg_1_R": {
            "children": [
                "ArachnidLeg_2_R"
            ],
            "jointId": "ArachnidLeg_1_R",
            "matrix": [
                -0.21891486644744845,
                -5.355104802616528e-7,
                -0.975743889808655,
                0,
                -7.048273914503009e-7,
                0.9999999403953731,
                -3.906898708057327e-7,
                0,
                0.9757438834427032,
                6.022032316291628e-7,
                -0.2189148650195341,
                0,
                -30.272205352783196,
                0.00000286102294921875,
                -9.5367431640625e-7,
                1
            ],
            "name": "ArachnidLeg_1_R"
        },
        "ArachnidLeg_2_A_L": {
            "children": [
                "ArachnidLeg_3_A_L"
            ],
            "jointId": "ArachnidLeg_2_A_L",
            "matrix": [
                0.8554670810699463,
                -0.37320223450660694,
                -0.35902056097984314,
                0,
                -4.1941842221504544e-8,
                0.6932813560171139,
                -0.7206667673324396,
                0,
                0.5178567510526585,
                0.6165067606892762,
                0.5930794102058968,
                0,
                31.203824996948246,
                0.00000762939453125,
                0,
                1
            ],
            "name": "ArachnidLeg_2_A_L"
        },
        "ArachnidLeg_2_A_R": {
            "children": [
                "ArachnidLeg_3_A_R"
            ],
            "jointId": "ArachnidLeg_2_A_R",
            "matrix": [
                0.855466961860657,
                -0.37320244312286377,
                -0.35902106761932395,
                0,
                3.676633497096127e-7,
                -0.6932813037344033,
                0.7206668749681095,
                0,
                -0.5178573085184468,
                -0.6165069248469944,
                -0.5930792007624511,
                0,
                -31.2038459777832,
                0.000003814697272730427,
                0.0000152587890625,
                1
            ],
            "name": "ArachnidLeg_2_A_R"
        },
        "ArachnidLeg_2_B_L": {
            "children": [
                "ArachnidLeg_3_B_L"
            ],
            "jointId": "ArachnidLeg_2_B_L",
            "matrix": [
                0.9267733097076414,
                -0.2799109220504759,
                -0.25048306584358215,
                0,
                -7.088986808678754e-8,
                0.6668487766188818,
                -0.7451933766533444,
                0,
                0.37562188491779996,
                0.6906249705607311,
                0.6180172885612322,
                0,
                27.087181091308587,
                0.00002288818359375,
                0.000022888183579539145,
                1
            ],
            "name": "ArachnidLeg_2_B_L"
        },
        "ArachnidLeg_2_B_R": {
            "children": [
                "ArachnidLeg_3_B_R"
            ],
            "jointId": "ArachnidLeg_2_B_R",
            "matrix": [
                0.9267733097076412,
                -0.27991107106208785,
                -0.25048303604125954,
                0,
                2.2371031904722116e-7,
                -0.6668481078691487,
                0.7451936801316417,
                0,
                -0.3756219305133427,
                -0.6906253581060235,
                -0.6180166868666904,
                0,
                -27.087182998657223,
                -0.000003814697265625,
                -0.000015258789076710855,
                1
            ],
            "name": "ArachnidLeg_2_B_R"
        },
        "ArachnidLeg_2_C_L": {
            "children": [
                "ArachnidLeg_3_C_L"
            ],
            "jointId": "ArachnidLeg_2_C_L",
            "matrix": [
                0.4952256679534911,
                0.16698001325130457,
                -0.8525658249855042,
                0,
                -0.41978797770491993,
                0.9051785063175501,
                -0.06655563830397304,
                0,
                0.7606110363828731,
                0.3908570661398657,
                0.5183639945178671,
                0,
                13.921379089355469,
                0.00000762939453125,
                0,
                1
            ],
            "name": "ArachnidLeg_2_C_L"
        },
        "ArachnidLeg_2_C_R": {
            "children": [
                "ArachnidLeg_3_C_R"
            ],
            "jointId": "ArachnidLeg_2_C_R",
            "matrix": [
                0.4952259063720706,
                -0.16698020696640023,
                -0.8525659441947936,
                0,
                0.4197876731474857,
                0.9051788234989029,
                0.06655530169273594,
                0,
                0.7606114469403897,
                -0.3908567000024159,
                0.5183643903182462,
                0,
                13.921409606933594,
                7.105427357601002e-15,
                -0.000007629394524144573,
                1
            ],
            "name": "ArachnidLeg_2_C_R"
        },
        "ArachnidLeg_2_L": {
            "children": [
                "ArachnidLeg_3_L"
            ],
            "jointId": "ArachnidLeg_2_L",
            "matrix": [
                0.8855794072151184,
                -0.274637073278427,
                -0.37459826469421365,
                0,
                1.9931242412063455e-7,
                0.8064753868906118,
                -0.5912677241058438,
                0,
                0.4644882572371605,
                0.5236143777748387,
                0.7141979567958577,
                0,
                24.794456481933594,
                -5.329070518200751e-15,
                0.000003814697265625,
                1
            ],
            "name": "ArachnidLeg_2_L"
        },
        "ArachnidLeg_2_R": {
            "children": [
                "ArachnidLeg_3_R"
            ],
            "jointId": "ArachnidLeg_2_R",
            "matrix": [
                0.8855790495872496,
                -0.274637073278427,
                -0.3745984137058257,
                0,
                3.081149174688491e-8,
                -0.8064752370144177,
                0.5912679230540275,
                0,
                -0.464488504841543,
                -0.5236145740569316,
                -0.7141976707006263,
                0,
                -24.79446411132813,
                0,
                0.000003814697265625,
                1
            ],
            "name": "ArachnidLeg_2_R"
        },
        "ArachnidLeg_3_A_L": {
            "children": [],
            "jointId": "ArachnidLeg_3_A_L",
            "matrix": [
                0.9999999999999998,
                -1.4901161210501002e-7,
                2.9802322464023145e-8,
                0,
                1.490116141589226e-7,
                0.9999999999999896,
                -6.705522524394492e-8,
                0,
                -2.9802312326299152e-8,
                6.705522969177591e-8,
                1.0000000000000042,
                0,
                43.310440063476555,
                -0.00002288818359375,
                -0.00002288818359375,
                1
            ],
            "name": "ArachnidLeg_3_A_L"
        },
        "ArachnidLeg_3_A_R": {
            "children": [],
            "jointId": "ArachnidLeg_3_A_R",
            "matrix": [
                1.0000001192092893,
                5.551115123125783e-17,
                -1.1548399926619712e-7,
                0,
                5.523359547510154e-14,
                1.000000238418586,
                4.786998033419476e-7,
                0,
                1.1548401308847378e-7,
                -4.786998033592949e-7,
                1.0000002384185247,
                0,
                -43.310424804687514,
                -0.000003814697272730427,
                0,
                1
            ],
            "name": "ArachnidLeg_3_A_R"
        },
        "ArachnidLeg_3_B_L": {
            "children": [],
            "jointId": "ArachnidLeg_3_B_L",
            "matrix": [
                1,
                2.682209014892578e-7,
                -1.4901161193847656e-8,
                0,
                -2.682209305215899e-7,
                1.0000001192092578,
                1.9744038579072587e-7,
                0,
                1.4901221284668864e-8,
                -1.974404524526796e-7,
                1.0000004768371427,
                0,
                37.02131271362305,
                0.00000762939453125,
                -1.4210854715202004e-14,
                1
            ],
            "name": "ArachnidLeg_3_B_L"
        },
        "ArachnidLeg_3_B_R": {
            "children": [],
            "jointId": "ArachnidLeg_3_B_R",
            "matrix": [
                0.9999998807907103,
                1.4901161204949886e-7,
                2.2351741776893697e-8,
                0,
                -1.490116502411709e-7,
                1.0000001192092784,
                1.2293457983536538e-7,
                0,
                -2.2351728801162096e-8,
                -1.2293458319379003e-7,
                1.0000001192092878,
                0,
                -37.02130126953125,
                -0.000003814697272730427,
                0,
                1
            ],
            "name": "ArachnidLeg_3_B_R"
        },
        "ArachnidLeg_3_C_L": {
            "children": [
                "ArachnidLeg_3_C_L1"
            ],
            "jointId": "ArachnidLeg_3_C_L",
            "matrix": [
                0.6133745908737185,
                0.09127268195152288,
                -0.7845007181167605,
                0,
                -0.10445905340685607,
                0.9939493120811704,
                0.03396796162915325,
                0,
                0.782854376242134,
                0.061113124103939515,
                0.6191975740273625,
                0,
                26.651222229003906,
                -0.0000152587890625,
                -0.00000762939453125,
                1
            ],
            "name": "ArachnidLeg_3_C_L"
        },
        "ArachnidLeg_3_C_L1": {
            "children": [],
            "jointId": "ArachnidLeg_3_C_L1",
            "matrix": [
                1.0000001192092898,
                -4.470348357044074e-7,
                5.551115123125783e-17,
                0,
                4.470349424523512e-7,
                1.0000003576279124,
                1.49011611910721e-7,
                0,
                -6.666889262874065e-14,
                -1.4901155864777138e-7,
                0.9999999999999976,
                0,
                47.9501953125,
                0.0000152587890625,
                0.00003814697262782829,
                1
            ],
            "name": "ArachnidLeg_3_C_L1"
        },
        "ArachnidLeg_3_C_R": {
            "children": [
                "ArachnidLeg_3_C_R1"
            ],
            "jointId": "ArachnidLeg_3_C_R",
            "matrix": [
                0.6133747100830078,
                -0.09127247333526611,
                -0.7845002412796019,
                0,
                0.10445964725563417,
                0.9939489887745259,
                -0.03396720016334914,
                0,
                0.782853639287774,
                -0.0611140084306461,
                0.6191975797842162,
                0,
                26.651193618774407,
