{
    "accessors": [
        {
            "bufferView": 0,
            "byteOffset": 0,
            "componentType": 5126,
            "count": 2740,
            "max": [
                86.85148620605469,
                101.53993225097656,
                118.38670349121094
            ],
            "min": [
                -86.85145568847656,
                -43.43800735473633,
                0.3176012933254242
            ],
            "type": "VEC3"
        },
        {
            "bufferView": 0,
            "byteOffset": 32880,
            "componentType": 5126,
            "count": 2740,
            "max": [
                0.9999969005584717,
                0.9991054534912109,
                0.9992102384567261
            ],
            "min": [
                -0.9999969005584717,
                -0.9990264773368835,
                -0.9969682693481445
            ],
            "type": "VEC3"
        },
        {
            "bufferView": 0,
            "byteOffset": 65760,
            "componentType": 5126,
            "count": 2740,
            "max": [
                1.9941370487213135,
                0.9936389923095703
            ],
            "min": [
                0.007325999904423952,
                0.005677998065948486
            ],
            "type": "VEC2"
        },
        {
            "bufferView": 0,
            "byteOffset": 87680,
            "componentType": 5123,
            "count": 2740,
            "max": [
                50,
                51,
                51,
                0
            ],
            "min": [
                0,
                0,
                0,
                0
            ],
            "type": "VEC4"
        },
        {
            "bufferView": 0,
            "byteOffset": 109600,
            "componentType": 5126,
            "count": 2740,
            "max": [
                1,
                0.9998958706855774,
                0.9997449517250061,
                0
            ],
            "min": [
                0.00010305357864126563,
                0,
                0,
                0
            ],
            "type": "VEC4"
        },
        {
            "bufferView": 2,
            "byteOffset": 0,
            "componentType": 5123,
            "count": 12858,
            "max": [
                2739
            ],
            "min": [
                0
            ],
            "type": "SCALAR"
        },
        {
            "bufferView": 1,
            "byteOffset": 0,
            "componentType": 5126,
            "count": 52,
            "max": [
                0.873824157244526,
                0.9999999999999735,
                0.9966147675768697,
                0,
                0.446981478550622,
                0.9972355166194712,
                0.9999998854475396,
                0,
                0.9961395423693354,
                0.9269704676224835,
                1,
                0,
                102.98111108340275,
                53.46107006846705,
                79.05891339548556,
                1
            ],
            "min": [
                -0.4226311688036119,
                -0.9105275165604506,
                -0.9471510304215806,
                0,
                -0.9999999999999732,
                -0.9930792700413934,
                -0.9999998259278996,
                0,
                -0.999926098405569,
                -0.9269704359135466,
                -0.7519083973858488,
                0,
                -66.32130375714593,
                -53.461043847509806,
                -90.60180618589418,
                1
            ],
            "type": "MAT4"
        },
        {
            "bufferView": 0,
            "byteOffset": 153440,
            "componentType": 5126,
            "count": 1158,
            "max": [
                58.627376556396484,
                70.95630645751953,
                132.27151489257812
            ],
            "min": [
                -58.62737274169922,
                -27.24309539794922,
                30.062192916870117
            ],
            "type": "VEC3"
        },
        {
            "bufferView": 0,
            "byteOffset": 167336,
            "componentType": 5126,
            "count": 1158,
            "max": [
                0.9990677833557129,
                0.9872288107872009,
                0.9981750249862671
            ],
            "min": [
                -0.9985967874526978,
                -0.9975930452346802,
                -0.99759840965271
            ],
            "type": "VEC3"
        },
        {
            "bufferView": 0,
            "byteOffset": 181232,
            "componentType": 5126,
            "count": 1158,
            "max": [
                1.9875400066375732,
                0.9897549748420715
            ],
            "min": [
                0.0065449997782707214,
                0.0029360055923461914
            ],
            "type": "VEC2"
        },
        {
            "bufferView": 0,
            "byteOffset": 190496,
            "componentType": 5123,
            "count": 1158,
            "max": [
                40,
                42,
                34,
                0
            ],
            "min": [
                0,
                0,
                0,
                0
            ],
            "type": "VEC4"
        },
        {
            "bufferView": 0,
            "byteOffset": 199760,
            "componentType": 5126,
            "count": 1158,
            "max": [
                1,
                0.9994410276412964,
                0.9524556994438171,
                0
            ],
            "min": [
                0.00012052921374561265,
                0,
                0,
                0
            ],
            "type": "VEC4"
        },
        {
            "bufferView": 2,
            "byteOffset": 25716,
            "componentType": 5123,
            "count": 4488,
            "max": [
                1157
            ],
            "min": [
                0
            ],
            "type": "SCALAR"
        },
        {
            "bufferView": 1,
            "byteOffset": 3328,
            "componentType": 5126,
            "count": 43,
            "max": [
                0.7084026200928029,
                0.9999999999999998,
                0.9978044842215622,
                0,
                0.44698141507657374,
                0.998412046362809,
                0.9961395423692375,
                0,
                0.9961395423693353,
                0.4125912964597798,
                1,
                0,
                102.98109892667333,
                37.66955295740359,
                79.05892359199089,
                1
            ],
            "min": [
                -0.4226313784768331,
                -0.9105272464866525,
                -0.9471510919599145,
                0,
                -0.9999999999999732,
                -0.9930793602527603,
                -0.8925156641563713,
                0,
                -0.9999261904643122,
                -0.5023138390944303,
                -0.7519082461702743,
                0,
                -66.32129386792995,
                -32.303183775885714,
                -90.60180358746383,
                1
            ],
            "type": "MAT4"
        },
        {
            "bufferView": 0,
            "byteOffset": 218288,
            "componentType": 5126,
            "count": 225,
            "max": [
                12.614826202392578,
                -16.46628189086914,
                141.57412719726562
            ],
            "min": [
                -12.614823341369629,
                -49.49253845214844,
                87.4762191772461
            ],
            "type": "VEC3"
        },
        {
            "bufferView": 0,
            "byteOffset": 220988,
            "componentType": 5126,
            "count": 225,
            "max": [
                0.9652888178825378,
                0.9986743927001953,
                0.9999688267707825
            ],
            "min": [
                -0.9652889966964722,
                -0.9972599148750305,
                -0.9881144165992737
            ],
            "type": "VEC3"
        },
        {
            "bufferView": 0,
            "byteOffset": 223688,
            "componentType": 5126,
            "count": 225,
            "max": [
                0.9969969987869263,
                0.9904839992523193
            ],
            "min": [
                0.011838999576866627,
                0.013770997524261475
            ],
            "type": "VEC2"
        },
        {
            "bufferView": 0,
            "byteOffset": 225488,
            "componentType": 5123,
            "count": 225,
            "max": [
                0,
                1,
                0,
                0
            ],
            "min": [
                0,
                0,
                0,
                0
            ],
            "type": "VEC4"
        },
        {
            "bufferView": 0,
            "byteOffset": 227288,
            "componentType": 5126,
            "count": 225,
            "max": [
                1,
                0.04570922255516052,
                0,
                0
            ],
            "min": [
                0.9542908072471619,
                0,
                0,
                0
            ],
            "type": "VEC4"
        },
        {
            "bufferView": 2,
            "byteOffset": 34692,
            "componentType": 5123,
            "count": 936,
            "max": [
                224
            ],
            "min": [
                0
            ],
            "type": "SCALAR"
        },
        {
            "bufferView": 1,
            "byteOffset": 6080,
            "componentType": 5126,
            "count": 2,
            "max": [
                1.6292068478213135e-7,
                0.9999999999999732,
                1.5733712637726973e-7,
                0,
                -0.9999999999999732,
                1.6292068478213135e-7,
                1.6005474882527917e-14,
                0,
                6.12323399573702e-17,
                6.123232998135209e-17,
                1,
                0,
                18.424142837523924,
                0.00001366437787662706,
                -35.993499755859375,
                1
            ],
            "min": [
                1.0133808154305935e-7,
                0.9999999999999687,
                -6.123233995736683e-17,
                0,
                -0.99999999999999,
                1.0133808154305718e-7,
                6.123232998135289e-17,
                0,
                6.123233995736603e-17,
                -1.5733712637727079e-7,
                0.9999999999999725,
                0,
                -17.97564697265631,
                -0.000003001673969817245,
                -90.37886810302493,
                1
            ],
            "type": "MAT4"
        },
        {
            "bufferView": 0,
            "byteOffset": 230888,
            "componentType": 5126,
            "count": 514,
            "max": [
                51.751976013183594,
                -35.67040252685547,
                91.35328674316406
            ],
            "min": [
                -51.75197219848633,
                -95.9883804321289,
                16.353363037109375
            ],
            "type": "VEC3"
        },
        {
            "bufferView": 0,
            "byteOffset": 237056,
            "componentType": 5126,
            "count": 514,
            "max": [
                0.9990752339363098,
                0.9963581562042236,
                0.9984399676322937
            ],
            "min": [
                -0.999075174331665,
                -0.9838255643844604,
                -0.9885866045951843
            ],
            "type": "VEC3"
        },
        {
            "bufferView": 0,
            "byteOffset": 243224,
            "componentType": 5126,
            "count": 514,
            "max": [
                0.9835500121116638,
                0.9864389896392822
            ],
            "min": [
                0.014374000020325184,
                0.019092023372650146
            ],
            "type": "VEC2"
        },
        {
            "bufferView": 0,
            "byteOffset": 247336,
            "componentType": 5123,
            "count": 514,
            "max": [
                6,
                6,
                6,
                0
            ],
            "min": [
                0,
                0,
                0,
                0
            ],
            "type": "VEC4"
        },
        {
            "bufferView": 0,
            "byteOffset": 251448,
            "componentType": 5126,
            "count": 514,
            "max": [
                1,
                0.9998971819877625,
                0.24932020902633667,
                0
            ],
            "min": [
                0.00010281801223754883,
                0,
                0,
                0
            ],
            "type": "VEC4"
        },
        {
            "bufferView": 2,
            "byteOffset": 36564,
            "componentType": 5123,
            "count": 2088,
            "max": [
                513
            ],
            "min": [
                0
            ],
            "type": "SCALAR"
        },
        {
            "bufferView": 1,
            "byteOffset": 6208,
            "componentType": 5126,
            "count": 7,
            "max": [
                0.623722435446177,
                0.9999999999999732,
                0.7003666267889643,
                0,
                0.010288120322392695,
                0.3929956767252382,
                0.32860377964294024,
                0,
                0.3013050051611605,
                0.6537209056547914,
                1,
                0,
                67.6002160213527,
                35.80602527924589,
                -35.993499755859375,
                1
            ],
            "min": [
                -0.6237221918687862,
                0.6783655935204984,
                -0.7003665945585392,
                0,
                -0.9999999999999732,
                -0.3929966924455573,
                -0.9194824245114571,
                0,
                -0.7815782675058373,
                -0.6537208188080149,
                -0.2525410727319695,
                0,
                -63.70447390250065,
                -35.80605609632678,
                -91.63101916979372,
                1
            ],
            "type": "MAT4"
        }
    ],
    "asset": {
        "generator": "ClayGL - fbx2gltf",
        "version": "2.0"
    },
    "bufferViews": [
        {
            "buffer": 0,
            "byteLength": 259672,
            "byteOffset": 0,
            "target": 34962
        },
        {
            "buffer": 0,
            "byteLength": 6656,
            "byteOffset": 259672,
            "target": 34962
        },
        {
            "buffer": 0,
            "byteLength": 40740,
            "byteOffset": 266328,
            "target": 34963
        }
    ],
    "buffers": [
        {
            "byteLength": 307068,
            "uri": "nerubian_assassin.bin"
        }
    ],
    "images": [
        {
            "uri": "textures/nyx_color.png"
        },
        {
            "uri": "textures/armor_color.png"
        },
        {
            "uri": "textures/helmet_color.png"
        },
        {
            "uri": "textures/weapon_color.png"
        }
    ],
    "materials": [
        {
            "emissiveFactor": [
                0,
                0,
                0
            ],
            "name": "Material #35",
            "pbrMetallicRoughness": {
                "baseColorFactor": [
                    1,
                    1,
                    1,
                    1
                ],
                "baseColorTexture": {
                    "index": 0,
                    "texCoord": 0
                },
                "metallicFactor": 0,
                "roughnessFactor": 0.9230769230769231
            }
        },
        {
            "emissiveFactor": [
                0,
                0,
                0
            ],
            "name": "Material #46",
            "pbrMetallicRoughness": {
                "baseColorFactor": [
                    1,
                    1,
                    1,
                    1
                ],
                "baseColorTexture": {
                    "index": 1,
                    "texCoord": 0
                },
                "metallicFactor": 0,
                "roughnessFactor": 0.9230769230769231
            }
        },
        {
            "emissiveFactor": [
                0,
                0,
                0
            ],
            "name": "Material #57",
            "pbrMetallicRoughness": {
                "baseColorFactor": [
                    1,
                    1,
                    1,
                    1
                ],
                "baseColorTexture": {
                    "index": 2,
                    "texCoord": 0
                },
                "metallicFactor": 0,
                "roughnessFactor": 0.9230769230769231
            }
        },
        {
            "emissiveFactor": [
                0,
                0,
                0
            ],
            "name": "Material #68",
            "pbrMetallicRoughness": {
                "baseColorFactor": [
                    1,
                    1,
                    1,
                    1
                ],
                "baseColorTexture": {
                    "index": 3,
                    "texCoord": 0
                },
                "metallicFactor": 0,
                "roughnessFactor": 0.9230769230769231
            }
        }
    ],
    "meshes": [
        {
            "name": "nerubian_assassin_model_LOD0",
            "primitives": [
                {
                    "attributes": {
                        "JOINTS_0": 3,
                        "NORMAL": 1,
                        "POSITION": 0,
                        "TEXCOORD_0": 2,
                        "WEIGHTS_0": 4
                    },
                    "indices": 5,
                    "material": 0
                }
            ]
        },
        {
            "name": "nerubian_assassin_armor_model_LOD0",
            "primitives": [
                {
                    "attributes": {
                        "JOINTS_0": 10,
                        "NORMAL": 8,
                        "POSITION": 7,
                        "TEXCOORD_0": 9,
                        "WEIGHTS_0": 11
                    },
                    "indices": 12,
                    "material": 1
                }
            ]
        },
        {
            "name": "nerubian_assassin_helmet_model_LOD0",
            "primitives": [
                {
                    "attributes": {
                        "JOINTS_0": 17,
                        "NORMAL": 15,
                        "POSITION": 14,
                        "TEXCOORD_0": 16,
                        "WEIGHTS_0": 18
                    },
                    "indices": 19,
                    "material": 2
                }
            ]
        },
        {
            "name": "nerubian_assassin_weapon_model_LOD0",
            "primitives": [
                {
                    "attributes": {
                        "JOINTS_0": 24,
                        "NORMAL": 22,
                        "POSITION": 21,
                        "TEXCOORD_0": 23,
                        "WEIGHTS_0": 25
                    },
                    "indices": 26,
                    "material": 3
                }
            ]
        }
    ],
    "nodes": [
        {
            "children": [
                1,
                6,
                42,
                47,
                48,
                53,
                58,
                63
            ],
            "matrix": [
                1.6292068478213574e-7,
                1.469367938527879e-39,
                1.0000000000000002,
                0,
                1.0000000000000002,
                6.123233995736847e-17,
                -1.6292068478213574e-7,
                0,
                -6.123233995736685e-17,
                1,
                9.976014756666736e-24,
                0,
                0,
                35.993499755859375,
                -18.424142837524414,
                1
            ],
            "name": "root"
        },
        {
            "children": [
                2
            ],
            "matrix": [
                0.00034952469286498504,
                0.8382884263992311,
                0.5452267527580262,
                0,
                0.00022749536644694042,
                0.5452266506636829,
                -0.8382884152676089,
                0,
                -0.9999998807907035,
                0.0004170391642317927,
                -1.3655517076344062e-7,
                0,
                -10.541591644287106,
                -9.89621257781982,
                -5.385650634765625,
                1
            ],
            "name": "ArachnidLeg_base_A_R"
        },
        {
            "children": [
                3
            ],
            "matrix": [
                -0.1907584071159363,
                0.981014251708985,
                -0.034972462803125395,
                0,
                -0.10306574592244884,
                -0.05544546322056417,
                -0.9931280015113408,
                0,
                -0.9762113504284948,
                -0.18584296942965053,
                0.11168560383695861,
                0,
                -20.273628234863278,
                -0.000003814697269177714,
                0.0000019073486328125,
                1
            ],
            "name": "ArachnidLeg_0_A_R"
        },
        {
            "children": [
                4
            ],
            "matrix": [
                -0.3897957503795622,
                4.381872713010715e-7,
                -0.9209014177322389,
                0,
                3.3534952712660493e-7,
                1.0000002384185667,
                3.3387890306657564e-7,
                0,
                0.9209011786302703,
                -1.7867918843117447e-7,
                -0.3897956491734493,
                0,
                -43.51735305786133,
                0.000005722045901990214,
                -0.0000057220458984375,
                1
            ],
            "name": "ArachnidLeg_1_A_R"
        },
        {
            "children": [
                5
            ],
            "matrix": [
                0.8554669618606567,
                -0.3732024431228637,
                -0.35902106761932345,
                0,
                3.676633496541015e-7,
                -0.6932813037344033,
                0.7206668749681095,
                0,
                -0.517857308518447,
                -0.6165069248469945,
                -0.5930792007624511,
                0,
                -31.203845977783203,
                0.000003814697269177714,
                0.0000152587890625,
                1
            ],
            "name": "ArachnidLeg_2_A_R"
        },
        {
            "matrix": [
                1.0000001192092896,
                1.1102230246251565e-16,
                -1.1548399928007491e-7,
                0,
                5.517808432387028e-14,
                1.0000002384185862,
                4.786998032968448e-7,
                0,
                1.1548401301908484e-7,
                -4.78699803352356e-7,
                1.000000238418525,
                0,
                -43.3104248046875,
                -0.000003814697272730427,
                0,
                1
            ],
            "name": "ArachnidLeg_3_A_R"
        },
        {
            "children": [
                7
            ],
            "matrix": [
                -0.08778432011604437,
                -2.0929412841230825e-8,
                0.9961394667625427,
                0,
                -4.7591675522688145e-7,
                1.0000000000000002,
                -2.0929414649088198e-8,
                0,
                -0.9961394667625421,
                -4.759167372104621e-7,
                -0.08778432011605425,
                0,
                15.224367141723633,
                0.000003184848992532351,
                16.11672592163086,
                1
            ],
            "name": "spine1"
        },
        {
            "children": [
                8
            ],
            "matrix": [
                0.8964761495590208,
                1.2434497796392414e-14,
                -0.44309243559837336,
                0,
                -2.1128290953929133e-7,
                1,
                -4.2747305428747506e-7,
                0,
                0.4430924355983734,
                4.768372567359456e-7,
                0.8964761495590212,
                0,
                21.10449981689453,
                0.000001256318341802399,
                -0.000006675720213067393,
                1
            ],
            "name": "spine2"
        },
        {
            "children": [
                9,
                15,
                18,
                21,
                24,
                30,
                33,
                36,
                39
            ],
            "matrix": [
                0.5864642858505253,
                6.589145584712242e-8,
                -0.8099751472473148,
                0,
                1.4891094643567544e-7,
                0.9999999999999997,
                1.8916927047029794e-7,
                0,
                0.809975147247323,
                -2.3155518687720024e-7,
                0.5864642858505128,
                0,
                16.239044189453125,
                -0.0000019746839825529605,
                -0.000003814697265625,
                1
            ],
            "name": "spine3"
        },
        {
            "children": [
                10
            ],
            "matrix": [
                0.16485391557216655,
                0.13053259253501895,
                -0.9776423573493958,
                0,
                -0.6955252446044733,
                0.7181833215932929,
                -0.021392003846942842,
                0,
                0.6993339849913389,
                0.6835014007006732,
                0.20918401705481424,
                0,
                -2.647129058837894,
                20.639945983886715,
                -6.820159912109403,
                1
            ],
            "name": "ArachnidLeg_base_C_L"
        },
        {
            "children": [
                11
            ],
            "matrix": [
                -0.24926099181175237,
                -0.2552912831306458,
                0.9341812729835508,
                0,
                0.41630297526066246,
                0.8427074799684383,
                0.34137268172170565,
                0,
                -0.8743914267406352,
                0.47399355907508356,
                -0.10377563024733355,
                0,
                39.51159667968749,
                -0.0000028610229461101255,
                0.0000038146972585195726,
                1
            ],
            "name": "ArachnidLeg_0_C_L"
        },
        {
            "children": [
                12
            ],
            "matrix": [
                0.862989068031311,
                -0.17126092314720154,
                -0.47531038522720326,
                0,
                0.05757494955971801,
                0.9680019626285065,
                -0.24424957096209007,
                0,
                0.5019315525029977,
                0.1834186503612853,
                0.8452350460104994,
                0,
                36.32312774658203,
                -0.000028610229495296124,
                0.000005722045912648355,
                1
            ],
            "name": "ArachnidLeg_1_C_L"
        },
        {
            "children": [
                13
            ],
            "matrix": [
                0.4952256679534913,
                0.16698001325130454,
                -0.852565824985504,
                0,
                -0.41978797770492027,
                0.9051785063175506,
                -0.06655563830397317,
                0,
                0.7606110363828733,
                0.3908570661398658,
                0.5183639945178671,
                0,
                13.921379089355476,
                0.000007629394526142974,
                0,
                1
            ],
            "name": "ArachnidLeg_2_C_L"
        },
        {
            "children": [
                14
            ],
            "matrix": [
                0.6133745908737185,
                0.09127268195152267,
                -0.7845007181167606,
                0,
                -0.10445905340685627,
                0.9939493120811703,
                0.03396796162915322,
                0,
                0.7828543762421343,
                0.06111312410393954,
                0.6191975740273623,
                0,
                26.651222229003906,
                -0.0000152587890625,
                -0.00000762939453125,
                1
            ],
            "name": "ArachnidLeg_3_C_L"
        },
        {
            "matrix": [
                1.0000001192092896,
                -4.4703483576859215e-7,
                8.673617379884035e-18,
                0,
                4.4703494241071784e-7,
                1.0000003576279128,
                1.4901161199398771e-7,
                0,
                -6.66203203714133e-14,
                -1.4901155859226023e-7,
                0.9999999999999978,
                0,
                47.9501953125,
                0.000015258789055394573,
                0.00003814697265625,
                1
            ],
            "name": "ArachnidLeg_3_C_L1"
        },
        {
            "children": [
                16
            ],
            "matrix": [
                -0.32987967133522017,
                0.028361247852444735,
                -0.9435967206954962,
                0,
                -0.639320816314838,
                0.7287272413354798,
                0.2454083927945052,
                0,
                0.6945848355278944,
                0.6842163761012304,
                -0.22226040259707566,
                0,
                -17.192739486694336,
                22.795644760131832,
                22.300628662109375,
                1
            ],
            "name": "cloth2_R0C0"
        },
        {
            "children": [
                17
            ],
            "matrix": [
                0.9974005222320558,
                -0.06771090626716612,
                0.024644734337925897,
                0,
                0.06771088089128817,
                0.9977044450040653,
                0.0008360486244018417,
                0,
                -0.02464477547181939,
                0.0008348415016284361,
                0.999695897010939,
                0,
                2.2506103515625,
                0,
                0.00000476837158203125,
                1
            ],
            "name": "cloth2_R1C0"
        },
        {
            "matrix": [
                1.0000003576278682,
                9.313225744420062e-9,
                1.86264514576151e-9,
                0,
                -9.313223593362951e-9,
                1.0000001192092896,
                3.831519274077877e-8,
                0,
                -1.862644573302763e-9,
                -3.831519729269317e-8,
                1.00000023841858,
                0,
                9.387710571289062,
                -0.023048400878899145,
                0.041868209838868964,
                1
            ],
            "name": "cloth2_R2C0"
        },
        {
            "children": [
                19
            ],
            "matrix": [
                -0.22476463019847898,
                -0.07961404323577884,
                -0.9711551070213323,
                0,
                -0.7347786750400112,
                -0.6407463218796162,
                0.22258510611079788,
                0,
                -0.639985100570116,
                0.7636134859315492,
                0.08551842725981355,
                0,
                16.67494010925293,
                -13.945103645324707,
                -20.892562866210938,
                1
            ],
            "name": "cloth5_R0C0"
        },
        {
            "children": [
                20
            ],
            "matrix": [
                0.9942402839660641,
                -0.018611188977956758,
                0.10554742813110352,
                0,
                0.018611201709109407,
                0.9998266099207093,
                0.0009849175110208663,
                0,
                -0.10554743881953481,
                0.0009851196323917288,
                0.9944140908966371,
                0,
                2.042243957519517,
                -0.000018119812008166036,
                -0.0000152587890625,
                1
            ],
            "name": "cloth5_R1C0"
        },
        {
            "matrix": [
                0.9999999999999997,
                -1.4901161197317103e-8,
                5.587935447692871e-9,
                0,
                1.490115868543751e-8,
                0.9999998807907102,
                1.306470951423222e-7,
                0,
                -5.587936724449349e-9,
                -1.3064709497578875e-7,
                0.9999998807907104,
                0,
                17.65343475341797,
                -0.049569606781007636,
                -0.11991310119628906,
                1
            ],
            "name": "cloth5_R2C0"
        },
        {
            "children": [
                22
            ],
            "matrix": [
                -0.2239434868097305,
                -0.11328655481338508,
                -0.9679955244064335,
                0,
                -0.9704033680831633,
                -0.06617434237423252,
                0.2322450584292949,
                0,
                -0.09036672687852637,
                0.9913560728123001,
                -0.0951143593664131,
                0,
                -8.87081527709961,
                27.71144866943359,
                19.880348205566406,
                1
            ],
            "name": "cloth1_R0C0"
        },
        {
            "children": [
                23
            ],
            "matrix": [
                0.9872734546661376,
                0.03741372376680374,
                0.15456876158714292,
                0,
                -0.039144087050820356,
                0.9992001056879086,
                0.00816543587130552,
                0,
                -0.15413963797638017,
                -0.014111972461039471,
                0.9879483587587525,
                0,
                1.9231796264648438,
                -1.7763568394002505e-15,
                0.000003814697265625,
                1
            ],
            "name": "cloth1_R1C0"
        },
        {
            "matrix": [
                0.9999999403953554,
                1.862645152700404e-9,
                -1.1175870914684541e-8,
                0,
                -2.0733373351511375e-9,
                0.9998218417167138,
                -0.0188820995418355,
                0,
                1.1138708507201639e-8,
                0.01888209729330774,
                0.9998217226554197,
                0,
                17.924499511718736,
                0.021226882934573865,
                0.04290771484375,
                1
            ],
            "name": "cloth1_R2C0"
        },
        {
            "children": [
                25
            ],
            "matrix": [
                0.1648538410663602,
                -0.13053236901760082,
                -0.9776422977447513,
                0,
                0.6955251080098582,
                0.7181834633993507,
                0.021392074376264253,
                0,
                0.6993340286722906,
                -0.6835011890944243,
                0.20918379935651635,
                0,
                -2.6471328735351562,
                -20.639945983886715,
                -6.8201446533203125,
                1
            ],
            "name": "ArachnidLeg_base_C_R"
        },
        {
            "children": [
                26
            ],
            "matrix": [
                -0.24926158785820013,
                0.2552914619445801,
                0.9341813921928404,
                0,
                -0.4163022677007967,
                0.8427080646275373,
                -0.3413730360639542,
                0,
                -0.8743918660665198,
                -0.47399304500403994,
                -0.10377634188134044,
                0,
                39.5116081237793,
                0.000001907348635032946,
                0.000003814697272730427,
                1
            ],
            "name": "ArachnidLeg_0_C_R"
        },
        {
            "children": [
                27
            ],
            "matrix": [
                0.8629885911941528,
                0.17126049101352703,
                -0.4753108322620394,
                0,
                -0.05757404930474984,
                0.9680013814196722,
                0.24424994404683303,
                0,
                0.501932037744145,
                -0.1834193933856315,
                0.8452345275689381,
                0,
                36.32313919067383,
                -0.000001907348630592054,
                -0.000009536743160509786,
                1
            ],
            "name": "ArachnidLeg_1_C_R"
        },
        {
            "children": [
                28
            ],
            "matrix": [
                0.49522590637207065,
                -0.16698020696640023,
                -0.8525659441947935,
                0,
                0.4197876731474858,
                0.9051788234989029,
                0.06655530169273602,
                0,
                0.7606114469403902,
                -0.39085670000241607,
                0.5183643903182462,
                0,
                13.921409606933594,
                1.9984014443252818e-15,
                -0.000007629394538355427,
                1
            ],
            "name": "ArachnidLeg_2_C_R"
        },
        {
            "children": [
                29
            ],
            "matrix": [
                0.6133747100830079,
                -0.09127247333526614,
                -0.7845002412796019,
                0,
                0.10445964725563406,
                0.9939489887745261,
                -0.03396720016334914,
                0,
                0.7828536392877743,
                -0.061114008430646016,
                0.6191975797842164,
                0,
                26.651193618774414,
                7.105427357601002e-15,
                -0.00000762939453125,
                1
            ],
            "name": "ArachnidLeg_3_C_R"
        },
        {
            "matrix": [
                0.999999940395355,
                2.086162567563679e-7,
                -1.0430812841591419e-7,
                0,
                -2.0861628797098214e-7,
                1.000000119209296,
                5.960464460885717e-8,
                0,
                1.0430817191237063e-7,
                -5.9604630286980154e-8,
