{
    "animations": {},
    "asset": {},
    "attributes": {
        "attribute_1": {
            "bufferView": "bufferView_25",
            "byteOffset": 0,
            "byteStride": 12,
            "count": 2167,
            "max": [
                1,
                1,
                1
            ],
            "min": [
                0,
                0,
                0
            ],
            "type": "FLOAT_VEC3"
        },
        "attribute_10": {
            "bufferView": "bufferView_25",
            "byteOffset": 165572,
            "byteStride": 16,
            "count": 1111,
            "max": [
                1,
                1,
                1
            ],
            "min": [
                0,
                0,
                0
            ],
            "type": "FLOAT_VEC4"
        },
        "attribute_11": {
            "bufferView": "bufferView_25",
            "byteOffset": 183348,
            "byteStride": 12,
            "count": 1111,
            "max": [
                1,
                1,
                1
            ],
            "min": [
                0,
                0,
                0
            ],
            "type": "FLOAT_VEC3"
        },
        "attribute_13": {
            "bufferView": "bufferView_25",
            "byteOffset": 196680,
            "byteStride": 12,
            "count": 173,
            "max": [
                1,
                1,
                1
            ],
            "min": [
                0,
                0,
                0
            ],
            "type": "FLOAT_VEC3"
        },
        "attribute_14": {
            "bufferView": "bufferView_25",
            "byteOffset": 198756,
            "byteStride": 12,
            "count": 173,
            "max": [
                1,
                1,
                1
            ],
            "min": [
                0,
                0,
                0
            ],
            "type": "FLOAT_VEC3"
        },
        "attribute_15": {
            "bufferView": "bufferView_25",
            "byteOffset": 200832,
            "byteStride": 8,
            "count": 173,
            "max": [
                1,
                1,
                1
            ],
            "min": [
                0,
                0,
                0
            ],
            "type": "FLOAT_VEC2"
        },
        "attribute_16": {
            "bufferView": "bufferView_25",
            "byteOffset": 202216,
            "byteStride": 16,
            "count": 173,
            "max": [
                1,
                1,
                1
            ],
            "min": [
                0,
                0,
                0
            ],
            "type": "FLOAT_VEC4"
        },
        "attribute_17": {
            "bufferView": "bufferView_25",
            "byteOffset": 204984,
            "byteStride": 12,
            "count": 173,
            "max": [
                1,
                1,
                1
            ],
            "min": [
                0,
                0,
                0
            ],
            "type": "FLOAT_VEC3"
        },
        "attribute_19": {
            "bufferView": "bufferView_25",
            "byteOffset": 207060,
            "byteStride": 12,
            "count": 416,
            "max": [
                1,
                1,
                1
            ],
            "min": [
                0,
                0,
                0
            ],
            "type": "FLOAT_VEC3"
        },
        "attribute_2": {
            "bufferView": "bufferView_25",
            "byteOffset": 26004,
            "byteStride": 12,
            "count": 2167,
            "max": [
                1,
                1,
                1
            ],
            "min": [
                0,
                0,
                0
            ],
            "type": "FLOAT_VEC3"
        },
        "attribute_20": {
            "bufferView": "bufferView_25",
            "byteOffset": 212052,
            "byteStride": 12,
            "count": 416,
            "max": [
                1,
                1,
                1
            ],
            "min": [
                0,
                0,
                0
            ],
            "type": "FLOAT_VEC3"
        },
        "attribute_21": {
            "bufferView": "bufferView_25",
            "byteOffset": 217044,
            "byteStride": 8,
            "count": 416,
            "max": [
                1,
                1,
                1
            ],
            "min": [
                0,
                0,
                0
            ],
            "type": "FLOAT_VEC2"
        },
        "attribute_22": {
            "bufferView": "bufferView_25",
            "byteOffset": 220372,
            "byteStride": 16,
            "count": 416,
            "max": [
                1,
                1,
                1
            ],
            "min": [
                0,
                0,
                0
            ],
            "type": "FLOAT_VEC4"
        },
        "attribute_23": {
            "bufferView": "bufferView_25",
            "byteOffset": 227028,
            "byteStride": 12,
            "count": 416,
            "max": [
                1,
                1,
                1
            ],
            "min": [
                0,
                0,
                0
            ],
            "type": "FLOAT_VEC3"
        },
        "attribute_3": {
            "bufferView": "bufferView_25",
            "byteOffset": 52008,
            "byteStride": 8,
            "count": 2167,
            "max": [
                1,
                1,
                1
            ],
            "min": [
                0,
                0,
                0
            ],
            "type": "FLOAT_VEC2"
        },
        "attribute_4": {
            "bufferView": "bufferView_25",
            "byteOffset": 69344,
            "byteStride": 16,
            "count": 2167,
            "max": [
                1,
                1,
                1
            ],
            "min": [
                0,
                0,
                0
            ],
            "type": "FLOAT_VEC4"
        },
        "attribute_5": {
            "bufferView": "bufferView_25",
            "byteOffset": 104016,
            "byteStride": 12,
            "count": 2167,
            "max": [
                1,
                1,
                1
            ],
            "min": [
                0,
                0,
                0
            ],
            "type": "FLOAT_VEC3"
        },
        "attribute_7": {
            "bufferView": "bufferView_25",
            "byteOffset": 130020,
            "byteStride": 12,
            "count": 1111,
            "max": [
                1,
                1,
                1
            ],
            "min": [
                0,
                0,
                0
            ],
            "type": "FLOAT_VEC3"
        },
        "attribute_8": {
            "bufferView": "bufferView_25",
            "byteOffset": 143352,
            "byteStride": 12,
            "count": 1111,
            "max": [
                1,
                1,
                1
            ],
            "min": [
                0,
                0,
                0
            ],
            "type": "FLOAT_VEC3"
        },
        "attribute_9": {
            "bufferView": "bufferView_25",
            "byteOffset": 156684,
            "byteStride": 8,
            "count": 1111,
            "max": [
                1,
                1,
                1
            ],
            "min": [
                0,
                0,
                0
            ],
            "type": "FLOAT_VEC2"
        }
    },
    "bufferViews": {
        "bufferView_25": {
            "buffer": "nerubian_assassin.bin",
            "byteLength": 232020,
            "byteOffset": 0,
            "target": "ARRAY_BUFFER"
        },
        "bufferView_26": {
            "buffer": "nerubian_assassin.bin",
            "byteLength": 40740,
            "byteOffset": 232020,
            "target": "ELEMENT_ARRAY_BUFFER"
        }
    },
    "buffers": {
        "nerubian_assassin.bin": {
            "byteLength": 272760,
            "path": "nerubian_assassin.bin"
        }
    },
    "cameras": {},
    "images": {
        "image_0": {
            "path": "textures/nyx_color.png"
        },
        "image_1": {
            "path": "textures/armor_color.png"
        },
        "image_2": {
            "path": "textures/helmet_color.png"
        },
        "image_3": {
            "path": "textures/weapon_color.png"
        }
    },
    "indices": {
        "indices_12": {
            "bufferView": "bufferView_26",
            "byteOffset": 25716,
            "count": 4488,
            "type": "UNSIGNED_SHORT"
        },
        "indices_18": {
            "bufferView": "bufferView_26",
            "byteOffset": 34692,
            "count": 936,
            "type": "UNSIGNED_SHORT"
        },
        "indices_24": {
            "bufferView": "bufferView_26",
            "byteOffset": 36564,
            "count": 2088,
            "type": "UNSIGNED_SHORT"
        },
        "indices_6": {
            "bufferView": "bufferView_26",
            "byteOffset": 0,
            "count": 12858,
            "type": "UNSIGNED_SHORT"
        }
    },
    "lights": {},
    "materials": {
        "Material #35": {
            "instanceTechnique": {
                "technique": "technique_0",
                "values": [
                    {
                        "parameter": "ambient",
                        "value": [
                            0.5879999995231628,
                            0.5879999995231628,
                            0.5879999995231628
                        ]
                    },
                    {
                        "parameter": "emission",
                        "value": [
                            0,
                            0,
                            0
                        ]
                    },
                    {
                        "parameter": "diffuse",
                        "value": "Map #5"
                    },
                    {
                        "parameter": "shininess",
                        "value": 2
                    },
                    {
                        "parameter": "specular",
                        "value": [
                            0.8999999761581421,
                            0.8999999761581421,
                            0.8999999761581421
                        ]
                    }
                ]
            },
            "name": "Material #35"
        },
        "Material #46": {
            "instanceTechnique": {
                "technique": "technique_0",
                "values": [
                    {
                        "parameter": "ambient",
                        "value": [
                            0.5879999995231628,
                            0.5879999995231628,
                            0.5879999995231628
                        ]
                    },
                    {
                        "parameter": "emission",
                        "value": [
                            0,
                            0,
                            0
                        ]
                    },
                    {
                        "parameter": "diffuse",
                        "value": "Map #6"
                    },
                    {
                        "parameter": "shininess",
                        "value": 2
                    },
                    {
                        "parameter": "specular",
                        "value": [
                            0.8999999761581421,
                            0.8999999761581421,
                            0.8999999761581421
                        ]
                    }
                ]
            },
            "name": "Material #46"
        },
        "Material #57": {
            "instanceTechnique": {
                "technique": "technique_0",
                "values": [
                    {
                        "parameter": "ambient",
                        "value": [
                            0.5879999995231628,
                            0.5879999995231628,
                            0.5879999995231628
                        ]
                    },
                    {
                        "parameter": "emission",
                        "value": [
                            0,
                            0,
                            0
                        ]
                    },
                    {
                        "parameter": "diffuse",
                        "value": "Map #7"
                    },
                    {
                        "parameter": "shininess",
                        "value": 2
                    },
                    {
                        "parameter": "specular",
                        "value": [
                            0.8999999761581421,
                            0.8999999761581421,
                            0.8999999761581421
                        ]
                    }
                ]
            },
            "name": "Material #57"
        },
        "Material #68": {
            "instanceTechnique": {
                "technique": "technique_0",
                "values": [
                    {
                        "parameter": "ambient",
                        "value": [
                            0.5879999995231628,
                            0.5879999995231628,
                            0.5879999995231628
                        ]
                    },
                    {
                        "parameter": "emission",
                        "value": [
                            0,
                            0,
                            0
                        ]
                    },
                    {
                        "parameter": "diffuse",
                        "value": "Map #8"
                    },
                    {
                        "parameter": "shininess",
                        "value": 2
                    },
                    {
                        "parameter": "specular",
                        "value": [
                            0.8999999761581421,
                            0.8999999761581421,
                            0.8999999761581421
                        ]
                    }
                ]
            },
            "name": "Material #68"
        }
    },
    "meshes": {
        "nerubian_assassin_armor_model_LOD0-mesh": {
            "name": "nerubian_assassin_armor_model_LOD0-mesh",
            "primitives": [
                {
                    "indices": "indices_12",
                    "material": "Material #46",
                    "semantics": {
                        "JOINT": "attribute_10",
                        "NORMAL": "attribute_8",
                        "POSITION": "attribute_7",
                        "TEXCOORD_0": "attribute_9",
                        "WEIGHT": "attribute_11"
                    },
                    "skin": "skin_1"
                }
            ]
        },
        "nerubian_assassin_helmet_model_LOD0-mesh": {
            "name": "nerubian_assassin_helmet_model_LOD0-mesh",
            "primitives": [
                {
                    "indices": "indices_18",
                    "material": "Material #57",
                    "semantics": {
                        "JOINT": "attribute_16",
                        "NORMAL": "attribute_14",
                        "POSITION": "attribute_13",
                        "TEXCOORD_0": "attribute_15",
                        "WEIGHT": "attribute_17"
                    },
                    "skin": "skin_2"
                }
            ]
        },
        "nerubian_assassin_model_LOD0-mesh": {
            "name": "nerubian_assassin_model_LOD0-mesh",
            "primitives": [
                {
                    "indices": "indices_6",
                    "material": "Material #35",
                    "semantics": {
                        "JOINT": "attribute_4",
                        "NORMAL": "attribute_2",
                        "POSITION": "attribute_1",
                        "TEXCOORD_0": "attribute_3",
                        "WEIGHT": "attribute_5"
                    },
                    "skin": "skin_0"
                }
            ]
        },
        "nerubian_assassin_weapon_model_LOD0-mesh": {
            "name": "nerubian_assassin_weapon_model_LOD0-mesh",
            "primitives": [
                {
                    "indices": "indices_24",
                    "material": "Material #68",
                    "semantics": {
                        "JOINT": "attribute_22",
                        "NORMAL": "attribute_20",
                        "POSITION": "attribute_19",
                        "TEXCOORD_0": "attribute_21",
                        "WEIGHT": "attribute_23"
                    },
                    "skin": "skin_3"
                }
            ]
        }
    },
    "nodes": {
        "ArachnidLeg_0_A_L": {
            "children": [
                "ArachnidLeg_1_A_L"
            ],
            "matrix": [
                -0.19075778126716625,
                0.9810138940811161,
                -0.034972522407770164,
                0,
                -0.10306575906749144,
                -0.055445476261039295,
                -0.9931278804178136,
                0,
                -0.9762114345193451,
                -0.18584242370119225,
                0.11168561107564084,
                0,
                20.273624420166016,
                -0.0000019073486328125,
                0,
                1
            ],
            "name": "ArachnidLeg_0_A_L"
        },
        "ArachnidLeg_0_A_R": {
            "children": [
                "ArachnidLeg_1_A_R"
            ],
            "matrix": [
                -0.19075840711593645,
                0.9810142517089845,
                -0.03497246280312538,
                0,
                -0.1030657459224488,
                -0.05544546322056411,
                -0.9931280015113404,
                0,
                -0.9762113504284945,
                -0.18584296942965023,
                0.11168560383695852,
                0,
                -20.273628234863274,
                -0.0000038146972585195726,
                0.0000019073486328125,
                1
            ],
            "name": "ArachnidLeg_0_A_R"
        },
        "ArachnidLeg_0_B_L": {
            "children": [
                "ArachnidLeg_1_B_L"
            ],
            "matrix": [
                -0.5600160360336306,
                0.8165767192840576,
                0.13994526863098145,
                0,
                -0.009978669794250591,
                0.162257265784544,
                -0.9866980300814508,
                0,
                -0.8284216895322078,
                -0.553963128720272,
                -0.08271831262765188,
                0,
                15.880784988403317,
                -0.000003814697265625,
                0.0000019073486328125,
                1
            ],
            "name": "ArachnidLeg_0_B_L"
        },
        "ArachnidLeg_0_B_R": {
            "children": [
                "ArachnidLeg_1_B_R"
            ],
            "matrix": [
                -0.5600165724754335,
                0.816576480865479,
                0.13994535803794853,
                0,
                -0.009978759212067145,
                0.16225738829225328,
                -0.9866982341791382,
                0,
                -0.8284214439605612,
                -0.5539636462148854,
                -0.08271837680563596,
                0,
                -15.88077545166016,
                0.00000762939453125,
                -3.552713678800501e-15,
                1
            ],
            "name": "ArachnidLeg_0_B_R"
        },
        "ArachnidLeg_0_C_L": {
            "children": [
                "ArachnidLeg_1_C_L"
            ],
            "matrix": [
                -0.24926099181175243,
                -0.25529128313064603,
                0.934181272983551,
                0,
                0.41630297526066273,
                0.8427074799684385,
                0.341372681721706,
                0,
                -0.8743914267406354,
                0.47399355907508367,
                -0.1037756302473335,
                0,
                39.511596679687514,
                -0.0000028610229527714637,
                0.0000038146972585195726,
                1
            ],
            "name": "ArachnidLeg_0_C_L"
        },
        "ArachnidLeg_0_C_R": {
            "children": [
                "ArachnidLeg_1_C_R"
            ],
            "matrix": [
                -0.24926158785819996,
                0.25529146194457986,
                0.9341813921928405,
                0,
                -0.4163022677007965,
                0.8427080646275373,
                -0.3413730360639542,
                0,
                -0.8743918660665198,
                -0.47399304500403977,
                -0.10377634188134047,
                0,
                39.5116081237793,
                0.000001907348634588857,
                0.000003814697265625,
                1
            ],
            "name": "ArachnidLeg_0_C_R"
        },
        "ArachnidLeg_0_L": {
            "children": [
                "ArachnidLeg_1_L"
            ],
            "matrix": [
                0.11426767706871027,
                0.9933931231498717,
                -0.010623308829963249,
                0,
                -0.00222760471217994,
                -0.010437116388078193,
                -0.9999429585778704,
                0,
                -0.9934473131759157,
                0.11428482106512178,
                0.0010202621344889262,
                0,
                12.747572898864744,
                -0.000003814697269177714,
                -0.0000019073486328125,
                1
            ],
            "name": "ArachnidLeg_0_L"
        },
        "ArachnidLeg_0_R": {
            "children": [
                "ArachnidLeg_1_R"
            ],
            "matrix": [
                0.11426717042922968,
                0.9933935403823853,
                -0.010623026639223092,
                0,
                -0.002227212997948881,
                -0.01043687542569843,
                -0.9999430781489739,
                0,
                -0.9934479175061905,
                0.11428433182283776,
                0.0010199068352957261,
                0,
                -12.747573852539059,
                -0.0000019073486328125,
                9.536743181826068e-7,
                1
            ],
            "name": "ArachnidLeg_0_R"
        },
        "ArachnidLeg_1_A_L": {
            "children": [
                "ArachnidLeg_2_A_L"
            ],
            "matrix": [
                -0.38979625701904314,
                1.6065314407259779e-7,
                -0.9209015369415282,
                0,
                -3.615794205887035e-8,
                1.0000004768371586,
                1.8975693290117224e-7,
                0,
                0.9209013347485142,
                1.0726437190029803e-7,
                -0.3897961714354123,
                0,
                43.51737213134766,
                3.552713678800501e-15,
                -0.00000762939453125,
                1
            ],
            "name": "ArachnidLeg_1_A_L"
        },
        "ArachnidLeg_1_A_R": {
            "children": [
                "ArachnidLeg_2_A_R"
            ],
            "matrix": [
                -0.38979575037956227,
                4.38187271266377e-7,
                -0.9209014177322387,
                0,
                3.3534952711966604e-7,
                1.0000002384185667,
                3.338789030813208e-7,
                0,
                0.9209011786302702,
                -1.786791884008168e-7,
                -0.38979564917344933,
                0,
                -43.517353057861314,
                0.0000057220458984375,
                -0.000005722045891332073,
                1
            ],
            "name": "ArachnidLeg_1_A_R"
        },
        "ArachnidLeg_1_B_L": {
            "children": [
                "ArachnidLeg_2_B_L"
            ],
            "matrix": [
                -0.4156494736671446,
                -3.27825546292404e-7,
                -0.9095247387886048,
                0,
                -0.0000013185657305458953,
                0.9999999403949197,
                2.4214363376212633e-7,
                0,
                0.9095245063042781,
                0.000001299914770755417,
                -0.4156493674231281,
                0,
                33.68534851074218,
                -0.000005722045905542927,
                0.0000019073486257070726,
                1
            ],
            "name": "ArachnidLeg_1_B_L"
        },
        "ArachnidLeg_1_B_R": {
            "children": [
                "ArachnidLeg_2_B_R"
            ],
            "matrix": [
                -0.4156498610973358,
                2.980232215177292e-8,
                -0.90952467918396,
                0,
                8.78715879573666e-7,
                0.9999998807903446,
                -3.688034226276282e-7,
                0,
                0.9095244847405222,
                -9.525067796514741e-7,
                -0.41564977223733945,
                0,
                -33.68536376953124,
                0.0000019073486328125,
                0.0000057220458984375,
                1
            ],
            "name": "ArachnidLeg_1_B_R"
        },
        "ArachnidLeg_1_C_L": {
            "children": [
                "ArachnidLeg_2_C_L"
            ],
            "matrix": [
                0.8629890680313113,
                -0.17126092314720165,
                -0.4753103852272035,
                0,
                0.05757494955971798,
                0.9680019626285066,
                -0.24424957096209005,
                0,
                0.5019315525029977,
                0.18341865036128524,
                0.8452350460104997,
                0,
                36.32312774658204,
                -0.000028610229495740214,
                0.0000057220458984375,
                1
            ],
            "name": "ArachnidLeg_1_C_L"
        },
        "ArachnidLeg_1_C_R": {
            "children": [
                "ArachnidLeg_2_C_R"
            ],
            "matrix": [
                0.8629885911941528,
                0.171260491013527,
                -0.4753108322620394,
                0,
                -0.05757404930474974,
                0.9680013814196721,
                0.24424994404683312,
                0,
                0.501932037744145,
                -0.18341939338563157,
                0.8452345275689381,
                0,
                36.32313919067384,
                -0.0000019073486399179274,
                -0.0000095367431640625,
                1
            ],
            "name": "ArachnidLeg_1_C_R"
        },
        "ArachnidLeg_1_L": {
            "children": [
                "ArachnidLeg_2_L"
            ],
            "matrix": [
                -0.21891462802886985,
                -5.452893674737919e-7,
                -0.9757441282272341,
                0,
                1.0562410506908398e-7,
                1.000000238418574,
                -5.825422286801982e-7,
                0,
                0.9757441913413285,
                -2.3058907554565633e-7,
                -0.21891464218880385,
                0,
                30.272205352783214,
                -9.536743146298932e-7,
                0.000007629394533026357,
                1
            ],
            "name": "ArachnidLeg_1_L"
        },
        "ArachnidLeg_1_R": {
            "children": [
                "ArachnidLeg_2_R"
            ],
            "matrix": [
                -0.21891486644744845,
                -5.355104802616528e-7,
                -0.975743889808655,
                0,
                -7.048273914503009e-7,
                0.9999999403953731,
                -3.906898708057327e-7,
                0,
                0.9757438834427032,
                6.022032316291628e-7,
                -0.2189148650195341,
                0,
                -30.272205352783196,
                0.00000286102294921875,
                -9.5367431640625e-7,
                1
            ],
            "name": "ArachnidLeg_1_R"
        },
        "ArachnidLeg_2_A_L": {
            "children": [
                "ArachnidLeg_3_A_L"
            ],
            "matrix": [
                0.8554670810699463,
                -0.37320223450660694,
                -0.3590205609798432,
                0,
                -4.194184216599339e-8,
                0.6932813560171139,
                -0.7206667673324398,
                0,
                0.5178567510526585,
                0.6165067606892762,
                0.5930794102058969,
                0,
                31.203824996948246,
                0.00000762939453125,
                0,
                1
            ],
            "name": "ArachnidLeg_2_A_L"
        },
        "ArachnidLeg_2_A_R": {
            "children": [
                "ArachnidLeg_3_A_R"
            ],
            "matrix": [
                0.855466961860657,
                -0.37320244312286377,
                -0.35902106761932395,
                0,
                3.676633497096127e-7,
                -0.6932813037344033,
                0.7206668749681095,
                0,
                -0.5178573085184468,
                -0.6165069248469944,
                -0.5930792007624511,
                0,
                -31.2038459777832,
                0.000003814697272730427,
                0.0000152587890625,
                1
            ],
            "name": "ArachnidLeg_2_A_R"
        },
        "ArachnidLeg_2_B_L": {
            "children": [
                "ArachnidLeg_3_B_L"
            ],
            "matrix": [
                0.9267733097076416,
                -0.2799109220504761,
                -0.250483065843582,
                0,
                -7.088986819780985e-8,
                0.6668487766188819,
                -0.7451933766533443,
                0,
                0.37562188491779985,
                0.6906249705607309,
                0.6180172885612318,
                0,
                27.087181091308583,
                0.000022888183597302714,
                0.00002288818359375,
                1
            ],
            "name": "ArachnidLeg_2_B_L"
        },
        "ArachnidLeg_2_B_R": {
            "children": [
                "ArachnidLeg_3_B_R"
            ],
            "matrix": [
                0.9267733097076412,
                -0.27991107106208785,
                -0.25048303604125954,
                0,
                2.2371031904722116e-7,
                -0.6668481078691487,
                0.7451936801316417,
                0,
                -0.3756219305133427,
                -0.6906253581060235,
                -0.6180166868666904,
                0,
                -27.087182998657223,
                -0.000003814697265625,
                -0.000015258789076710855,
                1
            ],
            "name": "ArachnidLeg_2_B_R"
        },
        "ArachnidLeg_2_C_L": {
            "children": [
                "ArachnidLeg_3_C_L"
            ],
            "matrix": [
                0.4952256679534913,
                0.16698001325130474,
                -0.8525658249855042,
                0,
                -0.41978797770492027,
                0.905178506317551,
                -0.06655563830397326,
                0,
                0.7606110363828736,
                0.39085706613986604,
                0.5183639945178672,
                0,
                13.921379089355455,
                0.00000762939453125,
                -7.105427357601002e-15,
                1
            ],
            "name": "ArachnidLeg_2_C_L"
        },
        "ArachnidLeg_2_C_R": {
            "children": [
                "ArachnidLeg_3_C_R"
            ],
            "matrix": [
                0.49522590637207053,
                -0.16698020696640026,
                -0.8525659441947936,
                0,
                0.4197876731474858,
                0.905178823498903,
                0.06655530169273582,
                0,
                0.76061144694039,
                -0.390856700002416,
                0.5183643903182463,
                0,
                13.921409606933594,
                -7.105427357601002e-15,
                -0.00000762939453125,
                1
            ],
            "name": "ArachnidLeg_2_C_R"
        },
        "ArachnidLeg_2_L": {
            "children": [
                "ArachnidLeg_3_L"
            ],
            "matrix": [
                0.8855794072151183,
                -0.2746370732784271,
                -0.37459826469421376,
                0,
                1.993124241761457e-7,
                0.8064753868906119,
                -0.591267724105844,
                0,
                0.46448825723716036,
                0.5236143777748388,
                0.7141979567958578,
                0,
                24.794456481933597,
                -1.7763568394002505e-15,
                0.000003814697279835855,
                1
            ],
            "name": "ArachnidLeg_2_L"
        },
        "ArachnidLeg_2_R": {
            "children": [
                "ArachnidLeg_3_R"
            ],
            "matrix": [
                0.8855790495872498,
                -0.2746370732784271,
                -0.37459841370582575,
                0,
                3.081149169137376e-8,
                -0.8064752370144179,
                0.5912679230540276,
                0,
                -0.4644885048415429,
                -0.5236145740569316,
                -0.7141976707006262,
                0,
                -24.79446411132813,
                0,
                0.000003814697265625,
                1
            ],
            "name": "ArachnidLeg_2_R"
        },
        "ArachnidLeg_3_A_L": {
            "children": [],
            "matrix": [
                0.9999999999999996,
                -1.4901161199398771e-7,
                2.9802322408511994e-8,
                0,
                1.4901161410341146e-7,
                0.9999999999999895,
                -6.705522527863939e-8,
                0,
                -2.980231234017694e-8,
                6.705522972300093e-8,
                1.000000000000004,
                0,
                43.310440063476555,
                -0.00002288818359375,
                -0.00002288818359375,
                1
            ],
            "name": "ArachnidLeg_3_A_L"
        },
        "ArachnidLeg_3_A_R": {
            "children": [],
            "matrix": [
                1.0000001192092898,
                -1.1102230246251565e-16,
                -1.1548399923844155e-7,
                0,
                5.517808432387028e-14,
                1.0000002384185864,
                4.78699803383581e-7,
                0,
                1.1548401308153489e-7,
                -4.786998032135781e-7,
                1.000000238418525,
                0,
                -43.310424804687514,
                -0.000003814697272730427,
                0,
                1
            ],
            "name": "ArachnidLeg_3_A_R"
        },
        "ArachnidLeg_3_B_L": {
            "children": [],
            "matrix": [
                1,
                2.682209014892578e-7,
                -1.4901161193847656e-8,
                0,
                -2.6822093057710106e-7,
                1.0000001192092578,
                1.974403857699092e-7,
                0,
                1.4901221298546652e-8,
                -1.974404524596185e-7,
                1.0000004768371424,
                0,
                37.02131271362305,
                0.000007629394538355427,
                0,
                1
            ],
            "name": "ArachnidLeg_3_B_L"
        },
        "ArachnidLeg_3_B_R": {
            "children": [],
            "matrix": [
                0.9999998807907106,
                1.4901161204949886e-7,
                2.235174174913812e-8,
                0,
                -1.4901165018565976e-7,
                1.000000119209279,
                1.2293457984230427e-7,
                0,
                -2.2351728801162096e-8,
                -1.2293458319379003e-7,
                1.0000001192092876,
                0,
                -37.02130126953125,
                -0.000003814697272730427,
                0,
                1
            ],
            "name": "ArachnidLeg_3_B_R"
        },
        "ArachnidLeg_3_C_L": {
            "children": [
                "ArachnidLeg_3_C_L1"
            ],
            "matrix": [
                0.6133745908737183,
                0.09127268195152277,
                -0.7845007181167606,
                0,
                -0.10445905340685618,
                0.9939493120811701,
                0.03396796162915311,
                0,
                0.7828543762421344,
                0.06111312410393943,
                0.6191975740273626,
                0,
                26.651222229003913,
                -0.000015258789069605427,
                -0.000007629394517039145,
                1
            ],
            "name": "ArachnidLeg_3_C_L"
        },
        "ArachnidLeg_3_C_L1": {
            "children": [],
            "matrix": [
                1.0000001192092896,
                -4.4703483575991854e-7,
                0,
                0,
                4.4703494250786235e-7,
                1.0000003576279126,
                1.4901161196623214e-7,
                0,
                -6.65301147506625e-14,
                -1.490115586200158e-7,
                0.9999999999999976,
                0,
                47.9501953125,
                0.000015258789055394573,
                0.000038146972642039145,
                1
            ],
            "name": "ArachnidLeg_3_C_L1"
        },
        "ArachnidLeg_3_C_R": {
            "children": [
                "ArachnidLeg_3_C_R1"
            ],
            "matrix": [
                0.6133747100830078,
                -0.09127247333526617,
                -0.7845002412796019,
                0,
                0.10445964725563417,
                0.9939489887745261,
                -0.03396720016334906,
                0,
                0.7828536392877741,
                -0.061114008430646266,
                0.6191975797842165,
                0,
                26.651193618774418,
                0,
                -0.00000762939453125,
                1
            ],
            "name": "ArachnidLeg_3_C_R"
        },
        "ArachnidLeg_3_C_R1": {
            "children": [],
            "matrix": [
                0.9999999403953557,
                2.0861625660284489e-7,
                -1.0430812838468917e-7,
                0,
                -2.0861628785562303e-7,
                1.0000001192092962,
                5.960464474763505e-8,
                0,
                1.0430817190543173e-7,
                -5.960463006493555e-8,
                1.0000002384185933,
                0,
                47.95010757446289,
                -0.00000762939453125,
                -0.000015258789048289145,
                1
            ],
