{
    "animations": {},
    "asset": {},
    "attributes": {
        "attribute_1": {
            "bufferView": "bufferView_31",
            "byteOffset": 0,
            "byteStride": 12,
            "count": 450,
            "max": [
                1,
                1,
                1
            ],
            "min": [
                0,
                0,
                0
            ],
            "type": "FLOAT_VEC3"
        },
        "attribute_10": {
            "bufferView": "bufferView_31",
            "byteOffset": 48536,
            "byteStride": 16,
            "count": 673,
            "max": [
                1,
                1,
                1
            ],
            "min": [
                0,
                0,
                0
            ],
            "type": "FLOAT_VEC4"
        },
        "attribute_11": {
            "bufferView": "bufferView_31",
            "byteOffset": 59304,
            "byteStride": 12,
            "count": 673,
            "max": [
                1,
                1,
                1
            ],
            "min": [
                0,
                0,
                0
            ],
            "type": "FLOAT_VEC3"
        },
        "attribute_13": {
            "bufferView": "bufferView_31",
            "byteOffset": 67380,
            "byteStride": 12,
            "count": 406,
            "max": [
                1,
                1,
                1
            ],
            "min": [
                0,
                0,
                0
            ],
            "type": "FLOAT_VEC3"
        },
        "attribute_14": {
            "bufferView": "bufferView_31",
            "byteOffset": 72252,
            "byteStride": 12,
            "count": 406,
            "max": [
                1,
                1,
                1
            ],
            "min": [
                0,
                0,
                0
            ],
            "type": "FLOAT_VEC3"
        },
        "attribute_15": {
            "bufferView": "bufferView_31",
            "byteOffset": 77124,
            "byteStride": 8,
            "count": 406,
            "max": [
                1,
                1,
                1
            ],
            "min": [
                0,
                0,
                0
            ],
            "type": "FLOAT_VEC2"
        },
        "attribute_16": {
            "bufferView": "bufferView_31",
            "byteOffset": 80372,
            "byteStride": 16,
            "count": 406,
            "max": [
                1,
                1,
                1
            ],
            "min": [
                0,
                0,
                0
            ],
            "type": "FLOAT_VEC4"
        },
        "attribute_17": {
            "bufferView": "bufferView_31",
            "byteOffset": 86868,
            "byteStride": 12,
            "count": 406,
            "max": [
                1,
                1,
                1
            ],
            "min": [
                0,
                0,
                0
            ],
            "type": "FLOAT_VEC3"
        },
        "attribute_19": {
            "bufferView": "bufferView_31",
            "byteOffset": 91740,
            "byteStride": 12,
            "count": 694,
            "max": [
                1,
                1,
                1
            ],
            "min": [
                0,
                0,
                0
            ],
            "type": "FLOAT_VEC3"
        },
        "attribute_2": {
            "bufferView": "bufferView_31",
            "byteOffset": 5400,
            "byteStride": 12,
            "count": 450,
            "max": [
                1,
                1,
                1
            ],
            "min": [
                0,
                0,
                0
            ],
            "type": "FLOAT_VEC3"
        },
        "attribute_20": {
            "bufferView": "bufferView_31",
            "byteOffset": 100068,
            "byteStride": 12,
            "count": 694,
            "max": [
                1,
                1,
                1
            ],
            "min": [
                0,
                0,
                0
            ],
            "type": "FLOAT_VEC3"
        },
        "attribute_21": {
            "bufferView": "bufferView_31",
            "byteOffset": 108396,
            "byteStride": 8,
            "count": 694,
            "max": [
                1,
                1,
                1
            ],
            "min": [
                0,
                0,
                0
            ],
            "type": "FLOAT_VEC2"
        },
        "attribute_22": {
            "bufferView": "bufferView_31",
            "byteOffset": 113948,
            "byteStride": 16,
            "count": 694,
            "max": [
                1,
                1,
                1
            ],
            "min": [
                0,
                0,
                0
            ],
            "type": "FLOAT_VEC4"
        },
        "attribute_23": {
            "bufferView": "bufferView_31",
            "byteOffset": 125052,
            "byteStride": 12,
            "count": 694,
            "max": [
                1,
                1,
                1
            ],
            "min": [
                0,
                0,
                0
            ],
            "type": "FLOAT_VEC3"
        },
        "attribute_25": {
            "bufferView": "bufferView_31",
            "byteOffset": 133380,
            "byteStride": 12,
            "count": 1968,
            "max": [
                1,
                1,
                1
            ],
            "min": [
                0,
                0,
                0
            ],
            "type": "FLOAT_VEC3"
        },
        "attribute_26": {
            "bufferView": "bufferView_31",
            "byteOffset": 156996,
            "byteStride": 12,
            "count": 1968,
            "max": [
                1,
                1,
                1
            ],
            "min": [
                0,
                0,
                0
            ],
            "type": "FLOAT_VEC3"
        },
        "attribute_27": {
            "bufferView": "bufferView_31",
            "byteOffset": 180612,
            "byteStride": 8,
            "count": 1968,
            "max": [
                1,
                1,
                1
            ],
            "min": [
                0,
                0,
                0
            ],
            "type": "FLOAT_VEC2"
        },
        "attribute_28": {
            "bufferView": "bufferView_31",
            "byteOffset": 196356,
            "byteStride": 16,
            "count": 1968,
            "max": [
                1,
                1,
                1
            ],
            "min": [
                0,
                0,
                0
            ],
            "type": "FLOAT_VEC4"
        },
        "attribute_29": {
            "bufferView": "bufferView_31",
            "byteOffset": 227844,
            "byteStride": 12,
            "count": 1968,
            "max": [
                1,
                1,
                1
            ],
            "min": [
                0,
                0,
                0
            ],
            "type": "FLOAT_VEC3"
        },
        "attribute_3": {
            "bufferView": "bufferView_31",
            "byteOffset": 10800,
            "byteStride": 8,
            "count": 450,
            "max": [
                1,
                1,
                1
            ],
            "min": [
                0,
                0,
                0
            ],
            "type": "FLOAT_VEC2"
        },
        "attribute_4": {
            "bufferView": "bufferView_31",
            "byteOffset": 14400,
            "byteStride": 16,
            "count": 450,
            "max": [
                1,
                1,
                1
            ],
            "min": [
                0,
                0,
                0
            ],
            "type": "FLOAT_VEC4"
        },
        "attribute_5": {
            "bufferView": "bufferView_31",
            "byteOffset": 21600,
            "byteStride": 12,
            "count": 450,
            "max": [
                1,
                1,
                1
            ],
            "min": [
                0,
                0,
                0
            ],
            "type": "FLOAT_VEC3"
        },
        "attribute_7": {
            "bufferView": "bufferView_31",
            "byteOffset": 27000,
            "byteStride": 12,
            "count": 673,
            "max": [
                1,
                1,
                1
            ],
            "min": [
                0,
                0,
                0
            ],
            "type": "FLOAT_VEC3"
        },
        "attribute_8": {
            "bufferView": "bufferView_31",
            "byteOffset": 35076,
            "byteStride": 12,
            "count": 673,
            "max": [
                1,
                1,
                1
            ],
            "min": [
                0,
                0,
                0
            ],
            "type": "FLOAT_VEC3"
        },
        "attribute_9": {
            "bufferView": "bufferView_31",
            "byteOffset": 43152,
            "byteStride": 8,
            "count": 673,
            "max": [
                1,
                1,
                1
            ],
            "min": [
                0,
                0,
                0
            ],
            "type": "FLOAT_VEC2"
        }
    },
    "bufferViews": {
        "bufferView_31": {
            "buffer": "visage.bin",
            "byteLength": 251460,
            "byteOffset": 0,
            "target": "ARRAY_BUFFER"
        },
        "bufferView_32": {
            "buffer": "visage.bin",
            "byteLength": 47370,
            "byteOffset": 251460,
            "target": "ELEMENT_ARRAY_BUFFER"
        }
    },
    "buffers": {
        "visage.bin": {
            "byteLength": 298830,
            "path": "visage.bin"
        }
    },
    "cameras": {},
    "images": {
        "image_0": {
            "path": "textures/visage_gauntlets_color.png"
        },
        "image_1": {
            "path": "textures/visage_shroud_color.png"
        },
        "image_2": {
            "path": "textures/visage_chain_color.png"
        },
        "image_3": {
            "path": "textures/visage_stonemask_color.png"
        },
        "image_4": {
            "path": "textures/visage_body_color.png"
        }
    },
    "indices": {
        "indices_12": {
            "bufferView": "bufferView_32",
            "byteOffset": 4980,
            "count": 3639,
            "type": "UNSIGNED_SHORT"
        },
        "indices_18": {
            "bufferView": "bufferView_32",
            "byteOffset": 12258,
            "count": 2364,
            "type": "UNSIGNED_SHORT"
        },
        "indices_24": {
            "bufferView": "bufferView_32",
            "byteOffset": 16986,
            "count": 4092,
            "type": "UNSIGNED_SHORT"
        },
        "indices_30": {
            "bufferView": "bufferView_32",
            "byteOffset": 25170,
            "count": 11100,
            "type": "UNSIGNED_SHORT"
        },
        "indices_6": {
            "bufferView": "bufferView_32",
            "byteOffset": 0,
            "count": 2490,
            "type": "UNSIGNED_SHORT"
        }
    },
    "lights": {},
    "materials": {
        "Material #35": {
            "instanceTechnique": {
                "technique": "technique_0",
                "values": [
                    {
                        "parameter": "ambient",
                        "value": [
                            0.5879999995231628,
                            0.5879999995231628,
                            0.5879999995231628
                        ]
                    },
                    {
                        "parameter": "emission",
                        "value": [
                            0,
                            0,
                            0
                        ]
                    },
                    {
                        "parameter": "diffuse",
                        "value": "Map #6"
                    },
                    {
                        "parameter": "shininess",
                        "value": 2
                    },
                    {
                        "parameter": "specular",
                        "value": [
                            0.8999999761581421,
                            0.8999999761581421,
                            0.8999999761581421
                        ]
                    }
                ]
            },
            "name": "Material #35"
        },
        "Material #46": {
            "instanceTechnique": {
                "technique": "technique_0",
                "values": [
                    {
                        "parameter": "ambient",
                        "value": [
                            0.5879999995231628,
                            0.5879999995231628,
                            0.5879999995231628
                        ]
                    },
                    {
                        "parameter": "emission",
                        "value": [
                            0,
                            0,
                            0
                        ]
                    },
                    {
                        "parameter": "diffuse",
                        "value": "Map #7"
                    },
                    {
                        "parameter": "shininess",
                        "value": 2
                    },
                    {
                        "parameter": "specular",
                        "value": [
                            0.8999999761581421,
                            0.8999999761581421,
                            0.8999999761581421
                        ]
                    }
                ]
            },
            "name": "Material #46"
        },
        "Material #57": {
            "instanceTechnique": {
                "technique": "technique_0",
                "values": [
                    {
                        "parameter": "ambient",
                        "value": [
                            0.5879999995231628,
                            0.5879999995231628,
                            0.5879999995231628
                        ]
                    },
                    {
                        "parameter": "emission",
                        "value": [
                            0,
                            0,
                            0
                        ]
                    },
                    {
                        "parameter": "diffuse",
                        "value": "Map #8"
                    },
                    {
                        "parameter": "shininess",
                        "value": 2
                    },
                    {
                        "parameter": "specular",
                        "value": [
                            0.8999999761581421,
                            0.8999999761581421,
                            0.8999999761581421
                        ]
                    }
                ]
            },
            "name": "Material #57"
        },
        "Material #68": {
            "instanceTechnique": {
                "technique": "technique_0",
                "values": [
                    {
                        "parameter": "ambient",
                        "value": [
                            0.5879999995231628,
                            0.5879999995231628,
                            0.5879999995231628
                        ]
                    },
                    {
                        "parameter": "emission",
                        "value": [
                            0,
                            0,
                            0
                        ]
                    },
                    {
                        "parameter": "diffuse",
                        "value": "Map #9"
                    },
                    {
                        "parameter": "shininess",
                        "value": 2
                    },
                    {
                        "parameter": "specular",
                        "value": [
                            0.8999999761581421,
                            0.8999999761581421,
                            0.8999999761581421
                        ]
                    }
                ]
            },
            "name": "Material #68"
        },
        "Material #79": {
            "instanceTechnique": {
                "technique": "technique_0",
                "values": [
                    {
                        "parameter": "ambient",
                        "value": [
                            0.5879999995231628,
                            0.5879999995231628,
                            0.5879999995231628
                        ]
                    },
                    {
                        "parameter": "emission",
                        "value": [
                            0,
                            0,
                            0
                        ]
                    },
                    {
                        "parameter": "diffuse",
                        "value": "Map #10"
                    },
                    {
                        "parameter": "shininess",
                        "value": 2
                    },
                    {
                        "parameter": "specular",
                        "value": [
                            0.8999999761581421,
                            0.8999999761581421,
                            0.8999999761581421
                        ]
                    }
                ]
            },
            "name": "Material #79"
        }
    },
    "meshes": {
        "SMDImport-mesh": {
            "name": "SMDImport-mesh",
            "primitives": [
                {
                    "indices": "indices_6",
                    "material": "Material #35",
                    "semantics": {
                        "JOINT": "attribute_4",
                        "NORMAL": "attribute_2",
                        "POSITION": "attribute_1",
                        "TEXCOORD_0": "attribute_3",
                        "WEIGHT": "attribute_5"
                    },
                    "skin": "skin_0"
                }
            ]
        },
        "SMDImport001-mesh": {
            "name": "SMDImport001-mesh",
            "primitives": [
                {
                    "indices": "indices_12",
                    "material": "Material #46",
                    "semantics": {
                        "JOINT": "attribute_10",
                        "NORMAL": "attribute_8",
                        "POSITION": "attribute_7",
                        "TEXCOORD_0": "attribute_9",
                        "WEIGHT": "attribute_11"
                    },
                    "skin": "skin_1"
                }
            ]
        },
        "SMDImport002-mesh": {
            "name": "SMDImport002-mesh",
            "primitives": [
                {
                    "indices": "indices_18",
                    "material": "Material #57",
                    "semantics": {
                        "JOINT": "attribute_16",
                        "NORMAL": "attribute_14",
                        "POSITION": "attribute_13",
                        "TEXCOORD_0": "attribute_15",
                        "WEIGHT": "attribute_17"
                    },
                    "skin": "skin_2"
                }
            ]
        },
        "SMDImport003-mesh": {
            "name": "SMDImport003-mesh",
            "primitives": [
                {
                    "indices": "indices_24",
                    "material": "Material #68",
                    "semantics": {
                        "JOINT": "attribute_22",
                        "NORMAL": "attribute_20",
                        "POSITION": "attribute_19",
                        "TEXCOORD_0": "attribute_21",
                        "WEIGHT": "attribute_23"
                    },
                    "skin": "skin_3"
                }
            ]
        },
        "SMDImport004-mesh": {
            "name": "SMDImport004-mesh",
            "primitives": [
                {
                    "indices": "indices_30",
                    "material": "Material #79",
                    "semantics": {
                        "JOINT": "attribute_28",
                        "NORMAL": "attribute_26",
                        "POSITION": "attribute_25",
                        "TEXCOORD_0": "attribute_27",
                        "WEIGHT": "attribute_29"
                    },
                    "skin": "skin_4"
                }
            ]
        }
    },
    "nodes": {
        "Index_0_L": {
            "children": [
                "Index_1_L"
            ],
            "matrix": [
                0.9562573432922366,
                0.1658949851989746,
                0.2409366816282275,
                0,
                -0.1608675129306083,
                0.986143295724123,
                -0.04053134145109952,
                0,
                -0.24432210682885477,
                -4.918513232228058e-7,
                0.9696941486888092,
                0,
                17.33235359191895,
                -1.340957641601591,
                21.46918487548828,
                1
            ],
            "name": "Index_0_L"
        },
        "Index_0_R": {
            "children": [
                "Index_1_R"
            ],
            "matrix": [
                0.9562573432922367,
                0.16589406132698065,
                0.24093858897686005,
                0,
                -0.16086575914916887,
                0.9861438788636859,
                -0.04053460131993972,
                0,
                -0.24432448314916463,
                0.0000027411446124822603,
                0.9696936775880907,
                0,
                -17.332359313964844,
                1.3409423828125284,
                -21.469207763671875,
                1
            ],
            "name": "Index_0_R"
        },
        "Index_1_L": {
            "children": [],
            "matrix": [
                0.9999998807907106,
                0,
                -9.352071110759697e-8,
                0,
                -3.3306690738754696e-16,
                0.9999999403953556,
                -3.347622632488809e-9,
                0,
                9.352071667519176e-8,
                3.3476226223193315e-9,
                0.9999999403953518,
                0,
                50.65151596069335,
                -0.000030517578125,
                0,
                1
            ],
            "name": "Index_1_L"
        },
        "Index_1_R": {
            "children": [],
            "matrix": [
                0.9999998211860661,
                -2.9802322443206464e-8,
                2.5145709527628346e-8,
                0,
                2.9802327633499104e-8,
                0.9999999999999997,
                1.8626451145364875e-9,
                0,
                -2.5145709526760984e-8,
                -1.862644073702402e-9,
                0.9999998211860653,
                0,
                -50.65154266357423,
                -2.842170943040401e-14,
                0.00013732910157671085,
                1
            ],
            "name": "Index_1_R"
        },
        "SMDImport": {
            "children": [],
            "matrix": [
                1,
                0,
                0,
                0,
                0,
                1,
                0,
                0,
                0,
                0,
                1,
                0,
                0,
                0,
                0,
                1
            ],
            "meshes": [
                "SMDImport-mesh"
            ],
            "name": "SMDImport"
        },
        "SMDImport001": {
            "children": [],
            "matrix": [
                1,
                0,
                0,
                0,
                0,
                1,
                0,
                0,
                0,
                0,
                1,
                0,
                0,
                0,
                0,
                1
            ],
            "meshes": [
                "SMDImport001-mesh"
            ],
            "name": "SMDImport001"
        },
        "SMDImport002": {
            "children": [],
            "matrix": [
                1,
                0,
                0,
                0,
                0,
                1,
                0,
                0,
                0,
                0,
                1,
                0,
                0,
                0,
                0,
                1
            ],
            "meshes": [
                "SMDImport002-mesh"
            ],
            "name": "SMDImport002"
        },
        "SMDImport003": {
            "children": [],
            "matrix": [
                1,
                0,
                0,
                0,
                0,
                1,
                0,
                0,
                0,
                0,
                1,
                0,
                0,
                0,
                0,
                1
            ],
            "meshes": [
                "SMDImport003-mesh"
            ],
            "name": "SMDImport003"
        },
        "SMDImport004": {
            "children": [],
            "matrix": [
                1,
                0,
                0,
                0,
                0,
                1,
                0,
                0,
                0,
                0,
                1,
                0,
                0,
                0,
                0,
                1
            ],
            "meshes": [
                "SMDImport004-mesh"
            ],
            "name": "SMDImport004"
        },
        "Thumb_0_L": {
            "children": [
                "Thumb_1_L"
            ],
            "matrix": [
                0.9692279696464543,
                0.235462173819542,
                -0.07179632782936064,
                0,
                -0.24237998591989568,
                0.9637817275829507,
                -0.11124971448156654,
                0,
                0.04300088533430483,
                0.12522831638407803,
                0.991195434873232,
                0,
                28.783975601196293,
                -0.425872802734375,
                -1.3611373901367188,
                1
            ],
            "name": "Thumb_0_L"
        },
        "Thumb_0_R": {
            "children": [
                "Thumb_1_R"
            ],
            "matrix": [
                0.9692296981811528,
                0.23545546829700478,
                -0.07179816067218772,
                0,
                -0.24237378871904589,
                0.9637828334133777,
                -0.11125543655210238,
                0,
                0.043002132007880806,
                0.12523406015989674,
                0.9911951370697873,
                0,
                -28.784019470214844,
                0.4258880615234659,
                1.3611068725585795,
                1
            ],
            "name": "Thumb_0_R"
        },
        "Thumb_1_L": {
            "children": [],
            "matrix": [
                0.9999998211860657,
                2.9802322359939737e-8,
                -9.313225746848675e-8,
                0,
                -2.980232841065522e-8,
                0.9999999999999994,
                -7.450580624679404e-9,
                0,
                9.313226836601962e-8,
                7.45058285900324e-9,
                0.9999999403953638,
                0,
                43.88056945800782,
                -0.00007629394534092171,
                -0.0001678466796875,
                1
            ],
            "name": "Thumb_1_L"
        },
        "Thumb_1_R": {
            "children": [],
            "matrix": [
                1,
                -2.980232227667301e-8,
                8.90344381561381e-7,
                0,
                2.980228258619988e-8,
                0.9999999999999993,
                4.470348349827624e-8,
                0,
                -8.903443296168212e-7,
                -4.4703454410433e-8,
                0.9999999403953813,
                0,
                -43.88055801391601,
                -0.00006103515625,
                0.0001220703125,
                1
            ],
            "name": "Thumb_1_R"
        },
        "ankle_L": {
            "children": [
                "toeBall_L"
            ],
            "matrix": [
                0.2786318063735963,
                -0.19006194174289703,
                0.9414033889770509,
                0,
                0.05394152160805201,
                0.9817720526789389,
                0.18224671919155316,
                0,
                -0.9588819310018213,
                9.986746324908147e-7,
                0.2838052183287738,
                0,
                24.91531562805175,
                -0.000019073486328125,
                0.000030517578110789145,
                1
            ],
            "name": "ankle_L"
        },
        "ankle_R": {
            "children": [
                "toeBall_R"
            ],
            "matrix": [
                0.2786364555358886,
                -0.19006228446960444,
                0.9414024353027344,
                0,
                0.05394341633995032,
                0.9817723577759359,
                0.18224649563857492,
                0,
                -0.9588807480018398,
                0.0000019459317479667004,
                0.2838100824193732,
                0,
                -24.91535186767578,
                0.000011444091796875,
                0.000091552734375,
                1
            ],
            "name": "ankle_R"
        },
        "bicep_A_L": {
            "children": [
                "elbow_A_L"
            ],
            "matrix": [
                -0.18256199359893804,
                -0.9066896438598635,
                0.3802433907985687,
                0,
                -0.9597584050337475,
                0.08040625533319679,
                -0.2690694730269108,
                0,
                0.2133885557378358,
                -0.4140636462646645,
                -0.8848821254031229,
                0,
                0.35314178466796875,
                -11.687503814697266,
                9.580520629882812,
                1
            ],
            "name": "bicep_A_L"
        },
        "bicep_A_R": {
            "children": [
                "elbow_A_R"
            ],
            "matrix": [
                -0.2036835253238678,
                -0.904425859451294,
                0.3748688697814943,
                0,
                -0.9669853571741223,
                0.12595259469240683,
                -0.22152867169095541,
                0,
                0.15314060117583841,
                -0.4076145783930276,
                -0.9002213175689491,
                0,
                -0.3530731201171875,
                11.687511444091797,
                -9.58050537109375,
                1
            ],
            "name": "bicep_A_R"
        },
        "bicep_L": {
            "children": [
                "elbow_L"
            ],
            "matrix": [
                0.903504490852356,
                -0.016360655426979287,
                0.4282660186290742,
                0,
                0.3800939829792306,
                0.492268113543881,
                -0.7830712150775957,
                0,
                -0.19801017445699381,
                0.8702898180048282,
                0.45098510105612627,
                0,
                13.04449462890625,
                0.000030517578125,
                -0.00008392333985796085,
                1
            ],
            "name": "bicep_L"
        },
        "bicep_R": {
            "children": [
                "elbow_R"
            ],
            "matrix": [
                0.9035013914108281,
                -0.01635792851448059,
                0.42827299237251293,
                0,
                0.3800986484625539,
                0.49226833560574756,
                -0.7830686816314774,
                0,
                -0.19801583939729248,
                0.8702895752608577,
                0.45098272484073576,
                0,
                -13.044517517089872,
                -0.000019073486328125,
                1.4210854715202004e-14,
                1
            ],
            "name": "bicep_R"
        },
        "chain_lf2_0": {
            "children": [
                "chain_lf2_1"
            ],
            "matrix": [
                0.876122236251831,
                0.33653393387794495,
                -0.3451879024505616,
                0,
                0.4705468114362693,
                -0.7526985208325623,
                0.4604678475937762,
                0,
                -0.1048593465951611,
                -0.5658530748837166,
                -0.8178107184936418,
                0,
                42.19305038452149,
                15.040740013122559,
                -15.838031768798828,
                1
            ],
            "name": "chain_lf2_0"
        },
        "chain_lf2_1": {
            "children": [],
            "matrix": [
                1.0000001192092898,
                2.9802322498717615e-8,
                0.000001892447471577019,
                0,
                -2.9802255274713474e-8,
                1.0000000000000013,
                -3.352761281105732e-8,
                0,
                -0.0000018924476982845606,
                3.3527564426150125e-8,
                1.0000002384185367,
                0,
                14.630695343017578,
                -0.0000057220458984375,
                7.105427357601002e-15,
                1
            ],
            "name": "chain_lf2_1"
        },
        "chain_rt3_0": {
            "children": [
                "chain_rt3_1"
            ],
            "matrix": [
                -0.8761211633682252,
                -0.3365321457386019,
                0.34519276022911094,
                0,
                0.47834511340155494,
                -0.5177511044632469,
                0.7093091608839598,
                0,
                -0.05998140432610502,
                0.7865620803115269,
                0.6145912410341399,
                0,
                -42.1931915283203,
                -15.040599822998043,
                15.837787628173828,
                1
            ],
            "name": "chain_rt3_0"
        },
        "chain_rt3_1": {
            "children": [],
            "matrix": [
                0.9999999999999999,
                -2.980232233218416e-8,
                9.83476638752312e-7,
                0,
                2.980235153104971e-8,
                1.000000238418579,
                -2.2351741835874295e-8,
                0,
                -9.834765208188712e-7,
                2.235176318338139e-8,
                0.99999988079062,
                0,
                14.63070297241211,
                -0.0000209808349609375,
                0.0000152587890625,
                1
            ],
            "name": "chain_rt3_1"
        },
        "clavicle_L": {
            "children": [
                "bicep_A_L",
                "bicep_L"
            ],
            "matrix": [
                -0.2908901572227478,
                0.6415908932685852,
                0.7097492218017581,
                0,
                0.29307996150232213,
                -0.6464116341669078,
                0.7044543037262423,
                0,
                0.9107618688028829,
                0.4129322104346564,
                -0.000002652406695946574,
                0,
                3.1858901977539062,
                10.67601299285889,
                3.6989288330078125,
                1
            ],
            "name": "clavicle_L"
        },
        "clavicle_R": {
            "children": [
                "bicep_A_R",
                "bicep_R"
            ],
            "matrix": [
                0.29089593887329135,
                0.641588389873505,
                -0.7097491621971135,
                0,
                -0.29307998802547247,
                -0.6464115878984729,
                -0.7044544393814195,
                0,
                -0.9107599704623504,
                0.412936255934858,
                -0.000001788139084912821,
                0,
                3.1859207153320312,
                -10.676015853881836,
                3.69891357421875,
                1
            ],
            "name": "clavicle_R"
        },
        "elbowFlap2_0_A_L": {
            "children": [],
            "matrix": [
                0.3781237900257111,
                0.09273045510053622,
                -0.9210989475250241,
                0,
                0.861388223713565,
                -0.3997645945622843,
                0.31336592862560453,
                0,
                -0.3391643461434158,
                -0.9119153398422805,
                -0.23103753733937898,
                0,
                13.99658203125,
                5.295288085937528,
                -27.52684020996095,
                1
            ],
            "name": "elbowFlap2_0_A_L"
        },
        "elbowFlap3_0_A_R": {
            "children": [],
            "matrix": [
                0.37812936305999767,
                0.09273868799209598,
                -0.9210958480834962,
                0,
                -0.8613923048688222,
                0.39975173109489415,
                -0.3133715922410238,
                0,
                0.33914807908515787,
                0.9119201171573628,
                0.23104232071945427,
                0,
                -13.99652099609375,
                -5.2952880859375,
                27.526870727539062,
                1
            ],
            "name": "elbowFlap3_0_A_R"
        },
        "elbow_A_L": {
            "children": [
                "wrist_A_L"
            ],
            "matrix": [
                0.8136525154113768,
                -1.1102230246251565e-16,
                -0.5813518762588501,
                0,
                -5.551115123125783e-17,
                1.0000002384185809,
                -1.1102230246251565e-16,
                0,
                0.5813518077756226,
                -8.326672684688674e-17,
                0.8136524195631436,
                0,
                35.23636245727538,
                -0.000007629394545460855,
                -0.0000152587890625,
                1
            ],
            "name": "elbow_A_L"
        },
        "elbow_A_R": {
            "children": [
                "wrist_A_R"
            ],
            "matrix": [
                0.8136575222015381,
                -0.000001549720764049134,
                -0.5813442468643188,
                0,
                0.00000245825923350651,
                0.9999998211861039,
                7.748603896851058e-7,
                0,
                0.5813442951998429,
                -0.0000020595663869533987,
                0.8136575898581021,
