{
    "accessors": [
        {
            "bufferView": 0,
            "byteOffset": 0,
            "componentType": 5126,
            "count": 697,
            "max": [
                76.92322540283203,
                12.972616195678711,
                120.51829528808594
            ],
            "min": [
                -77.08789825439453,
                -27.811992645263672,
                48.741539001464844
            ],
            "type": "VEC3"
        },
        {
            "bufferView": 0,
            "byteOffset": 8364,
            "componentType": 5126,
            "count": 697,
            "max": [
                0.9938960075378418,
                0.9934390187263489,
                0.9985659718513489
            ],
            "min": [
                -0.9941099882125854,
                -0.9952089786529541,
                -0.9866020083427429
            ],
            "type": "VEC3"
        },
        {
            "bufferView": 0,
            "byteOffset": 16728,
            "componentType": 5126,
            "count": 697,
            "max": [
                1.983199954032898,
                1.989799976348877
            ],
            "min": [
                0.015799999237060547,
                1.0227000005543232
            ],
            "type": "VEC2"
        },
        {
            "bufferView": 0,
            "byteOffset": 22304,
            "componentType": 5123,
            "count": 697,
            "max": [
                3,
                3,
                0,
                0
            ],
            "min": [
                0,
                0,
                0,
                0
            ],
            "type": "VEC4"
        },
        {
            "bufferView": 0,
            "byteOffset": 27880,
            "componentType": 5126,
            "count": 697,
            "max": [
                1,
                0.9678500294685364,
                0,
                0
            ],
            "min": [
                0.03215000033378601,
                0,
                0,
                0
            ],
            "type": "VEC4"
        },
        {
            "bufferView": 2,
            "byteOffset": 0,
            "componentType": 5123,
            "count": 2490,
            "max": [
                696
            ],
            "min": [
                0
            ],
            "type": "SCALAR"
        },
        {
            "bufferView": 1,
            "byteOffset": 0,
            "componentType": 5126,
            "count": 4,
            "max": [
                0.5011231447917701,
                0.0000017291167751707467,
                1.0000001192054928,
                0,
                0.15462531944908434,
                1.0000002384174338,
                0.9159767276324849,
                0,
                1.0000001192019823,
                0.5233841900550937,
                0.065899098925253,
                0,
                76.62235867180023,
                93.98984444046337,
                64.75323483822571,
                1
            ],
            "min": [
                6.123234725638398e-17,
                -0.7933000820418397,
                0.34576142799951376,
                0,
                -0.14829505541458263,
                -0.999999880780394,
                -0.9377347301322707,
                0,
                -1.000000178813336,
                -0.5043695548313326,
                -0.033203980002073336,
                0,
                -76.6223083278659,
                -95.56824884116281,
                -64.75331047839254,
                1
            ],
            "type": "MAT4"
        },
        {
            "bufferView": 0,
            "byteOffset": 39032,
            "componentType": 5126,
            "count": 969,
            "max": [
                153.8701171875,
                67.79023742675781,
                208.45956420898438
            ],
            "min": [
                -153.6920928955078,
                -71.76341247558594,
                105.9249038696289
            ],
            "type": "VEC3"
        },
        {
            "bufferView": 0,
            "byteOffset": 50660,
            "componentType": 5126,
            "count": 969,
            "max": [
                0.9999690055847168,
                0.9999390244483948,
                0.9985960125923157
            ],
            "min": [
                -0.9999690055847168,
                -0.9976810216903687,
                -0.9915770292282104
            ],
            "type": "VEC3"
        },
        {
            "bufferView": 0,
            "byteOffset": 62288,
            "componentType": 5126,
            "count": 969,
            "max": [
                1.979699969291687,
                1.9865999817848206
            ],
            "min": [
                0.0026000000070780516,
                1.0089999996125698
            ],
            "type": "VEC2"
        },
        {
            "bufferView": 0,
            "byteOffset": 70040,
            "componentType": 5123,
            "count": 969,
            "max": [
                22,
                22,
                23,
                0
            ],
            "min": [
                0,
                0,
                0,
                0
            ],
            "type": "VEC4"
        },
        {
            "bufferView": 0,
            "byteOffset": 77792,
            "componentType": 5126,
            "count": 969,
            "max": [
                1,
                0.99823397397995,
                0.435234010219574,
                0
            ],
            "min": [
                0.0017659999430179596,
                0,
                0,
                0
            ],
            "type": "VEC4"
        },
        {
            "bufferView": 2,
            "byteOffset": 4980,
            "componentType": 5123,
            "count": 3639,
            "max": [
                968
            ],
            "min": [
                0
            ],
            "type": "SCALAR"
        },
        {
            "bufferView": 1,
            "byteOffset": 256,
            "componentType": 5126,
            "count": 24,
            "max": [
                0.8692308554102859,
                0.9999999999995912,
                0.41293558361689964,
                0,
                0.871008116820503,
                0.6877305008233192,
                0.9287519628841816,
                0,
                0.7232173385662214,
                0.9989293517499489,
                1,
                0,
                117.76925294035834,
                192.59857979199063,
                206.36117531040463,
                1
            ],
            "min": [
                -0.0000013117462738816363,
                -0.9999999999989924,
                -0.797755497594883,
                0,
                -0.9999999999995909,
                -0.851105696963801,
                -0.928751733658388,
                0,
                -0.897273188408457,
                -1.00000005957381,
                -0.9918330344028164,
                0,
                -117.768885079932,
                -189.68896610362643,
                -150.197021484375,
                1
            ],
            "type": "MAT4"
        },
        {
            "bufferView": 0,
            "byteOffset": 93296,
            "componentType": 5126,
            "count": 786,
            "max": [
                73.68981170654297,
                24.438127517700195,
                61.504947662353516
            ],
            "min": [
                -73.6897964477539,
                -28.637449264526367,
                2.4175939559936523
            ],
            "type": "VEC3"
        },
        {
            "bufferView": 0,
            "byteOffset": 102728,
            "componentType": 5126,
            "count": 786,
            "max": [
                0.9995419979095459,
                0.9973750114440918,
                0.962797999382019
            ],
            "min": [
                -0.9995419979095459,
                -0.9986270070075989,
                -0.9855650067329407
            ],
            "type": "VEC3"
        },
        {
            "bufferView": 0,
            "byteOffset": 112160,
            "componentType": 5126,
            "count": 786,
            "max": [
                0.9872999787330627,
                1.978600025177002
            ],
            "min": [
                0.016200000420212746,
                1.0199999995529652
            ],
            "type": "VEC2"
        },
        {
            "bufferView": 0,
            "byteOffset": 118448,
            "componentType": 5123,
            "count": 786,
            "max": [
                5,
                0,
                0,
                0
            ],
            "min": [
                0,
                0,
                0,
                0
            ],
            "type": "VEC4"
        },
        {
            "bufferView": 0,
            "byteOffset": 124736,
            "componentType": 5126,
            "count": 786,
            "max": [
                1,
                0,
                0,
                0
            ],
            "min": [
                1,
                0,
                0,
                0
            ],
            "type": "VEC4"
        },
        {
            "bufferView": 2,
            "byteOffset": 12258,
            "componentType": 5123,
            "count": 2364,
            "max": [
                785
            ],
            "min": [
                0
            ],
            "type": "SCALAR"
        },
        {
            "bufferView": 1,
            "byteOffset": 1792,
            "componentType": 5126,
            "count": 6,
            "max": [
                0.3451946049014542,
                0.7093074462738075,
                0.9999998807902218,
                0,
                0.3365365467663588,
                1.0000002384174338,
                0.0000016540281039696295,
                0,
                1.0000001191994747,
                0.47834875184002207,
                0.10486146160953538,
                0,
                76.62235867180023,
                17.25856254094185,
                64.75318780345026,
                1
            ],
            "min": [
                -0.34518983418032995,
                -6.239864224703108e-7,
                -0.8178099218780134,
                0,
                -6.123235090652663e-17,
                -0.9999997615680756,
                -0.7865607448078492,
                0,
                -1.000000178813336,
                -0.47054640380524776,
                -0.05998366351421914,
                0,
                -76.62229306888287,
                -13.17051448909184,
                -64.75334099597178,
                1
            ],
            "type": "MAT4"
        },
        {
            "bufferView": 0,
            "byteOffset": 137312,
            "componentType": 5126,
            "count": 978,
            "max": [
                27.60810089111328,
                -45.20327377319336,
                128.99888610839844
            ],
            "min": [
                -27.60810089111328,
                -89.58699035644531,
                62.74028015136719
            ],
            "type": "VEC3"
        },
        {
            "bufferView": 0,
            "byteOffset": 149048,
            "componentType": 5126,
            "count": 978,
            "max": [
                0.9904170036315918,
                0.999176025390625,
                1
            ],
            "min": [
                -0.9904170036315918,
                -0.9985349774360657,
                -1
            ],
            "type": "VEC3"
        },
        {
            "bufferView": 0,
            "byteOffset": 160784,
            "componentType": 5126,
            "count": 978,
            "max": [
                1.9891999959945679,
                1.994700014591217
            ],
            "min": [
                0.01080000028014183,
                1.009200000204146
            ],
            "type": "VEC2"
        },
        {
            "bufferView": 0,
            "byteOffset": 168608,
            "componentType": 5123,
            "count": 978,
            "max": [
                1,
                3,
                3,
                0
            ],
            "min": [
                0,
                0,
                0,
                0
            ],
            "type": "VEC4"
        },
        {
            "bufferView": 0,
            "byteOffset": 176432,
            "componentType": 5126,
            "count": 978,
            "max": [
                1,
                0.9896990060806274,
                0.014558999799191952,
                0
            ],
            "min": [
                0.010301000438630581,
                0,
                0,
                0
            ],
            "type": "VEC4"
        },
        {
            "bufferView": 2,
            "byteOffset": 16986,
            "componentType": 5123,
            "count": 4092,
            "max": [
                977
            ],
            "min": [
                0
            ],
            "type": "SCALAR"
        },
        {
            "bufferView": 1,
            "byteOffset": 2176,
            "componentType": 5126,
            "count": 4,
            "max": [
                -2.824373769645501e-7,
                -0.9999999999989919,
                9.634519989824976e-7,
                0,
                -0.4414753666897091,
                9.891691234727735e-7,
                0.8972731884075761,
                0,
                -0.6170615994026961,
                -1.719168521770151e-7,
                -0.4414753666895786,
                0,
                90.14520468180586,
                0.0000477078937477395,
                111.47175937765437,
                1
            ],
            "min": [
                -6.723086581066095e-7,
                -0.9999999999989924,
                7.456621979981698e-7,
                0,
                -0.7869149575842928,
                9.891690815791594e-7,
                0.6170615994022376,
                0,
                -0.897273188408457,
                -1.7191689482391522e-7,
                -0.78691495758452,
                0,
                6.980831576112436,
                0.00004270789924155957,
                89.12844060409552,
                1
            ],
            "type": "MAT4"
        },
        {
            "bufferView": 0,
            "byteOffset": 192080,
            "componentType": 5126,
            "count": 2596,
            "max": [
                203.44325256347656,
                147.13763427734375,
                212.13970947265625
            ],
            "min": [
                -202.72784423828125,
                -83.41398620605469,
                16.882104873657227
            ],
            "type": "VEC3"
        },
        {
            "bufferView": 0,
            "byteOffset": 223232,
            "componentType": 5126,
            "count": 2596,
            "max": [
                0.9987789988517761,
                0.9999079704284668,
                0.9976199865341187
            ],
            "min": [
                -0.9986879825592041,
                -0.9998779892921448,
                -0.9996640086174011
            ],
            "type": "VEC3"
        },
        {
            "bufferView": 0,
            "byteOffset": 254384,
            "componentType": 5126,
            "count": 2596,
            "max": [
                1.913100004196167,
                1.9907000064849854
            ],
            "min": [
                0.010999999940395355,
                1.003800000064075
            ],
            "type": "VEC2"
        },
        {
            "bufferView": 0,
            "byteOffset": 275152,
            "componentType": 5123,
            "count": 2596,
            "max": [
                47,
                47,
                47,
                0
            ],
            "min": [
                0,
                0,
                0,
                0
            ],
            "type": "VEC4"
        },
        {
            "bufferView": 0,
            "byteOffset": 295920,
            "componentType": 5126,
            "count": 2596,
            "max": [
                1,
                0.9990059733390808,
                0.9477260112762451,
                0
            ],
            "min": [
                0.000994000001810491,
                0,
                0,
                0
            ],
            "type": "VEC4"
        },
        {
            "bufferView": 2,
            "byteOffset": 25170,
            "componentType": 5123,
            "count": 11100,
            "max": [
                2595
            ],
            "min": [
                0
            ],
            "type": "SCALAR"
        },
        {
            "bufferView": 1,
            "byteOffset": 2432,
            "componentType": 5126,
            "count": 48,
            "max": [
                0.8692303062941564,
                1.0000002979982938,
                1.0000002384183173,
                0,
                0.9999998807816064,
                0.9999999999978149,
                0.9287516143615242,
                0,
                1.0000001192019823,
                0.9989293812034025,
                1.0000002384177202,
                0,
                117.76932015086761,
                194.90066056253656,
                206.36092907585152,
                1
            ],
            "min": [
                -0.24713117472751672,
                -0.999999999999921,
                -0.9208924946456081,
                0,
                -1.0000002979985183,
                -0.999999880780394,
                -0.9377347301322707,
                0,
                -1.0000001192072714,
                -0.9999998807853504,
                -1.000000178808884,
                0,
                -117.76893208081533,
                -190.59983443334582,
                -150.197021484375,
                1
            ],
            "type": "MAT4"
        }
    ],
    "asset": {
        "generator": "ClayGL - fbx2gltf",
        "version": "2.0"
    },
    "bufferViews": [
        {
            "buffer": 0,
            "byteLength": 337456,
            "byteOffset": 0,
            "target": 34962
        },
        {
            "buffer": 0,
            "byteLength": 5504,
            "byteOffset": 337456,
            "target": 34962
        },
        {
            "buffer": 0,
            "byteLength": 47370,
            "byteOffset": 342960,
            "target": 34963
        }
    ],
    "buffers": [
        {
            "byteLength": 390330,
            "uri": "visage.bin"
        }
    ],
    "images": [
        {
            "uri": "textures/visage_gauntlets_color.png"
        },
        {
            "uri": "textures/visage_shroud_color.png"
        },
        {
            "uri": "textures/visage_chain_color.png"
        },
        {
            "uri": "textures/visage_stonemask_color.png"
        },
        {
            "uri": "textures/visage_body_color.png"
        }
    ],
    "materials": [
        {
            "emissiveFactor": [
                0,
                0,
                0
            ],
            "name": "Material #35",
            "pbrMetallicRoughness": {
                "baseColorFactor": [
                    1,
                    1,
                    1,
                    1
                ],
                "baseColorTexture": {
                    "index": 0,
                    "texCoord": 0
                },
                "metallicFactor": 0,
                "roughnessFactor": 0.9230769230769231
            }
        },
        {
            "emissiveFactor": [
                0,
                0,
                0
            ],
            "name": "Material #46",
            "pbrMetallicRoughness": {
                "baseColorFactor": [
                    1,
                    1,
                    1,
                    1
                ],
                "baseColorTexture": {
                    "index": 1,
                    "texCoord": 0
                },
                "metallicFactor": 0,
                "roughnessFactor": 0.9230769230769231
            }
        },
        {
            "emissiveFactor": [
                0,
                0,
                0
            ],
            "name": "Material #57",
            "pbrMetallicRoughness": {
                "baseColorFactor": [
                    1,
                    1,
                    1,
                    1
                ],
                "baseColorTexture": {
                    "index": 2,
                    "texCoord": 0
                },
                "metallicFactor": 0,
                "roughnessFactor": 0.9230769230769231
            }
        },
        {
            "emissiveFactor": [
                0,
                0,
                0
            ],
            "name": "Material #68",
            "pbrMetallicRoughness": {
                "baseColorFactor": [
                    1,
                    1,
                    1,
                    1
                ],
                "baseColorTexture": {
                    "index": 3,
                    "texCoord": 0
                },
                "metallicFactor": 0,
                "roughnessFactor": 0.9230769230769231
            }
        },
        {
            "emissiveFactor": [
                0,
                0,
                0
            ],
            "name": "Material #79",
            "pbrMetallicRoughness": {
                "baseColorFactor": [
                    1,
                    1,
                    1,
                    1
                ],
                "baseColorTexture": {
                    "index": 4,
                    "texCoord": 0
                },
                "metallicFactor": 0,
                "roughnessFactor": 0.9230769230769231
            }
        }
    ],
    "meshes": [
        {
            "name": "SMDImport",
            "primitives": [
                {
                    "attributes": {
                        "JOINTS_0": 3,
                        "NORMAL": 1,
                        "POSITION": 0,
                        "TEXCOORD_0": 2,
                        "WEIGHTS_0": 4
                    },
                    "indices": 5,
                    "material": 0
                }
            ]
        },
        {
            "name": "SMDImport001",
            "primitives": [
                {
                    "attributes": {
                        "JOINTS_0": 10,
                        "NORMAL": 8,
                        "POSITION": 7,
                        "TEXCOORD_0": 9,
                        "WEIGHTS_0": 11
                    },
                    "indices": 12,
                    "material": 1
                }
            ]
        },
        {
            "name": "SMDImport002",
            "primitives": [
                {
                    "attributes": {
                        "JOINTS_0": 17,
                        "NORMAL": 15,
                        "POSITION": 14,
                        "TEXCOORD_0": 16,
                        "WEIGHTS_0": 18
                    },
                    "indices": 19,
                    "material": 2
                }
            ]
        },
        {
            "name": "SMDImport003",
            "primitives": [
                {
                    "attributes": {
                        "JOINTS_0": 24,
                        "NORMAL": 22,
                        "POSITION": 21,
                        "TEXCOORD_0": 23,
                        "WEIGHTS_0": 25
                    },
                    "indices": 26,
                    "material": 3
                }
            ]
        },
        {
            "name": "SMDImport004",
            "primitives": [
                {
                    "attributes": {
                        "JOINTS_0": 31,
                        "NORMAL": 29,
                        "POSITION": 28,
                        "TEXCOORD_0": 30,
                        "WEIGHTS_0": 32
                    },
                    "indices": 33,
                    "material": 4
                }
            ]
        }
    ],
    "nodes": [
        {
            "children": [
                1,
                16
            ],
            "matrix": [
                6.397578429853465e-7,
                -5.87747175411264e-39,
                0.9999999999999999,
                0,
                0.9999999999999999,
                6.123233995738017e-17,
                -6.397578429853465e-7,
                0,
                -6.123233995735514e-17,
                1,
                3.917386973206297e-23,
                0,
                0,
                150.197021484375,
                -0.000011000000085914508,
                1
            ],
            "name": "root"
        },
        {
            "children": [
                2
            ],
            "matrix": [
                -0.8710080981254579,
                -0.0000018689804617226245,
                -0.4912686347961425,
                0,
                -0.0000021457670322438537,
                1,
                1.0666767418708531e-16,
                0,
                0.4912686347944265,
                0.0000010541480406102343,
                -0.8710080981264257,
                0,
                -15.647068977355957,
                -0.000001000000565909431,
                -4.82000732421875,
                1
            ],
            "name": "spine1"
        },
        {
            "children": [
                3,
                7,
                12
            ],
            "matrix": [
                1,
                1.1368683687458308e-13,
                0,
                0,
                -1.1368683856864898e-13,
                1.0000000000000002,
                5.684341907256625e-14,
                0,
                5.551115123125783e-17,
                -5.684341864904978e-14,
                1,
                0,
                17.824748992919915,
                -0.0000010000003385357626,
                0,
                1
            ],
            "name": "spine2"
        },
        {
            "children": [
                4
            ],
            "matrix": [
                -0.01692464947700506,
                0.3452692329883574,
                -0.9383509755134586,
                0,
                -0.23671652113684583,
                0.9104211095147564,
                0.3392619079977292,
                0,
                0.9714313793821683,
                0.227865101270395,
                0.06632238339112206,
                0,
                5.737735748291016,
                -6.090751171112062,
                10.02410888671875,
                1
            ],
            "name": "thigh_R"
        },
        {
            "children": [
                5
            ],
            "matrix": [
                -0.05684819817542963,
                -1.2665987020321623e-7,
                -0.9983828067779543,
                0,
                0.0000022208306038606906,
                0.9999998807886993,
                -2.5331974029541016e-7,
                0,
                0.9983828067759242,
                -0.0000022316401284694365,
                -0.056848198175031006,
                0,
                -40.79212951660156,
                0.00010299682616476957,
                0.00016021728515625,
                1
            ],
            "name": "knee_R"
        },
        {
            "children": [
                6
            ],
            "matrix": [
                0.2786364555358885,
                -0.19006228446960435,
                0.9414024353027344,
                0,
                0.053943416339950284,
                0.9817723577759354,
                0.1822464956385749,
                0,
                -0.9588807480018394,
                0.0000019459317480152727,
                0.283810082419373,
                0,
                -24.91535186767578,
                0.000011444091796875,
                0.000091552734375,
                1
            ],
            "name": "ankle_R"
        },
        {
            "matrix": [
                0.21335390210151683,
                -0.33847206830978416,
                0.9164695143699648,
                0,
                0.07042342425088807,
                0.9409563563143033,
                0.33112103238510976,
                0,
                -0.9744331825812982,
                -0.006105043824591881,
                0.22459310626604942,
                0,
                -26.176498413085938,
                -0.0000095367431640625,
                -0.00000476837158203125,
                1
            ],
            "name": "toeBall_R"
        },
        {
            "children": [
                8
            ],
            "matrix": [
                0.992783844470978,
                4.235164736271502e-22,
                0.11991658806800848,
                0,
                -4.669724473061639e-8,
                -0.9999999999999998,
                3.866043130210781e-7,
                0,
                0.11991658806800842,
                -3.8941429043039945e-7,
                -0.9927838444709778,
                0,
                15.60814285278321,
                1.3552527156068805e-20,
                0.283538818359375,
                1
            ],
            "name": "tail0_0"
        },
        {
            "children": [
                9
            ],
            "matrix": [
                0.9957331418991089,
                0,
                -0.09227961301803583,
                0,
                5.2679664084187734e-15,
                1,
                5.684341907256625e-14,
                0,
                0.09227961301803594,
                -5.708700181951583e-14,
                0.9957331418991089,
                0,
                26.02706909179686,
                0.000005999987479299307,
                0,
                1
            ],
            "name": "tail0_1"
        },
        {
            "children": [
                10
            ],
            "matrix": [
                0.9816298484802247,
                1.421085469402618e-13,
                -0.19079405069351169,
                0,
                -1.5305421606346585e-13,
                1,
                -4.2632564569122485e-14,
                0,
                0.19079405069351196,
                7.105123061014701e-14,
                0.9816298484802246,
                0,
                35.83735656738279,
                0.000004000008630100665,
                0,
                1
            ],
            "name": "tail0_2"
        },
        {
            "children": [
                11
            ],
            "matrix": [
                0.9980443716049197,
                -1.2789769243681803e-13,
                0.06251028180122381,
                0,
                1.3793902005762246e-13,
                1.0000000000000002,
                -1.5631940186722204e-13,
                0,
                -0.06251028180122392,
                1.646363061444465e-13,
                0.9980443716049194,
                0,
                34.81511688232421,
                0.0000060000093071721765,
                -0.00000762939453125,
                1
            ],
            "name": "tail0_3"
        },
        {
            "matrix": [
                1.000000238418579,
                -8.470329472543003e-22,
                -2.980232233218416e-8,
                0,
                1.2705494208814505e-21,
                1,
                1.421085429168553e-14,
                0,
                2.980232227667301e-8,
                -1.4210858526850266e-14,
                1.0000002384185793,
                0,
                24.330162048339837,
                0.0000029999937396496534,
                -0.000045776367201710855,
                1
            ],
            "name": "tail0_4"
        },
        {
            "children": [
                13
            ],
            "matrix": [
                0.01692870259284973,
                0.3452687263488772,
                0.9383510351181029,
                0,
                0.23671690771945308,
                0.9104206649263119,
                -0.33926226074895244,
                0,
                -0.9714311055930857,
                0.22786689182514863,
                -0.06631872392370242,
                0,
                5.737754821777351,
                6.090756893157958,
                10.02410888671875,
                1
            ],
            "name": "thigh_L"
        },
        {
            "children": [
                14
            ],
            "matrix": [
                -0.05684924125671453,
                -0.0000036582350730895996,
                -0.9983825683593748,
                0,
                -0.000004814454583168537,
                0.9999999403886615,
                -0.0000033900198903591416,
                0,
                0.9983826821020675,
                0.000004613948274057034,
                -0.056849247750281995,
                0,
                40.79218292236328,
                -0.00010299682616476957,
                0.000064849853515625,
                1
            ],
            "name": "knee_L"
        },
        {
            "children": [
                15
            ],
            "matrix": [
                0.2786318063735962,
                -0.19006194174289712,
                0.9414033889770509,
                0,
                0.053941521608051934,
                0.9817720526789386,
                0.18224671919155305,
                0,
                -0.9588819310018211,
                9.986746323797924e-7,
                0.2838052183287736,
                0,
                24.915315628051758,
                -0.000019073486328125,
                0.000030517578110789145,
                1
            ],
            "name": "ankle_L"
        },
        {
            "matrix": [
                0.21335522830486328,
                -0.3384723961353307,
                0.9164693355560305,
                0,
                0.07042333563931003,
                0.9409564862414825,
                0.33112140028101134,
                0,
                -0.9744333644578347,
                -0.006105655240882322,
                0.22459437451612974,
                0,
                26.176486968994134,
                0.000013351440433240214,
                9.5367431640625e-7,
                1
            ],
            "name": "toeBall_L"
        },
        {
            "children": [
                17,
                32,
                37
            ],
            "matrix": [
                0.7460719943046572,
                1.0587911840678754e-22,
                -0.6658653020858767,
                0,
                -1.0587911840678754e-22,
                1,
                9.195242881718759e-33,
                0,
                0.6658653020858768,
                0,
                0.7460719943046572,
                0,
                18.09870147705078,
                0.000003999999080406269,
                -5.5722503662109375,
                1
            ],
            "name": "spine1_1"
        },
        {
            "children": [
                18,
                23
            ],
            "matrix": [
                -0.290890157222748,
                0.6415908932685852,
                0.7097492218017579,
                0,
                0.2930799615023222,
                -0.6464116341669081,
                0.7044543037262423,
                0,
                0.9107618688028829,
                0.4129322104346563,
                -0.000002652406695946574,
                0,
                3.1858901977539062,
                10.676012992858887,
                3.6989288330078267,
                1
            ],
            "name": "clavicle_L"
        },
        {
            "children": [
                19
            ],
            "matrix": [
                -0.1825619935989381,
                -0.9066896438598631,
                0.38024339079856856,
                0,
                -0.9597584050337475,
                0.08040625533319656,
                -0.26906947302691087,
                0,
                0.2133885557378357,
                -0.4140636462646642,
                -0.8848821254031225,
                0,
                0.35314178466798296,
                -11.687503814697273,
                9.580520629882798,
                1
            ],
            "name": "bicep_A_L"
        },
        {
            "children": [
                20
            ],
            "matrix": [
                0.813652515411377,
                1.3877787807814457e-17,
                -0.5813518762588501,
                0,
                0,
                1.0000002384185807,
                -1.1102230246251565e-16,
                0,
                0.5813518077756223,
                1.6653345369377348e-16,
                0.8136524195631434,
                0,
                35.23636245727539,
                -0.000007629394517039145,
                -0.0000152587890625,
                1
            ],
            "name": "elbow_A_L"
        },
        {
            "children": [
                21
            ],
            "matrix": [
                0.860969603061676,
                0.5043689608573912,
                -0.06590017676353452,
                0,
                -0.14829446895637544,
                0.3728223412383376,
                0.9159760978757945,
                0,
                0.4865589064927931,
                -0.7788548426738848,
                0.3957837780107627,
                0,
                41.68552017211915,
                0.0000457763671875,
                -0.000003814697265625,
                1
            ],
            "name": "wrist_A_L"
        },
        {
            "children": [
                22
            ],
            "matrix": [
                0.8761222362518309,
                0.3365339338779449,
                -0.3451879024505615,
                0,
                0.47054681143626914,
                -0.7526985208325623,
                0.4604678475937761,
                0,
                -0.10485934659516097,
                -0.5658530748837166,
                -0.8178107184936415,
                0,
                42.19305038452148,
                15.040740013122557,
                -15.838031768798821,
                1
            ],
            "name": "chain_lf2_0"
        },
        {
            "matrix": [
                1.0000001192092893,
                2.9802322443206464e-8,
                0.0000018924474716186523,
                0,
                -2.9802255385735776e-8,
                1.0000000000000009,
                -3.3527612630646075e-8,
                0,
                -0.0000018924476982151717,
                3.3527564391455655e-8,
                1.0000002384185365,
                0,
                14.630695343017582,
                -0.0000057220458984375,
                7.105427357601002e-15,
                1
            ],
            "name": "chain_lf2_1"
        },
        {
            "children": [
                24
            ],
            "matrix": [
                0.903504490852356,
                -0.016360655426979065,
