{
    "accessors": {
        "attrbute_1": {
            "bufferView": "bufferView_31",
            "byteOffset": 0,
            "byteStride": 12,
            "count": 697,
            "max": [
                76.92322540283203,
                12.972616195678711,
                120.51829528808594,
                0
            ],
            "min": [
                -77.08789825439453,
                -27.811992645263672,
                48.741539001464844,
                0
            ],
            "type": 35665
        },
        "attrbute_10": {
            "bufferView": "bufferView_31",
            "byteOffset": 72828,
            "byteStride": 16,
            "count": 969,
            "max": [
                22,
                22,
                23,
                -1
            ],
            "min": [
                0,
                -1,
                -1,
                -1
            ],
            "type": 35666
        },
        "attrbute_11": {
            "bufferView": "bufferView_31",
            "byteOffset": 88332,
            "byteStride": 12,
            "count": 969,
            "max": [
                1,
                0.99823397397995,
                0.435234010219574
            ],
            "min": [
                0.0017659999430179596,
                0,
                0
            ],
            "type": 35665
        },
        "attrbute_13": {
            "bufferView": "bufferView_31",
            "byteOffset": 99960,
            "byteStride": 12,
            "count": 786,
            "max": [
                73.68981170654297,
                24.438127517700195,
                61.504947662353516,
                0
            ],
            "min": [
                -73.6897964477539,
                -28.637449264526367,
                2.4175939559936523,
                0
            ],
            "type": 35665
        },
        "attrbute_14": {
            "bufferView": "bufferView_31",
            "byteOffset": 109392,
            "byteStride": 12,
            "count": 786,
            "max": [
                0.9995419979095459,
                0.9973750114440918,
                0.962797999382019,
                0
            ],
            "min": [
                -0.9995419979095459,
                -0.9986270070075989,
                -0.9855650067329407,
                0
            ],
            "type": 35665
        },
        "attrbute_15": {
            "bufferView": "bufferView_31",
            "byteOffset": 118824,
            "byteStride": 8,
            "count": 786,
            "max": [
                0.9872999787330627,
                -0.019999999552965164
            ],
            "min": [
                0.016200000420212746,
                -0.978600025177002
            ],
            "type": 35664
        },
        "attrbute_16": {
            "bufferView": "bufferView_31",
            "byteOffset": 125112,
            "byteStride": 16,
            "count": 786,
            "max": [
                5,
                -1,
                -1,
                -1
            ],
            "min": [
                0,
                -1,
                -1,
                -1
            ],
            "type": 35666
        },
        "attrbute_17": {
            "bufferView": "bufferView_31",
            "byteOffset": 137688,
            "byteStride": 12,
            "count": 786,
            "max": [
                1,
                0,
                0
            ],
            "min": [
                1,
                0,
                0
            ],
            "type": 35665
        },
        "attrbute_19": {
            "bufferView": "bufferView_31",
            "byteOffset": 147120,
            "byteStride": 12,
            "count": 978,
            "max": [
                27.60810089111328,
                -45.20327377319336,
                128.99888610839844,
                0
            ],
            "min": [
                -27.60810089111328,
                -89.58699035644531,
                62.74028015136719,
                0
            ],
            "type": 35665
        },
        "attrbute_2": {
            "bufferView": "bufferView_31",
            "byteOffset": 8364,
            "byteStride": 12,
            "count": 697,
            "max": [
                0.9938960075378418,
                0.9934390187263489,
                0.9985659718513489,
                0
            ],
            "min": [
                -0.9941099882125854,
                -0.9952089786529541,
                -0.9866020083427429,
                0
            ],
            "type": 35665
        },
        "attrbute_20": {
            "bufferView": "bufferView_31",
            "byteOffset": 158856,
            "byteStride": 12,
            "count": 978,
            "max": [
                0.9904170036315918,
                0.999176025390625,
                1,
                0
            ],
            "min": [
                -0.9904170036315918,
                -0.9985349774360657,
                -1,
                0
            ],
            "type": 35665
        },
        "attrbute_21": {
            "bufferView": "bufferView_31",
            "byteOffset": 170592,
            "byteStride": 8,
            "count": 978,
            "max": [
                1.9891999959945679,
                -0.009200000204145908
            ],
            "min": [
                0.01080000028014183,
                -0.994700014591217
            ],
            "type": 35664
        },
        "attrbute_22": {
            "bufferView": "bufferView_31",
            "byteOffset": 178416,
            "byteStride": 16,
            "count": 978,
            "max": [
                1,
                3,
                3,
                -1
            ],
            "min": [
                0,
                -1,
                -1,
                -1
            ],
            "type": 35666
        },
        "attrbute_23": {
            "bufferView": "bufferView_31",
            "byteOffset": 194064,
            "byteStride": 12,
            "count": 978,
            "max": [
                1,
                0.9896990060806274,
                0.014558999799191952
            ],
            "min": [
                0.010301000438630581,
                0,
                0
            ],
            "type": 35665
        },
        "attrbute_25": {
            "bufferView": "bufferView_31",
            "byteOffset": 205800,
            "byteStride": 12,
            "count": 2596,
            "max": [
                203.44325256347656,
                147.13763427734375,
                212.13970947265625,
                0
            ],
            "min": [
                -202.72784423828125,
                -83.41398620605469,
                16.882104873657227,
                0
            ],
            "type": 35665
        },
        "attrbute_26": {
            "bufferView": "bufferView_31",
            "byteOffset": 236952,
            "byteStride": 12,
            "count": 2596,
            "max": [
                0.9987789988517761,
                0.9999079704284668,
                0.9976199865341187,
                0
            ],
            "min": [
                -0.9986879825592041,
                -0.9998779892921448,
                -0.9996640086174011,
                0
            ],
            "type": 35665
        },
        "attrbute_27": {
            "bufferView": "bufferView_31",
            "byteOffset": 268104,
            "byteStride": 8,
            "count": 2596,
            "max": [
                1.913100004196167,
                -0.003800000064074993
            ],
            "min": [
                0.010999999940395355,
                -0.9907000064849854
            ],
            "type": 35664
        },
        "attrbute_28": {
            "bufferView": "bufferView_31",
            "byteOffset": 288872,
            "byteStride": 16,
            "count": 2596,
            "max": [
                47,
                47,
                47,
                -1
            ],
            "min": [
                0,
                -1,
                -1,
                -1
            ],
            "type": 35666
        },
        "attrbute_29": {
            "bufferView": "bufferView_31",
            "byteOffset": 330408,
            "byteStride": 12,
            "count": 2596,
            "max": [
                1,
                0.9990059733390808,
                0.9477260112762451
            ],
            "min": [
                0.000994000001810491,
                0,
                0
            ],
            "type": 35665
        },
        "attrbute_3": {
            "bufferView": "bufferView_31",
            "byteOffset": 16728,
            "byteStride": 8,
            "count": 697,
            "max": [
                1.983199954032898,
                -0.022700000554323196
            ],
            "min": [
                0.015799999237060547,
                -0.989799976348877
            ],
            "type": 35664
        },
        "attrbute_4": {
            "bufferView": "bufferView_31",
            "byteOffset": 22304,
            "byteStride": 16,
            "count": 697,
            "max": [
                3,
                3,
                -1,
                -1
            ],
            "min": [
                0,
                -1,
                -1,
                -1
            ],
            "type": 35666
        },
        "attrbute_5": {
            "bufferView": "bufferView_31",
            "byteOffset": 33456,
            "byteStride": 12,
            "count": 697,
            "max": [
                1,
                0.9678500294685364,
                0
            ],
            "min": [
                0.03215000033378601,
                0,
                0
            ],
            "type": 35665
        },
        "attrbute_7": {
            "bufferView": "bufferView_31",
            "byteOffset": 41820,
            "byteStride": 12,
            "count": 969,
            "max": [
                153.8701171875,
                67.79023742675781,
                208.45956420898438,
                0
            ],
            "min": [
                -153.6920928955078,
                -71.76341247558594,
                105.9249038696289,
                0
            ],
            "type": 35665
        },
        "attrbute_8": {
            "bufferView": "bufferView_31",
            "byteOffset": 53448,
            "byteStride": 12,
            "count": 969,
            "max": [
                0.9999690055847168,
                0.9999390244483948,
                0.9985960125923157,
                0
            ],
            "min": [
                -0.9999690055847168,
                -0.9976810216903687,
                -0.9915770292282104,
                0
            ],
            "type": 35665
        },
        "attrbute_9": {
            "bufferView": "bufferView_31",
            "byteOffset": 65076,
            "byteStride": 8,
            "count": 969,
            "max": [
                1.979699969291687,
                -0.008999999612569809
            ],
            "min": [
                0.0026000000070780516,
                -0.9865999817848206
            ],
            "type": 35664
        },
        "indices_12": {
            "bufferView": "bufferView_33",
            "byteOffset": 4980,
            "count": 3639,
            "type": 5123
        },
        "indices_18": {
            "bufferView": "bufferView_33",
            "byteOffset": 12258,
            "count": 2364,
            "type": 5123
        },
        "indices_24": {
            "bufferView": "bufferView_33",
            "byteOffset": 16986,
            "count": 4092,
            "type": 5123
        },
        "indices_30": {
            "bufferView": "bufferView_33",
            "byteOffset": 25170,
            "count": 11100,
            "type": 5123
        },
        "indices_6": {
            "bufferView": "bufferView_33",
            "byteOffset": 0,
            "count": 2490,
            "type": 5123
        }
    },
    "animations": {},
    "asset": {},
    "bufferViews": {
        "bufferView_31": {
            "buffer": "visage.bin",
            "byteLength": 361560,
            "byteOffset": 0,
            "target": 34962
        },
        "bufferView_32": {
            "buffer": "visage.bin",
            "byteLength": 6592,
            "byteOffset": 361560
        },
        "bufferView_33": {
            "buffer": "visage.bin",
            "byteLength": 47370,
            "byteOffset": 368152,
            "target": 34963
        }
    },
    "buffers": {
        "visage.bin": {
            "byteLength": 415522,
            "path": "visage.bin"
        }
    },
    "cameras": {},
    "images": {
        "image_0": {
            "path": "textures/visage_gauntlets_color.png"
        },
        "image_1": {
            "path": "textures/visage_shroud_color.png"
        },
        "image_2": {
            "path": "textures/visage_chain_color.png"
        },
        "image_3": {
            "path": "textures/visage_stonemask_color.png"
        },
        "image_4": {
            "path": "textures/visage_body_color.png"
        }
    },
    "lights": {},
    "materials": {
        "Material #35": {
            "instanceTechnique": {
                "technique": "technique_0",
                "values": {
                    "ambient": [
                        0.5879999995231628,
                        0.5879999995231628,
                        0.5879999995231628
                    ],
                    "diffuse": "Map #6",
                    "emission": [
                        0,
                        0,
                        0
                    ],
                    "shininess": 2,
                    "specular": [
                        0.8999999761581421,
                        0.8999999761581421,
                        0.8999999761581421
                    ],
                    "transparency": 1
                }
            },
            "name": "Material #35"
        },
        "Material #46": {
            "instanceTechnique": {
                "technique": "technique_0",
                "values": {
                    "ambient": [
                        0.5879999995231628,
                        0.5879999995231628,
                        0.5879999995231628
                    ],
                    "diffuse": "Map #7",
                    "emission": [
                        0,
                        0,
                        0
                    ],
                    "shininess": 2,
                    "specular": [
                        0.8999999761581421,
                        0.8999999761581421,
                        0.8999999761581421
                    ],
                    "transparency": 1
                }
            },
            "name": "Material #46"
        },
        "Material #57": {
            "instanceTechnique": {
                "technique": "technique_0",
                "values": {
                    "ambient": [
                        0.5879999995231628,
                        0.5879999995231628,
                        0.5879999995231628
                    ],
                    "diffuse": "Map #8",
                    "emission": [
                        0,
                        0,
                        0
                    ],
                    "shininess": 2,
                    "specular": [
                        0.8999999761581421,
                        0.8999999761581421,
                        0.8999999761581421
                    ],
                    "transparency": 1
                }
            },
            "name": "Material #57"
        },
        "Material #68": {
            "instanceTechnique": {
                "technique": "technique_0",
                "values": {
                    "ambient": [
                        0.5879999995231628,
                        0.5879999995231628,
                        0.5879999995231628
                    ],
                    "diffuse": "Map #9",
                    "emission": [
                        0,
                        0,
                        0
                    ],
                    "shininess": 2,
                    "specular": [
                        0.8999999761581421,
                        0.8999999761581421,
                        0.8999999761581421
                    ],
                    "transparency": 1
                }
            },
            "name": "Material #68"
        },
        "Material #79": {
            "instanceTechnique": {
                "technique": "technique_0",
                "values": {
                    "ambient": [
                        0.5879999995231628,
                        0.5879999995231628,
                        0.5879999995231628
                    ],
                    "diffuse": "Map #10",
                    "emission": [
                        0,
                        0,
                        0
                    ],
                    "shininess": 2,
                    "specular": [
                        0.8999999761581421,
                        0.8999999761581421,
                        0.8999999761581421
                    ],
                    "transparency": 1
                }
            },
            "name": "Material #79"
        }
    },
    "meshes": {
        "SMDImport-mesh": {
            "name": "SMDImport-mesh",
            "primitives": [
                {
                    "attributes": {
                        "JOINT": "attrbute_4",
                        "NORMAL": "attrbute_2",
                        "POSITION": "attrbute_1",
                        "TEXCOORD_0": "attrbute_3",
                        "WEIGHT": "attrbute_5"
                    },
                    "indices": "indices_6",
                    "material": "Material #35"
                }
            ]
        },
        "SMDImport001-mesh": {
            "name": "SMDImport001-mesh",
            "primitives": [
                {
                    "attributes": {
                        "JOINT": "attrbute_10",
                        "NORMAL": "attrbute_8",
                        "POSITION": "attrbute_7",
                        "TEXCOORD_0": "attrbute_9",
                        "WEIGHT": "attrbute_11"
                    },
                    "indices": "indices_12",
                    "material": "Material #46"
                }
            ]
        },
        "SMDImport002-mesh": {
            "name": "SMDImport002-mesh",
            "primitives": [
                {
                    "attributes": {
                        "JOINT": "attrbute_16",
                        "NORMAL": "attrbute_14",
                        "POSITION": "attrbute_13",
                        "TEXCOORD_0": "attrbute_15",
                        "WEIGHT": "attrbute_17"
                    },
                    "indices": "indices_18",
                    "material": "Material #57"
                }
            ]
        },
        "SMDImport003-mesh": {
            "name": "SMDImport003-mesh",
            "primitives": [
                {
                    "attributes": {
                        "JOINT": "attrbute_22",
                        "NORMAL": "attrbute_20",
                        "POSITION": "attrbute_19",
                        "TEXCOORD_0": "attrbute_21",
                        "WEIGHT": "attrbute_23"
                    },
                    "indices": "indices_24",
                    "material": "Material #68"
                }
            ]
        },
        "SMDImport004-mesh": {
            "name": "SMDImport004-mesh",
            "primitives": [
                {
                    "attributes": {
                        "JOINT": "attrbute_28",
                        "NORMAL": "attrbute_26",
                        "POSITION": "attrbute_25",
                        "TEXCOORD_0": "attrbute_27",
                        "WEIGHT": "attrbute_29"
                    },
                    "indices": "indices_30",
                    "material": "Material #79"
                }
            ]
        }
    },
    "nodes": {
        "Index_0_L": {
            "children": [
                "Index_1_L"
            ],
            "jointId": "Index_0_L",
            "matrix": [
                0.9562573432922362,
                0.16589498519897455,
                0.24093668162822732,
                0,
                -0.16086751293060828,
                0.986143295724123,
                -0.04053134145109949,
                0,
                -0.24432210682885455,
                -4.918513232289085e-7,
                0.969694148688809,
                0,
                17.33235359191894,
                -1.340957641601534,
                21.469184875488267,
                1
            ],
            "name": "Index_0_L"
        },
        "Index_0_R": {
            "children": [
                "Index_1_R"
            ],
            "jointId": "Index_0_R",
            "matrix": [
                0.9562573432922362,
                0.16589406132698067,
                0.24093858897686007,
                0,
                -0.16086575914916876,
                0.9861438788636857,
                -0.040534601319939675,
                0,
                -0.24432448314916472,
                0.000002741144612464913,
                0.9696936775880902,
                0,
                -17.332359313964847,
                1.3409423828125284,
                -21.469207763671875,
                1
            ],
            "name": "Index_0_R"
        },
        "Index_1_L": {
            "children": [],
            "jointId": "Index_1_L",
            "matrix": [
                0.9999998807907108,
                2.7755575615628914e-17,
                -9.352071113292154e-8,
                0,
                -3.3306690738754696e-16,
                0.9999999403953557,
                -3.347622616495768e-9,
                0,
                9.352071663726758e-8,
                3.347622629720917e-9,
                0.9999999403953521,
                0,
                50.65151596069335,
                -0.00003051757809657829,
                -2.842170943040401e-14,
                1
            ],
            "name": "Index_1_L"
        },
        "Index_1_R": {
            "children": [],
            "jointId": "Index_1_R",
            "matrix": [
                0.9999998211860655,
                -2.9802322443206464e-8,
                2.5145709486862344e-8,
                0,
                2.980232766125468e-8,
                0.9999999999999994,
                1.8626451422920631e-9,
                0,
                -2.5145709583139497e-8,
                -1.8626440841107428e-9,
                0.9999998211860651,
                0,
                -50.65154266357422,
                0,
                0.0001373291015625,
                1
            ],
            "name": "Index_1_R"
        },
        "SMDImport": {
            "children": [],
            "instanceSkin": {
                "skeletons": [
                    "root"
                ],
                "skin": "skin_0",
                "sources": [
                    "SMDImport-mesh"
                ]
            },
            "matrix": [
                1,
                0,
                0,
                0,
                0,
                1,
                0,
                0,
                0,
                0,
                1,
                0,
                0,
                0,
                0,
                1
            ],
            "name": "SMDImport"
        },
        "SMDImport001": {
            "children": [],
            "instanceSkin": {
                "skeletons": [
                    "root"
                ],
                "skin": "skin_1",
                "sources": [
                    "SMDImport001-mesh"
                ]
            },
            "matrix": [
                1,
                0,
                0,
                0,
                0,
                1,
                0,
                0,
                0,
                0,
                1,
                0,
                0,
                0,
                0,
                1
            ],
            "name": "SMDImport001"
        },
        "SMDImport002": {
            "children": [],
            "instanceSkin": {
                "skeletons": [
                    "root"
                ],
                "skin": "skin_2",
                "sources": [
                    "SMDImport002-mesh"
                ]
            },
            "matrix": [
                1,
                0,
                0,
                0,
                0,
                1,
                0,
                0,
                0,
                0,
                1,
                0,
                0,
                0,
                0,
                1
            ],
            "name": "SMDImport002"
        },
        "SMDImport003": {
            "children": [],
            "instanceSkin": {
                "skeletons": [
                    "root"
                ],
                "skin": "skin_3",
                "sources": [
                    "SMDImport003-mesh"
                ]
            },
            "matrix": [
                1,
                0,
                0,
                0,
                0,
                1,
                0,
                0,
                0,
                0,
                1,
                0,
                0,
                0,
                0,
                1
            ],
            "name": "SMDImport003"
        },
        "SMDImport004": {
            "children": [],
            "instanceSkin": {
                "skeletons": [
                    "root"
                ],
                "skin": "skin_4",
                "sources": [
                    "SMDImport004-mesh"
                ]
            },
            "matrix": [
                1,
                0,
                0,
                0,
                0,
                1,
                0,
                0,
                0,
                0,
                1,
                0,
                0,
                0,
                0,
                1
            ],
            "name": "SMDImport004"
        },
        "Thumb_0_L": {
            "children": [
                "Thumb_1_L"
            ],
            "jointId": "Thumb_0_L",
            "matrix": [
                0.9692279696464539,
                0.23546217381954193,
                -0.07179632782936082,
                0,
                -0.24237998591989557,
                0.9637817275829506,
                -0.11124971448156644,
                0,
                0.04300088533430479,
                0.125228316384078,
                0.9911954348732321,
                0,
                28.783975601196286,
                -0.425872802734375,
                -1.3611373901367188,
                1
            ],
            "name": "Thumb_0_L"
        },
        "Thumb_0_R": {
            "children": [
                "Thumb_1_R"
            ],
            "jointId": "Thumb_0_R",
            "matrix": [
                0.9692296981811522,
                0.2354554682970047,
                -0.07179816067218776,
                0,
                -0.2423737887190458,
                0.9637828334133776,
                -0.11125543655210227,
                0,
                0.043002132007880556,
                0.1252340601598967,
                0.991195137069787,
                0,
                -28.784019470214847,
                0.4258880615234659,
                1.3611068725585795,
                1
            ],
            "name": "Thumb_0_R"
        },
        "Thumb_1_L": {
            "children": [],
            "jointId": "Thumb_1_L",
            "matrix": [
                0.9999998211860657,
                2.9802322359939737e-8,
                -9.313225750665066e-8,
                0,
                -2.98023284384108e-8,
                0.9999999999999991,
                -7.450580638557192e-9,
                0,
                9.313226830010013e-8,
                7.450582886758816e-9,
                0.9999999403953636,
                0,
                43.88056945800782,
                -0.0000762939453125,
                -0.0001678466797159217,
                1
            ],
            "name": "Thumb_1_L"
        },
        "Thumb_1_R": {
            "children": [],
            "jointId": "Thumb_1_R",
            "matrix": [
                0.9999999999999999,
                -2.980232227667301e-8,
                8.90344381360153e-7,
                0,
                2.980228253068873e-8,
                0.9999999999999994,
                4.470348355378739e-8,
                0,
                -8.903443294017155e-7,
                -4.470345432716627e-8,
                0.9999999403953812,
                0,
                -43.88055801391601,
                -0.00006103515622157829,
                0.0001220703125,
                1
            ],
            "name": "Thumb_1_R"
        },
        "ankle_L": {
            "children": [
                "toeBall_L"
            ],
            "jointId": "ankle_L",
            "matrix": [
                0.27863180637359625,
                -0.19006194174289698,
                0.9414033889770507,
                0,
                0.05394152160805196,
                0.9817720526789389,
                0.18224671919155305,
                0,
                -0.9588819310018214,
                9.986746324838758e-7,
                0.2838052183287737,
                0,
                24.915315628051754,
                -0.000019073486328125,
                0.000030517578139210855,
                1
            ],
            "name": "ankle_L"
        },
        "ankle_R": {
            "children": [
                "toeBall_R"
            ],
            "jointId": "ankle_R",
            "matrix": [
                0.27863645553588845,
                -0.19006228446960444,
                0.9414024353027347,
                0,
                0.05394341633995028,
                0.981772357775936,
                0.18224649563857503,
                0,
                -0.9588807480018401,
                0.000001945931747987517,
                0.2838100824193731,
                0,
                -24.91535186767578,
                0.000011444091789769573,
                0.00009155273438921085,
                1
            ],
            "name": "ankle_R"
        },
        "bicep_A_L": {
            "children": [
                "elbow_A_L"
            ],
            "jointId": "bicep_A_L",
            "matrix": [
                -0.182561993598938,
                -0.9066896438598635,
                0.38024339079856856,
                0,
                -0.9597584050337475,
                0.08040625533319684,
                -0.2690694730269109,
                0,
                0.2133885557378359,
                -0.4140636462646645,
                -0.8848821254031227,
                0,
                0.35314178466796875,
                -11.687503814697266,
                9.580520629882812,
                1
            ],
            "name": "bicep_A_L"
        },
        "bicep_A_R": {
            "children": [
                "elbow_A_R"
            ],
            "jointId": "bicep_A_R",
            "matrix": [
                -0.20368352532386808,
                -0.9044258594512942,
                0.37486886978149425,
                0,
                -0.9669853571741223,
                0.12595259469240694,
                -0.22152867169095553,
                0,
                0.15314060117583858,
                -0.40761457839302756,
                -0.9002213175689491,
                0,
                -0.3530731201171875,
                11.687511444091797,
                -9.58050537109375,
                1
            ],
            "name": "bicep_A_R"
        },
        "bicep_L": {
            "children": [
                "elbow_L"
            ],
            "jointId": "bicep_L",
            "matrix": [
                0.9035044908523561,
                -0.016360655426979315,
                0.42826601862907415,
                0,
                0.3800939829792305,
                0.4922681135438809,
                -0.7830712150775954,
                0,
                -0.19801017445699387,
                0.8702898180048282,
                0.4509851010561261,
                0,
                13.04449462890625,
                0.000030517578125,
                -0.00008392333985796085,
                1
            ],
            "name": "bicep_L"
        },
        "bicep_R": {
            "children": [
                "elbow_R"
            ],
            "jointId": "bicep_R",
            "matrix": [
                0.9035013914108279,
                -0.016357928514480757,
                0.4282729923725129,
                0,
                0.38009864846255403,
                0.49226833560574745,
                -0.7830686816314772,
                0,
                -0.1980158393972924,
                0.8702895752608575,
                0.45098272484073565,
                0,
                -13.044517517089872,
                -0.000019073486328125,
                1.4210854715202004e-14,
                1
            ],
            "name": "bicep_R"
        },
        "chain_lf2_0": {
            "children": [
                "chain_lf2_1"
            ],
            "jointId": "chain_lf2_0",
            "matrix": [
                0.8761222362518309,
                0.3365339338779449,
                -0.3451879024505617,
                0,
                0.47054681143626936,
                -0.7526985208325623,
                0.4604678475937762,
                0,
                -0.10485934659516108,
                -0.5658530748837166,
                -0.8178107184936418,
                0,
                42.19305038452147,
                15.040740013122559,
                -15.838031768798828,
                1
            ],
            "name": "chain_lf2_0"
        },
        "chain_lf2_1": {
            "children": [],
            "jointId": "chain_lf2_1",
            "matrix": [
                1.0000001192092893,
                2.9802322387695312e-8,
                0.0000018924474716047746,
                0,
                -2.9802255274713474e-8,
                1.000000000000001,
                -3.3527612845751786e-8,
                0,
                -0.0000018924476982429272,
                3.35275643428834e-8,
                1.0000002384185367,
                0,
                14.630695343017575,
                -0.0000057220458984375,
                7.105427357601002e-15,
                1
            ],
            "name": "chain_lf2_1"
        },
        "chain_rt3_0": {
            "children": [
                "chain_rt3_1"
            ],
            "jointId": "chain_rt3_0",
            "matrix": [
                -0.876121163368225,
                -0.3365321457386018,
                0.34519276022911094,
                0,
                0.47834511340155494,
                -0.5177511044632467,
                0.7093091608839598,
                0,
                -0.05998140432610508,
                0.7865620803115267,
                0.6145912410341399,
                0,
                -42.19319152832031,
                -15.040599822998049,
                15.837787628173828,
                1
            ],
            "name": "chain_rt3_0"
        },
        "chain_rt3_1": {
            "children": [],
            "jointId": "chain_rt3_1",
            "matrix": [
                1,
                -2.980232227667301e-8,
                9.834766387384342e-7,
                0,
                2.980235158656086e-8,
                1.0000002384185793,
                -2.2351741690157523e-8,
                0,
                -9.834765208188712e-7,
                2.235176309317577e-8,
                0.9999998807906201,
                0,
                14.63070297241211,
                -0.000020980834964490214,
                0.0000152587890625,
                1
            ],
            "name": "chain_rt3_1"
        },
        "clavicle_L": {
            "children": [
                "bicep_A_L",
                "bicep_L"
            ],
            "jointId": "clavicle_L",
            "matrix": [
                -0.2908901572227478,
                0.6415908932685852,
                0.7097492218017581,
                0,
                0.29307996150232213,
                -0.6464116341669078,
                0.7044543037262423,
                0,
                0.9107618688028829,
                0.4129322104346564,
                -0.000002652406695946574,
                0,
                3.1858901977539062,
                10.67601299285889,
                3.6989288330078125,
                1
            ],
            "name": "clavicle_L"
        },
        "clavicle_R": {
            "children": [
                "bicep_A_R",
                "bicep_R"
            ],
            "jointId": "clavicle_R",
            "matrix": [
                0.29089593887329135,
                0.641588389873505,
                -0.7097491621971135,
                0,
                -0.29307998802547247,
                -0.6464115878984729,
                -0.7044544393814195,
                0,
                -0.9107599704623504,
                0.412936255934858,
                -0.000001788139084912821,
                0,
                3.1859207153320312,
                -10.676015853881836,
                3.69891357421875,
                1
            ],
            "name": "clavicle_R"
        },
        "elbowFlap2_0_A_L": {
            "children": [],
            "jointId": "elbowFlap2_0_A_L",
            "matrix": [
                0.3781237900257111,
                0.09273045510053633,
                -0.9210989475250242,
                0,
                0.861388223713565,
                -0.39976459456228425,
                0.3133659286256046,
                0,
                -0.33916434614341584,
                -0.9119153398422809,
                -0.231037537339379,
                0,
                13.996582031250014,
                5.2952880859375,
                -27.526840209960938,
                1
            ],
            "name": "elbowFlap2_0_A_L"
        },
        "elbowFlap3_0_A_R": {
            "children": [],
            "jointId": "elbowFlap3_0_A_R",
            "matrix": [
                0.3781293630599977,
                0.09273868799209592,
                -0.921095848083496,
                0,
                -0.8613923048688221,
                0.39975173109489426,
                -0.31337159224102384,
                0,
                0.3391480790851579,
                0.9119201171573625,
                0.2310423207194541,
                0,
                -13.996520996093764,
                -5.2952880859375,
                27.526870727539077,
                1
            ],
            "name": "elbowFlap3_0_A_R"
        },
        "elbow_A_L": {
            "children": [
                "wrist_A_L"
            ],
            "jointId": "elbow_A_L",
            "matrix": [
                0.813652515411377,
                5.551115123125783e-17,
                -0.5813518762588503,
                0,
