{
    "accessors": {
        "attrbute_1": {
            "bufferView": "bufferView_7",
            "byteOffset": 0,
            "byteStride": 12,
            "count": 4301,
            "max": [
                45.944332122802734,
                27.37594223022461,
                155.74429321289062,
                0
            ],
            "min": [
                -46.80299377441406,
                -26.195720672607422,
                -0.264372855424881,
                0
            ],
            "type": 35665
        },
        "attrbute_2": {
            "bufferView": "bufferView_7",
            "byteOffset": 51612,
            "byteStride": 12,
            "count": 4301,
            "max": [
                0.9994274377822876,
                0.9999474287033081,
                0.9997860789299011,
                0
            ],
            "min": [
                -0.9998919367790222,
                -0.9999988675117493,
                -0.9999994039535522,
                0
            ],
            "type": 35665
        },
        "attrbute_3": {
            "bufferView": "bufferView_7",
            "byteOffset": 103224,
            "byteStride": 8,
            "count": 4301,
            "max": [
                0.9947606921195984,
                0.9957870244979858
            ],
            "min": [
                0.0031554820016026497,
                0.0013406872749328613
            ],
            "type": 35664
        },
        "attrbute_4": {
            "bufferView": "bufferView_7",
            "byteOffset": 137632,
            "byteStride": 16,
            "count": 4301,
            "max": [
                74,
                74,
                74,
                -1
            ],
            "min": [
                0,
                -1,
                -1,
                -1
            ],
            "type": 35666
        },
        "attrbute_5": {
            "bufferView": "bufferView_7",
            "byteOffset": 206448,
            "byteStride": 12,
            "count": 4301,
            "max": [
                1,
                0.9998965263366699,
                0.9995919466018677
            ],
            "min": [
                0.00010135453339898959,
                0,
                0
            ],
            "type": 35665
        },
        "indices_6": {
            "bufferView": "bufferView_9",
            "byteOffset": 0,
            "count": 18168,
            "type": 5123
        }
    },
    "animations": {},
    "asset": {},
    "bufferViews": {
        "bufferView_7": {
            "buffer": "zuus.bin",
            "byteLength": 258060,
            "byteOffset": 0,
            "target": 34962
        },
        "bufferView_8": {
            "buffer": "zuus.bin",
            "byteLength": 4800,
            "byteOffset": 258060
        },
        "bufferView_9": {
            "buffer": "zuus.bin",
            "byteLength": 36336,
            "byteOffset": 262860,
            "target": 34963
        }
    },
    "buffers": {
        "zuus.bin": {
            "byteLength": 299196,
            "path": "zuus.bin"
        }
    },
    "cameras": {},
    "images": {
        "image_0": {
            "path": "textures/zuus_color.png"
        }
    },
    "lights": {},
    "materials": {
        "Material #35": {
            "instanceTechnique": {
                "technique": "technique_0",
                "values": {
                    "ambient": [
                        0.5879999995231628,
                        0.5879999995231628,
                        0.5879999995231628
                    ],
                    "diffuse": "Map #2",
                    "emission": [
                        0,
                        0,
                        0
                    ],
                    "shininess": 2,
                    "specular": [
                        0.8999999761581421,
                        0.8999999761581421,
                        0.8999999761581421
                    ],
                    "transparency": 1
                }
            },
            "name": "Material #35"
        }
    },
    "meshes": {
        "zuus_model_LOD0-mesh": {
            "name": "zuus_model_LOD0-mesh",
            "primitives": [
                {
                    "attributes": {
                        "JOINT": "attrbute_4",
                        "NORMAL": "attrbute_2",
                        "POSITION": "attrbute_1",
                        "TEXCOORD_0": "attrbute_3",
                        "WEIGHT": "attrbute_5"
                    },
                    "indices": "indices_6",
                    "material": "Material #35"
                }
            ]
        }
    },
    "nodes": {
        "Jaw": {
            "children": [],
            "jointId": "Jaw",
            "matrix": [
                -2.821299460107934e-7,
                0.9999999999999999,
                9.536744300930875e-7,
                0,
                0.04147952795058876,
                -9.41150994045623e-7,
                0.9991393089294306,
                0,
                0.9991393089294431,
                3.214450844640451e-7,
                -0.04147952795028652,
                0,
                3.7581701278686532,
                0.0000019073486328125,
                -0.6656951904296875,
                1
            ],
            "name": "Jaw"
        },
        "ankle_L": {
            "children": [
                "toeBase_L"
            ],
            "jointId": "ankle_L",
            "matrix": [
                0.5172020196914676,
                -0.05090955644845968,
                0.8543478250503543,
                0,
                0.17486209551535997,
                0.9834583056002543,
                -0.047254293462951596,
                0,
                -0.8378094892779856,
                0.17383300890568734,
                0.5175486006822572,
                0,
                34.53565979003906,
                -0.000003814697265625,
                0.000003099441527432134,
                1
            ],
            "name": "ankle_L"
        },
        "ankle_R": {
            "children": [
                "toeBase_R"
            ],
            "jointId": "ankle_R",
            "matrix": [
                0.5024298429489139,
                -0.12514024972915666,
                0.855513334274292,
                0,
                0.16495026506296084,
                0.9851700744448331,
                0.047233037467534586,
                0,
                -0.8487372508191707,
                0.11738591365436898,
                0.5156209827606628,
                0,
                -34.53567504882813,
                -0.00000762939453125,
                0.000005722045896661143,
                1
            ],
            "name": "ankle_R"
        },
        "bicep_L": {
            "children": [
                "elbow_L"
            ],
            "jointId": "bicep_L",
            "matrix": [
                0.6750618219375608,
                -0.036424174904823275,
                -0.7368611097335815,
                0,
                -0.6553723783954966,
                -0.48825932679682305,
                -0.5762720044250771,
                0,
                -0.3387891445652549,
                0.8719378209082971,
                -0.3534766992547017,
                0,
                12.686145782470696,
                0.0000133514404296875,
                0.0000152587890625,
                1
            ],
            "name": "bicep_L"
        },
        "bicep_R": {
            "children": [
                "elbow_R"
            ],
            "jointId": "bicep_R",
            "matrix": [
                0.6750613451004028,
                -0.036424294114112826,
                -0.7368616461753843,
                0,
                -0.6553727871902525,
                -0.4882599428333426,
                -0.5762714258571697,
                0,
                -0.3387898311710352,
                0.8719378556303619,
                -0.35347699448231606,
                0,
                -12.686136245727536,
                -0.0000133514404296875,
                -0.00003814697265625,
                1
            ],
            "name": "bicep_R"
        },
        "clavicle_L": {
            "children": [
                "bicep_L"
            ],
            "jointId": "clavicle_L",
            "matrix": [
                -0.33458140492439287,
                0.9351570010185244,
                -0.11634803563356401,
                0,
                -0.03919414391998689,
                0.10954764084442882,
                0.9932086467040658,
                0,
                0.941551474256611,
                0.33686923520960127,
                7.450580591372713e-8,
                0,
                4.571823120117173,
                5.822358608245851,
                0.53155517578125,
                1
            ],
            "name": "clavicle_L"
        },
        "clavicle_R": {
            "children": [
                "bicep_R"
            ],
            "jointId": "clavicle_R",
            "matrix": [
                0.3345811069011687,
                0.9351569414138794,
                0.11634974181652069,
                0,
                0.039194750453285215,
                0.10954920402181621,
                -0.9932082336802704,
                0,
                -0.9415515914409129,
                0.3368690078159804,
                -1.490116125768548e-7,
                0,
                4.571777343750014,
                -5.822360515594482,
                0.5315551757812536,
                1
            ],
            "name": "clavicle_R"
        },
        "elbow_L": {
            "children": [
                "wrist_L"
            ],
            "jointId": "elbow_L",
            "matrix": [
                0.9591910839080815,
                -5.960464483090178e-8,
                -0.28275966644287126,
                0,
                1.9282363594719243e-7,
                1.0000001192092751,
                4.4330955008969886e-7,
                0,
                0.2827596341108589,
                -4.797412026247283e-7,
                0.9591909742299588,
                0,
                24.699920654296875,
                0.000011444091796875,
                0.0000171661376953125,
                1
            ],
            "name": "elbow_L"
        },
        "elbow_R": {
            "children": [
                "wrist_R"
            ],
            "jointId": "elbow_R",
            "matrix": [
                0.9591909646987913,
                0,
                -0.2827590405941009,
                0,
                -1.427627412953214e-7,
                1.0000002384187128,
                -4.842877218691477e-7,
                0,
                0.28275915375587735,
                5.048919445860278e-7,
                0.9591913485724708,
                0,
                -24.699920654296875,
                -0.00000762939453125,
                -0.000022888183597302714,
                1
            ],
            "name": "elbow_R"
        },
        "facial_hair0_0_L": {
            "children": [
                "facial_hair0_1_L"
            ],
            "jointId": "facial_hair0_0_L",
            "matrix": [
                0.4878448843955993,
                0.4239836931228641,
                -0.7630496621131897,
                0,
                -0.22838110401843786,
                0.9056698025364301,
                0.35721747597183645,
                0,
                0.8425255602387685,
                -5.940153599954749e-7,
                0.5386563327266415,
                0,
                5.349509239196778,
                4.8662047386169425,
                -0.22206115722659092,
                1
            ],
            "name": "facial_hair0_0_L"
        },
        "facial_hair0_1_L": {
            "children": [],
            "jointId": "facial_hair0_1_L",
            "matrix": [
                1,
                5.960464477539063e-8,
                -1.4901161182745426e-7,
                0,
                -5.9604637170362906e-8,
                0.9999997615814229,
                -4.470348355378739e-8,
                0,
                1.490116003921571e-7,
                4.470350042917737e-8,
                0.9999999403953452,
                0,
                4.7582244873046875,
                0.000003814697265625,
                -1.4210854715202004e-14,
                1
            ],
            "name": "facial_hair0_1_L"
        },
        "facial_hair1_0_R": {
            "children": [
                "facial_hair1_1_R"
            ],
            "jointId": "facial_hair1_0_R",
            "matrix": [
                -0.46280717849731434,
                0.4773551821708683,
                0.7469547390937809,
                0,
                -0.25141785591946403,
                -0.8787102819008098,
                0.40577949681123887,
                0,
                0.8500580303600441,
                -9.496060226866526e-8,
                0.5266892133212087,
                0,
                5.349513053894044,
                -4.866204261779784,
                -0.222015380859375,
                1
            ],
            "name": "facial_hair1_0_R"
        },
        "facial_hair1_1_R": {
            "children": [],
            "jointId": "facial_hair1_1_R",
            "matrix": [
                0.9999997615814207,
                -2.3841857915707365e-7,
                -2.9802322110139556e-8,
                0,
                2.3841863949769504e-7,
                0.9999999999999936,
                1.1920928963404798e-7,
                0,
                2.9802293965985882e-8,
                -1.1920926826225475e-7,
                0.9999997615814208,
                0,
                -5.828369140624986,
                -0.00000762939453125,
                -0.00000762939453125,
                1
            ],
            "name": "facial_hair1_1_R"
        },
        "front_skirt": {
            "children": [],
            "jointId": "front_skirt",
            "matrix": [
                -2.82129974432503e-7,
                1.0000000000000002,
                0,
                0,
                4.37113884475485e-8,
                1.233229290511606e-14,
                0.9999999999999999,
                0,
                0.9999999999999999,
                2.8212997443250287e-7,
                -4.371138844755195e-8,
                0,
                17.388652801513665,
                0.0000019073486328124996,
                -5.01953125,
                1
            ],
            "name": "front_skirt"
        },
        "hair01": {
            "children": [
                "hair02"
            ],
            "jointId": "hair01",
            "matrix": [
                -0.7971988320350648,
                3.1044072571319756e-7,
                -0.6037168502807617,
                0,
                -0.6037168502809878,
                -9.132856005523354e-7,
                0.7971988320348933,
                0,
                -3.038829182333967e-7,
                1.0000000000000002,
                9.154884991983151e-7,
                0,
                -5.271234035491943,
                -0.000009059906005859348,
                7.058685302734375,
                1
            ],
            "name": "hair01"
        },
        "hair02": {
            "children": [
                "hair03"
            ],
            "jointId": "hair02",
            "matrix": [
                0.9794599413871765,
                -0.20163854956626875,
                0,
                0,
                0.20163854956626892,
                0.9794599413871767,
                2.842170943040401e-14,
                0,
                -5.730912901015322e-15,
                -2.7837929135079542e-14,
                0.9999999999999998,
                0,
                10.272697448730455,
                1.4210854715202004e-14,
                -3.6379788138679765e-12,
                1
            ],
            "name": "hair02"
        },
        "hair03": {
            "children": [],
            "jointId": "hair03",
            "matrix": [
                -0.021313965320587214,
                0.9971362352371211,
                0.07256085425615309,
                0,
                -0.9980076538746709,
                -0.016909644341769614,
                -0.06078045071858446,
                0,
                -0.05937942080652174,
                -0.0737117718078434,
                0.995510161199329,
                0,
                7.5537872314453125,
                -0.00002288818359375,
                -6.776263578034403e-21,
                1
            ],
            "name": "hair03"
        },
        "head": {
            "children": [
                "Jaw",
                "hair01",
                "facial_hair0_0_L",
                "facial_hair1_0_R"
            ],
            "jointId": "head",
            "matrix": [
                0.34413889050483704,
                -4.922946459373633e-7,
                -0.9389186501502991,
                0,
                -8.080449499297953e-7,
                0.9999999999999998,
                -8.204910386655129e-7,
                0,
                0.9389186501504753,
                0.0000010410513493641078,
                0.3441388905043559,
                0,
                9.031562805175781,
                -9.536706784274429e-7,
                -7.105427357601002e-15,
                1
            ],
            "name": "head"
        },
        "index_0_L": {
            "children": [
                "index_1_L"
            ],
            "jointId": "index_0_L",
            "matrix": [
                0.9737550020217899,
                0.0635909736156463,
                -0.21853455901145935,
                0,
                0.2269579647643521,
                -0.1992991625819255,
                0.9532946486403606,
                0,
                0.01706717873798347,
                -0.9778735050025753,
                -0.20850101602080104,
                0,
                8.80904769897461,
                -0.8863372802734375,
                -4.849540710449219,
                1
            ],
            "name": "index_0_L"
        },
        "index_0_R": {
            "children": [
                "index_1_R"
            ],
            "jointId": "index_0_R",
            "matrix": [
                0.9792720079421998,
                0.16030573844909685,
                -0.12380931526422509,
                0,
                0.140599707920104,
                -0.09798614803473624,
                0.9852054848393292,
                0,
                0.1458024899866472,
                -0.982191673989804,
                -0.11849402796537974,
                0,
                -7.446384429931648,
                1.2391662597656108,
                4.644241333007813,
                1
            ],
            "name": "index_0_R"
        },
        "index_1_L": {
            "children": [
                "index_2_L"
            ],
            "jointId": "index_1_L",
            "matrix": [
                0.7720273733139038,
                -3.5762786866622154e-7,
                -0.6355889439582825,
                0,
                1.534721096180247e-7,
                0.9999996423721383,
                -3.762542966911919e-7,
                0,
                0.6355890024534196,
                1.9293352713362077e-7,
                0.7720274443657661,
                0,
                3.1119346618652344,
                0.000002861022950995107,
                -0.00000762939453125,
                1
            ],
            "name": "index_1_L"
        },
        "index_1_R": {
            "children": [
                "index_2_R"
            ],
            "jointId": "index_1_R",
            "matrix": [
                0.7977514863014223,
                4.470348358154297e-8,
                -0.6029856204986571,
                0,
                5.659454124090635e-8,
                0.9999998807907107,
                1.4901160923230794e-7,
                0,
                0.6029856995140449,
                -1.5299996557541218e-7,
                0.7977515908389664,
                0,
                -4.906551361083984,
                -0.000015735626220703125,
                0.0000152587890625,
                1
            ],
            "name": "index_1_R"
        },
        "index_2_L": {
            "children": [],
            "jointId": "index_2_L",
            "matrix": [
                1.0000001192092896,
                2.9802322373817525e-8,
                5.513429642001189e-7,
                0,
                -2.9802290926750352e-8,
                1.0000004768371602,
                -7.636845106295809e-8,
                0,
                -5.513428678327603e-7,
                7.63683936852444e-8,
                0.9999999403952297,
                0,
                3.1229095458984375,
                0.00000286102294921875,
                -0.0000019073486257070726,
                1
            ],
            "name": "index_2_L"
        },
        "index_2_R": {
            "children": [],
            "jointId": "index_2_R",
            "matrix": [
                1.0000001192092896,
                2.235174176301591e-8,
                0,
                0,
                -2.2351741776893697e-8,
                1.0000001192092893,
                -5.5879354164678485e-9,
                0,
                -1.3877787807814457e-16,
                5.587936110357239e-9,
                1.00000023841858,
                0,
                -3.401611328125,
                4.76837158203125e-7,
                0.0000019073486363652137,
                1
            ],
            "name": "index_2_R"
        },
        "knee_L": {
            "children": [
                "ankle_L"
            ],
            "jointId": "knee_L",
            "matrix": [
                0.9777327775955201,
                4.470348358154297e-8,
                -0.20985400676727284,
                0,
                -1.548630679526486e-7,
                1.0000001192092796,
                -5.085021261286293e-7,
                0,
                0.20985403253919155,
                5.296778334829e-7,
                0.9777328976698212,
                0,
                41.61678695678711,
                0.000003814697265625,
                9.536743146298932e-7,
                1
            ],
            "name": "knee_L"
        },
        "knee_R": {
            "children": [
                "ankle_R"
            ],
            "jointId": "knee_R",
            "matrix": [
                0.9777330756187441,
                -4.6193599700927734e-7,
                -0.20985424518585213,
                0,
                3.781067045016684e-7,
                1.0000001192092876,
                -4.3958425020168557e-7,
                0,
                0.2098542683330704,
                3.504487607088047e-7,
                0.9777331834633058,
                0,
                -41.6167984008789,
                0.000005722045901990214,
                0.000003814697263848643,
                1
            ],
            "name": "knee_R"
        },
        "l_leg_flap2_0_A_L": {
            "children": [],
            "jointId": "l_leg_flap2_0_A_L",
            "matrix": [
                0.17747654020786305,
                0.29603993892669694,
                -0.9385427832603456,
                0,
                -0.5956747647189358,
                0.7914556009879133,
                0.13700405963543186,
                0,
                0.7833734397748072,
                0.534751124785507,
                0.3168082514806038,
                0,
                8.621007919311523,
                12.972023010253908,
                -3.9174041748046875,
                1
            ],
            "name": "l_leg_flap2_0_A_L"
        },
        "left_R0C0": {
            "children": [
                "left_R1C0"
            ],
            "jointId": "left_R0C0",
            "matrix": [
                -0.8764216303825376,
                0.051523756235837756,
                0.47878056764602694,
                0,
                0.48138683856552406,
                0.0682697602278303,
                0.8738456647750845,
                0,
                0.01233757004144766,
                0.9963353873350257,
                -0.08463590862664956,
                0,
                5.814392089843736,
                7.128855228424074,
                10.15208625793457,
                1
            ],
            "name": "left_R0C0"
        },
        "left_R1C0": {
            "children": [
                "left_R2C0"
            ],
            "jointId": "left_R1C0",
            "matrix": [
                0.8910537958145138,
                -0.45352768898010243,
                -0.018330663442611705,
                0,
                0.4495273102820734,
                0.887344695124967,
                -0.10268983256076615,
                0,
                0.06283828329638654,
                0.08326200991494442,
                0.9945446859697741,
                0,
                9.058937072753906,
                0.000015258789048289145,
                0,
                1
            ],
            "name": "left_R1C0"
        },
        "left_R2C0": {
            "children": [
                "left_R3C0"
            ],
            "jointId": "left_R2C0",
            "matrix": [
                0.9948043823242192,
                -0.10180254280567169,
                -0.00014591810759156894,
                0,
                0.101802037875245,
                0.9948022401943499,
                -0.0019478921311567193,
                0,
                0.00034346033372761094,
                0.0019229185547978878,
                0.9999982117953755,
                0,
                17.410842895507827,
                -0.5148353576660156,
                -0.0007324218749991118,
                1
            ],
            "name": "left_R2C0"
        },
        "left_R3C0": {
            "children": [
                "left_R4C0"
            ],
            "jointId": "left_R3C0",
            "matrix": [
                0.9998329877853398,
                0.01828091591596606,
                0.000051973449444631535,
                0,
                -0.018280944838893975,
                0.9998329894361393,
                0.0005558207048932426,
                0,
                -0.00004180383953394079,
                -0.0005566777571157032,
                0.9999997615630365,
                0,
                20.6404266357422,
                0.12378120422362926,
                0.00033617019653231495,
                1
            ],
            "name": "left_R3C0"
        },
        "left_R4C0": {
            "children": [
                "left_R5C0"
            ],
            "jointId": "left_R4C0",
            "matrix": [
                0.9999981522560121,
                -0.0001792609691619873,
                0.001974108628928662,
                0,
                0.00013734343998809961,
                0.999774992466916,
                0.021213345237059728,
                0,
                -0.001977467233507232,
                -0.02121303565024316,
                0.9997732046769908,
                0,
                23.653915405273438,
                -0.00046539306640625,
                0.005184173583985263,
                1
            ],
            "name": "left_R4C0"
        },
        "left_R5C0": {
            "children": [],
            "jointId": "left_R5C0",
            "matrix": [
                0.9967076778411867,
                -0.08096091449260714,
                -0.004439831711351885,
                0,
                0.07416224016971314,
                0.9324070718322363,
                -0.35371949523252116,
                0,
                0.032777171982895,
                0.35222553654631533,
                0.9353411788594826,
                0,
                25.025733947753913,
                -0.40672111511230113,
                -0.022319316864012784,
                1
            ],
            "name": "left_R5C0"
        },
        "mid_0_L": {
            "children": [
                "mid_1_L"
            ],
            "jointId": "mid_0_L",
            "matrix": [
                0.9869261384010317,
                0.15831354260444647,
                -0.030227821320295344,
                0,
                0.029846292689991172,
                0.004787524549520894,
                0.9995433028967343,
                0,
                0.15838588774364626,
                -0.9873771643574838,
                -1.39213141409842e-7,
                0,
                9.035026550292983,
                -1.8283081054687358,
                -1.540481805801392,
                1
            ],
            "name": "mid_0_L"
        },
        "mid_0_R": {
            "children": [
                "mid_1_R"
            ],
            "jointId": "mid_0_R",
            "matrix": [
                0.9869260787963869,
                0.15831300616264354,
                -0.030228305608034158,
                0,
                0.029846807049473935,
                0.00478729046345599,
                0.9995427127924326,
                0,
                0.15838533587569192,
                -0.987377066745105,
                -4.3594323517566453e-7,
                0,
                -9.035034179687493,
                1.8283004760742188,
                1.5405123233795175,
                1
            ],
            "name": "mid_0_R"
        },
        "mid_1_L": {
            "children": [
                "mid_2_L"
            ],
            "jointId": "mid_1_L",
            "matrix": [
                0.7341899275779723,
                -4.079192876746407e-7,
                -0.6789441108703611,
                0,
                1.930212229703243e-7,
                0.9999999403953694,
                -3.920868027196267e-7,
                0,
                0.6789440536833854,
                1.5681555482795206e-7,
                0.7341898657375865,
                0,
                4.444892883300767,
                4.768371590913034e-7,
                1.4210854715202004e-14,
                1
            ],
            "name": "mid_1_L"
        },
        "mid_1_R": {
            "children": [
                "mid_2_R"
            ],
            "jointId": "mid_1_R",
            "matrix": [
                0.7341896295547485,
                -3.762543201515922e-7,
                -0.6789445281028748,
                0,
                2.3601648594523406e-7,
                1.0000002384185604,
                -2.9895454645503805e-7,
                0,
                0.6789445281029011,
                5.924721190909976e-8,
                0.7341896295547439,
                0,
                -4.444877624511719,
                -0.00001049041748046875,
                -0.000007629394545460855,
                1
            ],
            "name": "mid_1_R"
        },
        "mid_2_L": {
            "children": [],
            "jointId": "mid_2_L",
            "matrix": [
                1.0000001192092893,
                1.2852251529693604e-7,
                -2.9802322443206464e-8,
                0,
                -1.2852251682002325e-7,
                1.0000002384185709,
                4.6286731958736227e-7,
                0,
                2.980238900107679e-8,
                -4.6286737093517716e-7,
                1.0000003576278689,
                0,
                4.6859359741210795,
                0,
                -0.000019073486331677714,
                1
            ],
            "name": "mid_2_L"
        },
        "mid_2_R": {
            "children": [],
            "jointId": "mid_2_R",
            "matrix": [
                1.0000001192092893,
                2.048909664847942e-8,
                -2.980232227667301e-8,
                0,
                -2.048909312005187e-8,
                1.0000000000000107,
                3.632158040479949e-8,
                0,
                2.980232666205396e-8,
                -3.632158845391642e-8,
                1.0000002384185818,
                0,
                -4.685966491699219,
                9.536743181826068e-7,
                0.0000019073486363652137,
                1
            ],
            "name": "mid_2_R"
        },
        "neck1": {
            "children": [
                "head"
            ],
            "jointId": "neck1",
            "matrix": [
                0.9864055514335635,
                4.7035479155965763e-7,
                -0.1643304079771043,
                0,
                -3.201194588370777e-7,
                1,
                9.407095262758317e-7,
                0,
                0.16433040797751028,
                -8.753157377326174e-7,
                0.9864055514334963,
                0,
                5.551788330078111,
                -0.0000011920928955078125,
                0.0000152587890625,
                1
            ],
            "name": "neck1"
        },
        "pinky_0_L": {
            "children": [
                "pinky_1_L"
            ],
            "jointId": "pinky_0_L",
            "matrix": [
                0.9727358222007753,
                0.23191548883914936,
                3.9056149603298055e-7,
                0,
                -0.05179015644808417,
                0.21722464492488364,
                0.974747313139635,
                0,
                0.2260587731277697,
                -0.9481710551644527,
                0.22331299309949199,
                0,
                8.33181381225586,
                0.14013671875,
                5.162948608398437,
                1
            ],
            "name": "pinky_0_L"
        },
        "pinky_0_R": {
            "children": [
                "pinky_1_R"
            ],
            "jointId": "pinky_0_R",
            "matrix": [
                0.9727360010147095,
                0.23191535472869895,
                -5.021326501440571e-7,
                0,
                -0.0517892623404255,
                0.21722481228244228,
                0.9747460761077074,
                0,
                0.22605879065929052,
                -0.9481709917160132,
                0.22331321873095594,
                0,
                -8.331809997558594,
                -0.140167236328125,
                -5.162917137145998,
                1
            ],
            "name": "pinky_0_R"
        },
        "pinky_1_L": {
            "children": [
                "pinky_2_L"
            ],
            "jointId": "pinky_1_L",
            "matrix": [
                0.8338689804077148,
                -3.6135315894386677e-7,
                -0.5519627332687378,
                0,
                3.969733256559138e-7,
                0.9999995827675238,
                -5.4948031884966e-8,
                0,
                0.5519627332687038,
                -1.7329509478802851e-7,
                0.8338689804077768,
                0,
                3.3684959411621094,
                -0.000006675720216620107,
                -0.000003814697265625,
                1
            ],
            "name": "pinky_1_L"
        },
        "pinky_1_R": {
            "children": [
                "pinky_2_R"
            ],
            "jointId": "pinky_1_R",
            "matrix": [
                0.8338687419891357,
                6.705522538619224e-8,
                -0.5519628524780273,
                0,
                -1.753464451414999e-8,
                1.0000003576278906,
                9.499490264547328e-8,
                0,
                0.5519628524780356,
                -6.953478269566826e-8,
                0.8338687419891394,
                0,
                -3.3684654235839844,
                -0.000005722045901990214,
                -0.000003814697265625,
                1
            ],
            "name": "pinky_1_R"
        },
        "pinky_2_L": {
            "children": [],
            "jointId": "pinky_2_L",
            "matrix": [
                0.999999940395355,
                1.9371509550614174e-7,
                -1.490116117719431e-7,
                0,
                -1.9371525655786925e-7,
                1.0000003576278644,
                -5.38304448099991e-7,
                0,
                1.490115076330234e-7,
                5.383042524439996e-7,
                0.9999999403953136,
                0,
                2.9357833862304688,
                9.5367431640625e-7,
                -0.000013351440436792927,
                1
            ],
            "name": "pinky_2_L"
        },
        "pinky_2_R": {
            "children": [],
            "jointId": "pinky_2_R",
            "matrix": [
                1.0000002384185787,
                1.4901161138336505e-8,
                -2.9802322387695312e-8,
                0,
                -1.4901161846103683e-8,
                1.0000002384185789,
                -2.048909660337661e-8,
                0,
                2.9802322110139556e-8,
                2.048909714114089e-8,
                1.0000002384185802,
                0,
                -2.935783386230483,
                9.536743146298932e-7,
                -0.000028610229488634786,
                1
            ],
            "name": "pinky_2_R"
        },
        "r_leg_flap3_0_A_R": {
            "children": [],
            "jointId": "r_leg_flap3_0_A_R",
            "matrix": [
                -0.17747680842876426,
                0.2960401773452759,
                0.9385426640510558,
                0,
                0.5956751831570096,
                0.7914549438649624,
                -0.13700382145723988,
                0,
                -0.7833728345164525,
                0.5347515500971551,
                -0.316808671139986,
                0,
                8.621010780334473,
                -12.972021102905273,
                -3.9174041748046875,
                1
            ],
            "name": "r_leg_flap3_0_A_R"
        },
        "right_R0C0": {
            "children": [
                "right_R1C0"
            ],
            "jointId": "right_R0C0",
            "matrix": [
                -0.8931300044059755,
                -0.044970449060201326,
                0.44754481315612815,
                0,
                0.44965635396279,
                -0.06424370936783655,
                0.890888467960647,
                0,
                -0.01131171349098619,
                0.9969204077769349,
                0.07759921838899458,
                0,
                6.371353149414048,
                -7.167813301086427,
                10.231742858886719,
                1
            ],
            "name": "right_R0C0"
        },
        "right_R1C0": {
            "children": [
                "right_R2C0"
            ],
            "jointId": "right_R1C0",
            "matrix": [
                0.8488082289695743,
                -0.5285316109657289,
                0.013396680355072016,
                0,
                0.5101982104901674,
                0.8254840281650418,
                0.24140038257456436,
                0,
                -0.13864649085432823,
                -0.1980676861491468,
                0.9703336027812393,
                0,
                9.513168334960938,
                0.000022888183607960855,
                -0.000007152557373046875,
                1
            ],
            "name": "right_R1C0"
        },
