{
    "animations": {},
    "asset": {},
    "attributes": {
        "attribute_1": {
            "bufferView": "bufferView_7",
            "byteOffset": 0,
            "byteStride": 12,
            "count": 3692,
            "max": [
                1,
                1,
                1
            ],
            "min": [
                0,
                0,
                0
            ],
            "type": "FLOAT_VEC3"
        },
        "attribute_2": {
            "bufferView": "bufferView_7",
            "byteOffset": 44304,
            "byteStride": 12,
            "count": 3692,
            "max": [
                1,
                1,
                1
            ],
            "min": [
                0,
                0,
                0
            ],
            "type": "FLOAT_VEC3"
        },
        "attribute_3": {
            "bufferView": "bufferView_7",
            "byteOffset": 88608,
            "byteStride": 8,
            "count": 3692,
            "max": [
                1,
                1,
                1
            ],
            "min": [
                0,
                0,
                0
            ],
            "type": "FLOAT_VEC2"
        },
        "attribute_4": {
            "bufferView": "bufferView_7",
            "byteOffset": 118144,
            "byteStride": 16,
            "count": 3692,
            "max": [
                1,
                1,
                1
            ],
            "min": [
                0,
                0,
                0
            ],
            "type": "FLOAT_VEC4"
        },
        "attribute_5": {
            "bufferView": "bufferView_7",
            "byteOffset": 177216,
            "byteStride": 12,
            "count": 3692,
            "max": [
                1,
                1,
                1
            ],
            "min": [
                0,
                0,
                0
            ],
            "type": "FLOAT_VEC3"
        }
    },
    "bufferViews": {
        "bufferView_7": {
            "buffer": "zuus.bin",
            "byteLength": 221520,
            "byteOffset": 0,
            "target": "ARRAY_BUFFER"
        },
        "bufferView_8": {
            "buffer": "zuus.bin",
            "byteLength": 36336,
            "byteOffset": 221520,
            "target": "ELEMENT_ARRAY_BUFFER"
        }
    },
    "buffers": {
        "zuus.bin": {
            "byteLength": 257856,
            "path": "zuus.bin"
        }
    },
    "cameras": {},
    "images": {
        "image_0": {
            "path": "textures/zuus_color.png"
        }
    },
    "indices": {
        "indices_6": {
            "bufferView": "bufferView_8",
            "byteOffset": 0,
            "count": 18168,
            "type": "UNSIGNED_SHORT"
        }
    },
    "lights": {},
    "materials": {
        "Material #35": {
            "instanceTechnique": {
                "technique": "technique_0",
                "values": [
                    {
                        "parameter": "ambient",
                        "value": [
                            0.5879999995231628,
                            0.5879999995231628,
                            0.5879999995231628
                        ]
                    },
                    {
                        "parameter": "emission",
                        "value": [
                            0,
                            0,
                            0
                        ]
                    },
                    {
                        "parameter": "diffuse",
                        "value": "Map #2"
                    },
                    {
                        "parameter": "shininess",
                        "value": 2
                    },
                    {
                        "parameter": "specular",
                        "value": [
                            0.8999999761581421,
                            0.8999999761581421,
                            0.8999999761581421
                        ]
                    }
                ]
            },
            "name": "Material #35"
        }
    },
    "meshes": {
        "zuus_model_LOD0-mesh": {
            "name": "zuus_model_LOD0-mesh",
            "primitives": [
                {
                    "indices": "indices_6",
                    "material": "Material #35",
                    "semantics": {
                        "JOINT": "attribute_4",
                        "NORMAL": "attribute_2",
                        "POSITION": "attribute_1",
                        "TEXCOORD_0": "attribute_3",
                        "WEIGHT": "attribute_5"
                    },
                    "skin": "skin_0"
                }
            ]
        }
    },
    "nodes": {
        "Jaw": {
            "children": [],
            "matrix": [
                -2.8212994601079344e-7,
                0.9999999999999999,
                9.536744300930877e-7,
                0,
                0.04147952795058877,
                -9.411509940456232e-7,
                0.9991393089294306,
                0,
                0.9991393089294434,
                3.214450844640451e-7,
                -0.04147952795028652,
                0,
                3.7581701278686523,
                0.0000019073486328125,
                -0.6656951904296875,
                1
            ],
            "name": "Jaw"
        },
        "ankle_L": {
            "children": [
                "toeBase_L"
            ],
            "matrix": [
                0.5172020196914673,
                -0.05090955644845975,
                0.8543478250503542,
                0,
                0.1748620955153599,
                0.9834583056002544,
                -0.04725429346295143,
                0,
                -0.8378094892779854,
                0.17383300890568743,
                0.5175486006822569,
                0,
                34.53565979003906,
                -0.000003814697265625,
                0.0000030994415283203125,
                1
            ],
            "name": "ankle_L"
        },
        "ankle_R": {
            "children": [
                "toeBase_R"
            ],
            "matrix": [
                0.5024298429489141,
                -0.12514024972915666,
                0.8555133342742924,
                0,
                0.16495026506296084,
                0.985170074444833,
                0.047233037467534496,
                0,
                -0.8487372508191708,
                0.11738591365436912,
                0.5156209827606629,
                0,
                -34.535675048828125,
                -0.000007629394527697286,
                0.000005722045897549322,
                1
            ],
            "name": "ankle_R"
        },
        "bicep_L": {
            "children": [
                "elbow_L"
            ],
            "matrix": [
                0.675061821937561,
                -0.03642417490482326,
                -0.7368611097335815,
                0,
                -0.6553723783954967,
                -0.4882593267968234,
                -0.5762720044250772,
                0,
                -0.33878914456525505,
                0.8719378209082975,
                -0.3534766992547017,
                0,
                12.6861457824707,
                0.0000133514404296875,
                0.0000152587890625,
                1
            ],
            "name": "bicep_L"
        },
        "bicep_R": {
            "children": [
                "elbow_R"
            ],
            "matrix": [
                0.675061345100403,
                -0.036424294114112854,
                -0.7368616461753846,
                0,
                -0.6553727871902527,
                -0.48825994283334256,
                -0.57627142585717,
                0,
                -0.33878983117103534,
                0.8719378556303621,
                -0.3534769944823162,
                0,
                -12.686136245727543,
                -0.0000133514404296875,
                -0.00003814697265625,
                1
            ],
            "name": "bicep_R"
        },
        "clavicle_L": {
            "children": [
                "bicep_L"
            ],
            "matrix": [
                -0.33458140492439276,
                0.9351570010185243,
                -0.116348035633564,
                0,
                -0.039194143919986935,
                0.1095476408444288,
                0.9932086467040658,
                0,
                0.9415514742566108,
                0.3368692352096013,
                7.450580588597155e-8,
                0,
                4.571823120117173,
                5.822358608245851,
                0.53155517578125,
                1
            ],
            "name": "clavicle_L"
        },
        "clavicle_R": {
            "children": [
                "bicep_R"
            ],
            "matrix": [
                0.3345811069011687,
                0.9351569414138793,
                0.11634974181652065,
                0,
                0.039194750453285215,
                0.10954920402181621,
                -0.9932082336802703,
                0,
                -0.9415515914409129,
                0.33686900781598045,
                -1.4901161254909923e-7,
                0,
                4.571777343750014,
                -5.822360515594482,
                0.5315551757812536,
                1
            ],
            "name": "clavicle_R"
        },
        "elbow_L": {
            "children": [
                "wrist_L"
            ],
            "matrix": [
                0.9591910839080815,
                -5.960464488641293e-8,
                -0.28275966644287115,
                0,
                1.9282363594719243e-7,
                1.0000001192092751,
                4.433095500411266e-7,
                0,
                0.2827596341108589,
                -4.797412025414616e-7,
                0.9591909742299585,
                0,
                24.699920654296875,
                0.000011444091803980427,
                0.0000171661376953125,
                1
            ],
            "name": "elbow_L"
        },
        "elbow_R": {
            "children": [
                "wrist_R"
            ],
            "matrix": [
                0.9591909646987915,
                -1.1102230246251565e-16,
                -0.28275904059410095,
                0,
                -1.4276274135083256e-7,
                1.0000002384187128,
                -4.842877219732311e-7,
                0,
                0.28275915375587735,
                5.04891944641539e-7,
                0.9591913485724711,
                0,
                -24.699920654296875,
                -0.00000762939453125,
                -0.00002288818359375,
                1
            ],
            "name": "elbow_R"
        },
        "facial_hair0_0_L": {
            "children": [
                "facial_hair0_1_L"
            ],
            "matrix": [
                0.48784488439559937,
                0.4239836931228641,
                -0.7630496621131897,
                0,
                -0.22838110401843795,
                0.9056698025364301,
                0.35721747597183645,
                0,
                0.8425255602387687,
                -5.940153599874657e-7,
                0.5386563327266414,
                0,
                5.349509239196777,
                4.8662047386169425,
                -0.2220611572265625,
                1
            ],
            "name": "facial_hair0_0_L"
        },
        "facial_hair0_1_L": {
            "children": [],
            "matrix": [
                1,
                5.9604644719879474e-8,
                -1.4901161204949886e-7,
                0,
                -5.960463733689636e-8,
                0.9999997615814228,
                -4.470348355378739e-8,
                0,
                1.4901160044766826e-7,
                4.470350048468852e-8,
                0.9999999403953449,
                0,
                4.758224487304702,
                0.000003814697272730427,
                -1.4210854715202004e-14,
                1
            ],
            "name": "facial_hair0_1_L"
        },
        "facial_hair1_0_R": {
            "children": [
                "facial_hair1_1_R"
            ],
            "matrix": [
                -0.4628071784973144,
                0.47735518217086825,
                0.7469547390937806,
                0,
                -0.2514178559194641,
                -0.8787102819008097,
                0.4057794968112388,
                0,
                0.8500580303600442,
                -9.496060228461542e-8,
                0.5266892133212088,
                0,
                5.349513053894045,
                -4.866204261779784,
                -0.222015380859375,
                1
            ],
            "name": "facial_hair1_0_R"
        },
        "facial_hair1_1_R": {
            "children": [],
            "matrix": [
                0.9999997615814212,
                -2.384185791015625e-7,
                -2.980232222116186e-8,
                0,
                2.384186394421839e-7,
                0.9999999999999937,
                1.1920928955078125e-7,
                0,
                2.9802293965985882e-8,
                -1.1920926823449918e-7,
                0.9999997615814211,
                0,
                -5.828369140625014,
                -0.000007629394538355427,
                -0.000007629394545460855,
                1
            ],
            "name": "facial_hair1_1_R"
        },
        "front_skirt": {
            "children": [],
            "matrix": [
                -2.82129974432503e-7,
                1.0000000000000002,
                0,
                0,
                4.37113884475485e-8,
                1.233229290511606e-14,
                0.9999999999999999,
                0,
                0.9999999999999999,
                2.8212997443250287e-7,
                -4.371138844755195e-8,
                0,
                17.388652801513665,
                0.0000019073486328124996,
                -5.01953125,
                1
            ],
            "name": "front_skirt"
        },
        "hair01": {
            "children": [
                "hair02"
            ],
            "matrix": [
                -0.7971988320350649,
                3.104407257131979e-7,
                -0.6037168502807617,
                0,
                -0.6037168502809882,
                -9.132856005523355e-7,
                0.7971988320348934,
                0,
                -3.038829182333967e-7,
                1.0000000000000002,
                9.154884991983153e-7,
                0,
                -5.271234035491944,
                -0.000009059906005859348,
                7.058685302734375,
                1
            ],
            "name": "hair01"
        },
        "hair02": {
            "children": [
                "hair03"
            ],
            "matrix": [
                0.9794599413871765,
                -0.2016385495662688,
                -5.293955920339377e-23,
                0,
                0.20163854956626914,
                0.9794599413871763,
                2.842170943040401e-14,
                0,
                -5.73091300689444e-15,
                -2.78379291880191e-14,
                1,
                0,
                10.272697448730455,
                1.4210854715202004e-14,
                -3.6379788003154494e-12,
                1
            ],
            "name": "hair02"
        },
        "hair03": {
            "children": [],
            "matrix": [
                -0.021313965320587214,
                0.997136235237121,
                0.07256085425615309,
                0,
                -0.9980076538746707,
                -0.016909644341769503,
                -0.06078045071858447,
                0,
                -0.05937942080652175,
                -0.07371177180784341,
                0.995510161199329,
                0,
                7.5537872314453125,
                -0.00002288818359375,
                0,
                1
            ],
            "name": "hair03"
        },
        "head": {
            "children": [
                "Jaw",
                "hair01",
                "facial_hair0_0_L",
                "facial_hair1_0_R"
            ],
            "matrix": [
                0.34413889050483704,
                -4.922946459373634e-7,
                -0.9389186501502989,
                0,
                -8.080449499297955e-7,
                0.9999999999999998,
                -8.204910386655127e-7,
                0,
                0.9389186501504754,
                0.000001041051349364108,
                0.344138890504356,
                0,
                9.031562805175795,
                -9.536706784274429e-7,
                0,
                1
            ],
            "name": "head"
        },
        "index_0_L": {
            "children": [
                "index_1_L"
            ],
            "matrix": [
                0.97375500202179,
                0.06359097361564625,
                -0.2185345590114594,
                0,
                0.2269579647643521,
                -0.1992991625819255,
                0.9532946486403602,
                0,
                0.017067178737983635,
                -0.9778735050025753,
                -0.20850101602080104,
                0,
                8.809047698974624,
                -0.8863372802734233,
                -4.849540710449218,
                1
            ],
            "name": "index_0_L"
        },
        "index_0_R": {
            "children": [
                "index_1_R"
            ],
            "matrix": [
                0.9792720079421997,
                0.16030573844909674,
                -0.12380931526422505,
                0,
                0.14059970792010398,
                -0.09798614803473628,
                0.9852054848393291,
                0,
                0.14580248998664713,
                -0.982191673989804,
                -0.11849402796537972,
                0,
                -7.4463844299316335,
                1.239166259765625,
                4.6442413330078125,
                1
            ],
            "name": "index_0_R"
        },
        "index_1_L": {
            "children": [
                "index_2_L"
            ],
            "matrix": [
                0.7720273733139041,
                -3.5762786863846596e-7,
                -0.6355889439582827,
                0,
                1.534721096180247e-7,
                0.9999996423721385,
                -3.762542966981308e-7,
                0,
                0.6355890024534199,
                1.9293352702606792e-7,
                0.7720274443657661,
                0,
                3.1119346618652344,
                0.0000028610229483305716,
                -0.00000762939453125,
                1
            ],
            "name": "index_1_L"
        },
        "index_1_R": {
            "children": [
                "index_2_R"
            ],
            "matrix": [
                0.7977514863014219,
                4.470348358154297e-8,
                -0.6029856204986572,
                0,
                5.659454120621188e-8,
                0.9999998807907106,
                1.49011609162919e-7,
                0,
                0.6029856995140449,
                -1.529999655615344e-7,
                0.7977515908389667,
                0,
                -4.906551361083984,
                -0.000015735626218926768,
                0.000015258789076710855,
                1
            ],
            "name": "index_1_R"
        },
        "index_2_L": {
            "children": [],
            "matrix": [
                1.0000001192092896,
                2.9802322387695312e-8,
                5.513429641723633e-7,
                0,
                -2.9802290912872564e-8,
                1.00000047683716,
                -7.63684511080609e-8,
                0,
                -5.513428678327603e-7,
                7.63683936783055e-8,
                0.9999999403952295,
                0,
                3.1229095458984375,
                0.00000286102294921875,
                -0.0000019073486328125,
                1
            ],
            "name": "index_2_L"
        },
        "index_2_R": {
            "children": [],
            "matrix": [
                1.0000001192092896,
                2.2351741804649272e-8,
                0,
                0,
                -2.2351741776893697e-8,
                1.000000119209289,
                -5.587935395651167e-9,
                0,
                -8.326672684688674e-17,
                5.587936096479451e-9,
                1.0000002384185798,
                0,
                -3.401611328125,
                4.76837158203125e-7,
                0.0000019073486257070726,
                1
            ],
            "name": "index_2_R"
        },
        "knee_L": {
            "children": [
                "ankle_L"
            ],
            "matrix": [
                0.97773277759552,
                4.4703483609298544e-8,
                -0.20985400676727295,
                0,
                -1.5486306789713744e-7,
                1.0000001192092796,
                -5.085021260800571e-7,
                0,
                0.20985403253919155,
                5.296778334898389e-7,
                0.9777328976698213,
                0,
                41.61678695678711,
                0.000003814697265625,
                9.536743146298932e-7,
                1
            ],
            "name": "knee_L"
        },
        "knee_R": {
            "children": [
                "ankle_R"
            ],
            "matrix": [
                0.9777330756187439,
                -4.619359970370329e-7,
                -0.20985424518585202,
                0,
                3.781067045016684e-7,
                1.0000001192092876,
                -4.395842501461744e-7,
                0,
                0.20985426833307036,
                3.504487607677853e-7,
                0.9777331834633056,
                0,
                -41.6167984008789,
                0.000005722045901990214,
                0.000003814697263848643,
                1
            ],
            "name": "knee_R"
        },
        "l_leg_flap2_0_A_L": {
            "children": [],
            "matrix": [
                0.17747654020786305,
                0.29603993892669694,
                -0.9385427832603456,
                0,
                -0.5956747647189358,
                0.7914556009879133,
                0.13700405963543186,
                0,
                0.7833734397748072,
                0.534751124785507,
                0.3168082514806038,
                0,
                8.621007919311523,
                12.972023010253908,
                -3.9174041748046875,
                1
            ],
            "name": "l_leg_flap2_0_A_L"
        },
        "left_R0C0": {
            "children": [
                "left_R1C0"
            ],
            "matrix": [
                -0.8764216303825377,
                0.05152375623583774,
                0.4787805676460267,
                0,
                0.4813868385655241,
                0.06826976022783031,
                0.8738456647750843,
                0,
                0.012337570041447659,
                0.9963353873350257,
                -0.08463590862664955,
                0,
                5.814392089843764,
                7.128855228424074,
                10.15208625793457,
                1
            ],
            "name": "left_R0C0"
        },
        "left_R1C0": {
            "children": [
                "left_R2C0"
            ],
            "matrix": [
                0.8910537958145143,
                -0.45352768898010254,
                -0.01833066344261173,
                0,
                0.4495273102820735,
                0.8873446951249673,
                -0.10268983256076619,
                0,
                0.06283828329638655,
                0.08326200991494442,
                0.9945446859697744,
                0,
                9.058937072753892,
                0.000015258789048289145,
                0,
                1
            ],
            "name": "left_R1C0"
        },
        "left_R2C0": {
            "children": [
                "left_R3C0"
            ],
            "matrix": [
                0.9948043823242188,
                -0.10180254280567168,
                -0.00014591810759156923,
                0,
                0.10180203787524496,
                0.9948022401943499,
                -0.0019478921311567212,
                0,
                0.0003434603337276104,
                0.0019229185547978832,
                0.9999982117953754,
                0,
                17.410842895507812,
                -0.5148353576660014,
                -0.0007324218749991118,
                1
            ],
            "name": "left_R2C0"
        },
        "left_R3C0": {
            "children": [
                "left_R4C0"
            ],
            "matrix": [
                0.9998329877853398,
                0.018280915915966048,
                0.00005197344944463164,
                0,
                -0.018280944838894003,
                0.9998329894361394,
                0.0005558207048932435,
                0,
                -0.0000418038395339413,
                -0.0005566777571157051,
                0.9999997615630364,
                0,
                20.640426635742188,
                0.12378120422363637,
                0.00033617019653231495,
                1
            ],
            "name": "left_R3C0"
        },
        "left_R4C0": {
            "children": [
                "left_R5C0"
            ],
            "matrix": [
                0.9999981522560122,
                -0.0001792609691619873,
                0.0019741086289286613,
                0,
                0.0001373434399881135,
                0.999774992466916,
                0.021213345237059714,
                0,
                -0.001977467233507232,
                -0.021213035650243156,
                0.9997732046769908,
                0,
                23.653915405273445,
                -0.00046539306640625,
                0.005184173583985263,
                1
            ],
            "name": "left_R4C0"
        },
        "left_R5C0": {
            "children": [],
            "matrix": [
                0.9967076778411867,
                -0.08096091449260714,
                -0.0044398317113518845,
                0,
                0.07416224016971315,
                0.9324070718322365,
                -0.3537194952325213,
                0,
                0.03277717198289499,
                0.3522255365463152,
                0.9353411788594826,
                0,
                25.025733947753906,
                -0.40672111511230113,
                -0.022319316864013672,
                1
            ],
            "name": "left_R5C0"
        },
        "mid_0_L": {
            "children": [
                "mid_1_L"
            ],
            "matrix": [
                0.9869261384010316,
                0.1583135426044464,
                -0.030227821320295337,
                0,
                0.029846292689991165,
                0.0047875245495208885,
                0.9995433028967341,
                0,
                0.15838588774364631,
                -0.9873771643574835,
                -1.3921314140783347e-7,
                0,
                9.035026550292969,
                -1.82830810546875,
                -1.5404818058013907,
                1
            ],
            "name": "mid_0_L"
        },
        "mid_0_R": {
            "children": [
                "mid_1_R"
            ],
            "matrix": [
                0.9869260787963869,
                0.15831300616264354,
                -0.030228305608034148,
                0,
                0.029846807049473935,
                0.004787290463455987,
                0.9995427127924323,
                0,
                0.15838533587569203,
                -0.987377066745105,
                -4.359432351768096e-7,
                0,
                -9.0350341796875,
                1.8283004760742188,
                1.540512323379517,
                1
            ],
            "name": "mid_0_R"
        },
        "mid_1_L": {
            "children": [
                "mid_2_L"
            ],
            "matrix": [
                0.7341899275779724,
                -4.0791928767811014e-7,
                -0.6789441108703613,
                0,
                1.930212229703243e-7,
                0.9999999403953694,
                -3.920868027196267e-7,
                0,
                0.6789440536833853,
                1.5681555482448262e-7,
                0.7341898657375863,
                0,
                4.444892883300767,
                4.768371573149466e-7,
                0,
                1
            ],
            "name": "mid_1_L"
        },
        "mid_1_R": {
            "children": [
                "mid_2_R"
            ],
            "matrix": [
                0.7341896295547485,
                -3.762543201515922e-7,
                -0.678944528102875,
                0,
                2.360164859487035e-7,
                1.0000002384185604,
                -2.9895454645330333e-7,
                0,
                0.6789445281029008,
                5.9247211905630315e-8,
                0.7341896295547439,
                0,
                -4.444877624511726,
                -0.00001049041748046875,
                -0.00000762939453125,
                1
            ],
            "name": "mid_1_R"
        },
        "mid_2_L": {
            "children": [],
            "matrix": [
                1.0000001192092896,
                1.2852251531081382e-7,
                -2.980232233218416e-8,
                0,
                -1.2852251682002325e-7,
                1.000000238418571,
                4.628673195821581e-7,
                0,
                2.980238905658794e-8,
                -4.6286737092650354e-7,
                1.0000003576278687,
                0,
                4.685935974121094,
                -1.7763568394002505e-15,
                -0.00001907348633878314,
                1
            ],
            "name": "mid_2_L"
        },
        "mid_2_R": {
            "children": [],
            "matrix": [
                1.0000001192092896,
                2.048909663807108e-8,
                -2.9802322387695312e-8,
                0,
                -2.048909310964353e-8,
                1.0000000000000109,
                3.632158040826894e-8,
                0,
                2.980232677307626e-8,
                -3.63215884521817e-8,
                1.000000238418582,
                0,
                -4.685966491699219,
                9.5367431640625e-7,
                0.0000019073486328125,
                1
            ],
            "name": "mid_2_R"
        },
        "neck1": {
            "children": [
                "head"
            ],
            "matrix": [
                0.9864055514335635,
                4.703547915596574e-7,
                -0.16433040797710424,
                0,
                -3.2011945883707775e-7,
                1,
                9.407095262758315e-7,
                0,
                0.16433040797751033,
                -8.753157377326172e-7,
                0.9864055514334961,
                0,
                5.551788330078111,
                -0.0000011920928955078159,
                0.0000152587890625,
                1
            ],
            "name": "neck1"
        },
        "pinky_0_L": {
            "children": [
                "pinky_1_L"
            ],
            "matrix": [
                0.9727358222007754,
                0.23191548883914942,
                3.905614960298134e-7,
                0,
                -0.051790156448084185,
                0.21722464492488366,
                0.9747473131396349,
                0,
                0.22605877312776984,
                -0.9481710551644528,
                0.223312993099492,
                0,
                8.331813812255852,
                0.14013671875,
                5.1629486083984375,
                1
            ],
            "name": "pinky_0_L"
        },
        "pinky_0_R": {
            "children": [
                "pinky_1_R"
            ],
            "matrix": [
                0.9727360010147093,
                0.23191535472869879,
                -5.021326501330867e-7,
                0,
                -0.051789262340425496,
                0.21722481228244225,
                0.9747460761077074,
                0,
                0.22605879065929058,
                -0.9481709917160133,
                0.22331321873095594,
                0,
                -8.33180999755858,
                -0.140167236328125,
                -5.162917137145996,
                1
            ],
            "name": "pinky_0_R"
        },
        "pinky_1_L": {
            "children": [
                "pinky_2_L"
            ],
            "matrix": [
                0.8338689804077152,
                -3.6135315896468345e-7,
                -0.551962733268738,
                0,
                3.969733256628527e-7,
                0.9999995827675235,
                -5.494803182772012e-8,
                0,
                0.5519627332687036,
                -1.7329509482272298e-7,
                0.8338689804077768,
                0,
                3.3684959411621094,
                -0.00000667572021484375,
                -0.000003814697265625,
                1
            ],
            "name": "pinky_1_L"
        },
        "pinky_1_R": {
            "children": [
                "pinky_2_R"
            ],
            "matrix": [
                0.833868741989136,
                6.705522538619224e-8,
                -0.5519628524780275,
                0,
                -1.75346445002722e-8,
                1.0000003576278909,
                9.499490263159549e-8,
                0,
                0.5519628524780357,
                -6.953478269219882e-8,
                0.8338687419891396,
                0,
                -3.3684654235839844,
                -0.000005722045896661143,
                -0.0000038146972585195726,
                1
            ],
            "name": "pinky_1_R"
        },
        "pinky_2_L": {
            "children": [],
            "matrix": [
                0.9999999403953552,
                1.9371509547144727e-7,
                -1.4901161182745426e-7,
                0,
                -1.9371525655093036e-7,
                1.0000003576278647,
                -5.383044481485633e-7,
                0,
                1.4901150757751225e-7,
                5.383042523919579e-7,
                0.9999999403953139,
                0,
                2.9357833862304688,
                9.5367431640625e-7,
                -0.000013351440433240214,
                1
            ],
            "name": "pinky_2_L"
        },
        "pinky_2_R": {
            "children": [],
            "matrix": [
                1.0000002384185784,
                1.4901161193847656e-8,
                -2.980232233218416e-8,
                0,
                -1.490116180447032e-8,
                1.0000002384185789,
                -2.048909669358223e-8,
                0,
                2.9802322110139556e-8,
                2.0489097109915866e-8,
                1.00000023841858,
                0,
                -2.9357833862304688,
                9.5367431640625e-7,
                -0.0000286102294921875,
                1
            ],
            "name": "pinky_2_R"
        },
        "r_leg_flap3_0_A_R": {
            "children": [],
            "matrix": [
                -0.17747680842876426,
                0.2960401773452759,
                0.9385426640510558,
                0,
                0.5956751831570096,
                0.7914549438649624,
                -0.13700382145723988,
                0,
                -0.7833728345164525,
                0.5347515500971551,
                -0.316808671139986,
                0,
                8.621010780334473,
                -12.972021102905273,
                -3.9174041748046875,
                1
            ],
            "name": "r_leg_flap3_0_A_R"
        },
        "right_R0C0": {
            "children": [
                "right_R1C0"
            ],
            "matrix": [
                -0.8931300044059753,
                -0.04497044906020131,
                0.44754481315612804,
                0,
                0.4496563539627898,
                -0.06424370936783652,
                0.890888467960647,
                0,
                -0.011311713490986183,
                0.9969204077769349,
                0.07759921838899457,
                0,
                6.371353149414048,
                -7.167813301086427,
                10.231742858886719,
                1
            ],
            "name": "right_R0C0"
        },
        "right_R1C0": {
            "children": [
                "right_R2C0"
            ],
            "matrix": [
                0.8488082289695744,
                -0.5285316109657289,
                0.013396680355072004,
                0,
                0.5101982104901678,
                0.8254840281650418,
                0.24140038257456442,
                0,
                -0.13864649085432829,
                -0.19806768614914677,
                0.9703336027812393,
                0,
                9.513168334960938,
                0.000022888183607960855,
                -0.000007152557373046875,
                1
            ],
            "name": "right_R1C0"
        },
        "right_R2C0": {
            "children": [
                "right_R3C0"
            ],
            "matrix": [
                0.9916837811470032,
                0.12405846267938611,
                -0.03424276039004324,
                0,
                -0.12827497930466647,
                0.9743431711873137,
                -0.1849354576446614,
                0,
                0.010421388157252907,
                0.18778992884665813,
                0.9821536321514522,
                0,
                19.309333801269517,
                1.236415863037113,
                -0.20705413818359375,
                1
            ],
            "name": "right_R2C0"
        },
        "right_R3C0": {
            "children": [
                "right_R4C0"
            ],
            "matrix": [
                0.9956679940223694,
                -0.0929352864623069,
                0.0028624522965401402,
                0,
                0.09279862277583245,
                0.9951800785197867,
                0.03169558202788633,
                0,
                -0.005794294672292657,
                -0.031292651295740936,
                0.999493421867492,
                0,
                20.147926330566406,
                -1.2341880798339773,
                -0.029511451721192294,
                1
            ],
            "name": "right_R3C0"
        },
        "right_R4C0": {
            "children": [
                "right_R5C0"
            ],
            "matrix": [
                0.9975205063819884,
                -0.07033046334981921,
                0.002599718049168589,
                0,
                0.06938518008911376,
                0.9889546626729357,
