{
    "accessors": [
        {
            "bufferView": 0,
            "byteOffset": 0,
            "componentType": 5126,
            "count": 4301,
            "max": [
                45.944332122802734,
                27.37594223022461,
                155.74429321289062
            ],
            "min": [
                -46.80299377441406,
                -26.195720672607422,
                -0.264372855424881
            ],
            "type": "VEC3"
        },
        {
            "bufferView": 0,
            "byteOffset": 51612,
            "componentType": 5126,
            "count": 4301,
            "max": [
                0.9994274377822876,
                0.9999474287033081,
                0.9997860789299011
            ],
            "min": [
                -0.9998919367790222,
                -0.9999988675117493,
                -0.9999994039535522
            ],
            "type": "VEC3"
        },
        {
            "bufferView": 0,
            "byteOffset": 103224,
            "componentType": 5126,
            "count": 4301,
            "max": [
                0.9947606921195984,
                0.9986593127250671
            ],
            "min": [
                0.0031554820016026497,
                0.00421297550201416
            ],
            "type": "VEC2"
        },
        {
            "bufferView": 0,
            "byteOffset": 137632,
            "componentType": 5123,
            "count": 4301,
            "max": [
                74,
                74,
                74,
                0
            ],
            "min": [
                0,
                0,
                0,
                0
            ],
            "type": "VEC4"
        },
        {
            "bufferView": 0,
            "byteOffset": 172040,
            "componentType": 5126,
            "count": 4301,
            "max": [
                1,
                0.9998965263366699,
                0.9995919466018677,
                0
            ],
            "min": [
                0.00010135453339898959,
                0,
                0,
                0
            ],
            "type": "VEC4"
        },
        {
            "bufferView": 2,
            "byteOffset": 0,
            "componentType": 5123,
            "count": 18168,
            "max": [
                4300
            ],
            "min": [
                0
            ],
            "type": "SCALAR"
        },
        {
            "bufferView": 1,
            "byteOffset": 0,
            "componentType": 5126,
            "count": 75,
            "max": [
                0.9999999999999858,
                0.9999999999999732,
                0.9999999999997922,
                0,
                0.7714710146605435,
                0.9995431191431166,
                1.000000178813842,
                0,
                0.9989954053038904,
                0.9999999999999982,
                1,
                0,
                124.16407187628472,
                71.89760465409118,
                122.58301258259705,
                1
            ],
            "min": [
                -0.4475517542032854,
                -0.8851875129855021,
                -0.46101707640427814,
                0,
                -0.9999999999999732,
                -0.9995430940621064,
                -0.9999999999999838,
                0,
                -0.9999210986521733,
                -0.46523440215811357,
                -0.9317047190226396,
                0,
                -123.90677929306,
                -138.84048653710875,
                -139.1993582625532,
                1
            ],
            "type": "MAT4"
        }
    ],
    "asset": {
        "generator": "ClayGL - fbx2gltf",
        "version": "2.0"
    },
    "bufferViews": [
        {
            "buffer": 0,
            "byteLength": 240856,
            "byteOffset": 0,
            "target": 34962
        },
        {
            "buffer": 0,
            "byteLength": 4800,
            "byteOffset": 240856,
            "target": 34962
        },
        {
            "buffer": 0,
            "byteLength": 36336,
            "byteOffset": 245656,
            "target": 34963
        }
    ],
    "buffers": [
        {
            "byteLength": 281992,
            "uri": "zuus.bin"
        }
    ],
    "images": [
        {
            "uri": "textures/zuus_color.png"
        }
    ],
    "materials": [
        {
            "emissiveFactor": [
                0,
                0,
                0
            ],
            "name": "Material #35",
            "pbrMetallicRoughness": {
                "baseColorFactor": [
                    1,
                    1,
                    1,
                    1
                ],
                "baseColorTexture": {
                    "index": 0,
                    "texCoord": 0
                },
                "metallicFactor": 0,
                "roughnessFactor": 0.9230769230769231
            }
        }
    ],
    "meshes": [
        {
            "name": "zuus_model_LOD0",
            "primitives": [
                {
                    "attributes": {
                        "JOINTS_0": 3,
                        "NORMAL": 1,
                        "POSITION": 0,
                        "TEXCOORD_0": 2,
                        "WEIGHTS_0": 4
                    },
                    "indices": 5,
                    "material": 0
                }
            ]
        }
    ],
    "nodes": [
        {
            "children": [
                1,
                64,
                68,
                69,
                73,
                74
            ],
            "matrix": [
                1.6292068478213574e-7,
                1.469367938527879e-39,
                1.0000000000000002,
                0,
                1.0000000000000002,
                6.123233995736847e-17,
                -1.6292068478213574e-7,
                0,
                -6.123233995736685e-17,
                1,
                9.976014756666736e-24,
                0,
                0,
                91.88951110839844,
                0.000004016618277091766,
                1
            ],
            "name": "root"
        },
        {
            "children": [
                2
            ],
            "matrix": [
                -0.044814512133597405,
                6.41076738217624e-8,
                0.9989952445030215,
                0,
                1.4371553328780932e-9,
                0.9999999999999999,
                -6.410768095149383e-8,
                0,
                -0.9989952445030214,
                -1.437243102700253e-9,
                -0.0448145121335973,
                0,
                -2.811139345169067,
                -6.9090794019281535e-16,
                8.855453491210938,
                1
            ],
            "name": "spine1"
        },
        {
            "children": [
                3
            ],
            "matrix": [
                0.9941616654396058,
                -2.150669592637872e-23,
                -0.10790234804153452,
                0,
                3.8559740509851795e-16,
                1,
                3.552713678800501e-15,
                0,
                0.10790234804153448,
                -3.573578588450657e-15,
                0.9941616654396063,
                0,
                14.453788757324205,
                -2.3841857910156165e-7,
                -0.000015497207641601562,
                1
            ],
            "name": "spine2"
        },
        {
            "children": [
                4,
                23,
                29,
                48,
                54
            ],
            "matrix": [
                0.9966832995414732,
                -6.617444900424222e-24,
                -0.08137802034616472,
                0,
                -3.8804063962061303e-8,
                0.9999999999999999,
                -4.7525563218187017e-7,
                0,
                0.08137802034616469,
                4.7683714951531347e-7,
                0.9966832995414734,
                0,
                10.090431213378892,
                7.152557373046867e-7,
                -0.00000762939453125,
                1
            ],
            "name": "spine3"
        },
        {
            "children": [
                5
            ],
            "matrix": [
                -0.33458140492439276,
                0.9351570010185242,
                -0.11634803563356398,
                0,
                -0.03919414391998691,
                0.10954764084442879,
                0.9932086467040655,
                0,
                0.9415514742566109,
                0.3368692352096012,
                7.450580588597155e-8,
                0,
                4.571823120117159,
                5.82235860824585,
                0.5315551757812536,
                1
            ],
            "name": "clavicle_L"
        },
        {
            "children": [
                6
            ],
            "matrix": [
                0.675061821937561,
                -0.03642417490482326,
                -0.7368611097335817,
                0,
                -0.6553723783954964,
                -0.48825932679682316,
                -0.5762720044250772,
                0,
                -0.3387891445652548,
                0.8719378209082972,
                -0.35347669925470176,
                0,
                12.686145782470696,
                0.0000133514404296875,
                0.000015258789076710855,
                1
            ],
            "name": "bicep_L"
        },
        {
            "children": [
                7
            ],
            "matrix": [
                0.959191083908081,
                -5.960464487253514e-8,
                -0.2827596664428712,
                0,
                1.928236359367841e-7,
                1.0000001192092747,
                4.43309550013371e-7,
                0,
                0.2827596341108589,
                -4.797412025414616e-7,
                0.9591909742299589,
                0,
                24.69992065429686,
                0.000011444091789769573,
                0.0000171661376953125,
                1
            ],
            "name": "elbow_L"
        },
        {
            "children": [
                8,
                11,
                14,
                17,
                20
            ],
            "matrix": [
                0.9693374633789061,
                -0.08170863986015325,
                0.2317515164613723,
                0,
                -0.010030594728506245,
                0.9291576281041609,
                0.3695476886886469,
                0,
                -0.24552889737960298,
                -0.36054097921112604,
                0.8998475985452044,
                0,
                22.495464324951172,
                0.000011444091796875,
                -0.00002288818359375,
                1
            ],
            "name": "wrist_L"
        },
        {
            "children": [
                9
            ],
            "matrix": [
                0.9727358222007753,
                0.23191548883914945,
                3.905614960337138e-7,
                0,
                -0.05179015644808414,
                0.2172246449248836,
                0.9747473131396344,
                0,
                0.22605877312776973,
                -0.9481710551644525,
                0.22331299309949187,
                0,
                8.331813812255845,
                0.1401367187499858,
                5.162948608398437,
                1
            ],
            "name": "pinky_0_L"
        },
        {
            "children": [
                10
            ],
            "matrix": [
                0.8338689804077151,
                -3.6135315895080566e-7,
                -0.5519627332687379,
                0,
                3.969733256522113e-7,
                0.9999995827675234,
                -5.4948031957824384e-8,
                0,
                0.5519627332687037,
                -1.7329509477415073e-7,
                0.8338689804077768,
                0,
                3.3684959411621165,
                -0.000006675720213067393,
                -0.000003814697265625,
                1
            ],
            "name": "pinky_1_L"
        },
        {
            "matrix": [
                0.9999999403953547,
                1.9371509550614174e-7,
                -1.4901161190031265e-7,
                0,
                -1.9371525655786925e-7,
                1.0000003576278644,
                -5.383044481555022e-7,
                0,
                1.4901150768159566e-7,
                5.383042524231829e-7,
                0.9999999403953135,
                0,
                2.935783386230497,
                9.536743181826068e-7,
                -0.000013351440431463857,
                1
            ],
            "name": "pinky_2_L"
        },
        {
            "children": [
                12
            ],
            "matrix": [
                0.9672050476074219,
                0.24677835404872894,
                -0.06012382358312604,
                0,
                0.05999828129728762,
                0.008035286726347821,
                0.9981663136937822,
                0,
                0.24680889704912712,
                -0.9690386068060383,
                -0.007034505653928303,
                0,
                9.211994171142585,
                -1.3349227905273722,
                1.918029904365539,
                1
            ],
            "name": "ring_0_L"
        },
        {
            "children": [
                13
            ],
            "matrix": [
                0.7662337422370906,
                -1.4901161207725444e-8,
                -0.6425623893737791,
                0,
                -2.1946012361551137e-8,
                1.0000002384185787,
                -4.936009395228175e-8,
                0,
                0.6425622568509611,
                5.192302855727693e-8,
                0.7662335842081474,
                0,
                3.9727973937988352,
                -0.000006198883056640625,
                -0.000019073486328125,
                1
            ],
            "name": "ring_1_L"
        },
        {
            "matrix": [
                1.000000119209289,
                7.450580596923828e-9,
                -1.788139342314126e-7,
                0,
                -7.450571160028119e-9,
                1.0000002384185784,
                5.7741999640037456e-8,
                0,
                1.7881397729397133e-7,
                -5.77420051703359e-8,
                1.0000003576278582,
                0,
                3.6406326293945455,
                -0.0000019073486328125,
                0.000019073486329901357,
                1
            ],
            "name": "ring_2_L"
        },
        {
            "children": [
                15
            ],
            "matrix": [
                0.9737550020217898,
                0.06359097361564642,
                -0.2185345590114593,
                0,
                0.2269579647643521,
                -0.19929916258192557,
                0.9532946486403601,
                0,
                0.01706717873798357,
                -0.9778735050025753,
                -0.208501016020801,
                0,
                8.809047698974602,
                -0.8863372802734517,
                -4.849540710449219,
                1
            ],
            "name": "index_0_L"
        },
        {
            "children": [
                16
            ],
            "matrix": [
                0.7720273733139038,
                -3.576278686800993e-7,
                -0.6355889439582827,
                0,
                1.534721096319025e-7,
                0.9999996423721383,
                -3.7625429666343635e-7,
                0,
                0.6355890024534196,
                1.92933526987904e-7,
                0.772027444365766,
                0,
                3.1119346618652344,
                0.000002861022950995107,
                -0.000007629394517039145,
                1
            ],
            "name": "index_1_L"
        },
        {
            "matrix": [
                1.0000001192092896,
                2.9802322387695312e-8,
                5.513429640977702e-7,
                0,
                -2.9802290926750352e-8,
                1.0000004768371602,
                -7.636845111846924e-8,
                0,
                -5.513428678310256e-7,
                7.636839377545002e-8,
                0.9999999403952298,
                0,
                3.1229095458984375,
                0.0000028610229501069284,
                -0.0000019073486257070726,
                1
            ],
            "name": "index_2_L"
        },
        {
            "children": [
                18
            ],
            "matrix": [
                0.770380616188049,
                0.3057154417037963,
                -0.5595105290412901,
                0,
                0.147319358312637,
                -0.939151479518493,
                -0.3103089617490287,
                0,
                -0.6203311437357741,
                0.1566292167769229,
                -0.7685416024215569,
                0,
                2.3780441284179688,
                3.5021667480468466,
                -4.064361572265623,
                1
            ],
            "name": "thumb_0_L"
        },
        {
            "children": [
                19
            ],
            "matrix": [
                0.9793554544448854,
                5.066394806046981e-7,
                -0.2021461427211761,
                0,
                -5.050163445485811e-7,
                0.9999997615814216,
                5.9604640528787556e-8,
                0,
                0.20214616533443586,
                4.371299150429664e-8,
                0.9793555640014717,
                0,
                3.955799102783182,
                -0.00000762939453125,
                -0.0000038146972620722863,
                1
            ],
            "name": "thumb_1_L"
        },
        {
            "matrix": [
                0.9999999999999999,
                -2.980232241545089e-8,
                2.9802322443206464e-8,
                0,
                2.980232972904506e-8,
                1.0000002384185793,
                -7.45058070794613e-9,
                0,
                -2.980232222116186e-8,
                7.450579542211955e-9,
                1.0000000000000009,
                0,
                2.6922225952148366,
                0,
                0,
                1
            ],
            "name": "thumb_2_L"
        },
        {
            "children": [
                21
            ],
            "matrix": [
                0.9869261384010315,
                0.15831354260444638,
                -0.03022782132029533,
                0,
                0.02984629268999117,
                0.0047875245495208945,
                0.9995433028967337,
                0,
                0.1583858877436462,
                -0.9873771643574839,
                -1.392131414089158e-7,
                0,
                9.035026550292969,
                -1.8283081054687642,
                -1.5404818058013912,
                1
            ],
            "name": "mid_0_L"
        },
        {
            "children": [
                22
            ],
            "matrix": [
                0.7341899275779722,
                -4.0791928767811014e-7,
                -0.6789441108703613,
                0,
                1.9302122297379376e-7,
                0.9999999403953695,
                -3.9208680271755555e-7,
                0,
                0.6789440536833855,
                1.5681555481927845e-7,
                0.7341898657375867,
                0,
                4.444892883300774,
                4.76837158203125e-7,
                0,
                1
            ],
            "name": "mid_1_L"
        },
        {
            "matrix": [
                1.0000001192092896,
                1.2852251529693604e-7,
                -2.980232236096973e-8,
                0,
                -1.2852251681308435e-7,
                1.000000238418571,
                4.6286731958736227e-7,
                0,
                2.9802389028507105e-8,
                -4.628673709317077e-7,
                1.0000003576278693,
                0,
                4.685935974121094,
                0,
                -0.000019073486329901357,
                1
            ],
            "name": "mid_2_L"
        },
        {
            "children": [
                24
            ],
            "matrix": [
                -0.8764216303825378,
                0.05152375623583774,
                0.47878056764602683,
                0,
                0.4813868385655241,
                0.06826976022783027,
                0.8738456647750842,
                0,
                0.012337570041447667,
                0.9963353873350256,
                -0.08463590862664952,
                0,
                5.81439208984375,
                7.128855228424073,
                10.152086257934577,
                1
            ],
            "name": "left_R0C0"
        },
        {
            "children": [
                25
            ],
            "matrix": [
                0.8910537958145142,
                -0.45352768898010287,
                -0.01833066344261171,
                0,
                0.4495273102820734,
                0.8873446951249669,
                -0.10268983256076615,
                0,
                0.06283828329638655,
                0.08326200991494444,
                0.9945446859697745,
                0,
                9.058937072753892,
                0.000015258789048289145,
                0,
                1
            ],
            "name": "left_R1C0"
        },
        {
            "children": [
                26
            ],
            "matrix": [
                0.9948043823242194,
                -0.10180254280567172,
                -0.00014591810759156877,
                0,
                0.10180203787524505,
                0.9948022401943497,
                -0.0019478921311567102,
                0,
                0.0003434603337276118,
                0.0019229185547978804,
                0.9999982117953754,
                0,
                17.4108428955078,
                -0.5148353576660085,
                -0.000732421875,
                1
            ],
            "name": "left_R2C0"
        },
        {
            "children": [
                27
            ],
            "matrix": [
                0.9998329877853397,
                0.01828091591596606,
                0.00005197344944463133,
                0,
                -0.018280944838893975,
                0.9998329894361392,
                0.0005558207048932326,
                0,
                -0.00004180383953394148,
                -0.0005566777571157158,
                0.9999997615630366,
                0,
                20.640426635742188,
                0.12378120422363281,
                0.0003361701965340913,
                1
            ],
            "name": "left_R3C0"
        },
        {
            "children": [
                28
            ],
            "matrix": [
                0.9999981522560119,
                -0.0001792609691619873,
                0.0019741086289286618,
                0,
                0.00013734343998814125,
                0.999774992466916,
                0.021213345237059724,
                0,
                -0.0019774672335072306,
                -0.02121303565024315,
                0.9997732046769909,
                0,
                23.65391540527343,
                -0.0004653930664098027,
                0.005184173583984375,
                1
            ],
            "name": "left_R4C0"
        },
        {
            "matrix": [
                0.9967076778411863,
                -0.08096091449260713,
                -0.004439831711351874,
                0,
                0.07416224016971312,
                0.9324070718322358,
                -0.3537194952325213,
                0,
                0.032777171982895,
                0.3522255365463153,
                0.9353411788594826,
                0,
                25.0257339477539,
                -0.40672111511230113,
                -0.02231931686401456,
                1
            ],
            "name": "left_R5C0"
        },
        {
            "children": [
                30
            ],
            "matrix": [
                0.3345811069011689,
                0.9351569414138793,
                0.11634974181652066,
                0,
                0.0391947504532852,
                0.10954920402181623,
                -0.9932082336802702,
                0,
                -0.9415515914409129,
                0.33686900781598034,
                -1.4901161249358807e-7,
                0,
                4.57177734375,
                -5.822360515594482,
                0.5315551757812571,
                1
            ],
            "name": "clavicle_R"
        },
        {
            "children": [
                31
            ],
            "matrix": [
                0.6750613451004032,
                -0.03642429411411293,
                -0.7368616461753846,
                0,
                -0.6553727871902523,
                -0.48825994283334273,
                -0.57627142585717,
                0,
                -0.3387898311710355,
                0.8719378556303624,
                -0.3534769944823163,
                0,
                -12.686136245727539,
                -0.0000133514404296875,
                -0.00003814697265625,
                1
            ],
            "name": "bicep_R"
        },
        {
            "children": [
                32
            ],
            "matrix": [
                0.9591909646987917,
                1.3877787807814457e-17,
                -0.28275904059410095,
                0,
                -1.4276274136384298e-7,
                1.0000002384187132,
                -4.842877218691477e-7,
                0,
                0.28275915375587735,
                5.04891944641539e-7,
                0.9591913485724712,
                0,
                -24.699920654296875,
                -0.000007629394524144573,
                -0.00002288818359375,
                1
            ],
            "name": "elbow_R"
        },
        {
            "children": [
                33,
                36,
                39,
                42,
                45
            ],
            "matrix": [
                0.967463433742523,
                -0.1496230363845824,
                0.20402890443801874,
                0,
                0.061076971393643445,
                0.9206643897623367,
                0.38554765187306117,
                0,
                -0.24552890983891196,
                -0.36054171813069114,
                0.8998474803924533,
                0,
                -22.495498657226577,
                7.105427357601002e-15,
                0.000007629394538355427,
                1
            ],
            "name": "wrist_R"
        },
        {
            "children": [
                34
            ],
            "matrix": [
                0.9869260787963872,
                0.15831300616264352,
                -0.03022830560803415,
                0,
                0.02984680704947394,
                0.00478729046345599,
                0.9995427127924323,
                0,
                0.15838533587569192,
                -0.9873770667451055,
                -4.359432351749991e-7,
                0,
                -9.035034179687514,
                1.8283004760742045,
                1.5405123233795166,
                1
            ],
            "name": "mid_0_R"
        },
        {
            "children": [
                35
            ],
            "matrix": [
                0.7341896295547485,
                -3.762543201446533e-7,
                -0.6789445281028749,
                0,
                2.3601648595217295e-7,
                1.0000002384185602,
                -2.989545464522784e-7,
                0,
                0.678944528102901,
                5.924721191777338e-8,
                0.734189629554744,
                0,
                -4.444877624511719,
                -0.000010490417481356928,
                -0.000007629394545460855,
                1
            ],
            "name": "mid_1_R"
        },
        {
            "matrix": [
                1.0000001192092893,
                2.0489096634601633e-8,
                -2.980232246619155e-8,
                0,
                -2.0489093113112977e-8,
                1.0000000000000107,
                3.632158041347311e-8,
                0,
                2.980232665999397e-8,
                -3.6321588455651144e-8,
                1.0000002384185815,
                0,
                -4.685966491699233,
                9.5367431640625e-7,
                0.0000019073486328125,
                1
            ],
            "name": "mid_2_R"
        },
        {
            "children": [
                37
            ],
            "matrix": [
                0.7703801989555362,
                0.3057152628898622,
                -0.5595110058784486,
                0,
                0.14731916584313273,
                -0.9391514282554447,
                -0.31030874400355396,
                0,
                -0.6203317295520726,
                0.15662902990332442,
                -0.7685414436174574,
                0,
                -2.3780250549316477,
                -3.502197265625,
                4.064375877380372,
                1
            ],
            "name": "thumb_0_R"
        },
        {
            "children": [
                38
            ],
            "matrix": [
                0.9793553948402404,
                -5.960464473375726e-8,
                -0.20214626193046564,
                0,
                2.2694949178281298e-7,
                1.0000001192092653,
                8.046627014979268e-7,
                0,
                0.2021462489125287,
                -8.339275961999348e-7,
                0.9793553317713657,
                0,
                -3.955780029296875,
                -7.105427357601002e-15,
                -0.000007629394538355427,
                1
            ],
            "name": "thumb_1_R"
        },
        {
            "matrix": [
                0.9999996423721315,
                8.940696713533036e-8,
                -5.960464477539063e-8,
                0,
                -8.940699820769726e-8,
                1,
                1.4901161082825354e-8,
                0,
                5.96046638157155e-8,
                -1.4901154865576416e-8,
                0.9999999403953532,
                0,
                -2.6922225952148366,
                -0.00000762939453125,
                0.00000762939453125,
                1
            ],
            "name": "thumb_2_R"
        },
        {
            "children": [
                40
            ],
            "matrix": [
                0.9727360010147097,
                0.2319153547286988,
                -5.0213265013024e-7,
                0,
                -0.05178926234042552,
                0.2172248122824424,
                0.9747460761077076,
                0,
                0.2260587906592903,
                -0.9481709917160132,
                0.22331321873095594,
                0,
                -8.3318099975586,
                -0.140167236328125,
                -5.162917137145996,
                1
            ],
            "name": "pinky_0_R"
        },
        {
            "children": [
                41
            ],
            "matrix": [
                0.8338687419891353,
                6.705522534455888e-8,
                -0.5519628524780272,
                0,
                -1.7534644489856766e-8,
                1.0000003576278904,
                9.499490266628996e-8,
                0,
                0.5519628524780354,
                -6.953478259852375e-8,
                0.8338687419891393,
                0,
                -3.3684654235839773,
                -0.0000057220458984375,
                -0.0000038146972585195726,
                1
            ],
            "name": "pinky_1_R"
        },
        {
            "matrix": [
                1.0000002384185787,
                1.490116116609208e-8,
                -2.980232244667591e-8,
                0,
                -1.4901161776714744e-8,
                1.000000238418579,
                -2.0489096613784952e-8,
                0,
                2.9802322089322875e-8,
                2.0489097113385313e-8,
                1.00000023841858,
                0,
                -2.9357833862304688,
                9.536743146298932e-7,
                -0.000028610229495740214,
                1
            ],
            "name": "pinky_2_R"
        },
        {
            "children": [
                43
            ],
            "matrix": [
                0.9792720079422003,
                0.16030573844909687,
                -0.12380931526422508,
                0,
                0.140599707920104,
                -0.0979861480347363,
                0.9852054848393291,
                0,
                0.14580248998664713,
                -0.9821916739898041,
                -0.11849402796537971,
                0,
                -7.446384429931655,
                1.2391662597656392,
                4.644241333007812,
                1
            ],
            "name": "index_0_R"
        },
        {
            "children": [
                44
            ],
            "matrix": [
                0.7977514863014222,
                4.4703483585012416e-8,
                -0.6029856204986572,
                0,
                5.6594541233967455e-8,
                0.9999998807907106,
                1.4901160909353006e-7,
                0,
                0.602985699514045,
                -1.5299996555806494e-7,
                0.7977515908389665,
                0,
                -4.906551361083977,
                -0.000015735626221591303,
                0.000015258789048289145,
                1
            ],
            "name": "index_1_R"
        },
        {
            "matrix": [
                1.0000001192092898,
                2.2351741797710378e-8,
                6.938893903907228e-18,
                0,
                -2.2351741797710378e-8,
                1.0000001192092893,
                -5.587935475448447e-9,
                0,
                -1.3617579286417936e-16,
                5.58793608607111e-9,
                1.0000002384185798,
                0,
                -3.401611328125,
                4.7683715642676816e-7,
                0.0000019073486328125,
                1
            ],
            "name": "index_2_R"
        },
        {
            "children": [
                46
            ],
            "matrix": [
                0.9672049880027774,
                0.2467786073684693,
                -0.060124296694994,
                0,
                0.05999875806252296,
                0.008035153149078905,
                0.9981655549438291,
                0,
                0.24680908039949365,
                -0.9690383493743402,
                -0.0070347716600626395,
                0,
                -9.211997985839858,
                1.3348846435546875,
                -1.9179991483688357,
                1
            ],
            "name": "ring_0_R"
        },
        {
            "children": [
                47
            ],
            "matrix": [
                0.7662334442138666,
                2.0489096641540527e-7,
                -0.6425619125366209,
                0,
                -5.673063260408506e-7,
                1.0000002384186497,
                -3.5762789603668854e-7,
                0,
                0.6425619617563855,
                6.385557890647986e-7,
                0.7662335029069827,
                0,
                -3.9727516174316406,
                -0.00000667572021484375,
                -0.000030517578125,
                1
            ],
            "name": "ring_1_R"
        },
        {
            "matrix": [
                1.000000238418579,
                5.587935447692871e-8,
                -8.940696725329156e-8,
                0,
                -5.587931350276021e-8,
                1.0000001192092915,
                3.8370490074851604e-7,
                0,
                8.940697800380662e-8,
                -3.8370489573863464e-7,
                1.0000001192092869,
                0,
                -3.6406631469726562,
                -9.5367431640625e-7,
                -0.000009536743165838857,
                1
            ],
            "name": "ring_2_R"
        },
        {
            "children": [
                49
            ],
            "matrix": [
                -0.8931300044059757,
                -0.04497044906020131,
                0.44754481315612815,
                0,
                0.4496563539627899,
                -0.06424370936783652,
                0.8908884679606466,
                0,
                -0.011311713490986175,
                0.9969204077769348,
                0.07759921838899457,
                0,
                6.3713531494140625,
                -7.167813301086427,
                10.231742858886719,
                1
            ],
            "name": "right_R0C0"
        },
        {
            "children": [
                50
            ],
            "matrix": [
                0.848808228969574,
                -0.5285316109657289,
                0.01339668035507199,
                0,
                0.5101982104901674,
                0.8254840281650416,
                0.2414003825745643,
                0,
                -0.13864649085432823,
                -0.19806768614914677,
                0.9703336027812391,
                0,
                9.513168334960938,
                0.00002288818359375,
                -0.000007152557372158697,
                1
            ],
            "name": "right_R1C0"
        },
        {
            "children": [
                51
            ],
            "matrix": [
                0.9916837811470034,
                0.1240584626793861,
                -0.03424276039004326,
                0,
                -0.1282749793046665,
                0.9743431711873136,
                -0.18493545764466146,
                0,
                0.010421388157252923,
                0.18778992884665802,
                0.9821536321514525,
                0,
                19.30933380126953,
                1.2364158630371094,
                -0.20705413818359375,
                1
            ],
            "name": "right_R2C0"
        },
        {
            "children": [
                52
            ],
            "matrix": [
                0.9956679940223694,
                -0.09293528646230693,
                0.002862452296540142,
                0,
                0.09279862277583242,
                0.9951800785197868,
                0.03169558202788632,
                0,
                -0.005794294672292655,
                -0.03129265129574094,
                0.9994934218674918,
                0,
                20.147926330566392,
