{
    "accessors": {
        "attrbute_1": {
            "bufferView": "bufferView_37",
            "byteOffset": 0,
            "byteStride": 12,
            "count": 2659,
            "max": [
                75.01533508300781,
                28.392696380615234,
                135.65316772460938,
                0
            ],
            "min": [
                -75.13788604736328,
                -49.70293045043945,
                0.0662851333618164,
                0
            ],
            "type": 35665
        },
        "attrbute_10": {
            "bufferView": "bufferView_37",
            "byteOffset": 196692,
            "byteStride": 16,
            "count": 1161,
            "max": [
                16,
                16,
                16,
                -1
            ],
            "min": [
                0,
                -1,
                -1,
                -1
            ],
            "type": 35666
        },
        "attrbute_11": {
            "bufferView": "bufferView_37",
            "byteOffset": 215268,
            "byteStride": 12,
            "count": 1161,
            "max": [
                1,
                0.9998845458030701,
                0.998581051826477
            ],
            "min": [
                0.0001101374946301803,
                0,
                0
            ],
            "type": 35665
        },
        "attrbute_13": {
            "bufferView": "bufferView_37",
            "byteOffset": 229200,
            "byteStride": 12,
            "count": 686,
            "max": [
                74.88323974609375,
                23.8121280670166,
                102.06808471679688,
                0
            ],
            "min": [
                -74.80287170410156,
                -38.35065460205078,
                53.56178283691406,
                0
            ],
            "type": 35665
        },
        "attrbute_14": {
            "bufferView": "bufferView_37",
            "byteOffset": 237432,
            "byteStride": 12,
            "count": 686,
            "max": [
                0.9885743856430054,
                0.9935263395309448,
                0.9968204498291016,
                0
            ],
            "min": [
                -0.9885742664337158,
                -0.9788683652877808,
                -0.9936312437057495,
                0
            ],
            "type": 35665
        },
        "attrbute_15": {
            "bufferView": "bufferView_37",
            "byteOffset": 245664,
            "byteStride": 8,
            "count": 686,
            "max": [
                1.9857230186462402,
                0.9894850254058838
            ],
            "min": [
                0.01611500047147274,
                0.007561981678009033
            ],
            "type": 35664
        },
        "attrbute_16": {
            "bufferView": "bufferView_37",
            "byteOffset": 251152,
            "byteStride": 16,
            "count": 686,
            "max": [
                9,
                11,
                11,
                -1
            ],
            "min": [
                0,
                -1,
                -1,
                -1
            ],
            "type": 35666
        },
        "attrbute_17": {
            "bufferView": "bufferView_37",
            "byteOffset": 262128,
            "byteStride": 12,
            "count": 686,
            "max": [
                1,
                0.9998782873153687,
                0.16225099563598633
            ],
            "min": [
                0.00010643429413903505,
                0,
                0
            ],
            "type": 35665
        },
        "attrbute_19": {
            "bufferView": "bufferView_37",
            "byteOffset": 270360,
            "byteStride": 12,
            "count": 366,
            "max": [
                19.389307022094727,
                -22.434505462646484,
                147.13720703125,
                0
            ],
            "min": [
                -21.172666549682617,
                -50.05984878540039,
                106.78904724121094,
                0
            ],
            "type": 35665
        },
        "attrbute_2": {
            "bufferView": "bufferView_37",
            "byteOffset": 31908,
            "byteStride": 12,
            "count": 2659,
            "max": [
                0.9976577162742615,
                0.9999973177909851,
                0.9998514652252197,
                0
            ],
            "min": [
                -0.9976577162742615,
                -1,
                -0.9999775290489197,
                0
            ],
            "type": 35665
        },
        "attrbute_20": {
            "bufferView": "bufferView_37",
            "byteOffset": 274752,
            "byteStride": 12,
            "count": 366,
            "max": [
                0.9946848154067993,
                0.9935290217399597,
                0.978236198425293,
                0
            ],
            "min": [
                -0.995601236820221,
                -0.9899001717567444,
                -0.99077308177948,
                0
            ],
            "type": 35665
        },
        "attrbute_21": {
            "bufferView": "bufferView_37",
            "byteOffset": 279144,
            "byteStride": 8,
            "count": 366,
            "max": [
                0.9894703030586243,
                0.9880291819572449
            ],
            "min": [
                0.009715988300740719,
                0.014863967895507812
            ],
            "type": 35664
        },
        "attrbute_22": {
            "bufferView": "bufferView_37",
            "byteOffset": 282072,
            "byteStride": 16,
            "count": 366,
            "max": [
                0,
                3,
                4,
                -1
            ],
            "min": [
                0,
                -1,
                -1,
                -1
            ],
            "type": 35666
        },
        "attrbute_23": {
            "bufferView": "bufferView_37",
            "byteOffset": 287928,
            "byteStride": 12,
            "count": 366,
            "max": [
                1,
                0.4755295217037201,
                0.6870262622833252
            ],
            "min": [
                0.0030056999530643225,
                0,
                0
            ],
            "type": 35665
        },
        "attrbute_25": {
            "bufferView": "bufferView_37",
            "byteOffset": 292320,
            "byteStride": 12,
            "count": 255,
            "max": [
                13.383065223693848,
                -21.60077476501465,
                133.73468017578125,
                0
            ],
            "min": [
                -13.383062362670898,
                -32.44972610473633,
                64.94889831542969,
                0
            ],
            "type": 35665
        },
        "attrbute_26": {
            "bufferView": "bufferView_37",
            "byteOffset": 295380,
            "byteStride": 12,
            "count": 255,
            "max": [
                1,
                0.8780874609947205,
                0.996305525302887,
                0
            ],
            "min": [
                -0.9961276054382324,
                -0.9994105696678162,
                -0.969822108745575,
                0
            ],
            "type": 35665
        },
        "attrbute_27": {
            "bufferView": "bufferView_37",
            "byteOffset": 298440,
            "byteStride": 8,
            "count": 255,
            "max": [
                1.9216408729553223,
                0.9894471168518066
            ],
            "min": [
                0.007009446620941162,
                0.028174519538879395
            ],
            "type": 35664
        },
        "attrbute_28": {
            "bufferView": "bufferView_37",
            "byteOffset": 300480,
            "byteStride": 16,
            "count": 255,
            "max": [
                2,
                5,
                6,
                -1
            ],
            "min": [
                0,
                -1,
                -1,
                -1
            ],
            "type": 35666
        },
        "attrbute_29": {
            "bufferView": "bufferView_37",
            "byteOffset": 304560,
            "byteStride": 12,
            "count": 255,
            "max": [
                1,
                0.699999988079071,
                0.699999988079071
            ],
            "min": [
                0.20000000298023224,
                0,
                0
            ],
            "type": 35665
        },
        "attrbute_3": {
            "bufferView": "bufferView_37",
            "byteOffset": 63816,
            "byteStride": 8,
            "count": 2659,
            "max": [
                1.9958189725875854,
                0.995032012462616
            ],
            "min": [
                0.004933000076562166,
                0.0033986568450927734
            ],
            "type": 35664
        },
        "attrbute_31": {
            "bufferView": "bufferView_37",
            "byteOffset": 307620,
            "byteStride": 12,
            "count": 508,
            "max": [
                -10.692283630371094,
                -3.4060611724853516,
                161.22506713867188,
                0
            ],
            "min": [
                -72.75245666503906,
                -81.92562103271484,
                40.7392578125,
                0
            ],
            "type": 35665
        },
        "attrbute_32": {
            "bufferView": "bufferView_37",
            "byteOffset": 313716,
            "byteStride": 12,
            "count": 508,
            "max": [
                0.9981371164321899,
                0.9992559552192688,
                0.9960346221923828,
                0
            ],
            "min": [
                -0.9939761161804199,
                -0.9837005734443665,
                -0.9932039380073547,
                0
            ],
            "type": 35665
        },
        "attrbute_33": {
            "bufferView": "bufferView_37",
            "byteOffset": 319812,
            "byteStride": 8,
            "count": 508,
            "max": [
                0.9927610158920288,
                0.995199978351593
            ],
            "min": [
                0.009693999774754047,
                0.008693993091583252
            ],
            "type": 35664
        },
        "attrbute_34": {
            "bufferView": "bufferView_37",
            "byteOffset": 323876,
            "byteStride": 16,
            "count": 508,
            "max": [
                7,
                7,
                7,
                -1
            ],
            "min": [
                0,
                -1,
                -1,
                -1
            ],
            "type": 35666
        },
        "attrbute_35": {
            "bufferView": "bufferView_37",
            "byteOffset": 332004,
            "byteStride": 12,
            "count": 508,
            "max": [
                1,
                0.9998920559883118,
                0.9865182638168335
            ],
            "min": [
                0.00010792852117447183,
                0,
                0
            ],
            "type": 35665
        },
        "attrbute_4": {
            "bufferView": "bufferView_37",
            "byteOffset": 85088,
            "byteStride": 16,
            "count": 2659,
            "max": [
                32,
                36,
                37,
                -1
            ],
            "min": [
                0,
                -1,
                -1,
                -1
            ],
            "type": 35666
        },
        "attrbute_5": {
            "bufferView": "bufferView_37",
            "byteOffset": 127632,
            "byteStride": 12,
            "count": 2659,
            "max": [
                1,
                0.9998942613601685,
                0.9996294379234314
            ],
            "min": [
                0.00010301457950845361,
                0,
                0
            ],
            "type": 35665
        },
        "attrbute_7": {
            "bufferView": "bufferView_37",
            "byteOffset": 159540,
            "byteStride": 12,
            "count": 1161,
            "max": [
                43.34669494628906,
                66.2738265991211,
                183.5936279296875,
                0
            ],
            "min": [
                -43.309242248535156,
                -14.677887916564941,
                63.096553802490234,
                0
            ],
            "type": 35665
        },
        "attrbute_8": {
            "bufferView": "bufferView_37",
            "byteOffset": 173472,
            "byteStride": 12,
            "count": 1161,
            "max": [
                0.9834203124046326,
                0.9994403123855591,
                0.9977622032165527,
                0
            ],
            "min": [
                -0.9845344424247742,
                -0.9980588555335999,
                -0.9955366849899292,
                0
            ],
            "type": 35665
        },
        "attrbute_9": {
            "bufferView": "bufferView_37",
            "byteOffset": 187404,
            "byteStride": 8,
            "count": 1161,
            "max": [
                1.9919060468673706,
                0.9928820133209229
            ],
            "min": [
                0.010223000310361385,
                0.005575001239776611
            ],
            "type": 35664
        },
        "indices_12": {
            "bufferView": "bufferView_39",
            "byteOffset": 22872,
            "count": 3165,
            "type": 5123
        },
        "indices_18": {
            "bufferView": "bufferView_39",
            "byteOffset": 29202,
            "count": 1902,
            "type": 5123
        },
        "indices_24": {
            "bufferView": "bufferView_39",
            "byteOffset": 33006,
            "count": 1374,
            "type": 5123
        },
        "indices_30": {
            "bufferView": "bufferView_39",
            "byteOffset": 35754,
            "count": 975,
            "type": 5123
        },
        "indices_36": {
            "bufferView": "bufferView_39",
            "byteOffset": 37704,
            "count": 2088,
            "type": 5123
        },
        "indices_6": {
            "bufferView": "bufferView_39",
            "byteOffset": 0,
            "count": 11436,
            "type": 5123
        }
    },
    "animations": {},
    "asset": {},
    "bufferViews": {
        "bufferView_37": {
            "buffer": "bristleback.bin",
            "byteLength": 338100,
            "byteOffset": 0,
            "target": 34962
        },
        "bufferView_38": {
            "buffer": "bristleback.bin",
            "byteLength": 6720,
            "byteOffset": 338100
        },
        "bufferView_39": {
            "buffer": "bristleback.bin",
            "byteLength": 41880,
            "byteOffset": 344820,
            "target": 34963
        }
    },
    "buffers": {
        "bristleback.bin": {
            "byteLength": 386700,
            "path": "bristleback.bin"
        }
    },
    "cameras": {},
    "images": {
        "image_0": {
            "path": "textures/bristleback_color.png"
        },
        "image_1": {
            "path": "textures/bristleback_back_color.png"
        },
        "image_2": {
            "path": "textures/bristleback_bracer_color.png"
        },
        "image_3": {
            "path": "textures/bristleback_head_color.png"
        },
        "image_4": {
            "path": "textures/bristleback_necklace_color.png"
        },
        "image_5": {
            "path": "textures/weapon_color.png"
        }
    },
    "lights": {},
    "materials": {
        "Material #112": {
            "instanceTechnique": {
                "technique": "technique_0",
                "values": {
                    "ambient": [
                        0.5879999995231628,
                        0.5879999995231628,
                        0.5879999995231628
                    ],
                    "diffuse": "Map #14",
                    "emission": [
                        0,
                        0,
                        0
                    ],
                    "shininess": 2,
                    "specular": [
                        0.8999999761581421,
                        0.8999999761581421,
                        0.8999999761581421
                    ],
                    "transparency": 1
                }
            },
            "name": "Material #112"
        },
        "Material #35": {
            "instanceTechnique": {
                "technique": "technique_0",
                "values": {
                    "ambient": [
                        0.5879999995231628,
                        0.5879999995231628,
                        0.5879999995231628
                    ],
                    "diffuse": "Map #9",
                    "emission": [
                        0,
                        0,
                        0
                    ],
                    "shininess": 2,
                    "specular": [
                        0.8999999761581421,
                        0.8999999761581421,
                        0.8999999761581421
                    ],
                    "transparency": 1
                }
            },
            "name": "Material #35"
        },
        "Material #46": {
            "instanceTechnique": {
                "technique": "technique_0",
                "values": {
                    "ambient": [
                        0.5879999995231628,
                        0.5879999995231628,
                        0.5879999995231628
                    ],
                    "diffuse": "Map #10",
                    "emission": [
                        0,
                        0,
                        0
                    ],
                    "shininess": 2,
                    "specular": [
                        0.8999999761581421,
                        0.8999999761581421,
                        0.8999999761581421
                    ],
                    "transparency": 1
                }
            },
            "name": "Material #46"
        },
        "Material #68": {
            "instanceTechnique": {
                "technique": "technique_0",
                "values": {
                    "ambient": [
                        0.5879999995231628,
                        0.5879999995231628,
                        0.5879999995231628
                    ],
                    "diffuse": "Map #11",
                    "emission": [
                        0,
                        0,
                        0
                    ],
                    "shininess": 2,
                    "specular": [
                        0.8999999761581421,
                        0.8999999761581421,
                        0.8999999761581421
                    ],
                    "transparency": 1
                }
            },
            "name": "Material #68"
        },
        "Material #79": {
            "instanceTechnique": {
                "technique": "technique_0",
                "values": {
                    "ambient": [
                        0.5879999995231628,
                        0.5879999995231628,
                        0.5879999995231628
                    ],
                    "diffuse": "Map #12",
                    "emission": [
                        0,
                        0,
                        0
                    ],
                    "shininess": 2,
                    "specular": [
                        0.8999999761581421,
                        0.8999999761581421,
                        0.8999999761581421
                    ],
                    "transparency": 1
                }
            },
            "name": "Material #79"
        },
        "Material #90": {
            "instanceTechnique": {
                "technique": "technique_0",
                "values": {
                    "ambient": [
                        0.5879999995231628,
                        0.5879999995231628,
                        0.5879999995231628
                    ],
                    "diffuse": "Map #13",
                    "emission": [
                        0,
                        0,
                        0
                    ],
                    "shininess": 2,
                    "specular": [
                        0.8999999761581421,
                        0.8999999761581421,
                        0.8999999761581421
                    ],
                    "transparency": 1
                }
            },
            "name": "Material #90"
        }
    },
    "meshes": {
        "bristleback_back_LOD0-mesh": {
            "name": "bristleback_back_LOD0-mesh",
            "primitives": [
                {
                    "attributes": {
                        "JOINT": "attrbute_10",
                        "NORMAL": "attrbute_8",
                        "POSITION": "attrbute_7",
                        "TEXCOORD_0": "attrbute_9",
                        "WEIGHT": "attrbute_11"
                    },
                    "indices": "indices_12",
                    "material": "Material #46"
                }
            ]
        },
        "bristleback_bracer_LOD0-mesh": {
            "name": "bristleback_bracer_LOD0-mesh",
            "primitives": [
                {
                    "attributes": {
                        "JOINT": "attrbute_16",
                        "NORMAL": "attrbute_14",
                        "POSITION": "attrbute_13",
                        "TEXCOORD_0": "attrbute_15",
                        "WEIGHT": "attrbute_17"
                    },
                    "indices": "indices_18",
                    "material": "Material #68"
                }
            ]
        },
        "bristleback_head_LOD0-mesh": {
            "name": "bristleback_head_LOD0-mesh",
            "primitives": [
                {
                    "attributes": {
                        "JOINT": "attrbute_22",
                        "NORMAL": "attrbute_20",
                        "POSITION": "attrbute_19",
                        "TEXCOORD_0": "attrbute_21",
                        "WEIGHT": "attrbute_23"
                    },
                    "indices": "indices_24",
                    "material": "Material #79"
                }
            ]
        },
        "bristleback_model_LOD0-mesh": {
            "name": "bristleback_model_LOD0-mesh",
            "primitives": [
                {
                    "attributes": {
                        "JOINT": "attrbute_4",
                        "NORMAL": "attrbute_2",
                        "POSITION": "attrbute_1",
                        "TEXCOORD_0": "attrbute_3",
                        "WEIGHT": "attrbute_5"
                    },
                    "indices": "indices_6",
                    "material": "Material #35"
                }
            ]
        },
        "bristleback_necklace_LOD0-mesh": {
            "name": "bristleback_necklace_LOD0-mesh",
            "primitives": [
                {
                    "attributes": {
                        "JOINT": "attrbute_28",
                        "NORMAL": "attrbute_26",
                        "POSITION": "attrbute_25",
                        "TEXCOORD_0": "attrbute_27",
                        "WEIGHT": "attrbute_29"
                    },
                    "indices": "indices_30",
                    "material": "Material #90"
                }
            ]
        },
        "bristleback_weapon_LOD0-mesh": {
            "name": "bristleback_weapon_LOD0-mesh",
            "primitives": [
                {
                    "attributes": {
                        "JOINT": "attrbute_34",
                        "NORMAL": "attrbute_32",
                        "POSITION": "attrbute_31",
                        "TEXCOORD_0": "attrbute_33",
                        "WEIGHT": "attrbute_35"
                    },
                    "indices": "indices_36",
                    "material": "Material #112"
                }
            ]
        }
    },
    "nodes": {
        "Cloth_flail_R0C0": {
            "children": [
                "Cloth_flail_R1C0"
            ],
            "jointId": "Cloth_flail_R0C0",
            "matrix": [
                -0.703962028026581,
                0.17763070762157435,
                0.6876659393310547,
                0,
                0.2877831504955605,
                -0.8138379875322321,
                0.5048251018613809,
                0,
                0.6493212546207364,
                0.5532765011611888,
                0.5217920363788515,
                0,
                -21.49040985107421,
                5.815399169921875,
                21.49523544311524,
                1
            ],
            "name": "Cloth_flail_R0C0"
        },
        "Cloth_flail_R1C0": {
            "children": [
                "Cloth_flail_R2C0"
            ],
            "jointId": "Cloth_flail_R1C0",
            "matrix": [
                0.9999810457229611,
                0.0006859302520751953,
                0.006108611822128351,
                0,
                -0.0006533535096605314,
                0.9999856948675878,
                -0.005333341663184277,
                0,
                -0.006112183646248159,
                0.005329250282466738,
                0.9999673376050591,
                0,
                6.871154785156264,
                -0.01549530029296875,
                -0.04563140869140625,
                1
            ],
            "name": "Cloth_flail_R1C0"
        },
        "Cloth_flail_R2C0": {
            "children": [
                "Cloth_flail_R3C0"
            ],
            "jointId": "Cloth_flail_R2C0",
            "matrix": [
                0.9999514818191526,
                0.009113132953643688,
                -0.0037780404090883013,
                0,
                -0.009117592324505513,
                0.9999579213948064,
                -0.0011647492656359504,
                0,
                0.00376726577987202,
                0.0011991390236063687,
                0.999992192580418,
                0,
                12.44009399414061,
                -0.035736083984375,
                -0.08332824707029829,
                1
            ],
            "name": "Cloth_flail_R2C0"
        },
        "Cloth_flail_R3C0": {
            "children": [
                "Cloth_flail_R4C0"
            ],
            "jointId": "Cloth_flail_R3C0",
            "matrix": [
                0.9999396204948425,
                -0.010302603244781466,
                0.0038475394248960737,
                0,
                0.010296278397409153,
                0.9999452857675156,
                0.0016589388263039961,
                0,
                -0.003864421497760062,
                -0.0016192238259331027,
                0.9999912984291639,
                0,
                10.025794982910156,
                -0.12015533447265625,
                -0.0007781982421875,
                1
            ],
            "name": "Cloth_flail_R3C0"
        },
        "Cloth_flail_R4C0": {
            "children": [],
            "jointId": "Cloth_flail_R4C0",
            "matrix": [
                0.9999489784240722,
                -0.005605489015579224,
                -0.008413225412368885,
                0,
                0.005556525798398854,
                0.9999676942713537,
                -0.0058319643265645205,
                0,
                0.008445642337385262,
                0.005784916896865819,
                0.9999475500696711,
                0,
                9.716445922851577,
                -0.01641082763671875,
                -0.02178192138671875,
                1
            ],
            "name": "Cloth_flail_R4C0"
        },
        "Head_0": {
            "children": [
                "Head_1",
                "necklace2_0"
            ],
            "jointId": "Head_0",
            "matrix": [
                0.8891784548759458,
                -5.994094109004098e-13,
                -0.4575606882572176,
                0,
                -4.3636308546829184e-7,
                0.9999999999999997,
                -8.47986427743308e-7,
                0,
                0.4575606882572176,
                9.536738552934825e-7,
                0.8891784548759464,
                0,
                20.25421142578125,
                0.0000036244930470275003,
                0.000007629394517039145,
                1
            ],
            "name": "Head_0"
        },
        "Head_1": {
            "children": [
                "L_ear3_0",
                "jaw7_0",
                "R_ear4_0"
            ],
            "jointId": "Head_1",
            "matrix": [
                0.9993474483489988,
                1.1656157994366366e-7,
                -0.036120355129241936,
                0,
                -8.219919631114726e-8,
                0.9999999999999999,
                9.528151849735839e-7,
                0,
                0.03612035512935252,
                -9.492243596894212e-7,
                0.9993474483489948,
                0,
                20.56058120727539,
                -0.000002104396116919829,
                0,
                1
            ],
            "name": "Head_1"
        },
        "L_ear3_0": {
            "children": [
                "L_ear3_1"
            ],
            "jointId": "L_ear3_0",
            "matrix": [
                -0.067613109946251,
                -0.8595198988914491,
                -0.5066102743148805,
                0,
                -0.11370550150330691,
                0.5111023406645188,
                -0.8519658433303825,
                0,
                0.9912111747103264,
                3.150721163343968e-7,
                -0.13228934418479668,
                0,
                -0.0000019073486328125,
                -9.795287132263182,
                2.0174484252929545,
                1
            ],
            "name": "L_ear3_0"
        },
        "L_ear3_1": {
            "children": [],
            "jointId": "L_ear3_1",
            "matrix": [
                1.0000002384185789,
                -5.960464483090178e-8,
                4.163336342344337e-17,
                0,
                5.960464499743523e-8,
                1.000000238418577,
                -1.490116123548102e-8,
                0,
                9.298117831235686e-16,
                1.4901159431368605e-8,
                1.0000001192092893,
                0,
                8.462268829345703,
                0,
                0.000016212463380682607,
                1
            ],
            "name": "L_ear3_1"
        },
        "R_ear4_0": {
            "children": [
                "R_ear4_1"
            ],
            "jointId": "R_ear4_0",
            "matrix": [
                -0.06901696324348461,
                0.8621563315391542,
                -0.5019193887710572,
                0,
                0.11744683332784156,
                0.5066422795809454,
                0.854119276876223,
                0,
                0.9906780115894718,
                -1.2405929927725647e-7,
                -0.1362244543649159,
                0,
                -0.0000019073486328125,
                9.669196128845215,
                2.0019454956054688,
                1
            ],
            "name": "R_ear4_0"
        },
        "R_ear4_1": {
            "children": [],
            "jointId": "R_ear4_1",
            "matrix": [
                1.0000002384185795,
                8.940696710757479e-8,
                -3.725290297074135e-8,
                0,
                -8.940696666348558e-8,
                1.0000002384185755,
                7.4505805691682525e-9,
                0,
                3.725290363687517e-8,
                -7.450577266254754e-9,
                1.0000002384185789,
                0,
                8.29013442993164,
                0.0000152587890625,
                -9.5367431640625e-7,
                1
            ],
            "name": "R_ear4_1"
        },
        "Root_0": {
            "children": [
                "thigh_L",
                "belt_cloth1_0",
                "Spine_1",
                "thigh_R"
            ],
            "jointId": "Root_0",
            "matrix": [
                -1.629206851037603e-7,
                -1.0000000000000002,
                0,
                0,
                1.0000000000000002,
                -1.629206851037603e-7,
                0,
                0,
                0,
                0,
                1,
                0,
                0,
                11.793444633483887,
                61.765342712402344,
                1
            ],
            "name": "Root_0"
        },
        "Spine_1": {
            "children": [
                "Spine_2"
            ],
            "jointId": "Spine_1",
            "matrix": [
                0.04847517237067155,
                -2.080328727060958e-7,
                0.9988244175910947,
                0,
                -4.154472377617669e-7,
                1.0000000000000002,
                2.2844029956517072e-7,
                0,
                -0.9988244175910996,
                -4.2603252819503725e-7,
                0.04847517237058305,
                0,
                -0.691250801086424,
                4.81599272461608e-7,
                13.594131469726562,
                1
            ],
            "name": "Spine_1"
        },
        "Spine_2": {
            "children": [
                "quill612_0",
                "quill814_0",
                "Spine_3",
                "quill915_0",
                "quill713_0"
            ],
            "jointId": "Spine_2",
            "matrix": [
                0.9803694486618042,
                3.090400468863663e-7,
                -0.19716942310333255,
                0,
                -3.152280227847691e-7,
                1,
                6.288303212444688e-13,
                0,
                0.19716942310331376,
                6.21527109124359e-8,
                0.9803694486618082,
                0,
                16.706153869628906,
                0.000004336759957368489,
                0.000007629394527697286,
                1
            ],
            "name": "Spine_2"
        },
        "Spine_3": {
            "children": [
                "clavicle_L",
                "Head_0",
                "clavicle_R",
                "backtop5_0"
            ],
            "jointId": "Spine_3",
            "matrix": [
                0.6877187490463258,
                -3.2793042237244647e-7,
                -0.7259772419929506,
                0,
                1.3066568982105098e-7,
                0.9999999999999999,
                -3.2792925708234516e-7,
                0,
                0.7259772419929803,
                1.3066278133695435e-7,
                0.6877187490462946,
                0,
                11.109931945800781,
                4.708904270955844e-7,
                -0.000003814697265625,
                1
            ],
            "name": "Spine_3"
        },
        "ankle_L": {
            "children": [
                "toeBase_L"
            ],
            "jointId": "ankle_L",
            "matrix": [
                -0.3245741128921509,
                -0.575758159160614,
                0.7504361271858218,
                0,
                -0.09184201601456413,
                0.8088250992368995,
                0.580833056345451,
                0,
                -0.941390804436357,
                0.11960178916188824,
                -0.31540243159959913,
                0,
                27.207145690917965,
                0.000003814697265625,
                -9.536743181826068e-7,
                1
            ],
            "name": "ankle_L"
        },
        "ankle_R": {
            "children": [
                "toeBase_R"
            ],
            "jointId": "ankle_R",
            "matrix": [
                -0.3245742917060851,
                -0.5757585167884826,
                0.7504360675811769,
                0,
                -0.0918416806405046,
                0.808824845894528,
                0.5808334167304235,
                0,
                -0.9413913591450267,
                0.11960231514686206,
                -0.3154024603350992,
                0,
                -27.20716857910156,
                -0.000019073486324572286,
                -0.000009536743164950678,
                1
            ],
            "name": "ankle_R"
        },
        "backtop5_0": {
            "children": [
                "quill511_0",
                "quill28_0",
                "quill39_0",
                "quill410_0",
                "quill10_0"
            ],
            "jointId": "backtop5_0",
            "matrix": [
                1.000000238418579,
                -5.488942633713687e-13,
                -2.980232233218416e-8,
                0,
                5.488941399196253e-13,
                0.9999999999999999,
                2.4868995751603507e-13,
                0,
                2.9802322387695312e-8,
                -2.486900331865175e-13,
                1.0000002384185795,
                0,
                8.219715118408203,
                0.000006455787115555722,
                14.647491455078125,
                1
            ],
            "name": "backtop5_0"
        },
        "belt_cloth1_0": {
            "children": [],
            "jointId": "belt_cloth1_0",
            "matrix": [
                1.0000000000000002,
                1.629206849429466e-7,
                0,
                0,
                -1.629206849429466e-7,
                1.0000000000000002,
                0,
                0,
                0,
                0,
                1,
                0,
                17.03660011291504,
                0.0000023079537641024217,
                -10.698829650878906,
                1
            ],
            "name": "belt_cloth1_0"
        },
        "bicep_L": {
            "children": [
                "elbow_L"
            ],
            "jointId": "bicep_L",
            "matrix": [
                0.8604572415351865,
                -0.5013900995254518,
                -0.09067280590534213,
                0,
                -0.5027236146932417,
                -0.8064485946797764,
                -0.31130429154644634,
                0,
                0.0829618891821059,
                0.3134472278363612,
                -0.9459746788051473,
                0,
                8.600296020507809,
                -0.000022888183607960855,
                -0.000003814697272730427,
                1
            ],
            "name": "bicep_L"
        },
        "bicep_R": {
            "children": [
                "elbow_R"
            ],
            "jointId": "bicep_R",
            "matrix": [
                0.8604570031166077,
                -0.5013901591300963,
                -0.09067229926586146,
                0,
                -0.5027233125344223,
                -0.8064481452428639,
                -0.3113037968075394,
                0,
                0.08296216316337467,
                0.3134466504185702,
                -0.9459745957586893,
