{
    "accessors": [
        {
            "bufferView": 0,
            "byteOffset": 0,
            "componentType": 5126,
            "count": 2132,
            "max": [
                75.34313201904297,
                28.708303451538086,
                255.652099609375
            ],
            "min": [
                -77.09220886230469,
                -48.231903076171875,
                59.78293228149414
            ],
            "type": "VEC3"
        },
        {
            "bufferView": 0,
            "byteOffset": 25584,
            "componentType": 5126,
            "count": 2132,
            "max": [
                0.9993005990982056,
                0.9998953342437744,
                0.9971345067024231
            ],
            "min": [
                -0.9993006587028503,
                -0.9999157190322876,
                -0.9998258352279663
            ],
            "type": "VEC3"
        },
        {
            "bufferView": 0,
            "byteOffset": 51168,
            "componentType": 5126,
            "count": 2132,
            "max": [
                0.9885730147361755,
                0.9903079867362976
            ],
            "min": [
                -0.9909700155258179,
                0.005756020545959473
            ],
            "type": "VEC2"
        },
        {
            "bufferView": 0,
            "byteOffset": 68224,
            "componentType": 5123,
            "count": 2132,
            "max": [
                20,
                20,
                20,
                0
            ],
            "min": [
                0,
                0,
                0,
                0
            ],
            "type": "VEC4"
        },
        {
            "bufferView": 0,
            "byteOffset": 85280,
            "componentType": 5126,
            "count": 2132,
            "max": [
                1,
                0.9188259243965149,
                0.6974661946296692,
                0
            ],
            "min": [
                0.08117406815290451,
                0,
                0,
                0
            ],
            "type": "VEC4"
        },
        {
            "bufferView": 2,
            "byteOffset": 0,
            "componentType": 5123,
            "count": 9672,
            "max": [
                2131
            ],
            "min": [
                0
            ],
            "type": "SCALAR"
        },
        {
            "bufferView": 1,
            "byteOffset": 0,
            "componentType": 5126,
            "count": 21,
            "max": [
                0.9535077369935787,
                0.9999999999999738,
                0.9999999999999706,
                0,
                1.0000000596046048,
                0.9339956659478758,
                0.9992787271754541,
                0,
                0.9992787271775955,
                1.0000001192092638,
                1.0000000596045,
                0,
                161.5295908421044,
                131.93770596692028,
                207.4894492120107,
                1
            ],
            "min": [
                -0.38744977932448965,
                -1.0000000596032466,
                -1.000000059604591,
                0,
                -1.0000000596044714,
                -0.9339954940355119,
                -0.9986496070316941,
                0,
                -0.9986496070317207,
                -0.5236061797335366,
                -0.9969168217647909,
                0,
                -227.55564201899315,
                -203.24687607616102,
                -237.59586987467037,
                1
            ],
            "type": "MAT4"
        },
        {
            "bufferView": 0,
            "byteOffset": 119392,
            "componentType": 5126,
            "count": 156,
            "max": [
                76.04345703125,
                11.036980628967285,
                205.82640075683594
            ],
            "min": [
                -76.04344177246094,
                -16.4678955078125,
                187.69691467285156
            ],
            "type": "VEC3"
        },
        {
            "bufferView": 0,
            "byteOffset": 121264,
            "componentType": 5126,
            "count": 156,
            "max": [
                0.9979822635650635,
                0.992563009262085,
                0.9872236251831055
            ],
            "min": [
                -0.9979823231697083,
                -0.9929236769676208,
                -0.9784883260726929
            ],
            "type": "VEC3"
        },
        {
            "bufferView": 0,
            "byteOffset": 123136,
            "componentType": 5126,
            "count": 156,
            "max": [
                0.9723860025405884,
                0.9034990072250366
            ],
            "min": [
                0.022731000557541847,
                0.05026799440383911
            ],
            "type": "VEC2"
        },
        {
            "bufferView": 0,
            "byteOffset": 124384,
            "componentType": 5123,
            "count": 156,
            "max": [
                2,
                1,
                0,
                0
            ],
            "min": [
                0,
                0,
                0,
                0
            ],
            "type": "VEC4"
        },
        {
            "bufferView": 0,
            "byteOffset": 125632,
            "componentType": 5126,
            "count": 156,
            "max": [
                1,
                0.09154079854488373,
                0,
                0
            ],
            "min": [
                0.9084591865539551,
                0,
                0,
                0
            ],
            "type": "VEC4"
        },
        {
            "bufferView": 2,
            "byteOffset": 19344,
            "componentType": 5123,
            "count": 714,
            "max": [
                155
            ],
            "min": [
                0
            ],
            "type": "SCALAR"
        },
        {
            "bufferView": 1,
            "byteOffset": 1344,
            "componentType": 5126,
            "count": 3,
            "max": [
                0.7282342510481116,
                -0.5257504727849092,
                0.5354107756117191,
                0,
                0.7094097399998509,
                0.6703904011380181,
                0.7411051874295558,
                0,
                0.24457275955020785,
                0.5236061668742596,
                0.8161009811141887,
                0,
                136.85210985347632,
                131.93774059026507,
                133.27264480637473,
                1
            ],
            "min": [
                0.6610007449356776,
                -0.5257506154590361,
                -0.4396148815966539,
                0,
                -0.7094098891746047,
                -0.6703902605941929,
                -0.21751957940326352,
                0,
                -0.6843499761165303,
                -0.5236061267521389,
                -0.8161009746362013,
                0,
                -67.81013577133453,
                -131.9377301126839,
                -133.27265919854236,
                1
            ],
            "type": "MAT4"
        },
        {
            "bufferView": 0,
            "byteOffset": 128128,
            "componentType": 5126,
            "count": 824,
            "max": [
                39.3619270324707,
                33.48162078857422,
                186.83126831054688
            ],
            "min": [
                -39.018070220947266,
                -32.84024429321289,
                20.307146072387695
            ],
            "type": "VEC3"
        },
        {
            "bufferView": 0,
            "byteOffset": 138016,
            "componentType": 5126,
            "count": 824,
            "max": [
                0.9993423223495483,
                0.9952018857002258,
                0.9999656677246094
            ],
            "min": [
                -0.9988380074501038,
                -0.9962632060050964,
                -0.9978969693183899
            ],
            "type": "VEC3"
        },
        {
            "bufferView": 0,
            "byteOffset": 147904,
            "componentType": 5126,
            "count": 824,
            "max": [
                0.9883379936218262,
                0.9886220097541809
            ],
            "min": [
                0.015425000339746475,
                0.014825999736785889
            ],
            "type": "VEC2"
        },
        {
            "bufferView": 0,
            "byteOffset": 154496,
            "componentType": 5123,
            "count": 824,
            "max": [
                14,
                14,
                9,
                0
            ],
            "min": [
                0,
                0,
                0,
                0
            ],
            "type": "VEC4"
        },
        {
            "bufferView": 0,
            "byteOffset": 161088,
            "componentType": 5126,
            "count": 824,
            "max": [
                1,
                0.999653160572052,
                0.6685518026351929,
                0
            ],
            "min": [
                0.00017341971397399902,
                0,
                0,
                0
            ],
            "type": "VEC4"
        },
        {
            "bufferView": 2,
            "byteOffset": 20772,
            "componentType": 5123,
            "count": 3486,
            "max": [
                823
            ],
            "min": [
                0
            ],
            "type": "SCALAR"
        },
        {
            "bufferView": 1,
            "byteOffset": 1536,
            "componentType": 5126,
            "count": 15,
            "max": [
                0.3547816300725831,
                1,
                8.236514581843146e-7,
                0,
                0.27257606828290715,
                0.0695155985711086,
                0.9965190408633423,
                0,
                0.9965190408634408,
                0.35452609771740984,
                1.0000000596044714,
                0,
                161.52957560391926,
                77.48368686445457,
                38.08511195589989,
                1
            ],
            "min": [
                -0.9950372788412757,
                0.09950366838274075,
                -0.0000036814204468667738,
                0,
                -1,
                -0.995037399084041,
                -0.9992797312652847,
                0,
                -0.9986496070317123,
                -0.3816374673259643,
                -0.2823141604641121,
                0,
                -186.37396563634192,
                -74.39148270786524,
                -174.62025451660156,
                1
            ],
            "type": "MAT4"
        },
        {
            "bufferView": 0,
            "byteOffset": 174272,
            "componentType": 5126,
            "count": 354,
            "max": [
                49.45920944213867,
                42.811561584472656,
                275.5325927734375
            ],
            "min": [
                -49.459293365478516,
                20.850378036499023,
                200.39195251464844
            ],
            "type": "VEC3"
        },
        {
            "bufferView": 0,
            "byteOffset": 178520,
            "componentType": 5126,
            "count": 354,
            "max": [
                0.9701558947563171,
                0.9945833683013916,
                0.9980671405792236
            ],
            "min": [
                -0.9701557755470276,
                -0.996630072593689,
                -0.9993792772293091
            ],
            "type": "VEC3"
        },
        {
            "bufferView": 0,
            "byteOffset": 182768,
            "componentType": 5126,
            "count": 354,
            "max": [
                0.9981430172920227,
                0.993232011795044
            ],
            "min": [
                0.006825000047683716,
                0.008907020092010498
            ],
            "type": "VEC2"
        },
        {
            "bufferView": 0,
            "byteOffset": 185600,
            "componentType": 5123,
            "count": 354,
            "max": [
                0,
                0,
                0,
                0
            ],
            "min": [
                0,
                0,
                0,
                0
            ],
            "type": "VEC4"
        },
        {
            "bufferView": 0,
            "byteOffset": 188432,
            "componentType": 5126,
            "count": 354,
            "max": [
                1,
                0,
                0,
                0
            ],
            "min": [
                1,
                0,
                0,
                0
            ],
            "type": "VEC4"
        },
        {
            "bufferView": 2,
            "byteOffset": 27744,
            "componentType": 5123,
            "count": 1566,
            "max": [
                353
            ],
            "min": [
                0
            ],
            "type": "SCALAR"
        },
        {
            "bufferView": 1,
            "byteOffset": 2496,
            "componentType": 5126,
            "count": 1,
            "max": [
                8.017537693427894e-9,
                0.999999999999891,
                -3.305849061057318e-7,
                0,
                0.37233870566900745,
                3.0382956473879616e-7,
                0.9280970373842302,
                0,
                0.9280970373843308,
                -1.3053057998512e-7,
                -0.3723387056689643,
                0,
                -199.25106656022496,
                0.000024195097804058643,
                73.32901680188513,
                1
            ],
            "min": [
                8.017537693427894e-9,
                0.999999999999891,
                -3.305849061057318e-7,
                0,
                0.37233870566900745,
                3.0382956473879616e-7,
                0.9280970373842302,
                0,
                0.9280970373843308,
                -1.3053057998512e-7,
                -0.3723387056689643,
                0,
                -199.25106656022496,
                0.000024195097804058643,
                73.32901680188513,
                1
            ],
            "type": "MAT4"
        },
        {
            "bufferView": 0,
            "byteOffset": 194096,
            "componentType": 5126,
            "count": 1340,
            "max": [
                55.553653717041016,
                53.57792282104492,
                241.6182861328125
            ],
            "min": [
                -55.55375671386719,
                -28.858707427978516,
                115.71805572509766
            ],
            "type": "VEC3"
        },
        {
            "bufferView": 0,
            "byteOffset": 210176,
            "componentType": 5126,
            "count": 1340,
            "max": [
                0.9998988509178162,
                0.9933722615242004,
                0.9999322295188904
            ],
            "min": [
                -0.9999589920043945,
                -0.9836452007293701,
                -0.9844223856925964
            ],
            "type": "VEC3"
        },
        {
            "bufferView": 0,
            "byteOffset": 226256,
            "componentType": 5126,
            "count": 1340,
            "max": [
                1.0016119480133057,
                0.9855989813804626
            ],
            "min": [
                0.01236599963158369,
                0.008973002433776855
            ],
            "type": "VEC2"
        },
        {
            "bufferView": 0,
            "byteOffset": 236976,
            "componentType": 5123,
            "count": 1340,
            "max": [
                18,
                18,
                0,
                0
            ],
            "min": [
                0,
                0,
                0,
                0
            ],
            "type": "VEC4"
        },
        {
            "bufferView": 0,
            "byteOffset": 247696,
            "componentType": 5126,
            "count": 1340,
            "max": [
                1,
                0.9175394773483276,
                0,
                0
            ],
            "min": [
                0.08246054500341415,
                0,
                0,
                0
            ],
            "type": "VEC4"
        },
        {
            "bufferView": 2,
            "byteOffset": 30876,
            "componentType": 5123,
            "count": 3804,
            "max": [
                1339
            ],
            "min": [
                0
            ],
            "type": "SCALAR"
        },
        {
            "bufferView": 1,
            "byteOffset": 2560,
            "componentType": 5126,
            "count": 19,
            "max": [
                0.9535077686434618,
                0.9999999999999867,
                0.8054952398753488,
                0,
                0.8227005167951502,
                0.9339956245559993,
                0.999278859895093,
                0,
                0.9992788598951724,
                0.9244718841231583,
                0.999999999999988,
                0,
                161.10746271912092,
                137.49584014637037,
                203.70413368712533,
                1
            ],
            "min": [
                -0.9991292143120479,
                -0.7706067492477193,
                -0.8103475684892533,
                0,
                -0.9999999999999984,
                -0.9339957170104414,
                -0.711451145192312,
                0,
                -0.8475599967080925,
                -0.5572984189922308,
                -0.9118303663559517,
                0,
                -227.55570140483604,
                -136.53579103092298,
                -241.09420776366935,
                1
            ],
            "type": "MAT4"
        }
    ],
    "asset": {
        "generator": "ClayGL - fbx2gltf",
        "version": "2.0"
    },
    "bufferViews": [
        {
            "buffer": 0,
            "byteLength": 269136,
            "byteOffset": 0,
            "target": 34962
        },
        {
            "buffer": 0,
            "byteLength": 3776,
            "byteOffset": 269136,
            "target": 34962
        },
        {
            "buffer": 0,
            "byteLength": 38484,
            "byteOffset": 272912,
            "target": 34963
        }
    ],
    "buffers": [
        {
            "byteLength": 311396,
            "uri": "lich.bin"
        }
    ],
    "images": [
        {
            "uri": "textures/lich_base_color.png"
        },
        {
            "uri": "textures/lich_bracer_color.png"
        },
        {
            "uri": "textures/lich_dress_color.png"
        },
        {
            "uri": "textures/lich_horn_color.png"
        },
        {
            "uri": "textures/lich_neck_rock_color.png"
        }
    ],
    "materials": [
        {
            "emissiveFactor": [
                0,
                0,
                0
            ],
            "name": "Material #35",
            "pbrMetallicRoughness": {
                "baseColorFactor": [
                    1,
                    1,
                    1,
                    1
                ],
                "baseColorTexture": {
                    "index": 0,
                    "texCoord": 0
                },
                "metallicFactor": 0,
                "roughnessFactor": 0.9230769230769231
            }
        },
        {
            "emissiveFactor": [
                0,
                0,
                0
            ],
            "name": "Material #46",
            "pbrMetallicRoughness": {
                "baseColorFactor": [
                    1,
                    1,
                    1,
                    1
                ],
                "baseColorTexture": {
                    "index": 1,
                    "texCoord": 0
                },
                "metallicFactor": 0,
                "roughnessFactor": 0.9230769230769231
            }
        },
        {
            "emissiveFactor": [
                0,
                0,
                0
            ],
            "name": "Material #57",
            "pbrMetallicRoughness": {
                "baseColorFactor": [
                    1,
                    1,
                    1,
                    1
                ],
                "baseColorTexture": {
                    "index": 2,
                    "texCoord": 0
                },
                "metallicFactor": 0,
                "roughnessFactor": 0.9230769230769231
            }
        },
        {
            "emissiveFactor": [
                0,
                0,
                0
            ],
            "name": "Material #68",
            "pbrMetallicRoughness": {
                "baseColorFactor": [
                    1,
                    1,
                    1,
                    1
                ],
                "baseColorTexture": {
                    "index": 3,
                    "texCoord": 0
                },
                "metallicFactor": 0,
                "roughnessFactor": 0.9230769230769231
            }
        },
        {
            "emissiveFactor": [
                0,
                0,
                0
            ],
            "name": "Material #79",
            "pbrMetallicRoughness": {
                "baseColorFactor": [
                    1,
                    1,
                    1,
                    1
                ],
                "baseColorTexture": {
                    "index": 4,
                    "texCoord": 0
                },
                "metallicFactor": 0,
                "roughnessFactor": 0.9230769230769231
            }
        }
    ],
    "meshes": [
        {
            "name": "lich_model_LOD0",
            "primitives": [
                {
                    "attributes": {
                        "JOINTS_0": 3,
                        "NORMAL": 1,
                        "POSITION": 0,
                        "TEXCOORD_0": 2,
                        "WEIGHTS_0": 4
                    },
                    "indices": 5,
                    "material": 0
                }
            ]
        },
        {
            "name": "lich_bracer_LOD0",
            "primitives": [
                {
                    "attributes": {
                        "JOINTS_0": 10,
                        "NORMAL": 8,
                        "POSITION": 7,
                        "TEXCOORD_0": 9,
                        "WEIGHTS_0": 11
                    },
                    "indices": 12,
                    "material": 1
                }
            ]
        },
        {
            "name": "lich_dress_LOD0",
            "primitives": [
                {
                    "attributes": {
                        "JOINTS_0": 17,
                        "NORMAL": 15,
                        "POSITION": 14,
                        "TEXCOORD_0": 16,
                        "WEIGHTS_0": 18
                    },
                    "indices": 19,
                    "material": 2
                }
            ]
        },
        {
            "name": "lich_horns_LOD0",
            "primitives": [
                {
                    "attributes": {
                        "JOINTS_0": 24,
                        "NORMAL": 22,
                        "POSITION": 21,
                        "TEXCOORD_0": 23,
                        "WEIGHTS_0": 25
                    },
                    "indices": 26,
                    "material": 3
                }
            ]
        },
        {
            "name": "lich_neck_rock_LOD0",
            "primitives": [
                {
                    "attributes": {
                        "JOINTS_0": 31,
                        "NORMAL": 29,
                        "POSITION": 28,
                        "TEXCOORD_0": 30,
                        "WEIGHTS_0": 32
                    },
                    "indices": 33,
                    "material": 4
                }
            ]
        }
    ],
    "nodes": [
        {
            "matrix": [
                1,
                0,
                0,
                0,
                0,
                1,
                4.371138850878258e-8,
                0,
                0,
                -4.371138850878258e-8,
                1,
                0,
                0,
                0,
                0,
                1
            ],
            "name": "vsDmxIO Scene"
        },
        {
            "children": [
                2,
                4,
                42,
                47,
                51
            ],
            "matrix": [
                1.6292068478213574e-7,
                1.469367938527879e-39,
                1.0000000000000002,
                0,
                1.0000000000000002,
                6.123233995736847e-17,
                -1.6292068478213574e-7,
                0,
                -6.123233995736685e-17,
                1,
                9.976014756666736e-24,
                0,
                0,
                174.62025451660156,
                -2.1022515296936035,
                1
            ],
            "name": "root"
        },
        {
            "children": [
                3
            ],
            "matrix": [
                -0.16516888141632077,
                -0.38791695237159707,
                -0.906774401664734,
                0,
                -0.06951572322447393,
                0.9216941787513901,
                -0.3816373311363045,
                0,
                0.9838122158084471,
                4.6724264063063343e-7,
                -0.17920151270460596,
                0,
                -2.394475936889649,
                -15.76583194732666,
                -8.847747802734375,
                1
            ],
            "name": "rightSkirt6_0"
        },
        {
            "matrix": [
                0.3695571124553682,
                -0.9240374565124514,
                0.09789264947175981,
                0,
                -0.202948795636382,
                0.022541187257037548,
                0.9789302133362421,
                0,
                -0.9067741136266554,
                -0.38163752895990666,
                -0.17920189700991881,
                0,
                15.723648071289034,
                0,
                0.00000762939453125,
                1
            ],
            "name": "rightSkirt6_1"
        },
        {
            "children": [
                5
            ],
            "matrix": [
                -0.08336553722619966,
                -1.9875892904696903e-8,
                0.9965190291404725,
                0,
                -4.760072295046657e-7,
                1,
                -1.9875892910543134e-8,
                0,
                -0.9965190291404719,
                -4.760072267001732e-7,
                -0.08336553722620903,
                0,
                -1.8938746452331543,
                2.1906325287091022e-7,
                12.0704345703125,
                1
            ],
            "name": "spine1"
        },
        {
            "children": [
                6,
                10,
                24,
                27
            ],
            "matrix": [
                0.9559063315391542,
                1.061449950157112e-7,
                0.29367122054100053,
                0,
                -1.1104120573611014e-7,
                1.0000000000000002,
                -1.1546319667859865e-14,
                0,
                -0.2936712205409972,
                -3.260959538166763e-8,
                0.9559063315391553,
                0,
                25.626022338867216,
                0.000001277534920518519,
                -0.000014305114744317393,
                1
            ],
            "name": "spine2"
        },
        {
            "children": [
                7
            ],
            "matrix": [
                0.27969923615455605,
                0.9535077810287471,
                -0.1122112274169921,
                0,
                -0.031584902790328495,
                -0.10767430467578573,
                -0.9936845276215887,
                0,
                -0.9595681202735216,
                0.28147696218415097,
                2.980232233218416e-8,
                0,
                11.777496337890625,
                -4.2913079261779785,
                2.265838623046889,
                1
            ],
            "name": "clavicle_R"
        },
        {
            "children": [
                8
            ],
            "matrix": [
                0.9006186723709108,
                0.12053837627172473,
                -0.41756069660186784,
                0,
                -0.3435090856135952,
                -0.39115324886432734,
                -0.8538152106401649,
                0,
                -0.26624769207974747,
                0.9123977113145163,
                -0.3108738571019307,
                0,
                -14.018909454345703,
                -0.000022888183579539145,
                -2.842170943040401e-14,
                1
            ],
            "name": "bicep_R"
        },
        {
            "children": [
                9
            ],
            "matrix": [
                0.3399577438831329,
                -2.8312206268310547e-7,
                -0.9404403567314148,
                0,
                7.503718016804717e-7,
                0.9999998211858717,
                -2.980232310934028e-8,
                0,
                0.9404402944870652,
                -6.955484727899641e-7,
                0.3399577213827675,
                0,
                -34.569694519042955,
                0.0000457763671875,
                0.000022888183579539145,
                1
            ],
            "name": "elbow_R"
        },
        {
            "matrix": [
                0.7094097137451174,
                0.6703903675079349,
                -0.21751981973648085,
                0,
                -0.24457278921927728,
                0.5236061577200762,
                0.8161013204614893,
                0,
                0.6610010241853542,
                -0.5257506502344829,
                0.5354104093384312,
                0,
                -36.042381286621094,
                0,
                0.00006103515627842171,
                1
            ],
            "name": "wrist_R"
        },
        {
            "children": [
                11
            ],
            "matrix": [
                -0.27969920635223383,
                0.9535077810287477,
                0.11221091449260713,
                0,
                0.03158472751050073,
                -0.1076740382654455,
                0.9936845896196153,
                0,
                0.9595681070675516,
                0.28147691779698847,
                5.9604644719879474e-8,
                0,
                11.777481079101534,
                4.291308879852295,
                2.265838623046889,
                1
            ],
            "name": "clavicle_L"
        },
        {
            "children": [
                12
            ],
            "matrix": [
                0.9006184935569769,
                0.12053854763507843,
                -0.4175601601600649,
                0,
                -0.3435086645578939,
                -0.3911531326918316,
                -0.8538153792709006,
                0,
                -0.2662477467240365,
                0.9123978519301508,
                -0.3108738452939466,
                0,
                14.0189208984375,
                -1.4210854715202004e-14,
                0.0000152587890625,
                1
            ],
            "name": "bicep_L"
        },
        {
            "children": [
                13
            ],
            "matrix": [
                0.33995816111564614,
                1.1920928966180355e-7,
                -0.9404404163360596,
                0,
                2.2644526340848126e-7,
                0.9999999999999747,
                2.0861630511959106e-7,
                0,
                0.9404403877516926,
                -2.8387908496130265e-7,
                0.33995815078269737,
                0,
                34.56973266601561,
                -0.0000152587890625,
                0.0000076293945028282906,
                1
            ],
            "name": "elbow_L"
        },
        {
            "children": [
                14,
                16,
                18,
                20,
                22
            ],
            "matrix": [
                0.7094094753265379,
                0.6703900694847108,
                -0.217519834637642,
                0,
                0.2445725511434134,
                -0.5236060194762535,
                -0.8161011656205854,
                0,
                -0.6610008939159018,
                0.5257505840699652,
                -0.5354101475434249,
                0,
                36.04240417480469,
                0.00006103515627842171,
                0.000030517578125,
                1
            ],
            "name": "wrist_L"
        },
        {
            "children": [
                15
            ],
            "matrix": [
                0.8963037133216859,
                -0.44344040751457214,
                5.105987384013131e-7,
                0,
                -5.314835598362153e-7,
                7.718762304641239e-8,
                1.0000001192092587,
                0,
                -0.4434404075144959,
                -0.8963037133217236,
                -1.664977133539803e-7,
                0,
                21.062393188476562,
                0.7890472412109375,
                4.427158355712898,
                1
            ],
            "name": "Index_0_L"
        },
        {
            "matrix": [
                1.0000002384185793,
                -4.791656920133394e-7,
                -2.980232239324643e-7,
                0,
                4.791654934134612e-7,
                1.0000001192092867,
                -4.747244872760156e-7,
                0,
                2.980234515281843e-7,
                4.747244010650228e-7,
                1.0000002384185385,
                0,
                6.200408935546882,
                -0.000003814697265625,
                -0.00001525878909092171,
                1
            ],
            "name": "Index_1_L"
        },
        {
            "children": [
                17
            ],
            "matrix": [
                0.7670925855636598,
                -0.5179710388183594,
                0.3785162866115569,
                0,
                -0.313698049032896,
                0.21182113188642823,
                0.9255946748874097,
                0,
                -0.5596088749458885,
                -0.8287564721519397,
                -8.459706418778548e-8,
                0,
                6.859768867492676,
                -3.9920654296875,
                5.157215118408196,
                1
            ],
            "name": "Mid_0_L"
        },
        {
            "matrix": [
                0.9994806051254272,
                0.009863600134849493,
                -0.03067639470100414,
                0,
                -0.009471758496775201,
                0.9998722704291823,
                0.012892693269000055,
                0,
                0.030799652863291116,
                -0.012595440769858524,
                0.9994466295341964,
                0,
                6.7903289794921875,
                -0.000007629394534802714,
                2.842170943040401e-14,
                1
            ],
            "name": "Mid_1_L"
        },
        {
            "children": [
                19
            ],
            "matrix": [
                0.9969166517257694,
                -0.07846822589635852,
                8.89619666821778e-9,
                0,
                -1.212148631532577e-7,
                -0.0000014266273713615462,
                0.99999999999992,
                0,
                -0.07846820669524648,
                -0.9969164077812251,
                -0.0000014317397472366842,
                0,
                22.165897369384766,
                2.0209503173828125,
                0.5570068359374858,
                1
            ],
            "name": "Thumb_0_L"
        },
        {
            "matrix": [
                1.0000000000000002,
                2.3175282137799513e-8,
                0,
                0,
                -2.317528766321735e-8,
                1.000000238418579,
                4.784137672686492e-7,
                0,
                1.1046719095020308e-14,
                -4.784137102372966e-7,
                1.0000001192092889,
                0,
                4.722114562988281,
                -0.000022888183579539145,
                0,
                1
            ],
            "name": "Thumb_1_L"
        },
        {
            "children": [
                21
            ],
            "matrix": [
                0.9181188941001891,
                0.14574743807315826,
                -0.3685312569141388,
                0,
                0.16001927330804147,
                0.7144053750056667,
                0.6811890896287053,
                0,
                0.36256228698120807,
                -0.6843846993251932,
                0.6325866938250533,
                0,
                16.648292541503906,
                1.0650634765625,
                -2.6560211181640767,
                1
            ],
            "name": "lRingFinger9_0"
        },
        {
            "matrix": [
                1.0000002384185789,
                -5.513429641446077e-7,
                0,
                0,
                5.513431612924613e-7,
                1.0000005960463738,
                -4.1723251321262866e-7,
                0,
                2.300937218535637e-13,
                4.172324141599182e-7,
                1.0000003576280159,
                0,
                6.6593780517578125,
                -1.2153167724609233,
                2.9037628173828125,
                1
            ],
            "name": "lRingFinger9_1"
        },
        {
            "children": [
                23
            ],
            "matrix": [
                0.9181188941001891,
                0.14574743807315826,
                -0.3685312569141388,
                0,
                0.16001927330804147,
                0.7144053750056667,
                0.6811890896287053,
                0,
                0.36256228698120807,
                -0.6843846993251932,
                0.6325866938250533,
                0,
                15.783694267272953,
                0.728790283203125,
                -5.507049560546875,
                1
            ],
            "name": "lPinkyFinger10_0"
        },
        {
            "matrix": [
                1.0000002384185789,
                -5.513429641446077e-7,
                0,
                0,
                5.513431612924613e-7,
                1.0000005960463738,
                -4.1723251321262866e-7,
                0,
                2.300937218535637e-13,
