{
    "animations": {},
    "asset": {},
    "attributes": {
        "attribute_1": {
            "bufferView": "bufferView_31",
            "byteOffset": 0,
            "byteStride": 12,
            "count": 1614,
            "max": [
                1,
                1,
                1
            ],
            "min": [
                0,
                0,
                0
            ],
            "type": "FLOAT_VEC3"
        },
        "attribute_10": {
            "bufferView": "bufferView_31",
            "byteOffset": 101256,
            "byteStride": 16,
            "count": 138,
            "max": [
                1,
                1,
                1
            ],
            "min": [
                0,
                0,
                0
            ],
            "type": "FLOAT_VEC4"
        },
        "attribute_11": {
            "bufferView": "bufferView_31",
            "byteOffset": 103464,
            "byteStride": 12,
            "count": 138,
            "max": [
                1,
                1,
                1
            ],
            "min": [
                0,
                0,
                0
            ],
            "type": "FLOAT_VEC3"
        },
        "attribute_13": {
            "bufferView": "bufferView_31",
            "byteOffset": 105120,
            "byteStride": 12,
            "count": 615,
            "max": [
                1,
                1,
                1
            ],
            "min": [
                0,
                0,
                0
            ],
            "type": "FLOAT_VEC3"
        },
        "attribute_14": {
            "bufferView": "bufferView_31",
            "byteOffset": 112500,
            "byteStride": 12,
            "count": 615,
            "max": [
                1,
                1,
                1
            ],
            "min": [
                0,
                0,
                0
            ],
            "type": "FLOAT_VEC3"
        },
        "attribute_15": {
            "bufferView": "bufferView_31",
            "byteOffset": 119880,
            "byteStride": 8,
            "count": 615,
            "max": [
                1,
                1,
                1
            ],
            "min": [
                0,
                0,
                0
            ],
            "type": "FLOAT_VEC2"
        },
        "attribute_16": {
            "bufferView": "bufferView_31",
            "byteOffset": 124800,
            "byteStride": 16,
            "count": 615,
            "max": [
                1,
                1,
                1
            ],
            "min": [
                0,
                0,
                0
            ],
            "type": "FLOAT_VEC4"
        },
        "attribute_17": {
            "bufferView": "bufferView_31",
            "byteOffset": 134640,
            "byteStride": 12,
            "count": 615,
            "max": [
                1,
                1,
                1
            ],
            "min": [
                0,
                0,
                0
            ],
            "type": "FLOAT_VEC3"
        },
        "attribute_19": {
            "bufferView": "bufferView_31",
            "byteOffset": 142020,
            "byteStride": 12,
            "count": 284,
            "max": [
                1,
                1,
                1
            ],
            "min": [
                0,
                0,
                0
            ],
            "type": "FLOAT_VEC3"
        },
        "attribute_2": {
            "bufferView": "bufferView_31",
            "byteOffset": 19368,
            "byteStride": 12,
            "count": 1614,
            "max": [
                1,
                1,
                1
            ],
            "min": [
                0,
                0,
                0
            ],
            "type": "FLOAT_VEC3"
        },
        "attribute_20": {
            "bufferView": "bufferView_31",
            "byteOffset": 145428,
            "byteStride": 12,
            "count": 284,
            "max": [
                1,
                1,
                1
            ],
            "min": [
                0,
                0,
                0
            ],
            "type": "FLOAT_VEC3"
        },
        "attribute_21": {
            "bufferView": "bufferView_31",
            "byteOffset": 148836,
            "byteStride": 8,
            "count": 284,
            "max": [
                1,
                1,
                1
            ],
            "min": [
                0,
                0,
                0
            ],
            "type": "FLOAT_VEC2"
        },
        "attribute_22": {
            "bufferView": "bufferView_31",
            "byteOffset": 151108,
            "byteStride": 16,
            "count": 284,
            "max": [
                1,
                1,
                1
            ],
            "min": [
                0,
                0,
                0
            ],
            "type": "FLOAT_VEC4"
        },
        "attribute_23": {
            "bufferView": "bufferView_31",
            "byteOffset": 155652,
            "byteStride": 12,
            "count": 284,
            "max": [
                1,
                1,
                1
            ],
            "min": [
                0,
                0,
                0
            ],
            "type": "FLOAT_VEC3"
        },
        "attribute_25": {
            "bufferView": "bufferView_31",
            "byteOffset": 159060,
            "byteStride": 12,
            "count": 754,
            "max": [
                1,
                1,
                1
            ],
            "min": [
                0,
                0,
                0
            ],
            "type": "FLOAT_VEC3"
        },
        "attribute_26": {
            "bufferView": "bufferView_31",
            "byteOffset": 168108,
            "byteStride": 12,
            "count": 754,
            "max": [
                1,
                1,
                1
            ],
            "min": [
                0,
                0,
                0
            ],
            "type": "FLOAT_VEC3"
        },
        "attribute_27": {
            "bufferView": "bufferView_31",
            "byteOffset": 177156,
            "byteStride": 8,
            "count": 754,
            "max": [
                1,
                1,
                1
            ],
            "min": [
                0,
                0,
                0
            ],
            "type": "FLOAT_VEC2"
        },
        "attribute_28": {
            "bufferView": "bufferView_31",
            "byteOffset": 183188,
            "byteStride": 16,
            "count": 754,
            "max": [
                1,
                1,
                1
            ],
            "min": [
                0,
                0,
                0
            ],
            "type": "FLOAT_VEC4"
        },
        "attribute_29": {
            "bufferView": "bufferView_31",
            "byteOffset": 195252,
            "byteStride": 12,
            "count": 754,
            "max": [
                1,
                1,
                1
            ],
            "min": [
                0,
                0,
                0
            ],
            "type": "FLOAT_VEC3"
        },
        "attribute_3": {
            "bufferView": "bufferView_31",
            "byteOffset": 38736,
            "byteStride": 8,
            "count": 1614,
            "max": [
                1,
                1,
                1
            ],
            "min": [
                0,
                0,
                0
            ],
            "type": "FLOAT_VEC2"
        },
        "attribute_4": {
            "bufferView": "bufferView_31",
            "byteOffset": 51648,
            "byteStride": 16,
            "count": 1614,
            "max": [
                1,
                1,
                1
            ],
            "min": [
                0,
                0,
                0
            ],
            "type": "FLOAT_VEC4"
        },
        "attribute_5": {
            "bufferView": "bufferView_31",
            "byteOffset": 77472,
            "byteStride": 12,
            "count": 1614,
            "max": [
                1,
                1,
                1
            ],
            "min": [
                0,
                0,
                0
            ],
            "type": "FLOAT_VEC3"
        },
        "attribute_7": {
            "bufferView": "bufferView_31",
            "byteOffset": 96840,
            "byteStride": 12,
            "count": 138,
            "max": [
                1,
                1,
                1
            ],
            "min": [
                0,
                0,
                0
            ],
            "type": "FLOAT_VEC3"
        },
        "attribute_8": {
            "bufferView": "bufferView_31",
            "byteOffset": 98496,
            "byteStride": 12,
            "count": 138,
            "max": [
                1,
                1,
                1
            ],
            "min": [
                0,
                0,
                0
            ],
            "type": "FLOAT_VEC3"
        },
        "attribute_9": {
            "bufferView": "bufferView_31",
            "byteOffset": 100152,
            "byteStride": 8,
            "count": 138,
            "max": [
                1,
                1,
                1
            ],
            "min": [
                0,
                0,
                0
            ],
            "type": "FLOAT_VEC2"
        }
    },
    "bufferViews": {
        "bufferView_31": {
            "buffer": "lich.bin",
            "byteLength": 204300,
            "byteOffset": 0,
            "target": "ARRAY_BUFFER"
        },
        "bufferView_32": {
            "buffer": "lich.bin",
            "byteLength": 38484,
            "byteOffset": 204300,
            "target": "ELEMENT_ARRAY_BUFFER"
        }
    },
    "buffers": {
        "lich.bin": {
            "byteLength": 242784,
            "path": "lich.bin"
        }
    },
    "cameras": {},
    "images": {
        "image_0": {
            "path": "textures/lich_base_color.png"
        },
        "image_1": {
            "path": "textures/lich_bracer_color.png"
        },
        "image_2": {
            "path": "textures/lich_dress_color.png"
        },
        "image_3": {
            "path": "textures/lich_horn_color.png"
        },
        "image_4": {
            "path": "textures/lich_neck_rock_color.png"
        }
    },
    "indices": {
        "indices_12": {
            "bufferView": "bufferView_32",
            "byteOffset": 19344,
            "count": 714,
            "type": "UNSIGNED_SHORT"
        },
        "indices_18": {
            "bufferView": "bufferView_32",
            "byteOffset": 20772,
            "count": 3486,
            "type": "UNSIGNED_SHORT"
        },
        "indices_24": {
            "bufferView": "bufferView_32",
            "byteOffset": 27744,
            "count": 1566,
            "type": "UNSIGNED_SHORT"
        },
        "indices_30": {
            "bufferView": "bufferView_32",
            "byteOffset": 30876,
            "count": 3804,
            "type": "UNSIGNED_SHORT"
        },
        "indices_6": {
            "bufferView": "bufferView_32",
            "byteOffset": 0,
            "count": 9672,
            "type": "UNSIGNED_SHORT"
        }
    },
    "lights": {},
    "materials": {
        "Material #35": {
            "instanceTechnique": {
                "technique": "technique_0",
                "values": [
                    {
                        "parameter": "ambient",
                        "value": [
                            0.5879999995231628,
                            0.5879999995231628,
                            0.5879999995231628
                        ]
                    },
                    {
                        "parameter": "emission",
                        "value": [
                            0,
                            0,
                            0
                        ]
                    },
                    {
                        "parameter": "diffuse",
                        "value": "Map #6"
                    },
                    {
                        "parameter": "shininess",
                        "value": 2
                    },
                    {
                        "parameter": "specular",
                        "value": [
                            0.8999999761581421,
                            0.8999999761581421,
                            0.8999999761581421
                        ]
                    }
                ]
            },
            "name": "Material #35"
        },
        "Material #46": {
            "instanceTechnique": {
                "technique": "technique_0",
                "values": [
                    {
                        "parameter": "ambient",
                        "value": [
                            0.5879999995231628,
                            0.5879999995231628,
                            0.5879999995231628
                        ]
                    },
                    {
                        "parameter": "emission",
                        "value": [
                            0,
                            0,
                            0
                        ]
                    },
                    {
                        "parameter": "diffuse",
                        "value": "Map #7"
                    },
                    {
                        "parameter": "shininess",
                        "value": 2
                    },
                    {
                        "parameter": "specular",
                        "value": [
                            0.8999999761581421,
                            0.8999999761581421,
                            0.8999999761581421
                        ]
                    }
                ]
            },
            "name": "Material #46"
        },
        "Material #57": {
            "instanceTechnique": {
                "technique": "technique_0",
                "values": [
                    {
                        "parameter": "ambient",
                        "value": [
                            0.5879999995231628,
                            0.5879999995231628,
                            0.5879999995231628
                        ]
                    },
                    {
                        "parameter": "emission",
                        "value": [
                            0,
                            0,
                            0
                        ]
                    },
                    {
                        "parameter": "diffuse",
                        "value": "Map #8"
                    },
                    {
                        "parameter": "shininess",
                        "value": 2
                    },
                    {
                        "parameter": "specular",
                        "value": [
                            0.8999999761581421,
                            0.8999999761581421,
                            0.8999999761581421
                        ]
                    }
                ]
            },
            "name": "Material #57"
        },
        "Material #68": {
            "instanceTechnique": {
                "technique": "technique_0",
                "values": [
                    {
                        "parameter": "ambient",
                        "value": [
                            0.5879999995231628,
                            0.5879999995231628,
                            0.5879999995231628
                        ]
                    },
                    {
                        "parameter": "emission",
                        "value": [
                            0,
                            0,
                            0
                        ]
                    },
                    {
                        "parameter": "diffuse",
                        "value": "Map #9"
                    },
                    {
                        "parameter": "shininess",
                        "value": 2
                    },
                    {
                        "parameter": "specular",
                        "value": [
                            0.8999999761581421,
                            0.8999999761581421,
                            0.8999999761581421
                        ]
                    }
                ]
            },
            "name": "Material #68"
        },
        "Material #79": {
            "instanceTechnique": {
                "technique": "technique_0",
                "values": [
                    {
                        "parameter": "ambient",
                        "value": [
                            0.5879999995231628,
                            0.5879999995231628,
                            0.5879999995231628
                        ]
                    },
                    {
                        "parameter": "emission",
                        "value": [
                            0,
                            0,
                            0
                        ]
                    },
                    {
                        "parameter": "diffuse",
                        "value": "Map #10"
                    },
                    {
                        "parameter": "shininess",
                        "value": 2
                    },
                    {
                        "parameter": "specular",
                        "value": [
                            0.8999999761581421,
                            0.8999999761581421,
                            0.8999999761581421
                        ]
                    }
                ]
            },
            "name": "Material #79"
        }
    },
    "meshes": {
        "lich_bracer_LOD0-mesh": {
            "name": "lich_bracer_LOD0-mesh",
            "primitives": [
                {
                    "indices": "indices_12",
                    "material": "Material #46",
                    "semantics": {
                        "JOINT": "attribute_10",
                        "NORMAL": "attribute_8",
                        "POSITION": "attribute_7",
                        "TEXCOORD_0": "attribute_9",
                        "WEIGHT": "attribute_11"
                    },
                    "skin": "skin_1"
                }
            ]
        },
        "lich_dress_LOD0-mesh": {
            "name": "lich_dress_LOD0-mesh",
            "primitives": [
                {
                    "indices": "indices_18",
                    "material": "Material #57",
                    "semantics": {
                        "JOINT": "attribute_16",
                        "NORMAL": "attribute_14",
                        "POSITION": "attribute_13",
                        "TEXCOORD_0": "attribute_15",
                        "WEIGHT": "attribute_17"
                    },
                    "skin": "skin_2"
                }
            ]
        },
        "lich_horns_LOD0-mesh": {
            "name": "lich_horns_LOD0-mesh",
            "primitives": [
                {
                    "indices": "indices_24",
                    "material": "Material #68",
                    "semantics": {
                        "JOINT": "attribute_22",
                        "NORMAL": "attribute_20",
                        "POSITION": "attribute_19",
                        "TEXCOORD_0": "attribute_21",
                        "WEIGHT": "attribute_23"
                    },
                    "skin": "skin_3"
                }
            ]
        },
        "lich_model_LOD0-mesh": {
            "name": "lich_model_LOD0-mesh",
            "primitives": [
                {
                    "indices": "indices_6",
                    "material": "Material #35",
                    "semantics": {
                        "JOINT": "attribute_4",
                        "NORMAL": "attribute_2",
                        "POSITION": "attribute_1",
                        "TEXCOORD_0": "attribute_3",
                        "WEIGHT": "attribute_5"
                    },
                    "skin": "skin_0"
                }
            ]
        },
        "lich_neck_rock_LOD0-mesh": {
            "name": "lich_neck_rock_LOD0-mesh",
            "primitives": [
                {
                    "indices": "indices_30",
                    "material": "Material #79",
                    "semantics": {
                        "JOINT": "attribute_28",
                        "NORMAL": "attribute_26",
                        "POSITION": "attribute_25",
                        "TEXCOORD_0": "attribute_27",
                        "WEIGHT": "attribute_29"
                    },
                    "skin": "skin_4"
                }
            ]
        }
    },
    "nodes": {
        "Index_0_L": {
            "children": [
                "Index_1_L"
            ],
            "matrix": [
                0.8963037133216858,
                -0.44344040751457214,
                5.105987384013132e-7,
                0,
                -5.314835598362152e-7,
                7.718762304641208e-8,
                1.0000001192092587,
                0,
                -0.44344040751449587,
                -0.8963037133217238,
                -1.6649771335398066e-7,
                0,
                21.06239318847657,
                0.7890472412109375,
                4.427158355712898,
                1
            ],
            "name": "Index_0_L"
        },
        "Index_1_L": {
            "children": [],
            "matrix": [
                1.000000238418579,
                -4.791656920133394e-7,
                -2.980232238769531e-7,
                0,
                4.791654934134611e-7,
                1.0000001192092864,
                -4.747244872760155e-7,
                0,
                2.9802345136165087e-7,
                4.747244010650226e-7,
                1.0000002384185385,
                0,
                6.200408935546882,
                -0.000003814697265625,
                -0.00001525878909092171,
                1
            ],
            "name": "Index_1_L"
        },
        "Mid_0_L": {
            "children": [
                "Mid_1_L"
            ],
            "matrix": [
                0.7670925855636597,
                -0.5179710388183594,
                0.3785162866115569,
                0,
                -0.3136980490328959,
                0.21182113188642818,
                0.9255946748874097,
                0,
                -0.5596088749458885,
                -0.8287564721519396,
                -8.459706418124943e-8,
                0,
                6.859768867492674,
                -3.9920654296875,
                5.157215118408203,
                1
            ],
            "name": "Mid_0_L"
        },
        "Mid_1_L": {
            "children": [],
            "matrix": [
                0.9994806051254274,
                0.009863600134849576,
                -0.030676394701003973,
                0,
                -0.009471758496775368,
                0.9998722704291823,
                0.012892693269,
                0,
                0.03079965286329117,
                -0.012595440769858468,
                0.9994466295341965,
                0,
                6.7903289794921875,
                -0.00000762939453125,
                0,
                1
            ],
            "name": "Mid_1_L"
        },
        "Thumb_0_L": {
            "children": [
                "Thumb_1_L"
            ],
            "matrix": [
                0.996916651725769,
                -0.0784682258963585,
                8.896196668217726e-9,
                0,
                -1.212148631532577e-7,
                -0.0000014266273713615462,
                0.9999999999999201,
                0,
                -0.07846820669524648,
                -0.9969164077812251,
                -0.000001431739747236685,
                0,
                22.16589736938475,
                2.0209503173828125,
                0.5570068359375,
                1
            ],
            "name": "Thumb_0_L"
        },
        "Thumb_1_L": {
            "children": [],
            "matrix": [
                1.0000000000000004,
                2.317528213779954e-8,
                -1.3877787807814457e-17,
                0,
                -2.3175287663217324e-8,
                1.000000238418579,
                4.784137672686475e-7,
                0,
                1.1102230246251565e-14,
                -4.78413710237296e-7,
                1.0000001192092889,
                0,
                4.722114562988274,
                -0.000022888183579539145,
                -2.842170943040401e-14,
                1
            ],
            "name": "Thumb_1_L"
        },
        "attach_legfrost": {
            "children": [],
            "matrix": [
                -1.6292068510376027e-7,
                -1,
                -2.9802322387695312e-8,
                0,
                -4.3711393302964445e-8,
                -2.9802315266205163e-8,
                0.9999999999999999,
                0,
                -0.9999999999999999,
                1.6292068640646113e-7,
                -4.371138844755078e-8,
                0,
                0,
                0,
                0,
                1
            ],
            "name": "attach_legfrost"
        },
        "bicep_L": {
            "children": [
                "elbow_L"
            ],
            "matrix": [
                0.9006184935569767,
                0.1205385476350784,
                -0.4175601601600647,
                0,
                -0.34350866455789386,
                -0.39115313269183183,
                -0.8538153792709007,
                0,
                -0.2662477467240366,
                0.9123978519301509,
                -0.3108738452939465,
                0,
                14.018920898437486,
                1.4210854715202004e-14,
                0.0000152587890625,
                1
            ],
            "name": "bicep_L"
        },
        "bicep_R": {
            "children": [
                "elbow_R"
            ],
            "matrix": [
                0.9006186723709108,
                0.12053837627172463,
                -0.4175606966018678,
                0,
                -0.3435090856135956,
                -0.39115324886432734,
                -0.8538152106401646,
                0,
                -0.26624769207974774,
                0.9123977113145163,
                -0.3108738571019308,
                0,
                -14.018909454345696,
                -0.000022888183579539145,
                0,
                1
            ],
            "name": "bicep_R"
        },
        "chainCloth_R0C0": {
            "children": [
                "chainCloth_R1C0"
            ],
            "matrix": [
                -0.9093343019485469,
                0.27310451865196217,
                -0.3138877451419827,
                0,
                -0.4021126590723434,
                -0.7706068175302334,
                0.49443991545610266,
                0,
                -0.1068502392073743,
                0.575829292529084,
                0.8105578296133957,
                0,
                7.665023803710966,
                13.415087699890138,
                -15.568672180175781,
                1
            ],
            "name": "chainCloth_R0C0"
        },
        "chainCloth_R10C0": {
            "children": [
                "chainCloth_R11C0"
            ],
            "matrix": [
                0.8825758099555973,
                -0.268204778432846,
                -0.38616895675659185,
                0,
                0.2533296652684675,
                0.9631859896646533,
                -0.08998250592015955,
                0,
                0.396086254644722,
                -0.018411668940341713,
                0.9180288534107194,
                0,
                26.59208679199218,
                0.000015258789048289145,
                -0.00000762939453125,
                1
            ],
            "name": "chainCloth_R10C0"
        },
        "chainCloth_R11C0": {
            "children": [
                "chainCloth_R12C0"
            ],
            "matrix": [
                0.8962677121162415,
                -0.20400601625442533,
                -0.3938099741935729,
                0,
                0.14573380411352566,
                0.9740918475644286,
                -0.17293643777348777,
                0,
                0.4188870016434528,
                0.09760588310141158,
                0.902777305099292,
                0,
                26.144470214843736,
                -0.00002288818359375,
                0.000011444091811085855,
                1
            ],
            "name": "chainCloth_R11C0"
        },
        "chainCloth_R12C0": {
            "children": [
                "chainCloth_R13C0"
            ],
            "matrix": [
                0.9110311865806582,
                0.09209117293357838,
                -0.4019216299057009,
                0,
                -0.151319947139056,
                0.9814010134176459,
                -0.1181295481975492,
                0,
                0.3835675472001024,
                0.1684384363240601,
                0.9080220213909571,
                0,
                27.461700439453125,
                0.00001525878909092171,
                -1.4210854715202004e-14,
                1
            ],
            "name": "chainCloth_R12C0"
        },
        "chainCloth_R13C0": {
            "children": [
                "chainCloth_R14C0"
            ],
            "matrix": [
                0.8441013097763063,
                0.3750025033950807,
                -0.38323113322258,
                0,
                -0.387647458396558,
                0.9206079713281997,
                0.04701227266701939,
                0,
                0.37043543006423535,
                0.1088754755931533,
                0.922455346041035,
                0,
                27.18292236328125,
                -0.000015258789048289145,
                0,
                1
            ],
            "name": "chainCloth_R13C0"
        },
        "chainCloth_R14C0": {
            "children": [],
            "matrix": [
                0.16233317553997045,
                -0.44225335121154813,
                0.8820770382881166,
                0,
                0.20906730470078616,
                0.8890540984542192,
                0.40727575867215315,
                0,
                -0.9643333158173293,
                0.11829910669251748,
                0.23678370113914404,
                0,
                25.9212646484375,
                -0.0000038146972585195726,
                0,
                1
            ],
            "name": "chainCloth_R14C0"
        },
        "chainCloth_R1C0": {
            "children": [
                "chainCloth_R2C0"
            ],
            "matrix": [
                0.8505101203918456,
                0.03357243537902832,
                0.5248861312866209,
                0,
                -0.3926919487997796,
                0.7044261885670233,
                0.5912504740693605,
                0,
                -0.3498937781934837,
                -0.7089829878806646,
                0.6123051568791635,
                0,
                25.937515258789062,
                2.842170943040401e-14,
                0,
                1
            ],
            "name": "chainCloth_R1C0"
        },
        "chainCloth_R2C0": {
            "children": [
                "chainCloth_R3C0"
            ],
            "matrix": [
                0.811726570129395,
                0.5130671262741091,
                0.2790361940860749,
                0,
                -0.5515070496307297,
                0.8305968486737756,
                0.07712615070613485,
                0,
                -0.19219579294011646,
                -0.21649588878269307,
                0.9571781760400824,
                0,
                26.573440551757812,
                0.000030517578125,
                0.000015258789048289145,
                1
            ],
            "name": "chainCloth_R2C0"
        },
        "chainCloth_R3C0": {
            "children": [
                "chainCloth_R4C0"
            ],
            "matrix": [
                0.9331748485565187,
                0.35856008529663064,
                -0.02489516139030462,
                0,
                -0.35861382174691464,
                0.9334831341285003,
                0.0024259090424526564,
                0,
                0.024109038027659735,
                0.006663949066317176,
                0.9996871948630225,
                0,
                28.18463897705078,
                -0.000022888183600855427,
                -0.00001525878909092171,
                1
            ],
            "name": "chainCloth_R3C0"
        },
        "chainCloth_R4C0": {
            "children": [
                "chainCloth_R5C0"
            ],
            "matrix": [
                0.8820128440856935,
                0.3988982439041138,
                -0.25086534023284923,
                0,
                -0.3752167581802477,
                0.9165741668180992,
                0.13821688356095013,
                0,
                0.28507124762433467,
                -0.027780195179471057,
                0.9581037802539734,
                0,
                26.232963562011733,
                -0.000019073486321019573,
                -0.0000152587890625,
                1
            ],
            "name": "chainCloth_R4C0"
        },
        "chainCloth_R5C0": {
            "children": [
                "chainCloth_R6C0"
            ],
            "matrix": [
                0.8883234262466432,
                0.30189260840415943,
                -0.34603768587112443,
                0,
                -0.18467462285855224,
                0.9247696223131221,
                0.3327103504483627,
                0,
                0.4204479280014689,
                -0.23165001513343322,
                0.87724640710991,
                0,
                26.22574234008789,
                0.0000152587890625,
                0.00000762939453125,
                1
            ],
            "name": "chainCloth_R5C0"
        },
        "chainCloth_R6C0": {
            "children": [
                "chainCloth_R7C0"
            ],
            "matrix": [
                0.7958090305328367,
                0.13604433834552765,
                -0.5900679230690001,
                0,
                0.23164136042418393,
                0.8319308109954384,
                0.5042161276182755,
                0,
                0.5594913232387613,
                -0.5379437764476107,
                0.6305444303244314,
                0,
                26.66214752197265,
                -0.00000762939453125,
                -0.000011444091796875,
                1
            ],
            "name": "chainCloth_R6C0"
        },
        "chainCloth_R7C0": {
            "children": [
                "chainCloth_R8C0"
            ],
            "matrix": [
                0.9798083305358883,
                -0.04198693111538889,
                -0.1954802423715592,
                0,
                0.07186818738469111,
                0.9863158509796741,
                0.14837649398758257,
                0,
                0.18657547454634776,
                -0.15942940953140938,
                0.9694184617889119,
                0,
                26.108827590942383,
                0.000015258789048289145,
                -0.000019073486321019573,
                1
            ],
            "name": "chainCloth_R7C0"
        },
        "chainCloth_R8C0": {
            "children": [
                "chainCloth_R9C0"
            ],
            "matrix": [
                0.9569831490516666,
                -0.1313153505325318,
                -0.25872752070426946,
                0,
                0.17148163168896755,
                0.975293256129879,
                0.1392741522024032,
                0,
                0.23404626216329724,
                -0.17764995079802415,
                0.9558569334903098,
                0,
                12.764694213867188,
                -1.4210854715202004e-14,
                -1.4210854715202004e-14,
                1
            ],
            "name": "chainCloth_R8C0"
        },
        "chainCloth_R9C0": {
            "children": [
                "chainCloth_R10C0"
            ],
            "matrix": [
                0.8073306083679199,
                -0.3818547129631044,
                -0.4498933553695679,
                0,
                0.4369758515394635,
                0.8992299928288803,
                0.020913332356797543,
                0,
                0.3965718617222372,
                -0.21347656866276202,
                0.8928374501261872,
                0,
                26.43817520141602,
                -0.0000152587890625,
                0.000007629394545460855,
                1
            ],
            "name": "chainCloth_R9C0"
        },
        "clavicle_L": {
            "children": [
                "bicep_L"
            ],
            "matrix": [
                -0.27969920635223383,
                0.953507781028748,
                0.11221091449260714,
                0,
                0.0315847275105009,
                -0.10767403826544554,
                0.9936845896196151,
                0,
                0.9595681070675516,
                0.28147691779698863,
                5.960464466436832e-8,
                0,
                11.777481079101591,
                4.291308879852295,
                2.265838623046875,
                1
            ],
            "name": "clavicle_L"
        },
        "clavicle_R": {
            "children": [
                "bicep_R"
            ],
            "matrix": [
                0.27969923615455616,
                0.9535077810287472,
                -0.11221122741699212,
                0,
                -0.031584902790328606,
                -0.10767430467578577,
                -0.9936845276215884,
                0,
                -0.9595681202735218,
                0.2814769621841511,
                2.9802322387695312e-8,
                0,
                11.777496337890653,
                -4.291307926177979,
                2.265838623046861,
                1
            ],
            "name": "clavicle_R"
        },
        "elbow_L": {
            "children": [
                "wrist_L"
            ],
            "matrix": [
                0.33995816111564614,
                1.1920928955078125e-7,
                -0.9404404163360595,
                0,
                2.2644526331827564e-7,
                0.9999999999999747,
                2.086163051751022e-7,
                0,
                0.9404403877516925,
                -2.838790849057915e-7,
                0.3399581507826974,
                0,
                34.56973266601564,
                -0.0000152587890625,
                0.00000762939453125,
                1
            ],
            "name": "elbow_L"
        },
        "elbow_R": {
            "children": [
