{
    "accessors": {
        "attrbute_1": {
            "bufferView": "bufferView_31",
            "byteOffset": 0,
            "byteStride": 12,
            "count": 2132,
            "max": [
                75.34313201904297,
                28.708303451538086,
                255.652099609375,
                0
            ],
            "min": [
                -77.09220886230469,
                -48.231903076171875,
                59.78293228149414,
                0
            ],
            "type": 35665
        },
        "attrbute_10": {
            "bufferView": "bufferView_31",
            "byteOffset": 132912,
            "byteStride": 16,
            "count": 156,
            "max": [
                2,
                1,
                -1,
                -1
            ],
            "min": [
                0,
                -1,
                -1,
                -1
            ],
            "type": 35666
        },
        "attrbute_11": {
            "bufferView": "bufferView_31",
            "byteOffset": 135408,
            "byteStride": 12,
            "count": 156,
            "max": [
                1,
                0.09154079854488373,
                0
            ],
            "min": [
                0.9084591865539551,
                0,
                0
            ],
            "type": 35665
        },
        "attrbute_13": {
            "bufferView": "bufferView_31",
            "byteOffset": 137280,
            "byteStride": 12,
            "count": 824,
            "max": [
                39.3619270324707,
                33.48162078857422,
                186.83126831054688,
                0
            ],
            "min": [
                -39.018070220947266,
                -32.84024429321289,
                20.307146072387695,
                0
            ],
            "type": 35665
        },
        "attrbute_14": {
            "bufferView": "bufferView_31",
            "byteOffset": 147168,
            "byteStride": 12,
            "count": 824,
            "max": [
                0.9993423223495483,
                0.9952018857002258,
                0.9999656677246094,
                0
            ],
            "min": [
                -0.9988380074501038,
                -0.9962632060050964,
                -0.9978969693183899,
                0
            ],
            "type": 35665
        },
        "attrbute_15": {
            "bufferView": "bufferView_31",
            "byteOffset": 157056,
            "byteStride": 8,
            "count": 824,
            "max": [
                0.9883379936218262,
                0.9851740002632141
            ],
            "min": [
                0.015425000339746475,
                0.011377990245819092
            ],
            "type": 35664
        },
        "attrbute_16": {
            "bufferView": "bufferView_31",
            "byteOffset": 163648,
            "byteStride": 16,
            "count": 824,
            "max": [
                14,
                14,
                9,
                -1
            ],
            "min": [
                0,
                -1,
                -1,
                -1
            ],
            "type": 35666
        },
        "attrbute_17": {
            "bufferView": "bufferView_31",
            "byteOffset": 176832,
            "byteStride": 12,
            "count": 824,
            "max": [
                1,
                0.999653160572052,
                0.6685518026351929
            ],
            "min": [
                0.00017341971397399902,
                0,
                0
            ],
            "type": 35665
        },
        "attrbute_19": {
            "bufferView": "bufferView_31",
            "byteOffset": 186720,
            "byteStride": 12,
            "count": 354,
            "max": [
                49.45920944213867,
                42.811561584472656,
                275.5325927734375,
                0
            ],
            "min": [
                -49.459293365478516,
                20.850378036499023,
                200.39195251464844,
                0
            ],
            "type": 35665
        },
        "attrbute_2": {
            "bufferView": "bufferView_31",
            "byteOffset": 25584,
            "byteStride": 12,
            "count": 2132,
            "max": [
                0.9993005990982056,
                0.9998953342437744,
                0.9971345067024231,
                0
            ],
            "min": [
                -0.9993006587028503,
                -0.9999157190322876,
                -0.9998258352279663,
                0
            ],
            "type": 35665
        },
        "attrbute_20": {
            "bufferView": "bufferView_31",
            "byteOffset": 190968,
            "byteStride": 12,
            "count": 354,
            "max": [
                0.9701558947563171,
                0.9945833683013916,
                0.9980671405792236,
                0
            ],
            "min": [
                -0.9701557755470276,
                -0.996630072593689,
                -0.9993792772293091,
                0
            ],
            "type": 35665
        },
        "attrbute_21": {
            "bufferView": "bufferView_31",
            "byteOffset": 195216,
            "byteStride": 8,
            "count": 354,
            "max": [
                0.9981430172920227,
                0.9910929799079895
            ],
            "min": [
                0.006825000047683716,
                0.006767988204956055
            ],
            "type": 35664
        },
        "attrbute_22": {
            "bufferView": "bufferView_31",
            "byteOffset": 198048,
            "byteStride": 16,
            "count": 354,
            "max": [
                0,
                -1,
                -1,
                -1
            ],
            "min": [
                0,
                -1,
                -1,
                -1
            ],
            "type": 35666
        },
        "attrbute_23": {
            "bufferView": "bufferView_31",
            "byteOffset": 203712,
            "byteStride": 12,
            "count": 354,
            "max": [
                1,
                0,
                0
            ],
            "min": [
                1,
                0,
                0
            ],
            "type": 35665
        },
        "attrbute_25": {
            "bufferView": "bufferView_31",
            "byteOffset": 207960,
            "byteStride": 12,
            "count": 1340,
            "max": [
                55.553653717041016,
                53.57792282104492,
                241.6182861328125,
                0
            ],
            "min": [
                -55.55375671386719,
                -28.858707427978516,
                115.71805572509766,
                0
            ],
            "type": 35665
        },
        "attrbute_26": {
            "bufferView": "bufferView_31",
            "byteOffset": 224040,
            "byteStride": 12,
            "count": 1340,
            "max": [
                0.9998988509178162,
                0.9933722615242004,
                0.9999322295188904,
                0
            ],
            "min": [
                -0.9999589920043945,
                -0.9836452007293701,
                -0.9844223856925964,
                0
            ],
            "type": 35665
        },
        "attrbute_27": {
            "bufferView": "bufferView_31",
            "byteOffset": 240120,
            "byteStride": 8,
            "count": 1340,
            "max": [
                1.0016119480133057,
                0.9910269975662231
            ],
            "min": [
                0.01236599963158369,
                0.014401018619537354
            ],
            "type": 35664
        },
        "attrbute_28": {
            "bufferView": "bufferView_31",
            "byteOffset": 250840,
            "byteStride": 16,
            "count": 1340,
            "max": [
                18,
                18,
                -1,
                -1
            ],
            "min": [
                0,
                -1,
                -1,
                -1
            ],
            "type": 35666
        },
        "attrbute_29": {
            "bufferView": "bufferView_31",
            "byteOffset": 272280,
            "byteStride": 12,
            "count": 1340,
            "max": [
                1,
                0.9175394773483276,
                0
            ],
            "min": [
                0.08246054500341415,
                0,
                0
            ],
            "type": 35665
        },
        "attrbute_3": {
            "bufferView": "bufferView_31",
            "byteOffset": 51168,
            "byteStride": 8,
            "count": 2132,
            "max": [
                0.9885730147361755,
                0.9942439794540405
            ],
            "min": [
                -0.9909700155258179,
                0.009692013263702393
            ],
            "type": 35664
        },
        "attrbute_4": {
            "bufferView": "bufferView_31",
            "byteOffset": 68224,
            "byteStride": 16,
            "count": 2132,
            "max": [
                20,
                20,
                20,
                -1
            ],
            "min": [
                0,
                -1,
                -1,
                -1
            ],
            "type": 35666
        },
        "attrbute_5": {
            "bufferView": "bufferView_31",
            "byteOffset": 102336,
            "byteStride": 12,
            "count": 2132,
            "max": [
                1,
                0.9188259243965149,
                0.6974661946296692
            ],
            "min": [
                0.08117406815290451,
                0,
                0
            ],
            "type": 35665
        },
        "attrbute_7": {
            "bufferView": "bufferView_31",
            "byteOffset": 127920,
            "byteStride": 12,
            "count": 156,
            "max": [
                76.04345703125,
                11.036980628967285,
                205.82640075683594,
                0
            ],
            "min": [
                -76.04344177246094,
                -16.4678955078125,
                187.69691467285156,
                0
            ],
            "type": 35665
        },
        "attrbute_8": {
            "bufferView": "bufferView_31",
            "byteOffset": 129792,
            "byteStride": 12,
            "count": 156,
            "max": [
                0.9979822635650635,
                0.992563009262085,
                0.9872236251831055,
                0
            ],
            "min": [
                -0.9979823231697083,
                -0.9929236769676208,
                -0.9784883260726929,
                0
            ],
            "type": 35665
        },
        "attrbute_9": {
            "bufferView": "bufferView_31",
            "byteOffset": 131664,
            "byteStride": 8,
            "count": 156,
            "max": [
                0.9723860025405884,
                0.9497320055961609
            ],
            "min": [
                0.022731000557541847,
                0.09650099277496338
            ],
            "type": 35664
        },
        "indices_12": {
            "bufferView": "bufferView_33",
            "byteOffset": 19344,
            "count": 714,
            "type": 5123
        },
        "indices_18": {
            "bufferView": "bufferView_33",
            "byteOffset": 20772,
            "count": 3486,
            "type": 5123
        },
        "indices_24": {
            "bufferView": "bufferView_33",
            "byteOffset": 27744,
            "count": 1566,
            "type": 5123
        },
        "indices_30": {
            "bufferView": "bufferView_33",
            "byteOffset": 30876,
            "count": 3804,
            "type": 5123
        },
        "indices_6": {
            "bufferView": "bufferView_33",
            "byteOffset": 0,
            "count": 9672,
            "type": 5123
        }
    },
    "animations": {},
    "asset": {},
    "bufferViews": {
        "bufferView_31": {
            "buffer": "lich.bin",
            "byteLength": 288360,
            "byteOffset": 0,
            "target": 34962
        },
        "bufferView_32": {
            "buffer": "lich.bin",
            "byteLength": 4544,
            "byteOffset": 288360
        },
        "bufferView_33": {
            "buffer": "lich.bin",
            "byteLength": 38484,
            "byteOffset": 292904,
            "target": 34963
        }
    },
    "buffers": {
        "lich.bin": {
            "byteLength": 331388,
            "path": "lich.bin"
        }
    },
    "cameras": {},
    "images": {
        "image_0": {
            "path": "textures/lich_base_color.png"
        },
        "image_1": {
            "path": "textures/lich_bracer_color.png"
        },
        "image_2": {
            "path": "textures/lich_dress_color.png"
        },
        "image_3": {
            "path": "textures/lich_horn_color.png"
        },
        "image_4": {
            "path": "textures/lich_neck_rock_color.png"
        }
    },
    "lights": {},
    "materials": {
        "Material #35": {
            "instanceTechnique": {
                "technique": "technique_0",
                "values": {
                    "ambient": [
                        0.5879999995231628,
                        0.5879999995231628,
                        0.5879999995231628
                    ],
                    "diffuse": "Map #6",
                    "emission": [
                        0,
                        0,
                        0
                    ],
                    "shininess": 2,
                    "specular": [
                        0.8999999761581421,
                        0.8999999761581421,
                        0.8999999761581421
                    ],
                    "transparency": 1
                }
            },
            "name": "Material #35"
        },
        "Material #46": {
            "instanceTechnique": {
                "technique": "technique_0",
                "values": {
                    "ambient": [
                        0.5879999995231628,
                        0.5879999995231628,
                        0.5879999995231628
                    ],
                    "diffuse": "Map #7",
                    "emission": [
                        0,
                        0,
                        0
                    ],
                    "shininess": 2,
                    "specular": [
                        0.8999999761581421,
                        0.8999999761581421,
                        0.8999999761581421
                    ],
                    "transparency": 1
                }
            },
            "name": "Material #46"
        },
        "Material #57": {
            "instanceTechnique": {
                "technique": "technique_0",
                "values": {
                    "ambient": [
                        0.5879999995231628,
                        0.5879999995231628,
                        0.5879999995231628
                    ],
                    "diffuse": "Map #8",
                    "emission": [
                        0,
                        0,
                        0
                    ],
                    "shininess": 2,
                    "specular": [
                        0.8999999761581421,
                        0.8999999761581421,
                        0.8999999761581421
                    ],
                    "transparency": 1
                }
            },
            "name": "Material #57"
        },
        "Material #68": {
            "instanceTechnique": {
                "technique": "technique_0",
                "values": {
                    "ambient": [
                        0.5879999995231628,
                        0.5879999995231628,
                        0.5879999995231628
                    ],
                    "diffuse": "Map #9",
                    "emission": [
                        0,
                        0,
                        0
                    ],
                    "shininess": 2,
                    "specular": [
                        0.8999999761581421,
                        0.8999999761581421,
                        0.8999999761581421
                    ],
                    "transparency": 1
                }
            },
            "name": "Material #68"
        },
        "Material #79": {
            "instanceTechnique": {
                "technique": "technique_0",
                "values": {
                    "ambient": [
                        0.5879999995231628,
                        0.5879999995231628,
                        0.5879999995231628
                    ],
                    "diffuse": "Map #10",
                    "emission": [
                        0,
                        0,
                        0
                    ],
                    "shininess": 2,
                    "specular": [
                        0.8999999761581421,
                        0.8999999761581421,
                        0.8999999761581421
                    ],
                    "transparency": 1
                }
            },
            "name": "Material #79"
        }
    },
    "meshes": {
        "lich_bracer_LOD0-mesh": {
            "name": "lich_bracer_LOD0-mesh",
            "primitives": [
                {
                    "attributes": {
                        "JOINT": "attrbute_10",
                        "NORMAL": "attrbute_8",
                        "POSITION": "attrbute_7",
                        "TEXCOORD_0": "attrbute_9",
                        "WEIGHT": "attrbute_11"
                    },
                    "indices": "indices_12",
                    "material": "Material #46"
                }
            ]
        },
        "lich_dress_LOD0-mesh": {
            "name": "lich_dress_LOD0-mesh",
            "primitives": [
                {
                    "attributes": {
                        "JOINT": "attrbute_16",
                        "NORMAL": "attrbute_14",
                        "POSITION": "attrbute_13",
                        "TEXCOORD_0": "attrbute_15",
                        "WEIGHT": "attrbute_17"
                    },
                    "indices": "indices_18",
                    "material": "Material #57"
                }
            ]
        },
        "lich_horns_LOD0-mesh": {
            "name": "lich_horns_LOD0-mesh",
            "primitives": [
                {
                    "attributes": {
                        "JOINT": "attrbute_22",
                        "NORMAL": "attrbute_20",
                        "POSITION": "attrbute_19",
                        "TEXCOORD_0": "attrbute_21",
                        "WEIGHT": "attrbute_23"
                    },
                    "indices": "indices_24",
                    "material": "Material #68"
                }
            ]
        },
        "lich_model_LOD0-mesh": {
            "name": "lich_model_LOD0-mesh",
            "primitives": [
                {
                    "attributes": {
                        "JOINT": "attrbute_4",
                        "NORMAL": "attrbute_2",
                        "POSITION": "attrbute_1",
                        "TEXCOORD_0": "attrbute_3",
                        "WEIGHT": "attrbute_5"
                    },
                    "indices": "indices_6",
                    "material": "Material #35"
                }
            ]
        },
        "lich_neck_rock_LOD0-mesh": {
            "name": "lich_neck_rock_LOD0-mesh",
            "primitives": [
                {
                    "attributes": {
                        "JOINT": "attrbute_28",
                        "NORMAL": "attrbute_26",
                        "POSITION": "attrbute_25",
                        "TEXCOORD_0": "attrbute_27",
                        "WEIGHT": "attrbute_29"
                    },
                    "indices": "indices_30",
                    "material": "Material #79"
                }
            ]
        }
    },
    "nodes": {
        "Index_0_L": {
            "children": [
                "Index_1_L"
            ],
            "jointId": "Index_0_L",
            "matrix": [
                0.8963037133216859,
                -0.44344040751457214,
                5.105987384013133e-7,
                0,
                -5.314835598362153e-7,
                7.71876230464124e-8,
                1.0000001192092585,
                0,
                -0.44344040751449587,
                -0.8963037133217236,
                -1.6649771335398034e-7,
                0,
                21.06239318847657,
                0.7890472412109375,
                4.427158355712898,
                1
            ],
            "name": "Index_0_L"
        },
        "Index_1_L": {
            "children": [],
            "jointId": "Index_1_L",
            "matrix": [
                1.0000002384185793,
                -4.791656920133391e-7,
                -2.9802322398797543e-7,
                0,
                4.791654934134611e-7,
                1.0000001192092867,
                -4.7472448727601567e-7,
                0,
                2.98023451417162e-7,
                4.747244010650228e-7,
                1.0000002384185387,
                0,
                6.200408935546875,
                -0.000003814697265625,
                -0.00001525878909092171,
                1
            ],
            "name": "Index_1_L"
        },
        "Mid_0_L": {
            "children": [
                "Mid_1_L"
            ],
            "jointId": "Mid_0_L",
            "matrix": [
                0.7670925855636597,
                -0.5179710388183595,
                0.37851628661155684,
                0,
                -0.31369804903289594,
                0.21182113188642823,
                0.9255946748874097,
                0,
                -0.5596088749458886,
                -0.8287564721519396,
                -8.459706414680303e-8,
                0,
                6.859768867492679,
                -3.9920654296875,
                5.157215118408196,
                1
            ],
            "name": "Mid_0_L"
        },
        "Mid_1_L": {
            "children": [],
            "jointId": "Mid_1_L",
            "matrix": [
                0.9994806051254275,
                0.009863600134849562,
                -0.030676394701004084,
                0,
                -0.009471758496775257,
                0.9998722704291823,
                0.012892693269000027,
                0,
                0.03079965286329117,
                -0.012595440769858468,
                0.9994466295341964,
                0,
                6.7903289794921875,
                -0.000007629394538355427,
                0,
                1
            ],
            "name": "Mid_1_L"
        },
        "Thumb_0_L": {
            "children": [
                "Thumb_1_L"
            ],
            "jointId": "Thumb_0_L",
            "matrix": [
                0.996916651725769,
                -0.07846822589635852,
                8.89619666821772e-9,
                0,
                -1.212148631532577e-7,
                -0.000001426627371361546,
                0.99999999999992,
                0,
                -0.07846820669524648,
                -0.9969164077812251,
                -0.0000014317397472366846,
                0,
                22.165897369384766,
                2.0209503173828125,
                0.5570068359375142,
                1
            ],
            "name": "Thumb_0_L"
        },
        "Thumb_1_L": {
            "children": [],
            "jointId": "Thumb_1_L",
            "matrix": [
                1.0000000000000002,
                2.3175282137799566e-8,
                -2.7755575615628914e-17,
                0,
                -2.317528766321727e-8,
                1.000000238418579,
                4.78413767268648e-7,
                0,
                1.111610803405938e-14,
                -4.784137102372956e-7,
                1.0000001192092887,
                0,
                4.722114562988281,
                -0.00002288818359375,
                0,
                1
            ],
            "name": "Thumb_1_L"
        },
        "attach_legfrost": {
            "children": [],
            "jointId": "attach_legfrost",
            "matrix": [
                -1.6292068510376027e-7,
                -1,
                -2.9802322387695312e-8,
                0,
                -4.3711393302964445e-8,
                -2.9802315266205163e-8,
                0.9999999999999999,
                0,
                -0.9999999999999999,
                1.6292068640646113e-7,
                -4.371138844755078e-8,
                0,
                0,
                0,
                0,
                1
            ],
            "name": "attach_legfrost"
        },
        "bicep_L": {
            "children": [
                "elbow_L"
            ],
            "jointId": "bicep_L",
            "matrix": [
                0.9006184935569768,
                0.12053854763507851,
                -0.4175601601600649,
                0,
                -0.343508664557894,
                -0.3911531326918319,
                -0.8538153792709007,
                0,
                -0.26624774672403667,
                0.9123978519301508,
                -0.3108738452939466,
                0,
                14.018920898437486,
                0,
                0.0000152587890625,
                1
            ],
            "name": "bicep_L"
        },
        "bicep_R": {
            "children": [
                "elbow_R"
            ],
            "jointId": "bicep_R",
            "matrix": [
                0.9006186723709109,
                0.12053837627172467,
                -0.417560696601868,
                0,
                -0.3435090856135957,
                -0.39115324886432734,
                -0.8538152106401649,
                0,
                -0.2662476920797477,
                0.9123977113145162,
                -0.3108738571019309,
                0,
                -14.018909454345696,
                -0.000022888183579539145,
                0,
                1
            ],
            "name": "bicep_R"
        },
        "chainCloth_R0C0": {
            "children": [
                "chainCloth_R1C0"
            ],
            "jointId": "chainCloth_R0C0",
            "matrix": [
                -0.909334301948547,
                0.2731045186519622,
                -0.31388774514198287,
                0,
                -0.4021126590723435,
                -0.7706068175302334,
                0.49443991545610266,
                0,
                -0.10685023920737441,
                0.575829292529084,
                0.8105578296133957,
                0,
                7.6650238037109375,
                13.415087699890138,
                -15.568672180175781,
                1
            ],
            "name": "chainCloth_R0C0"
        },
        "chainCloth_R10C0": {
            "children": [
                "chainCloth_R11C0"
            ],
            "jointId": "chainCloth_R10C0",
            "matrix": [
                0.8825758099555971,
                -0.26820477843284607,
                -0.3861689567565919,
                0,
                0.25332966526846734,
                0.9631859896646532,
                -0.08998250592015938,
                0,
                0.3960862546447221,
                -0.01841166894034188,
                0.9180288534107194,
                0,
                26.592086791992188,
                0.0000152587890625,
                -0.00000762939453125,
                1
            ],
            "name": "chainCloth_R10C0"
        },
        "chainCloth_R11C0": {
            "children": [
                "chainCloth_R12C0"
            ],
            "jointId": "chainCloth_R11C0",
            "matrix": [
                0.8962677121162417,
                -0.20400601625442533,
                -0.393809974193573,
                0,
                0.14573380411352552,
                0.9740918475644287,
                -0.17293643777348766,
                0,
                0.41888700164345294,
                0.09760588310141163,
                0.9027773050992922,
                0,
                26.144470214843757,
                -0.00002288818359375,
                0.000011444091803980427,
                1
            ],
            "name": "chainCloth_R11C0"
        },
        "chainCloth_R12C0": {
            "children": [
                "chainCloth_R13C0"
            ],
            "jointId": "chainCloth_R12C0",
            "matrix": [
                0.911031186580658,
                0.09209117293357838,
                -0.4019216299057007,
                0,
                -0.1513199471390559,
                0.9814010134176461,
                -0.11812954819754934,
                0,
                0.3835675472001025,
                0.16843843632406003,
                0.9080220213909572,
                0,
                27.461700439453125,
                0.0000152587890625,
                0,
                1
            ],
            "name": "chainCloth_R12C0"
        },
        "chainCloth_R13C0": {
            "children": [
                "chainCloth_R14C0"
            ],
            "jointId": "chainCloth_R13C0",
            "matrix": [
                0.8441013097763057,
                0.37500250339508046,
                -0.3832311332225799,
                0,
                -0.387647458396558,
                0.9206079713281994,
                0.047012272667018996,
                0,
                0.37043543006423546,
                0.10887547559315358,
                0.9224553460410349,
                0,
                27.182922363281264,
                -0.0000152587890625,
                0,
                1
            ],
            "name": "chainCloth_R13C0"
        },
        "chainCloth_R14C0": {
            "children": [],
            "jointId": "chainCloth_R14C0",
            "matrix": [
                0.16233317553997048,
                -0.44225335121154796,
                0.8820770382881165,
                0,
                0.2090673047007861,
                0.889054098454219,
                0.40727575867215327,
                0,
                -0.9643333158173291,
                0.11829910669251756,
                0.236783701139144,
                0,
                25.9212646484375,
                -0.000003814697265625,
                1.4210854715202004e-14,
                1
            ],
            "name": "chainCloth_R14C0"
        },
        "chainCloth_R1C0": {
            "children": [
                "chainCloth_R2C0"
            ],
            "jointId": "chainCloth_R1C0",
            "matrix": [
                0.850510120391846,
                0.03357243537902832,
                0.524886131286621,
                0,
                -0.39269194879977964,
                0.7044261885670235,
                0.5912504740693607,
                0,
                -0.3498937781934838,
                -0.7089829878806648,
                0.6123051568791635,
                0,
                25.937515258789062,
                0,
                0,
                1
            ],
            "name": "chainCloth_R1C0"
        },
        "chainCloth_R2C0": {
            "children": [
                "chainCloth_R3C0"
            ],
            "jointId": "chainCloth_R2C0",
            "matrix": [
                0.8117265701293946,
                0.5130671262741088,
                0.27903619408607483,
                0,
                -0.5515070496307296,
                0.8305968486737751,
                0.07712615070613482,
                0,
                -0.19219579294011652,
                -0.21649588878269313,
                0.9571781760400826,
                0,
                26.573440551757812,
                0.000030517578125,
                0.000015258789076710855,
                1
            ],
            "name": "chainCloth_R2C0"
        },
        "chainCloth_R3C0": {
            "children": [
                "chainCloth_R4C0"
            ],
            "jointId": "chainCloth_R3C0",
            "matrix": [
                0.9331748485565186,
                0.35856008529663075,
                -0.02489516139030451,
                0,
                -0.3586138217469146,
                0.9334831341285006,
                0.002425909042452601,
                0,
                0.02410903802765979,
                0.006663949066317093,
                0.9996871948630224,
                0,
                28.184638977050795,
                -0.00002288818359375,
                -0.0000152587890625,
                1
            ],
            "name": "chainCloth_R3C0"
        },
        "chainCloth_R4C0": {
            "children": [
                "chainCloth_R5C0"
            ],
            "jointId": "chainCloth_R4C0",
            "matrix": [
                0.8820128440856937,
                0.3988982439041137,
                -0.25086534023284934,
                0,
                -0.3752167581802479,
                0.9165741668180992,
                0.13821688356094985,
                0,
                0.2850712476243348,
                -0.027780195179471084,
                0.9581037802539732,
                0,
                26.23296356201172,
                -0.000019073486328125,
                -0.0000152587890625,
                1
            ],
            "name": "chainCloth_R4C0"
        },
        "chainCloth_R5C0": {
            "children": [
                "chainCloth_R6C0"
            ],
            "jointId": "chainCloth_R5C0",
            "matrix": [
                0.8883234262466432,
                0.3018926084041595,
                -0.34603768587112427,
                0,
                -0.18467462285855213,
                0.924769622313122,
                0.3327103504483625,
                0,
                0.4204479280014686,
                -0.23165001513343347,
                0.8772464071099098,
                0,
                26.225742340087898,
                0.0000152587890625,
                0.00000762939453125,
                1
            ],
            "name": "chainCloth_R5C0"
        },
        "chainCloth_R6C0": {
            "children": [
                "chainCloth_R7C0"
            ],
            "jointId": "chainCloth_R6C0",
            "matrix": [
                0.795809030532837,
                0.13604433834552768,
                -0.590067923069,
                0,
                0.23164136042418365,
                0.8319308109954385,
                0.5042161276182754,
                0,
                0.559491323238761,
                -0.5379437764476112,
                0.6305444303244311,
                0,
                26.66214752197265,
                -0.00000762939453125,
                -0.000011444091796875,
                1
            ],
            "name": "chainCloth_R6C0"
        },
        "chainCloth_R7C0": {
            "children": [
                "chainCloth_R8C0"
            ],
            "jointId": "chainCloth_R7C0",
            "matrix": [
                0.979808330535889,
                -0.04198693111538887,
                -0.19548024237155923,
                0,
                0.07186818738469113,
                0.9863158509796741,
                0.14837649398758296,
                0,
                0.18657547454634776,
                -0.15942940953140944,
                0.9694184617889121,
                0,
                26.108827590942383,
                0.0000152587890625,
                -0.000019073486335230427,
                1
            ],
            "name": "chainCloth_R7C0"
        },
        "chainCloth_R8C0": {
            "children": [
                "chainCloth_R9C0"
            ],
            "jointId": "chainCloth_R8C0",
            "matrix": [
                0.9569831490516664,
                -0.1313153505325317,
                -0.2587275207042694,
                0,
                0.17148163168896746,
                0.9752932561298786,
                0.13927415220240297,
                0,
                0.23404626216329727,
                -0.17764995079802415,
                0.9558569334903099,
                0,
                12.764694213867188,
                0,
                -1.4210854715202004e-14,
                1
            ],
            "name": "chainCloth_R8C0"
        },
        "chainCloth_R9C0": {
            "children": [
                "chainCloth_R10C0"
            ],
            "jointId": "chainCloth_R9C0",
            "matrix": [
                0.8073306083679199,
                -0.38185471296310414,
                -0.449893355369568,
                0,
                0.4369758515394636,
                0.8992299928288799,
                0.02091333235679771,
                0,
                0.3965718617222372,
                -0.2134765686627621,
                0.8928374501261874,
                0,
                26.438175201416016,
                -0.000015258789048289145,
                0.000007629394545460855,
                1
            ],
            "name": "chainCloth_R9C0"
        },
        "clavicle_L": {
            "children": [
                "bicep_L"
            ],
            "jointId": "clavicle_L",
            "matrix": [
                -0.2796992063522337,
                0.9535077810287479,
                0.11221091449260712,
                0,
                0.0315847275105009,
                -0.10767403826544554,
                0.9936845896196153,
                0,
                0.9595681070675515,
                0.2814769177969887,
                5.960464460885717e-8,
                0,
                11.777481079101562,
                4.291308879852295,
                2.265838623046875,
                1
            ],
            "name": "clavicle_L"
        },
        "clavicle_R": {
            "children": [
                "bicep_R"
            ],
            "jointId": "clavicle_R",
            "matrix": [
                0.27969923615455616,
                0.9535077810287471,
                -0.11221122741699216,
                0,
                -0.03158490279032855,
                -0.10767430467578576,
                -0.9936845276215887,
                0,
                -0.9595681202735218,
                0.28147696218415114,
                2.980232233218416e-8,
                0,
                11.777496337890625,
                -4.291307926177979,
                2.265838623046861,
                1
            ],
            "name": "clavicle_R"
        },
        "elbow_L": {
            "children": [
                "wrist_L"
            ],
            "jointId": "elbow_L",
            "matrix": [
                0.3399581611156461,
                1.1920928946751452e-7,
                -0.9404404163360592,
                0,
                2.2644526342929794e-7,
                0.9999999999999746,
                2.0861630500856876e-7,
                0,
                0.9404403877516921,
                -2.838790849057915e-7,
                0.3399581507826972,
                0,
                34.569732666015625,
                -0.0000152587890625,
