{
    "accessors": {
        "attrbute_1": {
            "bufferView": "bufferView_7",
            "byteOffset": 0,
            "byteStride": 12,
            "count": 2528,
            "max": [
                70.27413940429688,
                29.874134063720703,
                136.84115600585938,
                0
            ],
            "min": [
                -83.13040161132812,
                -51.172977447509766,
                -1.6027522087097168,
                0
            ],
            "type": 35665
        },
        "attrbute_2": {
            "bufferView": "bufferView_7",
            "byteOffset": 30336,
            "byteStride": 12,
            "count": 2528,
            "max": [
                0.9974034428596497,
                0.9990496039390564,
                0.9997856616973877,
                0
            ],
            "min": [
                -0.9990979433059692,
                -0.9997386336326599,
                -0.9999796152114868,
                0
            ],
            "type": 35665
        },
        "attrbute_3": {
            "bufferView": "bufferView_7",
            "byteOffset": 60672,
            "byteStride": 8,
            "count": 2528,
            "max": [
                0.9984133839607239,
                0.9972027540206909
            ],
            "min": [
                0.004038913641124964,
                0.0016810297966003418
            ],
            "type": 35664
        },
        "attrbute_4": {
            "bufferView": "bufferView_7",
            "byteOffset": 80896,
            "byteStride": 16,
            "count": 2528,
            "max": [
                28,
                17,
                18,
                -1
            ],
            "min": [
                0,
                -1,
                -1,
                -1
            ],
            "type": 35666
        },
        "attrbute_5": {
            "bufferView": "bufferView_7",
            "byteOffset": 121344,
            "byteStride": 12,
            "count": 2528,
            "max": [
                1,
                0.9778090119361877,
                0.9938585162162781
            ],
            "min": [
                0.0006554679130204022,
                0,
                0
            ],
            "type": 35665
        },
        "indices_6": {
            "bufferView": "bufferView_9",
            "byteOffset": 0,
            "count": 12762,
            "type": 5123
        }
    },
    "animations": {},
    "asset": {},
    "bufferViews": {
        "bufferView_7": {
            "buffer": "tiny_02.bin",
            "byteLength": 151680,
            "byteOffset": 0,
            "target": 34962
        },
        "bufferView_8": {
            "buffer": "tiny_02.bin",
            "byteLength": 1856,
            "byteOffset": 151680
        },
        "bufferView_9": {
            "buffer": "tiny_02.bin",
            "byteLength": 25524,
            "byteOffset": 153536,
            "target": 34963
        }
    },
    "buffers": {
        "tiny_02.bin": {
            "byteLength": 179060,
            "path": "tiny_02.bin"
        }
    },
    "cameras": {},
    "images": {
        "image_0": {
            "path": "textures/tiny_02_color.png"
        }
    },
    "lights": {},
    "materials": {
        "Material #35": {
            "instanceTechnique": {
                "technique": "technique_0",
                "values": {
                    "ambient": [
                        0.5879999995231628,
                        0.5879999995231628,
                        0.5879999995231628
                    ],
                    "diffuse": "Map #4",
                    "emission": [
                        0,
                        0,
                        0
                    ],
                    "shininess": 2,
                    "specular": [
                        0.8999999761581421,
                        0.8999999761581421,
                        0.8999999761581421
                    ],
                    "transparency": 1
                }
            },
            "name": "Material #35"
        }
    },
    "meshes": {
        "tiny_02_model_LOD0-mesh": {
            "name": "tiny_02_model_LOD0-mesh",
            "primitives": [
                {
                    "attributes": {
                        "JOINT": "attrbute_4",
                        "NORMAL": "attrbute_2",
                        "POSITION": "attrbute_1",
                        "TEXCOORD_0": "attrbute_3",
                        "WEIGHT": "attrbute_5"
                    },
                    "indices": "indices_6",
                    "material": "Material #35"
                }
            ]
        }
    },
    "nodes": {
        "RootA2_0": {
            "children": [
                "RootA2_1"
            ],
            "jointId": "RootA2_0",
            "matrix": [
                -0.14980299770832067,
                -0.9855759739875793,
                0.07873369753360748,
                0,
                0.9887157599198854,
                -0.14932722640005788,
                0.011929556781673092,
                0,
                -3.998674171284619e-7,
                0.07963232980648467,
                0.9968241498513104,
                0,
                -13.562475204467772,
                0.06822586059570329,
                16.448612213134766,
                1
            ],
            "name": "RootA2_0"
        },
        "RootA2_1": {
            "children": [],
            "jointId": "RootA2_1",
            "matrix": [
                0.9157538414001467,
                -0.326557993888855,
                0.23399707674980164,
                0,
                0.30577556898480096,
                0.9443524306558176,
                0.12124375128504578,
                0,
                -0.2605687913299718,
                -0.03947883669273189,
                0.9646477000194488,
                0,
                16.155555725097656,
                -0.000011444091796875,
                0.0000209808349609375,
                1
            ],
            "name": "RootA2_1"
        },
        "RootB3_0": {
            "children": [],
            "jointId": "RootB3_0",
            "matrix": [
                6.21247844834194e-17,
                -3.469446951953614e-18,
                -0.9999998807911956,
                0,
                0.9999999999999999,
                0.0000020693987608580433,
                6.08237418764368e-17,
                0,
                0.0000020693987608580433,
                -1.0000000000004303,
                0,
                0,
                -12.821180343627928,
                3.7958793640136714,
                -20.777709960937493,
                1
            ],
            "name": "RootB3_0"
        },
        "RootC4_0": {
            "children": [],
            "jointId": "RootC4_0",
            "matrix": [
                0.20745563507080078,
                -0.4900195598602296,
                0.8466654419898986,
                0,
                0.9782444817846176,
                0.10391782492230804,
                -0.17955210624373902,
                0,
                4.129051861707922e-7,
                0.8654951586296956,
                0.5009174226322507,
                0,
                22.76577568054199,
                0.3679427504539488,
                -14.290352821350096,
                1
            ],
            "name": "RootC4_0"
        },
        "RootD5_0": {
            "children": [],
            "jointId": "RootD5_0",
            "matrix": [
                6.21247844834194e-17,
                -3.469446951953614e-18,
                -0.9999998807911956,
                0,
                0.9999999999999999,
                0.0000020693987608580433,
                6.08237418764368e-17,
                0,
                0.0000020693987608580433,
                -1.0000000000004303,
                0,
                0,
                15.082667350769043,
                -1.510244369506836,
                17.463642120361328,
                1
            ],
            "name": "RootD5_0"
        },
        "Tree_1": {
            "children": [
                "TrunkA6_0",
                "RootB3_0",
                "RootC4_0",
                "TrunkB7_0",
                "RootA2_0",
                "RootD5_0"
            ],
            "jointId": "Tree_1",
            "matrix": [
                -0.18715539574623102,
                -0.9580720067024229,
                0.21695834398269648,
                0,
                -0.7259492755763888,
                -0.013899626067493351,
                -0.687607417454216,
                0,
                0.6617932617263127,
                -0.2861902790261656,
                -0.6929105023807587,
                0,
                23.66923141479492,
                64.53597259521483,
                34.75483322143554,
                1
            ],
            "name": "Tree_1"
        },
        "TrunkA6_0": {
            "children": [
                "TrunkA6_1"
            ],
            "jointId": "TrunkA6_0",
            "matrix": [
                -0.0006138179451226043,
                0.9843949675559996,
                0.17597468197345734,
                0,
                0.31587122064305506,
                -0.16677424820990486,
                0.9340299197366113,
                0,
                0.948802234727257,
                0.05615865226962055,
                -0.31083961753739275,
                0,
                -6.341848850250243,
                88.67522430419922,
                11.859864234924315,
                1
            ],
            "name": "TrunkA6_0"
        },
        "TrunkA6_1": {
            "children": [],
            "jointId": "TrunkA6_1",
            "matrix": [
                0.985764980316162,
                5.21540641784668e-7,
                -0.1681272387504578,
                0,
                -5.93124888093044e-7,
                0.9999998807906783,
                -3.755558259108463e-7,
                0,
                0.1681272885640303,
                4.6993042635001814e-7,
                0.9857652723849596,
                0,
                35.02973175048828,
                0.000031471252444958964,
                -0.000030994415282314947,
                1
            ],
            "name": "TrunkA6_1"
        },
        "TrunkB7_0": {
            "children": [
                "TrunkB7_1"
            ],
            "jointId": "TrunkB7_0",
            "matrix": [
                -0.02592593431472771,
                0.9949971437454224,
                0.09648186713457109,
                0,
                0.3054029704674486,
                0.09978350073293779,
                -0.946980438748085,
                0,
                -0.9518700751900001,
                0.004914495882827871,
                -0.3064620460822168,
                0,
                0.4706399440765378,
                92.01393127441406,
                -3.749641895294189,
                1
            ],
            "name": "TrunkB7_0"
        },
        "TrunkB7_1": {
            "children": [
                "TrunkB7_2",
                "TrunkC8_0"
            ],
            "jointId": "TrunkB7_1",
            "matrix": [
                0.9965182542800903,
                4.3213367459382646e-7,
                -0.08337636291980746,
                0,
                -3.449980637837413e-7,
                1.0000002384186095,
                0.000001059495836699476,
                0,
                0.08337637731102857,
                -0.0000010270421901218546,
                0.9965184262793266,
                0,
                36.03263854980467,
                0.000004768371583807607,
                -0.00002288818359419409,
                1
            ],
            "name": "TrunkB7_1"
        },
        "TrunkB7_2": {
            "children": [],
            "jointId": "TrunkB7_2",
            "matrix": [
                0.9985126256942755,
                -0.02624819427728657,
                0.047786548733711284,
                0,
                0.026218192184514558,
                0.9996551921740023,
                0.001254490582669016,
                0,
                -0.04780300435724069,
                2.5223295038170543e-7,
                0.9988566088642867,
                0,
                36.82860565185544,
                -0.000012397766115057607,
                0.000015258789060723643,
                1
            ],
            "name": "TrunkB7_2"
        },
        "TrunkC8_0": {
            "children": [
                "TrunkC8_1"
            ],
            "jointId": "TrunkC8_0",
            "matrix": [
                0.8685244321823123,
                0.1565390974283219,
                0.4702771902084353,
                0,
                0.3846819808378006,
                0.38541285963651706,
                -0.8387348746127042,
                0,
                -0.31254571038769086,
                0.9093689890750825,
                0.2745227443609322,
                0,
                0.06905364990232954,
                4.7584409713745135,
                8.920226097106932,
                1
            ],
            "name": "TrunkC8_0"
        },
        "TrunkC8_1": {
            "children": [],
            "jointId": "TrunkC8_1",
            "matrix": [
                0.895049512386322,
                0.33747732639312755,
                -0.29154106974601746,
                0,
                -0.3528035388372205,
                0.935697704492359,
                4.260800893956043e-7,
                0,
                0.27279433437183315,
                0.10285629483593499,
                0.9565585513840106,
                0,
                48.142028808593736,
                0.000049591064453125,
                -0.000028610229495740214,
                1
            ],
            "name": "TrunkC8_1"
        },
        "ankle_R": {
            "children": [],
            "jointId": "ankle_R",
            "matrix": [
                0.2083332240581509,
                -0.22208389639854406,
                0.9525105953216556,
                0,
                0.23912466402467064,
                0.9558895593190798,
                0.17057035003093257,
                0,
                -0.9483759860385261,
                0.19223333044938495,
                0.2522493240649622,
                0,
                -19.913381576538082,
                -0.0000019073486328125,
                7.152557350842415e-7,
                1
            ],
            "name": "ankle_R"
        },
        "bicep_L": {
            "children": [
                "elbow_L"
            ],
            "jointId": "bicep_L",
            "matrix": [
                0.36288052797317527,
                -0.5724378824234011,
                -0.7352773547172546,
                0,
                -0.9025937625336574,
                -0.4120480605944188,
                -0.12466286530124131,
                0,
                -0.2316077383342695,
                0.7088941038654927,
                -0.6662027259590708,
                0,
                31.36143684387207,
                -0.00000762939453125,
                0.000007629394538355427,
                1
            ],
            "name": "bicep_L"
        },
        "bicep_R": {
            "children": [
                "elbow_R"
            ],
            "jointId": "bicep_R",
            "matrix": [
                0.2518349885940551,
                -0.7289928197860719,
                -0.6365124583244323,
                0,
                -0.9047498372287708,
                0.056115156592466464,
                -0.42223087334933884,
                0,
                0.3435213086331939,
                0.6822171245069588,
                -0.645424445486378,
                0,
                -28.21195602416993,
                -0.00002288818359375,
                0.00000762939453125,
                1
            ],
            "name": "bicep_R"
        },
        "bird_nest0_0": {
            "children": [],
            "jointId": "bird_nest0_0",
            "matrix": [
                0.09982512146234514,
                -0.5066524744033816,
                0.8563511967658994,
                0,
                0.9923109389246527,
                0.11398248990341041,
                -0.04823727649864926,
                0,
                -0.07316953815816689,
                0.8545823260225023,
                0.5141353334443226,
                0,
                33.20790100097656,
                10.020706176757798,
                2.0576210021972656,
                1
            ],
            "name": "bird_nest0_0"
        },
        "char_origin": {
            "children": [],
            "jointId": "char_origin",
            "matrix": [
                -2.82129974432503e-7,
                1.0000000000000002,
                0,
                0,
                4.37113884475485e-8,
                1.233229290511606e-14,
                0.9999999999999999,
                0,
                0.9999999999999999,
                2.8212997443250287e-7,
                -4.371138844755195e-8,
                0,
                14.056302070617674,
                -1.4749156236648557,
                -59.5331916809082,
                1
            ],
            "name": "char_origin"
        },
        "clavicle_L": {
            "children": [
                "bird_nest0_0",
                "bicep_L"
            ],
            "jointId": "clavicle_L",
            "matrix": [
                0.047921471297740964,
                0.9923108816146846,
                -0.11411596834659576,
                0,
                0.005505103190472704,
                0.11398308964140477,
                0.9934672111043206,
                0,
                0.9988359187906887,
                -0.048236645306327236,
                -5.364418026454487e-7,
                0,
                12.796932220458984,
                5.824744224548336,
                -7.266937255859375,
                1
            ],
            "name": "clavicle_L"
        },
        "clavicle_R": {
            "children": [
                "bicep_R"
            ],
            "jointId": "clavicle_R",
            "matrix": [
                -0.00797885656356817,
                0.9473564624786371,
                -0.3200809061527251,
                0,
                0.002694851136341214,
                -0.3200695841075318,
                -0.9473901283980586,
                0,
                -0.9999645359198772,
                -0.008421662129923912,
                8.046626953639446e-7,
                0,
                12.796932220458984,
                -5.824745178222655,
                -7.2669601440429545,
                1
            ],
            "name": "clavicle_R"
        },
        "elbow_L": {
            "children": [
                "wrist_L"
            ],
            "jointId": "elbow_L",
            "matrix": [
                0.6031321287155151,
                2.980232233218416e-8,
                -0.797641396522522,
                0,
                -4.928147575022912e-7,
                0.9999998211859802,
                -3.3527610010519737e-7,
                0,
                0.7976412540806077,
                5.953052395202274e-7,
                0.6031320210088719,
                0,
                30.03398132324218,
                0.00000762939453125,
                3.552713678800501e-15,
                1
            ],
            "name": "elbow_L"
        },
        "elbow_R": {
            "children": [
                "wrist_R"
            ],
            "jointId": "elbow_R",
            "matrix": [
                0.760305523872375,
                -5.960464477539063e-8,
                -0.6495662927627561,
                0,
                -7.437389681896889e-8,
                1.0000001192093024,
                -1.788139837033409e-7,
                0,
                0.6495661664404909,
                1.8426397810356043e-7,
                0.7603053760144459,
                0,
                -33.510780334472656,
                0.00000762939453125,
                -0.000030517578121447286,
                1
            ],
            "name": "elbow_R"
        },
        "head": {
            "children": [
                "jaw1_0"
            ],
            "jointId": "head",
            "matrix": [
                0.8573497533798219,
                -1.2120235926005373e-9,
                -0.5147343873977661,
                0,
                -1.0353848860806357e-9,
                0.99999988079071,
                -4.0792114851031316e-9,
                0,
                0.5147342611088476,
                4.030258657424251e-9,
                0.8573495430309975,
                0,
                35.66331481933594,
                -0.0000019073486328125,
                -2.0996246337890625,
                1
            ],
            "name": "head"
        },
        "index_0_L": {
            "children": [
                "index_1_L"
            ],
            "jointId": "index_0_L",
            "matrix": [
                0.9538927078247073,
                0.1888354867696762,
                -0.2333010733127594,
                0,
                0.2288596793425579,
                0.04530594988358747,
                0.9724042290867128,
                0,
                0.19419444719907036,
                -0.9809629895119865,
                1.862645124112161e-7,
                0,
                14.897981643676761,
                -1.399253845214858,
                -7.030479431152337,
                1
            ],
            "name": "index_0_L"
        },
        "index_1_L": {
            "children": [
                "index_2_L"
            ],
            "jointId": "index_1_L",
            "matrix": [
                1.000000238418579,
                -5.36441802756471e-7,
                -1.4901161096703142e-8,
                0,
                5.364419450870628e-7,
                1.0000004768371584,
                9.536743163923722e-7,
                0,
                1.4900651212901295e-8,
                -9.536742106713847e-7,
                1.0000003576278909,
                0,
                4.51605224609375,
                -0.000003814697272730427,
                0.000011444091811085855,
                1
            ],
            "name": "index_1_L"
        },
        "index_2_L": {
            "children": [],
            "jointId": "index_2_L",
            "matrix": [
                1.0000000000000002,
                -5.9604644719879474e-8,
                -1.1920928957853683e-7,
                0,
                5.960462601262151e-8,
                0.9999998807907104,
                -9.685754778776534e-8,
                0,
                1.1920928108533069e-7,
                9.685754071009356e-8,
                0.9999998807907089,
                0,
                4.342577934265131,
                0,
                0.000011444091803980427,
                1
            ],
            "name": "index_2_L"
        },
        "jaw1_0": {
            "children": [],
            "jointId": "jaw1_0",
            "matrix": [
                1.0000000000000002,
                4.6565490352534503e-10,
                -5.960464477539068e-8,
                0,
                -4.6565512556995543e-10,
                1.0000000000000002,
                -3.725290298461914e-9,
                0,
                5.960463766822876e-8,
                3.7252898821279225e-9,
                0.9999998807907143,
                0,
                8.1054286956787,
                0.000003814697266069089,
                -2.0022048950195455,
                1
            ],
            "name": "jaw1_0"
        },
        "knee_L": {
            "children": [],
            "jointId": "knee_L",
            "matrix": [
                0.8040095567703246,
                -4.4703483609298544e-8,
                -0.5946165323257445,
                0,
                -2.1990841259089677e-7,
                1.0000000000000202,
                -3.7252907864049334e-7,
                0,
                0.5946163898476441,
                4.3027801401376853e-7,
                0.8040093641188133,
                0,
                28.619216918945312,
                0.0000095367431640625,
                0.0000019073486257070726,
                1
            ],
            "name": "knee_L"
        },
        "knee_R": {
            "children": [
                "ankle_R"
            ],
            "jointId": "knee_R",
            "matrix": [
                0.4933955371379853,
                -4.470348355378739e-8,
                -0.8698050975799565,
                0,
                -3.0343436827062753e-7,
                0.999999821186107,
                -2.2351747444582237e-7,
                0,
                0.8698052651682802,
                3.7421142368154747e-7,
                0.49339563220217203,
                0,
                -33.58198547363281,
                -0.000007629394534802714,
                -0.000015258789058947286,
                1
            ],
            "name": "knee_R"
        },
        "mid_0_L": {
            "children": [
                "mid_1_L"
            ],
            "jointId": "mid_0_L",
            "matrix": [
                0.9640245437622071,
                0.21787053346633925,
                0.15227767825126637,
                0,
                -0.14853154418710024,
                -0.033569061582866905,
                0.9883376552796704,
                0,
                0.22044156733576548,
                -0.9754002223510833,
                -7.52508655110784e-7,
                0,
                14.62526035308838,
                -3.399780273437514,
                1.5041694641113281,
                1
            ],
            "name": "mid_0_L"
        },
        "mid_1_L": {
            "children": [
                "mid_2_L"
            ],
            "jointId": "mid_1_L",
            "matrix": [
                1.000000238418579,
                -4.768371584806808e-7,
                4.544854164123535e-7,
                0,
                4.768375949093517e-7,
                1.0000002384186093,
                -9.611248970309294e-7,
                0,
                -4.5448495801514444e-7,
                9.61125113663197e-7,
                1.0000002384185438,
                0,
                5.945257186889648,
                -0.0000057220458984375,
                0,
                1
            ],
            "name": "mid_1_L"
        },
        "mid_2_L": {
            "children": [],
            "jointId": "mid_2_L",
            "matrix": [
                0.9999996423721309,
                1.490116118829654e-7,
                -1.4901161096703142e-8,
                0,
                -1.4901163031266762e-7,
                0.9999997615814313,
                -2.980232247096204e-8,
                0,
                1.4901158432167882e-8,
                2.9802324594263574e-8,
                0.9999997615814205,
                0,
                4.505826950073246,
                -0.0000152587890625,
                0.0000152587890625,
                1
            ],
            "name": "mid_2_L"
        },
        "neck1": {
            "children": [],
            "jointId": "neck1",
            "matrix": [
                0.9765541553497314,
                -5.763922672485933e-10,
                -0.21527221798896795,
                0,
                1.0024053054472654e-8,
                0.9999998807907099,
                4.2795296816825074e-8,
                0,
                0.2152721638245942,
                -4.394981925123729e-8,
                0.9765539096401612,
                0,
                26.13872528076172,
                0.0000019073486323684108,
                -0.0000152587890625,
                1
            ],
            "name": "neck1"
        },
        "ring_0_L": {
            "children": [
                "ring_1_L"
            ],
            "jointId": "ring_0_L",
            "matrix": [
                0.8902032375335693,
                0.251952439546585,
                0.37954914569854736,
                0,
                -0.36520338966824045,
                -0.10336357073548103,
                0.9251712133396475,
                0,
                0.2723308484103207,
                -0.9622035712471763,
                -7.003545438311054e-7,
                0,
                11.15971469879151,
                -0.6411285400390767,
                10.697610855102539,
                1
            ],
            "name": "ring_0_L"
        },
        "ring_1_L": {
            "children": [
                "ring_2_L"
            ],
            "jointId": "ring_1_L",
            "matrix": [
                1.0000002384185793,
                -4.172325134277344e-7,
                -2.0861625665835604e-7,
                0,
                4.1723263149995304e-7,
                1.0000004768371997,
                8.940696707981921e-8,
                0,
                2.0861624425161374e-7,
                -8.94070435880634e-8,
                1.0000003576278518,
                0,
                4.941238403320316,
                0.000002861022950995107,
                0.000003814697265625,
                1
            ],
            "name": "ring_1_L"
        },
        "ring_2_L": {
            "children": [],
            "jointId": "ring_2_L",
            "matrix": [
                0.9999998211860657,
                -5.662441253106998e-7,
                2.9802322359939737e-8,
                0,
                5.662440384357481e-7,
                0.9999996423720349,
                -4.842877388000488e-7,
                0,
                -2.9802044693161278e-8,
                4.842877846106264e-7,
                0.999999701976761,
                0,
                3.737102508544922,
                -0.000013351440431463857,
                0.0000152587890625,
                1
            ],
            "name": "ring_2_L"
        },
        "root": {
            "children": [
                "spine1",
                "thigh_R",
                "thigh_L",
                "char_origin"
            ],
            "jointId": "root",
            "matrix": [
                -1.629206851037603e-7,
                -1.0000000000000002,
                0,
                0,
                1.0000000000000002,
                -1.629206851037603e-7,
                0,
                0,
                0,
                0,
                1,
                0,
                1.4749152660369873,
                14.056299209594727,
                59.5331916809082,
                1
            ],
            "name": "root"
        },
        "spine1": {
            "children": [
                "spine2"
            ],
            "jointId": "spine1",
            "matrix": [
                0.24164457619190222,
                0.008810098282992842,
                0.970324695110321,
                0,
                -0.002128540673017341,
                0.9999613165391813,
                -0.00854910445015465,
                0,
                -0.9703626167377285,
                4.69142169515041e-7,
                0.24165401573563522,
                0,
                1.2699899673461896,
                0,
                10.754329681396484,
                1
            ],
            "name": "spine1"
        },
        "spine2": {
            "children": [
                "spine3"
            ],
            "jointId": "spine2",
            "matrix": [
                0.9775464534759521,
                0.0514018125832081,
                -0.20435516536235807,
                0,
                -0.049944382736730186,
                0.9986764793967082,
                0.01228658451289632,
                0,
                0.20471624969969915,
                -0.0018043145219005744,
                0.9788198819014877,
                0,
                15.219337463378892,
                0.0000010132789610706183,
                0.0000019073486328125,
                1
            ],
            "name": "spine2"
        },
        "spine3": {
            "children": [
                "clavicle_R",
                "clavicle_L",
                "head",
                "neck1"
            ],
            "jointId": "spine3",
            "matrix": [
                0.8350389003753663,
                -0.05020285025238991,
                -0.5478957891464233,
                0,
                0.06001201580854289,
                0.9981976754614673,
                -1.3385775515193155e-9,
                0,
                0.546908341116158,
                -0.032880331922162595,
                0.8365467215317468,
                0,
                13.405731201171875,
                -0.000004291534423828125,
                -0.0000038146972585195726,
                1
            ],
            "name": "spine3"
        },
        "thigh_L": {
            "children": [
                "knee_L"
            ],
            "jointId": "thigh_L",
            "matrix": [
                0.4747229516506197,
                0.2646835446357727,
                -0.8393930792808534,
                0,
                -0.2635221691733581,
                0.9527019895940139,
                0.1513766562393011,
                0,
                0.8397583572456098,
                0.14933671031126886,
                0.5220194765362517,
                0,
                3.6705102920532227,
                15.811771392822264,
                -5.320182800292969,
                1
            ],
            "name": "thigh_L"
        },
        "thigh_R": {
            "children": [
                "knee_R"
            ],
            "jointId": "thigh_R",
            "matrix": [
                -0.5278860330581668,
                0.2663455307483673,
                0.8064714074134826,
                0,
                0.03716586085624467,
                0.9558897659590846,
                -0.2913651073536892,
                0,
                -0.8485015736406498,
                -0.12383436871021863,
                -0.5144998263788734,
                0,
                3.670515060424803,
                -11.571504592895504,
                -5.320182800292969,
                1
            ],
            "name": "thigh_R"
        },
        "thumb_2_L": {
            "children": [],
            "jointId": "thumb_2_L",
            "matrix": [
                0.6045441627502443,
                0.13180030882358557,
                -0.7855920195579528,
                0,
                0.7925055828685306,
                -6.787930473935383e-7,
                0.6098643095618581,
                0,
                0.0803797877247049,
                -0.9912761749631079,
                -0.1044529125482959,
                0,
                7.291120529174808,
                2.6090507507324148,
                -14.648395538330085,
                1
            ],
            "name": "thumb_2_L"
        },
        "tiny_02_model_LOD0": {
            "children": [],
            "instanceSkin": {
                "skeletons": [
                    "root"
                ],
                "skin": "skin_0",
                "sources": [
                    "tiny_02_model_LOD0-mesh"
                ]
            },
            "matrix": [
                1,
                0,
                0,
                0,
                0,
                1,
                0,
                0,
                0,
                0,
                1,
                0,
                0,
                0,
                0,
                1
            ],
            "name": "tiny_02_model_LOD0"
        },
        "wrist_L": {
            "children": [
                "index_0_L",
                "ring_0_L",
                "mid_0_L",
                "Tree_1",
                "thumb_2_L"
            ],
            "jointId": "wrist_L",
            "matrix": [
                0.8672838211059571,
                0.44795554876327526,
                -0.2171523869037631,
                0,
                -0.44796285957552157,
                0.8925352495777797,
                0.052061030091193866,
                0,
                0.2171371416059779,
                0.052124504161002616,
                0.9747486258823422,
                0,
                35.383102416992195,
                -0.00000762939453125,
                -0.000015258789069605427,
                1
            ],
            "name": "wrist_L"
        },
        "wrist_R": {
            "children": [],
            "jointId": "wrist_R",
            "matrix": [
                0.2897813022136687,
                -0.8715257644653319,
                0.39556241035461426,
                0,
                0.8508730830794157,
                0.42382515775433094,
                0.31046285330316475,
                0,
                -0.43822572547118,
                0.24660710526885948,
                0.8643745168457087,
                0,
                -65.75965881347658,
                0.000030517578139210855,
                0.000006198883057528803,
                1
            ],
            "name": "wrist_R"
        }
    },
    "samplers": {
        "sampler_0": {
            "magFilter": 9729,
            "minFilter": 9987,
            "wrapS": 10497,
            "wrapT": 10497
        }
    },
    "scene": "scene_0",
    "scenes": {
        "scene_0": {
            "nodes": [
                "root",
                "tiny_02_model_LOD0"
            ]
        }
    },
    "shaders": {},
    "skins": {
        "skin_0": {
            "bindShapeMatrix": [
                1,
                0,
                0,
                0,
                0,
                1,
                0,
                0,
                0,
                0,
                1,
                0,
                0,
                0,
                0,
                1
            ],
            "inverseBindMatrices": {
                "bufferView": "bufferView_8",
                "byteOffset": 0,
                "count": 29,
                "type": 5126
            },
            "joints": [
                "head",
                "jaw1_0",
                "root",
                "spine3",
                "spine2",
                "spine1",
                "clavicle_R",
                "clavicle_L",
                "neck1",
                "mid_1_L",
                "mid_2_L",
                "mid_0_L",
                "ring_1_L",
                "ring_2_L",
                "ring_0_L",
                "wrist_L",
                "index_0_L",
                "index_1_L",
                "index_2_L",
                "thigh_L",
                "ankle_R",
                "knee_R",
                "thigh_R",
                "knee_L",
                "thumb_2_L",
                "elbow_L",
                "bicep_L",
                "bicep_R",
                "elbow_R"
            ]
        }
    },
    "techniques": {
        "technique_0": {
            "parameters": {},
            "pass": "defaultPass",
            "passes": {
                "defaultPass": {
                    "instanceProgram": {
                        "attributes": {},
                        "program": "",
                        "uniforms": {}
                    },
                    "states": {
                        "blendEnable": false,
