{
    "animations": {},
    "asset": {},
    "attributes": {
        "attribute_1": {
            "bufferView": "bufferView_7",
            "byteOffset": 0,
            "byteStride": 12,
            "count": 2169,
            "max": [
                1,
                1,
                1
            ],
            "min": [
                0,
                0,
                0
            ],
            "type": "FLOAT_VEC3"
        },
        "attribute_2": {
            "bufferView": "bufferView_7",
            "byteOffset": 26028,
            "byteStride": 12,
            "count": 2169,
            "max": [
                1,
                1,
                1
            ],
            "min": [
                0,
                0,
                0
            ],
            "type": "FLOAT_VEC3"
        },
        "attribute_3": {
            "bufferView": "bufferView_7",
            "byteOffset": 52056,
            "byteStride": 8,
            "count": 2169,
            "max": [
                1,
                1,
                1
            ],
            "min": [
                0,
                0,
                0
            ],
            "type": "FLOAT_VEC2"
        },
        "attribute_4": {
            "bufferView": "bufferView_7",
            "byteOffset": 69408,
            "byteStride": 16,
            "count": 2169,
            "max": [
                1,
                1,
                1
            ],
            "min": [
                0,
                0,
                0
            ],
            "type": "FLOAT_VEC4"
        },
        "attribute_5": {
            "bufferView": "bufferView_7",
            "byteOffset": 104112,
            "byteStride": 12,
            "count": 2169,
            "max": [
                1,
                1,
                1
            ],
            "min": [
                0,
                0,
                0
            ],
            "type": "FLOAT_VEC3"
        }
    },
    "bufferViews": {
        "bufferView_7": {
            "buffer": "tiny_02.bin",
            "byteLength": 130140,
            "byteOffset": 0,
            "target": "ARRAY_BUFFER"
        },
        "bufferView_8": {
            "buffer": "tiny_02.bin",
            "byteLength": 25524,
            "byteOffset": 130140,
            "target": "ELEMENT_ARRAY_BUFFER"
        }
    },
    "buffers": {
        "tiny_02.bin": {
            "byteLength": 155664,
            "path": "tiny_02.bin"
        }
    },
    "cameras": {},
    "images": {
        "image_0": {
            "path": "textures/tiny_02_color.png"
        }
    },
    "indices": {
        "indices_6": {
            "bufferView": "bufferView_8",
            "byteOffset": 0,
            "count": 12762,
            "type": "UNSIGNED_SHORT"
        }
    },
    "lights": {},
    "materials": {
        "Material #35": {
            "instanceTechnique": {
                "technique": "technique_0",
                "values": [
                    {
                        "parameter": "ambient",
                        "value": [
                            0.5879999995231628,
                            0.5879999995231628,
                            0.5879999995231628
                        ]
                    },
                    {
                        "parameter": "emission",
                        "value": [
                            0,
                            0,
                            0
                        ]
                    },
                    {
                        "parameter": "diffuse",
                        "value": "Map #4"
                    },
                    {
                        "parameter": "shininess",
                        "value": 2
                    },
                    {
                        "parameter": "specular",
                        "value": [
                            0.8999999761581421,
                            0.8999999761581421,
                            0.8999999761581421
                        ]
                    }
                ]
            },
            "name": "Material #35"
        }
    },
    "meshes": {
        "tiny_02_model_LOD0-mesh": {
            "name": "tiny_02_model_LOD0-mesh",
            "primitives": [
                {
                    "indices": "indices_6",
                    "material": "Material #35",
                    "semantics": {
                        "JOINT": "attribute_4",
                        "NORMAL": "attribute_2",
                        "POSITION": "attribute_1",
                        "TEXCOORD_0": "attribute_3",
                        "WEIGHT": "attribute_5"
                    },
                    "skin": "skin_0"
                }
            ]
        }
    },
    "nodes": {
        "RootA2_0": {
            "children": [
                "RootA2_1"
            ],
            "matrix": [
                -0.14980299770832062,
                -0.9855759739875795,
                0.07873369753360746,
                0,
                0.9887157599198855,
                -0.14932722640005788,
                0.01192955678167309,
                0,
                -3.9986741712802823e-7,
                0.07963232980648469,
                0.9968241498513106,
                0,
                -13.56247520446777,
                0.06822586059570315,
                16.448612213134766,
                1
            ],
            "name": "RootA2_0"
        },
        "RootA2_1": {
            "children": [],
            "matrix": [
                0.9157538414001468,
                -0.32655799388885487,
                0.23399707674980147,
                0,
                0.3057755689848011,
                0.9443524306558178,
                0.1212437512850457,
                0,
                -0.2605687913299717,
                -0.03947883669273192,
                0.9646477000194488,
                0,
                16.155555725097653,
                -0.000011444091796875,
                0.0000209808349609375,
                1
            ],
            "name": "RootA2_1"
        },
        "RootB3_0": {
            "children": [],
            "matrix": [
                6.071532165918825e-17,
                -3.469446951953614e-18,
                -0.9999998807911956,
                0,
                0.9999999999999999,
                0.000002069398760854574,
                6.049848122469115e-17,
                0,
                0.0000020693987608580433,
                -1.0000000000004303,
                0,
                0,
                -12.821180343627928,
                3.795879364013672,
                -20.777709960937496,
                1
            ],
            "name": "RootB3_0"
        },
        "RootC4_0": {
            "children": [],
            "matrix": [
                0.20745563507080084,
                -0.4900195598602297,
                0.8466654419898988,
                0,
                0.9782444817846175,
                0.10391782492230804,
                -0.17955210624373896,
                0,
                4.1290518618813943e-7,
                0.8654951586296954,
                0.5009174226322508,
                0,
                22.76577568054199,
                0.36794275045394886,
                -14.290352821350096,
                1
            ],
            "name": "RootC4_0"
        },
        "RootD5_0": {
            "children": [],
            "matrix": [
                6.071532165918825e-17,
                -3.469446951953614e-18,
                -0.9999998807911956,
                0,
                0.9999999999999999,
                0.000002069398760854574,
                6.049848122469115e-17,
                0,
                0.0000020693987608580433,
                -1.0000000000004303,
                0,
                0,
                15.082667350769045,
                -1.5102443695068355,
                17.463642120361328,
                1
            ],
            "name": "RootD5_0"
        },
        "Tree_1": {
            "children": [
                "TrunkA6_0",
                "RootB3_0",
                "RootC4_0",
                "TrunkB7_0",
                "RootA2_0",
                "RootD5_0"
            ],
            "matrix": [
                -0.18715539574623097,
                -0.9580720067024228,
                0.21695834398269642,
                0,
                -0.7259492755763888,
                -0.013899626067493264,
                -0.6876074174542159,
                0,
                0.6617932617263125,
                -0.2861902790261656,
                -0.6929105023807584,
                0,
                23.669231414794915,
                64.53597259521484,
                34.754833221435554,
                1
            ],
            "name": "Tree_1"
        },
        "TrunkA6_0": {
            "children": [
                "TrunkA6_1"
            ],
            "matrix": [
                -0.0006138179451226043,
                0.9843949675559996,
                0.17597468197345734,
                0,
                0.3158712206430551,
                -0.16677424820990489,
                0.9340299197366112,
                0,
                0.948802234727257,
                0.05615865226962055,
                -0.31083961753739264,
                0,
                -6.341848850250243,
                88.67522430419922,
                11.859864234924315,
                1
            ],
            "name": "TrunkA6_0"
        },
        "TrunkA6_1": {
            "children": [],
            "matrix": [
                0.985764980316162,
                5.21540641784668e-7,
                -0.16812723875045776,
                0,
                -5.931248880652884e-7,
                0.9999998807906784,
                -3.7555582598413836e-7,
                0,
                0.16812728856403025,
                4.699304263118542e-7,
                0.9857652723849597,
                0,
                35.02973175048828,
                0.00003147125244318261,
                -0.000030994415283203125,
                1
            ],
            "name": "TrunkA6_1"
        },
        "TrunkB7_0": {
            "children": [
                "TrunkB7_1"
            ],
            "matrix": [
                -0.025925934314727703,
                0.9949971437454226,
                0.09648186713457108,
                0,
                0.3054029704674485,
                0.09978350073293776,
                -0.9469804387480849,
                0,
                -0.9518700751900001,
                0.004914495882827864,
                -0.3064620460822167,
                0,
                0.47063994407653775,
                92.01393127441406,
                -3.749641895294189,
                1
            ],
            "name": "TrunkB7_0"
        },
        "TrunkB7_1": {
            "children": [
                "TrunkB7_2",
                "TrunkC8_0"
            ],
            "matrix": [
                0.9965182542800902,
                4.321336746562765e-7,
                -0.08337636291980746,
                0,
                -3.449980637837413e-7,
                1.0000002384186095,
                0.000001059495836589321,
                0,
                0.08337637731102858,
                -0.0000010270421900949664,
                0.9965184262793269,
                0,
                36.03263854980469,
                0.000004768371583807607,
                -0.00002288818359330591,
                1
            ],
            "name": "TrunkB7_1"
        },
        "TrunkB7_2": {
            "children": [],
            "matrix": [
                0.9985126256942751,
                -0.026248194277286585,
                0.047786548733711215,
                0,
                0.02621819218451453,
                0.9996551921740019,
                0.0012544905826688303,
                0,
                -0.047803004357240685,
                2.5223295036088875e-7,
                0.9988566088642861,
                0,
                36.828605651855455,
                -0.00001239776611328125,
                0.0000152587890625,
                1
            ],
            "name": "TrunkB7_2"
        },
        "TrunkC8_0": {
            "children": [
                "TrunkC8_1"
            ],
            "matrix": [
                0.8685244321823119,
                0.15653909742832192,
                0.47027719020843506,
                0,
                0.3846819808378004,
                0.3854128596365171,
                -0.8387348746127044,
                0,
                -0.3125457103876908,
                0.9093689890750822,
                0.27452274436093194,
                0,
                0.06905364990234375,
                4.758440971374512,
                8.920226097106937,
                1
            ],
            "name": "TrunkC8_0"
        },
        "TrunkC8_1": {
            "children": [],
            "matrix": [
                0.895049512386322,
                0.33747732639312755,
                -0.29154106974601746,
                0,
                -0.3528035388372204,
                0.9356977044923591,
                4.26080089375655e-7,
                0,
                0.27279433437183315,
                0.10285629483593496,
                0.9565585513840104,
                0,
                48.142028808593764,
                0.00004959106446023043,
                -0.000028610229499292927,
                1
            ],
            "name": "TrunkC8_1"
        },
        "ankle_R": {
            "children": [],
            "matrix": [
                0.2083332240581509,
                -0.22208389639854403,
                0.9525105953216553,
                0,
                0.23912466402467056,
                0.9558895593190796,
                0.17057035003093246,
                0,
                -0.9483759860385261,
                0.19223333044938484,
                0.25224932406496237,
                0,
                -19.913381576538086,
                -0.0000019073486363652137,
                7.152557355283307e-7,
                1
            ],
            "name": "ankle_R"
        },
        "bicep_L": {
            "children": [
                "elbow_L"
            ],
            "matrix": [
                0.36288052797317516,
                -0.5724378824234011,
                -0.7352773547172549,
                0,
                -0.9025937625336576,
                -0.4120480605944187,
                -0.12466286530124127,
                0,
                -0.2316077383342694,
                0.7088941038654922,
                -0.6662027259590706,
                0,
                31.361436843872074,
                -0.00000762939453125,
                0.000007629394538355427,
                1
            ],
            "name": "bicep_L"
        },
        "bicep_R": {
            "children": [
                "elbow_R"
            ],
            "matrix": [
                0.251834988594055,
                -0.7289928197860718,
                -0.6365124583244324,
                0,
                -0.9047498372287707,
                0.05611515659246652,
                -0.42223087334933895,
                0,
                0.3435213086331938,
                0.6822171245069586,
                -0.6454244454863782,
                0,
                -28.211956024169922,
                -0.00002288818359375,
                0.00000762939453125,
                1
            ],
            "name": "bicep_R"
        },
        "bird_nest0_0": {
            "children": [],
            "matrix": [
                0.09982512146234514,
                -0.5066524744033816,
                0.8563511967658995,
                0,
                0.9923109389246527,
                0.11398248990341034,
                -0.04823727649864925,
                0,
                -0.07316953815816686,
                0.8545823260225021,
                0.5141353334443228,
                0,
                33.20790100097656,
                10.020706176757798,
                2.0576210021972727,
                1
            ],
            "name": "bird_nest0_0"
        },
        "char_origin": {
            "children": [],
            "matrix": [
                -2.82129974432503e-7,
                1.0000000000000002,
                0,
                0,
                4.37113884475485e-8,
                1.233229290511606e-14,
                0.9999999999999999,
                0,
                0.9999999999999999,
                2.8212997443250287e-7,
                -4.371138844755195e-8,
                0,
                14.056302070617674,
                -1.4749156236648557,
                -59.5331916809082,
                1
            ],
            "name": "char_origin"
        },
        "clavicle_L": {
            "children": [
                "bird_nest0_0",
                "bicep_L"
            ],
            "matrix": [
                0.04792147129774096,
                0.9923108816146846,
                -0.11411596834659571,
                0,
                0.005505103190472649,
                0.11398308964140476,
                0.9934672111043203,
                0,
                0.9988359187906884,
                -0.04823664530632724,
                -5.364418027009599e-7,
                0,
                12.796932220458984,
                5.824744224548339,
                -7.266937255859361,
                1
            ],
            "name": "clavicle_L"
        },
        "clavicle_R": {
            "children": [
                "bicep_R"
            ],
            "matrix": [
                -0.007978856563568199,
                0.9473564624786371,
                -0.3200809061527251,
                0,
                0.0026948511363412697,
                -0.3200695841075318,
                -0.9473901283980584,
                0,
                -0.999964535919877,
                -0.00842166212992391,
                8.046626954194558e-7,
                0,
                12.796932220458984,
                -5.8247451782226545,
                -7.2669601440429545,
                1
            ],
            "name": "clavicle_R"
        },
        "elbow_L": {
            "children": [
                "wrist_L"
            ],
            "matrix": [
                0.6031321287155154,
                2.980232233218416e-8,
                -0.7976413965225222,
                0,
                -4.928147573912689e-7,
                0.9999998211859803,
                -3.3527610011907516e-7,
                0,
                0.7976412540806086,
                5.95305239547983e-7,
                0.6031320210088723,
                0,
                30.033981323242188,
                0.000007629394517039145,
                1.7763568394002505e-15,
                1
            ],
            "name": "elbow_L"
        },
        "elbow_R": {
            "children": [
                "wrist_R"
            ],
            "matrix": [
                0.760305523872375,
                -5.960464477539063e-8,
                -0.6495662927627561,
                0,
                -7.437389681896889e-8,
                1.0000001192093024,
                -1.788139837033409e-7,
                0,
                0.6495661664404909,
                1.8426397810356043e-7,
                0.7603053760144459,
                0,
                -33.51078033447266,
                0.00000762939453125,
                -0.000030517578121447286,
                1
            ],
            "name": "elbow_R"
        },
        "head": {
            "children": [
                "jaw1_0"
            ],
            "matrix": [
                0.8573497533798216,
                -1.2120235926005202e-9,
                -0.5147343873977659,
                0,
                -1.0353848860806291e-9,
                0.99999988079071,
                -4.079211485103118e-9,
                0,
                0.5147342611088475,
                4.030258657424225e-9,
                0.8573495430309973,
                0,
                35.66331481933594,
                -0.0000019073486328125,
                -2.0996246337890483,
                1
            ],
            "name": "head"
        },
        "index_0_L": {
            "children": [
                "index_1_L"
            ],
            "matrix": [
                0.9538927078247069,
                0.1888354867696762,
                -0.23330107331275923,
                0,
                0.22885967934255785,
                0.04530594988358742,
                0.9724042290867125,
                0,
                0.19419444719907036,
                -0.9809629895119865,
                1.8626451246672726e-7,
                0,
                14.89798164367675,
                -1.3992538452148438,
                -7.0304794311523295,
                1
            ],
            "name": "index_0_L"
        },
        "index_1_L": {
            "children": [
                "index_2_L"
            ],
            "matrix": [
                1.0000002384185789,
                -5.364418029230045e-7,
                -1.4901161096703142e-8,
                0,
                5.364419453091074e-7,
                1.0000004768371582,
                9.536743164478834e-7,
                0,
                1.4900651407190324e-8,
                -9.536742107407736e-7,
                1.0000003576278909,
                0,
                4.51605224609375,
                -0.000003814697265625,
                0.000011444091796875,
                1
            ],
            "name": "index_1_L"
        },
        "index_2_L": {
            "children": [],
            "matrix": [
                0.9999999999999996,
                -5.960464488641293e-8,
                -1.192092896201702e-7,
                0,
                5.960462601262151e-8,
                0.99999988079071,
                -9.685754776000977e-8,
                0,
                1.1920928108533069e-7,
                9.68575406684602e-8,
                0.9999998807907082,
                0,
                4.342577934265135,
                0,
                0.000011444091796875,
                1
            ],
            "name": "index_2_L"
        },
        "jaw1_0": {
            "children": [],
            "matrix": [
                1.0000000000000002,
                4.6565490352535e-10,
                -5.960464477539084e-8,
                0,
                -4.6565512556995455e-10,
                1.0000000000000002,
                -3.725290298461914e-9,
                0,
                5.960463766822875e-8,
                3.7252898821279093e-9,
                0.9999998807907143,
                0,
                8.105428695678707,
                0.000003814697265625,
                -2.0022048950195312,
                1
            ],
            "name": "jaw1_0"
        },
        "knee_L": {
            "children": [],
            "matrix": [
                0.8040095567703246,
                -4.4703483609298544e-8,
                -0.5946165323257445,
                0,
                -2.1990841259089677e-7,
                1.0000000000000202,
                -3.7252907864049334e-7,
                0,
                0.5946163898476441,
                4.3027801401376853e-7,
                0.8040093641188133,
                0,
                28.619216918945312,
                0.0000095367431640625,
                0.0000019073486257070726,
                1
            ],
            "name": "knee_L"
        },
        "knee_R": {
            "children": [
                "ankle_R"
            ],
            "matrix": [
                0.49339553713798523,
                -4.470348355378739e-8,
                -0.8698050975799563,
                0,
                -3.034343682983831e-7,
                0.9999998211861071,
                -2.2351747447357795e-7,
                0,
                0.86980526516828,
                3.7421142370930305e-7,
                0.4933956322021719,
                0,
                -33.58198547363281,
                -0.000007629394534802714,
                -0.000015258789058947286,
                1
            ],
            "name": "knee_R"
        },
        "mid_0_L": {
            "children": [
                "mid_1_L"
            ],
            "matrix": [
                0.9640245437622069,
                0.21787053346633917,
                0.15227767825126648,
                0,
                -0.14853154418710007,
                -0.033569061582866946,
                0.9883376552796703,
                0,
                0.22044156733576542,
                -0.9754002223510834,
                -7.525086550413951e-7,
                0,
                14.62526035308837,
                -3.3997802734375,
                1.5041694641113352,
                1
            ],
            "name": "mid_0_L"
        },
        "mid_1_L": {
            "children": [
                "mid_2_L"
            ],
            "matrix": [
                1.0000002384185793,
                -4.768371583696585e-7,
                4.544854163290868e-7,
                0,
                4.768375950758852e-7,
                1.0000002384186093,
                -9.611248969754183e-7,
                0,
                -4.544849580567778e-7,
                9.611251136909527e-7,
                1.0000002384185442,
                0,
                5.945257186889645,
                -0.000005722045894884786,
                1.4210854715202004e-14,
                1
            ],
            "name": "mid_1_L"
        },
        "mid_2_L": {
            "children": [],
            "matrix": [
                0.9999996423721311,
                1.4901161193847656e-7,
                -1.4901161221603232e-8,
                0,
                -1.4901163020164532e-7,
                0.9999997615814317,
                -2.9802322373817525e-8,
                0,
                1.4901158668090275e-8,
                2.980232448324127e-8,
                0.9999997615814203,
                0,
                4.505826950073242,
                -0.0000152587890625,
                0.000015258789076710855,
                1
            ],
            "name": "mid_2_L"
        },
        "neck1": {
            "children": [],
            "matrix": [
                0.9765541553497313,
                -5.763922672485999e-10,
                -0.215272217988968,
                0,
                1.0024053054472654e-8,
                0.9999998807907099,
                4.279529681682505e-8,
                0,
                0.2152721638245942,
                -4.394981925123733e-8,
                0.976553909640161,
                0,
                26.138725280761705,
                0.0000019073486323684108,
                -0.000015258789076710855,
                1
            ],
            "name": "neck1"
        },
        "ring_0_L": {
            "children": [
                "ring_1_L"
            ],
            "matrix": [
                0.8902032375335691,
                0.25195243954658514,
                0.3795491456985474,
                0,
                -0.3652033896682405,
                -0.10336357073548096,
                0.9251712133396472,
                0,
                0.2723308484103206,
                -0.9622035712471759,
                -7.003545437755943e-7,
                0,
                11.159714698791499,
                -0.6411285400390625,
                10.697610855102546,
                1
            ],
            "name": "ring_0_L"
        },
        "ring_1_L": {
            "children": [
                "ring_2_L"
            ],
            "matrix": [
                1.000000238418579,
                -4.172325135387567e-7,
                -2.086162566861116e-7,
                0,
                4.172326315554642e-7,
                1.0000004768371995,
                8.940696714920815e-8,
                0,
                2.0861624419610258e-7,
                -8.940704351867446e-8,
                1.0000003576278518,
                0,
                4.9412384033203125,
                0.000002861022950995107,
                0.000003814697265625,
                1
            ],
            "name": "ring_1_L"
        },
        "ring_2_L": {
            "children": [],
            "matrix": [
                0.9999998211860653,
                -5.662441254772332e-7,
                2.980232241545089e-8,
                0,
                5.662440384912593e-7,
                0.9999996423720348,
                -4.842877387722933e-7,
                0,
                -2.9802044720916854e-8,
                4.842877846106264e-7,
                0.9999997019767609,
                0,
                3.737102508544922,
                -0.0000133514404296875,
                0.000015258789069605427,
                1
            ],
            "name": "ring_2_L"
        },
        "root": {
            "children": [
                "spine1",
                "thigh_R",
                "thigh_L",
                "char_origin"
            ],
            "matrix": [
                -1.629206851037603e-7,
                -1.0000000000000002,
                0,
                0,
                1.0000000000000002,
                -1.629206851037603e-7,
                0,
                0,
                0,
                0,
                1,
                0,
                1.4749152660369873,
                14.056299209594727,
                59.5331916809082,
                1
            ],
            "name": "root"
        },
        "spine1": {
            "children": [
                "spine2"
            ],
            "matrix": [
                0.24164457619190222,
                0.008810098282992842,
                0.970324695110321,
                0,
                -0.002128540673017341,
                0.9999613165391813,
                -0.00854910445015465,
                0,
                -0.9703626167377285,
                4.69142169515041e-7,
                0.24165401573563522,
                0,
                1.2699899673461896,
                0,
                10.754329681396484,
                1
            ],
            "name": "spine1"
        },
        "spine2": {
            "children": [
                "spine3"
            ],
            "matrix": [
                0.9775464534759521,
                0.0514018125832081,
                -0.20435516536235807,
                0,
                -0.049944382736730186,
                0.9986764793967082,
                0.01228658451289632,
                0,
                0.20471624969969915,
                -0.0018043145219005744,
                0.9788198819014877,
                0,
                15.219337463378892,
                0.0000010132789610706183,
                0.0000019073486328125,
                1
            ],
            "name": "spine2"
        },
        "spine3": {
            "children": [
                "clavicle_R",
                "clavicle_L",
                "head",
                "neck1"
            ],
            "matrix": [
                0.8350389003753662,
                -0.050202850252389894,
                -0.5478957891464233,
                0,
                0.06001201580854289,
                0.9981976754614673,
                -1.3385775369633124e-9,
                0,
                0.5469083411161582,
                -0.0328803319221626,
                0.8365467215317468,
                0,
                13.405731201171875,
                -0.000004291534423828125,
                -0.0000038146972585195726,
                1
            ],
            "name": "spine3"
        },
        "thigh_L": {
            "children": [
                "knee_L"
            ],
            "matrix": [
                0.4747229516506197,
                0.2646835446357727,
                -0.8393930792808534,
                0,
                -0.2635221691733581,
                0.9527019895940139,
                0.1513766562393011,
                0,
                0.8397583572456098,
                0.14933671031126886,
                0.5220194765362517,
                0,
                3.6705102920532227,
                15.811771392822264,
                -5.320182800292969,
                1
            ],
            "name": "thigh_L"
        },
        "thigh_R": {
            "children": [
                "knee_R"
            ],
            "matrix": [
                -0.5278860330581668,
                0.2663455307483673,
                0.8064714074134826,
                0,
                0.03716586085624467,
                0.9558897659590846,
                -0.2913651073536892,
                0,
                -0.8485015736406498,
                -0.12383436871021863,
                -0.5144998263788734,
                0,
                3.670515060424803,
                -11.571504592895504,
                -5.320182800292969,
                1
            ],
            "name": "thigh_R"
        },
        "thumb_2_L": {
            "children": [],
            "matrix": [
                0.6045441627502444,
                0.13180030882358554,
                -0.7855920195579528,
                0,
                0.7925055828685303,
                -6.78793047384431e-7,
                0.6098643095618581,
                0,
                0.08037978772470492,
                -0.9912761749631077,
                -0.10445291254829589,
                0,
                7.291120529174798,
                2.609050750732422,
                -14.648395538330064,
                1
            ],
            "name": "thumb_2_L"
        },
        "tiny_02_model_LOD0": {
            "children": [],
            "matrix": [
                1,
                0,
                0,
                0,
                0,
                1,
                0,
                0,
                0,
                0,
                1,
                0,
                0,
                0,
                0,
                1
            ],
            "meshes": [
                "tiny_02_model_LOD0-mesh"
            ],
            "name": "tiny_02_model_LOD0"
        },
        "wrist_L": {
            "children": [
                "index_0_L",
                "ring_0_L",
                "mid_0_L",
                "Tree_1",
                "thumb_2_L"
            ],
            "matrix": [
                0.8672838211059576,
                0.44795554876327554,
                -0.21715238690376304,
                0,
                -0.44796285957552173,
                0.8925352495777797,
                0.05206103009119385,
                0,
                0.21713714160597808,
                0.05212450416100267,
                0.9747486258823421,
                0,
                35.38310241699219,
                -0.00000762939453125,
                -0.000015258789076710855,
                1
            ],
            "name": "wrist_L"
        },
        "wrist_R": {
            "children": [],
            "matrix": [
                0.2897813022136687,
                -0.8715257644653319,
                0.39556241035461426,
                0,
                0.8508730830794157,
                0.42382515775433094,
                0.31046285330316475,
                0,
                -0.43822572547118,
                0.24660710526885948,
                0.8643745168457087,
                0,
                -65.75965881347658,
                0.000030517578125,
                0.000006198883061081517,
                1
            ],
            "name": "wrist_R"
        }
    },
    "samplers": {
        "sampler_0": {
            "magFilter": "LINEAR",
            "minFilter": "LINEAR_MIPMAP_LINEAR",
            "wrapS": "REPEAT",
            "wrapT": "REPEAT"
        }
    },
    "scene": "scene_0",
    "scenes": {
        "scene_0": {
            "nodes": [
                "tiny_02_model_LOD0"
            ]
        }
    },
    "shaders": {},
    "skins": {
        "skin_0": {
            "bindShapeMatrix": [],
            "inverseBindMatrices": {},
            "joints": [
                "head",
                "jaw1_0",
                "root",
                "spine3",
                "spine2",
                "spine1",
                "clavicle_R",
                "clavicle_L",
                "neck1",
                "mid_1_L",
                "mid_2_L",
                "mid_0_L",
                "ring_1_L",
                "ring_2_L",
                "ring_0_L",
                "wrist_L",
                "index_0_L",
                "index_1_L",
                "index_2_L",
                "thigh_L",
                "ankle_R",
                "knee_R",
                "thigh_R",
                "knee_L",
                "thumb_2_L",
                "elbow_L",
                "bicep_L",
                "bicep_R",
                "elbow_R"
            ],
            "roots": [
                "root"
            ]
        }
    },
    "techniques": {
        "technique_0": {
            "parameters": {},
            "pass": "defaultPass",
            "passes": {
                "defaultPass": {
                    "instanceProgram": {
                        "attributes": {},
                        "program": "",
                        "uniforms": {}
                    },
                    "states": {
                        "blendEnable": false,
                        "cullFaceEnable": false,
                        "depthMask": true,
                        "depthTestEnable": true
                    }
                }
            }
        }
    },
    "textures": {
        "Map #4": {
            "format": "RGBA",
            "internalFormat": "RGBA",
            "sampler": "sampler_0",
            "source": "image_0",
            "target": "TEXTURE_2D"
        }
    }
}