{
    "accessors": [
        {
            "bufferView": 0,
            "byteOffset": 0,
            "componentType": 5126,
            "count": 2528,
            "max": [
                70.27413940429688,
                29.874134063720703,
                136.84115600585938
            ],
            "min": [
                -83.13040161132812,
                -51.172977447509766,
                -1.6027522087097168
            ],
            "type": "VEC3"
        },
        {
            "bufferView": 0,
            "byteOffset": 30336,
            "componentType": 5126,
            "count": 2528,
            "max": [
                0.9974034428596497,
                0.9990496039390564,
                0.9997856616973877
            ],
            "min": [
                -0.9990979433059692,
                -0.9997386336326599,
                -0.9999796152114868
            ],
            "type": "VEC3"
        },
        {
            "bufferView": 0,
            "byteOffset": 60672,
            "componentType": 5126,
            "count": 2528,
            "max": [
                0.9984133839607239,
                0.9983189702033997
            ],
            "min": [
                0.004038913641124964,
                0.002797245979309082
            ],
            "type": "VEC2"
        },
        {
            "bufferView": 0,
            "byteOffset": 80896,
            "componentType": 5123,
            "count": 2528,
            "max": [
                28,
                17,
                18,
                0
            ],
            "min": [
                0,
                0,
                0,
                0
            ],
            "type": "VEC4"
        },
        {
            "bufferView": 0,
            "byteOffset": 101120,
            "componentType": 5126,
            "count": 2528,
            "max": [
                1,
                0.9778090119361877,
                0.9938585162162781,
                0
            ],
            "min": [
                0.0006554679130204022,
                0,
                0,
                0
            ],
            "type": "VEC4"
        },
        {
            "bufferView": 2,
            "byteOffset": 0,
            "componentType": 5123,
            "count": 12762,
            "max": [
                2527
            ],
            "min": [
                0
            ],
            "type": "SCALAR"
        },
        {
            "bufferView": 1,
            "byteOffset": 0,
            "componentType": 5126,
            "count": 29,
            "max": [
                0.9923109664319931,
                1.000000238418563,
                0.9106851645320289,
                0,
                0.7448775549867532,
                0.8394452255344687,
                0.9703623538282652,
                0,
                0.9703249548794741,
                0.8545827587953532,
                1.0000001192092562,
                0,
                76.47295005404438,
                72.3354239672494,
                59.93186252863428,
                1
            ],
            "min": [
                -0.4262457358275714,
                -0.9569181712576449,
                -0.12383421291232238,
                0,
                -0.9999999999999732,
                -0.4899644927536797,
                -0.9574520377153286,
                0,
                -0.9852813324748398,
                -0.9903122111823736,
                -0.7448776734767445,
                0,
                -76.57912770076753,
                -78.43706890768044,
                -113.66016362764537,
                1
            ],
            "type": "MAT4"
        }
    ],
    "asset": {
        "generator": "ClayGL - fbx2gltf",
        "version": "2.0"
    },
    "bufferViews": [
        {
            "buffer": 0,
            "byteLength": 141568,
            "byteOffset": 0,
            "target": 34962
        },
        {
            "buffer": 0,
            "byteLength": 1856,
            "byteOffset": 141568,
            "target": 34962
        },
        {
            "buffer": 0,
            "byteLength": 25524,
            "byteOffset": 143424,
            "target": 34963
        }
    ],
    "buffers": [
        {
            "byteLength": 168948,
            "uri": "tiny_02.bin"
        }
    ],
    "images": [
        {
            "uri": "textures/tiny_02_color.png"
        }
    ],
    "materials": [
        {
            "emissiveFactor": [
                0,
                0,
                0
            ],
            "name": "Material #35",
            "pbrMetallicRoughness": {
                "baseColorFactor": [
                    1,
                    1,
                    1,
                    1
                ],
                "baseColorTexture": {
                    "index": 0,
                    "texCoord": 0
                },
                "metallicFactor": 0,
                "roughnessFactor": 0.9230769230769231
            }
        }
    ],
    "meshes": [
        {
            "name": "tiny_02_model_LOD0",
            "primitives": [
                {
                    "attributes": {
                        "JOINTS_0": 3,
                        "NORMAL": 1,
                        "POSITION": 0,
                        "TEXCOORD_0": 2,
                        "WEIGHTS_0": 4
                    },
                    "indices": 5,
                    "material": 0
                }
            ]
        }
    ],
    "nodes": [
        {
            "children": [
                1,
                39,
                42,
                44
            ],
            "matrix": [
                1.6292068478213574e-7,
                1.469367938527879e-39,
                1.0000000000000002,
                0,
                1.0000000000000002,
                6.123233995736847e-17,
                -1.6292068478213574e-7,
                0,
                -6.123233995736685e-17,
                1,
                9.976014756666736e-24,
                0,
                1.4749152660369873,
                59.5331916809082,
                -14.056299209594727,
                1
            ],
            "name": "root"
        },
        {
            "children": [
                2
            ],
            "matrix": [
                0.24164457619190224,
                0.008810098282992842,
                0.970324695110321,
                0,
                -0.0021285406730173406,
                0.9999613165391812,
                -0.00854910445015465,
                0,
                -0.9703626167377285,
                4.6914216951497354e-7,
                0.24165401573563522,
                0,
                1.2699899673461896,
                0,
                10.754329681396484,
                1
            ],
            "name": "spine1"
        },
        {
            "children": [
                3
            ],
            "matrix": [
                0.9775464534759519,
                0.05140181258320806,
                -0.2043551653623581,
                0,
                -0.04994438273673016,
                0.9986764793967081,
                0.01228658451289632,
                0,
                0.20471624969969907,
                -0.0018043145219005757,
                0.9788198819014876,
                0,
                15.219337463378906,
                0.0000010132789610706183,
                0.0000019073486292597863,
                1
            ],
            "name": "spine2"
        },
        {
            "children": [
                4,
                8,
                36,
                38
            ],
            "matrix": [
                0.8350389003753664,
                -0.05020285025238992,
                -0.5478957891464236,
                0,
                0.060012015808542915,
                0.9981976754614678,
                -1.3385775402681173e-9,
                0,
                0.5469083411161582,
                -0.03288033192216261,
                0.8365467215317468,
                0,
                13.405731201171875,
                -0.000004291534423384036,
                -0.000003814697272730427,
                1
            ],
            "name": "spine3"
        },
        {
            "children": [
                5
            ],
            "matrix": [
                -0.00797885656356806,
                0.9473564624786374,
                -0.3200809061527251,
                0,
                0.0026948511363413807,
                -0.32006958410753195,
                -0.9473901283980585,
                0,
                -0.9999645359198774,
                -0.008421662129923914,
                8.046626951974112e-7,
                0,
                12.796932220458991,
                -5.824745178222657,
                -7.266960144042969,
                1
            ],
            "name": "clavicle_R"
        },
        {
            "children": [
                6
            ],
            "matrix": [
                0.25183498859405506,
                -0.7289928197860716,
                -0.6365124583244322,
                0,
                -0.9047498372287706,
                0.056115156592466575,
                -0.4222308733493388,
                0,
                0.34352130863319397,
                0.6822171245069589,
                -0.6454244454863783,
                0,
                -28.211956024169922,
                -0.00002288818359375,
                0.000007629394538355427,
                1
            ],
            "name": "bicep_R"
        },
        {
            "children": [
                7
            ],
            "matrix": [
                0.7603055238723754,
                -5.960464490029072e-8,
                -0.6495662927627563,
                0,
                -7.437389681203e-8,
                1.0000001192093027,
                -1.7881398367558532e-7,
                0,
                0.6495661664404913,
                1.8426397804804928e-7,
                0.760305376014446,
                0,
                -33.510780334472656,
                0.000007629394545460855,
                -0.000030517578117894573,
                1
            ],
            "name": "elbow_R"
        },
        {
            "matrix": [
                0.2897813022136688,
                -0.8715257644653321,
                0.39556241035461415,
                0,
                0.8508730830794154,
                0.4238251577543308,
                0.31046285330316475,
                0,
                -0.43822572547117994,
                0.24660710526885946,
                0.8643745168457084,
                0,
                -65.75965881347656,
                0.000030517578110789145,
                0.000006198883056640625,
                1
            ],
            "name": "wrist_R"
        },
        {
            "children": [
                9,
                10
            ],
            "matrix": [
                0.047921471297740964,
                0.9923108816146852,
                -0.11411596834659576,
                0,
                0.005505103190472538,
                0.11398308964140481,
                0.9934672111043206,
                0,
                0.9988359187906886,
                -0.04823664530632724,
                -5.364418025344264e-7,
                0,
                12.796932220458991,
                5.824744224548338,
                -7.266937255859389,
                1
            ],
            "name": "clavicle_L"
        },
        {
            "matrix": [
                0.09982512146234516,
                -0.5066524744033816,
                0.8563511967658997,
                0,
                0.9923109389246525,
                0.11398248990341034,
                -0.04823727649864924,
                0,
                -0.07316953815816687,
                0.8545823260225021,
                0.5141353334443227,
                0,
                33.207901000976555,
                10.020706176757812,
                2.0576210021972656,
                1
            ],
            "name": "bird_nest0_0"
        },
        {
            "children": [
                11
            ],
            "matrix": [
                0.3628805279731751,
                -0.5724378824234011,
                -0.735277354717255,
                0,
                -0.9025937625336578,
                -0.4120480605944187,
                -0.1246628653012414,
                0,
                -0.23160773833426945,
                0.7088941038654925,
                -0.6662027259590708,
                0,
                31.361436843872077,
                -0.00000762939453125,
                0.000007629394538355427,
                1
            ],
            "name": "bicep_L"
        },
        {
            "children": [
                12
            ],
            "matrix": [
                0.6031321287155154,
                2.980232243973702e-8,
                -0.7976413965225222,
                0,
                -4.928147575937979e-7,
                0.9999998211859805,
                -3.352761001225446e-7,
                0,
                0.7976412540806084,
                5.953052396642095e-7,
                0.603132021008872,
                0,
                30.03398132324218,
                0.0000076293945028282906,
                -3.552713678800501e-15,
                1
            ],
            "name": "elbow_L"
        },
        {
            "children": [
                13,
                16,
                19,
                22,
                35
            ],
            "matrix": [
                0.8672838211059573,
                0.44795554876327515,
                -0.21715238690376293,
                0,
                -0.4479628595755217,
                0.8925352495777796,
                0.052061030091193866,
                0,
                0.2171371416059782,
                0.05212450416100258,
                0.974748625882342,
                0,
                35.383102416992195,
                -0.00000762939453125,
                -0.000015258789069605427,
                1
            ],
            "name": "wrist_L"
        },
        {
            "children": [
                14
            ],
            "matrix": [
                0.9538927078247067,
                0.18883548676967624,
                -0.23330107331275934,
                0,
                0.22885967934255774,
                0.04530594988358741,
                0.9724042290867128,
                0,
                0.1941944471990704,
                -0.9809629895119866,
                1.862645124250939e-7,
                0,
                14.897981643676754,
                -1.3992538452148438,
                -7.030479431152337,
                1
            ],
            "name": "index_0_L"
        },
        {
            "children": [
                15
            ],
            "matrix": [
                1.000000238418579,
                -5.364418028119822e-7,
                -1.4901161193847656e-8,
                0,
                5.364419450870628e-7,
                1.0000004768371582,
                9.536743164617612e-7,
                0,
                1.4900651379434748e-8,
                -9.536742107130181e-7,
                1.0000003576278906,
                0,
                4.516052246093757,
                -0.000003814697265625,
                0.000011444091811085855,
                1
            ],
            "name": "index_1_L"
        },
        {
            "matrix": [
                1.0000000000000002,
                -5.960464477539063e-8,
                -1.1920928955078125e-7,
                0,
                5.9604625901599206e-8,
                0.9999998807907106,
                -9.685754784327649e-8,
                0,
                1.1920928105757511e-7,
                9.685754068233798e-8,
                0.9999998807907087,
                0,
                4.34257793426513,
                0,
                0.000011444091803980427,
                1
            ],
            "name": "index_2_L"
        },
        {
            "children": [
                17
            ],
            "matrix": [
                0.8902032375335691,
                0.2519524395465849,
                0.3795491456985475,
                0,
                -0.3652033896682407,
                -0.103363570735481,
                0.9251712133396474,
                0,
                0.2723308484103206,
                -0.962203571247176,
                -7.00354543858861e-7,
                0,
                11.159714698791497,
                -0.6411285400390625,
                10.697610855102543,
                1
            ],
            "name": "ring_0_L"
        },
        {
            "children": [
                18
            ],
            "matrix": [
                1.000000238418579,
                -4.172325133722232e-7,
                -2.086162567138672e-7,
                0,
                4.172326315277086e-7,
                1.0000004768371995,
                8.940696721859709e-8,
                0,
                2.0861624433488046e-7,
                -8.940704343540773e-8,
                1.0000003576278516,
                0,
                4.941238403320305,
                0.000002861022947442393,
                0.000003814697265625,
                1
            ],
            "name": "ring_1_L"
        },
        {
            "matrix": [
                0.9999998211860657,
                -5.662441253106998e-7,
                2.980232241545089e-8,
                0,
                5.662440385467704e-7,
                0.9999996423720354,
                -4.8428773885556e-7,
                0,
                -2.9802044720916854e-8,
                4.842877845967486e-7,
                0.9999997019767615,
                0,
                3.7371025085449148,
                -0.0000133514404296875,
                0.000015258789069605427,
                1
            ],
            "name": "ring_2_L"
        },
        {
            "children": [
                20
            ],
            "matrix": [
                0.9640245437622069,
                0.2178705334663391,
                0.15227767825126654,
                0,
                -0.14853154418710018,
                -0.03356906158286693,
                0.9883376552796708,
                0,
                0.2204415673357654,
                -0.9754002223510834,
                -7.525086549997617e-7,
                0,
                14.625260353088379,
                -3.3997802734375,
                1.5041694641113352,
                1
            ],
            "name": "mid_0_L"
        },
        {
            "children": [
                21
            ],
            "matrix": [
                1.000000238418579,
                -4.7683715814761385e-7,
                4.5448541646786467e-7,
                0,
                4.768375949093517e-7,
                1.0000002384186093,
                -9.611248971141961e-7,
                0,
                -4.5448495800126665e-7,
                9.61125113663197e-7,
                1.0000002384185442,
                0,
                5.945257186889652,
                -0.000005722045894884786,
                0,
                1
            ],
            "name": "mid_1_L"
        },
        {
            "matrix": [
                0.9999996423721311,
                1.4901161193847656e-7,
                -1.490116116609208e-8,
                0,
                -1.4901163020164532e-7,
                0.9999997615814316,
                -2.980232233218416e-8,
                0,
                1.4901158529312397e-8,
                2.980232455263021e-8,
                0.9999997615814206,
                0,
                4.505826950073253,
                -0.0000152587890625,
                0.0000152587890625,
                1
            ],
            "name": "mid_2_L"
        },
        {
            "children": [
                23,
                25,
                26,
                27,
                32,
                34
            ],
            "matrix": [
                -0.18715539574623097,
                -0.9580720067024229,
                0.21695834398269645,
                0,
                -0.7259492755763884,
                -0.013899626067493263,
                -0.6876074174542159,
                0,
                0.6617932617263128,
                -0.2861902790261657,
                -0.6929105023807587,
                0,
                23.669231414794922,
                64.53597259521484,
                34.75483322143555,
                1
            ],
            "name": "Tree_1"
        },
        {
            "children": [
                24
            ],
            "matrix": [
                -0.0006138179451226087,
                0.9843949675560001,
                0.17597468197345734,
                0,
                0.3158712206430551,
                -0.16677424820990494,
                0.9340299197366115,
                0,
                0.9488022347272571,
                0.05615865226962055,
                -0.31083961753739253,
                0,
                -6.341848850250244,
                88.67522430419922,
                11.859864234924318,
                1
            ],
            "name": "TrunkA6_0"
        },
        {
            "matrix": [
                0.9857649803161623,
                5.215406417569124e-7,
                -0.16812723875045774,
                0,
                -5.931248880375328e-7,
                0.9999998807906786,
                -3.7555582610426796e-7,
                0,
                0.16812728856403034,
                4.69930426294507e-7,
                0.9857652723849596,
                0,
                35.02973175048828,
                0.000031471252444958964,
                -0.000030994415282314947,
                1
            ],
            "name": "TrunkA6_1"
        },
        {
            "matrix": [
                6.158268339717665e-17,
                -3.469446951953614e-18,
                -0.9999998807911957,
                0,
                1,
                0.0000020693987608559562,
                6.331740687315346e-17,
                0,
                0.000002069398760866473,
                -1.0000000000004305,
                -3.469446951953614e-18,
                0,
                -12.821180343627931,
                3.7958793640136723,
                -20.777709960937504,
                1
            ],
            "name": "RootB3_0"
        },
        {
            "matrix": [
                0.20745563507080084,
                -0.4900195598602299,
                0.8466654419898988,
                0,
                0.978244481784618,
                0.1039178249223081,
                -0.17955210624373905,
                0,
                4.129051861530113e-7,
                0.8654951586296958,
                0.5009174226322508,
                0,
                22.765775680541992,
                0.36794275045394903,
                -14.2903528213501,
                1
            ],
            "name": "RootC4_0"
        },
        {
            "children": [
                28
            ],
            "matrix": [
                -0.02592593431472772,
                0.9949971437454227,
                0.09648186713457108,
                0,
                0.30540297046744863,
                0.09978350073293778,
                -0.946980438748085,
                0,
                -0.9518700751900003,
                0.0049144958828278625,
                -0.30646204608221683,
                0,
                0.4706399440765377,
                92.01393127441408,
                -3.7496418952941895,
                1
            ],
            "name": "TrunkB7_0"
        },
        {
            "children": [
                29,
                30
            ],
            "matrix": [
                0.9965182542800904,
                4.3213367459382646e-7,
                -0.08337636291980748,
                0,
                -3.449980637976191e-7,
                1.00000023841861,
                0.0000010594958366194618,
                0,
                0.08337637731102862,
                -0.0000010270421901270588,
                0.996518426279327,
                0,
                36.0326385498047,
                0.000004768371583807607,
                -0.000022888183593527955,
                1
            ],
            "name": "TrunkB7_1"
        },
        {
            "matrix": [
                0.998512625694275,
                -0.026248194277286543,
                0.047786548733711284,
                0,
                0.02621819218451449,
                0.9996551921740023,
                0.0012544905826688546,
                0,
                -0.047803004357240705,
                2.5223295019305425e-7,
                0.9988566088642865,
                0,
                36.82860565185548,
                -0.00001239776611328125,
                0.0000152587890625,
                1
            ],
            "name": "TrunkB7_2"
        },
        {
            "children": [
                31
            ],
            "matrix": [
                0.868524432182312,
                0.1565390974283219,
                0.47027719020843517,
                0,
                0.38468198083780036,
                0.38541285963651717,
                -0.8387348746127041,
                0,
                -0.31254571038769074,
                0.9093689890750825,
                0.27452274436093216,
                0,
                0.06905364990234375,
                4.758440971374512,
                8.920226097106934,
                1
            ],
            "name": "TrunkC8_0"
        },
        {
            "matrix": [
                0.8950495123863222,
                0.33747732639312744,
                -0.29154106974601746,
                0,
                -0.35280353883722054,
                0.9356977044923591,
                4.260800893843286e-7,
                0,
                0.27279433437183315,
                0.10285629483593495,
                0.9565585513840106,
                0,
                48.14202880859378,
                0.00004959106446023043,
                -0.000028610229495740214,
                1
            ],
            "name": "TrunkC8_1"
        },
        {
            "children": [
                33
            ],
            "matrix": [
                -0.14980299770832062,
                -0.9855759739875796,
                0.0787336975336075,
                0,
                0.9887157599198854,
                -0.14932722640005797,
                0.011929556781673088,
                0,
                -3.9986741713193136e-7,
                0.07963232980648471,
                0.9968241498513107,
                0,
                -13.562475204467773,
                0.06822586059570321,
                16.448612213134766,
                1
            ],
            "name": "RootA2_0"
        },
        {
            "matrix": [
                0.9157538414001468,
                -0.3265579938888549,
                0.2339970767498017,
                0,
                0.30577556898480107,
                0.9443524306558178,
                0.12124375128504575,
                0,
                -0.26056879132997185,
                -0.039478836692731896,
                0.9646477000194489,
                0,
                16.15555572509766,
                -0.000011444091795098643,
                0.0000209808349609375,
                1
            ],
            "name": "RootA2_1"
        },
        {
            "matrix": [
                6.158268339717665e-17,
                -3.469446951953614e-18,
                -0.9999998807911957,
                0,
                1,
                0.0000020693987608559562,
                6.331740687315346e-17,
                0,
                0.000002069398760866473,
                -1.0000000000004305,
                -3.469446951953614e-18,
                0,
                15.082667350769043,
                -1.5102443695068362,
                17.463642120361328,
                1
            ],
            "name": "RootD5_0"
        },
        {
            "matrix": [
                0.6045441627502441,
                0.13180030882358545,
                -0.7855920195579529,
                0,
                0.7925055828685307,
                -6.787930473955983e-7,
                0.6098643095618584,
                0,
                0.08037978772470503,
                -0.9912761749631078,
                -0.104452912548296,
                0,
                7.291120529174801,
                2.609050750732422,
                -14.648395538330078,
                1
            ],
            "name": "thumb_2_L"
        },
        {
            "children": [
                37
            ],
            "matrix": [
                0.8573497533798219,
                -1.2120235926004778e-9,
                -0.5147343873977659,
                0,
                -1.0353848860806357e-9,
                0.9999998807907104,
                -4.079211485103224e-9,
                0,
                0.5147342611088475,
                4.0302586574242645e-9,
                0.8573495430309975,
                0,
                35.66331481933594,
                -0.000001907348633256589,
                -2.0996246337890483,
                1
            ],
            "name": "head"
        },
        {
            "matrix": [
                0.9999999999999998,
                4.6565490352518884e-10,
                -5.960464477539078e-8,
                0,
                -4.6565512556989965e-10,
                1,
                -3.725290298461899e-9,
                0,
                5.960463766822878e-8,
                3.725289882127951e-9,
                0.9999998807907147,
                0,
                8.105428695678707,
                0.000003814697265625,
                -2.002204895019517,
                1
            ],
            "name": "jaw1_0"
        },
        {
            "matrix": [
                0.9765541553497316,
                -5.763922672486462e-10,
                -0.2152722179889679,
                0,
                1.0024053054472548e-8,
                0.9999998807907098,
                4.27952968168251e-8,
                0,
                0.21527216382459413,
                -4.3949819251237236e-8,
                0.9765539096401614,
                0,
                26.13872528076172,
                0.0000019073486323684108,
                -0.0000152587890625,
                1
            ],
            "name": "neck1"
        },
        {
            "children": [
                40
            ],
            "matrix": [
                -0.5278860330581668,
                0.2663455307483673,
                0.8064714074134827,
                0,
                0.03716586085624466,
                0.9558897659590846,
                -0.2913651073536892,
                0,
                -0.8485015736406497,
                -0.12383436871021866,
                -0.5144998263788734,
                0,
                3.670515060424803,
                -11.571504592895506,
                -5.320182800292969,
                1
            ],
            "name": "thigh_R"
        },
        {
            "children": [
                41
            ],
            "matrix": [
                0.4933955371379853,
                -4.4703483529501264e-8,
                -0.869805097579956,
                0,
                -3.0343436830185255e-7,
                0.9999998211861069,
                -2.2351747450133352e-7,
                0,
                0.8698052651682803,
                3.742114237578753e-7,
                0.493395632202172,
                0,
                -33.58198547363281,
                -0.00000762939453125,
                -0.0000152587890625,
                1
            ],
            "name": "knee_R"
        },
        {
            "matrix": [
                0.20833322405815108,
                -0.22208389639854398,
                0.9525105953216555,
                0,
                0.23912466402467059,
                0.9558895593190798,
                0.1705703500309325,
                0,
                -0.9483759860385264,
                0.19223333044938484,
                0.2522493240649624,
                0,
                -19.913381576538086,
                -0.0000019073486328125,
                7.152557390810443e-7,
                1
            ],
            "name": "ankle_R"
        },
        {
            "children": [
                43
            ],
            "matrix": [
                0.4747229516506197,
                0.26468354463577276,
                -0.8393930792808534,
                0,
                -0.26352216917335813,
                0.9527019895940138,
                0.15137665623930108,
                0,
                0.8397583572456099,
                0.14933671031126888,
                0.5220194765362517,
                0,
                3.670510292053221,
                15.811771392822262,
                -5.320182800292969,
                1
            ],
            "name": "thigh_L"
        },
        {
            "matrix": [
                0.8040095567703248,
                -4.4703483598890204e-8,
                -0.5946165323257445,
                0,
                -2.1990841261865235e-7,
                1.0000000000000204,
                -3.7252907864049334e-7,
                0,
                0.5946163898476438,
                4.302780141074436e-7,
                0.804009364118813,
                0,
                28.61921691894532,
                0.000009536743160509786,
                0.0000019073486257070726,
                1
            ],
            "name": "knee_L"
        },
        {
            "matrix": [
                -2.82129974432503e-7,
                1.0000000000000002,
                7.146635794316746e-32,
                0,
                4.371138844754849e-8,
                1.2332292905116061e-14,
                0.9999999999999999,
                0,
                1,
                2.821299744325029e-7,
                -4.3711388447551945e-8,
                0,
                14.056302070617672,
                -1.474915623664856,
                -59.5331916809082,
                1
            ],
            "name": "char_origin"
        },
        {
            "matrix": [
                1,
                0,
                0,
                0,
                0,
                6.123233995736766e-17,
                -1,
                0,
                0,
                1,
                6.123233995736766e-17,
                0,
                0,
                0,
                0,
                1
            ],
            "mesh": 0,
            "name": "tiny_02_model_LOD0",
            "skin": 0
        }
    ],
    "samplers": [
        {
            "magFilter": 9729,
            "minFilter": 9987,
            "wrapS": 10497,
            "wrapT": 10497
        }
    ],
    "scene": 0,
    "scenes": [
        {
            "nodes": [
                0,
                45
            ]
        }
    ],
    "skins": [
        {
            "inverseBindMatrices": 6,
            "joints": [
                36,
                37,
                0,
                3,
                2,
                1,
                4,
                8,
                38,
                20,
                21,
                19,
                17,
                18,
                16,
                12,
                13,
                14,
                15,
                42,
                41,
                40,
                39,
                43,
                35,
                11,
                10,
                5,
                6
            ]
        }
    ],
    "textures": [
        {
            "format": 6408,
            "internalFormat": 6408,
            "sampler": 0,
            "source": 0,
            "target": 3553
        }
    ]
}