{
    "accessors": {
        "attrbute_1": {
            "bufferView": "bufferView_37",
            "byteOffset": 0,
            "byteStride": 12,
            "count": 3006,
            "max": [
                56.9583740234375,
                87.49285888671875,
                198.6861572265625,
                0
            ],
            "min": [
                -56.958351135253906,
                -19.290925979614258,
                72.45700073242188,
                0
            ],
            "type": 35665
        },
        "attrbute_10": {
            "bufferView": "bufferView_37",
            "byteOffset": 188520,
            "byteStride": 16,
            "count": 255,
            "max": [
                5,
                3,
                -1,
                -1
            ],
            "min": [
                0,
                -1,
                -1,
                -1
            ],
            "type": 35666
        },
        "attrbute_11": {
            "bufferView": "bufferView_37",
            "byteOffset": 192600,
            "byteStride": 12,
            "count": 255,
            "max": [
                1,
                0.2034979909658432,
                0
            ],
            "min": [
                0.7965020537376404,
                0,
                0
            ],
            "type": 35665
        },
        "attrbute_13": {
            "bufferView": "bufferView_37",
            "byteOffset": 195660,
            "byteStride": 12,
            "count": 654,
            "max": [
                6.565776348114014,
                38.60124588012695,
                73.98755645751953,
                0
            ],
            "min": [
                -6.565830230712891,
                -17.302412033081055,
                -101.36373138427734,
                0
            ],
            "type": 35665
        },
        "attrbute_14": {
            "bufferView": "bufferView_37",
            "byteOffset": 203508,
            "byteStride": 12,
            "count": 654,
            "max": [
                0.991304874420166,
                0.9999998807907104,
                0.9918960332870483,
                0
            ],
            "min": [
                -0.990700900554657,
                -0.9995079040527344,
                -0.9918962717056274,
                0
            ],
            "type": 35665
        },
        "attrbute_15": {
            "bufferView": "bufferView_37",
            "byteOffset": 211356,
            "byteStride": 8,
            "count": 654,
            "max": [
                3.8209240436553955,
                0.9917610287666321
            ],
            "min": [
                0.010023999959230423,
                0.01434701681137085
            ],
            "type": 35664
        },
        "attrbute_16": {
            "bufferView": "bufferView_37",
            "byteOffset": 216588,
            "byteStride": 16,
            "count": 654,
            "max": [
                3,
                5,
                6,
                -1
            ],
            "min": [
                0,
                -1,
                -1,
                -1
            ],
            "type": 35666
        },
        "attrbute_17": {
            "bufferView": "bufferView_37",
            "byteOffset": 227052,
            "byteStride": 12,
            "count": 654,
            "max": [
                1,
                0.9998087286949158,
                0.9963423609733582
            ],
            "min": [
                0.0001395377767039463,
                0,
                0
            ],
            "type": 35665
        },
        "attrbute_19": {
            "bufferView": "bufferView_37",
            "byteOffset": 234900,
            "byteStride": 12,
            "count": 564,
            "max": [
                29.679107666015625,
                34.07642364501953,
                140.63790893554688,
                0
            ],
            "min": [
                -29.679189682006836,
                -10.653382301330566,
                -277.4525451660156,
                0
            ],
            "type": 35665
        },
        "attrbute_2": {
            "bufferView": "bufferView_37",
            "byteOffset": 36072,
            "byteStride": 12,
            "count": 3006,
            "max": [
                0.9997922778129578,
                0.9984179139137268,
                0.9997415542602539,
                0
            ],
            "min": [
                -0.9997922778129578,
                -0.9999843239784241,
                -0.9998490810394287,
                0
            ],
            "type": 35665
        },
        "attrbute_20": {
            "bufferView": "bufferView_37",
            "byteOffset": 241668,
            "byteStride": 12,
            "count": 564,
            "max": [
                0.9833190441131592,
                0.9999432563781738,
                0.7245090007781982,
                0
            ],
            "min": [
                -0.9833190441131592,
                -0.9999008178710938,
                -0.8597723841667175,
                0
            ],
            "type": 35665
        },
        "attrbute_21": {
            "bufferView": "bufferView_37",
            "byteOffset": 248436,
            "byteStride": 8,
            "count": 564,
            "max": [
                1.9989609718322754,
                0.9829620122909546
            ],
            "min": [
                0.015406999737024307,
                0.015536010265350342
            ],
            "type": 35664
        },
        "attrbute_22": {
            "bufferView": "bufferView_37",
            "byteOffset": 252948,
            "byteStride": 16,
            "count": 564,
            "max": [
                14,
                15,
                16,
                -1
            ],
            "min": [
                0,
                -1,
                -1,
                -1
            ],
            "type": 35666
        },
        "attrbute_23": {
            "bufferView": "bufferView_37",
            "byteOffset": 261972,
            "byteStride": 12,
            "count": 564,
            "max": [
                1,
                0.9993100762367249,
                0.785136342048645
            ],
            "min": [
                0.00026416691252961755,
                0,
                0
            ],
            "type": 35665
        },
        "attrbute_25": {
            "bufferView": "bufferView_37",
            "byteOffset": 268740,
            "byteStride": 12,
            "count": 599,
            "max": [
                35.42864990234375,
                21.60737419128418,
                180.98114013671875,
                0
            ],
            "min": [
                -37.19741439819336,
                -15.61327838897705,
                115.66912078857422,
                0
            ],
            "type": 35665
        },
        "attrbute_26": {
            "bufferView": "bufferView_37",
            "byteOffset": 275928,
            "byteStride": 12,
            "count": 599,
            "max": [
                0.9982903599739075,
                0.9999998807907104,
                0.9994556307792664,
                0
            ],
            "min": [
                -0.9964281916618347,
                -0.9999951720237732,
                -0.9893403053283691,
                0
            ],
            "type": 35665
        },
        "attrbute_27": {
            "bufferView": "bufferView_37",
            "byteOffset": 283116,
            "byteStride": 8,
            "count": 599,
            "max": [
                1.9935580492019653,
                0.9956409931182861
            ],
            "min": [
                0.00944599974900484,
                0.005774974822998047
            ],
            "type": 35664
        },
        "attrbute_28": {
            "bufferView": "bufferView_37",
            "byteOffset": 287908,
            "byteStride": 16,
            "count": 599,
            "max": [
                4,
                4,
                5,
                -1
            ],
            "min": [
                0,
                -1,
                -1,
                -1
            ],
            "type": 35666
        },
        "attrbute_29": {
            "bufferView": "bufferView_37",
            "byteOffset": 297492,
            "byteStride": 12,
            "count": 599,
            "max": [
                1,
                0.999173641204834,
                0.16092649102210999
            ],
            "min": [
                0.00018682205700315535,
                0,
                0
            ],
            "type": 35665
        },
        "attrbute_3": {
            "bufferView": "bufferView_37",
            "byteOffset": 72144,
            "byteStride": 8,
            "count": 3006,
            "max": [
                2.9951400756835938,
                0.9955499768257141
            ],
            "min": [
                0.0006399999838322401,
                0.007860004901885986
            ],
            "type": 35664
        },
        "attrbute_31": {
            "bufferView": "bufferView_37",
            "byteOffset": 304680,
            "byteStride": 12,
            "count": 412,
            "max": [
                18.556011199951172,
                19.822067260742188,
                208.9212646484375,
                0
            ],
            "min": [
                -18.555999755859375,
                -13.443757057189941,
                143.64349365234375,
                0
            ],
            "type": 35665
        },
        "attrbute_32": {
            "bufferView": "bufferView_37",
            "byteOffset": 309624,
            "byteStride": 12,
            "count": 412,
            "max": [
                0.9755385518074036,
                0.9763355255126953,
                0.9962794184684753,
                0
            ],
            "min": [
                -0.9864664077758789,
                -0.9959136247634888,
                -0.9329063296318054,
                0
            ],
            "type": 35665
        },
        "attrbute_33": {
            "bufferView": "bufferView_37",
            "byteOffset": 314568,
            "byteStride": 8,
            "count": 412,
            "max": [
                1.9717249870300293,
                0.9888089895248413
            ],
            "min": [
                0.016412999480962753,
                0.009341001510620117
            ],
            "type": 35664
        },
        "attrbute_34": {
            "bufferView": "bufferView_37",
            "byteOffset": 317864,
            "byteStride": 16,
            "count": 412,
            "max": [
                8,
                8,
                8,
                -1
            ],
            "min": [
                0,
                -1,
                -1,
                -1
            ],
            "type": 35666
        },
        "attrbute_35": {
            "bufferView": "bufferView_37",
            "byteOffset": 324456,
            "byteStride": 12,
            "count": 412,
            "max": [
                1,
                0.9998185634613037,
                0.9859908223152161
            ],
            "min": [
                0.00018143747001886368,
                0,
                0
            ],
            "type": 35665
        },
        "attrbute_4": {
            "bufferView": "bufferView_37",
            "byteOffset": 96192,
            "byteStride": 16,
            "count": 3006,
            "max": [
                55,
                58,
                59,
                -1
            ],
            "min": [
                0,
                -1,
                -1,
                -1
            ],
            "type": 35666
        },
        "attrbute_5": {
            "bufferView": "bufferView_37",
            "byteOffset": 144288,
            "byteStride": 12,
            "count": 3006,
            "max": [
                1,
                0.9924299120903015,
                0.9313570261001587
            ],
            "min": [
                0.007570105139166117,
                0,
                0
            ],
            "type": 35665
        },
        "attrbute_7": {
            "bufferView": "bufferView_37",
            "byteOffset": 180360,
            "byteStride": 12,
            "count": 255,
            "max": [
                50.38380432128906,
                21.7579288482666,
                146.8940887451172,
                0
            ],
            "min": [
                -48.778480529785156,
                -0.9405096173286438,
                96.65404510498047,
                0
            ],
            "type": 35665
        },
        "attrbute_8": {
            "bufferView": "bufferView_37",
            "byteOffset": 183420,
            "byteStride": 12,
            "count": 255,
            "max": [
                0.9413883686065674,
                0.9994151592254639,
                0.9976060390472412,
                0
            ],
            "min": [
                -0.9999969005584717,
                -0.8443899154663086,
                -0.9937301278114319,
                0
            ],
            "type": 35665
        },
        "attrbute_9": {
            "bufferView": "bufferView_37",
            "byteOffset": 186480,
            "byteStride": 8,
            "count": 255,
            "max": [
                1.9985129833221436,
                0.9831100106239319
            ],
            "min": [
                0.004887999966740608,
                0.012609004974365234
            ],
            "type": 35664
        },
        "indices_12": {
            "bufferView": "bufferView_39",
            "byteOffset": 27852,
            "count": 888,
            "type": 5123
        },
        "indices_18": {
            "bufferView": "bufferView_39",
            "byteOffset": 29628,
            "count": 2040,
            "type": 5123
        },
        "indices_24": {
            "bufferView": "bufferView_39",
            "byteOffset": 33708,
            "count": 2616,
            "type": 5123
        },
        "indices_30": {
            "bufferView": "bufferView_39",
            "byteOffset": 38940,
            "count": 2604,
            "type": 5123
        },
        "indices_36": {
            "bufferView": "bufferView_39",
            "byteOffset": 44148,
            "count": 1836,
            "type": 5123
        },
        "indices_6": {
            "bufferView": "bufferView_39",
            "byteOffset": 0,
            "count": 13926,
            "type": 5123
        }
    },
    "animations": {},
    "asset": {},
    "bufferViews": {
        "bufferView_37": {
            "buffer": "medusa.bin",
            "byteLength": 329400,
            "byteOffset": 0,
            "target": 34962
        },
        "bufferView_38": {
            "buffer": "medusa.bin",
            "byteLength": 7488,
            "byteOffset": 329400
        },
        "bufferView_39": {
            "buffer": "medusa.bin",
            "byteLength": 47820,
            "byteOffset": 336888,
            "target": 34963
        }
    },
    "buffers": {
        "medusa.bin": {
            "byteLength": 384708,
            "path": "medusa.bin"
        }
    },
    "cameras": {},
    "images": {
        "image_0": {
            "path": "textures/medusa_body_color.png"
        },
        "image_1": {
            "path": "textures/medusa_arms_color.png"
        },
        "image_2": {
            "path": "textures/medusa_bow_color.png"
        },
        "image_3": {
            "path": "textures/medusa_tail_color.png"
        },
        "image_4": {
            "path": "textures/medusa_torso_color.png"
        },
        "image_5": {
            "path": "textures/medusa_veil_color.png"
        }
    },
    "lights": {},
    "materials": {
        "Material #35": {
            "instanceTechnique": {
                "technique": "technique_0",
                "values": {
                    "ambient": [
                        0.5879999995231628,
                        0.5879999995231628,
                        0.5879999995231628
                    ],
                    "diffuse": "Map #7",
                    "emission": [
                        0,
                        0,
                        0
                    ],
                    "shininess": 2,
                    "specular": [
                        0.8999999761581421,
                        0.8999999761581421,
                        0.8999999761581421
                    ],
                    "transparency": 1
                }
            },
            "name": "Material #35"
        },
        "Material #46": {
            "instanceTechnique": {
                "technique": "technique_0",
                "values": {
                    "ambient": [
                        0.5879999995231628,
                        0.5879999995231628,
                        0.5879999995231628
                    ],
                    "diffuse": "Map #8",
                    "emission": [
                        0,
                        0,
                        0
                    ],
                    "shininess": 2,
                    "specular": [
                        0.8999999761581421,
                        0.8999999761581421,
                        0.8999999761581421
                    ],
                    "transparency": 1
                }
            },
            "name": "Material #46"
        },
        "Material #57": {
            "instanceTechnique": {
                "technique": "technique_0",
                "values": {
                    "ambient": [
                        0.5879999995231628,
                        0.5879999995231628,
                        0.5879999995231628
                    ],
                    "diffuse": "Map #9",
                    "emission": [
                        0,
                        0,
                        0
                    ],
                    "shininess": 2,
                    "specular": [
                        0.8999999761581421,
                        0.8999999761581421,
                        0.8999999761581421
                    ],
                    "transparency": 1
                }
            },
            "name": "Material #57"
        },
        "Material #68": {
            "instanceTechnique": {
                "technique": "technique_0",
                "values": {
                    "ambient": [
                        0.5879999995231628,
                        0.5879999995231628,
                        0.5879999995231628
                    ],
                    "diffuse": "Map #10",
                    "emission": [
                        0,
                        0,
                        0
                    ],
                    "shininess": 2,
                    "specular": [
                        0.8999999761581421,
                        0.8999999761581421,
                        0.8999999761581421
                    ],
                    "transparency": 1
                }
            },
            "name": "Material #68"
        },
        "Material #79": {
            "instanceTechnique": {
                "technique": "technique_0",
                "values": {
                    "ambient": [
                        0.5879999995231628,
                        0.5879999995231628,
                        0.5879999995231628
                    ],
                    "diffuse": "Map #11",
                    "emission": [
                        0,
                        0,
                        0
                    ],
                    "shininess": 2,
                    "specular": [
                        0.8999999761581421,
                        0.8999999761581421,
                        0.8999999761581421
                    ],
                    "transparency": 1
                }
            },
            "name": "Material #79"
        },
        "Material #90": {
            "instanceTechnique": {
                "technique": "technique_0",
                "values": {
                    "ambient": [
                        0.5879999995231628,
                        0.5879999995231628,
                        0.5879999995231628
                    ],
                    "diffuse": "Map #12",
                    "emission": [
                        0,
                        0,
                        0
                    ],
                    "shininess": 2,
                    "specular": [
                        0.8999999761581421,
                        0.8999999761581421,
                        0.8999999761581421
                    ],
                    "transparency": 1
                }
            },
            "name": "Material #90"
        }
    },
    "meshes": {
        "medusa_arms_model_LOD0-mesh": {
            "name": "medusa_arms_model_LOD0-mesh",
            "primitives": [
                {
                    "attributes": {
                        "JOINT": "attrbute_10",
                        "NORMAL": "attrbute_8",
                        "POSITION": "attrbute_7",
                        "TEXCOORD_0": "attrbute_9",
                        "WEIGHT": "attrbute_11"
                    },
                    "indices": "indices_12",
                    "material": "Material #46"
                }
            ]
        },
        "medusa_bow_model_LOD0-mesh": {
            "name": "medusa_bow_model_LOD0-mesh",
            "primitives": [
                {
                    "attributes": {
                        "JOINT": "attrbute_16",
                        "NORMAL": "attrbute_14",
                        "POSITION": "attrbute_13",
                        "TEXCOORD_0": "attrbute_15",
                        "WEIGHT": "attrbute_17"
                    },
                    "indices": "indices_18",
                    "material": "Material #57"
                }
            ]
        },
        "medusa_model_LOD0-mesh": {
            "name": "medusa_model_LOD0-mesh",
            "primitives": [
                {
                    "attributes": {
                        "JOINT": "attrbute_4",
                        "NORMAL": "attrbute_2",
                        "POSITION": "attrbute_1",
                        "TEXCOORD_0": "attrbute_3",
                        "WEIGHT": "attrbute_5"
                    },
                    "indices": "indices_6",
                    "material": "Material #35"
                }
            ]
        },
        "medusa_tail_model_LOD0-mesh": {
            "name": "medusa_tail_model_LOD0-mesh",
            "primitives": [
                {
                    "attributes": {
                        "JOINT": "attrbute_22",
                        "NORMAL": "attrbute_20",
                        "POSITION": "attrbute_19",
                        "TEXCOORD_0": "attrbute_21",
                        "WEIGHT": "attrbute_23"
                    },
                    "indices": "indices_24",
                    "material": "Material #68"
                }
            ]
        },
        "medusa_torso_model_LOD0-mesh": {
            "name": "medusa_torso_model_LOD0-mesh",
            "primitives": [
                {
                    "attributes": {
                        "JOINT": "attrbute_28",
                        "NORMAL": "attrbute_26",
                        "POSITION": "attrbute_25",
                        "TEXCOORD_0": "attrbute_27",
                        "WEIGHT": "attrbute_29"
                    },
                    "indices": "indices_30",
                    "material": "Material #79"
                }
            ]
        },
        "medusa_veil_model_LOD0-mesh": {
            "name": "medusa_veil_model_LOD0-mesh",
            "primitives": [
                {
                    "attributes": {
                        "JOINT": "attrbute_34",
                        "NORMAL": "attrbute_32",
                        "POSITION": "attrbute_31",
                        "TEXCOORD_0": "attrbute_33",
                        "WEIGHT": "attrbute_35"
                    },
                    "indices": "indices_36",
                    "material": "Material #90"
                }
            ]
        }
    },
    "nodes": {
        "Hip": {
            "children": [
                "tail_R0C0"
            ],
            "jointId": "Hip",
            "matrix": [
                0.9960620999336245,
                6.315971745607385e-9,
                0.08866003900766374,
                0,
                -6.340941542865072e-9,
                1,
                -2.2204460500774937e-15,
                0,
                -0.08866003900766375,
                -5.621859128336051e-10,
                0.9960620999336246,
                0,
                14.36093139648439,
                0.00000108217318484094,
                -3.666948318481447,
                1
            ],
            "name": "Hip"
        },
        "Index_0_L": {
            "children": [
                "Index_1_L"
            ],
            "jointId": "Index_0_L",
            "matrix": [
                0.8969402909278869,
                0.2993779182434082,
                0.3253787159919738,
                0,
                -0.3360157151247385,
                -0.016785968814472044,
                0.9417068991299933,
                0,
                0.28738805130678063,
                -0.9539872328705036,
                0.08553967451253047,
                0,
                13.132675170898438,
                -1.1704559326172017,
                2.4375381469726527,
                1
            ],
            "name": "Index_0_L"
        },
        "Index_0_R": {
            "children": [
                "Index_1_R"
            ],
            "jointId": "Index_0_R",
            "matrix": [
                0.8678752183914187,
                0.44201481342315674,
                0.22675128281116486,
                0,
                0.26502444330844105,
                -0.025890368778453146,
                -0.9638940842170663,
                0,
                -0.4201846556197724,
                0.8966341357361534,
                -0.13961429484780638,
                0,
                -11.910636901855469,
                1.220550537109375,
                -2.3301010131835973,
                1
            ],
            "name": "Index_0_R"
        },
        "Index_1_L": {
            "children": [],
            "jointId": "Index_1_L",
            "matrix": [
                0.81379109621048,
                3.5762786865234375e-7,
                -0.5811575651168827,
                0,
                -1.3617754301975538e-7,
                1.000000119209299,
                4.2468317386357146e-7,
                0,
                0.581157589262492,
                -2.664627556103749e-7,
                0.813791130021253,
                0,
                5.972118377685561,
                0.00000762939453125,
                -0.13525772094726562,
                1
            ],
            "name": "Index_1_L"
        },
        "Index_1_R": {
            "children": [],
            "jointId": "Index_1_R",
            "matrix": [
                0.8471442461013794,
                -7.59959220913986e-7,
                0.5313626527786253,
                0,
                9.116876787396144e-7,
                0.9999999999999972,
                -2.3283063553536376e-8,
                0,
                -0.5313628205890808,
                5.041610560280185e-7,
                0.8471445136400261,
                0,
                -6.533035278320327,
                -0.0000152587890625,
                0.000030517578125,
                1
            ],
            "name": "Index_1_R"
        },
        "L_bot_snake_R0C0": {
            "children": [
                "L_bot_snake_R1C0"
            ],
            "jointId": "L_bot_snake_R0C0",
            "matrix": [
                0.8878314495086669,
                4.829138153256622e-15,
                -0.4601686596870421,
                0,
                9.291900847630856e-15,
                1,
                2.842170943040401e-14,
                0,
                0.4601686596870422,
                -2.9509529068849e-14,
                0.887831449508667,
                0,
                -6.966773986816392,
                7.991367816925048,
                9.517898559570284,
                1
            ],
            "name": "L_bot_snake_R0C0"
        },
        "L_bot_snake_R1C0": {
            "children": [
                "L_bot_snake_R2C0"
            ],
            "jointId": "L_bot_snake_R1C0",
            "matrix": [
                0.987959921360016,
                0.06663554906845089,
                -0.13962519168853763,
                0,
                -0.13743223850238104,
                -0.03645281323322627,
                -0.9898399787076166,
                0,
                -0.07104826790071363,
                0.9971113199081879,
                -0.026856048239984495,
                0,
                1.9393520355224592,
                7.163106918334957,
                -5.4848480224609375,
                1
            ],
            "name": "L_bot_snake_R1C0"
        },
        "L_bot_snake_R2C0": {
            "children": [
                "L_bot_snake_R3C0"
            ],
            "jointId": "L_bot_snake_R2C0",
            "matrix": [
                0.9999998807907104,
                5.96046446921239e-8,
                -1.9674189387667781e-7,
                0,
                -5.960476481825516e-8,
                1.0000003576278682,
                -4.656612873181476e-7,
                0,
                1.9674187786648117e-7,
                4.65661104755849e-7,
                0.9999999403953642,
                0,
                9.812736511230469,
                0.00003051757809657829,
                -0.000015258789058947286,
                1
            ],
            "name": "L_bot_snake_R2C0"
        },
        "L_bot_snake_R3C0": {
            "children": [
                "L_bot_snake_R4C0"
            ],
            "jointId": "L_bot_snake_R3C0",
            "matrix": [
                1.0000001192092896,
                -2.7755575615628914e-17,
                -3.0733644969683366e-8,
                0,
                8.326672684688674e-17,
                1.0000001192092893,
                3.72529029152302e-9,
                0,
                3.0733637632670424e-8,
                -3.725289424161282e-9,
                0.9999998807907106,
                0,
                11.198882102966307,
                0.02166748046872158,
                0.004456520080566406,
                1
            ],
            "name": "L_bot_snake_R3C0"
        },
        "L_bot_snake_R4C0": {
            "children": [],
            "jointId": "L_bot_snake_R4C0",
            "matrix": [
                0.9999436140060428,
                2.7755575615628914e-17,
                0.010610369965434085,
                0,
                -5.099232841532242e-9,
                1.0000000000000027,
                4.805624485917925e-7,
                0,
                -0.01061037123210492,
                -4.805895137093008e-7,
                0.99994373337977,
                0,
                5.164687156677246,
                -0.00001525878909092171,
                0.4732189178466779,
                1
            ],
            "name": "L_bot_snake_R4C0"
        },
        "L_side_snake_R0C0": {
            "children": [
                "L_side_snake_R1C0"
            ],
            "jointId": "L_side_snake_R0C0",
            "matrix": [
                0.8878314495086669,
                4.829138153256622e-15,
                -0.4601686596870421,
                0,
                9.291900847630856e-15,
                1,
                2.842170943040401e-14,
                0,
                0.4601686596870422,
                -2.9509529068849e-14,
                0.887831449508667,
                0,
                1.435699462890625,
                11.684286117553711,
                10.61572265625,
                1
            ],
            "name": "L_side_snake_R0C0"
        },
        "L_side_snake_R1C0": {
            "children": [
                "L_side_snake_R2C0"
            ],
            "jointId": "L_side_snake_R1C0",
            "matrix": [
                0.9628545641899112,
                0.22444617748260492,
                -0.15011617541313177,
                0,
                -0.13339193889575995,
                -0.08799454461270804,
                -0.987149292617843,
                0,
                -0.23477130152316325,
                0.9705055379810229,
                -0.05478664084139972,
                0,
                0.9521369934082031,
                7.924373626708983,
                -1.3993377685546875,
                1
            ],
            "name": "L_side_snake_R1C0"
        },
        "L_side_snake_R2C0": {
            "children": [
                "L_side_snake_R3C0"
            ],
            "jointId": "L_side_snake_R2C0",
            "matrix": [
                0.9444802403450011,
                -7.45058058304604e-9,
                -0.3285685181617736,
                0,
                -1.4633125533514146e-7,
                1.0000003576278718,
                -4.433095515399277e-7,
                0,
                0.3285684811679864,
                4.6677673601336345e-7,
                0.9444801340052192,
                0,
                5.939540863037109,
                0.07878112792965908,
                -0.2604217529296875,
                1
            ],
            "name": "L_side_snake_R2C0"
        },
        "L_side_snake_R3C0": {
            "children": [
                "L_side_snake_R4C0"
            ],
            "jointId": "L_side_snake_R3C0",
            "matrix": [
                0.9845191836357113,
                0,
                0.1752764582633971,
                0,
                -1.7111151415227788e-7,
                0.9999999999999974,
                9.61124898821164e-7,
                0,
                -0.17527644797783726,
                -9.762376636246461e-7,
                0.9845191258622309,
                0,
                4.1748962402343786,
                -0.1051025390625,
                -0.19729614257812145,
                1
            ],
            "name": "L_side_snake_R3C0"
        },
        "L_side_snake_R4C0": {
            "children": [],
            "jointId": "L_side_snake_R4C0",
            "matrix": [
                0.9997335076332093,
                -1.4901161193847656e-8,
                -0.02308134362101555,
                0,
                -1.8121797701331488e-8,
                0.9999998211860657,
                -0.0000014305114751506087,
                0,
                0.023081349134500266,
                0.0000014305491277261106,
                0.9997337464405417,
                0,
                4.163127899169918,
                0.2594451904296591,
                -0.4537200927734375,
                1
            ],
            "name": "L_side_snake_R4C0"
        },
        "L_top_snake_R0C0": {
            "children": [
                "L_top_snake_R1C0"
            ],
            "jointId": "L_top_snake_R0C0",
            "matrix": [
                -0.8891907930374147,
                0.012112845666706621,
                0.457376092672348,
                0,
                0.45691271354760765,
                0.07568800824447633,
                0.8862854605651235,
                0,
                -0.023882448668470096,
                0.9970579148290951,
                -0.07283559995373472,
                0,
                3.5231094360351705,
                7.750971794128418,
                15.898422241210938,
                1
            ],
            "name": "L_top_snake_R0C0"
        },
        "L_top_snake_R1C0": {
            "children": [
                "L_top_snake_R2C0"
            ],
            "jointId": "L_top_snake_R1C0",
            "matrix": [
                0.999311745166779,
                0.0237512979656458,
                -0.028487639501690882,
                0,
                -0.023738517017526665,
                0.999717470742646,
                0.0007866099475594412,
                0,
                0.028498291674478926,
                -0.00010981431278597742,
                0.9995938537954806,
                0,
                7.416672706604004,
                -1.631072998046875,
                1.9860539436340332,
                1
            ],
            "name": "L_top_snake_R1C0"
        },
        "L_top_snake_R2C0": {
            "children": [
                "L_top_snake_R3C0"
            ],
            "jointId": "L_top_snake_R2C0",
            "matrix": [
                0.9998480677604675,
                -3.725290298461914e-9,
                0.017444202676415447,
                0,
                -1.5252564117967937e-8,
                1.0000002384185793,
                0.00000108778476720639,
                0,
                -0.017444199557629488,
                -0.0000010878851125911693,
                0.9998478890010127,
                0,
                11.062433242797852,
                -0.1715545654296875,
                -0.030364990234375,
                1
            ],
            "name": "L_top_snake_R2C0"
        },
        "L_top_snake_R3C0": {
            "children": [
                "L_top_snake_R4C0"
            ],
            "jointId": "L_top_snake_R3C0",
            "matrix": [
                0.9998062849044801,
                1.0430812835346415e-7,
                0.0196792297065258,
                0,
                -1.0447498843130232e-7,
                1.000000000000002,
                7.450580610801616e-9,
                0,
                -0.019679225014096455,
                -9.505122355868423e-9,
                0.9998060465049371,
                0,
                13.4658203125,
                -0.24066162109377842,
                0.0533447265625,
                1
            ],
            "name": "L_top_snake_R3C0"
        },
        "L_top_snake_R4C0": {
            "children": [
                "L_top_snake_R5C0"
            ],
            "jointId": "L_top_snake_R4C0",
            "matrix": [
                0.9998927116394049,
                0.014650005847215656,
                -4.770699888480799e-7,
                0,
                -0.014650005846233154,
                0.9998927115575468,
                -4.5448541638459794e-7,
                0,
                4.7036078803901205e-7,
                4.6142592709241814e-7,
                1.0000004768371804,
                0,
                9.69754409790039,
                0.09536743164059658,
                -0.08561706542968928,
                1
            ],
            "name": "L_top_snake_R4C0"
        },
        "L_top_snake_R5C0": {
            "children": [
                "L_top_snake_R6C0"
            ],
            "jointId": "L_top_snake_R5C0",
            "matrix": [
                0.999882817268372,
                3.42726707465435e-7,
                -0.015299200080335147,
                0,
                -3.3205075328224254e-7,
                1.000000000000009,
                7.003545760830843e-7,
                0,
                0.015299196432078829,
                -6.951922299630597e-7,
                0.9998825788201496,
                0,
