{
    "animations": {},
    "asset": {},
    "attributes": {
        "attribute_1": {
            "bufferView": "bufferView_37",
            "byteOffset": 0,
            "byteStride": 12,
            "count": 2432,
            "max": [
                1,
                1,
                1
            ],
            "min": [
                0,
                0,
                0
            ],
            "type": "FLOAT_VEC3"
        },
        "attribute_10": {
            "bufferView": "bufferView_37",
            "byteOffset": 150912,
            "byteStride": 16,
            "count": 156,
            "max": [
                1,
                1,
                1
            ],
            "min": [
                0,
                0,
                0
            ],
            "type": "FLOAT_VEC4"
        },
        "attribute_11": {
            "bufferView": "bufferView_37",
            "byteOffset": 153408,
            "byteStride": 12,
            "count": 156,
            "max": [
                1,
                1,
                1
            ],
            "min": [
                0,
                0,
                0
            ],
            "type": "FLOAT_VEC3"
        },
        "attribute_13": {
            "bufferView": "bufferView_37",
            "byteOffset": 155280,
            "byteStride": 12,
            "count": 545,
            "max": [
                1,
                1,
                1
            ],
            "min": [
                0,
                0,
                0
            ],
            "type": "FLOAT_VEC3"
        },
        "attribute_14": {
            "bufferView": "bufferView_37",
            "byteOffset": 161820,
            "byteStride": 12,
            "count": 545,
            "max": [
                1,
                1,
                1
            ],
            "min": [
                0,
                0,
                0
            ],
            "type": "FLOAT_VEC3"
        },
        "attribute_15": {
            "bufferView": "bufferView_37",
            "byteOffset": 168360,
            "byteStride": 8,
            "count": 545,
            "max": [
                1,
                1,
                1
            ],
            "min": [
                0,
                0,
                0
            ],
            "type": "FLOAT_VEC2"
        },
        "attribute_16": {
            "bufferView": "bufferView_37",
            "byteOffset": 172720,
            "byteStride": 16,
            "count": 545,
            "max": [
                1,
                1,
                1
            ],
            "min": [
                0,
                0,
                0
            ],
            "type": "FLOAT_VEC4"
        },
        "attribute_17": {
            "bufferView": "bufferView_37",
            "byteOffset": 181440,
            "byteStride": 12,
            "count": 545,
            "max": [
                1,
                1,
                1
            ],
            "min": [
                0,
                0,
                0
            ],
            "type": "FLOAT_VEC3"
        },
        "attribute_19": {
            "bufferView": "bufferView_37",
            "byteOffset": 187980,
            "byteStride": 12,
            "count": 443,
            "max": [
                1,
                1,
                1
            ],
            "min": [
                0,
                0,
                0
            ],
            "type": "FLOAT_VEC3"
        },
        "attribute_2": {
            "bufferView": "bufferView_37",
            "byteOffset": 29184,
            "byteStride": 12,
            "count": 2432,
            "max": [
                1,
                1,
                1
            ],
            "min": [
                0,
                0,
                0
            ],
            "type": "FLOAT_VEC3"
        },
        "attribute_20": {
            "bufferView": "bufferView_37",
            "byteOffset": 193296,
            "byteStride": 12,
            "count": 443,
            "max": [
                1,
                1,
                1
            ],
            "min": [
                0,
                0,
                0
            ],
            "type": "FLOAT_VEC3"
        },
        "attribute_21": {
            "bufferView": "bufferView_37",
            "byteOffset": 198612,
            "byteStride": 8,
            "count": 443,
            "max": [
                1,
                1,
                1
            ],
            "min": [
                0,
                0,
                0
            ],
            "type": "FLOAT_VEC2"
        },
        "attribute_22": {
            "bufferView": "bufferView_37",
            "byteOffset": 202156,
            "byteStride": 16,
            "count": 443,
            "max": [
                1,
                1,
                1
            ],
            "min": [
                0,
                0,
                0
            ],
            "type": "FLOAT_VEC4"
        },
        "attribute_23": {
            "bufferView": "bufferView_37",
            "byteOffset": 209244,
            "byteStride": 12,
            "count": 443,
            "max": [
                1,
                1,
                1
            ],
            "min": [
                0,
                0,
                0
            ],
            "type": "FLOAT_VEC3"
        },
        "attribute_25": {
            "bufferView": "bufferView_37",
            "byteOffset": 214560,
            "byteStride": 12,
            "count": 539,
            "max": [
                1,
                1,
                1
            ],
            "min": [
                0,
                0,
                0
            ],
            "type": "FLOAT_VEC3"
        },
        "attribute_26": {
            "bufferView": "bufferView_37",
            "byteOffset": 221028,
            "byteStride": 12,
            "count": 539,
            "max": [
                1,
                1,
                1
            ],
            "min": [
                0,
                0,
                0
            ],
            "type": "FLOAT_VEC3"
        },
        "attribute_27": {
            "bufferView": "bufferView_37",
            "byteOffset": 227496,
            "byteStride": 8,
            "count": 539,
            "max": [
                1,
                1,
                1
            ],
            "min": [
                0,
                0,
                0
            ],
            "type": "FLOAT_VEC2"
        },
        "attribute_28": {
            "bufferView": "bufferView_37",
            "byteOffset": 231808,
            "byteStride": 16,
            "count": 539,
            "max": [
                1,
                1,
                1
            ],
            "min": [
                0,
                0,
                0
            ],
            "type": "FLOAT_VEC4"
        },
        "attribute_29": {
            "bufferView": "bufferView_37",
            "byteOffset": 240432,
            "byteStride": 12,
            "count": 539,
            "max": [
                1,
                1,
                1
            ],
            "min": [
                0,
                0,
                0
            ],
            "type": "FLOAT_VEC3"
        },
        "attribute_3": {
            "bufferView": "bufferView_37",
            "byteOffset": 58368,
            "byteStride": 8,
            "count": 2432,
            "max": [
                1,
                1,
                1
            ],
            "min": [
                0,
                0,
                0
            ],
            "type": "FLOAT_VEC2"
        },
        "attribute_31": {
            "bufferView": "bufferView_37",
            "byteOffset": 246900,
            "byteStride": 12,
            "count": 378,
            "max": [
                1,
                1,
                1
            ],
            "min": [
                0,
                0,
                0
            ],
            "type": "FLOAT_VEC3"
        },
        "attribute_32": {
            "bufferView": "bufferView_37",
            "byteOffset": 251436,
            "byteStride": 12,
            "count": 378,
            "max": [
                1,
                1,
                1
            ],
            "min": [
                0,
                0,
                0
            ],
            "type": "FLOAT_VEC3"
        },
        "attribute_33": {
            "bufferView": "bufferView_37",
            "byteOffset": 255972,
            "byteStride": 8,
            "count": 378,
            "max": [
                1,
                1,
                1
            ],
            "min": [
                0,
                0,
                0
            ],
            "type": "FLOAT_VEC2"
        },
        "attribute_34": {
            "bufferView": "bufferView_37",
            "byteOffset": 258996,
            "byteStride": 16,
            "count": 378,
            "max": [
                1,
                1,
                1
            ],
            "min": [
                0,
                0,
                0
            ],
            "type": "FLOAT_VEC4"
        },
        "attribute_35": {
            "bufferView": "bufferView_37",
            "byteOffset": 265044,
            "byteStride": 12,
            "count": 378,
            "max": [
                1,
                1,
                1
            ],
            "min": [
                0,
                0,
                0
            ],
            "type": "FLOAT_VEC3"
        },
        "attribute_4": {
            "bufferView": "bufferView_37",
            "byteOffset": 77824,
            "byteStride": 16,
            "count": 2432,
            "max": [
                1,
                1,
                1
            ],
            "min": [
                0,
                0,
                0
            ],
            "type": "FLOAT_VEC4"
        },
        "attribute_5": {
            "bufferView": "bufferView_37",
            "byteOffset": 116736,
            "byteStride": 12,
            "count": 2432,
            "max": [
                1,
                1,
                1
            ],
            "min": [
                0,
                0,
                0
            ],
            "type": "FLOAT_VEC3"
        },
        "attribute_7": {
            "bufferView": "bufferView_37",
            "byteOffset": 145920,
            "byteStride": 12,
            "count": 156,
            "max": [
                1,
                1,
                1
            ],
            "min": [
                0,
                0,
                0
            ],
            "type": "FLOAT_VEC3"
        },
        "attribute_8": {
            "bufferView": "bufferView_37",
            "byteOffset": 147792,
            "byteStride": 12,
            "count": 156,
            "max": [
                1,
                1,
                1
            ],
            "min": [
                0,
                0,
                0
            ],
            "type": "FLOAT_VEC3"
        },
        "attribute_9": {
            "bufferView": "bufferView_37",
            "byteOffset": 149664,
            "byteStride": 8,
            "count": 156,
            "max": [
                1,
                1,
                1
            ],
            "min": [
                0,
                0,
                0
            ],
            "type": "FLOAT_VEC2"
        }
    },
    "bufferViews": {
        "bufferView_37": {
            "buffer": "medusa.bin",
            "byteLength": 269580,
            "byteOffset": 0,
            "target": "ARRAY_BUFFER"
        },
        "bufferView_38": {
            "buffer": "medusa.bin",
            "byteLength": 47820,
            "byteOffset": 269580,
            "target": "ELEMENT_ARRAY_BUFFER"
        }
    },
    "buffers": {
        "medusa.bin": {
            "byteLength": 317400,
            "path": "medusa.bin"
        }
    },
    "cameras": {},
    "images": {
        "image_0": {
            "path": "textures/medusa_body_color.png"
        },
        "image_1": {
            "path": "textures/medusa_arms_color.png"
        },
        "image_2": {
            "path": "textures/medusa_bow_color.png"
        },
        "image_3": {
            "path": "textures/medusa_tail_color.png"
        },
        "image_4": {
            "path": "textures/medusa_torso_color.png"
        },
        "image_5": {
            "path": "textures/medusa_veil_color.png"
        }
    },
    "indices": {
        "indices_12": {
            "bufferView": "bufferView_38",
            "byteOffset": 27852,
            "count": 888,
            "type": "UNSIGNED_SHORT"
        },
        "indices_18": {
            "bufferView": "bufferView_38",
            "byteOffset": 29628,
            "count": 2040,
            "type": "UNSIGNED_SHORT"
        },
        "indices_24": {
            "bufferView": "bufferView_38",
            "byteOffset": 33708,
            "count": 2616,
            "type": "UNSIGNED_SHORT"
        },
        "indices_30": {
            "bufferView": "bufferView_38",
            "byteOffset": 38940,
            "count": 2604,
            "type": "UNSIGNED_SHORT"
        },
        "indices_36": {
            "bufferView": "bufferView_38",
            "byteOffset": 44148,
            "count": 1836,
            "type": "UNSIGNED_SHORT"
        },
        "indices_6": {
            "bufferView": "bufferView_38",
            "byteOffset": 0,
            "count": 13926,
            "type": "UNSIGNED_SHORT"
        }
    },
    "lights": {},
    "materials": {
        "Material #35": {
            "instanceTechnique": {
                "technique": "technique_0",
                "values": [
                    {
                        "parameter": "ambient",
                        "value": [
                            0.5879999995231628,
                            0.5879999995231628,
                            0.5879999995231628
                        ]
                    },
                    {
                        "parameter": "emission",
                        "value": [
                            0,
                            0,
                            0
                        ]
                    },
                    {
                        "parameter": "diffuse",
                        "value": "Map #7"
                    },
                    {
                        "parameter": "shininess",
                        "value": 2
                    },
                    {
                        "parameter": "specular",
                        "value": [
                            0.8999999761581421,
                            0.8999999761581421,
                            0.8999999761581421
                        ]
                    }
                ]
            },
            "name": "Material #35"
        },
        "Material #46": {
            "instanceTechnique": {
                "technique": "technique_0",
                "values": [
                    {
                        "parameter": "ambient",
                        "value": [
                            0.5879999995231628,
                            0.5879999995231628,
                            0.5879999995231628
                        ]
                    },
                    {
                        "parameter": "emission",
                        "value": [
                            0,
                            0,
                            0
                        ]
                    },
                    {
                        "parameter": "diffuse",
                        "value": "Map #8"
                    },
                    {
                        "parameter": "shininess",
                        "value": 2
                    },
                    {
                        "parameter": "specular",
                        "value": [
                            0.8999999761581421,
                            0.8999999761581421,
                            0.8999999761581421
                        ]
                    }
                ]
            },
            "name": "Material #46"
        },
        "Material #57": {
            "instanceTechnique": {
                "technique": "technique_0",
                "values": [
                    {
                        "parameter": "ambient",
                        "value": [
                            0.5879999995231628,
                            0.5879999995231628,
                            0.5879999995231628
                        ]
                    },
                    {
                        "parameter": "emission",
                        "value": [
                            0,
                            0,
                            0
                        ]
                    },
                    {
                        "parameter": "diffuse",
                        "value": "Map #9"
                    },
                    {
                        "parameter": "shininess",
                        "value": 2
                    },
                    {
                        "parameter": "specular",
                        "value": [
                            0.8999999761581421,
                            0.8999999761581421,
                            0.8999999761581421
                        ]
                    }
                ]
            },
            "name": "Material #57"
        },
        "Material #68": {
            "instanceTechnique": {
                "technique": "technique_0",
                "values": [
                    {
                        "parameter": "ambient",
                        "value": [
                            0.5879999995231628,
                            0.5879999995231628,
                            0.5879999995231628
                        ]
                    },
                    {
                        "parameter": "emission",
                        "value": [
                            0,
                            0,
                            0
                        ]
                    },
                    {
                        "parameter": "diffuse",
                        "value": "Map #10"
                    },
                    {
                        "parameter": "shininess",
                        "value": 2
                    },
                    {
                        "parameter": "specular",
                        "value": [
                            0.8999999761581421,
                            0.8999999761581421,
                            0.8999999761581421
                        ]
                    }
                ]
            },
            "name": "Material #68"
        },
        "Material #79": {
            "instanceTechnique": {
                "technique": "technique_0",
                "values": [
                    {
                        "parameter": "ambient",
                        "value": [
                            0.5879999995231628,
                            0.5879999995231628,
                            0.5879999995231628
                        ]
                    },
                    {
                        "parameter": "emission",
                        "value": [
                            0,
                            0,
                            0
                        ]
                    },
                    {
                        "parameter": "diffuse",
                        "value": "Map #11"
                    },
                    {
                        "parameter": "shininess",
                        "value": 2
                    },
                    {
                        "parameter": "specular",
                        "value": [
                            0.8999999761581421,
                            0.8999999761581421,
                            0.8999999761581421
                        ]
                    }
                ]
            },
            "name": "Material #79"
        },
        "Material #90": {
            "instanceTechnique": {
                "technique": "technique_0",
                "values": [
                    {
                        "parameter": "ambient",
                        "value": [
                            0.5879999995231628,
                            0.5879999995231628,
                            0.5879999995231628
                        ]
                    },
                    {
                        "parameter": "emission",
                        "value": [
                            0,
                            0,
                            0
                        ]
                    },
                    {
                        "parameter": "diffuse",
                        "value": "Map #12"
                    },
                    {
                        "parameter": "shininess",
                        "value": 2
                    },
                    {
                        "parameter": "specular",
                        "value": [
                            0.8999999761581421,
                            0.8999999761581421,
                            0.8999999761581421
                        ]
                    }
                ]
            },
            "name": "Material #90"
        }
    },
    "meshes": {
        "medusa_arms_model_LOD0-mesh": {
            "name": "medusa_arms_model_LOD0-mesh",
            "primitives": [
                {
                    "indices": "indices_12",
                    "material": "Material #46",
                    "semantics": {
                        "JOINT": "attribute_10",
                        "NORMAL": "attribute_8",
                        "POSITION": "attribute_7",
                        "TEXCOORD_0": "attribute_9",
                        "WEIGHT": "attribute_11"
                    },
                    "skin": "skin_1"
                }
            ]
        },
        "medusa_bow_model_LOD0-mesh": {
            "name": "medusa_bow_model_LOD0-mesh",
            "primitives": [
                {
                    "indices": "indices_18",
                    "material": "Material #57",
                    "semantics": {
                        "JOINT": "attribute_16",
                        "NORMAL": "attribute_14",
                        "POSITION": "attribute_13",
                        "TEXCOORD_0": "attribute_15",
                        "WEIGHT": "attribute_17"
                    },
                    "skin": "skin_2"
                }
            ]
        },
        "medusa_model_LOD0-mesh": {
            "name": "medusa_model_LOD0-mesh",
            "primitives": [
                {
                    "indices": "indices_6",
                    "material": "Material #35",
                    "semantics": {
                        "JOINT": "attribute_4",
                        "NORMAL": "attribute_2",
                        "POSITION": "attribute_1",
                        "TEXCOORD_0": "attribute_3",
                        "WEIGHT": "attribute_5"
                    },
                    "skin": "skin_0"
                }
            ]
        },
        "medusa_tail_model_LOD0-mesh": {
            "name": "medusa_tail_model_LOD0-mesh",
            "primitives": [
                {
                    "indices": "indices_24",
                    "material": "Material #68",
                    "semantics": {
                        "JOINT": "attribute_22",
                        "NORMAL": "attribute_20",
                        "POSITION": "attribute_19",
                        "TEXCOORD_0": "attribute_21",
                        "WEIGHT": "attribute_23"
                    },
                    "skin": "skin_3"
                }
            ]
        },
        "medusa_torso_model_LOD0-mesh": {
            "name": "medusa_torso_model_LOD0-mesh",
            "primitives": [
                {
                    "indices": "indices_30",
                    "material": "Material #79",
                    "semantics": {
                        "JOINT": "attribute_28",
                        "NORMAL": "attribute_26",
                        "POSITION": "attribute_25",
                        "TEXCOORD_0": "attribute_27",
                        "WEIGHT": "attribute_29"
                    },
                    "skin": "skin_4"
                }
            ]
        },
        "medusa_veil_model_LOD0-mesh": {
            "name": "medusa_veil_model_LOD0-mesh",
            "primitives": [
                {
                    "indices": "indices_36",
                    "material": "Material #90",
                    "semantics": {
                        "JOINT": "attribute_34",
                        "NORMAL": "attribute_32",
                        "POSITION": "attribute_31",
                        "TEXCOORD_0": "attribute_33",
                        "WEIGHT": "attribute_35"
                    },
                    "skin": "skin_5"
                }
            ]
        }
    },
    "nodes": {
        "Hip": {
            "children": [
                "tail_R0C0"
            ],
            "matrix": [
                0.9960620999336245,
                6.315971745607385e-9,
                0.08866003900766374,
                0,
                -6.340941542865072e-9,
                1,
                -2.2204460500774937e-15,
                0,
                -0.08866003900766375,
                -5.621859128336051e-10,
                0.9960620999336246,
                0,
                14.36093139648439,
                0.00000108217318484094,
                -3.666948318481447,
                1
            ],
            "name": "Hip"
        },
        "Index_0_L": {
            "children": [
                "Index_1_L"
            ],
            "matrix": [
                0.8969402909278873,
                0.29937791824340837,
                0.325378715991974,
                0,
                -0.3360157151247386,
                -0.0167859688144721,
                0.9417068991299933,
                0,
                0.2873880513067807,
                -0.9539872328705039,
                0.0855396745125307,
                0,
                13.132675170898452,
                -1.1704559326171875,
                2.4375381469726562,
                1
            ],
            "name": "Index_0_L"
        },
        "Index_0_R": {
            "children": [
                "Index_1_R"
            ],
            "matrix": [
                0.8678752183914187,
                0.44201481342315674,
                0.22675128281116486,
                0,
                0.26502444330844105,
                -0.025890368778453146,
                -0.9638940842170663,
                0,
                -0.4201846556197724,
                0.8966341357361534,
                -0.13961429484780638,
                0,
                -11.910636901855469,
                1.220550537109375,
                -2.3301010131835973,
                1
            ],
            "name": "Index_0_R"
        },
        "Index_1_L": {
            "children": [],
            "matrix": [
                0.8137910962104795,
                3.576278686245882e-7,
                -0.5811575651168823,
                0,
                -1.3617754301975538e-7,
                1.0000001192092989,
                4.246831738427548e-7,
                0,
                0.5811575892624918,
                -2.6646275556874155e-7,
                0.8137911300212528,
                0,
                5.97211837768554,
                0.00000762939453125,
                -0.13525772094727273,
                1
            ],
            "name": "Index_1_L"
        },
        "Index_1_R": {
            "children": [],
            "matrix": [
                0.8471442461013798,
                -7.599592209417416e-7,
                0.5313626527786254,
                0,
                9.116876787951256e-7,
                0.9999999999999972,
                -2.3283063494555778e-8,
                0,
                -0.5313628205890809,
                5.041610559447518e-7,
                0.8471445136400263,
                0,
                -6.533035278320327,
                -0.0000152587890625,
                0.000030517578125,
                1
            ],
            "name": "Index_1_R"
        },
        "L_bot_snake_R0C0": {
            "children": [
                "L_bot_snake_R1C0"
            ],
            "matrix": [
                0.887831449508667,
                4.8291381330646605e-15,
                -0.4601686596870421,
                0,
                9.291900874100635e-15,
                1.0000000000000002,
                2.8421709377464448e-14,
                0,
                0.46016865968704235,
                -2.9509529174728117e-14,
                0.8878314495086671,
                0,
                -6.966773986816392,
                7.991367816925048,
                9.517898559570284,
                1
            ],
            "name": "L_bot_snake_R0C0"
        },
        "L_bot_snake_R1C0": {
            "children": [
                "L_bot_snake_R2C0"
            ],
            "matrix": [
                0.9879599213600162,
                0.06663554906845091,
                -0.13962519168853768,
                0,
                -0.13743223850238104,
                -0.036452813233226265,
                -0.9898399787076169,
                0,
                -0.07104826790071365,
                0.997111319908188,
                -0.0268560482399845,
                0,
                1.9393520355224592,
                7.163106918334958,
                -5.4848480224609375,
                1
            ],
            "name": "L_bot_snake_R1C0"
        },
        "L_bot_snake_R2C0": {
            "children": [
                "L_bot_snake_R3C0"
            ],
            "matrix": [
                0.9999998807907103,
                5.96046446921239e-8,
                -1.9674189388014726e-7,
                0,
                -5.960476479049959e-8,
                1.000000357627868,
                -4.6566128731467815e-7,
                0,
                1.9674187783959296e-7,
                4.656611047627879e-7,
                0.9999999403953641,
                0,
                9.812736511230472,
                0.00003051757809657829,
                -0.000015258789060723643,
                1
            ],
            "name": "L_bot_snake_R2C0"
        },
        "L_bot_snake_R3C0": {
            "children": [
                "L_bot_snake_R4C0"
            ],
            "matrix": [
                1.0000001192092896,
                -2.7755575615628914e-17,
                -3.073364497315281e-8,
                0,
                8.326672684688674e-17,
                1.0000001192092896,
                3.72529029152302e-9,
                0,
                3.073363763483883e-8,
                -3.7252893998751535e-9,
                0.9999998807907106,
                0,
                11.198882102966307,
                0.02166748046877842,
                0.004456520080568183,
                1
            ],
            "name": "L_bot_snake_R3C0"
        },
        "L_bot_snake_R4C0": {
            "children": [],
            "matrix": [
                0.9999436140060428,
                2.7755575615628914e-17,
                0.010610369965434083,
                0,
                -5.0992328692878175e-9,
                1.0000000000000027,
                4.805624485813842e-7,
                0,
                -0.010610371232104919,
                -4.805895137127703e-7,
                0.99994373337977,
                0,
                5.1646871566772425,
                -0.00001525878909092171,
                0.4732189178466779,
                1
            ],
            "name": "L_bot_snake_R4C0"
        },
        "L_side_snake_R0C0": {
            "children": [
                "L_side_snake_R1C0"
            ],
            "matrix": [
                0.887831449508667,
                4.8291381330646605e-15,
                -0.4601686596870421,
                0,
                9.291900874100635e-15,
                1.0000000000000002,
                2.8421709377464448e-14,
                0,
                0.46016865968704235,
                -2.9509529174728117e-14,
                0.8878314495086671,
                0,
                1.435699462890625,
                11.684286117553711,
                10.61572265625,
                1
            ],
            "name": "L_side_snake_R0C0"
        },
        "L_side_snake_R1C0": {
            "children": [
                "L_side_snake_R2C0"
            ],
            "matrix": [
                0.9628545641899113,
                0.22444617748260492,
                -0.1501161754131318,
                0,
                -0.13339193889575998,
                -0.08799454461270806,
                -0.9871492926178433,
                0,
                -0.23477130152316325,
                0.970505537981023,
                -0.05478664084139973,
                0,
                0.952136993408204,
                7.924373626708988,
                -1.3993377685546875,
                1
            ],
            "name": "L_side_snake_R1C0"
        },
        "L_side_snake_R2C0": {
            "children": [
                "L_side_snake_R3C0"
            ],
            "matrix": [
                0.9444802403450013,
                -7.450580596923828e-9,
                -0.3285685181617737,
                0,
                -1.463312552796303e-7,
                1.000000357627872,
                -4.433095515260499e-7,
                0,
                0.3285684811679865,
                4.667767360549968e-7,
                0.9444801340052194,
                0,
                5.939540863037109,
                0.07878112792965908,
                -0.2604217529296875,
                1
            ],
            "name": "L_side_snake_R2C0"
        },
        "L_side_snake_R3C0": {
            "children": [
                "L_side_snake_R4C0"
            ],
            "matrix": [
                0.9845191836357116,
                8.326672684688674e-17,
                0.1752764582633972,
                0,
                -1.711115141384001e-7,
                0.9999999999999978,
                9.611248987934085e-7,
                0,
                -0.17527644797783723,
                -9.762376635552572e-7,
                0.984519125862231,
                0,
                4.174896240234375,
                -0.1051025390625,
                -0.197296142578125,
                1
            ],
            "name": "L_side_snake_R3C0"
        },
        "L_side_snake_R4C0": {
            "children": [],
            "matrix": [
                0.9997335076332093,
                -1.4901161277114383e-8,
                -0.023081343621015566,
                0,
                -1.8121797729087064e-8,
                0.9999998211860652,
                -0.0000014305114751228531,
                0,
                0.023081349134500266,
                0.0000014305491277122329,
                0.9997337464405416,
                0,
                4.163127899169922,
                0.2594451904296591,
                -0.4537200927734375,
                1
            ],
            "name": "L_side_snake_R4C0"
        },
        "L_top_snake_R0C0": {
            "children": [
                "L_top_snake_R1C0"
            ],
            "matrix": [
                -0.8891907930374146,
                0.012112845666706628,
                0.45737609267234797,
                0,
                0.4569127135476077,
                0.07568800824447634,
                0.8862854605651234,
                0,
                -0.023882448668470103,
                0.9970579148290953,
                -0.07283559995373473,
                0,
                3.5231094360351705,
                7.750971794128418,
                15.898422241210938,
                1
            ],
            "name": "L_top_snake_R0C0"
        },
        "L_top_snake_R1C0": {
            "children": [
                "L_top_snake_R2C0"
            ],
            "matrix": [
                0.9993117451667789,
                0.023751297965645797,
                -0.028487639501690875,
                0,
                -0.02373851701752666,
                0.9997174707426459,
                0.0007866099475594412,
                0,
                0.028498291674478916,
                -0.0001098143127859913,
                0.9995938537954805,
                0,
                7.416672706604002,
                -1.631072998046875,
                1.986053943634034,
                1
            ],
            "name": "L_top_snake_R1C0"
        },
        "L_top_snake_R2C0": {
            "children": [
                "L_top_snake_R3C0"
            ],
            "matrix": [
                0.9998480677604674,
                -3.725290294992467e-9,
                0.01744420267641544,
                0,
                -1.5252564121437384e-8,
                1.000000238418579,
                0.0000010877847672202678,
                0,
                -0.017444199557629485,
                -0.0000010878851125772915,
                0.9998478890010126,
                0,
                11.062433242797852,
                -0.17155456542971592,
                -0.030364990234373224,
                1
            ],
            "name": "L_top_snake_R2C0"
        },
        "L_top_snake_R3C0": {
            "children": [
                "L_top_snake_R4C0"
            ],
            "matrix": [
                0.99980628490448,
                1.0430812835346415e-7,
                0.0196792297065258,
                0,
                -1.0447498842783287e-7,
                1.000000000000002,
                7.450580596923828e-9,
                0,
                -0.019679225014096455,
                -9.505122355868423e-9,
                0.999806046504937,
                0,
                13.4658203125,
                -0.24066162109375,
                0.053344726562498224,
                1
            ],
            "name": "L_top_snake_R3C0"
        },
        "L_top_snake_R4C0": {
            "children": [
                "L_top_snake_R5C0"
            ],
            "matrix": [
                0.9998927116394047,
                0.014650005847215639,
                -4.770699888467789e-7,
                0,
                -0.014650005846233154,
                0.9998927115575467,
                -4.544854164123535e-7,
                0,
                4.703607880457341e-7,
                4.6142592709241814e-7,
                1.0000004768371802,
                0,
                9.69754409790039,
                0.095367431640625,
                -0.0856170654296875,
                1
            ],
            "name": "L_top_snake_R4C0"
        },
        "L_top_snake_R5C0": {
            "children": [
                "L_top_snake_R6C0"
            ],
            "matrix": [
                0.9998828172683719,
                3.427267074584961e-7,
                -0.015299200080335147,
                0,
                -3.3205075328918143e-7,
                1.0000000000000089,
                7.003545760830843e-7,
                0,
                0.015299196432078829,
