{
    "accessors": {
        "attrbute_1": {
            "bufferView": "bufferView_37",
            "byteOffset": 0,
            "byteStride": 12,
            "count": 2766,
            "max": [
                63.649925231933594,
                88.52294158935547,
                131.3473358154297,
                0
            ],
            "min": [
                -63.64994430541992,
                -47.1030387878418,
                0.3224870264530182,
                0
            ],
            "type": 35665
        },
        "attrbute_10": {
            "bufferView": "bufferView_37",
            "byteOffset": 191880,
            "byteStride": 16,
            "count": 810,
            "max": [
                3,
                3,
                3,
                -1
            ],
            "min": [
                0,
                -1,
                -1,
                -1
            ],
            "type": 35666
        },
        "attrbute_11": {
            "bufferView": "bufferView_37",
            "byteOffset": 204840,
            "byteStride": 12,
            "count": 810,
            "max": [
                1,
                0.9998851418495178,
                0.9993840456008911
            ],
            "min": [
                0.00010880424815695733,
                0,
                0
            ],
            "type": 35665
        },
        "attrbute_13": {
            "bufferView": "bufferView_37",
            "byteOffset": 214560,
            "byteStride": 12,
            "count": 443,
            "max": [
                -33.17230987548828,
                19.209739685058594,
                100.46046447753906,
                0
            ],
            "min": [
                -72.61868286132812,
                -20.86623191833496,
                56.249778747558594,
                0
            ],
            "type": 35665
        },
        "attrbute_14": {
            "bufferView": "bufferView_37",
            "byteOffset": 219876,
            "byteStride": 12,
            "count": 443,
            "max": [
                0.9936890602111816,
                0.9982255697250366,
                0.9999999403953552,
                0
            ],
            "min": [
                -0.9964611530303955,
                -0.9976258277893066,
                -0.982059895992279,
                0
            ],
            "type": 35665
        },
        "attrbute_15": {
            "bufferView": "bufferView_37",
            "byteOffset": 225192,
            "byteStride": 8,
            "count": 443,
            "max": [
                0.9744899868965149,
                0.9917200207710266
            ],
            "min": [
                0.008690309710800648,
                0.007719993591308594
            ],
            "type": 35664
        },
        "attrbute_16": {
            "bufferView": "bufferView_37",
            "byteOffset": 228736,
            "byteStride": 16,
            "count": 443,
            "max": [
                1,
                1,
                -1,
                -1
            ],
            "min": [
                0,
                -1,
                -1,
                -1
            ],
            "type": 35666
        },
        "attrbute_17": {
            "bufferView": "bufferView_37",
            "byteOffset": 235824,
            "byteStride": 12,
            "count": 443,
            "max": [
                1,
                0.9998806715011597,
                0
            ],
            "min": [
                0.00011933276982745156,
                0,
                0
            ],
            "type": 35665
        },
        "attrbute_19": {
            "bufferView": "bufferView_37",
            "byteOffset": 241140,
            "byteStride": 12,
            "count": 226,
            "max": [
                23.969335556030273,
                33.69350051879883,
                117.21538543701172,
                0
            ],
            "min": [
                -24.64786148071289,
                -19.591188430786133,
                71.02180480957031,
                0
            ],
            "type": 35665
        },
        "attrbute_2": {
            "bufferView": "bufferView_37",
            "byteOffset": 33192,
            "byteStride": 12,
            "count": 2766,
            "max": [
                0.9991598129272461,
                0.999880313873291,
                0.9999906420707703,
                0
            ],
            "min": [
                -0.9991596341133118,
                -0.9999029636383057,
                -0.9993267059326172,
                0
            ],
            "type": 35665
        },
        "attrbute_20": {
            "bufferView": "bufferView_37",
            "byteOffset": 243852,
            "byteStride": 12,
            "count": 226,
            "max": [
                0.9717716574668884,
                0.961523175239563,
                0.9962381720542908,
                0
            ],
            "min": [
                -0.9228925704956055,
                -0.8065519332885742,
                -0.9782149791717529,
                0
            ],
            "type": 35665
        },
        "attrbute_21": {
            "bufferView": "bufferView_37",
            "byteOffset": 246564,
            "byteStride": 8,
            "count": 226,
            "max": [
                0.9911180138587952,
                0.9934800267219543
            ],
            "min": [
                0.005758120212703943,
                0.007272183895111084
            ],
            "type": 35664
        },
        "attrbute_22": {
            "bufferView": "bufferView_37",
            "byteOffset": 248372,
            "byteStride": 16,
            "count": 226,
            "max": [
                4,
                6,
                8,
                -1
            ],
            "min": [
                0,
                1,
                -1,
                -1
            ],
            "type": 35666
        },
        "attrbute_23": {
            "bufferView": "bufferView_37",
            "byteOffset": 251988,
            "byteStride": 12,
            "count": 226,
            "max": [
                0.9764429330825806,
                0.8399413228034973,
                0.840065062046051
            ],
            "min": [
                0.0004391303227748722,
                0.0062513104639947414,
                0
            ],
            "type": 35665
        },
        "attrbute_25": {
            "bufferView": "bufferView_37",
            "byteOffset": 254700,
            "byteStride": 12,
            "count": 395,
            "max": [
                33.751991271972656,
                51.071533203125,
                5.199936866760254,
                0
            ],
            "min": [
                -18.251949310302734,
                -35.54649353027344,
                -5.1948394775390625,
                0
            ],
            "type": 35665
        },
        "attrbute_26": {
            "bufferView": "bufferView_37",
            "byteOffset": 259440,
            "byteStride": 12,
            "count": 395,
            "max": [
                0.999635636806488,
                0.8884292840957642,
                0.9996438026428223,
                0
            ],
            "min": [
                -0.9952340126037598,
                -0.9988820552825928,
                -0.9996438026428223,
                0
            ],
            "type": 35665
        },
        "attrbute_27": {
            "bufferView": "bufferView_37",
            "byteOffset": 264180,
            "byteStride": 8,
            "count": 395,
            "max": [
                0.9906650185585022,
                0.9878799915313721
            ],
            "min": [
                0.009584990330040455,
                0.010720014572143555
            ],
            "type": 35664
        },
        "attrbute_28": {
            "bufferView": "bufferView_37",
            "byteOffset": 267340,
            "byteStride": 16,
            "count": 395,
            "max": [
                0,
                -1,
                -1,
                -1
            ],
            "min": [
                0,
                -1,
                -1,
                -1
            ],
            "type": 35666
        },
        "attrbute_29": {
            "bufferView": "bufferView_37",
            "byteOffset": 273660,
            "byteStride": 12,
            "count": 395,
            "max": [
                1,
                0,
                0
            ],
            "min": [
                1,
                0,
                0
            ],
            "type": 35665
        },
        "attrbute_3": {
            "bufferView": "bufferView_37",
            "byteOffset": 66384,
            "byteStride": 8,
            "count": 2766,
            "max": [
                0.9970129728317261,
                0.9975699782371521
            ],
            "min": [
                0.001292085275053978,
                0.004830002784729004
            ],
            "type": 35664
        },
        "attrbute_31": {
            "bufferView": "bufferView_37",
            "byteOffset": 278400,
            "byteStride": 12,
            "count": 284,
            "max": [
                17.953353881835938,
                -12.986239433288574,
                115.25098419189453,
                0
            ],
            "min": [
                -17.952959060668945,
                -46.24440383911133,
                66.60099792480469,
                0
            ],
            "type": 35665
        },
        "attrbute_32": {
            "bufferView": "bufferView_37",
            "byteOffset": 281808,
            "byteStride": 12,
            "count": 284,
            "max": [
                0.9978833794593811,
                0.9943332672119141,
                0.9916589260101318,
                0
            ],
            "min": [
                -0.9965175986289978,
                -0.9985333681106567,
                -0.9964736700057983,
                0
            ],
            "type": 35665
        },
        "attrbute_33": {
            "bufferView": "bufferView_37",
            "byteOffset": 285216,
            "byteStride": 8,
            "count": 284,
            "max": [
                0.992434024810791,
                0.9839270114898682
            ],
            "min": [
                0.012993800453841686,
                0.011687517166137695
            ],
            "type": 35664
        },
        "attrbute_34": {
            "bufferView": "bufferView_37",
            "byteOffset": 287488,
            "byteStride": 16,
            "count": 284,
            "max": [
                1,
                2,
                4,
                -1
            ],
            "min": [
                0,
                -1,
                -1,
                -1
            ],
            "type": 35666
        },
        "attrbute_35": {
            "bufferView": "bufferView_37",
            "byteOffset": 292032,
            "byteStride": 12,
            "count": 284,
            "max": [
                1,
                0.9596604704856873,
                0.10344293713569641
            ],
            "min": [
                0.04033951833844185,
                0,
                0
            ],
            "type": 35665
        },
        "attrbute_4": {
            "bufferView": "bufferView_37",
            "byteOffset": 88512,
            "byteStride": 16,
            "count": 2766,
            "max": [
                44,
                44,
                44,
                -1
            ],
            "min": [
                0,
                -1,
                -1,
                -1
            ],
            "type": 35666
        },
        "attrbute_5": {
            "bufferView": "bufferView_37",
            "byteOffset": 132768,
            "byteStride": 12,
            "count": 2766,
            "max": [
                1,
                0.9998892545700073,
                0.9997466802597046
            ],
            "min": [
                0.0001004227960947901,
                0,
                0
            ],
            "type": 35665
        },
        "attrbute_7": {
            "bufferView": "bufferView_37",
            "byteOffset": 165960,
            "byteStride": 12,
            "count": 810,
            "max": [
                42.28065490722656,
                29.49753189086914,
                118.25419616699219,
                0
            ],
            "min": [
                -26.022911071777344,
                -22.749393463134766,
                53.08891677856445,
                0
            ],
            "type": 35665
        },
        "attrbute_8": {
            "bufferView": "bufferView_37",
            "byteOffset": 175680,
            "byteStride": 12,
            "count": 810,
            "max": [
                0.9971703290939331,
                0.9998936653137207,
                0.9984028935432434,
                0
            ],
            "min": [
                -0.989530086517334,
                -0.9951016902923584,
                -0.997911274433136,
                0
            ],
            "type": 35665
        },
        "attrbute_9": {
            "bufferView": "bufferView_37",
            "byteOffset": 185400,
            "byteStride": 8,
            "count": 810,
            "max": [
                0.9897029995918274,
                0.9961140155792236
            ],
            "min": [
                0.007263139821588993,
                0.011233806610107422
            ],
            "type": 35664
        },
        "indices_12": {
            "bufferView": "bufferView_39",
            "byteOffset": 21540,
            "count": 2496,
            "type": 5123
        },
        "indices_18": {
            "bufferView": "bufferView_39",
            "byteOffset": 26532,
            "count": 1956,
            "type": 5123
        },
        "indices_24": {
            "bufferView": "bufferView_39",
            "byteOffset": 30444,
            "count": 702,
            "type": 5123
        },
        "indices_30": {
            "bufferView": "bufferView_39",
            "byteOffset": 31848,
            "count": 1230,
            "type": 5123
        },
        "indices_36": {
            "bufferView": "bufferView_39",
            "byteOffset": 34308,
            "count": 1143,
            "type": 5123
        },
        "indices_6": {
            "bufferView": "bufferView_39",
            "byteOffset": 0,
            "count": 10770,
            "type": 5123
        }
    },
    "animations": {},
    "asset": {},
    "bufferViews": {
        "bufferView_37": {
            "buffer": "slark.bin",
            "byteLength": 295440,
            "byteOffset": 0,
            "target": 34962
        },
        "bufferView_38": {
            "buffer": "slark.bin",
            "byteLength": 5568,
            "byteOffset": 295440
        },
        "bufferView_39": {
            "buffer": "slark.bin",
            "byteLength": 36594,
            "byteOffset": 301008,
            "target": 34963
        }
    },
    "buffers": {
        "slark.bin": {
            "byteLength": 337602,
            "path": "slark.bin"
        }
    },
    "cameras": {},
    "images": {
        "image_0": {
            "path": "textures/slark_color.png"
        },
        "image_1": {
            "path": "textures/slark_shoulder_color.png"
        },
        "image_2": {
            "path": "textures/slark_bracer_color.png"
        },
        "image_3": {
            "path": "textures/slark_cape_color.png"
        },
        "image_4": {
            "path": "textures/slark_weapon_color.png"
        },
        "image_5": {
            "path": "textures/slark_hood_color.png"
        }
    },
    "lights": {},
    "materials": {
        "Material #35": {
            "instanceTechnique": {
                "technique": "technique_0",
                "values": {
                    "ambient": [
                        0.5879999995231628,
                        0.5879999995231628,
                        0.5879999995231628
                    ],
                    "diffuse": "Map #11",
                    "emission": [
                        0,
                        0,
                        0
                    ],
                    "shininess": 2,
                    "specular": [
                        0.8999999761581421,
                        0.8999999761581421,
                        0.8999999761581421
                    ],
                    "transparency": 1
                }
            },
            "name": "Material #35"
        },
        "Material #46": {
            "instanceTechnique": {
                "technique": "technique_0",
                "values": {
                    "ambient": [
                        0.5879999995231628,
                        0.5879999995231628,
                        0.5879999995231628
                    ],
                    "diffuse": "Map #10",
                    "emission": [
                        0,
                        0,
                        0
                    ],
                    "shininess": 2,
                    "specular": [
                        0.8999999761581421,
                        0.8999999761581421,
                        0.8999999761581421
                    ],
                    "transparency": 1
                }
            },
            "name": "Material #46"
        },
        "Material #57": {
            "instanceTechnique": {
                "technique": "technique_0",
                "values": {
                    "ambient": [
                        0.5879999995231628,
                        0.5879999995231628,
                        0.5879999995231628
                    ],
                    "diffuse": "Map #7",
                    "emission": [
                        0,
                        0,
                        0
                    ],
                    "shininess": 2,
                    "specular": [
                        0.8999999761581421,
                        0.8999999761581421,
                        0.8999999761581421
                    ],
                    "transparency": 1
                }
            },
            "name": "Material #57"
        },
        "Material #68": {
            "instanceTechnique": {
                "technique": "technique_0",
                "values": {
                    "ambient": [
                        0.5879999995231628,
                        0.5879999995231628,
                        0.5879999995231628
                    ],
                    "diffuse": "Map #8",
                    "emission": [
                        0,
                        0,
                        0
                    ],
                    "shininess": 2,
                    "specular": [
                        0.8999999761581421,
                        0.8999999761581421,
                        0.8999999761581421
                    ],
                    "transparency": 1
                }
            },
            "name": "Material #68"
        },
        "Material #79": {
            "instanceTechnique": {
                "technique": "technique_0",
                "values": {
                    "ambient": [
                        0.5879999995231628,
                        0.5879999995231628,
                        0.5879999995231628
                    ],
                    "diffuse": "Map #12",
                    "emission": [
                        0,
                        0,
                        0
                    ],
                    "shininess": 2,
                    "specular": [
                        0.8999999761581421,
                        0.8999999761581421,
                        0.8999999761581421
                    ],
                    "transparency": 1
                }
            },
            "name": "Material #79"
        },
        "Material #90": {
            "instanceTechnique": {
                "technique": "technique_0",
                "values": {
                    "ambient": [
                        0.5879999995231628,
                        0.5879999995231628,
                        0.5879999995231628
                    ],
                    "diffuse": "Map #9",
                    "emission": [
                        0,
                        0,
                        0
                    ],
                    "shininess": 2,
                    "specular": [
                        0.8999999761581421,
                        0.8999999761581421,
                        0.8999999761581421
                    ],
                    "transparency": 1
                }
            },
            "name": "Material #90"
        }
    },
    "meshes": {
        "bracer_6k_model_LOD0-mesh": {
            "name": "bracer_6k_model_LOD0-mesh",
            "primitives": [
                {
                    "attributes": {
                        "JOINT": "attrbute_16",
                        "NORMAL": "attrbute_14",
                        "POSITION": "attrbute_13",
                        "TEXCOORD_0": "attrbute_15",
                        "WEIGHT": "attrbute_17"
                    },
                    "indices": "indices_18",
                    "material": "Material #57"
                }
            ]
        },
        "cape_6k_model_LOD0-mesh": {
            "name": "cape_6k_model_LOD0-mesh",
            "primitives": [
                {
                    "attributes": {
                        "JOINT": "attrbute_22",
                        "NORMAL": "attrbute_20",
                        "POSITION": "attrbute_19",
                        "TEXCOORD_0": "attrbute_21",
                        "WEIGHT": "attrbute_23"
                    },
                    "indices": "indices_24",
                    "material": "Material #68"
                }
            ]
        },
        "hood_6k_model_LOD0-mesh": {
            "name": "hood_6k_model_LOD0-mesh",
            "primitives": [
                {
                    "attributes": {
                        "JOINT": "attrbute_34",
                        "NORMAL": "attrbute_32",
                        "POSITION": "attrbute_31",
                        "TEXCOORD_0": "attrbute_33",
                        "WEIGHT": "attrbute_35"
                    },
                    "indices": "indices_36",
                    "material": "Material #90"
                }
            ]
        },
        "shoulder_6k_model_LOD0-mesh": {
            "name": "shoulder_6k_model_LOD0-mesh",
            "primitives": [
                {
                    "attributes": {
                        "JOINT": "attrbute_10",
                        "NORMAL": "attrbute_8",
                        "POSITION": "attrbute_7",
                        "TEXCOORD_0": "attrbute_9",
                        "WEIGHT": "attrbute_11"
                    },
                    "indices": "indices_12",
                    "material": "Material #46"
                }
            ]
        },
        "slark_6k_model_LOD0-mesh": {
            "name": "slark_6k_model_LOD0-mesh",
            "primitives": [
                {
                    "attributes": {
                        "JOINT": "attrbute_4",
                        "NORMAL": "attrbute_2",
                        "POSITION": "attrbute_1",
                        "TEXCOORD_0": "attrbute_3",
                        "WEIGHT": "attrbute_5"
                    },
                    "indices": "indices_6",
                    "material": "Material #35"
                }
            ]
        },
        "weapon_6k_model_LOD0-mesh": {
            "name": "weapon_6k_model_LOD0-mesh",
            "primitives": [
                {
                    "attributes": {
                        "JOINT": "attrbute_28",
                        "NORMAL": "attrbute_26",
                        "POSITION": "attrbute_25",
                        "TEXCOORD_0": "attrbute_27",
                        "WEIGHT": "attrbute_29"
                    },
                    "indices": "indices_30",
                    "material": "Material #79"
                }
            ]
        }
    },
    "nodes": {
        "Index_0_L": {
            "children": [
                "Index_1_L"
            ],
            "jointId": "Index_0_L",
            "matrix": [
                0.8549268841743469,
                0.5187411904335026,
                -0.0028091704007238245,
                0,
                -0.5182932788318829,
                0.8539367574905107,
                -0.046521857364447465,
                0,
                -0.021733948988315165,
                0.04122875914701544,
                0.9989135261824751,
                0,
                12.481166839599613,
                0.555347442626946,
                0.47637176513671164,
                1
            ],
            "name": "Index_0_L"
        },
        "Index_0_R": {
            "children": [
                "Index_1_R"
            ],
            "jointId": "Index_0_R",
            "matrix": [
                0.8549269437789919,
                0.5187407732009885,
                -0.002809551544487479,
                0,
                -0.5182929819800061,
                0.853936980382088,
                -0.046521872218647814,
                0,
                -0.021733611370847592,
                0.04122897168295327,
                0.998913405964847,
                0,
                -12.48116493225098,
                -0.5553245544433594,
                -0.47640228271484375,
                1
            ],
            "name": "Index_0_R"
        },
        "Index_1_L": {
            "children": [],
            "jointId": "Index_1_L",
            "matrix": [
                0.9999999999999996,
                2.9802322165650708e-8,
                3.3527612675748886e-8,
                0,
                -2.9802328382899645e-8,
                1.0000002384185784,
                -3.7252902991558035e-8,
                0,
                -3.3527613803319145e-8,
                3.7252893110573115e-8,
                0.9999999999999987,
                0,
                7.565280914306641,
                -0.000030517578125,
                0,
                1
            ],
            "name": "Index_1_L"
        },
        "Index_1_R": {
            "children": [],
            "jointId": "Index_1_R",
            "matrix": [
                1.0000003576278684,
                2.220446049250313e-16,
                3.725290301931361e-9,
                0,
                -5.551115123125783e-17,
                1.0000002384185793,
                7.450580596923828e-9,
                0,
                -3.7252889661942845e-9,
                -7.450578820566989e-9,
                1.0000000000000002,
                0,
                -7.565284729003903,
                0,
                -0.000003814697265625,
                1
            ],
            "name": "Index_1_R"
        },
        "LEar_R0C0": {
            "children": [
                "LEar_R1C0"
            ],
            "jointId": "LEar_R0C0",
            "matrix": [
                -0.35593581199645963,
                0.08877342194318749,
                0.9302840232849122,
                0,
                -0.9325392931814004,
                0.030876216056769407,
                -0.359745098826283,
                0,
                -0.06065949750702779,
                -0.9955732843196171,
                0.07179480467478049,
                0,
                13.158576965332028,
                11.419432640075685,
                0.529258728027358,
                1
            ],
            "name": "LEar_R0C0"
        },
        "LEar_R1C0": {
            "children": [
                "LEar_R2C0"
            ],
            "jointId": "LEar_R1C0",
            "matrix": [
                0.9160200357437134,
                0.25191494822502164,
                -0.31216341257095337,
                0,
                0.007786585676857166,
                -0.7892257577796873,
                -0.6140536965565038,
                0,
                -0.40105678039346637,
                0.560054898797544,
                -0.7249082895840455,
                0,
                3.8234939575195597,
                -0.000011444091803980427,
                -4.76837158203125e-7,
                1
            ],
            "name": "LEar_R1C0"
        },
        "LEar_R2C0": {
            "children": [
                "LEar_R3C0"
            ],
            "jointId": "LEar_R2C0",
            "matrix": [
                0.9818233251571655,
                0.09930409491062156,
                0.16174504160881037,
                0,
                -0.10404093180090301,
                0.9943499907724577,
                0.021062702888958285,
                0,
                -0.15873957923703808,
                -0.03750796048922089,
                0.9866077748141057,
                0,
                12.138629913330078,
                -0.000003814697272730427,
                0.0000152587890625,
                1
            ],
            "name": "LEar_R2C0"
        },
        "LEar_R3C0": {
            "children": [],
            "jointId": "LEar_R3C0",
            "matrix": [
                -0.9103844165802008,
                0.05747778713703178,
                0.40975186228752136,
                0,
                0.058491799243449966,
                0.9982370118888074,
                -0.010070563022314405,
                0,
                -0.4096083546390122,
                0.014799041700936669,
                -0.9121415020461121,
                0,
                22.949760437011733,
                0.000007629394538355427,
                0.00000762939453125,
                1
            ],
            "name": "LEar_R3C0"
        },
        "REar_R0C0": {
            "children": [
                "REar_R1C0"
            ],
            "jointId": "REar_R0C0",
            "matrix": [
                -0.3559339940547944,
                -0.08879380673170077,
                0.9302826523780822,
                0,
                -0.8105352364170415,
                -0.46613811439837094,
                -0.35460966709090197,
                0,
                0.46512761788459384,
                -0.8802450236413489,
                0.09394394708930441,
                0,
                13.158586502075195,
                -11.419400215148926,
                0.5292968750000142,
                1
            ],
            "name": "REar_R0C0"
        },
        "REar_R1C0": {
            "children": [
                "REar_R2C0"
            ],
            "jointId": "REar_R1C0",
            "matrix": [
                0.916134834289551,
                0.37659400701522844,
                0.13738244771957392,
                0,
                0.008278010110779582,
                -0.36040994615363714,
                0.9327570915800247,
                0,
                0.40078475890614707,
                -0.853394069070893,
                -0.3333015782721314,
                0,
                3.8234710693359375,
                -7.105427357601002e-15,
                -0.00000762939453125,
                1
            ],
            "name": "REar_R1C0"
        },
        "REar_R2C0": {
            "children": [
                "REar_R3C0"
            ],
            "jointId": "REar_R2C0",
            "matrix": [
                0.9845541119575504,
                -0.03487324714660647,
                -0.17157199978828436,
                0,
                0.05502252926898357,
                0.9919417600212168,
                0.11412367585611052,
                0,
                0.1662095256270204,
                -0.12180122845400174,
                0.9785389017578947,
                0,
                12.138301849365227,
                0.000003814697272730427,
                0,
                1
            ],
            "name": "REar_R2C0"
        },
        "REar_R3C0": {
            "children": [],
            "jointId": "REar_R3C0",
            "matrix": [
                1.0000003576278687,
                2.3841857918482923e-7,
                5.364418030340268e-7,
                0,
                -2.3841855523176747e-7,
                1.0000003576278518,
                -4.4703483609298544e-8,
                0,
                -5.364417496878104e-7,
                4.470335027151329e-8,
                1.0000002384185498,
                0,
                22.950084686279304,
                -0.000003814697265625,
                -0.000007629394517039145,
                1
            ],
            "name": "REar_R3C0"
        },
        "Tail_R0C0": {
            "children": [
                "Tail_R1C0"
            ],
            "jointId": "Tail_R0C0",
            "matrix": [
                -0.6582406759262087,
                7.597615545119137e-17,
                -0.7528075575828554,
                0,
                -0.047848129309580364,
                0.9979780317471848,
                0.041837498390252845,
                0,
                0.7512854357044734,
                0.06355957921130859,
                -0.656909761373112,
                0,
                -10.333904266357422,
                -0.0000019073488601861754,
                -7.508003234863281,
                1
            ],
            "name": "Tail_R0C0"
        },
        "Tail_R1C0": {
            "children": [
                "Tail_R2C0"
            ],
            "jointId": "Tail_R1C0",
            "matrix": [
                0.9928322434425348,
                -0.0034091025590896676,
                -0.1194661557674409,
                0,
                -0.11949469473166602,
                -0.009968094137878844,
                -0.9927849676988634,
                0,
                0.00219365590796098,
                0.9999445080928535,
                -0.010304015033692129,
                0,
                3.4399833679199254,
                0.0000021457672119140625,
                0.000003814697265625,
                1
            ],
            "name": "Tail_R1C0"
        },
        "Tail_R2C0": {
            "children": [
                "Tail_R3C0"
            ],
            "jointId": "Tail_R2C0",
            "matrix": [
                0.9924929738044737,
                0.11922797560691822,
                0.02725978381931781,
                0,
                -0.11934010634531406,
                0.9928503162477389,
                0.0025196000948308622,
                0,
                -0.026764464907592163,
                -0.005753868040290468,
                0.9996251469706898,
                0,
                14.235824584960934,
                -0.000007629394524144573,
                -0.000007390975952592527,
                1
            ],
            "name": "Tail_R2C0"
        },
        "Tail_R3C0": {
            "children": [
                "Tail_R4C0"
            ],
            "jointId": "Tail_R3C0",
            "matrix": [
                0.9776124954223631,
                0.2103845477104187,
                0.0034155715256929363,
                0,
                -0.20983070671117,
                0.9735758742925078,
                0.09011693270806617,
                0,
                0.01563389376933383,
                -0.08881614076632113,
                0.9959251849690496,
                0,
                17.5631217956543,
                0.000019073486335230427,
                0,
                1
            ],
            "name": "Tail_R3C0"
        },
        "Tail_R4C0": {
            "children": [
                "Tail_R5C0"
            ],
            "jointId": "Tail_R4C0",
            "matrix": [
                0.989692389965057,
                0.14320616424083712,
                0.0011816034093499184,
                0,
                -0.14320440298493456,
                0.9895333544127798,
                0.017799347640317396,
                0,
                0.0013797396698631975,
                -0.01778508138383337,
                0.9998409152723854,
                0,
                21.783725738525384,
                -0.000015258789069605427,
                0.0000018477439880371094,
                1
            ],
            "name": "Tail_R4C0"
        },
        "Tail_R5C0": {
            "children": [],
            "jointId": "Tail_R5C0",
            "matrix": [
                0.9999999999999998,
                -4.023313522338867e-7,
                4.76837158203125e-7,
                0,
                4.023311275525021e-7,
                0.9999998211861282,
                3.203749656538468e-7,
                0,
                -4.768372871052223e-7,
                -3.20374831108694e-7,
                0.9999999999999977,
                0,
                12.16439819335936,
                0.000007629394538355427,
                9.5367431640625e-7,
                1
            ],
            "name": "Tail_R5C0"
        },
        "Thumb_0_L": {
            "children": [
                "Thumb_1_L"
            ],
            "jointId": "Thumb_0_L",
            "matrix": [
                0.7629274725914001,
                0.517168402671814,
                -0.3879156112670899,
                0,
                -0.18692132114345023,
                0.7508752240318392,
                0.6334406813439205,
                0,
                0.6188717825000714,
                -0.41075963642466146,
                0.669533198163276,
                0,
                7.4027686119079625,
                0.07152175903320312,
                -5.668376922607422,
                1
            ],
            "name": "Thumb_0_L"
        },
        "Thumb_0_R": {
            "children": [
                "Thumb_1_R"
            ],
            "jointId": "Thumb_0_R",
            "matrix": [
                0.7629275321960454,
                0.517168462276459,
                -0.38791543245315563,
                0,
                -0.18692165092928603,
                0.750875215464692,
                0.6334403999654279,
                0,
                0.6188714146444887,
                -0.41075928369748216,
                0.6695332855496859,
                0,
                -7.402766704559327,
                -0.0715026855468679,
                5.668365478515632,
                1
            ],
            "name": "Thumb_0_R"
        },
        "Thumb_1_L": {
            "children": [],
            "jointId": "Thumb_1_L",
            "matrix": [
                0.9999998807907106,
                8.940696710757479e-8,
                2.831220626553499e-7,
                0,
                -8.940693352332829e-8,
                0.9999998807907104,
                -1.192092894952701e-7,
                0,
                -2.83122022687321e-7,
                1.1920924281039191e-7,
                0.9999997019768564,
                0,
                7.565299987792962,
                -0.000003814697269177714,
                0.00000762939453125,
                1
            ],
            "name": "Thumb_1_L"
        },
        "Thumb_1_R": {
            "children": [],
            "jointId": "Thumb_1_R",
            "matrix": [
                1,
                8.940696727410824e-8,
                4.470348358154297e-8,
                0,
                -8.940698464909858e-8,
                0.9999999403953588,
                5.06639480479798e-7,
                0,
