{
    "animations": {},
    "asset": {},
    "attributes": {
        "attribute_1": {
            "bufferView": "bufferView_37",
            "byteOffset": 0,
            "byteStride": 12,
            "count": 2393,
            "max": [
                1,
                1,
                1
            ],
            "min": [
                0,
                0,
                0
            ],
            "type": "FLOAT_VEC3"
        },
        "attribute_10": {
            "bufferView": "bufferView_37",
            "byteOffset": 164668,
            "byteStride": 16,
            "count": 659,
            "max": [
                1,
                1,
                1
            ],
            "min": [
                0,
                0,
                0
            ],
            "type": "FLOAT_VEC4"
        },
        "attribute_11": {
            "bufferView": "bufferView_37",
            "byteOffset": 175212,
            "byteStride": 12,
            "count": 659,
            "max": [
                1,
                1,
                1
            ],
            "min": [
                0,
                0,
                0
            ],
            "type": "FLOAT_VEC3"
        },
        "attribute_13": {
            "bufferView": "bufferView_37",
            "byteOffset": 183120,
            "byteStride": 12,
            "count": 439,
            "max": [
                1,
                1,
                1
            ],
            "min": [
                0,
                0,
                0
            ],
            "type": "FLOAT_VEC3"
        },
        "attribute_14": {
            "bufferView": "bufferView_37",
            "byteOffset": 188388,
            "byteStride": 12,
            "count": 439,
            "max": [
                1,
                1,
                1
            ],
            "min": [
                0,
                0,
                0
            ],
            "type": "FLOAT_VEC3"
        },
        "attribute_15": {
            "bufferView": "bufferView_37",
            "byteOffset": 193656,
            "byteStride": 8,
            "count": 439,
            "max": [
                1,
                1,
                1
            ],
            "min": [
                0,
                0,
                0
            ],
            "type": "FLOAT_VEC2"
        },
        "attribute_16": {
            "bufferView": "bufferView_37",
            "byteOffset": 197168,
            "byteStride": 16,
            "count": 439,
            "max": [
                1,
                1,
                1
            ],
            "min": [
                0,
                0,
                0
            ],
            "type": "FLOAT_VEC4"
        },
        "attribute_17": {
            "bufferView": "bufferView_37",
            "byteOffset": 204192,
            "byteStride": 12,
            "count": 439,
            "max": [
                1,
                1,
                1
            ],
            "min": [
                0,
                0,
                0
            ],
            "type": "FLOAT_VEC3"
        },
        "attribute_19": {
            "bufferView": "bufferView_37",
            "byteOffset": 209460,
            "byteStride": 12,
            "count": 201,
            "max": [
                1,
                1,
                1
            ],
            "min": [
                0,
                0,
                0
            ],
            "type": "FLOAT_VEC3"
        },
        "attribute_2": {
            "bufferView": "bufferView_37",
            "byteOffset": 28716,
            "byteStride": 12,
            "count": 2393,
            "max": [
                1,
                1,
                1
            ],
            "min": [
                0,
                0,
                0
            ],
            "type": "FLOAT_VEC3"
        },
        "attribute_20": {
            "bufferView": "bufferView_37",
            "byteOffset": 211872,
            "byteStride": 12,
            "count": 201,
            "max": [
                1,
                1,
                1
            ],
            "min": [
                0,
                0,
                0
            ],
            "type": "FLOAT_VEC3"
        },
        "attribute_21": {
            "bufferView": "bufferView_37",
            "byteOffset": 214284,
            "byteStride": 8,
            "count": 201,
            "max": [
                1,
                1,
                1
            ],
            "min": [
                0,
                0,
                0
            ],
            "type": "FLOAT_VEC2"
        },
        "attribute_22": {
            "bufferView": "bufferView_37",
            "byteOffset": 215892,
            "byteStride": 16,
            "count": 201,
            "max": [
                1,
                1,
                1
            ],
            "min": [
                0,
                0,
                0
            ],
            "type": "FLOAT_VEC4"
        },
        "attribute_23": {
            "bufferView": "bufferView_37",
            "byteOffset": 219108,
            "byteStride": 12,
            "count": 201,
            "max": [
                1,
                1,
                1
            ],
            "min": [
                0,
                0,
                0
            ],
            "type": "FLOAT_VEC3"
        },
        "attribute_25": {
            "bufferView": "bufferView_37",
            "byteOffset": 221520,
            "byteStride": 12,
            "count": 373,
            "max": [
                1,
                1,
                1
            ],
            "min": [
                0,
                0,
                0
            ],
            "type": "FLOAT_VEC3"
        },
        "attribute_26": {
            "bufferView": "bufferView_37",
            "byteOffset": 225996,
            "byteStride": 12,
            "count": 373,
            "max": [
                1,
                1,
                1
            ],
            "min": [
                0,
                0,
                0
            ],
            "type": "FLOAT_VEC3"
        },
        "attribute_27": {
            "bufferView": "bufferView_37",
            "byteOffset": 230472,
            "byteStride": 8,
            "count": 373,
            "max": [
                1,
                1,
                1
            ],
            "min": [
                0,
                0,
                0
            ],
            "type": "FLOAT_VEC2"
        },
        "attribute_28": {
            "bufferView": "bufferView_37",
            "byteOffset": 233456,
            "byteStride": 16,
            "count": 373,
            "max": [
                1,
                1,
                1
            ],
            "min": [
                0,
                0,
                0
            ],
            "type": "FLOAT_VEC4"
        },
        "attribute_29": {
            "bufferView": "bufferView_37",
            "byteOffset": 239424,
            "byteStride": 12,
            "count": 373,
            "max": [
                1,
                1,
                1
            ],
            "min": [
                0,
                0,
                0
            ],
            "type": "FLOAT_VEC3"
        },
        "attribute_3": {
            "bufferView": "bufferView_37",
            "byteOffset": 57432,
            "byteStride": 8,
            "count": 2393,
            "max": [
                1,
                1,
                1
            ],
            "min": [
                0,
                0,
                0
            ],
            "type": "FLOAT_VEC2"
        },
        "attribute_31": {
            "bufferView": "bufferView_37",
            "byteOffset": 243900,
            "byteStride": 12,
            "count": 284,
            "max": [
                1,
                1,
                1
            ],
            "min": [
                0,
                0,
                0
            ],
            "type": "FLOAT_VEC3"
        },
        "attribute_32": {
            "bufferView": "bufferView_37",
            "byteOffset": 247308,
            "byteStride": 12,
            "count": 284,
            "max": [
                1,
                1,
                1
            ],
            "min": [
                0,
                0,
                0
            ],
            "type": "FLOAT_VEC3"
        },
        "attribute_33": {
            "bufferView": "bufferView_37",
            "byteOffset": 250716,
            "byteStride": 8,
            "count": 284,
            "max": [
                1,
                1,
                1
            ],
            "min": [
                0,
                0,
                0
            ],
            "type": "FLOAT_VEC2"
        },
        "attribute_34": {
            "bufferView": "bufferView_37",
            "byteOffset": 252988,
            "byteStride": 16,
            "count": 284,
            "max": [
                1,
                1,
                1
            ],
            "min": [
                0,
                0,
                0
            ],
            "type": "FLOAT_VEC4"
        },
        "attribute_35": {
            "bufferView": "bufferView_37",
            "byteOffset": 257532,
            "byteStride": 12,
            "count": 284,
            "max": [
                1,
                1,
                1
            ],
            "min": [
                0,
                0,
                0
            ],
            "type": "FLOAT_VEC3"
        },
        "attribute_4": {
            "bufferView": "bufferView_37",
            "byteOffset": 76576,
            "byteStride": 16,
            "count": 2393,
            "max": [
                1,
                1,
                1
            ],
            "min": [
                0,
                0,
                0
            ],
            "type": "FLOAT_VEC4"
        },
        "attribute_5": {
            "bufferView": "bufferView_37",
            "byteOffset": 114864,
            "byteStride": 12,
            "count": 2393,
            "max": [
                1,
                1,
                1
            ],
            "min": [
                0,
                0,
                0
            ],
            "type": "FLOAT_VEC3"
        },
        "attribute_7": {
            "bufferView": "bufferView_37",
            "byteOffset": 143580,
            "byteStride": 12,
            "count": 659,
            "max": [
                1,
                1,
                1
            ],
            "min": [
                0,
                0,
                0
            ],
            "type": "FLOAT_VEC3"
        },
        "attribute_8": {
            "bufferView": "bufferView_37",
            "byteOffset": 151488,
            "byteStride": 12,
            "count": 659,
            "max": [
                1,
                1,
                1
            ],
            "min": [
                0,
                0,
                0
            ],
            "type": "FLOAT_VEC3"
        },
        "attribute_9": {
            "bufferView": "bufferView_37",
            "byteOffset": 159396,
            "byteStride": 8,
            "count": 659,
            "max": [
                1,
                1,
                1
            ],
            "min": [
                0,
                0,
                0
            ],
            "type": "FLOAT_VEC2"
        }
    },
    "bufferViews": {
        "bufferView_37": {
            "buffer": "slark.bin",
            "byteLength": 260940,
            "byteOffset": 0,
            "target": "ARRAY_BUFFER"
        },
        "bufferView_38": {
            "buffer": "slark.bin",
            "byteLength": 36594,
            "byteOffset": 260940,
            "target": "ELEMENT_ARRAY_BUFFER"
        }
    },
    "buffers": {
        "slark.bin": {
            "byteLength": 297534,
            "path": "slark.bin"
        }
    },
    "cameras": {},
    "images": {
        "image_0": {
            "path": "textures/slark_color.png"
        },
        "image_1": {
            "path": "textures/slark_shoulder_color.png"
        },
        "image_2": {
            "path": "textures/slark_bracer_color.png"
        },
        "image_3": {
            "path": "textures/slark_cape_color.png"
        },
        "image_4": {
            "path": "textures/slark_weapon_color.png"
        },
        "image_5": {
            "path": "textures/slark_hood_color.png"
        }
    },
    "indices": {
        "indices_12": {
            "bufferView": "bufferView_38",
            "byteOffset": 21540,
            "count": 2496,
            "type": "UNSIGNED_SHORT"
        },
        "indices_18": {
            "bufferView": "bufferView_38",
            "byteOffset": 26532,
            "count": 1956,
            "type": "UNSIGNED_SHORT"
        },
        "indices_24": {
            "bufferView": "bufferView_38",
            "byteOffset": 30444,
            "count": 702,
            "type": "UNSIGNED_SHORT"
        },
        "indices_30": {
            "bufferView": "bufferView_38",
            "byteOffset": 31848,
            "count": 1230,
            "type": "UNSIGNED_SHORT"
        },
        "indices_36": {
            "bufferView": "bufferView_38",
            "byteOffset": 34308,
            "count": 1143,
            "type": "UNSIGNED_SHORT"
        },
        "indices_6": {
            "bufferView": "bufferView_38",
            "byteOffset": 0,
            "count": 10770,
            "type": "UNSIGNED_SHORT"
        }
    },
    "lights": {},
    "materials": {
        "Material #35": {
            "instanceTechnique": {
                "technique": "technique_0",
                "values": [
                    {
                        "parameter": "ambient",
                        "value": [
                            0.5879999995231628,
                            0.5879999995231628,
                            0.5879999995231628
                        ]
                    },
                    {
                        "parameter": "emission",
                        "value": [
                            0,
                            0,
                            0
                        ]
                    },
                    {
                        "parameter": "diffuse",
                        "value": "Map #11"
                    },
                    {
                        "parameter": "shininess",
                        "value": 2
                    },
                    {
                        "parameter": "specular",
                        "value": [
                            0.8999999761581421,
                            0.8999999761581421,
                            0.8999999761581421
                        ]
                    }
                ]
            },
            "name": "Material #35"
        },
        "Material #46": {
            "instanceTechnique": {
                "technique": "technique_0",
                "values": [
                    {
                        "parameter": "ambient",
                        "value": [
                            0.5879999995231628,
                            0.5879999995231628,
                            0.5879999995231628
                        ]
                    },
                    {
                        "parameter": "emission",
                        "value": [
                            0,
                            0,
                            0
                        ]
                    },
                    {
                        "parameter": "diffuse",
                        "value": "Map #10"
                    },
                    {
                        "parameter": "shininess",
                        "value": 2
                    },
                    {
                        "parameter": "specular",
                        "value": [
                            0.8999999761581421,
                            0.8999999761581421,
                            0.8999999761581421
                        ]
                    }
                ]
            },
            "name": "Material #46"
        },
        "Material #57": {
            "instanceTechnique": {
                "technique": "technique_0",
                "values": [
                    {
                        "parameter": "ambient",
                        "value": [
                            0.5879999995231628,
                            0.5879999995231628,
                            0.5879999995231628
                        ]
                    },
                    {
                        "parameter": "emission",
                        "value": [
                            0,
                            0,
                            0
                        ]
                    },
                    {
                        "parameter": "diffuse",
                        "value": "Map #7"
                    },
                    {
                        "parameter": "shininess",
                        "value": 2
                    },
                    {
                        "parameter": "specular",
                        "value": [
                            0.8999999761581421,
                            0.8999999761581421,
                            0.8999999761581421
                        ]
                    }
                ]
            },
            "name": "Material #57"
        },
        "Material #68": {
            "instanceTechnique": {
                "technique": "technique_0",
                "values": [
                    {
                        "parameter": "ambient",
                        "value": [
                            0.5879999995231628,
                            0.5879999995231628,
                            0.5879999995231628
                        ]
                    },
                    {
                        "parameter": "emission",
                        "value": [
                            0,
                            0,
                            0
                        ]
                    },
                    {
                        "parameter": "diffuse",
                        "value": "Map #8"
                    },
                    {
                        "parameter": "shininess",
                        "value": 2
                    },
                    {
                        "parameter": "specular",
                        "value": [
                            0.8999999761581421,
                            0.8999999761581421,
                            0.8999999761581421
                        ]
                    }
                ]
            },
            "name": "Material #68"
        },
        "Material #79": {
            "instanceTechnique": {
                "technique": "technique_0",
                "values": [
                    {
                        "parameter": "ambient",
                        "value": [
                            0.5879999995231628,
                            0.5879999995231628,
                            0.5879999995231628
                        ]
                    },
                    {
                        "parameter": "emission",
                        "value": [
                            0,
                            0,
                            0
                        ]
                    },
                    {
                        "parameter": "diffuse",
                        "value": "Map #12"
                    },
                    {
                        "parameter": "shininess",
                        "value": 2
                    },
                    {
                        "parameter": "specular",
                        "value": [
                            0.8999999761581421,
                            0.8999999761581421,
                            0.8999999761581421
                        ]
                    }
                ]
            },
            "name": "Material #79"
        },
        "Material #90": {
            "instanceTechnique": {
                "technique": "technique_0",
                "values": [
                    {
                        "parameter": "ambient",
                        "value": [
                            0.5879999995231628,
                            0.5879999995231628,
                            0.5879999995231628
                        ]
                    },
                    {
                        "parameter": "emission",
                        "value": [
                            0,
                            0,
                            0
                        ]
                    },
                    {
                        "parameter": "diffuse",
                        "value": "Map #9"
                    },
                    {
                        "parameter": "shininess",
                        "value": 2
                    },
                    {
                        "parameter": "specular",
                        "value": [
                            0.8999999761581421,
                            0.8999999761581421,
                            0.8999999761581421
                        ]
                    }
                ]
            },
            "name": "Material #90"
        }
    },
    "meshes": {
        "bracer_6k_model_LOD0-mesh": {
            "name": "bracer_6k_model_LOD0-mesh",
            "primitives": [
                {
                    "indices": "indices_18",
                    "material": "Material #57",
                    "semantics": {
                        "JOINT": "attribute_16",
                        "NORMAL": "attribute_14",
                        "POSITION": "attribute_13",
                        "TEXCOORD_0": "attribute_15",
                        "WEIGHT": "attribute_17"
                    },
                    "skin": "skin_2"
                }
            ]
        },
        "cape_6k_model_LOD0-mesh": {
            "name": "cape_6k_model_LOD0-mesh",
            "primitives": [
                {
                    "indices": "indices_24",
                    "material": "Material #68",
                    "semantics": {
                        "JOINT": "attribute_22",
                        "NORMAL": "attribute_20",
                        "POSITION": "attribute_19",
                        "TEXCOORD_0": "attribute_21",
                        "WEIGHT": "attribute_23"
                    },
                    "skin": "skin_3"
                }
            ]
        },
        "hood_6k_model_LOD0-mesh": {
            "name": "hood_6k_model_LOD0-mesh",
            "primitives": [
                {
                    "indices": "indices_36",
                    "material": "Material #90",
                    "semantics": {
                        "JOINT": "attribute_34",
                        "NORMAL": "attribute_32",
                        "POSITION": "attribute_31",
                        "TEXCOORD_0": "attribute_33",
                        "WEIGHT": "attribute_35"
                    },
                    "skin": "skin_5"
                }
            ]
        },
        "shoulder_6k_model_LOD0-mesh": {
            "name": "shoulder_6k_model_LOD0-mesh",
            "primitives": [
                {
                    "indices": "indices_12",
                    "material": "Material #46",
                    "semantics": {
                        "JOINT": "attribute_10",
                        "NORMAL": "attribute_8",
                        "POSITION": "attribute_7",
                        "TEXCOORD_0": "attribute_9",
                        "WEIGHT": "attribute_11"
                    },
                    "skin": "skin_1"
                }
            ]
        },
        "slark_6k_model_LOD0-mesh": {
            "name": "slark_6k_model_LOD0-mesh",
            "primitives": [
                {
                    "indices": "indices_6",
                    "material": "Material #35",
                    "semantics": {
                        "JOINT": "attribute_4",
                        "NORMAL": "attribute_2",
                        "POSITION": "attribute_1",
                        "TEXCOORD_0": "attribute_3",
                        "WEIGHT": "attribute_5"
                    },
                    "skin": "skin_0"
                }
            ]
        },
        "weapon_6k_model_LOD0-mesh": {
            "name": "weapon_6k_model_LOD0-mesh",
            "primitives": [
                {
                    "indices": "indices_30",
                    "material": "Material #79",
                    "semantics": {
                        "JOINT": "attribute_28",
                        "NORMAL": "attribute_26",
                        "POSITION": "attribute_25",
                        "TEXCOORD_0": "attribute_27",
                        "WEIGHT": "attribute_29"
                    },
                    "skin": "skin_4"
                }
            ]
        }
    },
    "nodes": {
        "Index_0_L": {
            "children": [
                "Index_1_L"
            ],
            "matrix": [
                0.854926884174347,
                0.5187411904335025,
                -0.0028091704007238228,
                0,
                -0.5182932788318828,
                0.853936757490511,
                -0.04652185736444746,
                0,
                -0.02173394898831517,
                0.04122875914701545,
                0.9989135261824751,
                0,
                12.481166839599613,
                0.5553474426269531,
                0.47637176513671875,
                1
            ],
            "name": "Index_0_L"
        },
        "Index_0_R": {
            "children": [
                "Index_1_R"
            ],
            "matrix": [
                0.854926943778992,
                0.5187407732009885,
                -0.0028095515444874733,
                0,
                -0.5182929819800062,
                0.8539369803820881,
                -0.046521872218647814,
                0,
                -0.021733611370847596,
                0.04122897168295327,
                0.998913405964847,
                0,
                -12.481164932250977,
                -0.5553245544433594,
                -0.47640228271484375,
                1
            ],
            "name": "Index_0_R"
        },
        "Index_1_L": {
            "children": [],
            "matrix": [
                0.9999999999999996,
                2.9802322110139556e-8,
                3.3527612675748886e-8,
                0,
                -2.980232821636619e-8,
                1.0000002384185782,
                -3.7252902991558035e-8,
                0,
                -3.35276137998497e-8,
                3.725289310363422e-8,
                0.9999999999999988,
                0,
                7.565280914306641,
                -0.000030517578125,
                0,
                1
            ],
            "name": "Index_1_L"
        },
        "Index_1_R": {
            "children": [],
            "matrix": [
                1.0000003576278689,
                0,
                3.725290294992467e-9,
                0,
                0,
                1.0000002384185795,
                7.450580603862722e-9,
                0,
                -3.7252889696637315e-9,
                -7.450578827505883e-9,
                1.0000000000000002,
                0,
                -7.565284729003906,
                0,
                -0.0000038146972585195726,
                1
            ],
            "name": "Index_1_R"
        },
        "LEar_R0C0": {
            "children": [
                "LEar_R1C0"
            ],
            "matrix": [
                -0.35593581199645963,
                0.0887734219431875,
                0.9302840232849122,
                0,
                -0.9325392931814005,
                0.030876216056769396,
                -0.35974509882628325,
                0,
                -0.0606594975070278,
                -0.9955732843196172,
                0.0717948046747805,
                0,
                13.158576965332031,
                11.419432640075687,
                0.5292587280273438,
                1
            ],
            "name": "LEar_R0C0"
        },
        "LEar_R1C0": {
            "children": [
                "LEar_R2C0"
            ],
            "matrix": [
                0.9160200357437135,
                0.2519149482250215,
                -0.31216341257095337,
                0,
                0.0077865856768572494,
                -0.7892257577796873,
                -0.6140536965565039,
                0,
                -0.40105678039346637,
                0.5600548987975439,
                -0.7249082895840457,
                0,
                3.8234939575195455,
                -0.000011444091789769573,
                -4.76837158203125e-7,
                1
            ],
            "name": "LEar_R1C0"
        },
        "LEar_R2C0": {
            "children": [
                "LEar_R3C0"
            ],
            "matrix": [
                0.9818233251571657,
                0.0993040949106215,
                0.16174504160881054,
                0,
                -0.10404093180090299,
                0.9943499907724574,
                0.02106270288895816,
                0,
                -0.15873957923703802,
                -0.03750796048922106,
                0.9866077748141054,
                0,
                12.138629913330092,
                -0.000003814697265625,
                0.000015258789048289145,
                1
            ],
            "name": "LEar_R2C0"
        },
        "LEar_R3C0": {
            "children": [],
            "matrix": [
                -0.9103844165802006,
                0.05747778713703175,
                0.4097518622875215,
                0,
                0.058491799243449744,
                0.9982370118888076,
                -0.0100705630223146,
                0,
                -0.409608354639012,
                0.014799041700936641,
                -0.9121415020461121,
                0,
                22.94976043701172,
                0.00000762939453125,
                0.00000762939453125,
                1
            ],
            "name": "LEar_R3C0"
        },
        "REar_R0C0": {
            "children": [
                "REar_R1C0"
            ],
            "matrix": [
                -0.3559339940547945,
                -0.08879380673170079,
                0.9302826523780825,
                0,
                -0.8105352364170418,
                -0.4661381143983711,
                -0.35460966709090214,
                0,
                0.46512761788459384,
                -0.880245023641349,
                0.09394394708930441,
                0,
                13.158586502075199,
                -11.419400215148928,
                0.5292968749999858,
                1
            ],
            "name": "REar_R0C0"
        },
        "REar_R1C0": {
            "children": [
                "REar_R2C0"
            ],
            "matrix": [
                0.916134834289551,
                0.3765940070152283,
                0.137382447719574,
                0,
                0.008278010110779527,
                -0.3604099461536369,
                0.932757091580025,
                0,
                0.40078475890614684,
                -0.8533940690708927,
                -0.3333015782721312,
                0,
                3.8234710693359375,
                0,
                -0.00000762939453125,
                1
            ],
            "name": "REar_R1C0"
        },
        "REar_R2C0": {
            "children": [
                "REar_R3C0"
            ],
            "matrix": [
                0.9845541119575504,
                -0.0348732471466065,
                -0.1715719997882842,
                0,
                0.05502252926898371,
                0.9919417600212165,
                0.11412367585611038,
                0,
                0.1662095256270203,
                -0.12180122845400182,
                0.9785389017578947,
                0,
                12.138301849365234,
                0.000003814697265625,
                0,
                1
            ],
            "name": "REar_R2C0"
        },
        "REar_R3C0": {
            "children": [],
            "matrix": [
                1.0000003576278687,
                2.384185791293181e-7,
                5.364418029230045e-7,
                0,
                -2.3841855506523402e-7,
                1.0000003576278513,
                -4.470348349827624e-8,
                0,
                -5.364417495767881e-7,
                4.470335032702444e-8,
                1.0000002384185496,
                0,
                22.950084686279297,
                -0.000003814697272730427,
                -0.000007629394517039145,
                1
            ],
            "name": "REar_R3C0"
        },
        "Tail_R0C0": {
            "children": [
                "Tail_R1C0"
            ],
            "matrix": [
                -0.6582406759262087,
                7.597615545119137e-17,
                -0.7528075575828554,
                0,
                -0.047848129309580364,
                0.9979780317471848,
                0.041837498390252845,
                0,
                0.7512854357044734,
                0.06355957921130859,
                -0.656909761373112,
                0,
                -10.333904266357422,
                -0.0000019073488601861754,
                -7.508003234863281,
                1
            ],
            "name": "Tail_R0C0"
        },
        "Tail_R1C0": {
            "children": [
                "Tail_R2C0"
            ],
            "matrix": [
                0.9928322434425351,
                -0.0034091025590896537,
                -0.11946615576744107,
                0,
                -0.11949469473166591,
                -0.009968094137878837,
                -0.9927849676988635,
                0,
                0.0021936559079610007,
                0.9999445080928536,
                -0.010304015033692125,
                0,
                3.4399833679199254,
                0.0000021457672119140625,
                0.000003814697265625,
                1
            ],
            "name": "Tail_R1C0"
        },
        "Tail_R2C0": {
            "children": [
                "Tail_R3C0"
            ],
            "matrix": [
                0.9924929738044737,
                0.11922797560691817,
                0.02725978381931781,
                0,
                -0.11934010634531417,
                0.9928503162477391,
                0.0025196000948308553,
                0,
                -0.026764464907592177,
                -0.005753868040290475,
                0.99962514697069,
                0,
                14.235824584960941,
                -0.000007629394538355427,
                -0.000007390975952592527,
                1
            ],
            "name": "Tail_R2C0"
        },
        "Tail_R3C0": {
            "children": [
                "Tail_R4C0"
            ],
            "matrix": [
                0.9776124954223635,
                0.21038454771041876,
                0.0034155715256929363,
                0,
                -0.20983070671117027,
                0.973575874292508,
                0.09011693270806617,
                0,
                0.015633893769333843,
                -0.08881614076632117,
                0.9959251849690497,
                0,
                17.563121795654297,
                0.000019073486328125,
                0,
                1
            ],
            "name": "Tail_R3C0"
        },
        "Tail_R4C0": {
            "children": [
                "Tail_R5C0"
            ],
            "matrix": [
                0.9896923899650573,
                0.14320616424083715,
                0.0011816034093499175,
                0,
                -0.1432044029849346,
                0.9895333544127796,
                0.017799347640317393,
                0,
                0.001379739669863194,
                -0.01778508138383337,
                0.9998409152723853,
                0,
                21.783725738525376,
                -0.0000152587890625,
                0.000001847743987926087,
                1
            ],
            "name": "Tail_R4C0"
        },
        "Tail_R5C0": {
            "children": [],
            "matrix": [
                1,
                -4.023313522338867e-7,
                4.768371582048597e-7,
                0,
                4.023311275525021e-7,
                0.9999998211861283,
                3.203749656677246e-7,
                0,
                -4.768372871034876e-7,
                -3.20374831108694e-7,
                0.9999999999999978,
                0,
                12.164398193359375,
                0.00000762939453125,
                9.5367431640625e-7,
                1
            ],
            "name": "Tail_R5C0"
        },
        "Thumb_0_L": {
            "children": [
                "Thumb_1_L"
            ],
            "matrix": [
                0.7629274725914003,
                0.5171684026718142,
                -0.3879156112670898,
                0,
                -0.18692132114345025,
                0.7508752240318394,
                0.6334406813439207,
                0,
                0.6188717825000715,
                -0.41075963642466157,
                0.6695331981632762,
                0,
                7.402768611907962,
                0.07152175903321023,
                -5.668376922607422,
                1
            ],
            "name": "Thumb_0_L"
        },
        "Thumb_0_R": {
            "children": [
                "Thumb_1_R"
            ],
            "matrix": [
                0.7629275321960455,
                0.5171684622764591,
                -0.38791543245315585,
                0,
                -0.1869216509292861,
                0.7508752154646919,
                0.6334403999654279,
                0,
                0.6188714146444889,
                -0.410759283697482,
                0.6695332855496859,
                0,
                -7.402766704559325,
                -0.0715026855468679,
                5.668365478515632,
                1
            ],
            "name": "Thumb_0_R"
        },
        "Thumb_1_L": {
            "children": [],
            "matrix": [
                0.9999998807907104,
                8.940696721859709e-8,
                2.8312206268310547e-7,
                0,
                -8.940693352332829e-8,
                0.9999998807907103,
                -1.192092896062924e-7,
                0,
                -2.8312202263180986e-7,
                1.1920924286590306e-7,
                0.9999997019768565,
                0,
                7.565299987792969,
                -0.000003814697269177714,
                0.00000762939453125,
                1
            ],
            "name": "Thumb_1_L"
        },
        "Thumb_1_R": {
            "children": [],
            "matrix": [
                0.9999999999999999,
                8.940696732961939e-8,
                4.470348369256527e-8,
                0,
                -8.940698459358742e-8,
                0.9999999403953588,
